0	6	7	1	3	5	2	4	0	0	0	0	0	0	0	0	0	0	0	0
3	36	1	2	1	1	2	1	1	5	2	5	1	1.0392744	1	4956.8453	4957.4454	4957.4457	4957.646	4958.485
3	36	1	2	2	1	2	1	2	1	1	4	1	0.72058297	2	4959.4617	4959.6619	4959.662	4959.8623	4960.3826
3	36	1	2	3	1	2	1	3	4	2	5	1	0.46233966	3	4961.7061	4962.3061	4962.3061	4962.5061	4962.7684
3	36	1	2	4	1	2	1	4	6	1	5	1	0.49328995	4	4964.3131	4964.5131	4964.5131	4964.7131	4965.0064
3	36	1	2	5	1	2	1	5	6	2	5	1	0.44708083	5	4966.5194	4967.1194	4967.1194	4967.3194	4967.5665
3	36	1	2	6	1	2	1	6	1	2	4	1	0.5756002	6	4969.1248	4969.7249	4969.7249	4969.9249	4970.3005
3	36	1	2	7	1	2	1	7	6	2	5	1	0.4770076	7	4971.7313	4972.3313	4972.3313	4972.5313	4972.8083
3	36	1	2	8	1	2	1	8	5	2	5	1	0.53565389	8	4974.3371	4974.9371	4974.9371	4975.1371	4975.4728
3	36	1	2	9	1	2	1	9	2	2	4	1	0.73623917	9	4976.9429	4977.5429	4977.5429	4977.7429	4978.2791
3	36	1	2	10	1	2	1	10	2	1	4	1	0.59659841	10	4979.5488	4979.7488	4979.7488	4979.9489	4980.3454
3	36	1	2	11	1	2	1	11	4	2	5	1	0.66615235	11	4981.7551	4982.3551	4982.3551	4982.5551	4983.0212
3	36	1	2	12	1	2	1	12	5	2	5	1	0.5101056	12	4984.3614	4984.9614	4984.9614	4985.1614	4985.4715
3	36	1	2	13	1	2	1	13	3	1	5	0	0.60556254	12	4986.967	4987.167	4987.167	4987.3671	4987.7726
3	36	1	2	14	1	2	1	14	4	1	5	1	0.92541785	13	4989.4822	4989.6822	4989.6822	4989.8822	4990.6076
3	36	1	2	15	1	2	1	15	3	2	4	1	0.59666267	14	4991.6885	4992.2885	4992.2885	4992.4886	4992.8852
3	36	1	2	16	1	2	1	16	6	2	5	1	0.52071459	15	4994.2946	4994.8946	4994.8946	4995.0946	4995.4153
3	36	1	2	17	1	2	1	17	3	1	4	1	0.42433263	16	4996.9047	4997.1047	4997.1047	4997.3047	4997.529
3	36	1	2	18	1	2	1	18	4	1	5	1	0.38554587	17	4999.1102	4999.3102	4999.3102	4999.5102	4999.6957
3	36	1	2	19	1	2	1	19	3	1	4	1	0.495758	18	5001.3164	5001.5164	5001.5164	5001.7165	5002.0122
3	36	1	2	20	1	2	1	20	4	2	5	1	0.39787297	19	5003.5224	5004.1224	5004.1224	5004.3224	5004.5203
3	36	1	2	21	1	2	1	21	2	1	4	1	0.38324703	20	5006.1286	5006.3286	5006.3286	5006.5287	5006.7118
3	36	1	2	22	1	2	1	22	2	1	4	1	0.55120151	21	5008.3348	5008.5348	5008.5348	5008.7348	5009.086
3	36	1	2	23	1	2	1	23	5	1	5	1	0.50278722	22	5010.5415	5010.7415	5010.7415	5010.9415	5011.2443
3	36	1	2	24	1	2	1	24	6	2	4	0	0.36137076	22	5012.7477	5013.3477	5013.3477	5013.5477	5013.7091
3	36	1	2	25	1	2	1	25	2	1	4	1	0.846042	23	5015.6588	5015.8588	5015.8588	5016.0588	5016.7049
3	36	1	2	26	1	2	1	26	1	2	4	1	0.58987785	24	5017.8655	5018.4655	5018.4655	5018.6655	5019.0554
3	36	1	2	27	1	2	1	27	5	1	5	1	0.48069082	25	5020.4717	5020.6717	5020.6717	5020.8717	5021.1524
3	36	1	2	28	1	2	1	28	3	1	5	0	0.67158606	25	5022.6886	5022.8887	5022.8887	5023.0887	5023.5603
3	36	1	2	29	1	2	1	29	1	2	4	1	0.63957294	26	5025.1998	5025.7998	5025.7998	5025.9998	5026.4394
3	36	1	2	30	1	2	1	30	1	1	4	1	0.58307187	27	5027.8062	5028.0062	5028.0063	5028.2063	5028.5894
3	36	1	2	31	1	6	1	1	2	2	2	1	1.6018203	1	5094.3727	5094.9729	5094.973	5095.1732	5096.5748
3	36	1	2	32	1	6	1	2	4	1	7	0	1.9999966	1	5096.9827	5097.1827	5097.1828	5097.3828	5099.1827
3	36	1	2	33	1	6	1	3	1	2	1	1	1.4191838	2	5099.5029	5100.1029	5100.1029	5100.3029	5101.5221
3	36	1	2	34	1	6	1	4	3	1	3	1	1.1442512	3	5102.1094	5102.3094	5102.3095	5102.5095	5103.4537
3	36	1	2	35	1	6	1	5	4	2	7	0	1.3308977	3	5104.3165	5104.9166	5104.9166	5105.1166	5106.2475
3	36	1	2	36	1	6	1	6	3	2	3	1	1.1154429	4	5107.228	5107.828	5107.828	5108.028	5108.9434
3	36	1	2	37	1	6	1	7	5	2	7	1	1.4037991	5	5109.8344	5110.4344	5110.4344	5110.6344	5111.8382
3	36	1	2	38	1	6	1	8	1	2	1	1	0.87970901	6	5112.441	5113.041	5113.041	5113.241	5113.9207
3	36	1	2	39	1	6	1	9	3	2	3	1	1.1183322	7	5115.0479	5115.6479	5115.6479	5115.8479	5116.7663
3	36	1	2	40	1	6	1	10	2	1	6	0	1.6736206	7	5117.6549	5117.8549	5117.8549	5118.0549	5119.5285
3	36	1	2	41	1	6	1	11	6	2	8	1	1.2626133	8	5120.1676	5120.7677	5120.7677	5120.9677	5122.0303
3	36	1	2	42	1	6	1	12	2	2	2	1	1.6482842	9	5122.7759	5123.376	5123.376	5123.576	5125.0242
3	36	1	2	43	1	6	1	13	6	1	8	1	1.3352248	10	5125.3831	5125.5831	5125.5831	5125.7831	5126.9183
3	36	1	2	44	1	6	1	14	5	1	7	1	1.1705417	11	5127.5899	5127.7899	5127.7899	5127.9899	5128.9604
3	36	1	2	45	1	6	1	15	4	2	6	1	1.3693495	12	5129.7971	5130.3972	5130.3972	5130.5972	5131.7665
3	36	1	2	46	1	6	1	16	1	2	1	1	0.87686686	13	5132.4038	5133.0038	5133.0039	5133.2039	5133.8807
3	36	1	2	47	1	6	1	17	6	1	7	0	1.6992538	13	5135.0111	5135.2111	5135.2112	5135.4112	5136.9104
3	36	1	2	48	1	6	1	18	6	1	3	0	1.106815	13	5137.5247	5137.7248	5137.7248	5137.9248	5138.8316
3	36	1	2	49	1	6	1	19	6	1	6	0	0.91526638	13	5140.0414	5140.2414	5140.2415	5140.4415	5141.1567
3	36	1	2	50	1	6	1	20	5	2	7	1	1.2042154	14	5142.5554	5143.1554	5143.1554	5143.3555	5144.3596
3	36	1	2	51	1	6	1	21	3	1	3	1	1.3582637	15	5145.1625	5145.3625	5145.3626	5145.5626	5146.7209
3	36	1	2	52	1	6	1	22	2	1	2	1	1.758623	16	5147.3694	5147.5695	5147.5695	5147.7695	5149.3281
3	36	1	2	53	1	6	1	23	2	1	2	1	0.63940266	17	5149.5769	5149.7769	5149.7769	5149.9769	5150.4163
3	36	1	2	54	1	6	1	24	1	2	1	1	0.79234135	18	5151.828	5152.428	5152.428	5152.628	5153.2203
3	36	1	2	55	1	6	1	25	5	1	7	1	1.0586933	19	5154.4356	5154.6356	5154.6356	5154.8356	5155.6943
3	36	1	2	56	1	6	1	26	5	2	7	1	0.73989039	20	5156.6433	5157.2433	5157.2433	5157.4433	5157.9832
3	36	1	2	57	1	6	1	27	4	1	6	1	1.6761201	21	5159.2513	5159.4513	5159.4513	5159.6513	5161.1274
3	36	1	2	58	1	6	1	28	1	1	1	1	0.81746587	22	5161.4593	5161.6593	5161.6593	5161.8593	5162.4768
3	36	1	2	59	1	6	1	29	3	2	8	0	0.60509955	22	5163.6675	5164.2675	5164.2675	5164.4675	5164.8726
3	36	1	2	60	1	6	1	30	4	1	7	0	1.2668833	22	5166.5899	5166.7899	5166.7899	5166.9899	5168.0568
3	36	1	2	61	1	2	2	1	2	2	5	0	0.74343813	0	5181.0413	5181.6414	5181.6414	5181.8414	5182.3848
3	36	1	2	62	1	2	2	2	3	1	4	1	0.59391967	1	5183.9578	5184.1578	5184.1578	5184.3578	5184.7518
3	36	1	2	63	1	2	2	3	4	2	5	1	0.61751793	2	5186.166	5186.766	5186.766	5186.966	5187.3835
3	36	1	2	64	1	2	2	4	2	1	4	1	0.79894422	3	5188.7741	5188.9741	5188.9742	5189.1742	5189.7731
3	36	1	2	65	1	2	2	5	5	2	5	1	0.84739312	4	5190.9819	5191.582	5191.582	5191.782	5192.4294
3	36	1	2	66	1	2	2	6	3	2	4	1	0.51186253	5	5193.5897	5194.1897	5194.1898	5194.3898	5194.7017
3	36	1	2	67	1	2	2	7	1	2	4	1	0.62507074	6	5196.1974	5196.7975	5196.7975	5196.9975	5197.4225
3	36	1	2	68	1	2	2	8	4	2	5	1	0.46501907	7	5198.8058	5199.4058	5199.4058	5199.6058	5199.8708
3	36	1	2	69	1	2	2	9	5	2	5	1	0.52774451	8	5201.4135	5202.0135	5202.0135	5202.2135	5202.5413
3	36	1	2	70	1	2	2	10	1	1	4	1	0.73783282	9	5204.0213	5204.2213	5204.2213	5204.4213	5204.9591
3	36	1	2	71	1	2	2	11	6	2	5	1	0.56871695	10	5206.2293	5206.8293	5206.8293	5207.0293	5207.398
3	36	1	2	72	1	2	2	12	3	2	4	1	0.5660566	11	5208.8712	5209.4712	5209.4713	5209.6713	5210.0374
3	36	1	2	73	1	2	2	13	3	1	4	1	0.56020979	12	5211.4794	5211.6795	5211.6795	5211.8796	5212.2397
3	36	1	2	74	1	2	2	14	1	1	4	1	0.4603394	13	5213.6893	5213.8893	5213.8893	5214.0893	5214.3496
3	36	1	2	75	1	2	2	15	2	2	4	1	0.67772393	14	5215.8976	5216.4976	5216.4976	5216.6977	5217.1754
3	36	1	2	76	1	2	2	16	4	2	5	1	0.5375703	15	5218.5061	5219.1061	5219.1061	5219.3061	5219.6437
3	36	1	2	77	1	2	2	17	2	1	5	0	0.60497915	15	5221.1145	5221.3145	5221.3145	5221.5145	5221.9194
3	36	1	2	78	1	2	2	18	3	1	5	0	0.97861599	15	5223.6362	5223.8362	5223.8362	5224.0362	5224.8148
3	36	1	2	79	1	2	2	19	6	1	5	1	0.81017703	16	5226.1485	5226.3485	5226.3485	5226.5485	5227.1587
3	36	1	2	80	1	2	2	20	6	2	5	1	0.56120327	17	5228.3567	5228.9567	5228.9567	5229.1567	5229.5179
3	36	1	2	81	1	2	2	21	5	1	5	1	0.4729375	18	5230.9653	5231.1653	5231.1653	5231.3653	5231.6383
3	36	1	2	82	1	2	2	22	1	1	4	1	0.85721534	19	5233.174	5233.374	5233.374	5233.574	5234.2313
3	36	1	2	83	1	2	2	23	1	1	4	1	0.58384264	20	5235.3829	5235.5829	5235.5829	5235.7829	5236.1667
3	36	1	2	84	1	2	2	24	5	2	5	1	0.48729636	21	5237.5919	5238.1919	5238.1919	5238.3919	5238.6792
3	36	1	2	85	1	2	2	25	2	1	5	0	0.90038686	21	5240.2004	5240.4004	5240.4005	5240.6005	5241.3008
3	36	1	2	86	1	2	2	26	4	2	5	1	0.85452362	22	5242.7145	5243.3145	5243.3145	5243.5145	5244.169
3	36	1	2	87	1	2	2	27	6	1	5	1	0.54504135	23	5245.3233	5245.5233	5245.5233	5245.7233	5246.0684
3	36	1	2	88	1	2	2	28	6	1	5	1	0.63491288	24	5247.5322	5247.7322	5247.7322	5247.9322	5248.3671
3	36	1	2	89	1	2	2	29	4	2	5	1	0.47415189	25	5249.7414	5250.3414	5250.3414	5250.5414	5250.8155
3	36	1	2	90	1	2	2	30	5	1	5	1	0.44055749	26	5252.3501	5252.5501	5252.5501	5252.7501	5252.9907
3	36	1	2	91	1	6	2	1	1	2	1	1	1.0886127	1	5286.1294	5286.7294	5286.7294	5286.9294	5287.818
3	36	1	2	92	1	6	2	2	2	1	2	1	1.1066569	2	5288.7386	5288.9386	5288.9386	5289.1386	5290.0453
3	36	1	2	93	1	6	2	3	2	2	2	1	0.69737405	3	5290.948	5291.548	5291.548	5291.748	5292.2453
3	36	1	2	94	1	6	2	4	6	1	8	1	1.8961283	4	5293.5568	5293.7568	5293.7568	5293.9568	5295.653
3	36	1	2	95	1	6	2	5	4	2	7	0	1.1051066	4	5295.7665	5296.3665	5296.3665	5296.5665	5297.4716
3	36	1	2	96	1	6	2	6	3	2	3	1	1.1717975	5	5298.688	5299.288	5299.288	5299.488	5300.4598
3	36	1	2	97	1	6	2	7	5	2	7	1	0.77405889	6	5301.2973	5301.8973	5301.8973	5302.0973	5302.6714
3	36	1	2	98	1	6	2	8	1	2	1	1	0.85001539	7	5303.9067	5304.5067	5304.5067	5304.7067	5305.3567
3	36	1	2	99	1	6	2	9	6	2	2	0	1.5548613	7	5306.516	5307.116	5307.116	5307.316	5308.6709
3	36	1	2	100	1	6	2	10	6	1	8	1	0.59001469	8	5309.4309	5309.631	5309.631	5309.831	5310.221
3	36	1	2	101	1	6	2	11	3	2	3	1	1.4061139	9	5311.6409	5312.241	5312.241	5312.4411	5313.6472
3	36	1	2	102	1	6	2	12	4	2	7	0	1.4576269	9	5314.2505	5314.8505	5314.8506	5315.0506	5316.3082
3	36	1	2	103	1	6	2	13	4	1	6	1	0.56903335	10	5317.1673	5317.3674	5317.3674	5317.5674	5317.9364
3	36	1	2	104	1	6	2	14	3	1	3	1	0.75606758	11	5319.3766	5319.5766	5319.5766	5319.7766	5320.3327
3	36	1	2	105	1	6	2	15	1	2	1	1	1.3400351	12	5321.586	5322.186	5322.1861	5322.3861	5323.5261
3	36	1	2	106	1	6	2	16	1	2	1	1	0.70426333	13	5324.1992	5324.7993	5324.7993	5324.9993	5325.5036
3	36	1	2	107	1	6	2	17	5	1	7	1	0.85564999	14	5326.8093	5327.0093	5327.0093	5327.2093	5327.865
3	36	1	2	108	1	6	2	18	4	1	6	1	1.3070175	15	5329.019	5329.219	5329.2191	5329.4191	5330.5261
3	36	1	2	109	1	6	2	19	6	1	2	0	1.2517894	15	5331.2284	5331.4284	5331.4284	5331.6285	5332.6802
3	36	1	2	110	1	6	2	20	2	2	2	1	1.6194655	16	5333.7455	5334.3455	5334.3455	5334.5455	5335.965
3	36	1	2	111	1	6	2	21	1	1	1	1	1.1814891	17	5336.355	5336.555	5336.555	5336.755	5337.7365
3	36	1	2	112	1	6	2	22	3	1	3	1	1.1614411	18	5338.5648	5338.7648	5338.7648	5338.9648	5339.9262
3	36	1	2	113	1	6	2	23	3	1	3	1	0.64853963	19	5340.775	5340.975	5340.975	5341.175	5341.6235
3	36	1	2	114	1	6	2	24	6	2	7	0	1.0356358	19	5342.9848	5343.5848	5343.5848	5343.7848	5344.6204
3	36	1	2	115	1	6	2	25	5	1	7	1	0.9464345	20	5345.901	5346.101	5346.101	5346.301	5347.0474
3	36	1	2	116	1	6	2	26	5	2	7	1	0.75098837	21	5348.1114	5348.7114	5348.7114	5348.9114	5349.4624
3	36	1	2	117	1	6	2	27	4	1	6	1	1.4037226	22	5350.7214	5350.9214	5350.9214	5351.1214	5352.3251
3	36	1	2	118	1	6	2	28	2	1	2	1	1.2685933	23	5352.9315	5353.1315	5353.1315	5353.3315	5354.4001
3	36	1	2	119	1	6	2	29	2	2	2	1	0.60868309	24	5355.1421	5355.7421	5355.7421	5355.9421	5356.3508
3	36	1	2	120	1	6	2	30	5	1	7	1	0.76491107	25	5357.7519	5357.9519	5357.9519	5358.1519	5358.7168
3	36	1	2	121	1	2	3	1	2	2	4	1	0.66901355	1	5369.2198	5369.8198	5369.8198	5370.0198	5370.4888
3	36	1	2	122	1	2	3	2	2	1	4	1	0.59741957	2	5371.8304	5372.0304	5372.0304	5372.2304	5372.6279
3	36	1	2	123	1	2	3	3	6	2	5	1	0.43037078	3	5374.0411	5374.6411	5374.6411	5374.8411	5375.0715
3	36	1	2	124	1	2	3	4	2	1	5	0	0.48678813	3	5376.6516	5376.8516	5376.8516	5377.0516	5377.3383
3	36	1	2	125	1	2	3	5	4	2	5	1	0.69571441	4	5379.1751	5379.7751	5379.7752	5379.9752	5380.4709
3	36	1	2	126	1	2	3	6	4	2	5	1	0.54383487	5	5381.7889	5382.3891	5382.3891	5382.5891	5382.9329
3	36	1	2	127	1	2	3	7	5	2	5	1	0.67287268	6	5384.3989	5384.9989	5384.9989	5385.1989	5385.6718
3	36	1	2	128	1	2	3	8	6	2	5	1	0.47124997	7	5387.0089	5387.6089	5387.6089	5387.8089	5388.0802
3	36	1	2	129	1	2	3	9	6	2	5	1	0.45175239	8	5389.6195	5390.2195	5390.2195	5390.4195	5390.6713
3	36	1	2	130	1	2	3	10	4	1	5	1	0.53651686	9	5392.3222	5392.5222	5392.5222	5392.7222	5393.0588
3	36	1	2	131	1	2	3	11	1	2	4	1	0.57627606	10	5394.5361	5395.1361	5395.1362	5395.3362	5395.7124
3	36	1	2	132	1	2	3	12	2	2	4	1	0.70060728	11	5397.1471	5397.7471	5397.7471	5397.9471	5398.4477
3	36	1	2	133	1	2	3	13	3	1	4	1	0.67228778	12	5399.7575	5399.9575	5399.9575	5400.1575	5400.6298
3	36	1	2	134	1	2	3	14	1	1	4	1	0.59622097	13	5401.9682	5402.1682	5402.1682	5402.3682	5402.7644
3	36	1	2	135	1	2	3	15	5	2	5	1	0.91774645	14	5404.1791	5404.7791	5404.7792	5404.9792	5405.6969
3	36	1	2	136	1	2	3	16	4	2	5	1	0.70201843	15	5406.7902	5407.3902	5407.3902	5407.5902	5408.0923
3	36	1	2	137	1	2	3	17	6	1	5	1	0.47535766	16	5409.4015	5409.6015	5409.6015	5409.8015	5410.0768
3	36	1	2	138	1	2	3	18	5	1	5	1	0.5325703	17	5411.6124	5411.8124	5411.8125	5412.0125	5412.345
3	36	1	2	139	1	2	3	19	6	1	5	1	0.46323906	18	5413.8234	5414.0234	5414.0234	5414.2234	5414.4866
3	36	1	2	140	1	2	3	20	3	2	4	1	0.75044346	19	5416.0346	5416.6346	5416.6346	5416.8346	5417.385
3	36	1	2	141	1	2	3	21	5	1	5	1	0.52773627	20	5418.6455	5418.8455	5418.8455	5419.0455	5419.3733
3	36	1	2	142	1	2	3	22	2	1	4	1	0.4774919	21	5420.8561	5421.0562	5421.0562	5421.2562	5421.5336
3	36	1	2	143	1	2	3	23	4	1	5	1	0.47408303	22	5423.0673	5423.2673	5423.2673	5423.4673	5423.7414
3	36	1	2	144	1	2	3	24	5	2	4	0	0.54609212	22	5425.3644	5425.9644	5425.9644	5426.1644	5426.5105
3	36	1	2	145	1	2	3	25	1	1	4	1	0.79083675	23	5428.3631	5428.5632	5428.5632	5428.7632	5429.354
3	36	1	2	146	1	2	3	26	1	2	4	1	0.59077097	24	5430.5746	5431.1746	5431.1746	5431.3746	5431.7654
3	36	1	2	147	1	2	3	27	3	1	4	1	0.55038805	25	5433.1859	5433.3859	5433.3859	5433.5859	5433.9363
3	36	1	2	148	1	2	3	28	3	1	4	1	0.56163137	26	5435.3967	5435.5967	5435.5967	5435.7967	5436.1584
3	36	1	2	149	1	2	3	29	1	2	4	1	0.47606076	27	5437.6078	5438.2078	5438.2078	5438.4078	5438.6839
3	36	1	2	150	1	2	3	30	3	1	4	1	0.42911995	28	5440.219	5440.419	5440.419	5440.619	5440.8482
3	36	1	2	151	1	6	3	1	2	2	2	1	1.1506438	1	5456.6811	5457.2811	5457.2811	5457.4811	5458.4318
3	36	1	2	152	1	6	3	2	1	1	1	1	0.82043826	2	5459.2925	5459.4925	5459.4925	5459.6925	5460.3129
3	36	1	2	153	1	6	3	3	3	2	3	1	1.0374423	3	5461.5038	5462.1038	5462.1038	5462.3038	5463.1412
3	36	1	2	154	1	6	3	4	1	1	1	1	0.7564024	4	5464.1155	5464.3155	5464.3155	5464.5155	5465.0719
3	36	1	2	155	1	6	3	5	5	2	7	1	0.71078404	5	5466.3269	5466.9269	5466.9269	5467.1269	5467.6377
3	36	1	2	156	1	6	3	6	4	2	6	1	0.64842522	6	5468.9409	5469.541	5469.541	5469.741	5470.1894
3	36	1	2	157	1	6	3	7	5	2	7	1	1.1021828	7	5471.5523	5472.1523	5472.1523	5472.3523	5473.2545
3	36	1	2	158	1	6	3	8	6	2	2	0	1.195993	7	5474.1642	5474.7642	5474.7642	5474.9643	5475.9602
3	36	1	2	159	1	6	3	9	3	2	3	1	1.2906341	8	5477.0895	5477.6895	5477.6895	5477.8895	5478.9801
3	36	1	2	160	1	6	3	10	6	1	8	1	1.2723191	9	5479.7012	5479.9012	5479.9012	5480.1012	5481.1735
3	36	1	2	161	1	6	3	11	2	2	1	0	2.0004736	9	5481.9132	5482.5132	5482.5132	5482.7132	5484.5137
3	36	1	2	162	1	6	3	12	6	2	8	1	1.2082888	10	5484.8374	5485.4374	5485.4374	5485.6374	5486.6457
3	36	1	2	163	1	6	3	13	1	1	1	1	0.91055043	11	5487.4499	5487.6499	5487.6499	5487.85	5488.5605
3	36	1	2	164	1	6	3	14	2	1	2	1	1.5617255	12	5489.6617	5489.8617	5489.8617	5490.0617	5491.4234
3	36	1	2	165	1	6	3	15	2	2	2	1	0.67442296	13	5491.8737	5492.4738	5492.4738	5492.6738	5493.1482
3	36	1	2	166	1	6	3	16	4	2	6	1	1.3123559	14	5494.4859	5495.0859	5495.0859	5495.2859	5496.3983
3	36	1	2	167	1	6	3	17	3	1	3	1	1.770848	15	5497.098	5497.298	5497.298	5497.498	5499.0688
3	36	1	2	168	1	6	3	18	3	1	3	1	0.62699771	16	5499.3098	5499.5098	5499.5098	5499.7098	5500.1368
3	36	1	2	169	1	6	3	19	4	1	7	0	0.82104304	16	5501.5218	5501.7218	5501.7218	5501.9219	5502.5429
3	36	1	2	170	1	6	3	20	6	2	3	0	1.200303	16	5504.0368	5504.6368	5504.6368	5504.8368	5505.8371
3	36	1	2	171	1	6	3	21	5	1	7	1	0.8665109	17	5506.9551	5507.1551	5507.1551	5507.3551	5508.0216
3	36	1	2	172	1	6	3	22	6	1	8	1	1.1096854	18	5509.1678	5509.3678	5509.3678	5509.5678	5510.4775
3	36	1	2	173	1	6	3	23	1	1	1	1	0.88335103	19	5511.3798	5511.5798	5511.5798	5511.7798	5512.4632
3	36	1	2	174	1	6	3	24	3	2	3	1	1.5729454	20	5513.5917	5514.1917	5514.1917	5514.3917	5515.7646
3	36	1	2	175	1	6	3	25	5	1	7	1	0.77820208	21	5516.204	5516.404	5516.404	5516.604	5517.1822
3	36	1	2	176	1	6	3	26	4	2	6	1	1.5598145	22	5518.4463	5519.0463	5519.0463	5519.2463	5520.6061
3	36	1	2	177	1	6	3	27	1	1	1	1	1.3160019	23	5521.0589	5521.2589	5521.2589	5521.459	5522.5749
3	36	1	2	178	1	6	3	28	4	1	6	1	0.72816571	24	5523.2714	5523.4714	5523.4714	5523.6714	5524.1996
3	36	1	2	179	1	6	3	29	2	2	2	1	0.94731985	25	5525.4841	5526.0841	5526.0841	5526.2841	5527.0315
3	36	1	2	180	1	6	3	30	5	1	7	1	0.91731893	26	5528.0966	5528.2966	5528.2966	5528.4966	5529.2139
3	36	1	2	181	2	2	4	1	6	2	5	1	0.71596224	1	5894.7052	5895.3052	5895.3052	5895.5052	5896.0212
3	36	1	2	182	2	2	4	2	5	1	5	1	0.54551679	2	5897.3181	5897.5181	5897.5181	5897.7181	5898.0636
3	36	1	2	183	2	2	4	3	4	2	5	1	0.51614577	3	5899.5305	5900.1305	5900.1305	5900.3305	5900.6466
3	36	1	2	184	2	2	4	4	1	1	4	1	0.52579208	4	5902.1436	5902.3436	5902.3436	5902.5436	5902.8694
3	36	1	2	185	2	2	4	5	3	2	4	1	0.65658682	5	5904.3561	5904.9561	5904.9562	5905.1562	5905.6127
3	36	1	2	186	2	2	4	6	6	2	5	1	0.824143	6	5906.9686	5907.5686	5907.5686	5907.7686	5908.3927
3	36	1	2	187	2	2	4	7	1	2	4	1	0.56784547	7	5909.5813	5910.1813	5910.1813	5910.3813	5910.7491
3	36	1	2	188	2	2	4	8	5	2	5	1	0.74875136	8	5912.1942	5912.7942	5912.7942	5912.9943	5913.543
3	36	1	2	189	2	2	4	9	2	2	5	0	0.80028249	8	5914.8078	5915.4078	5915.4078	5915.6078	5916.2081
3	36	1	2	190	2	2	4	10	5	1	5	1	1.2408752	9	5917.4205	5917.6205	5917.6205	5917.8205	5918.8613
3	36	1	2	191	2	2	4	11	6	2	5	1	0.43800438	10	5919.6338	5920.2338	5920.2338	5920.4338	5920.6718
3	36	1	2	192	2	2	4	12	5	2	5	1	0.42234156	11	5922.2492	5922.8492	5922.8492	5923.0492	5923.2715
3	36	1	2	193	2	2	4	13	2	1	4	1	0.63784134	12	5924.8625	5925.0625	5925.0625	5925.2625	5925.7003
3	36	1	2	194	2	2	4	14	6	1	5	1	0.78587819	13	5927.0758	5927.2758	5927.2758	5927.4758	5928.0616
3	36	1	2	195	2	2	4	15	6	2	5	1	0.46775651	14	5929.2887	5929.8887	5929.8887	5930.0887	5930.3564
3	36	1	2	196	2	2	4	16	4	2	5	1	0.61728103	15	5931.9022	5932.5022	5932.5022	5932.7022	5933.1195
3	36	1	2	197	2	2	4	17	2	1	4	1	0.66869585	16	5934.5155	5934.7155	5934.7155	5934.9155	5935.3842
3	36	1	2	198	2	2	4	18	5	1	5	1	0.58714386	17	5936.7298	5936.9298	5936.9298	5937.1298	5937.5169
3	36	1	2	199	2	2	4	19	1	1	4	1	0.67515808	18	5939.0122	5939.2122	5939.2122	5939.4122	5939.8874
3	36	1	2	200	2	2	4	20	3	2	5	0	0.57203037	18	5941.2256	5941.8256	5941.8256	5942.0256	5942.3976
3	36	1	2	201	2	2	4	21	4	1	4	0	0.68540868	18	5943.8393	5944.0393	5944.0393	5944.2394	5944.7247
3	36	1	2	202	2	2	4	22	4	1	5	1	0.91328534	19	5946.0528	5946.2528	5946.2528	5946.4528	5947.166
3	36	1	2	203	2	2	4	23	2	1	4	1	0.43513989	20	5948.2665	5948.4665	5948.4666	5948.6666	5948.9017
3	36	1	2	204	2	2	4	24	3	2	4	1	0.61171086	21	5950.4803	5951.0803	5951.0803	5951.2803	5951.692
3	36	1	2	205	2	2	4	25	3	1	4	1	0.61017949	22	5953.0941	5953.2941	5953.2941	5953.4941	5953.9042
3	36	1	2	206	2	2	4	26	3	2	4	1	0.48484084	23	5955.308	5955.908	5955.908	5956.108	5956.3928
3	36	1	2	207	2	2	4	27	2	1	4	1	0.65876452	24	5957.922	5958.122	5958.122	5958.322	5958.7808
3	36	1	2	208	2	2	4	28	1	1	4	1	0.50324629	25	5960.1365	5960.3365	5960.3365	5960.5365	5960.8398
3	36	1	2	209	2	2	4	29	1	2	4	1	0.49429491	26	5962.3504	5962.9504	5962.9504	5963.1505	5963.4447
3	36	1	2	210	2	2	4	30	4	1	5	1	0.57871858	27	5964.964	5965.164	5965.164	5965.364	5965.7427
3	36	1	2	211	2	6	4	1	5	2	7	1	0.59798403	1	5995.3839	5995.9839	5995.9839	5996.1839	5996.5818
3	36	1	2	212	2	6	4	2	6	1	8	1	0.90191423	2	5997.9981	5998.1981	5998.1981	5998.3981	5999.1
3	36	1	2	213	2	6	4	3	3	2	3	1	0.75487619	3	6000.2122	6000.8123	6000.8123	6001.0123	6001.5671
3	36	1	2	214	2	6	4	4	1	1	1	1	0.80506104	4	6002.8267	6003.0267	6003.0267	6003.2267	6003.8317
3	36	1	2	215	2	6	4	5	3	2	1	0	1.0978015	4	6005.078	6005.678	6005.678	6005.878	6006.7758
3	36	1	2	216	2	6	4	6	5	2	7	1	0.69806199	5	6007.6917	6008.2917	6008.2917	6008.4917	6008.9898
3	36	1	2	217	2	6	4	7	3	2	2	0	0.81481407	5	6010.306	6010.9061	6010.9061	6011.1061	6011.7209
3	36	1	2	218	2	6	4	8	4	2	6	1	1.0937175	6	6012.9203	6013.5203	6013.5203	6013.7203	6014.614
3	36	1	2	219	2	6	4	9	4	2	6	1	0.60839093	7	6015.5342	6016.1342	6016.1342	6016.3342	6016.7426
3	36	1	2	220	2	6	4	10	6	1	3	0	1.3115092	7	6018.148	6018.348	6018.348	6018.548	6019.6595
3	36	1	2	221	2	6	4	11	2	2	2	1	1.2171191	8	6020.3632	6020.9632	6020.9632	6021.1632	6022.1804
3	36	1	2	222	2	6	4	12	1	2	1	1	0.88545934	9	6022.9775	6023.5775	6023.5775	6023.7775	6024.4629
3	36	1	2	223	2	6	4	13	3	1	3	1	1.8373179	10	6025.5924	6025.7924	6025.7924	6025.9924	6027.6297
3	36	1	2	224	2	6	4	14	5	1	7	1	0.70521386	11	6027.8066	6028.0066	6028.0066	6028.2066	6028.7118
3	36	1	2	225	2	6	4	15	3	2	3	1	0.98442817	12	6030.0213	6030.6213	6030.6213	6030.8213	6031.6057
3	36	1	2	226	2	6	4	16	4	2	6	1	0.74644275	13	6032.6355	6033.2355	6033.2355	6033.4356	6033.982
3	36	1	2	227	2	6	4	17	6	1	8	1	0.96542377	14	6035.2511	6035.4511	6035.4511	6035.6511	6036.4165
3	36	1	2	228	2	6	4	18	6	1	8	1	0.84477155	15	6037.465	6037.665	6037.665	6037.865	6038.5098
3	36	1	2	229	2	6	4	19	1	1	1	1	0.91254557	16	6039.68	6039.88	6039.88	6040.08	6040.7926
3	36	1	2	230	2	6	4	20	2	2	2	1	0.85169402	17	6041.8983	6042.4983	6042.4983	6042.6984	6043.35
3	36	1	2	231	2	6	4	21	2	1	2	1	0.62828926	18	6044.5126	6044.7126	6044.7126	6044.9126	6045.3409
3	36	1	2	232	2	6	4	22	2	1	2	1	0.4886771	19	6046.728	6046.9281	6046.9281	6047.1281	6047.4167
3	36	1	2	233	2	6	4	23	1	1	1	1	1.1849911	20	6048.9426	6049.1426	6049.1426	6049.3426	6050.3276
3	36	1	2	234	2	6	4	24	4	2	6	1	1.043503	21	6051.1573	6051.7573	6051.7573	6051.9573	6052.8008
3	36	1	2	235	2	6	4	25	2	1	1	0	1.2899267	21	6053.7718	6053.9718	6053.9718	6054.1718	6055.2617
3	36	1	2	236	2	6	4	26	5	2	7	1	0.98517908	22	6055.9881	6056.5881	6056.5881	6056.7881	6057.5733
3	36	1	2	237	2	6	4	27	1	1	1	1	1.0836851	23	6058.6027	6058.8027	6058.8027	6059.0027	6059.8864
3	36	1	2	238	2	6	4	28	5	1	7	1	0.80389594	24	6060.8177	6061.0178	6061.0178	6061.2178	6061.8216
3	36	1	2	239	2	6	4	29	6	2	8	1	1.0686874	25	6063.0323	6063.6323	6063.6323	6063.8323	6064.701
3	36	1	2	240	2	6	4	30	4	1	6	1	1.6884738	26	6065.6475	6065.8475	6065.8475	6066.0475	6067.536
3	36	1	2	241	2	2	5	1	6	2	4	0	1.6335383	0	6095.9328	6096.5328	6096.5328	6096.7328	6098.1663
3	36	1	2	242	2	2	5	2	6	1	5	1	0.56117885	1	6098.5485	6098.7485	6098.7485	6098.9485	6099.3097
3	36	1	2	243	2	2	5	3	1	2	4	1	0.78815513	2	6100.7635	6101.3635	6101.3635	6101.5635	6102.1517
3	36	1	2	244	2	2	5	4	4	1	5	1	0.59692421	3	6103.3792	6103.5792	6103.5792	6103.7792	6104.1762
3	36	1	2	245	2	2	5	5	5	2	5	1	0.54806785	4	6105.5943	6106.1943	6106.1943	6106.3943	6106.7424
3	36	1	2	246	2	2	5	6	2	2	4	1	0.62172605	5	6108.2093	6108.8093	6108.8093	6109.0093	6109.431
3	36	1	2	247	2	2	5	7	6	2	5	1	0.72706733	6	6110.8249	6111.4249	6111.4249	6111.6249	6112.152
3	36	1	2	248	2	2	5	8	1	2	4	1	1.0498923	7	6113.4408	6114.0408	6114.0408	6114.2408	6115.0907
3	36	1	2	249	2	2	5	9	3	2	5	0	0.83010409	7	6116.0564	6116.6565	6116.6565	6116.8565	6117.4866
3	36	1	2	250	2	2	5	10	5	1	5	1	1.1353855	8	6118.6718	6118.8718	6118.8718	6119.0718	6120.0072
3	36	1	2	251	2	2	5	11	3	2	4	1	0.50103755	9	6120.8873	6121.4873	6121.4873	6121.6873	6121.9883
3	36	1	2	252	2	2	5	12	5	2	5	1	0.5717254	10	6123.5061	6124.1061	6124.1061	6124.3062	6124.6779
3	36	1	2	253	2	2	5	13	6	1	5	1	0.50814144	11	6126.1221	6126.3221	6126.3221	6126.5221	6126.8302
3	36	1	2	254	2	2	5	14	3	1	4	1	0.64623634	12	6128.3378	6128.5378	6128.5378	6128.7378	6129.1841
3	36	1	2	255	2	2	5	15	4	2	5	1	0.65915564	13	6130.5532	6131.1532	6131.1532	6131.3532	6131.8123
3	36	1	2	256	2	2	5	16	6	2	5	1	0.44462993	14	6133.1683	6133.7683	6133.7683	6133.9683	6134.213
3	36	1	2	257	2	2	5	17	2	1	4	1	0.83172346	15	6135.7841	6135.9841	6135.9841	6136.1841	6136.8158
3	36	1	2	258	2	2	5	18	5	1	5	1	0.50174194	16	6137.9994	6138.1994	6138.1994	6138.3994	6138.7012
3	36	1	2	259	2	2	5	19	3	1	4	1	0.68118816	17	6140.2281	6140.4281	6140.4281	6140.6281	6141.1092
3	36	1	2	260	2	2	5	20	1	2	4	1	0.55342805	18	6142.4445	6143.0445	6143.0445	6143.2445	6143.5979
3	36	1	2	261	2	2	5	21	2	1	4	1	0.59522497	19	6145.061	6145.261	6145.261	6145.461	6145.8562
3	36	1	2	262	2	2	5	22	5	1	5	1	0.51331691	20	6147.277	6147.477	6147.477	6147.677	6147.9903
3	36	1	2	263	2	2	5	23	2	1	5	0	1.2710159	20	6149.4967	6149.6967	6149.6967	6149.8967	6150.9677
3	36	1	2	264	2	2	5	24	1	2	4	1	0.573043	21	6151.713	6152.3131	6152.3131	6152.5131	6152.8861
3	36	1	2	265	2	2	5	25	1	1	4	1	0.60400713	22	6154.3298	6154.5298	6154.5298	6154.7298	6155.1338
3	36	1	2	266	2	2	5	26	4	2	5	1	0.66936619	23	6156.5461	6157.1461	6157.1461	6157.3461	6157.8155
3	36	1	2	267	2	2	5	27	4	1	5	1	0.63353151	24	6159.1632	6159.3632	6159.3632	6159.5632	6159.9967
3	36	1	2	268	2	2	5	28	3	1	4	1	0.54374297	25	6161.3795	6161.5795	6161.5795	6161.7795	6162.1233
3	36	1	2	269	2	2	5	29	4	2	5	1	0.45843326	26	6163.5963	6164.1963	6164.1963	6164.3963	6164.6547
3	36	1	2	270	2	2	5	30	2	1	5	0	0.67189754	26	6166.213	6166.413	6166.413	6166.613	6167.0849
3	36	1	2	271	2	6	5	1	2	2	2	1	1.1903375	1	6196.8405	6197.4405	6197.4405	6197.6405	6198.6309
3	36	1	2	272	2	6	5	2	1	1	1	1	0.98346171	2	6199.4573	6199.6573	6199.6573	6199.8573	6200.6408
3	36	1	2	273	2	6	5	3	1	2	1	1	0.73306947	3	6201.6741	6202.2741	6202.2742	6202.4742	6203.0073
3	36	1	2	274	2	6	5	4	5	1	7	1	0.82523841	4	6204.291	6204.4911	6204.4911	6204.6911	6205.3163
3	36	1	2	275	2	6	5	5	2	2	2	1	1.4901419	5	6206.5082	6207.1082	6207.1082	6207.3082	6208.5983
3	36	1	2	276	2	6	5	6	2	2	2	1	0.71312161	6	6209.1245	6209.7245	6209.7245	6209.9245	6210.4376
3	36	1	2	277	2	6	5	7	3	2	3	1	1.358283	7	6211.7423	6212.3423	6212.3423	6212.5423	6213.7006
3	36	1	2	278	2	6	5	8	4	2	6	1	0.61640547	8	6214.36	6214.96	6214.96	6215.16	6215.5764
3	36	1	2	279	2	6	5	9	4	2	6	1	0.47063354	9	6216.9772	6217.5772	6217.5772	6217.7772	6218.0478
3	36	1	2	280	2	6	5	10	4	1	6	1	0.57690454	10	6219.5937	6219.7937	6219.7937	6219.9937	6220.3706
3	36	1	2	281	2	6	5	11	6	2	7	0	1.6110244	10	6221.8103	6222.4103	6222.4103	6222.6103	6224.0213
3	36	1	2	282	2	6	5	12	3	2	1	0	0.932953	10	6224.4276	6225.0276	6225.0276	6225.2276	6225.9605
3	36	1	2	283	2	6	5	13	2	1	2	1	1.331279	11	6227.0444	6227.2444	6227.2444	6227.4445	6228.5757
3	36	1	2	284	2	6	5	14	5	1	7	1	0.99967094	12	6229.2611	6229.4611	6229.4612	6229.6612	6230.4608
3	36	1	2	285	2	6	5	15	6	2	8	1	0.79787283	13	6231.4785	6232.0785	6232.0785	6232.2785	6232.8764
3	36	1	2	286	2	6	5	16	3	2	3	1	1.0851953	14	6234.0952	6234.6952	6234.6952	6234.8952	6235.7804
3	36	1	2	287	2	6	5	17	2	1	2	1	1.5721433	15	6236.7128	6236.9128	6236.9128	6237.1128	6238.4849
3	36	1	2	288	2	6	5	18	3	1	2	0	1.7551353	15	6238.9298	6239.1298	6239.1298	6239.3298	6240.885
3	36	1	2	289	2	6	5	19	1	1	1	1	0.81206715	16	6241.1467	6241.3467	6241.3467	6241.5467	6242.1588
3	36	1	2	290	2	6	5	20	5	2	7	1	0.71368953	17	6243.3643	6243.9643	6243.9643	6244.1643	6244.678
3	36	1	2	291	2	6	5	21	6	1	8	1	1.6005442	18	6245.9821	6246.1821	6246.1821	6246.3821	6247.7827
3	36	1	2	292	2	6	5	22	5	1	7	1	0.84667289	19	6248.1992	6248.3992	6248.3992	6248.5992	6249.2458
3	36	1	2	293	2	6	5	23	5	1	7	1	0.61290964	20	6250.4165	6250.6166	6250.6166	6250.8166	6251.2295
3	36	1	2	294	2	6	5	24	6	2	8	1	0.77322684	21	6252.6343	6253.2343	6253.2343	6253.4343	6254.0075
3	36	1	2	295	2	6	5	25	3	1	3	1	1.6257705	22	6255.2515	6255.4515	6255.4515	6255.6515	6257.0772
3	36	1	2	296	2	6	5	26	1	2	1	1	0.92169192	23	6257.4686	6258.0686	6258.0686	6258.2686	6258.9903
3	36	1	2	297	2	6	5	27	6	1	0	0	-6260.2866	23	6260.0866	6260.2866	6260.2866	6260.4866	0
3	36	1	2	298	2	6	5	28	4	1	6	1	1.580707	24	6262.304	6262.504	6262.504	6262.704	6264.0847
3	36	1	2	299	2	6	5	29	4	2	6	1	0.58013297	25	6264.5223	6265.1223	6265.1223	6265.3223	6265.7025
3	36	1	2	300	2	6	5	30	1	1	1	1	0.83431686	26	6267.1399	6267.3399	6267.3399	6267.5399	6268.1742
3	36	1	2	301	2	2	6	1	5	2	5	1	0.61485067	1	6297.4407	6298.0407	6298.0407	6298.2407	6298.6555
3	36	1	2	302	2	2	6	2	5	1	5	1	0.52557308	2	6300.0586	6300.2586	6300.2586	6300.4586	6300.7842
3	36	1	2	303	2	2	6	3	5	2	5	1	0.47101236	3	6302.2774	6302.8774	6302.8774	6303.0774	6303.3484
3	36	1	2	304	2	2	6	4	6	1	5	1	0.412941	4	6304.8957	6305.0957	6305.0957	6305.2957	6305.5086
3	36	1	2	305	2	2	6	5	3	2	4	1	0.57677156	5	6307.1137	6307.7138	6307.7138	6307.9138	6308.2905
3	36	1	2	306	2	2	6	6	1	2	4	1	0.74719371	6	6309.7313	6310.3313	6310.3313	6310.5313	6311.0785
3	36	1	2	307	2	2	6	7	6	2	5	1	0.50482501	7	6312.3498	6312.9498	6312.9498	6313.1498	6313.4546
3	36	1	2	308	2	2	6	8	2	2	4	1	1.120706	8	6314.9678	6315.5678	6315.5678	6315.7678	6316.6885
3	36	1	2	309	2	2	6	9	3	2	4	1	0.84648864	9	6317.5857	6318.1857	6318.1857	6318.3857	6319.0322
3	36	1	2	310	2	2	6	10	4	1	5	1	0.49252273	10	6320.2041	6320.4041	6320.4041	6320.6041	6320.8966
3	36	1	2	311	2	2	6	11	4	2	5	1	1.3341068	11	6322.4226	6323.0226	6323.0226	6323.2226	6324.3567
3	36	1	2	312	2	2	6	12	1	2	4	1	0.66906552	12	6325.0411	6325.6411	6325.6411	6325.8411	6326.3102
3	36	1	2	313	2	2	6	13	4	1	5	1	0.93105453	13	6327.6593	6327.8593	6327.8593	6328.0593	6328.7903
3	36	1	2	314	2	2	6	14	3	1	4	1	0.87056601	14	6329.8778	6330.0778	6330.0778	6330.2778	6330.9484
3	36	1	2	315	2	2	6	15	5	2	5	1	0.61999819	15	6332.0965	6332.6965	6332.6965	6332.8965	6333.3165
3	36	1	2	316	2	2	6	16	2	2	4	1	1.3401589	16	6334.7143	6335.3143	6335.3143	6335.5144	6336.6545
3	36	1	2	317	2	2	6	17	4	1	5	1	0.78840455	17	6337.3332	6337.5332	6337.5332	6337.7332	6338.3216
3	36	1	2	318	2	2	6	18	6	1	5	1	0.9753592	18	6339.5529	6339.7529	6339.7529	6339.9529	6340.7282
3	36	1	2	319	2	2	6	19	2	1	4	1	1.0483355	19	6341.7715	6341.9715	6341.9715	6342.1715	6343.0198
3	36	1	2	320	2	2	6	20	6	2	5	1	0.75818477	20	6343.9899	6344.5899	6344.5899	6344.7899	6345.3481
3	36	1	2	321	2	2	6	21	1	1	4	1	0.50846372	21	6346.6082	6346.8082	6346.8082	6347.0082	6347.3167
3	36	1	2	322	2	2	6	22	2	1	4	1	1.0249106	22	6348.8269	6349.0269	6349.0269	6349.2269	6350.0518
3	36	1	2	323	2	2	6	23	1	1	4	1	0.80156311	23	6351.0454	6351.2454	6351.2454	6351.4454	6352.047
3	36	1	2	324	2	2	6	24	5	2	5	1	1.0297962	24	6353.2639	6353.8639	6353.8639	6354.0639	6354.8937
3	36	1	2	325	2	2	6	25	4	1	5	1	0.6836071	25	6355.8832	6356.0832	6356.0832	6356.2832	6356.7668
3	36	1	2	326	2	2	6	26	6	2	5	1	0.46339509	26	6358.1024	6358.7024	6358.7024	6358.9024	6359.1658
3	36	1	2	327	2	2	6	27	2	1	4	1	0.72064124	27	6360.7253	6360.9253	6360.9253	6361.1253	6361.6459
3	36	1	2	328	2	2	6	28	3	1	4	1	0.58210481	28	6362.9449	6363.1449	6363.145	6363.345	6363.7271
3	36	1	2	329	2	2	6	29	3	2	4	1	0.73768964	29	6365.1644	6365.7644	6365.7644	6365.9644	6366.5021
3	36	1	2	330	2	2	6	30	1	1	4	1	0.61427447	30	6367.786	6367.986	6367.986	6368.1861	6368.6003
3	36	1	2	331	2	6	6	1	5	2	7	1	0.80879871	1	6398.2688	6398.8688	6398.8688	6399.0688	6399.6776
3	36	1	2	332	2	6	6	2	2	1	2	1	1.2163001	2	6400.8878	6401.0878	6401.0878	6401.2878	6402.3041
3	36	1	2	333	2	6	6	3	3	2	1	0	0.68452468	2	6403.1065	6403.7066	6403.7066	6403.9066	6404.3911
3	36	1	2	334	2	6	6	4	3	1	3	1	0.80898189	3	6405.7254	6405.9254	6405.9254	6406.1254	6406.7343
3	36	1	2	335	2	6	6	5	3	2	3	1	0.61338244	4	6407.9444	6408.5444	6408.5444	6408.7444	6409.1578
3	36	1	2	336	2	6	6	6	4	2	6	1	0.78031726	5	6410.5639	6411.1639	6411.1639	6411.3639	6411.9443
3	36	1	2	337	2	6	6	7	4	2	6	1	0.79801342	6	6413.1836	6413.7836	6413.7836	6413.9836	6414.5816
3	36	1	2	338	2	6	6	8	5	2	7	1	0.79767916	7	6415.8024	6416.4024	6416.4024	6416.6024	6417.2001
3	36	1	2	339	2	6	6	9	3	2	3	1	0.8382448	8	6418.4222	6419.0222	6419.0222	6419.2222	6419.8604
3	36	1	2	340	2	6	6	10	2	1	2	1	0.92633317	9	6421.0417	6421.2417	6421.2417	6421.4417	6422.168
3	36	1	2	341	2	6	6	11	2	2	2	1	0.64224156	10	6423.2607	6423.8607	6423.8607	6424.0607	6424.5029
3	36	1	2	342	2	6	6	12	5	2	7	1	1.0135645	11	6425.8806	6426.4806	6426.4806	6426.6806	6427.4941
3	36	1	2	343	2	6	6	13	6	1	8	1	0.69581273	12	6428.5337	6428.7337	6428.7337	6428.9337	6429.4295
3	36	1	2	344	2	6	6	14	4	1	6	1	0.8795016	13	6430.7536	6430.9536	6430.9536	6431.1536	6431.8331
3	36	1	2	345	2	6	6	15	1	2	1	1	0.73527223	14	6432.9731	6433.5731	6433.5731	6433.7731	6434.3083
3	36	1	2	346	2	6	6	16	2	2	2	1	1.5886219	15	6435.5926	6436.1926	6436.1926	6436.3926	6437.7812
3	36	1	2	347	2	6	6	17	1	1	1	1	0.94586377	16	6438.2119	6438.4119	6438.4119	6438.6119	6439.3577
3	36	1	2	348	2	6	6	18	2	1	2	1	0.7804969	17	6440.4339	6440.6339	6440.6339	6440.8339	6441.4144
3	36	1	2	349	2	6	6	19	4	1	6	1	0.8797851	18	6442.6538	6442.8538	6442.8538	6443.0538	6443.7336
3	36	1	2	350	2	6	6	20	5	2	7	1	0.77363695	19	6444.8748	6445.4748	6445.4748	6445.6748	6446.2484
3	36	1	2	351	2	6	6	21	6	1	8	1	1.4711284	20	6447.4943	6447.6943	6447.6943	6447.8943	6449.1654
3	36	1	2	352	2	6	6	22	6	1	8	1	0.56489569	21	6449.7142	6449.9142	6449.9142	6450.1142	6450.4791
3	36	1	2	353	2	6	6	23	6	1	8	1	0.48743836	22	6451.9373	6452.1373	6452.1373	6452.3373	6452.6247
3	36	1	2	354	2	6	6	24	1	2	1	1	0.68893284	23	6454.1575	6454.7575	6454.7575	6454.9575	6455.4465
3	36	1	2	355	2	6	6	25	6	1	8	1	0.95937821	24	6456.7776	6456.9776	6456.9776	6457.1776	6457.937
3	36	1	2	356	2	6	6	26	1	2	1	1	0.77000095	25	6458.9971	6459.5971	6459.5971	6459.7971	6460.3671
3	36	1	2	357	2	6	6	27	3	1	3	1	0.92376217	26	6461.6174	6461.8174	6461.8174	6462.0174	6462.7411
3	36	1	2	358	2	6	6	28	4	1	7	0	0.71331449	26	6463.8374	6464.0374	6464.0374	6464.2374	6464.7508
3	36	1	2	359	2	6	6	29	1	2	1	1	1.2993888	27	6466.0577	6466.6577	6466.6577	6466.8577	6467.9571
3	36	1	2	360	2	6	6	30	5	1	7	1	0.82135749	28	6468.6817	6468.8817	6468.8817	6469.0817	6469.703
3	36	1	2	361	3	2	7	1	3	2	4	1	0.89119341	1	7420.034	7420.634	7420.634	7420.834	7421.5252
3	36	1	2	362	3	2	7	2	5	1	5	1	0.55321039	2	7422.6542	7422.8542	7422.8542	7423.0542	7423.4074
3	36	1	2	363	3	2	7	3	4	2	5	1	0.71512751	3	7424.8749	7425.4749	7425.4749	7425.6749	7426.1901
3	36	1	2	364	3	2	7	4	6	1	5	1	0.49296158	4	7427.4955	7427.6955	7427.6955	7427.8955	7428.1885
3	36	1	2	365	3	2	7	5	2	2	4	1	0.51213263	5	7429.7167	7430.3167	7430.3167	7430.5167	7430.8288
3	36	1	2	366	3	2	7	6	1	2	4	1	0.45384147	6	7432.3372	7432.9372	7432.9372	7433.1372	7433.3911
3	36	1	2	367	3	2	7	7	1	2	4	1	0.6828219	7	7434.9614	7435.5614	7435.5614	7435.7614	7436.2442
3	36	1	2	368	3	2	7	8	1	2	4	1	0.52846608	8	7437.5822	7438.1822	7438.1822	7438.3822	7438.7107
3	36	1	2	369	3	2	7	9	4	2	5	1	0.54749597	9	7440.2023	7440.8023	7440.8023	7441.0023	7441.3498
3	36	1	2	370	3	2	7	10	5	1	5	1	0.49447363	10	7442.8232	7443.0233	7443.0233	7443.2233	7443.5177
3	36	1	2	371	3	2	7	11	5	2	5	1	0.40142534	11	7445.0444	7445.6444	7445.6444	7445.8444	7446.0458
3	36	1	2	372	3	2	7	12	3	2	4	1	0.70830986	12	7447.6646	7448.2646	7448.2646	7448.4646	7448.9729
3	36	1	2	373	3	2	7	13	6	1	5	1	0.54346839	13	7450.2852	7450.4852	7450.4852	7450.6852	7451.0286
3	36	1	2	374	3	2	7	14	2	1	5	0	0.7163794	13	7452.506	7452.706	7452.706	7452.906	7453.4224
3	36	1	2	375	3	2	7	15	1	2	4	1	0.60956632	14	7454.727	7455.327	7455.327	7455.527	7455.9365
3	36	1	2	376	3	2	7	16	4	2	5	1	0.54519332	15	7457.3478	7457.9478	7457.9478	7458.1478	7458.493
3	36	1	2	377	3	2	7	17	3	1	4	1	0.51209604	16	7459.9686	7460.1686	7460.1686	7460.3686	7460.6807
3	36	1	2	378	3	2	7	18	6	1	5	1	0.70649073	17	7462.1898	7462.3899	7462.3899	7462.5899	7463.0963
3	36	1	2	379	3	2	7	19	6	1	5	1	0.4283917	18	7464.411	7464.611	7464.611	7464.811	7465.0394
3	36	1	2	380	3	2	7	20	4	2	5	1	0.7269674	19	7466.6316	7467.2316	7467.2316	7467.4316	7467.9585
3	36	1	2	381	3	2	7	21	1	1	4	1	0.98021308	20	7469.2528	7469.4528	7469.4528	7469.6528	7470.433
3	36	1	2	382	3	2	7	22	2	1	4	1	0.65027711	21	7471.4743	7471.6743	7471.6743	7471.8743	7472.3246
3	36	1	2	383	3	2	7	23	3	1	4	1	0.64641883	22	7473.6961	7473.8961	7473.8961	7474.0962	7474.5426
3	36	1	2	384	3	2	7	24	4	2	5	1	0.68207001	23	7475.9173	7476.5173	7476.5173	7476.7173	7477.1994
3	36	1	2	385	3	2	7	25	5	1	5	1	0.58122122	24	7478.5383	7478.7383	7478.7383	7478.9383	7479.3195
3	36	1	2	386	3	2	7	26	3	2	5	0	0.68015428	24	7480.7605	7481.3605	7481.3605	7481.5605	7482.0407
3	36	1	2	387	3	2	7	27	2	1	4	1	1.6643527	25	7483.3819	7483.5819	7483.5819	7483.7819	7485.2463
3	36	1	2	388	3	2	7	28	2	1	4	1	1.3035547	26	7485.6041	7485.8041	7485.8041	7486.0041	7487.1076
3	36	1	2	389	3	2	7	29	5	2	5	1	0.6457261	27	7487.8253	7488.4253	7488.4253	7488.6253	7489.071
3	36	1	2	390	3	2	7	30	6	1	4	0	0.8960982	27	7490.4463	7490.6463	7490.6463	7490.8463	7491.5424
3	36	1	2	391	3	6	7	1	1	2	1	1	0.97689494	1	7520.9628	7521.5628	7521.5628	7521.7628	7522.5397
3	36	1	2	392	3	6	7	2	3	1	2	0	0.78070506	1	7523.5848	7523.7848	7523.7848	7523.9848	7524.5655
3	36	1	2	393	3	6	7	3	5	2	7	1	0.76601331	2	7525.8065	7526.4065	7526.4065	7526.6065	7527.1725
3	36	1	2	394	3	6	7	4	6	1	8	1	1.0081204	3	7528.4286	7528.6286	7528.6286	7528.8286	7529.6368
3	36	1	2	395	3	6	7	5	1	2	1	1	1.4923569	4	7530.6506	7531.2506	7531.2506	7531.4506	7532.7429
3	36	1	2	396	3	6	7	6	5	2	7	1	0.90886172	5	7533.2727	7533.8727	7533.8727	7534.0727	7534.7815
3	36	1	2	397	3	6	7	7	4	2	6	1	0.82301387	6	7535.8943	7536.4943	7536.4943	7536.6943	7537.3173
3	36	1	2	398	3	6	7	8	1	2	1	1	0.85058377	7	7538.5155	7539.1155	7539.1155	7539.3155	7539.966
3	36	1	2	399	3	6	7	9	4	2	6	1	1.5751408	8	7541.1373	7541.7373	7541.7373	7541.9373	7543.3125
3	36	1	2	400	3	6	7	10	6	1	8	1	1.6411324	9	7543.7591	7543.9591	7543.9591	7544.1591	7545.6002
3	36	1	2	401	3	6	7	11	5	2	7	1	0.82281657	10	7545.9847	7546.5847	7546.5847	7546.7847	7547.4075
3	36	1	2	402	3	6	7	12	2	2	2	1	1.5058742	11	7548.6064	7549.2064	7549.2064	7549.4064	7550.7122
3	36	1	2	403	3	6	7	13	6	1	8	1	1.5916341	12	7551.2287	7551.4287	7551.4287	7551.6287	7553.0204
3	36	1	2	404	3	6	7	14	1	1	1	1	1.297501	13	7553.451	7553.651	7553.651	7553.851	7554.9485
3	36	1	2	405	3	6	7	15	4	2	6	1	1.1838158	14	7555.757	7556.357	7556.357	7556.557	7557.5408
3	36	1	2	406	3	6	7	16	1	2	1	1	1.2743657	15	7558.3788	7558.9788	7558.9788	7559.1788	7560.2532
3	36	1	2	407	3	6	7	17	4	1	6	1	1.2389572	16	7561.0014	7561.2014	7561.2014	7561.4014	7562.4403
3	36	1	2	408	3	6	7	18	6	1	8	1	1.1358358	17	7563.2236	7563.4236	7563.4236	7563.6236	7564.5594
3	36	1	2	409	3	6	7	19	3	1	2	0	1.4232409	17	7565.4464	7565.6464	7565.6464	7565.8464	7567.0696
3	36	1	2	410	3	6	7	20	4	2	7	0	1.055859	17	7567.6706	7568.2706	7568.2706	7568.4706	7569.3265
3	36	1	2	411	3	6	7	21	2	1	1	0	1.328853	17	7570.2932	7570.4932	7570.4932	7570.6932	7571.822
3	36	1	2	412	3	6	7	22	3	1	3	1	1.6580247	18	7572.5188	7572.7188	7572.7188	7572.9188	7574.3768
3	36	1	2	413	3	6	7	23	3	1	3	1	0.65934679	19	7574.7406	7574.9406	7574.9406	7575.1406	7575.5999
3	36	1	2	414	3	6	7	24	5	2	7	1	0.76942162	20	7576.9643	7577.5643	7577.5643	7577.7643	7578.3337
3	36	1	2	415	3	6	7	25	2	1	2	1	1.6585775	21	7579.5873	7579.7873	7579.7873	7579.9873	7581.4459
3	36	1	2	416	3	6	7	26	6	2	6	0	1.6366045	21	7581.8099	7582.4099	7582.4099	7582.6099	7584.0465
3	36	1	2	417	3	6	7	27	2	1	2	1	1.3433571	22	7584.4322	7584.6322	7584.6323	7584.8323	7585.9756
3	36	1	2	418	3	6	7	28	2	1	2	1	0.90545153	23	7586.6551	7586.8551	7586.8551	7587.0551	7587.7605
3	36	1	2	419	3	6	7	29	5	2	7	1	0.85439781	24	7588.8777	7589.4777	7589.4777	7589.6777	7590.3321
3	36	1	2	420	3	6	7	30	3	1	2	0	1.8572177	24	7591.5005	7591.7005	7591.7005	7591.9005	7593.5578
3	36	1	2	421	3	2	8	1	2	2	4	1	1.039307	1	7621.7936	7622.3936	7622.3936	7622.5936	7623.4329
3	36	1	2	422	3	2	8	2	3	1	4	1	0.46041454	2	7624.4168	7624.6168	7624.6168	7624.8168	7625.0772
3	36	1	2	423	3	2	8	3	4	2	5	1	0.68879383	3	7626.6397	7627.2397	7627.2398	7627.4398	7627.9285
3	36	1	2	424	3	2	8	4	1	1	4	1	0.94174095	4	7629.2627	7629.4627	7629.4627	7629.6627	7630.4044
3	36	1	2	425	3	2	8	5	3	2	4	1	0.73640829	5	7631.4874	7632.0874	7632.0874	7632.2874	7632.8238
3	36	1	2	426	3	2	8	6	5	2	5	1	0.67879092	6	7634.1101	7634.7101	7634.7101	7634.9102	7635.3889
3	36	1	2	427	3	2	8	7	1	2	4	1	1.2216246	7	7636.7355	7637.3355	7637.3355	7637.5355	7638.5571
3	36	1	2	428	3	2	8	8	2	2	4	1	0.51914127	8	7639.3587	7639.9587	7639.9587	7640.1587	7640.4779
3	36	1	2	429	3	2	8	9	1	2	4	1	0.46699508	9	7641.9813	7642.5813	7642.5813	7642.7813	7643.0483
3	36	1	2	430	3	2	8	10	6	1	5	1	0.56079923	10	7644.6045	7644.8045	7644.8045	7645.0045	7645.3653
3	36	1	2	431	3	2	8	11	6	2	5	1	0.6187517	11	7646.8275	7647.4275	7647.4275	7647.6275	7648.0463
3	36	1	2	432	3	2	8	12	5	2	5	1	0.65270345	12	7649.4508	7650.0508	7650.0508	7650.2508	7650.7035
3	36	1	2	433	3	2	8	13	3	1	4	1	0.85835204	13	7652.0757	7652.2757	7652.2757	7652.4757	7653.134
3	36	1	2	434	3	2	8	14	4	1	5	1	0.65078215	14	7654.2991	7654.4991	7654.4991	7654.6991	7655.1499
3	36	1	2	435	3	2	8	15	6	2	5	1	0.50210758	15	7656.5228	7657.1228	7657.1228	7657.3228	7657.6249
3	36	1	2	436	3	2	8	16	2	2	4	1	0.70968151	16	7659.1459	7659.7459	7659.7459	7659.9459	7660.4556
3	36	1	2	437	3	2	8	17	3	1	4	1	0.73301521	17	7661.769	7661.969	7661.969	7662.169	7662.702
3	36	1	2	438	3	2	8	18	6	1	5	1	0.80377507	18	7663.9929	7664.1929	7664.1929	7664.3929	7664.9967
3	36	1	2	439	3	2	8	19	5	1	5	1	0.4468147	19	7666.2166	7666.4166	7666.4166	7666.6166	7666.8634
3	36	1	2	440	3	2	8	20	5	2	5	1	0.34153908	20	7668.4404	7669.0404	7669.0404	7669.2404	7669.3819
3	36	1	2	441	3	2	8	21	6	1	5	1	0.37407121	21	7671.0636	7671.2636	7671.2637	7671.4637	7671.6377
3	36	1	2	442	3	2	8	22	2	1	4	1	0.48943534	22	7673.2869	7673.4869	7673.4869	7673.6869	7673.9764
3	36	1	2	443	3	2	8	23	1	1	4	1	0.45922595	23	7675.5127	7675.7127	7675.7127	7675.9127	7676.1719
3	36	1	2	444	3	2	8	24	4	2	5	1	0.63590541	24	7677.7367	7678.3367	7678.3367	7678.5367	7678.9726
3	36	1	2	445	3	2	8	25	4	1	5	1	0.32649546	25	7680.3602	7680.5602	7680.5602	7680.7602	7680.8867
3	36	1	2	446	3	2	8	26	2	2	4	1	1.1900433	26	7682.5833	7683.1833	7683.1833	7683.3833	7684.3734
3	36	1	2	447	3	2	8	27	3	1	4	1	0.4351987	27	7685.2076	7685.4076	7685.4076	7685.6076	7685.8428
3	36	1	2	448	3	2	8	28	4	1	4	0	0.59220317	27	7687.4313	7687.6313	7687.6313	7687.8313	7688.2235
3	36	1	2	449	3	2	8	29	5	2	5	1	0.74208076	28	7689.6554	7690.2554	7690.2554	7690.4554	7690.9975
3	36	1	2	450	3	2	8	30	1	1	4	1	0.50261711	29	7692.279	7692.479	7692.479	7692.6791	7692.9817
3	36	1	2	451	3	6	8	1	3	2	3	1	1.2026811	1	7722.5727	7723.1727	7723.1727	7723.3727	7724.3753
3	36	1	2	452	3	6	8	2	2	1	2	1	0.72805969	2	7725.1975	7725.3975	7725.3975	7725.5975	7726.1256
3	36	1	2	453	3	6	8	3	1	2	1	1	0.81554348	3	7727.4231	7728.0231	7728.0231	7728.2231	7728.8386
3	36	1	2	454	3	6	8	4	1	1	1	1	0.59115223	4	7730.0473	7730.2473	7730.2473	7730.4473	7730.8385
3	36	1	2	455	3	6	8	5	3	2	3	1	1.21216	5	7732.2719	7732.8719	7732.8719	7733.0719	7734.0841
3	36	1	2	456	3	6	8	6	5	2	6	0	0.64379298	5	7734.899	7735.499	7735.499	7735.699	7736.1428
3	36	1	2	457	3	6	8	7	1	2	1	1	0.70794613	6	7737.5236	7738.1236	7738.1236	7738.3236	7738.8316
3	36	1	2	458	3	6	8	8	6	2	8	1	0.87636727	7	7740.1483	7740.7483	7740.7483	7740.9483	7741.6246
3	36	1	2	459	3	6	8	9	2	2	2	1	1.2184401	8	7742.772	7743.372	7743.372	7743.5721	7744.5905
3	36	1	2	460	3	6	8	10	4	1	6	1	0.99278065	9	7745.3973	7745.5973	7745.5973	7745.7973	7746.5901
3	36	1	2	461	3	6	8	11	1	2	1	1	0.78232467	10	7747.6218	7748.2218	7748.2218	7748.4218	7749.0041
3	36	1	2	462	3	6	8	12	3	2	3	1	1.9107595	11	7750.2476	7750.8476	7750.8476	7751.0476	7752.7584
3	36	1	2	463	3	6	8	13	2	1	2	1	1.7002373	12	7752.8722	7753.0722	7753.0722	7753.2723	7754.7725
3	36	1	2	464	3	6	8	14	6	1	8	1	1.0062647	13	7755.0969	7755.2969	7755.2969	7755.4969	7756.3032
3	36	1	2	465	3	6	8	15	6	2	8	1	0.98282677	14	7757.3218	7757.9218	7757.9218	7758.1219	7758.9047
3	36	1	2	466	3	6	8	16	5	2	7	1	0.49633014	15	7759.972	7760.572	7760.572	7760.772	7761.0683
3	36	1	2	467	3	6	8	17	3	1	3	1	1.3928183	16	7762.5969	7762.7969	7762.7969	7762.9969	7764.1897
3	36	1	2	468	3	6	8	18	4	1	6	1	1.6018886	17	7764.8217	7765.0217	7765.0217	7765.2217	7766.6236
3	36	1	2	469	3	6	8	19	2	1	2	1	1.0897281	18	7767.0465	7767.2466	7767.2466	7767.4466	7768.3363
3	36	1	2	470	3	6	8	20	4	2	6	1	1.1956402	19	7769.2726	7769.8727	7769.8727	7770.0727	7771.0683
3	36	1	2	471	3	6	8	21	5	1	7	1	0.78634669	20	7771.9878	7772.1878	7772.1878	7772.3878	7772.9742
3	36	1	2	472	3	6	8	22	5	1	7	1	0.5871739	21	7774.2132	7774.4132	7774.4132	7774.6132	7775.0003
3	36	1	2	473	3	6	8	23	6	1	8	1	0.72247565	22	7776.4379	7776.6379	7776.6379	7776.8379	7777.3604
3	36	1	2	474	3	6	8	24	6	2	8	1	0.50155931	23	7778.6631	7779.2631	7779.2631	7779.4631	7779.7646
3	36	1	2	475	3	6	8	25	4	1	7	0	1.1526815	23	7781.288	7781.488	7781.488	7781.688	7782.6406
3	36	1	2	476	3	6	8	26	3	2	2	0	1.4051369	23	7783.5135	7784.1135	7784.1135	7784.3135	7785.5186
3	36	1	2	477	3	6	8	27	2	1	2	1	1.7797251	24	7786.139	7786.339	7786.339	7786.539	7788.1187
3	36	1	2	478	3	6	8	28	1	1	1	1	0.88247628	25	7788.3657	7788.5657	7788.5657	7788.7657	7789.4482
3	36	1	2	479	3	6	8	29	5	2	7	1	0.68067283	26	7790.5905	7791.1905	7791.1905	7791.3905	7791.8712
3	36	1	2	480	3	6	8	30	4	1	6	1	1.4069235	27	7793.2161	7793.4161	7793.4161	7793.6161	7794.823
3	36	1	2	481	3	2	9	1	1	2	4	1	1.0399655	1	7823.6925	7824.2925	7824.2925	7824.4925	7825.3325
3	36	1	2	482	3	2	9	2	3	1	4	1	0.58274968	2	7826.3185	7826.5185	7826.5185	7826.7185	7827.1013
3	36	1	2	483	3	2	9	3	2	2	4	1	0.70864594	3	7828.5461	7829.1461	7829.1461	7829.3461	7829.8547
3	36	1	2	484	3	2	9	4	6	1	5	1	0.47076908	4	7831.1712	7831.3712	7831.3712	7831.5712	7831.842
3	36	1	2	485	3	2	9	5	5	2	5	1	0.40097708	5	7833.3968	7833.9968	7833.9968	7834.1968	7834.3978
3	36	1	2	486	3	2	9	6	3	2	5	0	0.79449754	5	7836.0222	7836.6222	7836.6222	7836.8222	7837.4167
3	36	1	2	487	3	2	9	7	1	2	4	1	0.63874657	6	7838.6479	7839.2479	7839.2479	7839.4479	7839.8866
3	36	1	2	488	3	2	9	8	6	2	5	1	0.53159563	7	7841.2733	7841.8733	7841.8733	7842.0733	7842.4049
3	36	1	2	489	3	2	9	9	1	2	4	1	0.62077986	8	7843.8995	7844.4995	7844.4995	7844.6995	7845.1203
3	36	1	2	490	3	2	9	10	5	1	5	1	0.512823	9	7846.5252	7846.7252	7846.7252	7846.9252	7847.238
3	36	1	2	491	3	2	9	11	5	2	5	1	1.4143988	10	7848.7508	7849.3508	7849.3508	7849.5508	7850.7652
3	36	1	2	492	3	2	9	12	6	2	5	1	0.45762971	11	7851.3794	7851.9794	7851.9794	7852.1795	7852.4371
3	36	1	2	493	3	2	9	13	6	1	5	1	0.85216932	12	7854.0048	7854.2048	7854.2048	7854.4048	7855.0569
3	36	1	2	494	3	2	9	14	4	1	5	1	0.50428716	13	7856.271	7856.471	7856.471	7856.671	7856.9753
3	36	1	2	495	3	2	9	15	5	2	5	1	0.33207625	14	7858.4967	7859.0968	7859.0968	7859.2968	7859.4288
3	36	1	2	496	3	2	9	16	6	2	5	1	0.44202162	15	7861.1227	7861.7227	7861.7227	7861.9227	7862.1647
3	36	1	2	497	3	2	9	17	5	1	5	1	0.38209882	16	7863.7536	7863.9536	7863.9536	7864.1536	7864.3357
3	36	1	2	498	3	2	9	18	2	1	4	1	0.78757669	17	7865.9798	7866.1798	7866.1798	7866.3798	7866.9674
3	36	1	2	499	3	2	9	19	4	1	4	0	0.5444555	17	7868.2057	7868.4057	7868.4057	7868.6057	7868.9501
3	36	1	2	500	3	2	9	20	3	2	4	1	1.50894	18	7870.4346	7871.0346	7871.0346	7871.2346	7872.5435
3	36	1	2	501	3	2	9	21	4	1	5	1	0.6740697	19	7873.061	7873.261	7873.261	7873.461	7873.9351
3	36	1	2	502	3	2	9	22	3	1	4	1	1.0161022	20	7875.2875	7875.4875	7875.4875	7875.6875	7876.5036
3	36	1	2	503	3	2	9	23	4	1	5	1	0.5927953	21	7877.5142	7877.7142	7877.7142	7877.9142	7878.307
3	36	1	2	504	3	2	9	24	4	2	5	1	1.233588	22	7879.74	7880.34	7880.34	7880.54	7881.5736
3	36	1	2	505	3	2	9	25	2	1	4	1	0.94464248	23	7882.3665	7882.5665	7882.5665	7882.7665	7883.5111
3	36	1	2	506	3	2	9	26	1	2	4	1	0.69926752	24	7884.5934	7885.1934	7885.1934	7885.3934	7885.8926
3	36	1	2	507	3	2	9	27	2	1	4	1	0.61383727	25	7887.2227	7887.4227	7887.4227	7887.6227	7888.0366
3	36	1	2	508	3	2	9	28	1	1	4	1	0.57437205	26	7889.4494	7889.6494	7889.6494	7889.8494	7890.2237
3	36	1	2	509	3	2	9	29	2	2	4	1	0.71296445	27	7891.6758	7892.2758	7892.2758	7892.4758	7892.9888
3	36	1	2	510	3	2	9	30	3	1	4	1	0.43811094	28	7894.3031	7894.5031	7894.5031	7894.7031	7894.9412
3	36	1	2	511	3	6	9	1	5	2	7	1	0.72924879	1	7924.5915	7925.1915	7925.1915	7925.3915	7925.9207
3	36	1	2	512	3	6	9	2	1	1	1	1	0.77032039	2	7927.2186	7927.4186	7927.4186	7927.6186	7928.1889
3	36	1	2	513	3	6	9	3	3	2	3	1	0.99631845	3	7929.4448	7930.0448	7930.0448	7930.2448	7931.0411
3	36	1	2	514	3	6	9	4	5	1	7	1	0.95726834	4	7932.0721	7932.2722	7932.2722	7932.4722	7933.2294
3	36	1	2	515	3	6	9	5	4	2	6	1	1.2591255	5	7934.299	7934.899	7934.899	7935.099	7936.1582
3	36	1	2	516	3	6	9	6	6	2	8	1	1.6269067	6	7936.9259	7937.5259	7937.5259	7937.7259	7939.1528
3	36	1	2	517	3	6	9	7	2	2	2	1	1.4471377	7	7939.5525	7940.1525	7940.1525	7940.3525	7941.5997
3	36	1	2	518	3	6	9	8	3	2	3	1	0.76420747	8	7942.1796	7942.7796	7942.7796	7942.9796	7943.5438
3	36	1	2	519	3	6	9	9	5	2	6	0	0.65023243	8	7944.8068	7945.4068	7945.4068	7945.6068	7946.057
3	36	1	2	520	3	6	9	10	3	1	3	1	1.1472942	9	7947.4331	7947.6331	7947.6331	7947.8331	7948.7804
3	36	1	2	521	3	6	9	11	1	2	1	1	0.86732888	10	7949.6599	7950.2599	7950.2599	7950.4599	7951.1272
3	36	1	2	522	3	6	9	12	4	2	0	0	-7952.8876	10	7952.2876	7952.8876	7952.8876	7953.0876	0
3	36	1	2	523	3	6	9	13	6	1	6	0	0.23658238	10	7954.915	7955.115	7955.115	7955.315	7955.3516
3	36	1	2	524	3	6	9	14	1	1	1	1	0.91939735	11	7957.1426	7957.3426	7957.3426	7957.5426	7958.262
3	36	1	2	525	3	6	9	15	2	2	2	1	1.1095988	12	7959.3695	7959.9695	7959.9695	7960.1695	7961.0791
3	36	1	2	526	3	6	9	16	1	2	1	1	1.2830476	13	7961.9968	7962.5968	7962.5968	7962.7968	7963.8799
3	36	1	2	527	3	6	9	17	2	1	2	1	1.470974	14	7964.6239	7964.8239	7964.8239	7965.0239	7966.2949
3	36	1	2	528	3	6	9	18	6	1	8	1	1.1968102	15	7966.8514	7967.0514	7967.0514	7967.2514	7968.2482
3	36	1	2	529	3	6	9	19	6	1	8	1	0.62614649	16	7969.0784	7969.2784	7969.2784	7969.4784	7969.9046
3	36	1	2	530	3	6	9	20	5	2	7	1	0.6990951	17	7971.3061	7971.9061	7971.9061	7972.1061	7972.6052
3	36	1	2	531	3	6	9	21	4	1	6	1	0.69870601	18	7973.934	7974.134	7974.134	7974.334	7974.8327
3	36	1	2	532	3	6	9	22	6	1	8	1	0.91776272	19	7976.2226	7976.4226	7976.4226	7976.6226	7977.3404
3	36	1	2	533	3	6	9	23	3	1	3	1	1.0036274	20	7978.4496	7978.6496	7978.6496	7978.8496	7979.6532
3	36	1	2	534	3	6	9	24	3	2	3	1	0.59567938	21	7980.6771	7981.2771	7981.2771	7981.4771	7981.8728
3	36	1	2	535	3	6	9	25	4	1	7	0	0.83422316	21	7983.3087	7983.5087	7983.5087	7983.7087	7984.3429
3	36	1	2	536	3	6	9	26	1	2	1	1	1.1088263	22	7985.537	7986.137	7986.137	7986.337	7987.2458
3	36	1	2	537	3	6	9	27	5	1	7	1	1.840788	23	7988.2385	7988.4385	7988.4385	7988.6385	7990.2793
3	36	1	2	538	3	6	9	28	2	1	2	1	1.9250761	24	7990.4664	7990.6664	7990.6664	7990.8664	7992.5915
3	36	1	2	539	3	6	9	29	4	2	6	1	1.2749526	25	7992.6998	7993.2998	7993.2998	7993.4998	7994.5747
3	36	1	2	540	3	6	9	30	2	1	2	1	0.99882188	26	7995.3337	7995.5337	7995.5337	7995.7337	7996.5325
3	36	1	2	541	4	2	10	1	5	2	5	1	0.56476518	1	8573.3241	8573.9241	8573.9241	8574.1241	8574.4889
3	36	1	2	542	4	2	10	2	1	1	4	1	0.85966229	2	8575.9553	8576.1553	8576.1553	8576.3553	8577.0149
3	36	1	2	543	4	2	10	3	2	2	4	1	0.68578042	3	8578.184	8578.784	8578.784	8578.984	8579.4698
3	36	1	2	544	4	2	10	4	3	1	4	1	0.93825466	4	8580.8146	8581.0147	8581.0147	8581.2147	8581.953
3	36	1	2	545	4	2	10	5	2	2	4	1	1.099702	5	8583.0426	8583.6426	8583.6426	8583.8426	8584.7423
3	36	1	2	546	4	2	10	6	6	2	5	1	0.54144697	6	8585.6725	8586.2725	8586.2725	8586.4725	8586.814
3	36	1	2	547	4	2	10	7	4	2	5	1	0.56083104	7	8588.3021	8588.9021	8588.9021	8589.1021	8589.4629
3	36	1	2	548	4	2	10	8	5	2	5	1	0.39665721	8	8590.9303	8591.5303	8591.5303	8591.7303	8591.9269
3	36	1	2	549	4	2	10	9	3	2	4	1	0.4391189	9	8593.5587	8594.1587	8594.1587	8594.3587	8594.5978
3	36	1	2	550	4	2	10	10	2	1	5	0	0.68375755	9	8596.1889	8596.3889	8596.3889	8596.5889	8597.0726
3	36	1	2	551	4	2	10	11	4	2	5	1	0.85339565	10	8598.4177	8599.0177	8599.0177	8599.2177	8599.8711
3	36	1	2	552	4	2	10	12	3	2	4	1	0.55258237	11	8601.0464	8601.6464	8601.6464	8601.8464	8602.199
3	36	1	2	553	4	2	10	13	1	1	4	1	0.66485476	12	8603.6769	8603.8769	8603.8769	8604.0769	8604.5418
3	36	1	2	554	4	2	10	14	2	1	4	1	0.40501037	13	8605.9046	8606.1047	8606.1047	8606.3047	8606.5097
3	36	1	2	555	4	2	10	15	6	2	5	1	0.33874494	14	8608.1327	8608.7327	8608.7327	8608.9327	8609.0715
3	36	1	2	556	4	2	10	16	5	2	5	1	0.68270496	15	8610.7618	8611.3618	8611.3618	8611.5618	8612.0445
3	36	1	2	557	4	2	10	17	1	1	5	0	0.89297349	15	8613.3923	8613.5923	8613.5923	8613.7923	8614.4853
3	36	1	2	558	4	2	10	18	5	1	5	1	0.97022524	16	8615.6208	8615.8208	8615.8208	8616.0208	8616.791
3	36	1	2	559	4	2	10	19	6	1	5	1	0.55926954	17	8617.8496	8618.0496	8618.0496	8618.2496	8618.6088
3	36	1	2	560	4	2	10	20	4	2	5	1	0.43812815	18	8620.0782	8620.6782	8620.6782	8620.8782	8621.1163
3	36	1	2	561	4	2	10	21	6	1	5	1	0.42864096	19	8622.7069	8622.907	8622.907	8623.107	8623.3356
3	36	1	2	562	4	2	10	22	4	1	5	1	0.32812795	20	8624.9356	8625.1357	8625.1357	8625.3357	8625.4638
3	36	1	2	563	4	2	10	23	4	1	5	1	0.35559737	21	8627.1646	8627.3648	8627.3648	8627.5648	8627.7204
3	36	1	2	564	4	2	10	24	1	2	4	1	0.77529651	22	8629.3968	8629.9968	8629.9968	8630.1968	8630.7721
3	36	1	2	565	4	2	10	25	2	1	4	1	0.55786835	23	8632.0254	8632.2254	8632.2254	8632.4254	8632.7832
3	36	1	2	566	4	2	10	26	5	2	5	1	0.67014096	24	8634.3427	8634.9427	8634.9427	8635.1427	8635.6128
3	36	1	2	567	4	2	10	27	3	1	4	1	0.66031159	25	8636.971	8637.171	8637.171	8637.371	8637.8313
3	36	1	2	568	4	2	10	28	6	1	5	1	0.4710726	26	8639.2001	8639.4001	8639.4001	8639.6001	8639.8712
3	36	1	2	569	4	2	10	29	1	2	4	1	0.88032012	27	8641.4292	8642.0292	8642.0292	8642.2292	8642.9095
3	36	1	2	570	4	2	10	30	3	1	4	1	0.56343667	28	8644.0583	8644.2583	8644.2583	8644.4583	8644.8218
3	36	1	2	571	4	6	10	1	5	2	7	1	0.75263789	1	8674.4135	8675.0135	8675.0135	8675.2135	8675.7661
3	36	1	2	572	4	6	10	2	1	1	1	1	0.94834878	2	8677.0429	8677.2429	8677.2429	8677.4429	8678.1913
3	36	1	2	573	4	6	10	3	4	2	6	1	0.95327042	3	8679.2749	8679.8749	8679.8749	8680.0749	8680.8281
3	36	1	2	574	4	6	10	4	6	1	3	0	1.1809698	3	8681.9043	8682.1044	8682.1044	8682.3044	8683.2853
3	36	1	2	575	4	6	10	5	1	2	1	1	1.025422	4	8684.1339	8684.7339	8684.7339	8684.9339	8685.7593
3	36	1	2	576	4	6	10	6	2	2	2	1	1.2099252	5	8686.7633	8687.3633	8687.3633	8687.5633	8688.5732
3	36	1	2	577	4	6	10	7	1	2	2	0	0.58791379	5	8689.3929	8689.9929	8689.9929	8690.1929	8690.5808
3	36	1	2	578	4	6	10	8	5	2	7	1	0.89647065	6	8692.0226	8692.6226	8692.6226	8692.8226	8693.519
3	36	1	2	579	4	6	10	9	2	2	2	1	1.0318396	7	8694.652	8695.252	8695.252	8695.452	8696.2838
3	36	1	2	580	4	6	10	10	4	1	6	1	0.85815739	8	8697.2823	8697.4823	8697.4823	8697.6823	8698.3405
3	36	1	2	581	4	6	10	11	3	2	3	1	0.88013087	9	8699.5182	8700.1182	8700.1182	8700.3182	8700.9983
3	36	1	2	582	4	6	10	12	6	2	8	1	1.1119307	10	8702.1481	8702.7481	8702.7481	8702.9481	8703.86
3	36	1	2	583	4	6	10	13	4	1	6	1	1.0506083	11	8704.7782	8704.9782	8704.9782	8705.1782	8706.0288
3	36	1	2	584	4	6	10	14	3	1	3	1	1.5801838	12	8707.0109	8707.2109	8707.2109	8707.4109	8708.7911
3	36	1	2	585	4	6	10	15	2	2	2	1	0.83629004	13	8709.2404	8709.8404	8709.8404	8710.0404	8710.6767
3	36	1	2	586	4	6	10	16	6	2	8	1	1.1760295	14	8711.8694	8712.4694	8712.4694	8712.6694	8713.6454
3	36	1	2	587	4	6	10	17	3	1	3	1	1.6298547	15	8714.5001	8714.7001	8714.7001	8714.9001	8716.33
3	36	1	2	588	4	6	10	18	3	1	3	1	0.54571255	16	8716.7304	8716.9304	8716.9304	8717.1304	8717.4761
3	36	1	2	589	4	6	10	19	2	1	2	1	0.94287206	17	8718.9597	8719.1597	8719.1597	8719.3597	8720.1026
3	36	1	2	590	4	6	10	20	2	2	2	1	0.59910132	18	8721.192	8721.792	8721.792	8721.992	8722.3911
3	36	1	2	591	4	6	10	21	4	1	6	1	0.88937519	19	8723.8215	8724.0215	8724.0215	8724.2215	8724.9109
3	36	1	2	592	4	6	10	22	4	1	6	1	0.52922603	20	8726.0513	8726.2513	8726.2513	8726.4513	8726.7806
3	36	1	2	593	4	6	10	23	1	1	1	1	1.0146675	21	8728.2818	8728.4818	8728.4818	8728.6818	8729.4965
3	36	1	2	594	4	6	10	24	5	2	7	1	0.96506107	22	8730.5149	8731.1149	8731.1149	8731.315	8732.08
3	36	1	2	595	4	6	10	25	6	1	8	1	0.63104335	23	8733.1444	8733.3444	8733.3444	8733.5444	8733.9754
3	36	1	2	596	4	6	10	26	3	2	2	0	1.6011059	23	8735.3747	8735.9747	8735.9747	8736.1747	8737.5758
3	36	1	2	597	4	6	10	27	6	1	8	1	1.2729093	24	8738.0045	8738.2045	8738.2045	8738.4045	8739.4775
3	36	1	2	598	4	6	10	28	1	1	1	1	0.81295992	25	8740.2346	8740.4346	8740.4346	8740.6346	8741.2476
3	36	1	2	599	4	6	10	29	5	2	7	1	0.69662005	26	8742.4643	8743.0643	8743.0643	8743.2643	8743.7609
3	36	1	2	600	4	6	10	30	5	1	7	1	0.63859682	27	8745.0942	8745.2942	8745.2942	8745.4942	8745.9328
3	36	1	2	601	4	2	11	1	6	2	5	1	0.62733371	1	8775.3932	8775.9932	8775.9932	8776.1932	8776.6205
3	36	1	2	602	4	2	11	2	6	1	5	1	0.4850041	2	8778.0235	8778.2235	8778.2235	8778.4235	8778.7085
3	36	1	2	603	4	2	11	3	2	2	4	1	0.4880456	3	8780.2554	8780.8554	8780.8554	8781.0554	8781.3435
3	36	1	2	604	4	2	11	4	1	1	4	1	0.40027266	4	8782.8857	8783.0857	8783.0857	8783.2857	8783.4859
3	36	1	2	605	4	2	11	5	5	2	5	1	0.56435722	5	8785.1162	8785.7162	8785.7162	8785.9162	8786.2806
3	36	1	2	606	4	2	11	6	6	2	5	1	0.42909538	6	8787.7469	8788.3469	8788.3469	8788.5469	8788.776
3	36	1	2	607	4	2	11	7	3	2	5	0	0.76157951	6	8790.3803	8790.9803	8790.9803	8791.1803	8791.7419
3	36	1	2	608	4	2	11	8	3	2	5	0	0.5760782	6	8793.0132	8793.6132	8793.6132	8793.8132	8794.1893
3	36	1	2	609	4	2	11	9	5	2	5	1	0.61791361	7	8795.6436	8796.2436	8796.2436	8796.4436	8796.8615
3	36	1	2	610	4	2	11	10	2	1	4	1	0.6041344	8	8798.2741	8798.4741	8798.4741	8798.6741	8799.0782
3	36	1	2	611	4	2	11	11	4	2	5	1	0.46215032	9	8800.5045	8801.1045	8801.1045	8801.3045	8801.5667
3	36	1	2	612	4	2	11	12	2	2	4	1	0.44140025	10	8803.1365	8803.7365	8803.7365	8803.9365	8804.1779
3	36	1	2	613	4	2	11	13	2	1	4	1	0.54082481	11	8805.7678	8805.9678	8805.9678	8806.1678	8806.5087
3	36	1	2	614	4	2	11	14	1	1	4	1	0.55434239	12	8807.9983	8808.1983	8808.1983	8808.3983	8808.7526
3	36	1	2	615	4	2	11	15	4	2	5	1	0.66657252	13	8810.2291	8810.8291	8810.8291	8811.0291	8811.4957
3	36	1	2	616	4	2	11	16	5	2	5	1	0.48391985	14	8812.8601	8813.4602	8813.4602	8813.6602	8813.9441
3	36	1	2	617	4	2	11	17	4	1	5	1	0.5058726	15	8815.4917	8815.6917	8815.6917	8815.8918	8816.1976
3	36	1	2	618	4	2	11	18	3	1	4	1	0.96157168	16	8817.7229	8817.9229	8817.9229	8818.1229	8818.8845
3	36	1	2	619	4	2	11	19	5	1	4	0	0.39461573	16	8819.9542	8820.1542	8820.1542	8820.3542	8820.5488
3	36	1	2	620	4	2	11	20	1	2	5	0	0.88020583	16	8822.1848	8822.7848	8822.7848	8822.9848	8823.665
3	36	1	2	621	4	2	11	21	3	1	5	0	0.62274117	16	8824.8163	8825.0163	8825.0163	8825.2164	8825.6391
3	36	1	2	622	4	2	11	22	3	1	5	0	0.45386999	16	8827.0469	8827.2469	8827.2469	8827.4469	8827.7008
3	36	1	2	623	4	2	11	23	5	1	5	1	1.0222359	17	8829.2813	8829.4813	8829.4813	8829.6813	8830.5036
3	36	1	2	624	4	2	11	24	6	2	5	1	0.49076084	18	8831.5162	8832.1162	8832.1162	8832.3162	8832.607
3	36	1	2	625	4	2	11	25	1	1	4	1	1.5371415	19	8834.1475	8834.3475	8834.3475	8834.5475	8835.8846
3	36	1	2	626	4	2	11	26	4	2	5	1	1.0860352	20	8836.3786	8836.9786	8836.9786	8837.1787	8838.0647
3	36	1	2	627	4	2	11	27	1	1	5	0	0.94903126	20	8839.0099	8839.2099	8839.2099	8839.4099	8840.1589
3	36	1	2	628	4	2	11	28	4	1	5	1	0.81466334	21	8841.2418	8841.4418	8841.4418	8841.6418	8842.2565
3	36	1	2	629	4	2	11	29	6	2	5	1	0.73934065	22	8843.4731	8844.0731	8844.0731	8844.2731	8844.8124
3	36	1	2	630	4	2	11	30	2	1	4	1	0.45973793	23	8846.1048	8846.3048	8846.3048	8846.5048	8846.7645
3	36	1	2	631	4	6	11	1	1	2	1	1	1.2059437	1	8876.403	8877.003	8877.003	8877.203	8878.209
3	36	1	2	632	4	6	11	2	3	1	3	1	0.99531886	2	8879.0347	8879.2347	8879.2347	8879.4347	8880.23
3	36	1	2	633	4	6	11	3	4	2	6	1	0.84148233	3	8881.2677	8881.8677	8881.8677	8882.0677	8882.7092
3	36	1	2	634	4	6	11	4	2	1	2	1	1.0243722	4	8883.9392	8884.1392	8884.1392	8884.3392	8885.1636
3	36	1	2	635	4	6	11	5	3	2	3	1	1.0899041	5	8886.17	8886.77	8886.77	8886.97	8887.8599
3	36	1	2	636	4	6	11	6	3	2	3	1	0.59403998	6	8888.8047	8889.4047	8889.4047	8889.6047	8889.9987
3	36	1	2	637	4	6	11	7	4	2	6	1	0.88236448	7	8891.4369	8892.0369	8892.0369	8892.2369	8892.9193
3	36	1	2	638	4	6	11	8	2	2	2	1	1.3946135	8	8894.0698	8894.6698	8894.6698	8894.8698	8896.0644
3	36	1	2	639	4	6	11	9	6	2	8	1	1.7713778	9	8896.701	8897.301	8897.301	8897.501	8899.0724
3	36	1	2	640	4	6	11	10	4	1	6	1	0.90581628	10	8899.3322	8899.5322	8899.5322	8899.7322	8900.438
3	36	1	2	641	4	6	11	11	1	2	1	1	0.81459318	11	8901.6302	8902.2302	8902.2302	8902.4302	8903.0448
3	36	1	2	642	4	6	11	12	6	2	8	1	0.94251475	12	8904.262	8904.862	8904.862	8905.062	8905.8045
3	36	1	2	643	4	6	11	13	4	1	6	1	1.6567389	13	8906.894	8907.094	8907.094	8907.294	8908.7507
3	36	1	2	644	4	6	11	14	3	1	2	0	1.3039646	13	8909.1258	8909.3258	8909.3258	8909.5258	8910.6298
3	36	1	2	645	4	6	11	15	5	2	7	1	0.82350279	14	8911.3585	8911.9585	8911.9585	8912.1585	8912.782
3	36	1	2	646	4	6	11	16	5	2	7	1	0.64552691	15	8913.9944	8914.5944	8914.5944	8914.7944	8915.24
3	36	1	2	647	4	6	11	17	6	1	8	1	1.3642144	16	8916.6496	8916.8496	8916.8496	8917.0496	8918.2138
3	36	1	2	648	4	6	11	18	3	1	3	1	1.5290235	17	8918.8844	8919.0844	8919.0844	8919.2844	8920.6134
3	36	1	2	649	4	6	11	19	2	1	2	1	0.96242557	18	8921.1162	8921.3162	8921.3162	8921.5162	8922.2786
3	36	1	2	650	4	6	11	20	5	2	7	1	0.96361224	19	8923.3491	8923.9491	8923.9491	8924.1491	8924.9127
3	36	1	2	651	4	6	11	21	1	1	1	1	0.73025974	20	8925.9811	8926.1811	8926.1811	8926.3811	8926.9113
3	36	1	2	652	4	6	11	22	1	1	1	1	0.64852707	21	8928.2138	8928.4138	8928.4138	8928.6138	8929.0623
3	36	1	2	653	4	6	11	23	5	1	7	1	0.69726916	22	8930.446	8930.646	8930.646	8930.846	8931.3433
3	36	1	2	654	4	6	11	24	2	2	2	1	0.99992688	23	8932.6778	8933.2778	8933.2778	8933.4778	8934.2777
3	36	1	2	655	4	6	11	25	2	1	2	1	0.59062427	24	8935.3104	8935.5104	8935.5104	8935.7104	8936.101
3	36	1	2	656	4	6	11	26	6	2	8	1	1.4075389	25	8937.5436	8938.1436	8938.1436	8938.3436	8939.5511
3	36	1	2	657	4	6	11	27	5	1	7	1	0.78122266	26	8940.1758	8940.3759	8940.3759	8940.5759	8941.1571
3	36	1	2	658	4	6	11	28	4	1	6	1	0.78434849	27	8942.4085	8942.6085	8942.6086	8942.8086	8943.3929
3	36	1	2	659	4	6	11	29	6	2	8	1	0.86943877	28	8944.6417	8945.2417	8945.2417	8945.4417	8946.1111
3	36	1	2	660	4	6	11	30	1	1	1	1	1.1469208	29	8947.2747	8947.4747	8947.4747	8947.6747	8948.6217
3	36	1	2	661	4	2	12	1	3	2	4	1	0.79853205	1	8977.5823	8978.1823	8978.1823	8978.3823	8978.9809
3	36	1	2	662	4	2	12	2	2	1	4	1	0.47228676	2	8980.2153	8980.4153	8980.4153	8980.6153	8980.8876
3	36	1	2	663	4	2	12	3	4	2	5	1	0.62311933	3	8982.448	8983.048	8983.048	8983.248	8983.6711
3	36	1	2	664	4	2	12	4	5	1	5	1	0.50538867	4	8985.084	8985.284	8985.284	8985.484	8985.7894
3	36	1	2	665	4	2	12	5	6	2	5	1	0.85986816	5	8987.3166	8987.9166	8987.9166	8988.1166	8988.7765
3	36	1	2	666	4	2	12	6	1	2	4	1	0.37255288	6	8989.9488	8990.5488	8990.5488	8990.7488	8990.9214
3	36	1	2	667	4	2	12	7	2	2	4	1	0.60048161	7	8992.5819	8993.1819	8993.1819	8993.3819	8993.7824
3	36	1	2	668	4	2	12	8	1	2	4	1	0.53598124	8	8995.2158	8995.8158	8995.8159	8996.0159	8996.3518
3	36	1	2	669	4	2	12	9	4	2	5	1	0.66776754	9	8997.8489	8998.4489	8998.4489	8998.6489	8999.1167
3	36	1	2	670	4	2	12	10	6	1	5	1	0.55670432	10	9000.4821	9000.6822	9000.6822	9000.8822	9001.2389
3	36	1	2	671	4	2	12	11	4	2	5	1	0.46925169	11	9002.7153	9003.3153	9003.3153	9003.5153	9003.7846
3	36	1	2	672	4	2	12	12	2	2	5	0	0.6663825	11	9005.3484	9005.9484	9005.9484	9006.1484	9006.6147
3	36	1	2	673	4	2	12	13	1	1	4	1	0.58577868	12	9007.9813	9008.1813	9008.1814	9008.3814	9008.7672
3	36	1	2	674	4	2	12	14	2	1	4	1	0.46237693	13	9010.2146	9010.4147	9010.4147	9010.6147	9010.8771
3	36	1	2	675	4	2	12	15	4	2	5	1	0.79054234	14	9012.4481	9013.0481	9013.0481	9013.2481	9013.8386
3	36	1	2	676	4	2	12	16	5	2	5	1	0.66377873	15	9015.0879	9015.6879	9015.6879	9015.8879	9016.3517
3	36	1	2	677	4	2	12	17	3	1	4	1	0.86224654	16	9017.7212	9017.9213	9017.9213	9018.1213	9018.7835
3	36	1	2	678	4	2	12	18	2	1	4	1	1.1413874	17	9019.9545	9020.1545	9020.1546	9020.3546	9021.2959
3	36	1	2	679	4	2	12	19	1	1	4	1	0.72383595	18	9022.1876	9022.3876	9022.3877	9022.5877	9023.1115
3	36	1	2	680	4	2	12	20	3	2	4	1	0.86365068	19	9024.4211	9025.0211	9025.0212	9025.2212	9025.8848
3	36	1	2	681	4	2	12	21	3	1	4	1	1.2642607	20	9027.0544	9027.2544	9027.2544	9027.4544	9028.5187
3	36	1	2	682	4	2	12	22	6	1	5	1	0.99785123	21	9029.2883	9029.4883	9029.4883	9029.6883	9030.4861
3	36	1	2	683	4	2	12	23	5	1	5	1	0.54029155	22	9031.522	9031.722	9031.722	9031.922	9032.2623
3	36	1	2	684	4	2	12	24	5	2	5	1	0.42447499	23	9033.7892	9034.3892	9034.3892	9034.5892	9034.8136
3	36	1	2	685	4	2	12	25	1	1	5	0	0.58262115	23	9036.4228	9036.6228	9036.6228	9036.8228	9037.2054
3	36	1	2	686	4	2	12	26	6	2	4	0	0.94559472	23	9038.6607	9039.2607	9039.2607	9039.4607	9040.2063
3	36	1	2	687	4	2	12	27	4	1	5	1	1.4394579	24	9041.2946	9041.4946	9041.4946	9041.6946	9042.9341
3	36	1	2	688	4	2	12	28	3	1	5	0	0.81179605	24	9043.5324	9043.7324	9043.7324	9043.9324	9044.5442
3	36	1	2	689	4	2	12	29	5	2	5	1	0.80758855	25	9045.7971	9046.3971	9046.3971	9046.5971	9047.2047
3	36	1	2	690	4	2	12	30	6	1	5	1	0.55225973	26	9048.4314	9048.6314	9048.6314	9048.8314	9049.1837
3	36	1	2	691	4	6	12	1	4	2	8	0	1.5890331	0	9078.8343	9079.4343	9079.4343	9079.6343	9081.0233
3	36	1	2	692	4	6	12	2	3	1	3	1	1.329792	1	9081.469	9081.669	9081.669	9081.869	9082.9988
3	36	1	2	693	4	6	12	3	5	2	7	1	0.826428	2	9083.7025	9084.3025	9084.3025	9084.5025	9085.1289
3	36	1	2	694	4	6	12	4	2	1	2	1	1.3522705	3	9086.3363	9086.5363	9086.5363	9086.7363	9087.8886
3	36	1	2	695	4	6	12	5	2	2	2	1	0.6910254	4	9088.5705	9089.1705	9089.1706	9089.3706	9089.8616
3	36	1	2	696	4	6	12	6	3	2	3	1	1.1930676	5	9091.2048	9091.8048	9091.8048	9092.0049	9092.9979
3	36	1	2	697	4	6	12	7	6	2	8	1	1.0694103	6	9093.8434	9094.4434	9094.4434	9094.6434	9095.5128
3	36	1	2	698	4	6	12	8	2	2	2	1	1.2638631	7	9096.4773	9097.0773	9097.0773	9097.2773	9098.3412
3	36	1	2	699	4	6	12	9	4	2	6	1	0.80684143	8	9099.1118	9099.7118	9099.7118	9099.9118	9100.5186
3	36	1	2	700	4	6	12	10	4	1	6	1	0.60439075	9	9101.7463	9101.9463	9101.9463	9102.1464	9102.5507
3	36	1	2	701	4	6	12	11	4	2	6	1	0.46767171	10	9103.986	9104.586	9104.586	9104.786	9105.0536
3	36	1	2	702	4	6	12	12	1	2	1	1	0.71994238	11	9106.6198	9107.2198	9107.2198	9107.4198	9107.9397
3	36	1	2	703	4	6	12	13	1	1	1	1	0.51010294	12	9109.2541	9109.4541	9109.4541	9109.6541	9109.9642
3	36	1	2	704	4	6	12	14	5	1	7	1	0.96057853	13	9111.4924	9111.6924	9111.6924	9111.8924	9112.653
3	36	1	2	705	4	6	12	15	5	2	7	1	0.37339374	14	9113.7309	9114.3309	9114.3309	9114.5309	9114.7043
3	36	1	2	706	4	6	12	16	6	2	8	1	1.7887769	15	9116.3658	9116.9658	9116.9659	9117.1659	9118.7546
3	36	1	2	707	4	6	12	17	6	1	8	1	0.50754654	16	9119.0017	9119.2018	9119.2018	9119.4018	9119.7093
3	36	1	2	708	4	6	12	18	6	1	8	1	0.41423861	17	9121.2405	9121.4405	9121.4405	9121.6406	9121.8548
3	36	1	2	709	4	6	12	19	6	1	8	1	0.460474	18	9123.4747	9123.6747	9123.6747	9123.8747	9124.1352
3	36	1	2	710	4	6	12	20	5	2	7	1	0.82701925	19	9125.71	9126.31	9126.31	9126.51	9127.137
3	36	1	2	711	4	6	12	21	1	1	1	1	0.81557142	20	9128.3451	9128.5451	9128.5451	9128.7451	9129.3607
3	36	1	2	712	4	6	12	22	3	1	3	1	0.75936384	21	9130.5797	9130.7797	9130.7797	9130.9797	9131.5391
3	36	1	2	713	4	6	12	23	5	1	7	1	0.82730222	22	9132.876	9133.076	9133.076	9133.276	9133.9033
3	36	1	2	714	4	6	12	24	3	2	3	1	0.77864582	23	9135.1104	9135.7104	9135.7104	9135.9104	9136.489
3	36	1	2	715	4	6	12	25	1	1	2	0	1.185767	23	9137.7485	9137.9485	9137.9485	9138.1485	9139.1342
3	36	1	2	716	4	6	12	26	3	2	3	1	1.0355844	24	9140.1306	9140.7306	9140.7306	9140.9306	9141.7662
3	36	1	2	717	4	6	12	27	1	1	1	1	0.76203066	25	9142.7656	9142.9656	9142.9656	9143.1656	9143.7276
3	36	1	2	718	4	6	12	28	2	1	2	1	0.61203864	26	9145.0007	9145.2007	9145.2007	9145.4007	9145.8127
3	36	1	2	719	4	6	12	29	4	2	6	1	1.0014337	27	9147.236	9147.836	9147.836	9148.036	9148.8374
3	36	1	2	720	4	6	12	30	2	1	2	1	0.8803688	28	9149.8709	9150.0709	9150.0709	9150.2709	9150.9513
