48	255	151	36	30	119	65	220	0	0	0	0	0	0	0	0	0	0	0	0
1	2	2	2	1	1	2	1	1	5	2	0	0	-6384.2873	0	6383.6869	6384.287	6384.2873	6384.4875	0
1	2	2	2	2	1	2	1	2	2	1	2	0	1.018001	0	6386.605	6386.8051	6386.8052	6387.0055	6387.8232
1	2	2	2	3	1	2	1	3	2	1	0	0	-6389.319	0	6389.119	6389.319	6389.319	6389.519	0
1	2	2	2	4	1	2	1	4	1	1	0	0	-6391.8265	0	6391.6265	6391.8265	6391.8265	6392.0265	0
1	2	2	2	5	1	2	1	5	4	1	2	0	1.308607	0	6394.1341	6394.3341	6394.3341	6394.5341	6395.6427
1	2	2	2	6	1	2	1	6	5	1	0	0	-6396.8546	0	6396.6546	6396.8546	6396.8546	6397.0547	0
1	2	2	2	7	1	2	1	7	5	2	1	0	1.7124176	0	6399.162	6399.762	6399.762	6399.962	6401.4744
1	2	2	2	8	1	2	1	8	2	1	1	1	0.84645175	1	6402.0749	6402.2749	6402.2749	6402.4749	6403.1213
1	2	2	2	9	1	2	1	9	6	1	8	1	0.73478917	2	6404.2821	6404.4821	6404.4821	6404.6821	6405.2169
1	2	2	2	10	1	2	1	10	3	2	1	1	0.66149497	3	6406.4895	6407.0895	6407.0895	6407.2896	6407.751
1	2	2	2	11	1	2	1	11	4	1	8	1	0.62518873	4	6409.0964	6409.2964	6409.2964	6409.4965	6409.9216
1	2	2	2	12	1	2	1	12	3	2	1	1	1.0817824	5	6411.3027	6411.9027	6411.9027	6412.1027	6412.9844
1	2	2	2	13	1	2	1	13	2	1	1	1	1.0665825	6	6413.9095	6414.1095	6414.1095	6414.3095	6415.1761
1	2	2	2	14	1	2	1	14	6	1	8	1	1.3322519	7	6416.1167	6416.3167	6416.3167	6416.5168	6417.649
1	2	2	2	15	1	2	1	15	4	2	8	1	0.71138231	8	6418.3239	6418.9239	6418.9239	6419.124	6419.6353
1	2	2	2	16	1	2	1	16	3	2	1	1	0.68704026	9	6420.9302	6421.5302	6421.5302	6421.7302	6422.2173
1	2	2	2	17	1	2	1	17	1	1	8	0	0.77815119	9	6423.5372	6423.7372	6423.7372	6423.9372	6424.5154
1	2	2	2	18	1	2	1	18	1	2	1	1	0.81388137	10	6426.0456	6426.6456	6426.6456	6426.8457	6427.4595
1	2	2	2	19	1	2	1	19	4	1	8	1	0.66920592	11	6428.6513	6428.8513	6428.8513	6429.0514	6429.5205
1	2	2	2	20	1	2	1	20	5	1	1	0	0.66989334	11	6430.859	6431.059	6431.059	6431.259	6431.7289
1	2	2	2	21	1	2	1	21	6	2	1	0	1.8114833	11	6433.3735	6433.9735	6433.9735	6434.1735	6435.785
1	2	2	2	22	1	2	1	22	1	2	1	1	0.99230046	12	6436.2899	6436.89	6436.89	6437.09	6437.8823
1	2	2	2	23	1	2	1	23	6	2	8	1	0.98486046	13	6438.897	6439.497	6439.497	6439.6971	6440.4819
1	2	2	2	24	1	2	1	24	4	1	8	1	0.6900765	14	6441.5043	6441.7043	6441.7044	6441.9044	6442.3945
1	2	2	2	25	1	2	1	25	5	2	8	1	0.57525686	15	6443.7124	6444.3125	6444.3125	6444.5125	6444.8877
1	2	2	2	26	1	2	1	26	2	2	1	1	0.65958697	16	6446.319	6446.919	6446.919	6447.119	6447.5786
1	2	2	2	27	1	2	1	27	1	2	1	1	0.68285197	17	6448.9268	6449.5268	6449.5268	6449.7268	6450.2096
1	2	2	2	28	1	2	1	28	3	2	1	1	0.61840019	18	6451.535	6452.135	6452.135	6452.335	6452.7534
1	2	2	2	29	1	2	1	29	6	1	8	1	0.81603196	19	6454.1438	6454.3438	6454.3439	6454.5439	6455.1599
1	2	2	2	30	1	2	1	30	3	2	1	1	0.63374521	20	6456.3516	6456.9517	6456.9517	6457.1517	6457.5854
1	2	2	2	31	1	6	1	1	5	2	6	1	1.3638275	1	6543.5954	6544.1955	6544.1956	6544.3958	6545.5595
1	2	2	2	32	1	6	1	2	5	1	6	1	0.76481043	2	6546.2045	6546.4046	6546.4046	6546.6046	6547.1694
1	2	2	2	33	1	6	1	3	3	1	4	1	1.1069854	3	6548.4127	6548.6127	6548.6127	6548.8128	6549.7197
1	2	2	2	34	1	6	1	4	4	1	5	1	1.2933984	4	6550.6193	6550.8193	6550.8194	6551.0194	6552.1128
1	2	2	2	35	1	6	1	5	1	1	2	1	1.4403609	5	6552.8274	6553.0274	6553.0274	6553.2275	6554.4678
1	2	2	2	36	1	6	1	6	3	1	4	1	0.9508223	6	6555.0359	6555.2359	6555.2359	6555.4359	6556.1867
1	2	2	2	37	1	6	1	7	6	2	0	0	-6557.8428	6	6557.2428	6557.8428	6557.8428	6558.0428	0
1	2	2	2	38	1	6	1	8	6	1	7	1	0.33161539	7	6560.2126	6560.4126	6560.4127	6560.6127	6560.7443
1	2	2	2	39	1	6	1	9	4	1	5	1	1.0836551	8	6562.4216	6562.6217	6562.6217	6562.8217	6563.7053
1	2	2	2	40	1	6	1	10	2	2	3	1	1.2848938	9	6564.6297	6565.2297	6565.2298	6565.4298	6566.5147
1	2	2	2	41	1	6	1	11	2	1	3	1	0.5837313	10	6567.2388	6567.4388	6567.4388	6567.6389	6568.0226
1	2	2	2	42	1	6	1	12	6	2	7	1	1.2218571	11	6569.4458	6570.0458	6570.0458	6570.2458	6571.2677
1	2	2	2	43	1	6	1	13	5	1	6	1	1.5002303	12	6572.0547	6572.2547	6572.2548	6572.4548	6573.755
1	2	2	2	44	1	6	1	14	3	1	4	1	1.364186	13	6574.2623	6574.4623	6574.4623	6574.6623	6575.8265
1	2	2	2	45	1	6	1	15	4	2	2	0	1.3078867	13	6576.4707	6577.0707	6577.0707	6577.2707	6578.3786
1	2	2	2	46	1	6	1	16	1	2	2	1	0.77822124	14	6579.3817	6579.9817	6579.9817	6580.1817	6580.7599
1	2	2	2	47	1	6	1	17	4	1	5	1	1.3387232	15	6581.9911	6582.1911	6582.1911	6582.3911	6583.5298
1	2	2	2	48	1	6	1	18	2	2	3	1	1.0452061	16	6584.2373	6584.8373	6584.8373	6585.0373	6585.8825
1	2	2	2	49	1	6	1	19	2	1	3	1	1.4753618	17	6586.8458	6587.0459	6587.0459	6587.2459	6588.5213
1	2	2	2	50	1	6	1	20	1	1	2	1	1.9310917	18	6589.0552	6589.2553	6589.2553	6589.4553	6591.1864
1	2	2	2	51	1	6	1	21	6	2	7	1	0.914359	19	6591.2643	6591.8643	6591.8643	6592.0643	6592.7787
1	2	2	2	52	1	6	1	22	5	2	6	1	1.0344392	20	6593.8734	6594.4734	6594.4734	6594.6734	6595.5078
1	2	2	2	53	1	6	1	23	3	2	4	1	0.77776754	21	6596.4806	6597.0806	6597.0806	6597.2806	6597.8584
1	2	2	2	54	1	6	1	24	5	1	6	1	1.6059691	22	6599.0897	6599.2897	6599.2897	6599.4897	6600.8957
1	2	2	2	55	1	6	1	25	1	2	2	1	1.6161831	23	6601.2994	6601.8994	6601.8994	6602.0994	6603.5156
1	2	2	2	56	1	6	1	26	6	2	7	1	1.2516362	24	6603.9095	6604.5095	6604.5095	6604.7095	6605.7612
1	2	2	2	57	1	6	1	27	4	2	0	0	-6607.1188	24	6606.5188	6607.1188	6607.1188	6607.3188	0
1	2	2	2	58	1	6	1	28	2	2	3	1	0.86999787	25	6609.4284	6610.0284	6610.0284	6610.2284	6610.8984
1	2	2	2	59	1	6	1	29	1	1	2	1	1.0503722	26	6612.0382	6612.2382	6612.2382	6612.4382	6613.2886
1	2	2	2	60	1	6	1	30	3	2	4	1	0.75506011	27	6614.2776	6614.8776	6614.8777	6615.0777	6615.6327
1	2	2	2	61	1	2	2	1	5	2	7	0	1.0348909	0	6650.8477	6651.4477	6651.4478	6651.6478	6652.4827
1	2	2	2	62	1	2	2	2	6	1	8	1	0.57165336	1	6653.7658	6653.9658	6653.9658	6654.1659	6654.5375
1	2	2	2	63	1	2	2	3	4	1	8	1	0.50721017	2	6655.9755	6656.1755	6656.1755	6656.3755	6656.6827
1	2	2	2	64	1	2	2	4	1	1	1	1	0.68524917	3	6658.1856	6658.3856	6658.3857	6658.5857	6659.0709
1	2	2	2	65	1	2	2	5	1	1	1	1	0.52628193	4	6660.3957	6660.5958	6660.5958	6660.7958	6661.122
1	2	2	2	66	1	2	2	6	3	1	1	1	0.54015022	5	6662.6052	6662.8052	6662.8052	6663.0052	6663.3453
1	2	2	2	67	1	2	2	7	4	2	8	1	0.75596397	6	6664.8152	6665.4152	6665.4153	6665.6154	6666.1713
1	2	2	2	68	1	2	2	8	4	1	8	1	0.59336227	7	6667.4232	6667.6233	6667.6233	6667.8233	6668.2166
1	2	2	2	69	1	2	2	9	1	1	1	1	0.55389261	8	6669.6314	6669.8314	6669.8314	6670.0315	6670.3853
1	2	2	2	70	1	2	2	10	2	2	1	1	0.5036161	9	6671.8419	6672.4419	6672.4419	6672.6419	6672.9455
1	2	2	2	71	1	2	2	11	3	1	1	1	0.59850855	10	6674.4524	6674.6524	6674.6524	6674.8524	6675.2509
1	2	2	2	72	1	2	2	12	4	2	8	1	0.89255474	11	6676.6629	6677.2629	6677.2629	6677.4629	6678.1555
1	2	2	2	73	1	2	2	13	5	1	8	1	0.67434013	12	6679.2735	6679.4735	6679.4735	6679.6735	6680.1479
1	2	2	2	74	1	2	2	14	6	1	8	1	0.59240674	13	6681.482	6681.682	6681.682	6681.882	6682.2744
1	2	2	2	75	1	2	2	15	6	2	8	1	0.60933544	14	6683.6903	6684.2903	6684.2903	6684.4903	6684.8997
1	2	2	2	76	1	2	2	16	1	2	1	1	0.69128626	15	6686.3674	6686.9674	6686.9674	6687.1674	6687.6587
1	2	2	2	77	1	2	2	17	2	1	1	1	1.5846038	16	6688.9778	6689.1778	6689.1778	6689.3779	6690.7624
1	2	2	2	78	1	2	2	18	5	2	8	1	0.7873663	17	6691.1887	6691.7887	6691.7887	6691.9887	6692.576
1	2	2	2	79	1	2	2	19	1	1	1	1	0.8402595	18	6693.7995	6693.9995	6693.9995	6694.1995	6694.8397
1	2	2	2	80	1	2	2	20	5	1	8	1	0.70281858	19	6696.0098	6696.2098	6696.2098	6696.4098	6696.9127
1	2	2	2	81	1	2	2	21	2	2	1	1	0.70499573	20	6698.2179	6698.8179	6698.8179	6699.0179	6699.5229
1	2	2	2	82	1	2	2	22	3	2	1	1	0.50371429	21	6700.8259	6701.426	6701.426	6701.626	6701.9297
1	2	2	2	83	1	2	2	23	6	2	8	1	0.61132881	22	6703.4368	6704.0368	6704.0368	6704.2368	6704.6481
1	2	2	2	84	1	2	2	24	3	1	1	1	0.66624729	23	6706.0479	6706.2479	6706.2479	6706.4479	6706.9142
1	2	2	2	85	1	2	2	25	2	2	1	1	0.62289668	24	6708.259	6708.859	6708.859	6709.059	6709.4819
1	2	2	2	86	1	2	2	26	2	2	1	1	0.498983	25	6710.8695	6711.4695	6711.4695	6711.6695	6711.9685
1	2	2	2	87	1	2	2	27	5	2	8	1	0.81245982	26	6713.478	6714.078	6714.078	6714.278	6714.8905
1	2	2	2	88	1	2	2	28	4	2	8	1	0.53240685	27	6716.0871	6716.6871	6716.6871	6716.8871	6717.2195
1	2	2	2	89	1	2	2	29	3	1	1	1	0.66507406	28	6718.6983	6718.8983	6718.8983	6719.0983	6719.5634
1	2	2	2	90	1	2	2	30	6	2	8	1	1.5454906	29	6720.91	6721.51	6721.51	6721.71	6723.0555
1	2	2	2	91	1	6	2	1	1	2	2	1	0.67899293	1	6752.459	6753.059	6753.059	6753.259	6753.738
1	2	2	2	92	1	6	2	2	5	1	6	1	1.4639865	2	6755.0707	6755.2707	6755.2707	6755.4707	6756.7347
1	2	2	2	93	1	6	2	3	1	1	3	0	1.161229	2	6757.2796	6757.4796	6757.4797	6757.6797	6758.6409
1	2	2	2	94	1	6	2	4	6	1	7	1	1.6535205	3	6759.7979	6759.998	6759.998	6760.198	6761.6515
1	2	2	2	95	1	6	2	5	2	1	3	1	1.1291215	4	6762.0089	6762.2089	6762.2089	6762.4089	6763.338
1	2	2	2	96	1	6	2	6	6	1	7	1	1.5029168	5	6764.2201	6764.4201	6764.4201	6764.6202	6765.9231
1	2	2	2	97	1	6	2	7	3	2	4	1	0.62838046	6	6766.4302	6767.0302	6767.0302	6767.2302	6767.6586
1	2	2	2	98	1	6	2	8	2	1	3	1	0.82528769	7	6769.0421	6769.2421	6769.2421	6769.4421	6770.0674
1	2	2	2	99	1	6	2	9	1	1	2	1	0.73840647	8	6771.2535	6771.4535	6771.4535	6771.6535	6772.1919
1	2	2	2	100	1	6	2	10	4	2	5	1	1.3881889	9	6773.4851	6774.0851	6774.0851	6774.2851	6775.4733
1	2	2	2	101	1	6	2	11	5	1	2	0	1.3828874	9	6776.0967	6776.2967	6776.2967	6776.4967	6777.6796
1	2	2	2	102	1	6	2	12	3	2	4	1	0.70341311	10	6778.6193	6779.2193	6779.2193	6779.4193	6779.9227
1	2	2	2	103	1	6	2	13	4	1	5	1	1.0687063	11	6781.231	6781.431	6781.431	6781.631	6782.4997
1	2	2	2	104	1	6	2	14	3	1	4	1	0.70925882	12	6783.4437	6783.6438	6783.6438	6783.8438	6784.353
1	2	2	2	105	1	6	2	15	5	2	6	1	0.88209426	13	6785.6578	6786.2578	6786.2578	6786.4578	6787.1399
1	2	2	2	106	1	6	2	16	3	2	4	1	0.90604809	14	6788.2701	6788.8701	6788.8701	6789.0701	6789.7762
1	2	2	2	107	1	6	2	17	4	1	5	1	1.4866689	15	6790.8819	6791.0819	6791.0819	6791.2819	6792.5686
1	2	2	2	108	1	6	2	18	4	2	5	1	0.65988032	16	6793.0936	6793.6936	6793.6936	6793.8936	6794.3535
1	2	2	2	109	1	6	2	19	6	1	0	0	-6795.9056	16	6795.7056	6795.9056	6795.9056	6796.1056	0
1	2	2	2	110	1	6	2	20	6	1	7	1	0.54420025	17	6798.2177	6798.4177	6798.4177	6798.6177	6798.9619
1	2	2	2	111	1	6	2	21	5	2	6	1	1.0021817	18	6800.5179	6801.1179	6801.1179	6801.3179	6802.1201
1	2	2	2	112	1	6	2	22	2	2	3	1	0.70221485	19	6803.1302	6803.7302	6803.7302	6803.9302	6804.4324
1	2	2	2	113	1	6	2	23	5	2	6	1	1.6661774	20	6805.7428	6806.3428	6806.3428	6806.5428	6808.0089
1	2	2	2	114	1	6	2	24	1	1	2	1	0.87093145	21	6808.3545	6808.5545	6808.5545	6808.7545	6809.4254
1	2	2	2	115	1	6	2	25	3	2	4	1	0.68123908	22	6810.5669	6811.1669	6811.1669	6811.367	6811.8482
1	2	2	2	116	1	6	2	26	4	2	5	1	1.1009202	23	6813.1795	6813.7795	6813.7795	6813.9795	6814.8804
1	2	2	2	117	1	6	2	27	2	2	3	1	0.88039137	24	6815.7922	6816.3922	6816.3922	6816.5922	6817.2726
1	2	2	2	118	1	6	2	28	2	2	4	0	1.9971467	24	6818.4051	6819.0051	6819.0051	6819.2051	6821.0023
1	2	2	2	119	1	6	2	29	1	1	2	1	1.3996659	25	6821.3231	6821.5231	6821.5231	6821.7231	6822.9227
1	2	2	2	120	1	6	2	30	6	2	7	1	0.97551481	26	6823.5319	6824.1319	6824.1319	6824.3319	6825.1074
1	2	2	2	121	1	2	3	1	2	2	2	0	0.49692582	0	6840.28	6840.88	6840.88	6841.08	6841.3769
1	2	2	2	122	1	2	3	2	6	1	0	0	-6843.4011	0	6843.2011	6843.4011	6843.4011	6843.6011	0
1	2	2	2	123	1	2	3	3	3	1	0	0	-6845.9118	0	6845.7118	6845.9118	6845.9118	6846.1118	0
1	2	2	2	124	1	2	3	4	3	1	1	1	1.1546764	1	6848.2244	6848.4244	6848.4244	6848.6244	6849.5791
1	2	2	2	125	1	2	3	5	4	1	8	1	0.61833919	2	6850.4375	6850.6375	6850.6375	6850.8375	6851.2559
1	2	2	2	126	1	2	3	6	5	1	1	0	0.38519891	2	6852.6504	6852.8504	6852.8504	6853.0504	6853.2356
1	2	2	2	127	1	2	3	7	1	2	1	1	0.76331566	3	6855.1665	6855.7665	6855.7665	6855.9665	6856.5298
1	2	2	2	128	1	2	3	8	6	1	8	1	0.59655428	4	6857.7793	6857.9793	6857.9793	6858.1793	6858.5759
1	2	2	2	129	1	2	3	9	4	1	8	1	0.57598296	5	6859.9918	6860.1918	6860.1918	6860.3918	6860.7678
1	2	2	2	130	1	2	3	10	3	2	1	1	0.64332926	6	6862.205	6862.805	6862.805	6863.005	6863.4484
1	2	2	2	131	1	2	3	11	6	1	8	1	0.62939257	7	6864.8183	6865.0183	6865.0183	6865.2183	6865.6477
1	2	2	2	132	1	2	3	12	5	2	8	1	0.61069777	8	6867.029	6867.629	6867.629	6867.829	6868.2397
1	2	2	2	133	1	2	3	13	3	1	1	1	0.65010467	9	6869.6399	6869.8399	6869.8399	6870.0399	6870.49
1	2	2	2	134	1	2	3	14	1	1	1	1	0.60586068	10	6871.8529	6872.053	6872.053	6872.253	6872.6588
1	2	2	2	135	1	2	3	15	1	2	1	1	0.54302411	11	6874.067	6874.667	6874.667	6874.867	6875.2101
1	2	2	2	136	1	2	3	16	2	2	1	1	0.66585589	12	6876.6805	6877.2805	6877.2805	6877.4805	6877.9464
1	2	2	2	137	1	2	3	17	5	1	8	1	0.89027794	13	6879.2942	6879.4942	6879.4942	6879.6942	6880.3845
1	2	2	2	138	1	2	3	18	2	2	1	1	0.54843332	14	6881.5076	6882.1076	6882.1076	6882.3076	6882.6561
1	2	2	2	139	1	2	3	19	5	1	8	1	0.73448104	15	6884.1211	6884.3211	6884.3211	6884.5211	6885.0556
1	2	2	2	140	1	2	3	20	6	1	8	1	0.82724701	16	6886.3346	6886.5346	6886.5346	6886.7346	6887.3619
1	2	2	2	141	1	2	3	21	1	2	1	1	0.68151264	17	6888.5482	6889.1482	6889.1482	6889.3482	6889.8297
1	2	2	2	142	1	2	3	22	2	2	1	1	0.73855944	18	6891.1606	6891.7606	6891.7606	6891.9606	6892.4992
1	2	2	2	143	1	2	3	23	4	2	8	1	0.73322634	19	6893.7743	6894.3743	6894.3743	6894.5743	6895.1075
1	2	2	2	144	1	2	3	24	2	1	1	1	1.1419705	20	6896.3881	6896.5881	6896.5881	6896.7881	6897.73
1	2	2	2	145	1	2	3	25	5	2	8	1	0.68041164	21	6898.6018	6899.2018	6899.2019	6899.4019	6899.8823
1	2	2	2	146	1	2	3	26	4	2	8	1	0.71777219	22	6901.2146	6901.8146	6901.8146	6902.0146	6902.5324
1	2	2	2	147	1	2	3	27	4	2	8	1	0.67574029	23	6903.8287	6904.4287	6904.4287	6904.6287	6905.1044
1	2	2	2	148	1	2	3	28	6	2	8	1	0.69920508	24	6906.4398	6907.0398	6907.0398	6907.2398	6907.739
1	2	2	2	149	1	2	3	29	3	1	1	1	0.6197347	25	6909.0532	6909.2532	6909.2532	6909.4533	6909.873
1	2	2	2	150	1	2	3	30	1	2	1	1	0.54350732	26	6911.2681	6911.8681	6911.8681	6912.0681	6912.4116
1	2	2	2	151	1	6	3	1	4	2	5	1	1.013243	1	6937.3009	6937.9009	6937.9009	6938.1009	6938.9142
1	2	2	2	152	1	6	3	2	5	1	6	1	0.86737312	2	6939.9156	6940.1156	6940.1156	6940.3156	6940.983
1	2	2	2	153	1	6	3	3	1	1	2	1	0.79784465	3	6942.1296	6942.3296	6942.3296	6942.5296	6943.1275
1	2	2	2	154	1	6	3	4	2	1	3	1	0.62619705	4	6944.3433	6944.5433	6944.5433	6944.7433	6945.1695
1	2	2	2	155	1	6	3	5	1	1	2	1	0.70703209	5	6946.5571	6946.7571	6946.7571	6946.9571	6947.4641
1	2	2	2	156	1	6	3	6	5	1	6	1	0.85387606	6	6948.771	6948.971	6948.971	6949.171	6949.8249
1	2	2	2	157	1	6	3	7	2	2	3	1	1.1528473	7	6950.9858	6951.5858	6951.5859	6951.7859	6952.7387
1	2	2	2	158	1	6	3	8	2	1	3	1	0.6818176	8	6953.5983	6953.7983	6953.7983	6953.9983	6954.4801
1	2	2	2	159	1	6	3	9	1	1	2	1	0.77336053	9	6955.8129	6956.0129	6956.0129	6956.2129	6956.7863
1	2	2	2	160	1	6	3	10	1	2	2	1	0.96785664	10	6958.027	6958.627	6958.627	6958.827	6959.5949
1	2	2	2	161	1	6	3	11	6	1	7	1	1.6335704	11	6960.6417	6960.8417	6960.8417	6961.0417	6962.4752
1	2	2	2	162	1	6	3	12	4	2	5	1	1.2049299	12	6962.8545	6963.4545	6963.4545	6963.6545	6964.6595
1	2	2	2	163	1	6	3	13	3	1	4	1	0.71187347	13	6965.4695	6965.6695	6965.6695	6965.8695	6966.3814
1	2	2	2	164	1	6	3	14	6	1	7	1	0.71589107	14	6967.6838	6967.8838	6967.8838	6968.0838	6968.5997
1	2	2	2	165	1	6	3	15	2	2	2	0	0.76605075	14	6969.8984	6970.4984	6970.4984	6970.6984	6971.2645
1	2	2	2	166	1	6	3	16	3	2	4	1	0.72716625	15	6972.8247	6973.4247	6973.4247	6973.6247	6974.1519
1	2	2	2	167	1	6	3	17	6	1	7	1	1.0516668	16	6975.4394	6975.6394	6975.6394	6975.8394	6976.6911
1	2	2	2	168	1	6	3	18	3	2	4	1	0.81259671	17	6977.707	6978.3071	6978.3071	6978.5071	6979.1196
1	2	2	2	169	1	6	3	19	4	1	5	1	0.99093701	18	6980.3214	6980.5214	6980.5214	6980.7214	6981.5124
1	2	2	2	170	1	6	3	20	2	1	3	1	1.5274488	19	6982.5364	6982.7364	6982.7364	6982.9364	6984.2638
1	2	2	2	171	1	6	3	21	6	2	7	1	1.0570044	20	6984.7485	6985.3485	6985.3485	6985.5485	6986.4055
1	2	2	2	172	1	6	3	22	5	2	6	1	1.6592253	21	6987.3634	6987.9634	6987.9634	6988.1634	6989.6226
1	2	2	2	173	1	6	3	23	5	2	6	1	0.80566335	22	6989.9781	6990.5782	6990.5782	6990.7782	6991.3838
1	2	2	2	174	1	6	3	24	6	1	0	0	-6992.7905	22	6992.5905	6992.7905	6992.7905	6992.9905	0
1	2	2	2	175	1	6	3	25	4	2	5	1	1.1542845	23	6995.1032	6995.7032	6995.7032	6995.9032	6996.8575
1	2	2	2	176	1	6	3	26	1	2	2	1	1.3735263	24	6997.7182	6998.3182	6998.3182	6998.5183	6999.6918
1	2	2	2	177	1	6	3	27	3	2	4	1	1.2681917	25	7000.3329	7000.933	7000.933	7001.133	7002.2011
1	2	2	2	178	1	6	3	28	5	2	6	1	1.5121878	26	7002.9453	7003.5453	7003.5453	7003.7453	7005.0575
1	2	2	2	179	1	6	3	29	4	1	4	0	1.0962796	26	7005.5601	7005.7601	7005.7601	7005.9601	7006.8564
1	2	2	2	180	1	6	3	30	3	2	4	1	0.71139022	27	7008.082	7008.682	7008.682	7008.882	7009.3934
1	2	2	2	181	2	2	4	1	1	2	1	1	0.85225991	1	7472.2354	7472.8354	7472.8354	7473.0354	7473.6876
1	2	2	2	182	2	2	4	2	5	1	8	1	0.59911752	2	7474.8506	7475.0507	7475.0507	7475.2507	7475.6498
1	2	2	2	183	2	2	4	3	2	1	1	1	0.38365693	3	7477.0655	7477.2655	7477.2655	7477.4655	7477.6492
1	2	2	2	184	2	2	4	4	2	1	8	0	0.35032914	3	7479.3071	7479.5071	7479.5071	7479.7071	7479.8574
1	2	2	2	185	2	2	4	5	1	1	1	1	0.47784737	4	7481.5208	7481.7208	7481.7208	7481.9209	7482.1987
1	2	2	2	186	2	2	4	6	1	1	1	1	0.41958012	5	7483.7377	7483.9377	7483.9378	7484.1378	7484.3573
1	2	2	2	187	2	2	4	7	4	2	8	1	0.60140514	6	7485.9501	7486.5501	7486.5501	7486.7501	7487.1515
1	2	2	2	188	2	2	4	8	5	1	8	1	0.54782784	7	7488.5657	7488.7657	7488.7657	7488.9658	7489.3136
1	2	2	2	189	2	2	4	9	1	1	1	1	0.74257686	8	7490.7824	7490.9824	7490.9824	7491.1824	7491.725
1	2	2	2	190	2	2	4	10	3	2	1	1	0.6121974	9	7492.9986	7493.5986	7493.5986	7493.7986	7494.2108
1	2	2	2	191	2	2	4	11	2	1	1	1	0.48406763	10	7495.614	7495.814	7495.814	7496.014	7496.298
1	2	2	2	192	2	2	4	12	4	2	8	1	0.57184589	11	7497.8297	7498.4297	7498.4297	7498.6297	7499.0015
1	2	2	2	193	2	2	4	13	5	1	8	1	0.51706839	12	7500.4423	7500.6423	7500.6423	7500.8423	7501.1594
1	2	2	2	194	2	2	4	14	4	1	8	1	0.59997349	13	7502.6584	7502.8584	7502.8584	7503.0584	7503.4583
1	2	2	2	195	2	2	4	15	6	2	8	1	0.49385688	14	7504.8746	7505.4746	7505.4746	7505.6746	7505.9685
1	2	2	2	196	2	2	4	16	4	2	8	1	0.46573118	15	7507.4902	7508.0902	7508.0902	7508.2902	7508.556
1	2	2	2	197	2	2	4	17	6	1	8	1	0.75161966	16	7510.1061	7510.3062	7510.3062	7510.5062	7511.0578
1	2	2	2	198	2	2	4	18	6	2	8	1	0.52266793	17	7512.3348	7512.9348	7512.9348	7513.1348	7513.4575
1	2	2	2	199	2	2	4	19	5	1	8	1	0.51660553	18	7514.9512	7515.1512	7515.1512	7515.3512	7515.6678
1	2	2	2	200	2	2	4	20	2	1	1	1	0.57120498	19	7517.167	7517.367	7517.367	7517.567	7517.9382
1	2	2	2	201	2	2	4	21	2	2	1	1	0.48874484	20	7519.384	7519.984	7519.984	7520.184	7520.4728
1	2	2	2	202	2	2	4	22	3	2	1	1	0.4758599	21	7522.0001	7522.6001	7522.6001	7522.8001	7523.076
1	2	2	2	203	2	2	4	23	5	2	8	1	0.62528315	22	7524.6159	7525.2159	7525.2159	7525.4159	7525.8412
1	2	2	2	204	2	2	4	24	3	1	1	1	1.5005438	23	7527.2295	7527.4295	7527.4295	7527.6295	7528.9301
1	2	2	2	205	2	2	4	25	4	2	8	1	0.65099136	24	7529.4456	7530.0456	7530.0456	7530.2456	7530.6966
1	2	2	2	206	2	2	4	26	3	2	1	1	0.79372313	25	7532.062	7532.662	7532.662	7532.862	7533.4557
1	2	2	2	207	2	2	4	27	6	2	8	1	0.62529693	26	7534.6786	7535.2786	7535.2786	7535.4786	7535.9039
1	2	2	2	208	2	2	4	28	6	2	8	1	0.61644111	27	7537.2955	7537.8955	7537.8955	7538.0955	7538.512
1	2	2	2	209	2	2	4	29	3	1	1	1	0.66557034	28	7539.9116	7540.1116	7540.1116	7540.3116	7540.7771
1	2	2	2	210	2	2	4	30	1	2	1	1	0.73036795	29	7542.128	7542.7281	7542.7281	7542.9281	7543.4584
1	2	2	2	211	2	6	4	1	5	2	6	1	0.61442923	1	7572.7943	7573.3943	7573.3943	7573.5943	7574.0088
1	2	2	2	212	2	6	4	2	3	1	4	1	1.00066	2	7575.4106	7575.6106	7575.6106	7575.8106	7576.6113
1	2	2	2	213	2	6	4	3	1	1	2	1	1.5005163	3	7577.6277	7577.8277	7577.8277	7578.0277	7579.3282
1	2	2	2	214	2	6	4	4	2	1	3	1	0.78166126	4	7579.8442	7580.0442	7580.0442	7580.2442	7580.8258
1	2	2	2	215	2	6	4	5	4	1	5	1	1.0765438	5	7582.0617	7582.2617	7582.2617	7582.4617	7583.3382
1	2	2	2	216	2	6	4	6	1	1	2	1	1.981616	6	7584.2783	7584.4783	7584.4783	7584.6783	7586.4599
1	2	2	2	217	2	6	4	7	2	2	3	1	1.5324223	7	7586.4921	7587.0921	7587.0921	7587.2921	7588.6246
1	2	2	2	218	2	6	4	8	5	1	6	1	0.94328043	8	7589.1061	7589.3061	7589.3061	7589.5061	7590.2494
1	2	2	2	219	2	6	4	9	2	1	3	1	1.6045578	9	7591.3232	7591.5233	7591.5233	7591.7233	7593.1278
1	2	2	2	220	2	6	4	10	5	2	6	1	1.0786371	10	7593.5374	7594.1374	7594.1374	7594.3374	7595.216
1	2	2	2	221	2	6	4	11	4	1	5	1	1.4142022	11	7596.1546	7596.3546	7596.3546	7596.5546	7597.7688
1	2	2	2	222	2	6	4	12	6	2	7	1	0.71416424	12	7598.3741	7598.9741	7598.9741	7599.1741	7599.6882
1	2	2	2	223	2	6	4	13	5	1	6	1	1.3452494	13	7600.9915	7601.1915	7601.1915	7601.3915	7602.5368
1	2	2	2	224	2	6	4	14	3	1	4	1	0.74575873	14	7603.2056	7603.4056	7603.4056	7603.6056	7604.1514
1	2	2	2	225	2	6	4	15	1	2	3	0	1.4517626	14	7605.4361	7606.0362	7606.0362	7606.2362	7607.4879
1	2	2	2	226	2	6	4	16	1	2	2	1	0.73390824	15	7608.0501	7608.6501	7608.6501	7608.8502	7609.384
1	2	2	2	227	2	6	4	17	6	1	7	1	0.80092598	16	7610.6679	7610.8679	7610.8679	7611.0679	7611.6688
1	2	2	2	228	2	6	4	18	6	2	7	1	0.84970663	17	7612.8862	7613.4862	7613.4863	7613.6863	7614.336
1	2	2	2	229	2	6	4	19	3	1	4	1	0.74804917	18	7615.5002	7615.7002	7615.7002	7615.9002	7616.4483
1	2	2	2	230	2	6	4	20	4	1	5	1	1.1069929	19	7617.7177	7617.9177	7617.9177	7618.1177	7619.0247
1	2	2	2	231	2	6	4	21	1	2	2	1	1.0003159	20	7619.9356	7620.5356	7620.5356	7620.7356	7621.5359
1	2	2	2	232	2	6	4	22	6	2	7	1	1.8318967	21	7622.5531	7623.1531	7623.1531	7623.3531	7624.985
1	2	2	2	233	2	6	4	23	3	2	4	1	0.83766895	22	7625.1709	7625.7709	7625.7709	7625.9709	7626.6085
1	2	2	2	234	2	6	4	24	2	1	3	1	0.87634777	23	7627.7885	7627.9885	7627.9885	7628.1885	7628.8648
1	2	2	2	235	2	6	4	25	3	2	4	1	0.7362662	24	7630.0063	7630.6063	7630.6063	7630.8063	7631.3426
1	2	2	2	236	2	6	4	26	4	2	5	1	0.75040787	25	7632.6213	7633.2213	7633.2213	7633.4213	7633.9717
1	2	2	2	237	2	6	4	27	5	2	6	1	1.5507122	26	7635.237	7635.837	7635.837	7636.037	7637.3877
1	2	2	2	238	2	6	4	28	2	2	3	1	0.82640709	27	7637.8547	7638.4547	7638.4547	7638.6547	7639.2811
1	2	2	2	239	2	6	4	29	4	1	5	1	1.2426644	28	7640.4726	7640.6726	7640.6726	7640.8726	7641.9153
1	2	2	2	240	2	6	4	30	6	2	7	1	0.8001753	29	7642.6914	7643.2914	7643.2914	7643.4914	7644.0916
1	2	2	2	241	2	2	5	1	6	2	8	1	0.79954826	1	7673.3529	7673.9529	7673.9529	7674.1529	7674.7525
1	2	2	2	242	2	2	5	2	3	1	1	1	0.53703396	2	7675.9683	7676.1683	7676.1683	7676.3683	7676.7053
1	2	2	2	243	2	2	5	3	6	1	8	1	0.42473854	3	7678.1837	7678.3837	7678.3837	7678.5837	7678.8084
1	2	2	2	244	2	2	5	4	4	1	8	1	0.53627728	4	7680.402	7680.602	7680.602	7680.802	7681.1383
1	2	2	2	245	2	2	5	5	3	1	1	1	0.56325728	5	7682.6205	7682.8205	7682.8206	7683.0206	7683.3838
1	2	2	2	246	2	2	5	6	2	1	1	1	0.56036083	6	7684.8398	7685.0398	7685.0398	7685.2398	7685.6001
1	2	2	2	247	2	2	5	7	3	2	1	1	0.56832999	7	7687.058	7687.658	7687.658	7687.858	7688.2263
1	2	2	2	248	2	2	5	8	5	1	8	1	0.54238109	8	7689.6764	7689.8764	7689.8764	7690.0765	7690.4188
1	2	2	2	249	2	2	5	9	6	1	8	1	0.45078709	9	7691.8966	7692.0966	7692.0966	7692.2966	7692.5474
1	2	2	2	250	2	2	5	10	6	2	8	1	0.53730064	10	7694.1123	7694.7123	7694.7123	7694.9123	7695.2496
1	2	2	2	251	2	2	5	11	2	1	1	1	0.59957559	11	7696.7317	7696.9317	7696.9317	7697.1317	7697.5313
1	2	2	2	252	2	2	5	12	5	2	8	1	0.64458369	12	7698.9513	7699.5513	7699.5513	7699.7513	7700.1959
1	2	2	2	253	2	2	5	13	4	1	8	1	0.56765381	13	7701.5701	7701.7701	7701.7701	7701.9701	7702.3378
1	2	2	2	254	2	2	5	14	5	1	8	1	0.86945829	14	7703.7897	7703.9897	7703.9897	7704.1897	7704.8591
1	2	2	2	255	2	2	5	15	1	2	1	1	0.59498828	15	7706.0084	7706.6084	7706.6084	7706.8084	7707.2034
1	2	2	2	256	2	2	5	16	4	2	8	1	0.61192698	16	7708.6278	7709.2278	7709.2278	7709.4278	7709.8397
1	2	2	2	257	2	2	5	17	2	1	1	1	0.87208668	17	7711.2434	7711.4434	7711.4434	7711.6434	7712.3155
1	2	2	2	258	2	2	5	18	3	2	1	1	0.53646879	18	7713.4663	7714.0663	7714.0663	7714.2663	7714.6027
1	2	2	2	259	2	2	5	19	4	1	8	1	0.5328306	19	7716.0851	7716.2851	7716.2851	7716.4851	7716.8179
1	2	2	2	260	2	2	5	20	2	1	1	1	0.60375439	20	7718.3041	7718.5041	7718.5041	7718.7041	7719.1079
1	2	2	2	261	2	2	5	21	1	2	1	1	0.47786831	21	7720.523	7721.123	7721.123	7721.323	7721.6009
1	2	2	2	262	2	2	5	22	1	2	1	1	0.37954961	22	7723.1418	7723.7418	7723.7418	7723.9418	7724.1213
1	2	2	2	263	2	2	5	23	6	2	8	1	1.1085558	23	7725.7574	7726.3574	7726.3574	7726.5574	7727.466
1	2	2	2	264	2	2	5	24	5	1	8	1	0.65124793	24	7728.3747	7728.5747	7728.5747	7728.7747	7729.226
1	2	2	2	265	2	2	5	25	1	2	1	1	0.60192151	25	7730.5936	7731.1936	7731.1936	7731.3936	7731.7955
1	2	2	2	266	2	2	5	26	1	2	1	1	0.49460373	26	7733.2132	7733.8132	7733.8132	7734.0132	7734.3078
1	2	2	2	267	2	2	5	27	5	2	8	1	0.59329521	27	7735.8312	7736.4313	7736.4313	7736.6313	7737.0246
1	2	2	2	268	2	2	5	28	2	2	1	1	0.69970616	28	7738.4514	7739.0514	7739.0514	7739.2514	7739.7511
1	2	2	2	269	2	2	5	29	4	1	8	1	0.54700387	29	7741.07	7741.27	7741.27	7741.47	7741.817
1	2	2	2	270	2	2	5	30	3	2	1	1	0.56051095	30	7743.2896	7743.8896	7743.8896	7744.0896	7744.4502
1	2	2	2	271	2	6	5	1	6	2	7	1	0.95942448	1	7773.9722	7774.5722	7774.5722	7774.7723	7775.5317
1	2	2	2	272	2	6	5	2	6	1	7	1	0.49776494	2	7776.5922	7776.7922	7776.7922	7776.9922	7777.29
1	2	2	2	273	2	6	5	3	4	1	5	1	0.94553729	3	7778.8083	7779.0084	7779.0084	7779.2084	7779.9539
1	2	2	2	274	2	6	5	4	1	1	3	0	0.8284228	3	7781.0282	7781.2282	7781.2282	7781.4282	7782.0566
1	2	2	2	275	2	6	5	5	6	1	7	1	0.80173432	4	7783.2475	7783.4475	7783.4475	7783.6475	7784.2492
1	2	2	2	276	2	6	5	6	3	1	4	1	0.63077461	5	7785.4677	7785.6677	7785.6677	7785.8677	7786.2985
1	2	2	2	277	2	6	5	7	3	2	4	1	0.52271902	6	7787.6881	7788.2881	7788.2881	7788.4881	7788.8108
1	2	2	2	278	2	6	5	8	4	1	5	1	0.90129792	7	7790.3078	7790.5078	7790.5078	7790.7078	7791.4091
1	2	2	2	279	2	6	5	9	1	1	2	1	0.92783066	8	7792.5278	7792.7278	7792.7278	7792.9278	7793.6557
1	2	2	2	280	2	6	5	10	6	2	7	1	0.7678797	9	7794.7454	7795.3454	7795.3454	7795.5454	7796.1133
1	2	2	2	281	2	6	5	11	1	1	2	1	1.1188147	10	7797.365	7797.565	7797.565	7797.765	7798.6838
1	2	2	2	282	2	6	5	12	2	2	3	1	0.38026957	11	7799.5847	7800.1847	7800.1847	7800.3847	7800.5649
1	2	2	2	283	2	6	5	13	1	1	2	1	1.1555845	12	7802.2079	7802.4079	7802.4079	7802.6079	7803.5635
1	2	2	2	284	2	6	5	14	5	1	6	1	1.2852565	13	7804.4298	7804.6298	7804.6298	7804.8298	7805.9151
1	2	2	2	285	2	6	5	15	2	2	3	1	1.0516289	14	7806.6701	7807.2701	7807.2701	7807.4701	7808.3217
1	2	2	2	286	2	6	5	16	5	2	6	1	0.98975184	15	7809.2888	7809.8888	7809.8888	7810.0889	7810.8786
1	2	2	2	287	2	6	5	17	5	1	6	1	0.45616527	16	7811.9089	7812.1089	7812.1089	7812.3089	7812.565
1	2	2	2	288	2	6	5	18	4	2	5	1	0.70511218	17	7814.1293	7814.7293	7814.7293	7814.9293	7815.4344
1	2	2	2	289	2	6	5	19	1	1	2	1	1.3052148	18	7816.7498	7816.9498	7816.9498	7817.1498	7818.255
1	2	2	2	290	2	6	5	20	4	1	5	1	1.3774921	19	7818.9703	7819.1703	7819.1703	7819.3703	7820.5478
1	2	2	2	291	2	6	5	21	2	2	3	1	1.7145883	20	7821.1908	7821.7908	7821.7908	7821.9909	7823.5054
1	2	2	2	292	2	6	5	22	4	2	5	1	0.85577937	21	7823.8111	7824.4111	7824.4111	7824.6111	7825.2669
1	2	2	2	293	2	6	5	23	3	2	4	1	0.76405191	22	7826.4311	7827.0311	7827.0311	7827.2311	7827.7952
1	2	2	2	294	2	6	5	24	2	1	3	1	0.9434172	23	7829.0523	7829.2523	7829.2523	7829.4523	7830.1957
1	2	2	2	295	2	6	5	25	3	2	4	1	0.84943482	24	7831.2739	7831.8739	7831.8739	7832.0739	7832.7233
1	2	2	2	296	2	6	5	26	5	2	6	1	1.4987589	25	7833.8934	7834.4934	7834.4934	7834.6934	7835.9922
1	2	2	2	297	2	6	5	27	2	2	3	1	0.76001654	26	7836.5138	7837.1138	7837.1139	7837.3139	7837.8739
1	2	2	2	298	2	6	5	28	5	2	6	1	1.1959143	27	7839.1343	7839.7343	7839.7343	7839.9343	7840.9302
1	2	2	2	299	2	6	5	29	6	1	7	1	0.78010602	28	7841.7556	7841.9556	7841.9556	7842.1556	7842.7357
1	2	2	2	300	2	6	5	30	3	2	4	1	0.70674057	29	7843.9768	7844.5768	7844.5769	7844.7769	7845.2836
1	2	2	2	301	2	2	6	1	6	2	8	1	0.8350453	1	7874.6614	7875.2614	7875.2614	7875.4615	7876.0965
1	2	2	2	302	2	2	6	2	4	1	8	1	0.52129409	2	7877.2804	7877.4804	7877.4804	7877.6804	7878.0017
1	2	2	2	303	2	2	6	3	1	1	1	1	0.51799469	3	7879.5	7879.7	7879.7	7879.9	7880.218
1	2	2	2	304	2	2	6	4	2	1	1	1	0.4374508	4	7881.7549	7881.9549	7881.9549	7882.1549	7882.3923
1	2	2	2	305	2	2	6	5	6	1	8	1	0.60101218	5	7883.9766	7884.1766	7884.1766	7884.3766	7884.7776
1	2	2	2	306	2	2	6	6	3	1	1	1	0.53553638	6	7886.1943	7886.3943	7886.3943	7886.5943	7886.9298
1	2	2	2	307	2	2	6	7	4	2	8	1	0.62532935	7	7888.4176	7889.0176	7889.0176	7889.2176	7889.643
1	2	2	2	308	2	2	6	8	1	1	1	1	0.52765252	8	7891.0361	7891.2361	7891.2361	7891.4361	7891.7637
1	2	2	2	309	2	2	6	9	2	1	1	1	0.56752188	9	7893.2575	7893.4575	7893.4575	7893.6575	7894.025
1	2	2	2	310	2	2	6	10	3	2	1	1	0.46703081	10	7895.4792	7896.0792	7896.0792	7896.2792	7896.5462
1	2	2	2	311	2	2	6	11	6	1	8	1	0.60107328	11	7898.1003	7898.3003	7898.3003	7898.5003	7898.9014
1	2	2	2	312	2	2	6	12	1	2	1	1	0.61750643	12	7900.3218	7900.9218	7900.9218	7901.1218	7901.5393
1	2	2	2	313	2	2	6	13	2	1	1	1	0.63439873	13	7902.943	7903.143	7903.143	7903.343	7903.7774
1	2	2	2	314	2	2	6	14	5	1	8	1	0.61369646	14	7905.1642	7905.3642	7905.3643	7905.5643	7905.9779
1	2	2	2	315	2	2	6	15	5	2	8	1	0.52557192	15	7907.3873	7907.9873	7907.9873	7908.1873	7908.5129
1	2	2	2	316	2	2	6	16	4	2	8	1	0.58101381	16	7910.0059	7910.6059	7910.6059	7910.8059	7911.1869
1	2	2	2	317	2	2	6	17	6	1	8	1	0.52784851	17	7912.6265	7912.8265	7912.8265	7913.0265	7913.3543
1	2	2	2	318	2	2	6	18	5	2	8	1	0.55356856	18	7914.8469	7915.4469	7915.4469	7915.6469	7916.0005
1	2	2	2	319	2	2	6	19	3	1	1	1	0.77343754	19	7917.4686	7917.6686	7917.6686	7917.8686	7918.442
1	2	2	2	320	2	2	6	20	4	1	8	1	0.60721028	20	7919.6906	7919.8906	7919.8906	7920.0906	7920.4978
1	2	2	2	321	2	2	6	21	3	2	1	1	0.65833499	21	7921.9116	7922.5116	7922.5117	7922.7117	7923.17
1	2	2	2	322	2	2	6	22	5	2	8	1	0.52135129	22	7924.5306	7925.1306	7925.1306	7925.3306	7925.652
1	2	2	2	323	2	2	6	23	3	2	1	1	0.66430622	23	7927.1497	7927.7497	7927.7497	7927.9497	7928.414
1	2	2	2	324	2	2	6	24	1	1	1	1	0.44796173	24	7929.8112	7930.0112	7930.0112	7930.2112	7930.4592
1	2	2	2	325	2	2	6	25	2	2	1	1	0.55034068	25	7932.0336	7932.6336	7932.6336	7932.8336	7933.1839
1	2	2	2	326	2	2	6	26	6	2	8	1	0.67970465	26	7934.6557	7935.2557	7935.2557	7935.4557	7935.9354
1	2	2	2	327	2	2	6	27	4	2	8	1	0.49116634	27	7937.2795	7937.8795	7937.8795	7938.0795	7938.3707
1	2	2	2	328	2	2	6	28	1	2	1	1	0.55035641	28	7939.8992	7940.4992	7940.4992	7940.6992	7941.0495
1	2	2	2	329	2	2	6	29	2	1	1	1	0.51250082	29	7942.5218	7942.7218	7942.7218	7942.9218	7943.2343
1	2	2	2	330	2	2	6	30	5	2	8	1	0.57142221	30	7944.8285	7945.4285	7945.4285	7945.6285	7945.9999
1	2	2	2	331	2	6	6	1	2	2	3	1	0.75136721	1	7975.5109	7976.1109	7976.1109	7976.3109	7976.8622
1	2	2	2	332	2	6	6	2	3	1	4	1	0.40447335	2	7978.1328	7978.3328	7978.3328	7978.5328	7978.7372
1	2	2	2	333	2	6	6	3	5	1	6	1	0.97988977	3	7980.3574	7980.5574	7980.5574	7980.7574	7981.5373
1	2	2	2	334	2	6	6	4	2	1	3	1	0.77501467	4	7982.5792	7982.7792	7982.7792	7982.9792	7983.5542
1	2	2	2	335	2	6	6	5	6	1	7	1	1.478286	5	7984.8019	7985.0019	7985.0019	7985.2019	7986.4802
1	2	2	2	336	2	6	6	6	1	1	3	0	0.86103467	5	7987.0285	7987.2285	7987.2285	7987.4285	7988.0895
1	2	2	2	337	2	6	6	7	4	2	5	1	0.792133	6	7989.2508	7989.8508	7989.8508	7990.0508	7990.6429
1	2	2	2	338	2	6	6	8	2	1	3	1	1.2497748	7	7991.8735	7992.0735	7992.0735	7992.2735	7993.3233
1	2	2	2	339	2	6	6	9	1	1	2	1	0.75410704	8	7994.0962	7994.2962	7994.2962	7994.4962	7995.0503
1	2	2	2	340	2	6	6	10	5	2	6	1	0.82857387	9	7996.3189	7996.9189	7996.9189	7997.1189	7997.7475
1	2	2	2	341	2	6	6	11	6	1	7	1	1.4370228	10	7998.9413	7999.1413	7999.1413	7999.3413	8000.5783
1	2	2	2	342	2	6	6	12	2	2	3	1	0.86172725	11	8001.1644	8001.7644	8001.7644	8001.9644	8002.6261
1	2	2	2	343	2	6	6	13	6	1	7	1	0.89360585	12	8003.7867	8003.9867	8003.9867	8004.1867	8004.8803
1	2	2	2	344	2	6	6	14	3	1	4	1	0.64240536	13	8006.0088	8006.2088	8006.2088	8006.4088	8006.8512
1	2	2	2	345	2	6	6	15	4	2	5	1	0.89103004	14	8008.2312	8008.8312	8008.8312	8009.0312	8009.7222
1	2	2	2	346	2	6	6	16	6	2	7	1	0.87908947	15	8010.9146	8011.5146	8011.5146	8011.7146	8012.3937
1	2	2	2	347	2	6	6	17	5	1	6	1	0.72801541	16	8013.5503	8013.7503	8013.7503	8013.9503	8014.4784
1	2	2	2	348	2	6	6	18	1	2	2	1	0.98022362	17	8015.7728	8016.3728	8016.3728	8016.5728	8017.3531
1	2	2	2	349	2	6	6	19	1	1	2	1	0.56033081	18	8018.3955	8018.5955	8018.5955	8018.7955	8019.1558
1	2	2	2	350	2	6	6	20	3	1	4	1	0.8076536	19	8020.6187	8020.8187	8020.8187	8021.0187	8021.6264
1	2	2	2	351	2	6	6	21	2	2	3	1	1.4444671	20	8022.9165	8023.5165	8023.5165	8023.7165	8024.961
1	2	2	2	352	2	6	6	22	4	2	5	1	0.80793887	21	8025.5396	8026.1396	8026.1397	8026.3397	8026.9476
1	2	2	2	353	2	6	6	23	4	2	5	1	0.69402072	22	8028.1635	8028.7635	8028.7635	8028.9635	8029.4575
1	2	2	2	354	2	6	6	24	5	1	6	1	0.83050964	23	8030.7865	8030.9865	8030.9865	8031.1865	8031.817
1	2	2	2	355	2	6	6	25	4	2	5	1	0.70597803	24	8033.0127	8033.6127	8033.6127	8033.8127	8034.3187
1	2	2	2	356	2	6	6	26	6	2	7	1	1.3796539	25	8035.6361	8036.2361	8036.2361	8036.4361	8037.6157
1	2	2	2	357	2	6	6	27	3	2	4	1	0.8876467	26	8038.2597	8038.8597	8038.8597	8039.0597	8039.7473
1	2	2	2	358	2	6	6	28	5	2	6	1	1.1082708	27	8040.9481	8041.5481	8041.5482	8041.7482	8042.6564
1	2	2	2	359	2	6	6	29	3	1	4	1	0.66263291	28	8043.572	8043.772	8043.772	8043.972	8044.4346
1	2	2	2	360	2	6	6	30	1	2	2	1	1.1651199	29	8045.7953	8046.3953	8046.3953	8046.5953	8047.5604
1	2	2	2	361	3	2	7	1	6	2	8	1	0.78624636	1	9073.8216	9074.4216	9074.4216	9074.6216	9075.2079
1	2	2	2	362	3	2	7	2	5	1	1	0	1.1005273	1	9076.4426	9076.6426	9076.6426	9076.8426	9077.7431
1	2	2	2	363	3	2	7	3	1	1	1	1	0.66459791	2	9078.6661	9078.8661	9078.8661	9079.0661	9079.5307
1	2	2	2	364	3	2	7	4	1	1	1	1	0.58939469	3	9080.8923	9081.0923	9081.0923	9081.2923	9081.6817
1	2	2	2	365	3	2	7	5	1	1	1	1	0.47980838	4	9083.116	9083.316	9083.316	9083.516	9083.7958
1	2	2	2	366	3	2	7	6	3	1	1	1	0.46035126	5	9085.3425	9085.5426	9085.5426	9085.7426	9086.0029
1	2	2	2	367	3	2	7	7	4	2	8	1	0.55559495	6	9087.5669	9088.1669	9088.1669	9088.3669	9088.7225
1	2	2	2	368	3	2	7	8	6	1	8	1	0.57337839	7	9090.1905	9090.3905	9090.3905	9090.5905	9090.9639
1	2	2	2	369	3	2	7	9	5	1	8	1	0.55296458	8	9092.4149	9092.6149	9092.6149	9092.8149	9093.1679
1	2	2	2	370	3	2	7	10	3	2	1	1	0.57867732	9	9094.6401	9095.2401	9095.2401	9095.4401	9095.8187
1	2	2	2	371	3	2	7	11	2	1	1	1	0.5570372	10	9097.2637	9097.4637	9097.4637	9097.6637	9098.0207
1	2	2	2	372	3	2	7	12	2	2	1	1	0.45599436	11	9099.4899	9100.0899	9100.0899	9100.2899	9100.5459
1	2	2	2	373	3	2	7	13	6	1	8	1	0.6085379	12	9102.1138	9102.3138	9102.3138	9102.5138	9102.9224
1	2	2	2	374	3	2	7	14	2	1	1	1	0.49646692	13	9104.3379	9104.5379	9104.5379	9104.7379	9105.0344
1	2	2	2	375	3	2	7	15	2	2	1	1	0.55899834	14	9106.5618	9107.1618	9107.1618	9107.3618	9107.7208
1	2	2	2	376	3	2	7	16	5	2	8	1	0.54096946	15	9109.1862	9109.7863	9109.7863	9109.9863	9110.3272
1	2	2	2	377	3	2	7	17	1	1	1	1	0.64003763	16	9111.8106	9112.0106	9112.0106	9112.2106	9112.6506
1	2	2	2	378	3	2	7	18	4	2	8	1	0.61544399	17	9114.0351	9114.6351	9114.6351	9114.8351	9115.2505
1	2	2	2	379	3	2	7	19	2	1	1	1	0.51472556	18	9116.6566	9116.8566	9116.8566	9117.0566	9117.3713
1	2	2	2	380	3	2	7	20	4	1	8	1	0.60730982	19	9118.8813	9119.0813	9119.0813	9119.2813	9119.6887
1	2	2	2	381	3	2	7	21	3	2	1	1	0.50510649	20	9121.1065	9121.7065	9121.7065	9121.9065	9122.2116
1	2	2	2	382	3	2	7	22	4	2	8	1	0.66521229	21	9123.7292	9124.3292	9124.3292	9124.5292	9124.9944
1	2	2	2	383	3	2	7	23	4	2	8	1	0.55058547	22	9126.3535	9126.9535	9126.9535	9127.1535	9127.5041
1	2	2	2	384	3	2	7	24	6	1	8	1	0.50411785	23	9128.9781	9129.1781	9129.1781	9129.3781	9129.6822
1	2	2	2	385	3	2	7	25	5	2	8	1	0.59083897	24	9131.2009	9131.8009	9131.8009	9132.0009	9132.3917
1	2	2	2	386	3	2	7	26	6	2	8	1	0.54887425	25	9133.8267	9134.4267	9134.4267	9134.6267	9134.9756
1	2	2	2	387	3	2	7	27	3	2	1	1	0.62867628	26	9136.4512	9137.0512	9137.0512	9137.2512	9137.6799
1	2	2	2	388	3	2	7	28	3	2	1	1	0.72728972	27	9139.0754	9139.6754	9139.6754	9139.8754	9140.4026
1	2	2	2	389	3	2	7	29	1	1	1	1	0.47990584	28	9141.6999	9141.8999	9141.9	9142.1	9142.3799
1	2	2	2	390	3	2	7	30	5	2	8	1	0.59894437	29	9143.9243	9144.5243	9144.5243	9144.7243	9145.1233
1	2	2	2	391	3	6	7	1	1	2	2	1	0.51163919	1	9174.611	9175.211	9175.211	9175.411	9175.7226
1	2	2	2	392	3	6	7	2	3	1	4	1	0.65527185	2	9177.2349	9177.4349	9177.4349	9177.6349	9178.0901
1	2	2	2	393	3	6	7	3	2	1	3	1	0.72835753	3	9179.4593	9179.6593	9179.6593	9179.8593	9180.3877
1	2	2	2	394	3	6	7	4	1	1	2	1	0.86432324	4	9181.6816	9181.8816	9181.8816	9182.0816	9182.7459
1	2	2	2	395	3	6	7	5	6	1	7	1	0.8945593	5	9183.9063	9184.1063	9184.1063	9184.3063	9185.0008
1	2	2	2	396	3	6	7	6	2	1	3	1	1.2487724	6	9186.131	9186.331	9186.331	9186.531	9187.5798
1	2	2	2	397	3	6	7	7	5	2	6	1	1.0523776	7	9188.3559	9188.9559	9188.9559	9189.1559	9190.0082
1	2	2	2	398	3	6	7	8	6	1	7	1	0.77709254	8	9190.9817	9191.1817	9191.1817	9191.3817	9191.9588
1	2	2	2	399	3	6	7	9	5	1	6	1	0.59312693	9	9193.2068	9193.4068	9193.4068	9193.6068	9193.9999
1	2	2	2	400	3	6	7	10	3	2	4	1	0.64407792	10	9195.4314	9196.0314	9196.0314	9196.2314	9196.6755
1	2	2	2	401	3	6	7	11	1	1	2	1	0.70413605	11	9198.0566	9198.2566	9198.2566	9198.4566	9198.9608
1	2	2	2	402	3	6	7	12	5	2	6	1	1.0023561	12	9200.2815	9200.8815	9200.8815	9201.0815	9201.8839
1	2	2	2	403	3	6	7	13	2	1	3	1	1.0444855	13	9202.9073	9203.1073	9203.1073	9203.3073	9204.1518
1	2	2	2	404	3	6	7	14	5	1	6	1	1.5877732	14	9205.1332	9205.3332	9205.3332	9205.5332	9206.9209
1	2	2	2	405	3	6	7	15	4	2	5	1	0.91384612	15	9207.3583	9207.9583	9207.9583	9208.1583	9208.8721
1	2	2	2	406	3	6	7	16	5	2	6	1	0.81244436	16	9209.9805	9210.5805	9210.5805	9210.7805	9211.3929
1	2	2	2	407	3	6	7	17	1	1	2	1	0.89997302	17	9212.6078	9212.8078	9212.8078	9213.0078	9213.7078
1	2	2	2	408	3	6	7	18	3	2	4	1	0.69923402	18	9214.8327	9215.4327	9215.4327	9215.6327	9216.1319
1	2	2	2	409	3	6	7	19	6	1	7	1	0.95127231	19	9217.4579	9217.6579	9217.6579	9217.8579	9218.6091
1	2	2	2	410	3	6	7	20	2	1	3	1	1.2644911	20	9219.6828	9219.8828	9219.8828	9220.0828	9221.1473
1	2	2	2	411	3	6	7	21	4	2	5	1	1.1343439	21	9221.9048	9222.5048	9222.5048	9222.7048	9223.6392
1	2	2	2	412	3	6	7	22	2	2	0	0	-9225.1312	21	9224.5312	9225.1312	9225.1312	9225.3312	0
1	2	2	2	413	3	6	7	23	6	2	7	1	0.91413392	22	9227.1572	9227.7572	9227.7572	9227.9572	9228.6713
1	2	2	2	414	3	6	7	24	6	1	7	1	0.67457377	23	9229.7842	9229.9842	9229.9842	9230.1842	9230.6588
1	2	2	2	415	3	6	7	25	1	2	2	1	1.0450738	24	9232.0103	9232.6104	9232.6104	9232.8104	9233.6554
1	2	2	2	416	3	6	7	26	4	2	5	1	0.82854861	25	9234.6359	9235.2359	9235.2359	9235.4359	9236.0644
1	2	2	2	417	3	6	7	27	4	2	5	1	0.76326132	26	9237.262	9237.8621	9237.8621	9238.0621	9238.6253
1	2	2	2	418	3	6	7	28	3	2	4	1	0.60724228	27	9239.8883	9240.4883	9240.4883	9240.6883	9241.0956
1	2	2	2	419	3	6	7	29	3	1	4	1	0.5824446	28	9242.514	9242.714	9242.714	9242.914	9243.2964
1	2	2	2	420	3	6	7	30	4	2	5	1	0.89869046	29	9244.7419	9245.3419	9245.3419	9245.5419	9246.2406
1	2	2	2	421	3	2	8	1	4	2	8	1	0.61379603	1	9275.4301	9276.0301	9276.0301	9276.2301	9276.6439
1	2	2	2	422	3	2	8	2	6	1	8	1	0.44669395	2	9278.0536	9278.2536	9278.2536	9278.4536	9278.7003
1	2	2	2	423	3	2	8	3	5	1	8	1	0.45156833	3	9280.2801	9280.4801	9280.4801	9280.6801	9280.9316
1	2	2	2	424	3	2	8	4	1	1	1	1	0.84114394	4	9282.5113	9282.7113	9282.7113	9282.9113	9283.5525
1	2	2	2	425	3	2	8	5	2	1	1	1	0.49605264	5	9284.826	9285.026	9285.026	9285.226	9285.522
1	2	2	2	426	3	2	8	6	1	1	1	1	0.41938073	6	9287.0528	9287.2528	9287.2528	9287.4528	9287.6722
1	2	2	2	427	3	2	8	7	4	2	8	1	0.62403044	7	9289.2789	9289.8789	9289.8789	9290.0789	9290.5029
1	2	2	2	428	3	2	8	8	4	1	8	1	0.52781473	8	9291.9059	9292.1059	9292.1059	9292.306	9292.6338
1	2	2	2	429	3	2	8	9	5	1	8	1	0.44655877	9	9294.1333	9294.3333	9294.3333	9294.5333	9294.7799
1	2	2	2	430	3	2	8	10	3	2	1	1	0.44978714	10	9296.3605	9296.9605	9296.9605	9297.1605	9297.4103
1	2	2	2	431	3	2	8	11	5	1	8	1	0.51986985	11	9298.9868	9299.1868	9299.1868	9299.3868	9299.7067
1	2	2	2	432	3	2	8	12	2	2	1	1	0.60501898	12	9301.2133	9301.8133	9301.8133	9302.0133	9302.4183
1	2	2	2	433	3	2	8	13	6	1	8	1	0.5538053	13	9303.8409	9304.0409	9304.0409	9304.2409	9304.5947
1	2	2	2	434	3	2	8	14	5	1	8	1	0.42275467	14	9306.0647	9306.2647	9306.2647	9306.4647	9306.6875
1	2	2	2	435	3	2	8	15	6	2	8	1	0.51555083	15	9308.2921	9308.8921	9308.8921	9309.0921	9309.4076
1	2	2	2	436	3	2	8	16	4	2	8	1	0.54080797	16	9310.9155	9311.5155	9311.5155	9311.7155	9312.0563
1	2	2	2	437	3	2	8	17	2	1	1	1	0.69240778	17	9313.5422	9313.7422	9313.7422	9313.9422	9314.4346
1	2	2	2	438	3	2	8	18	2	2	1	1	0.42532785	18	9315.7692	9316.3692	9316.3692	9316.5692	9316.7945
1	2	2	2	439	3	2	8	19	6	1	8	1	0.55275549	19	9318.3926	9318.5926	9318.5926	9318.7926	9319.1453
1	2	2	2	440	3	2	8	20	3	1	1	1	0.87659831	20	9320.7489	9320.9489	9320.9489	9321.1489	9321.8255
1	2	2	2	441	3	2	8	21	2	2	1	1	0.52603716	21	9322.9732	9323.5732	9323.5732	9323.7733	9324.0993
1	2	2	2	442	3	2	8	22	5	2	8	1	0.54705115	22	9325.6003	9326.2003	9326.2003	9326.4003	9326.7473
1	2	2	2	443	3	2	8	23	1	2	1	1	0.52479095	23	9328.2275	9328.8275	9328.8275	9329.0275	9329.3522
1	2	2	2	444	3	2	8	24	3	1	1	1	0.56793327	24	9330.8557	9331.0557	9331.0557	9331.2557	9331.6236
1	2	2	2	445	3	2	8	25	6	2	8	1	0.59770531	25	9333.083	9333.683	9333.683	9333.883	9334.2807
1	2	2	2	446	3	2	8	26	1	2	1	1	0.6965967	26	9335.7123	9336.3123	9336.3123	9336.5123	9337.0089
1	2	2	2	447	3	2	8	27	4	2	8	1	0.68480986	27	9338.3393	9338.9393	9338.9393	9339.1393	9339.6241
1	2	2	2	448	3	2	8	28	1	2	1	1	0.56341981	28	9340.967	9341.567	9341.567	9341.767	9342.1304
1	2	2	2	449	3	2	8	29	3	1	1	1	0.6017467	29	9343.5977	9343.7977	9343.7977	9343.9977	9344.3995
1	2	2	2	450	3	2	8	30	3	2	1	1	0.39014084	30	9345.8258	9346.4258	9346.4258	9346.6258	9346.8159
1	2	2	2	451	3	6	8	1	5	2	6	1	0.82071307	1	9376.5105	9377.1105	9377.1105	9377.3105	9377.9312
1	2	2	2	452	3	6	8	2	2	1	3	1	0.79792236	2	9379.1384	9379.3384	9379.3384	9379.5384	9380.1363
1	2	2	2	453	3	6	8	3	5	1	6	1	0.74063055	3	9381.3662	9381.5662	9381.5662	9381.7662	9382.3068
1	2	2	2	454	3	6	8	4	5	1	6	1	0.53439193	4	9383.5971	9383.7971	9383.7971	9383.9971	9384.3315
1	2	2	2	455	3	6	8	5	6	1	7	1	0.99188208	5	9385.8246	9386.0246	9386.0246	9386.2246	9387.0164
1	2	2	2	456	3	6	8	6	6	1	7	1	0.4448947	6	9388.0523	9388.2523	9388.2523	9388.4523	9388.6972
1	2	2	2	457	3	6	8	7	2	2	3	1	0.86720072	7	9390.2801	9390.8801	9390.8801	9391.0801	9391.7473
1	2	2	2	458	3	6	8	8	2	1	3	1	0.77772064	8	9392.9498	9393.1498	9393.1498	9393.3498	9393.9275
1	2	2	2	459	3	6	8	9	4	1	5	1	1.031641	9	9395.176	9395.376	9395.376	9395.576	9396.4077
1	2	2	2	460	3	6	8	10	1	2	2	1	1.1748579	10	9397.4044	9398.0044	9398.0044	9398.2044	9399.1793
1	2	2	2	461	3	6	8	11	4	1	5	1	0.85718856	11	9400.0328	9400.2328	9400.2328	9400.4328	9401.09
1	2	2	2	462	3	6	8	12	6	2	7	1	0.7323191	12	9402.2611	9402.8611	9402.8611	9403.0611	9403.5934
1	2	2	2	463	3	6	8	13	1	1	2	1	0.74027121	13	9404.9663	9405.1663	9405.1663	9405.3663	9405.9066
1	2	2	2	464	3	6	8	14	1	1	2	1	0.68094927	14	9407.1949	9407.3949	9407.3949	9407.5949	9408.0758
1	2	2	2	465	3	6	8	15	4	2	5	1	0.74915742	15	9409.4239	9410.0239	9410.024	9410.224	9410.7731
1	2	2	2	466	3	6	8	16	1	2	2	1	1.1429551	16	9412.0491	9412.6491	9412.6491	9412.8491	9413.792
1	2	2	2	467	3	6	8	17	3	1	4	1	0.71249124	17	9414.6794	9414.8794	9414.8794	9415.0794	9415.5919
1	2	2	2	468	3	6	8	18	2	2	3	1	0.90143225	18	9416.9077	9417.5077	9417.5077	9417.7077	9418.4091
1	2	2	2	469	3	6	8	19	4	1	5	1	0.97836253	19	9419.536	9419.736	9419.736	9419.936	9420.7144
1	2	2	2	470	3	6	8	20	6	1	7	1	0.89268227	20	9421.7646	9421.9646	9421.9646	9422.1646	9422.8573
1	2	2	2	471	3	6	8	21	4	2	5	1	1.6547848	21	9423.9937	9424.5937	9424.5937	9424.7937	9426.2485
1	2	2	2	472	3	6	8	22	3	2	4	1	0.70886117	22	9426.6221	9427.2221	9427.2221	9427.4221	9427.931
1	2	2	2	473	3	6	8	23	1	2	2	1	0.74267746	23	9429.2506	9429.8506	9429.8506	9430.0506	9430.5933
1	2	2	2	474	3	6	8	24	5	1	6	1	0.85300962	24	9431.8791	9432.0791	9432.0791	9432.2791	9432.9321
1	2	2	2	475	3	6	8	25	3	2	4	1	0.80780811	25	9434.1081	9434.7081	9434.7081	9434.9081	9435.5159
1	2	2	2	476	3	6	8	26	5	2	6	1	1.1452027	26	9436.7367	9437.3367	9437.3367	9437.5367	9438.4819
1	2	2	2	477	3	6	8	27	6	2	7	1	0.69002643	27	9439.3659	9439.9659	9439.9659	9440.1659	9440.6559
1	2	2	2	478	3	6	8	28	3	2	4	1	0.6672878	28	9441.9948	9442.5948	9442.5948	9442.7948	9443.2621
1	2	2	2	479	3	6	8	29	2	1	3	1	0.77803029	29	9444.6233	9444.8233	9444.8233	9445.0233	9445.6013
1	2	2	2	480	3	6	8	30	3	2	4	1	0.67183621	30	9446.8516	9447.4516	9447.4516	9447.6516	9448.1234
1	2	2	2	481	3	2	9	1	5	2	8	1	0.62512905	1	9477.5301	9478.1301	9478.1301	9478.3301	9478.7552
1	2	2	2	482	3	2	9	2	4	1	1	0	0.42148521	1	9480.1549	9480.3549	9480.3549	9480.5549	9480.7764
1	2	2	2	483	3	2	9	3	3	1	1	1	0.59425153	2	9482.3838	9482.5838	9482.5838	9482.7838	9483.178
1	2	2	2	484	3	2	9	4	3	1	1	1	0.46874703	3	9484.6128	9484.8128	9484.8128	9485.0128	9485.2815
1	2	2	2	485	3	2	9	5	1	1	1	1	0.45545851	4	9486.849	9487.049	9487.049	9487.249	9487.5044
1	2	2	2	486	3	2	9	6	6	1	1	0	0.43368771	4	9489.1422	9489.3422	9489.3422	9489.5422	9489.7759
1	2	2	2	487	3	2	9	7	2	2	1	1	0.63202708	5	9491.3682	9491.9682	9491.9682	9492.1682	9492.6002
1	2	2	2	488	3	2	9	8	3	1	1	1	0.53466849	6	9493.9972	9494.1972	9494.1972	9494.3972	9494.7319
1	2	2	2	489	3	2	9	9	4	1	8	1	0.56694614	7	9496.2269	9496.4269	9496.4269	9496.6269	9496.9938
1	2	2	2	490	3	2	9	10	1	2	1	1	0.52832821	8	9498.4566	9499.0566	9499.0567	9499.2567	9499.585
1	2	2	2	491	3	2	9	11	1	1	1	1	0.51493194	9	9501.1566	9501.3566	9501.3566	9501.5566	9501.8715
1	2	2	2	492	3	2	9	12	2	2	1	1	0.52936603	10	9503.3857	9503.9857	9503.9857	9504.1857	9504.5151
1	2	2	2	493	3	2	9	13	1	1	1	1	0.45331096	11	9506.015	9506.215	9506.215	9506.415	9506.6683
1	2	2	2	494	3	2	9	14	3	1	1	1	0.47873501	12	9508.2448	9508.4448	9508.4448	9508.6448	9508.9235
1	2	2	2	495	3	2	9	15	5	2	8	1	0.42434933	13	9510.474	9511.074	9511.074	9511.274	9511.4983
1	2	2	2	496	3	2	9	16	6	2	8	1	0.53406677	14	9513.1717	9513.7717	9513.7717	9513.9717	9514.3058
1	2	2	2	497	3	2	9	17	6	1	8	1	0.43872802	15	9515.8007	9516.0007	9516.0007	9516.2008	9516.4394
1	2	2	2	498	3	2	9	18	1	2	1	1	0.5940349	16	9518.0304	9518.6304	9518.6304	9518.8304	9519.2245
1	2	2	2	499	3	2	9	19	5	1	8	1	0.59968092	17	9520.6658	9520.8658	9520.8658	9521.0658	9521.4655
1	2	2	2	500	3	2	9	20	3	1	1	1	0.58273208	18	9522.8979	9523.0979	9523.0979	9523.2979	9523.6806
1	2	2	2	501	3	2	9	21	5	2	8	1	0.55942287	19	9525.1858	9525.7858	9525.7858	9525.9858	9526.3452
1	2	2	2	502	3	2	9	22	6	2	8	1	0.57686954	20	9527.8159	9528.4159	9528.4159	9528.6159	9528.9927
1	2	2	2	503	3	2	9	23	5	2	8	1	0.4948731	21	9530.4486	9531.0486	9531.0486	9531.2486	9531.5435
1	2	2	2	504	3	2	9	24	2	1	1	1	0.49168786	22	9533.0756	9533.2756	9533.2756	9533.4756	9533.7673
1	2	2	2	505	3	2	9	25	6	2	1	0	0.43096011	22	9535.3064	9535.9064	9535.9064	9536.1064	9536.3374
1	2	2	2	506	3	2	9	26	2	2	1	1	0.50493679	23	9537.936	9538.536	9538.536	9538.736	9539.0409
1	2	2	2	507	3	2	9	27	4	2	8	1	0.48283803	24	9540.5658	9541.1658	9541.1658	9541.3658	9541.6487
1	2	2	2	508	3	2	9	28	2	2	1	1	0.46449929	25	9543.2019	9543.8019	9543.8019	9544.0019	9544.2664
1	2	2	2	509	3	2	9	29	4	1	8	1	0.4968625	26	9545.8325	9546.0325	9546.0325	9546.2325	9546.5294
1	2	2	2	510	3	2	9	30	4	2	8	1	0.63489992	27	9548.0627	9548.6627	9548.6627	9548.8627	9549.2976
1	2	2	2	511	3	6	9	1	1	2	2	1	0.93767819	1	9578.7506	9579.3506	9579.3506	9579.5506	9580.2883
1	2	2	2	512	3	6	9	2	6	1	7	1	0.79303524	2	9581.3783	9581.5783	9581.5783	9581.7783	9582.3713
1	2	2	2	513	3	6	9	3	5	1	6	1	1.1443455	3	9583.6085	9583.8085	9583.8085	9584.0085	9584.9529
1	2	2	2	514	3	6	9	4	2	1	3	1	0.84439818	4	9585.8387	9586.0387	9586.0387	9586.2387	9586.8831
1	2	2	2	515	3	6	9	5	4	1	5	1	0.96951965	5	9588.0695	9588.2695	9588.2695	9588.4695	9589.239
1	2	2	2	516	3	6	9	6	1	1	2	1	0.88032496	6	9590.2997	9590.4997	9590.4997	9590.6997	9591.3801
1	2	2	2	517	3	6	9	7	3	2	4	1	0.69633229	7	9592.5304	9593.1304	9593.1304	9593.3304	9593.8267
1	2	2	2	518	3	6	9	8	5	1	6	1	0.76710897	8	9595.161	9595.361	9595.361	9595.561	9596.1281
1	2	2	2	519	3	6	9	9	5	1	6	1	0.5629081	9	9597.3918	9597.5918	9597.5918	9597.7918	9598.1547
1	2	2	2	520	3	6	9	10	1	2	2	1	0.93927149	10	9599.6218	9600.2218	9600.2218	9600.4218	9601.1611
1	2	2	2	521	3	6	9	11	2	1	3	1	0.69039145	11	9602.2532	9602.4532	9602.4532	9602.6532	9603.1436
1	2	2	2	522	3	6	9	12	6	2	7	1	0.81384712	12	9604.4839	9605.0839	9605.0839	9605.2839	9605.8978
1	2	2	2	523	3	6	9	13	5	1	6	1	0.87694666	13	9607.1143	9607.3143	9607.3143	9607.5143	9608.1912
1	2	2	2	524	3	6	9	14	3	1	4	1	0.72690701	14	9609.3476	9609.5477	9609.5477	9609.7477	9610.2746
1	2	2	2	525	3	6	9	15	6	2	7	1	0.96822836	15	9611.5788	9612.1788	9612.1788	9612.3789	9613.1471
1	2	2	2	526	3	6	9	16	4	2	5	1	1.0636827	16	9614.2094	9614.8094	9614.8094	9615.0094	9615.8731
1	2	2	2	527	3	6	9	17	5	1	6	1	1.0539256	17	9616.841	9617.041	9617.041	9617.241	9618.0949
1	2	2	2	528	3	6	9	18	2	2	3	1	0.85835173	18	9619.0722	9619.6722	9619.6722	9619.8722	9620.5306
1	2	2	2	529	3	6	9	19	3	1	4	1	0.66177679	19	9621.707	9621.907	9621.907	9622.107	9622.5688
1	2	2	2	530	3	6	9	20	2	1	7	0	1.1189558	19	9623.9381	9624.1381	9624.1381	9624.3381	9625.257
1	2	2	2	531	3	6	9	21	4	2	5	1	0.88675533	20	9626.1692	9626.7692	9626.7692	9626.9692	9627.656
1	2	2	2	532	3	6	9	22	1	2	2	1	1.1586886	21	9628.7968	9629.3968	9629.3968	9629.5968	9630.5555
1	2	2	2	533	3	6	9	23	2	2	3	1	0.81194535	22	9631.4279	9632.0279	9632.0279	9632.2279	9632.8398
1	2	2	2	534	3	6	9	24	1	1	2	1	0.83094995	23	9634.0579	9634.2579	9634.2579	9634.4579	9635.0888
1	2	2	2	535	3	6	9	25	4	2	5	1	0.94402306	24	9636.3135	9636.9135	9636.9135	9637.1135	9637.8575
1	2	2	2	536	3	6	9	26	6	2	7	1	0.76644027	25	9638.945	9639.545	9639.545	9639.745	9640.3115
1	2	2	2	537	3	6	9	27	3	2	4	1	0.68157193	26	9641.5763	9642.1763	9642.1763	9642.3763	9642.8578
1	2	2	2	538	3	6	9	28	6	2	7	1	0.78149329	27	9644.2114	9644.8114	9644.8114	9645.0114	9645.5929
1	2	2	2	539	3	6	9	29	4	1	5	1	1.052655	28	9646.8431	9647.0431	9647.0431	9647.2431	9648.0957
1	2	2	2	540	3	6	9	30	3	2	4	1	0.70825684	29	9649.0774	9649.6774	9649.6774	9649.8774	9650.3857
1	2	2	2	541	4	2	10	1	6	2	8	1	0.44822101	1	10212.049	10212.649	10212.649	10212.849	10213.097
1	2	2	2	542	4	2	10	2	2	1	1	1	0.58510772	2	10214.677	10214.877	10214.877	10215.077	10215.463
1	2	2	2	543	4	2	10	3	3	1	1	1	0.50211307	3	10216.909	10217.109	10217.109	10217.309	10217.612
1	2	2	2	544	4	2	10	4	6	1	1	0	0.45033486	3	10219.142	10219.342	10219.342	10219.542	10219.792
1	2	2	2	545	4	2	10	5	5	1	8	1	0.52208145	4	10221.376	10221.576	10221.576	10221.776	10222.098
1	2	2	2	546	4	2	10	6	5	1	8	1	0.3920356	5	10223.608	10223.808	10223.808	10224.008	10224.2
1	2	2	2	547	4	2	10	7	2	2	1	1	0.70455447	6	10225.839	10226.439	10226.439	10226.639	10227.144
1	2	2	2	548	4	2	10	8	4	1	8	1	0.5792422	7	10228.471	10228.671	10228.671	10228.871	10229.25
1	2	2	2	549	4	2	10	9	1	1	1	1	0.60423823	8	10230.704	10230.904	10230.904	10231.104	10231.508
1	2	2	2	550	4	2	10	10	3	2	1	1	0.45871258	9	10232.936	10233.536	10233.536	10233.736	10233.994
1	2	2	2	551	4	2	10	11	4	1	8	1	0.55372726	10	10235.567	10235.767	10235.767	10235.967	10236.321
1	2	2	2	552	4	2	10	12	6	2	8	1	0.47393249	11	10237.8	10238.4	10238.4	10238.6	10238.874
1	2	2	2	553	4	2	10	13	6	1	8	1	0.46537544	12	10240.432	10240.633	10240.633	10240.833	10241.098
1	2	2	2	554	4	2	10	14	5	1	8	1	0.48775232	13	10242.665	10242.865	10242.865	10243.065	10243.353
1	2	2	2	555	4	2	10	15	1	2	1	1	0.49655918	14	10244.896	10245.496	10245.496	10245.696	10245.993
1	2	2	2	556	4	2	10	16	1	2	1	1	0.39190942	15	10247.528	10248.128	10248.128	10248.328	10248.52
1	2	2	2	557	4	2	10	17	2	1	1	1	0.52115786	16	10250.161	10250.361	10250.361	10250.561	10250.882
1	2	2	2	558	4	2	10	18	2	2	1	1	0.44220334	17	10252.394	10252.994	10252.994	10253.194	10253.436
1	2	2	2	559	4	2	10	19	1	1	1	1	0.36504435	18	10255.027	10255.227	10255.227	10255.427	10255.592
1	2	2	2	560	4	2	10	20	4	1	8	1	0.57117423	19	10257.256	10257.456	10257.456	10257.656	10258.027
1	2	2	2	561	4	2	10	21	2	2	1	1	0.53611535	20	10259.488	10260.088	10260.088	10260.288	10260.625
1	2	2	2	562	4	2	10	22	3	2	1	1	0.48364807	21	10262.125	10262.725	10262.725	10262.925	10263.208
1	2	2	2	563	4	2	10	23	4	2	8	1	0.55322256	22	10264.761	10265.361	10265.361	10265.561	10265.914
1	2	2	2	564	4	2	10	24	6	1	8	1	0.44136252	23	10267.39	10267.59	10267.59	10267.79	10268.032
1	2	2	2	565	4	2	10	25	3	2	1	1	0.49827145	24	10269.623	10270.223	10270.223	10270.423	10270.721
1	2	2	2	566	4	2	10	26	5	2	8	1	0.55539622	25	10272.255	10272.855	10272.855	10273.055	10273.41
1	2	2	2	567	4	2	10	27	4	2	8	1	0.56003579	26	10274.89	10275.49	10275.49	10275.69	10276.05
1	2	2	2	568	4	2	10	28	1	2	1	1	0.48070715	27	10277.526	10278.126	10278.126	10278.326	10278.607
1	2	2	2	569	4	2	10	29	5	1	8	1	0.55416469	28	10280.159	10280.359	10280.359	10280.559	10280.913
1	2	2	2	570	4	2	10	30	3	2	1	1	0.41826433	29	10282.392	10282.992	10282.992	10283.192	10283.41
1	2	2	2	571	4	6	10	1	3	2	4	1	0.48130054	1	10313.089	10313.689	10313.689	10313.889	10314.17
1	2	2	2	572	4	6	10	2	2	1	3	1	0.68256967	2	10315.721	10315.921	10315.921	10316.121	10316.604
1	2	2	2	573	4	6	10	3	5	1	6	1	0.72865247	3	10317.953	10318.153	10318.153	10318.353	10318.882
1	2	2	2	574	4	6	10	4	3	1	4	1	0.68031636	4	10320.183	10320.383	10320.383	10320.583	10321.063
1	2	2	2	575	4	6	10	5	1	1	2	1	0.8568975	5	10322.416	10322.616	10322.616	10322.816	10323.473
1	2	2	2	576	4	6	10	6	4	1	5	1	0.75802767	6	10324.65	10324.85	10324.85	10325.05	10325.608
1	2	2	2	577	4	6	10	7	1	2	2	1	1.875072	7	10326.885	10327.485	10327.485	10327.685	10329.361
1	2	2	2	578	4	6	10	8	3	1	4	1	0.64841029	8	10329.521	10329.721	10329.721	10329.921	10330.369
1	2	2	2	579	4	6	10	9	1	1	2	1	0.66640137	9	10331.76	10331.96	10331.96	10332.16	10332.626
1	2	2	2	580	4	6	10	10	4	2	5	1	0.72212626	10	10333.994	10334.594	10334.594	10334.794	10335.316
1	2	2	2	581	4	6	10	11	6	1	7	1	0.88846784	11	10336.627	10336.827	10336.827	10337.027	10337.716
1	2	2	2	582	4	6	10	12	4	2	5	1	0.63591214	12	10338.863	10339.463	10339.463	10339.663	10340.099
1	2	2	2	583	4	6	10	13	3	1	4	1	0.70058019	13	10341.497	10341.697	10341.697	10341.897	10342.397
1	2	2	2	584	4	6	10	14	6	1	7	1	0.77894698	14	10343.727	10343.927	10343.927	10344.127	10344.706
1	2	2	2	585	4	6	10	15	2	2	3	1	1.0594821	15	10345.96	10346.56	10346.56	10346.76	10347.62
1	2	2	2	586	4	6	10	16	4	2	5	1	1.0928661	16	10348.591	10349.191	10349.191	10349.391	10350.284
1	2	2	2	587	4	6	10	17	3	1	4	1	0.69887782	17	10351.262	10351.462	10351.462	10351.662	10352.161
1	2	2	2	588	4	6	10	18	2	2	3	1	0.74264976	18	10353.497	10354.097	10354.097	10354.297	10354.84
1	2	2	2	589	4	6	10	19	5	1	6	1	1.2552689	19	10356.132	10356.332	10356.332	10356.532	10357.587
1	2	2	2	590	4	6	10	20	1	1	2	1	1.2038965	20	10358.365	10358.565	10358.565	10358.765	10359.769
1	2	2	2	591	4	6	10	21	5	2	6	1	1.9488333	21	10360.596	10361.196	10361.196	10361.396	10363.145
1	2	2	2	592	4	6	10	22	4	2	5	1	0.92983931	22	10363.278	10363.878	10363.878	10364.078	10364.808
1	2	2	2	593	4	6	10	23	2	2	3	1	0.8570301	23	10365.912	10366.512	10366.512	10366.712	10367.369
1	2	2	2	594	4	6	10	24	1	1	3	0	1.3903452	23	10368.545	10368.745	10368.745	10368.945	10370.136
1	2	2	2	595	4	6	10	25	2	2	3	1	0.76904614	24	10370.779	10371.379	10371.379	10371.579	10372.148
1	2	2	2	596	4	6	10	26	5	2	0	0	-10374.016	24	10373.416	10374.016	10374.016	10374.216	0
1	2	2	2	597	4	6	10	27	6	2	7	1	1.063904	25	10376.049	10376.649	10376.649	10376.849	10377.713
1	2	2	2	598	4	6	10	28	6	2	7	1	0.88953596	26	10378.684	10379.284	10379.284	10379.484	10380.173
1	2	2	2	599	4	6	10	29	6	1	7	1	0.62777504	27	10381.315	10381.515	10381.515	10381.715	10382.142
1	2	2	2	600	4	6	10	30	5	2	6	1	1.0725562	28	10383.549	10384.149	10384.149	10384.349	10385.221
1	2	2	2	601	4	2	11	1	5	2	8	1	0.60696615	1	10414.219	10414.819	10414.819	10415.019	10415.426
1	2	2	2	602	4	2	11	2	3	1	1	1	0.56372485	2	10416.859	10417.059	10417.059	10417.259	10417.623
1	2	2	2	603	4	2	11	3	1	1	1	1	0.64518676	3	10419.09	10419.29	10419.29	10419.49	10419.935
1	2	2	2	604	4	2	11	4	2	1	1	1	0.51836585	4	10421.323	10421.523	10421.523	10421.723	10422.042
1	2	2	2	605	4	2	11	5	4	1	8	1	0.6307759	5	10423.557	10423.757	10423.757	10423.957	10424.388
1	2	2	2	606	4	2	11	6	4	1	8	1	0.45735451	6	10425.791	10425.991	10425.991	10426.191	10426.449
1	2	2	2	607	4	2	11	7	5	2	8	1	0.55509835	7	10428.028	10428.628	10428.628	10428.828	10429.184
1	2	2	2	608	4	2	11	8	1	1	1	1	0.65961303	8	10430.663	10430.863	10430.863	10431.063	10431.523
1	2	2	2	609	4	2	11	9	3	1	1	1	0.70431322	9	10432.897	10433.097	10433.097	10433.297	10433.801
1	2	2	2	610	4	2	11	10	1	2	1	1	0.37441427	10	10435.131	10435.731	10435.731	10435.931	10436.105
1	2	2	2	611	4	2	11	11	2	1	1	1	0.4352861	11	10437.766	10437.966	10437.966	10438.166	10438.401
1	2	2	2	612	4	2	11	12	2	2	1	1	0.53825034	12	10440	10440.6	10440.6	10440.8	10441.138
1	2	2	2	613	4	2	11	13	1	1	1	1	0.42623618	13	10442.634	10442.834	10442.834	10443.034	10443.26
1	2	2	2	614	4	2	11	14	5	1	8	1	0.65421885	14	10444.868	10445.068	10445.068	10445.268	10445.722
1	2	2	2	615	4	2	11	15	6	2	8	1	0.43884541	15	10447.106	10447.706	10447.706	10447.906	10448.144
1	2	2	2	616	4	2	11	16	6	2	8	1	1.2092134	16	10449.743	10450.343	10450.343	10450.543	10451.552
1	2	2	2	617	4	2	11	17	4	1	8	1	0.47213909	17	10452.377	10452.577	10452.577	10452.777	10453.05
1	2	2	2	618	4	2	11	18	6	2	8	1	0.60311136	18	10454.612	10455.213	10455.213	10455.413	10455.816
1	2	2	2	619	4	2	11	19	6	1	8	1	0.46675668	19	10457.247	10457.447	10457.447	10457.647	10457.914
1	2	2	2	620	4	2	11	20	5	1	8	1	0.44329229	20	10459.479	10459.679	10459.679	10459.879	10460.122
1	2	2	2	621	4	2	11	21	3	2	1	1	0.59102827	21	10461.714	10462.314	10462.314	10462.514	10462.905
1	2	2	2	622	4	2	11	22	5	2	8	1	0.46967844	22	10464.348	10464.948	10464.948	10465.148	10465.418
1	2	2	2	623	4	2	11	23	2	2	1	1	0.60670324	23	10466.986	10467.586	10467.586	10467.786	10468.193
1	2	2	2	624	4	2	11	24	4	1	8	1	0.85182237	24	10469.621	10469.821	10469.821	10470.021	10470.673
1	2	2	2	625	4	2	11	25	6	2	8	1	0.62030155	25	10471.856	10472.456	10472.456	10472.656	10473.076
1	2	2	2	626	4	2	11	26	2	2	1	1	0.66606679	26	10474.489	10475.089	10475.089	10475.289	10475.755
1	2	2	2	627	4	2	11	27	3	2	1	1	0.5313391	27	10477.124	10477.724	10477.724	10477.924	10478.256
1	2	2	2	628	4	2	11	28	1	2	1	1	0.39539676	28	10479.76	10480.36	10480.36	10480.56	10480.755
1	2	2	2	629	4	2	11	29	4	1	8	1	0.6738753	29	10482.395	10482.595	10482.595	10482.795	10483.269
1	2	2	2	630	4	2	11	30	3	2	1	1	0.55742087	30	10484.63	10485.23	10485.23	10485.43	10485.787
1	2	2	2	631	4	6	11	1	2	2	3	1	0.66738088	1	10515.309	10515.909	10515.909	10516.109	10516.576
1	2	2	2	632	4	6	11	2	5	1	6	1	0.70461201	2	10517.944	10518.144	10518.144	10518.344	10518.849
1	2	2	2	633	4	6	11	3	1	1	2	1	0.82758569	3	10520.176	10520.376	10520.376	10520.576	10521.204
1	2	2	2	634	4	6	11	4	1	1	2	1	0.52365097	4	10522.429	10522.629	10522.629	10522.829	10523.153
1	2	2	2	635	4	6	11	5	5	1	6	1	0.88050499	5	10524.665	10524.865	10524.865	10525.065	10525.745
1	2	2	2	636	4	6	11	6	3	1	4	1	0.66366245	6	10526.9	10527.1	10527.1	10527.3	10527.764
1	2	2	2	637	4	6	11	7	4	2	5	1	0.92852844	7	10529.136	10529.736	10529.736	10529.936	10530.665
1	2	2	2	638	4	6	11	8	6	1	7	1	0.75616934	8	10531.771	10531.971	10531.971	10532.171	10532.728
1	2	2	2	639	4	6	11	9	3	1	4	1	0.73869475	9	10534.008	10534.208	10534.208	10534.408	10534.947
1	2	2	2	640	4	6	11	10	1	2	2	1	1.476335	10	10536.244	10536.844	10536.844	10537.044	10538.32
1	2	2	2	641	4	6	11	11	2	1	3	1	0.73981902	11	10538.88	10539.08	10539.08	10539.28	10539.82
1	2	2	2	642	4	6	11	12	4	2	5	1	0.74621915	12	10541.112	10541.712	10541.712	10541.912	10542.458
1	2	2	2	643	4	6	11	13	3	1	4	1	0.67819442	13	10543.747	10543.947	10543.947	10544.147	10544.626
1	2	2	2	644	4	6	11	14	5	1	6	1	0.72930202	14	10545.983	10546.183	10546.183	10546.383	10546.913
1	2	2	2	645	4	6	11	15	2	2	3	1	1.2276959	15	10548.22	10548.82	10548.82	10549.02	10550.048
1	2	2	2	646	4	6	11	16	4	2	5	1	0.75243708	16	10550.856	10551.456	10551.456	10551.656	10552.208
1	2	2	2	647	4	6	11	17	5	1	6	1	0.90823208	17	10553.492	10553.692	10553.692	10553.892	10554.6
1	2	2	2	648	4	6	11	18	1	2	2	1	1.0890542	18	10555.728	10556.328	10556.328	10556.528	10557.417
1	2	2	2	649	4	6	11	19	6	1	7	1	0.89362869	19	10558.365	10558.565	10558.565	10558.765	10559.458
1	2	2	2	650	4	6	11	20	3	1	4	1	0.7046242	20	10560.601	10560.801	10560.801	10561.001	10561.506
1	2	2	2	651	4	6	11	21	2	2	3	1	0.73144743	21	10562.838	10563.438	10563.438	10563.638	10564.169
1	2	2	2	652	4	6	11	22	4	2	5	1	0.70042602	22	10565.471	10566.071	10566.071	10566.271	10566.772
1	2	2	2	653	4	6	11	23	1	2	2	1	1.5665356	23	10568.106	10568.706	10568.706	10568.906	10570.273
1	2	2	2	654	4	6	11	24	6	1	7	1	1.9120556	24	10570.745	10570.945	10570.945	10571.145	10572.857
1	2	2	2	655	4	6	11	25	3	2	4	1	0.79613125	25	10572.982	10573.582	10573.582	10573.782	10574.378
1	2	2	2	656	4	6	11	26	6	2	7	1	0.73946557	26	10575.618	10576.218	10576.218	10576.419	10576.958
1	2	2	2	657	4	6	11	27	5	2	6	1	0.73124095	27	10578.255	10578.855	10578.855	10579.055	10579.586
1	2	2	2	658	4	6	11	28	2	2	3	1	1.5925919	28	10580.891	10581.491	10581.491	10581.691	10583.084
1	2	2	2	659	4	6	11	29	6	1	7	1	1.4328095	29	10583.527	10583.727	10583.727	10583.927	10585.16
1	2	2	2	660	4	6	11	30	4	2	5	1	0.87651565	30	10585.763	10586.363	10586.363	10586.563	10587.24
1	2	2	2	661	4	2	12	1	6	2	8	1	0.37935947	1	10616.439	10617.039	10617.039	10617.239	10617.418
1	2	2	2	662	4	2	12	2	4	1	8	1	0.41570267	2	10619.076	10619.276	10619.276	10619.476	10619.691
1	2	2	2	663	4	2	12	3	2	1	1	1	0.48896095	3	10621.312	10621.512	10621.512	10621.712	10622.001
1	2	2	2	664	4	2	12	4	2	1	1	1	0.53173493	4	10623.549	10623.749	10623.749	10623.949	10624.28
1	2	2	2	665	4	2	12	5	2	1	1	1	0.40151753	5	10625.782	10625.982	10625.982	10626.182	10626.384
1	2	2	2	666	4	2	12	6	3	1	1	1	0.33077906	6	10628.022	10628.222	10628.222	10628.422	10628.553
1	2	2	2	667	4	2	12	7	3	2	1	1	0.50590906	7	10630.264	10630.864	10630.864	10631.064	10631.37
1	2	2	2	668	4	2	12	8	6	1	8	1	0.67555499	8	10632.9	10633.1	10633.1	10633.3	10633.776
1	2	2	2	669	4	2	12	9	2	1	1	1	0.58004812	9	10635.139	10635.339	10635.339	10635.539	10635.919
1	2	2	2	670	4	2	12	10	6	2	8	1	0.63511351	10	10637.377	10637.977	10637.977	10638.177	10638.612
1	2	2	2	671	4	2	12	11	3	1	1	1	0.44821475	11	10640.014	10640.214	10640.214	10640.414	10640.663
1	2	2	2	672	4	2	12	12	4	2	8	1	0.63228145	12	10642.248	10642.848	10642.848	10643.048	10643.48
1	2	2	2	673	4	2	12	13	4	1	8	1	0.56478619	13	10644.884	10645.084	10645.084	10645.284	10645.649
1	2	2	2	674	4	2	12	14	4	1	8	1	0.53458842	14	10647.121	10647.321	10647.321	10647.521	10647.856
1	2	2	2	675	4	2	12	15	5	2	8	1	0.4666739	15	10649.358	10649.958	10649.958	10650.158	10650.425
1	2	2	2	676	4	2	12	16	6	2	8	1	0.46296215	16	10651.995	10652.595	10652.595	10652.795	10653.058
1	2	2	2	677	4	2	12	17	5	1	8	1	0.59825851	17	10654.633	10654.833	10654.833	10655.033	10655.431
1	2	2	2	678	4	2	12	18	1	2	1	1	0.52449644	18	10656.87	10657.47	10657.47	10657.67	10657.994
1	2	2	2	679	4	2	12	19	2	1	1	1	0.59976698	19	10659.505	10659.705	10659.705	10659.905	10660.305
1	2	2	2	680	4	2	12	20	1	1	1	1	0.45731604	20	10661.743	10661.943	10661.943	10662.143	10662.4
1	2	2	2	681	4	2	12	21	3	2	1	1	0.71660851	21	10663.98	10664.58	10664.58	10664.78	10665.297
1	2	2	2	682	4	2	12	22	5	2	8	1	0.60533313	22	10666.621	10667.221	10667.221	10667.421	10667.826
1	2	2	2	683	4	2	12	23	4	2	8	1	0.7703039	23	10669.257	10669.857	10669.857	10670.057	10670.628
1	2	2	2	684	4	2	12	24	1	1	1	1	0.73104226	24	10671.894	10672.094	10672.094	10672.294	10672.825
1	2	2	2	685	4	2	12	25	1	2	1	1	0.47273852	25	10674.128	10674.728	10674.728	10674.928	10675.201
1	2	2	2	686	4	2	12	26	5	2	8	1	0.57183389	26	10676.767	10677.367	10677.367	10677.567	10677.939
1	2	2	2	687	4	2	12	27	3	2	1	1	0.55467638	27	10679.408	10680.008	10680.008	10680.208	10680.562
1	2	2	2	688	4	2	12	28	1	2	1	1	0.47066289	28	10682.046	10682.646	10682.646	10682.846	10683.116
1	2	2	2	689	4	2	12	29	5	1	8	1	0.42588699	29	10684.681	10684.881	10684.881	10685.081	10685.307
1	2	2	2	690	4	2	12	30	6	2	8	1	0.41865015	30	10686.918	10687.518	10687.518	10687.718	10687.936
1	2	2	2	691	4	6	12	1	6	2	7	1	0.90046963	1	10717.599	10718.199	10718.199	10718.399	10719.1
1	2	2	2	692	4	6	12	2	2	1	3	1	0.71724925	2	10720.237	10720.437	10720.437	10720.637	10721.154
1	2	2	2	693	4	6	12	3	4	1	5	1	1.0304329	3	10722.475	10722.675	10722.675	10722.875	10723.706
1	2	2	2	694	4	6	12	4	4	1	5	1	0.54294538	4	10724.713	10724.913	10724.913	10725.113	10725.456
1	2	2	2	695	4	6	12	5	1	1	3	0	0.74710977	4	10726.95	10727.15	10727.15	10727.35	10727.897
1	2	2	2	696	4	6	12	6	2	1	2	0	0.55027139	4	10729.188	10729.388	10729.388	10729.588	10729.938
1	2	2	2	697	4	6	12	7	6	2	7	1	0.82126289	5	10731.427	10732.027	10732.027	10732.227	10732.848
1	2	2	2	698	4	6	12	8	2	1	3	1	0.87198523	6	10734.065	10734.265	10734.265	10734.465	10735.137
1	2	2	2	699	4	6	12	9	5	1	6	1	0.71680021	7	10736.304	10736.504	10736.504	10736.704	10737.221
1	2	2	2	700	4	6	12	10	5	2	6	1	0.83815548	8	10738.542	10739.142	10739.142	10739.342	10739.98
1	2	2	2	701	4	6	12	11	2	1	3	1	0.90226343	9	10741.18	10741.38	10741.38	10741.58	10742.283
1	2	2	2	702	4	6	12	12	5	2	6	1	0.79597672	10	10743.421	10744.021	10744.021	10744.221	10744.817
1	2	2	2	703	4	6	12	13	3	1	4	1	0.60502292	11	10746.059	10746.259	10746.259	10746.459	10746.864
1	2	2	2	704	4	6	12	14	3	1	4	1	0.50492781	12	10748.297	10748.497	10748.497	10748.697	10749.002
1	2	2	2	705	4	6	12	15	6	2	7	1	0.70902353	13	10750.53	10751.13	10751.13	10751.33	10751.839
1	2	2	2	706	4	6	12	16	3	2	4	1	1.28885	14	10753.168	10753.768	10753.768	10753.968	10755.057
1	2	2	2	707	4	6	12	17	1	1	2	1	1.5473598	15	10755.806	10756.006	10756.006	10756.206	10757.553
1	2	2	2	708	4	6	12	18	6	2	7	1	1.3976175	16	10758.044	10758.644	10758.644	10758.844	10760.042
1	2	2	2	709	4	6	12	19	6	1	7	1	0.70110214	17	10760.686	10760.886	10760.886	10761.086	10761.587
1	2	2	2	710	4	6	12	20	4	1	2	0	0.6933558	17	10762.924	10763.124	10763.124	10763.324	10763.818
1	2	2	2	711	4	6	12	21	5	2	6	1	0.86466402	18	10765.162	10765.762	10765.762	10765.962	10766.627
1	2	2	2	712	4	6	12	22	3	2	4	1	0.69518513	19	10767.8	10768.4	10768.4	10768.6	10769.095
1	2	2	2	713	4	6	12	23	5	2	6	1	0.85304762	20	10770.439	10771.039	10771.039	10771.239	10771.892
1	2	2	2	714	4	6	12	24	4	1	5	1	0.76970654	21	10773.08	10773.28	10773.28	10773.48	10774.05
1	2	2	2	715	4	6	12	25	2	2	3	1	1.3884556	22	10775.319	10775.919	10775.919	10776.119	10777.307
1	2	2	2	716	4	6	12	26	3	2	4	1	0.76534939	23	10777.957	10778.557	10778.557	10778.757	10779.323
1	2	2	2	717	4	6	12	27	1	2	2	1	0.87595845	24	10780.599	10781.199	10781.199	10781.399	10782.075
1	2	2	2	718	4	6	12	28	1	2	2	1	0.81101442	25	10783.237	10783.837	10783.837	10784.037	10784.648
1	2	2	2	719	4	6	12	29	1	1	2	1	0.77228248	26	10785.875	10786.075	10786.075	10786.275	10786.848
1	2	2	2	720	4	6	12	30	4	2	5	1	1.6433717	27	10788.112	10788.712	10788.712	10788.912	10790.355
