7	4	6	5	1	2	0	3	0	0	0	0	0	0	0	0	0	0	0	0
3	13	1	1	1	1	6	1	1	5	1	0	0	-5802.9161	0	5802.7157	5802.9158	5802.9161	5803.1164	0
3	13	1	1	2	1	6	1	2	3	2	0	0	-5805.831	0	5805.2308	5805.831	5805.831	5806.0313	0
3	13	1	1	3	1	6	1	3	4	2	6	1	0.88738052	1	5808.1395	5808.7395	5808.7395	5808.9396	5809.6269
3	13	1	1	4	1	6	1	4	4	2	6	1	1.1478073	2	5810.7497	5811.3497	5811.3497	5811.5497	5812.4975
3	13	1	1	5	1	6	1	5	6	1	2	0	1.159952	2	5813.3556	5813.5556	5813.5556	5813.7556	5814.7156
3	13	1	1	6	1	6	1	6	1	1	1	1	1.0832701	3	5815.8701	5816.0701	5816.0701	5816.2702	5817.1534
3	13	1	1	7	1	6	1	7	3	1	3	1	1.1109567	4	5818.0758	5818.2758	5818.2758	5818.4758	5819.3868
3	13	1	1	8	1	6	1	8	1	2	1	1	0.91275649	5	5820.2813	5820.8814	5820.8814	5821.0814	5821.7941
3	13	1	1	9	1	6	1	9	3	2	3	1	0.76453238	6	5822.8871	5823.4871	5823.4871	5823.6871	5824.2516
3	13	1	1	10	1	6	1	10	5	1	2	0	1.3791295	6	5825.4931	5825.6931	5825.6931	5825.8932	5827.0723
3	13	1	1	11	1	6	1	11	2	1	2	1	1.0458181	7	5828.0077	5828.2077	5828.2078	5828.4078	5829.2536
3	13	1	1	12	1	6	1	12	1	2	1	1	0.90951088	8	5830.2134	5830.8134	5830.8134	5831.0134	5831.7229
3	13	1	1	13	1	6	1	13	2	2	2	1	0.95997792	9	5832.8191	5833.4191	5833.4191	5833.6191	5834.3791
3	13	1	1	14	1	6	1	14	2	2	2	1	0.75131515	10	5835.4246	5836.0246	5836.0246	5836.2246	5836.7759
3	13	1	1	15	1	6	1	15	6	1	6	0	1.1271967	10	5838.0306	5838.2307	5838.2307	5838.4308	5839.3579
3	13	1	1	16	1	6	1	16	5	1	6	0	1.2986158	10	5840.5439	5840.7439	5840.7439	5840.9439	5842.0425
3	13	1	1	17	1	6	1	17	6	1	6	0	1.0129357	10	5843.1482	5843.3482	5843.3482	5843.5482	5844.3611
3	13	1	1	18	1	6	1	18	5	2	7	1	1.0255246	11	5845.6649	5846.2649	5846.2649	5846.4649	5847.2904
3	13	1	1	19	1	6	1	19	3	1	6	0	1.1391642	11	5848.2706	5848.4706	5848.4706	5848.6707	5849.6098
3	13	1	1	20	1	6	1	20	1	1	1	1	0.88854282	12	5850.7861	5850.9861	5850.9861	5851.1861	5851.8747
3	13	1	1	21	1	6	1	21	2	2	2	1	0.66583179	13	5852.9925	5853.5925	5853.5925	5853.7926	5854.2584
3	13	1	1	22	1	6	1	22	6	1	6	0	1.1475027	13	5855.5989	5855.7989	5855.7989	5855.9989	5856.9464
3	13	1	1	23	1	6	1	23	1	2	1	1	0.95350861	14	5858.1688	5858.7688	5858.7688	5858.9688	5859.7223
3	13	1	1	24	1	6	1	24	6	2	6	0	1.2524909	14	5860.7748	5861.3748	5861.3748	5861.5748	5862.6273
3	13	1	1	25	1	6	1	25	4	1	6	1	0.85683783	15	5863.6843	5863.8843	5863.8843	5864.0844	5864.7412
3	13	1	1	26	1	6	1	26	3	2	3	1	1.0140618	16	5865.8904	5866.4904	5866.4904	5866.6904	5867.5045
3	13	1	1	27	1	6	1	27	4	1	6	1	1.1856926	17	5868.4969	5868.6969	5868.6969	5868.897	5869.8826
3	13	1	1	28	1	6	1	28	2	1	2	1	1.059312	18	5870.7031	5870.9032	5870.9032	5871.1032	5871.9625
3	13	1	1	29	1	6	1	29	4	2	6	1	0.85417579	19	5872.9098	5873.5098	5873.5098	5873.7099	5874.364
3	13	1	1	30	1	6	1	30	5	2	7	1	1.0091673	20	5875.5165	5876.1165	5876.1166	5876.3166	5877.1258
3	13	1	1	31	1	2	1	1	6	1	4	0	1.1319146	0	5886.1968	5886.3969	5886.397	5886.5972	5887.529
3	13	1	1	32	1	2	1	2	4	2	5	1	0.65817543	1	5888.7128	5889.3128	5889.3128	5889.5129	5889.971
3	13	1	1	33	1	2	1	3	3	2	4	1	0.91413808	2	5891.3207	5891.9207	5891.9207	5892.1208	5892.8349
3	13	1	1	34	1	2	1	4	3	2	4	1	1.4175218	3	5893.9287	5894.5287	5894.5287	5894.7287	5895.9462
3	13	1	1	35	1	2	1	5	3	1	4	1	1.1939741	4	5896.5353	5896.7353	5896.7353	5896.9354	5897.9293
3	13	1	1	36	1	2	1	6	2	1	4	1	1.1022353	5	5898.7421	5898.9421	5898.9421	5899.1421	5900.0443
3	13	1	1	37	1	2	1	7	2	1	4	1	1.1262003	6	5900.9487	5901.1487	5901.1488	5901.3488	5902.275
3	13	1	1	38	1	2	1	8	1	2	4	1	0.93950773	7	5903.2099	5903.8099	5903.8099	5904.0099	5904.7494
3	13	1	1	39	1	2	1	9	1	2	4	1	0.88963513	8	5905.8165	5906.4166	5906.4166	5906.6166	5907.3062
3	13	1	1	40	1	2	1	10	5	1	5	1	0.73955346	9	5908.4238	5908.6238	5908.6238	5908.8239	5909.3634
3	13	1	1	41	1	2	1	11	3	1	4	1	0.74747245	10	5910.6303	5910.8303	5910.8303	5911.0304	5911.5778
3	13	1	1	42	1	2	1	12	3	2	4	1	0.53102939	11	5912.8377	5913.4377	5913.4377	5913.6377	5913.9687
3	13	1	1	43	1	2	1	13	2	2	4	1	0.6612366	12	5915.4442	5916.0442	5916.0442	5916.2443	5916.7055
3	13	1	1	44	1	2	1	14	6	2	5	1	0.62143771	13	5918.051	5918.651	5918.651	5918.8511	5919.2725
3	13	1	1	45	1	2	1	15	5	1	5	1	0.57019979	14	5920.6579	5920.8579	5920.8579	5921.0579	5921.4281
3	13	1	1	46	1	2	1	16	4	1	5	1	0.58848263	15	5922.8651	5923.0651	5923.0651	5923.2651	5923.6536
3	13	1	1	47	1	2	1	17	2	1	4	1	0.65815568	16	5925.0726	5925.2726	5925.2726	5925.4726	5925.9307
3	13	1	1	48	1	2	1	18	6	2	5	1	0.62862678	17	5927.2799	5927.8799	5927.8799	5928.08	5928.5086
3	13	1	1	49	1	2	1	19	4	1	5	1	0.59434942	18	5929.8877	5930.0877	5930.0877	5930.2878	5930.6821
3	13	1	1	50	1	2	1	20	6	1	5	1	0.593913	19	5932.0947	5932.2947	5932.2947	5932.4947	5932.8886
3	13	1	1	51	1	2	1	21	1	2	4	1	0.64441916	20	5934.302	5934.902	5934.902	5935.1021	5935.5465
3	13	1	1	52	1	2	1	22	5	1	5	1	0.63757669	21	5936.9091	5937.1091	5937.1091	5937.3091	5937.7467
3	13	1	1	53	1	2	1	23	2	2	4	1	0.63226294	22	5939.1163	5939.7163	5939.7163	5939.9163	5940.3486
3	13	1	1	54	1	2	1	24	5	2	5	1	0.66059168	23	5941.7244	5942.3245	5942.3245	5942.5245	5942.985
3	13	1	1	55	1	2	1	25	5	1	5	1	0.61004216	24	5944.3322	5944.5322	5944.5322	5944.7322	5945.1422
3	13	1	1	56	1	2	1	26	6	2	5	1	0.62210598	25	5946.5394	5947.1394	5947.1394	5947.3394	5947.7615
3	13	1	1	57	1	2	1	27	1	1	4	1	0.65596179	26	5949.1473	5949.3473	5949.3473	5949.5473	5950.0033
3	13	1	1	58	1	2	1	28	4	1	5	1	0.64689438	27	5951.3534	5951.5534	5951.5534	5951.7534	5952.2003
3	13	1	1	59	1	2	1	29	4	2	5	1	0.57746931	28	5953.561	5954.161	5954.1611	5954.3611	5954.7385
3	13	1	1	60	1	2	1	30	1	2	4	1	0.75536701	29	5956.1687	5956.7687	5956.7687	5956.9687	5957.5241
3	13	1	1	61	1	6	2	1	6	1	7	0	1.3662328	29	6008.4614	6008.6615	6008.6615	6008.8615	6010.0277
3	13	1	1	62	1	6	2	2	4	2	6	1	0.97527801	30	6010.9781	6011.5781	6011.5781	6011.7781	6012.5533
3	13	1	1	63	1	6	2	3	3	2	3	1	1.3452326	31	6013.5858	6014.1858	6014.1859	6014.3859	6015.5311
3	13	1	1	64	1	6	2	4	3	2	3	1	0.69824696	32	6016.1937	6016.7937	6016.7938	6016.9938	6017.492
3	13	1	1	65	1	6	2	5	3	1	3	1	0.53469248	33	6018.8016	6019.0016	6019.0016	6019.2016	6019.5363
3	13	1	1	66	1	6	2	6	2	1	2	1	0.8790208	34	6021.01	6021.21	6021.21	6021.41	6022.089
3	13	1	1	67	1	6	2	7	2	1	2	1	0.89837153	35	6023.2192	6023.4192	6023.4193	6023.6193	6024.3177
3	13	1	1	68	1	6	2	8	1	2	1	1	1.0532898	36	6025.4277	6026.0278	6026.0278	6026.2278	6027.0811
3	13	1	1	69	1	6	2	9	1	2	1	1	0.58531691	37	6028.0362	6028.6362	6028.6362	6028.8362	6029.2215
3	13	1	1	70	1	6	2	10	5	1	7	1	1.2416444	38	6030.6451	6030.8451	6030.8451	6031.0451	6032.0867
3	13	1	1	71	1	6	2	11	3	1	3	1	1.0528259	39	6032.855	6033.055	6033.055	6033.255	6034.1078
3	13	1	1	72	1	6	2	12	3	2	3	1	1.0113136	40	6035.064	6035.664	6035.664	6035.864	6036.6753
3	13	1	1	73	1	6	2	13	2	2	2	1	0.88855506	41	6037.6723	6038.2723	6038.2724	6038.4724	6039.161
3	13	1	1	74	1	6	2	14	6	2	8	1	1.0332599	42	6040.2816	6040.8817	6040.8818	6041.0818	6041.915
3	13	1	1	75	1	6	2	15	5	1	6	0	1.2732203	42	6042.89	6043.0901	6043.0901	6043.2901	6044.3633
3	13	1	1	76	1	6	2	16	4	1	6	1	1.3746788	43	6045.4023	6045.6023	6045.6023	6045.8023	6046.977
3	13	1	1	77	1	6	2	17	2	1	2	1	0.92640062	44	6047.6111	6047.8112	6047.8112	6048.0112	6048.7376
3	13	1	1	78	1	6	2	18	6	2	8	1	1.0688479	45	6049.8199	6050.4199	6050.4199	6050.6199	6051.4888
3	13	1	1	79	1	6	2	19	4	1	6	1	1.4223848	46	6052.4281	6052.6281	6052.6281	6052.8281	6054.0505
3	13	1	1	80	1	6	2	20	6	1	7	0	1.3160172	46	6054.6369	6054.8369	6054.8369	6055.0369	6056.1529
3	13	1	1	81	1	6	2	21	1	2	1	1	1.0107374	47	6057.1519	6057.7519	6057.7519	6057.9519	6058.7626
3	13	1	1	82	1	6	2	22	5	1	6	0	1.2820161	47	6059.7606	6059.9606	6059.9606	6060.1606	6061.2426
3	13	1	1	83	1	6	2	23	2	2	2	1	0.87647337	48	6062.3581	6062.9581	6062.9581	6063.1581	6063.8346
3	13	1	1	84	1	6	2	24	5	2	7	1	1.069576	49	6064.9671	6065.5671	6065.5671	6065.7671	6066.6367
3	13	1	1	85	1	6	2	25	5	1	7	1	0.82064578	50	6067.5764	6067.7764	6067.7764	6067.9764	6068.597
3	13	1	1	86	1	6	2	26	6	2	8	1	0.85585681	51	6069.7858	6070.3858	6070.3858	6070.5859	6071.2417
3	13	1	1	87	1	6	2	27	1	1	1	1	1.273417	52	6072.3953	6072.5953	6072.5953	6072.7953	6073.8687
3	13	1	1	88	1	6	2	28	4	1	6	1	1.789758	53	6074.6073	6074.8073	6074.8073	6075.0073	6076.5971
3	13	1	1	89	1	6	2	29	4	2	6	1	1.1131711	54	6076.8165	6077.4165	6077.4165	6077.6165	6078.5297
3	13	1	1	90	1	6	2	30	1	2	1	1	1.0231418	55	6079.4257	6080.0257	6080.0257	6080.2257	6081.0489
3	13	1	1	91	1	2	2	1	5	1	5	1	0.7505074	1	6096.5734	6096.7734	6096.7734	6096.9734	6097.5239
3	13	1	1	92	1	2	2	2	6	2	5	1	0.60855673	2	6098.7841	6099.3841	6099.3841	6099.5841	6099.9926
3	13	1	1	93	1	2	2	3	6	2	5	1	0.52329542	3	6101.3987	6101.9987	6101.9988	6102.1988	6102.5221
3	13	1	1	94	1	2	2	4	6	2	5	1	0.55453296	4	6104.0079	6104.608	6104.608	6104.808	6105.1625
3	13	1	1	95	1	2	2	5	4	1	5	1	0.63393262	5	6106.6174	6106.8174	6106.8175	6107.0175	6107.4514
3	13	1	1	96	1	2	2	6	4	1	5	1	0.63883503	6	6108.827	6109.0271	6109.0271	6109.2271	6109.6659
3	13	1	1	97	1	2	2	7	3	1	4	1	0.64584401	7	6111.0361	6111.2361	6111.2361	6111.4361	6111.882
3	13	1	1	98	1	2	2	8	1	2	4	1	0.62968668	8	6113.2469	6113.8469	6113.8469	6114.0469	6114.4766
3	13	1	1	99	1	2	2	9	1	2	4	1	0.64430692	9	6115.8565	6116.4565	6116.4565	6116.6565	6117.1008
3	13	1	1	100	1	2	2	10	5	1	5	1	0.6421095	10	6118.4659	6118.6659	6118.6659	6118.8659	6119.308
3	13	1	1	101	1	2	2	11	4	1	5	1	0.9656935	11	6120.6758	6120.8758	6120.8758	6121.0758	6121.8415
3	13	1	1	102	1	2	2	12	6	2	5	1	0.62872399	12	6122.8859	6123.4859	6123.486	6123.686	6124.1147
3	13	1	1	103	1	2	2	13	1	2	4	1	0.63569778	13	6125.496	6126.0961	6126.0961	6126.2961	6126.7318
3	13	1	1	104	1	2	2	14	4	2	5	1	0.65887923	14	6128.1057	6128.7058	6128.7058	6128.9058	6129.3647
3	13	1	1	105	1	2	2	15	5	1	5	1	0.61569996	15	6130.7166	6130.9166	6130.9166	6131.1166	6131.5323
3	13	1	1	106	1	2	2	16	6	1	5	1	0.53429135	16	6132.9251	6133.1251	6133.1251	6133.3251	6133.6594
3	13	1	1	107	1	2	2	17	3	1	4	1	1.0210804	17	6135.1349	6135.3349	6135.3349	6135.5349	6136.356
3	13	1	1	108	1	2	2	18	1	2	4	1	0.76319466	18	6137.4311	6138.0311	6138.0311	6138.2311	6138.7943
3	13	1	1	109	1	2	2	19	3	1	4	1	0.70431729	19	6140.0414	6140.2414	6140.2415	6140.4415	6140.9458
3	13	1	1	110	1	2	2	20	2	1	4	1	0.63779494	20	6142.2514	6142.4514	6142.4514	6142.6514	6143.0892
3	13	1	1	111	1	2	2	21	5	2	5	1	0.7114554	21	6144.4615	6145.0615	6145.0615	6145.2615	6145.773
3	13	1	1	112	1	2	2	22	2	1	4	1	0.81609848	22	6147.0714	6147.2714	6147.2714	6147.4714	6148.0875
3	13	1	1	113	1	2	2	23	1	2	4	1	0.66612861	23	6149.2818	6149.8818	6149.8818	6150.0818	6150.5479
3	13	1	1	114	1	2	2	24	5	2	5	1	0.63887284	24	6151.8913	6152.4913	6152.4913	6152.6914	6153.1302
3	13	1	1	115	1	2	2	25	3	1	4	1	1.0677066	25	6154.5026	6154.7026	6154.7026	6154.9026	6155.7703
3	13	1	1	116	1	2	2	26	2	2	4	1	0.99379315	26	6156.7128	6157.3128	6157.3128	6157.5128	6158.3066
3	13	1	1	117	1	2	2	27	2	1	4	1	0.69632433	27	6159.3228	6159.5228	6159.5228	6159.7228	6160.2191
3	13	1	1	118	1	2	2	28	3	1	4	1	0.51690245	28	6161.5329	6161.7329	6161.7329	6161.9329	6162.2498
3	13	1	1	119	1	2	2	29	4	2	5	1	0.61156832	29	6163.7429	6164.3429	6164.3429	6164.5429	6164.9545
3	13	1	1	120	1	2	2	30	2	2	4	1	1.1439925	30	6166.3535	6166.9535	6166.9535	6167.1535	6168.0975
3	13	1	1	121	1	6	3	1	5	1	7	1	1.4858691	31	6184.174	6184.374	6184.374	6184.574	6185.8599
3	13	1	1	122	1	6	3	2	6	2	8	1	1.0245226	32	6186.3843	6186.9843	6186.9843	6187.1843	6188.0089
3	13	1	1	123	1	6	3	3	6	2	8	1	0.96060174	33	6188.9944	6189.5944	6189.5944	6189.7944	6190.555
3	13	1	1	124	1	6	3	4	6	2	8	1	0.64695585	34	6191.6047	6192.2047	6192.2047	6192.4047	6192.8517
3	13	1	1	125	1	6	3	5	4	1	6	1	1.3311894	35	6194.2147	6194.4147	6194.4148	6194.6148	6195.7459
3	13	1	1	126	1	6	3	6	4	1	6	1	0.76385698	36	6196.4257	6196.6257	6196.6257	6196.8257	6197.3895
3	13	1	1	127	1	6	3	7	3	1	3	1	1.3174836	37	6198.6388	6198.8388	6198.8388	6199.0388	6200.1563
3	13	1	1	128	1	6	3	8	1	2	1	1	0.85799502	38	6200.8492	6201.4492	6201.4492	6201.6492	6202.3072
3	13	1	1	129	1	6	3	9	1	2	1	1	0.6652836	39	6203.4958	6204.0958	6204.0958	6204.2958	6204.7611
3	13	1	1	130	1	6	3	10	5	1	7	1	1.2344661	40	6206.1064	6206.3064	6206.3064	6206.5064	6207.5409
3	13	1	1	131	1	6	3	11	4	1	6	1	1.2934908	41	6208.3167	6208.5167	6208.5167	6208.7167	6209.8102
3	13	1	1	132	1	6	3	12	6	2	8	1	0.91217087	42	6210.5297	6211.1297	6211.1298	6211.3298	6212.0419
3	13	1	1	133	1	6	3	13	1	2	1	1	1.0219686	43	6213.1403	6213.7403	6213.7403	6213.9403	6214.7623
3	13	1	1	134	1	6	3	14	4	2	6	1	0.86998528	44	6215.7506	6216.3506	6216.3506	6216.5506	6217.2206
3	13	1	1	135	1	6	3	15	5	1	7	1	1.1624507	45	6218.3628	6218.5628	6218.5628	6218.7628	6219.7253
3	13	1	1	136	1	6	3	16	6	1	8	1	1.0359383	46	6220.5743	6220.7743	6220.7743	6220.9743	6221.8102
3	13	1	1	137	1	6	3	17	3	1	3	1	1.0183791	47	6222.7848	6222.9848	6222.9848	6223.1848	6224.0032
3	13	1	1	138	1	6	3	18	1	2	1	1	1.0702612	48	6224.9962	6225.5962	6225.5962	6225.7962	6226.6665
3	13	1	1	139	1	6	3	19	3	1	3	1	0.90989167	49	6227.607	6227.807	6227.807	6228.007	6228.7169
3	13	1	1	140	1	6	3	20	2	1	2	1	0.84334208	50	6229.8182	6230.0182	6230.0182	6230.2182	6230.8616
3	13	1	1	141	1	6	3	21	5	2	7	1	1.1163668	51	6232.0294	6232.6294	6232.6294	6232.8294	6233.7458
3	13	1	1	142	1	6	3	22	2	1	2	1	0.95246985	52	6234.6405	6234.8405	6234.8405	6235.0405	6235.793
3	13	1	1	143	1	6	3	23	1	2	1	1	0.98577003	53	6236.8518	6237.4518	6237.4518	6237.6518	6238.4376
3	13	1	1	144	1	6	3	24	5	2	7	1	0.93039115	54	6239.5376	6240.1376	6240.1376	6240.3376	6241.068
3	13	1	1	145	1	6	3	25	3	1	3	1	1.9571027	55	6242.1488	6242.3488	6242.3488	6242.5488	6244.3059
3	13	1	1	146	1	6	3	26	2	2	2	1	0.90507149	56	6244.3604	6244.9604	6244.9604	6245.1604	6245.8655
3	13	1	1	147	1	6	3	27	2	1	2	1	0.68702611	57	6246.9721	6247.1721	6247.1721	6247.3721	6247.8592
3	13	1	1	148	1	6	3	28	3	1	3	1	1.1707342	58	6249.183	6249.383	6249.383	6249.583	6250.5537
3	13	1	1	149	1	6	3	29	4	2	6	1	1.3110131	59	6251.3943	6251.9943	6251.9943	6252.1943	6253.3053
3	13	1	1	150	1	6	3	30	2	2	2	1	0.93484361	60	6254.0055	6254.6055	6254.6055	6254.8055	6255.5404
3	13	1	1	151	1	2	3	1	2	1	4	1	1.146536	1	6270.5219	6270.7219	6270.7219	6270.9219	6271.8684
3	13	1	1	152	1	2	3	2	4	2	5	1	0.73190612	2	6272.7339	6273.3339	6273.3339	6273.5339	6274.0658
3	13	1	1	153	1	2	3	3	4	2	5	1	0.6797525	3	6275.3462	6275.9462	6275.9462	6276.1462	6276.626
3	13	1	1	154	1	2	3	4	6	2	5	1	0.5628709	4	6277.9584	6278.5584	6278.5584	6278.7584	6279.1213
3	13	1	1	155	1	2	3	5	4	1	5	1	0.62511227	5	6280.5709	6280.771	6280.771	6280.971	6281.3961
3	13	1	1	156	1	2	3	6	1	1	4	1	0.70836877	6	6282.7824	6282.9824	6282.9824	6283.1824	6283.6907
3	13	1	1	157	1	2	3	7	2	1	4	1	0.67356979	7	6284.9943	6285.1943	6285.1943	6285.3943	6285.8679
3	13	1	1	158	1	2	3	8	5	2	5	1	0.79789357	8	6287.206	6287.806	6287.806	6288.006	6288.6039
3	13	1	1	159	1	2	3	9	5	2	5	1	0.60209721	9	6289.8185	6290.4185	6290.4185	6290.6185	6291.0206
3	13	1	1	160	1	2	3	10	1	1	4	1	0.70206076	10	6292.43	6292.63	6292.63	6292.83	6293.3321
3	13	1	1	161	1	2	3	11	5	1	5	1	0.66634671	11	6294.6417	6294.8417	6294.8417	6295.0417	6295.5081
3	13	1	1	162	1	2	3	12	1	2	4	1	0.73623831	12	6296.8533	6297.4533	6297.4533	6297.6533	6298.1896
3	13	1	1	163	1	2	3	13	6	2	5	1	0.63289386	13	6299.4656	6300.0656	6300.0656	6300.2656	6300.6985
3	13	1	1	164	1	2	3	14	3	2	4	1	0.71144662	14	6302.0777	6302.6777	6302.6777	6302.8777	6303.3891
3	13	1	1	165	1	2	3	15	6	1	5	1	0.57792842	15	6304.6899	6304.8899	6304.8899	6305.0899	6305.4678
3	13	1	1	166	1	2	3	16	5	1	5	1	0.55790098	16	6306.9022	6307.1022	6307.1022	6307.3022	6307.6601
3	13	1	1	167	1	2	3	17	2	1	4	1	0.73558119	17	6309.1146	6309.3146	6309.3146	6309.5146	6310.0502
3	13	1	1	168	1	2	3	18	1	2	4	1	0.60123999	18	6311.3269	6311.9269	6311.9269	6312.1269	6312.5282
3	13	1	1	169	1	2	3	19	3	1	4	1	0.70432753	19	6313.939	6314.139	6314.139	6314.339	6314.8433
3	13	1	1	170	1	2	3	20	6	1	5	1	0.66589755	20	6316.1535	6316.3535	6316.3535	6316.5535	6317.0194
3	13	1	1	171	1	2	3	21	2	2	4	1	0.7922942	21	6318.367	6318.967	6318.967	6319.167	6319.7593
3	13	1	1	172	1	2	3	22	5	1	5	1	0.67182443	22	6320.9791	6321.1791	6321.1792	6321.3792	6321.851
3	13	1	1	173	1	2	3	23	1	2	4	1	0.89233901	23	6323.1921	6323.7921	6323.7921	6323.9921	6324.6844
3	13	1	1	174	1	2	3	24	6	2	5	1	0.77293944	24	6325.8046	6326.4046	6326.4047	6326.6047	6327.1776
3	13	1	1	175	1	2	3	25	3	1	4	1	0.72185222	25	6328.4166	6328.6166	6328.6166	6328.8166	6329.3384
3	13	1	1	176	1	2	3	26	3	2	4	1	0.66807862	26	6330.6297	6331.2297	6331.2297	6331.4297	6331.8977
3	13	1	1	177	1	2	3	27	4	1	5	1	0.65092927	27	6333.2422	6333.4422	6333.4422	6333.6422	6334.0931
3	13	1	1	178	1	2	3	28	3	1	4	1	0.66858861	28	6335.4546	6335.6546	6335.6546	6335.8546	6336.3232
3	13	1	1	179	1	2	3	29	2	2	4	1	0.66394898	29	6337.6671	6338.2671	6338.2671	6338.4671	6338.9311
3	13	1	1	180	1	2	3	30	4	2	5	1	0.65240572	30	6340.2803	6340.8803	6340.8803	6341.0803	6341.5328
3	13	1	1	181	2	6	4	1	2	1	2	1	0.7962609	31	6869.4554	6869.6554	6869.6554	6869.8554	6870.4517
3	13	1	1	182	2	6	4	2	4	2	6	1	1.1948956	32	6871.668	6872.268	6872.268	6872.468	6873.4629
3	13	1	1	183	2	6	4	3	4	2	6	1	0.71277571	33	6874.2817	6874.8817	6874.8818	6875.0818	6875.5945
3	13	1	1	184	2	6	4	4	6	2	8	1	0.82936867	34	6876.8948	6877.4948	6877.4948	6877.6948	6878.3242
3	13	1	1	185	2	6	4	5	4	1	6	1	0.85482996	35	6879.5785	6879.7785	6879.7785	6879.9785	6880.6333
3	13	1	1	186	2	6	4	6	1	1	1	1	0.88195613	36	6881.7921	6881.9921	6881.9921	6882.1921	6882.8741
3	13	1	1	187	2	6	4	7	2	1	2	1	1.0698844	37	6884.0058	6884.2058	6884.2058	6884.4058	6885.2757
3	13	1	1	188	2	6	4	8	5	2	7	1	1.1113492	38	6886.2203	6886.8203	6886.8203	6887.0203	6887.9316
3	13	1	1	189	2	6	4	9	5	2	7	1	0.77469634	39	6888.8341	6889.4341	6889.4341	6889.6341	6890.2088
3	13	1	1	190	2	6	4	10	1	1	1	1	0.93876682	40	6891.4472	6891.6472	6891.6472	6891.8472	6892.586
3	13	1	1	191	2	6	4	11	5	1	7	1	0.95254576	41	6893.6609	6893.8609	6893.8609	6894.0609	6894.8134
3	13	1	1	192	2	6	4	12	1	2	1	1	0.80933694	42	6895.8741	6896.4741	6896.4741	6896.6741	6897.2834
3	13	1	1	193	2	6	4	13	6	2	8	1	0.88513373	43	6898.4871	6899.0871	6899.0871	6899.2871	6899.9722
3	13	1	1	194	2	6	4	14	3	2	3	1	1.0946484	44	6901.1003	6901.7003	6901.7003	6901.9003	6902.7949
3	13	1	1	195	2	6	4	15	6	1	8	1	1.1049061	45	6903.7138	6903.9138	6903.9138	6904.1138	6905.0187
3	13	1	1	196	2	6	4	16	5	1	6	0	1.3616721	45	6905.9272	6906.1272	6906.1272	6906.3272	6907.4889
3	13	1	1	197	2	6	4	17	2	1	2	1	1.0290219	46	6908.1406	6908.3406	6908.3406	6908.5406	6909.3696
3	13	1	1	198	2	6	4	18	1	2	1	1	1.0591778	47	6910.3543	6910.9543	6910.9543	6911.1543	6912.0135
3	13	1	1	199	2	6	4	19	3	1	3	1	0.98713339	48	6912.9681	6913.1681	6913.1681	6913.3681	6914.1552
3	13	1	1	200	2	6	4	20	6	1	8	1	0.85976892	49	6915.1815	6915.3815	6915.3815	6915.5815	6916.2413
3	13	1	1	201	2	6	4	21	2	2	2	1	0.83170786	50	6917.3949	6917.9949	6917.9949	6918.1949	6918.8266
3	13	1	1	202	2	6	4	22	5	1	6	0	0.91326594	50	6920.0081	6920.2081	6920.2081	6920.4081	6921.1214
3	13	1	1	203	2	6	4	23	1	2	1	1	1.0715649	51	6922.2213	6922.8213	6922.8213	6923.0213	6923.8929
3	13	1	1	204	2	6	4	24	6	2	8	1	0.84139744	52	6924.8351	6925.4351	6925.4351	6925.6351	6926.2765
3	13	1	1	205	2	6	4	25	3	1	3	1	1.0485002	53	6927.4487	6927.6487	6927.6487	6927.8487	6928.6972
3	13	1	1	206	2	6	4	26	3	2	3	1	1.0010135	54	6929.664	6930.264	6930.264	6930.464	6931.265
3	13	1	1	207	2	6	4	27	4	1	7	0	1.164125	54	6932.2781	6932.4781	6932.4781	6932.6781	6933.6422
3	13	1	1	208	2	6	4	28	3	1	3	1	1.1117678	55	6934.4923	6934.6923	6934.6923	6934.8923	6935.8041
3	13	1	1	209	2	6	4	29	2	2	2	1	0.79360591	56	6936.7067	6937.3067	6937.3067	6937.5067	6938.1003
3	13	1	1	210	2	6	4	30	4	2	6	1	0.9784926	57	6939.3204	6939.9204	6939.9204	6940.1204	6940.8989
3	13	1	1	211	2	2	4	1	6	1	5	1	0.74429331	1	6970.4853	6970.6853	6970.6853	6970.8853	6971.4296
3	13	1	1	212	2	2	4	2	5	2	5	1	0.60965646	2	6972.6998	6973.2998	6973.2998	6973.4998	6973.9095
3	13	1	1	213	2	2	4	3	6	2	5	1	0.62515752	3	6975.3141	6975.9141	6975.9141	6976.1141	6976.5393
3	13	1	1	214	2	2	4	4	1	2	4	1	0.80182544	4	6977.9281	6978.5281	6978.5281	6978.7281	6979.3299
3	13	1	1	215	2	2	4	5	4	1	5	1	0.69434351	5	6980.5426	6980.7426	6980.7426	6980.9426	6981.4369
3	13	1	1	216	2	2	4	6	3	1	4	1	0.70945528	6	6982.757	6982.9571	6982.9571	6983.1571	6983.6666
3	13	1	1	217	2	2	4	7	1	1	4	1	0.61627283	7	6984.9722	6985.1722	6985.1722	6985.3722	6985.7885
3	13	1	1	218	2	2	4	8	2	2	4	1	0.85689604	8	6987.1863	6987.7863	6987.7863	6987.9863	6988.6432
3	13	1	1	219	2	2	4	9	1	2	4	1	0.64451994	9	6989.8008	6990.4008	6990.4008	6990.6008	6991.0454
3	13	1	1	220	2	2	4	10	4	1	5	1	0.54883719	10	6992.4155	6992.6155	6992.6155	6992.8155	6993.1643
3	13	1	1	221	2	2	4	11	2	1	4	1	0.68521354	11	6994.6304	6994.8304	6994.8304	6995.0304	6995.5156
3	13	1	1	222	2	2	4	12	1	2	4	1	0.7588312	12	6996.8447	6997.4447	6997.4447	6997.6447	6998.2035
3	13	1	1	223	2	2	4	13	5	2	5	1	0.5743723	13	6999.4601	7000.0601	7000.0601	7000.2601	7000.6345
3	13	1	1	224	2	2	4	14	3	2	4	1	0.62679365	14	7002.0746	7002.6746	7002.6746	7002.8746	7003.3014
3	13	1	1	225	2	2	4	15	4	1	5	1	0.57898453	15	7004.6889	7004.8889	7004.889	7005.089	7005.4679
3	13	1	1	226	2	2	4	16	4	1	5	1	0.65024135	16	7006.9112	7007.1112	7007.1112	7007.3112	7007.7614
3	13	1	1	227	2	2	4	17	5	1	5	1	0.60546142	17	7009.1262	7009.3262	7009.3262	7009.5263	7009.9317
3	13	1	1	228	2	2	4	18	6	2	5	1	0.51095253	18	7011.3407	7011.9407	7011.9407	7012.1407	7012.4517
3	13	1	1	229	2	2	4	19	5	1	5	1	0.46529333	19	7013.9553	7014.1553	7014.1553	7014.3553	7014.6206
3	13	1	1	230	2	2	4	20	2	1	4	1	0.60878524	20	7016.1702	7016.3702	7016.3702	7016.5702	7016.979
3	13	1	1	231	2	2	4	21	5	2	5	1	0.5540158	21	7018.3853	7018.9853	7018.9853	7019.1853	7019.5393
3	13	1	1	232	2	2	4	22	3	1	4	1	0.5415482	22	7020.9999	7021.2	7021.2	7021.4	7021.7415
3	13	1	1	233	2	2	4	23	6	2	5	1	0.54646394	23	7023.215	7023.8151	7023.8151	7024.0151	7024.3615
3	13	1	1	234	2	2	4	24	3	2	4	1	0.72553829	24	7025.8301	7026.4301	7026.4301	7026.6301	7027.1557
3	13	1	1	235	2	2	4	25	2	1	4	1	0.82063048	25	7028.4455	7028.6455	7028.6455	7028.8455	7029.4661
3	13	1	1	236	2	2	4	26	1	2	4	1	0.63926664	26	7030.6603	7031.2603	7031.2603	7031.4603	7031.8995
3	13	1	1	237	2	2	4	27	4	1	5	1	0.53670213	27	7033.2749	7033.4749	7033.4749	7033.6749	7034.0116
3	13	1	1	238	2	2	4	28	3	1	4	1	0.57804659	28	7035.4902	7035.6902	7035.6902	7035.8902	7036.2682
3	13	1	1	239	2	2	4	29	2	2	4	1	0.62577012	29	7037.705	7038.305	7038.305	7038.505	7038.9308
3	13	1	1	240	2	2	4	30	6	2	5	1	0.49627473	30	7040.3216	7040.9216	7040.9216	7041.1216	7041.4179
3	13	1	1	241	2	6	5	1	6	1	8	1	1.4269766	31	7071.0141	7071.2141	7071.2141	7071.4141	7072.6411
3	13	1	1	242	2	6	5	2	5	2	7	1	1.149199	32	7073.2303	7073.8303	7073.8303	7074.0303	7074.9795
3	13	1	1	243	2	6	5	3	6	2	8	1	1.0285513	33	7075.8464	7076.4464	7076.4464	7076.6464	7077.475
3	13	1	1	244	2	6	5	4	1	2	1	1	1.0693867	34	7078.4648	7079.0648	7079.0648	7079.2648	7080.1342
3	13	1	1	245	2	6	5	5	4	1	6	1	1.0671611	35	7081.0808	7081.2808	7081.2808	7081.4808	7082.348
3	13	1	1	246	2	6	5	6	3	1	3	1	1.1436999	36	7083.3018	7083.5018	7083.5018	7083.7018	7084.6455
3	13	1	1	247	2	6	5	7	1	1	1	1	0.98229944	37	7085.5192	7085.7192	7085.7192	7085.9192	7086.7015
3	13	1	1	248	2	6	5	8	2	2	2	1	0.98086723	38	7087.7349	7088.335	7088.335	7088.535	7089.3158
3	13	1	1	249	2	6	5	9	1	2	1	1	0.93245001	39	7090.3506	7090.9506	7090.9506	7091.1506	7091.883
3	13	1	1	250	2	6	5	10	4	1	6	1	1.6783783	40	7092.9667	7093.1667	7093.1668	7093.3668	7094.8451
3	13	1	1	251	2	6	5	11	2	1	2	1	0.97499284	41	7095.183	7095.383	7095.383	7095.583	7096.358
3	13	1	1	252	2	6	5	12	1	2	1	1	0.86866346	42	7097.3983	7097.9983	7097.9983	7098.1983	7098.8669
3	13	1	1	253	2	6	5	13	5	2	7	1	1.9704817	43	7100.0146	7100.6146	7100.6146	7100.8146	7102.5851
3	13	1	1	254	2	6	5	14	3	2	3	1	1.3328719	44	7102.6321	7103.2321	7103.2321	7103.4321	7104.565
3	13	1	1	255	2	6	5	15	4	1	6	1	1.1522066	45	7105.2493	7105.4493	7105.4493	7105.6493	7106.6015
3	13	1	1	256	2	6	5	16	4	1	6	1	1.2895572	46	7107.4659	7107.6659	7107.6659	7107.866	7108.9555
3	13	1	1	257	2	6	5	17	5	1	7	1	1.2182079	47	7109.6821	7109.8821	7109.8821	7110.0821	7111.1004
3	13	1	1	258	2	6	5	18	6	2	8	1	1.2284888	48	7111.8986	7112.4986	7112.4987	7112.6987	7113.7271
3	13	1	1	259	2	6	5	19	5	1	6	0	1.6978476	48	7114.5196	7114.7196	7114.7196	7114.9196	7116.4175
3	13	1	1	260	2	6	5	20	2	1	2	1	0.94705297	49	7116.7368	7116.9368	7116.9368	7117.1368	7117.8838
3	13	1	1	261	2	6	5	21	5	2	7	1	1.6592523	50	7118.953	7119.553	7119.553	7119.753	7121.2122
3	13	1	1	262	2	6	5	22	3	1	3	1	0.96811171	51	7121.5694	7121.7694	7121.7694	7121.9694	7122.7375
3	13	1	1	263	2	6	5	23	6	2	8	1	0.97343444	52	7123.7891	7124.3891	7124.3891	7124.5891	7125.3625
3	13	1	1	264	2	6	5	24	3	2	3	1	1.2474693	53	7126.4054	7127.0054	7127.0054	7127.2054	7128.2529
3	13	1	1	265	2	6	5	25	2	1	2	1	1.0189179	54	7129.0217	7129.2217	7129.2217	7129.4217	7130.2407
3	13	1	1	266	2	6	5	26	1	2	1	1	1.0029255	55	7131.2391	7131.8391	7131.8391	7132.0391	7132.842
3	13	1	1	267	2	6	5	27	4	1	6	1	0.97743963	56	7133.859	7134.059	7134.059	7134.259	7135.0364
3	13	1	1	268	2	6	5	28	3	1	3	1	1.3476859	57	7136.0778	7136.2778	7136.2778	7136.4778	7137.6255
3	13	1	1	269	2	6	5	29	2	2	2	1	0.87587248	58	7138.2943	7138.8943	7138.8943	7139.0943	7139.7702
3	13	1	1	270	2	6	5	30	6	2	8	1	0.84588019	59	7140.9108	7141.5108	7141.5108	7141.7109	7142.3567
3	13	1	1	271	2	2	5	1	6	1	5	1	0.78397073	1	7171.593	7171.793	7171.793	7171.993	7172.577
3	13	1	1	272	2	2	5	2	1	2	4	1	0.88868426	2	7173.8101	7174.4101	7174.4101	7174.6102	7175.2988
3	13	1	1	273	2	2	5	3	5	2	5	1	0.74423752	3	7176.4274	7177.0274	7177.0274	7177.2274	7177.7717
3	13	1	1	274	2	2	5	4	3	2	5	0	0.81462943	3	7179.0446	7179.6446	7179.6446	7179.8446	7180.4593
3	13	1	1	275	2	2	5	5	5	1	5	1	0.79027258	4	7181.6616	7181.8616	7181.8616	7182.0616	7182.6519
3	13	1	1	276	2	2	5	6	6	1	5	1	0.6752378	5	7183.8788	7184.0788	7184.0788	7184.2788	7184.7541
3	13	1	1	277	2	2	5	7	2	1	4	1	0.94602019	6	7186.0971	7186.2971	7186.2971	7186.4971	7187.2431
3	13	1	1	278	2	2	5	8	2	2	4	1	0.73744757	7	7188.314	7188.914	7188.914	7189.114	7189.6515
3	13	1	1	279	2	2	5	9	3	2	4	1	0.63285059	8	7190.929	7191.529	7191.529	7191.729	7192.1619
3	13	1	1	280	2	2	5	10	5	1	5	1	0.72968807	9	7193.5467	7193.7467	7193.7467	7193.9467	7194.4764
3	13	1	1	281	2	2	5	11	2	1	4	1	1.2234905	10	7195.7638	7195.9638	7195.9638	7196.1638	7197.1873
3	13	1	1	282	2	2	5	12	1	2	4	1	0.71885173	11	7197.9813	7198.5813	7198.5813	7198.7813	7199.3002
3	13	1	1	283	2	2	5	13	1	2	4	1	0.86815085	12	7200.5986	7201.1986	7201.1986	7201.3986	7202.0667
3	13	1	1	284	2	2	5	14	3	2	4	1	0.8609388	13	7203.2189	7203.8189	7203.8189	7204.0189	7204.6798
3	13	1	1	285	2	2	5	15	4	1	5	1	0.94102999	14	7205.836	7206.036	7206.036	7206.236	7206.977
3	13	1	1	286	2	2	5	16	6	1	5	1	0.86527691	15	7208.0565	7208.2565	7208.2565	7208.4565	7209.1218
3	13	1	1	287	2	2	5	17	6	1	5	1	0.77308375	16	7210.2715	7210.4715	7210.4715	7210.6715	7211.2446
3	13	1	1	288	2	2	5	18	4	2	5	1	0.71896628	17	7212.4899	7213.0899	7213.0899	7213.2899	7213.8089
3	13	1	1	289	2	2	5	19	4	1	5	1	0.74270731	18	7215.1074	7215.3074	7215.3074	7215.5074	7216.0501
3	13	1	1	290	2	2	5	20	3	1	4	1	0.80337542	19	7217.3252	7217.5252	7217.5252	7217.7252	7218.3286
3	13	1	1	291	2	2	5	21	2	2	4	1	0.62152358	20	7219.5428	7220.1428	7220.1428	7220.3428	7220.7643
3	13	1	1	292	2	2	5	22	6	1	5	1	0.72293808	21	7222.1607	7222.3607	7222.3607	7222.5608	7223.0837
3	13	1	1	293	2	2	5	23	5	2	5	1	0.6496159	22	7224.3781	7224.9781	7224.9781	7225.1781	7225.6277
3	13	1	1	294	2	2	5	24	1	2	4	1	0.70957882	23	7226.9977	7227.5977	7227.5977	7227.7977	7228.3073
3	13	1	1	295	2	2	5	25	3	1	4	1	0.69116663	24	7229.6157	7229.8157	7229.8157	7230.0157	7230.5069
3	13	1	1	296	2	2	5	26	5	2	5	1	0.62664905	25	7231.8336	7232.4336	7232.4336	7232.6337	7233.0603
3	13	1	1	297	2	2	5	27	1	1	4	1	0.74144979	26	7234.4517	7234.6517	7234.6517	7234.8517	7235.3932
3	13	1	1	298	2	2	5	28	2	1	6	1	1.9015745	27	7236.67	7236.87	7236.87	7237.07	7238.7716
3	13	1	1	299	2	2	5	29	4	2	5	1	0.71204434	28	7238.8891	7239.4891	7239.4891	7239.6891	7240.2012
3	13	1	1	300	2	2	5	30	4	2	5	1	0.61401481	29	7241.5071	7242.1071	7242.1071	7242.3071	7242.7212
3	13	1	1	301	2	6	6	1	6	1	8	1	1.3144162	30	7272.2019	7272.4019	7272.4019	7272.6019	7273.7163
3	13	1	1	302	2	6	6	2	1	2	1	1	1.4156539	31	7274.4201	7275.0201	7275.0201	7275.2201	7276.4357
3	13	1	1	303	2	6	6	3	5	2	7	1	1.2537458	32	7277.0381	7277.6381	7277.6381	7277.8381	7278.8919
3	13	1	1	304	2	6	6	4	3	2	3	1	1.2017587	33	7279.6584	7280.2584	7280.2584	7280.4584	7281.4602
3	13	1	1	305	2	6	6	5	5	1	7	1	1.5663648	34	7282.2764	7282.4764	7282.4764	7282.6764	7284.0428
3	13	1	1	306	2	6	6	6	6	1	8	1	1.2666227	35	7284.495	7284.695	7284.695	7284.895	7285.9616
3	13	1	1	307	2	6	6	7	2	1	2	1	1.0110341	36	7286.7138	7286.9138	7286.9138	7287.1138	7287.9248
3	13	1	1	308	2	6	6	8	2	2	2	1	0.88928672	37	7288.9323	7289.5323	7289.5323	7289.7323	7290.4216
3	13	1	1	309	2	6	6	9	3	2	3	1	1.23048	38	7291.5508	7292.1508	7292.1508	7292.3508	7293.3812
3	13	1	1	310	2	6	6	10	5	1	7	1	1.1859991	39	7294.1698	7294.3698	7294.3698	7294.5698	7295.5558
3	13	1	1	311	2	6	6	11	2	1	2	1	1.0767364	40	7296.3885	7296.5885	7296.5886	7296.7886	7297.6654
3	13	1	1	312	2	6	6	12	1	2	1	1	0.95970391	41	7298.6092	7299.2093	7299.2093	7299.4093	7300.169
3	13	1	1	313	2	6	6	13	1	2	1	1	0.75349599	42	7301.2282	7301.8282	7301.8282	7302.0282	7302.5817
3	13	1	1	314	2	6	6	14	3	2	3	1	0.77213912	43	7303.8465	7304.4465	7304.4465	7304.6465	7305.2186
3	13	1	1	315	2	6	6	15	4	1	6	1	1.1601566	44	7306.4648	7306.6648	7306.6648	7306.8648	7307.825
3	13	1	1	316	2	6	6	16	6	1	8	1	0.99153529	45	7308.6834	7308.8834	7308.8834	7309.0835	7309.875
3	13	1	1	317	2	6	6	17	6	1	8	1	0.74051017	46	7310.903	7311.103	7311.103	7311.303	7311.8435
3	13	1	1	318	2	6	6	18	4	2	6	1	0.82523625	47	7313.1222	7313.7222	7313.7222	7313.9222	7314.5474
3	13	1	1	319	2	6	6	19	4	1	6	1	0.66868413	48	7315.7414	7315.9414	7315.9414	7316.1414	7316.6101
3	13	1	1	320	2	6	6	20	3	1	3	1	0.93664027	49	7317.9607	7318.1607	7318.1607	7318.3607	7319.0973
3	13	1	1	321	2	6	6	21	2	2	2	1	1.3278831	50	7320.1806	7320.7806	7320.7806	7320.9806	7322.1085
3	13	1	1	322	2	6	6	22	6	1	8	1	1.0990639	51	7322.7991	7322.9991	7322.9991	7323.1991	7324.0982
3	13	1	1	323	2	6	6	23	5	2	7	1	0.98835666	52	7325.0173	7325.6173	7325.6173	7325.8173	7326.6057
3	13	1	1	324	2	6	6	24	1	2	1	1	0.95327323	53	7327.6359	7328.2359	7328.2359	7328.4359	7329.1892
3	13	1	1	325	2	6	6	25	3	1	3	1	0.96444652	54	7330.2552	7330.4553	7330.4553	7330.6553	7331.4197
3	13	1	1	326	2	6	6	26	5	2	7	1	1.9178242	55	7332.4751	7333.0751	7333.0751	7333.2751	7334.9929
3	13	1	1	327	2	6	6	27	1	1	1	1	1.1311221	56	7335.0948	7335.2948	7335.2948	7335.4948	7336.4259
3	13	1	1	328	2	6	6	28	2	1	2	1	0.95993799	57	7337.3144	7337.5144	7337.5144	7337.7144	7338.4744
3	13	1	1	329	2	6	6	29	4	2	6	1	1.3326149	58	7339.5339	7340.1339	7340.1339	7340.3339	7341.4665
3	13	1	1	330	2	6	6	30	4	2	6	1	0.87742604	59	7342.1569	7342.7569	7342.7569	7342.9569	7343.6344
3	13	1	1	331	2	2	6	1	4	1	5	1	0.79554729	1	7372.8408	7373.0408	7373.0408	7373.2409	7373.8364
3	13	1	1	332	2	2	6	2	2	2	4	1	0.70740985	2	7375.064	7375.664	7375.664	7375.864	7376.3714
3	13	1	1	333	2	2	6	3	1	2	4	1	0.76205865	3	7377.6833	7378.2833	7378.2833	7378.4833	7379.0453
3	13	1	1	334	2	2	6	4	5	2	5	1	0.80267532	4	7380.3025	7380.9026	7380.9026	7381.1026	7381.7052
3	13	1	1	335	2	2	6	5	2	1	4	1	0.79272536	5	7382.9216	7383.1216	7383.1216	7383.3216	7383.9144
3	13	1	1	336	2	2	6	6	2	1	4	1	0.72008926	6	7385.1414	7385.3414	7385.3414	7385.5414	7386.0615
3	13	1	1	337	2	2	6	7	6	1	5	1	0.67626082	7	7387.3641	7387.5641	7387.5641	7387.7641	7388.2404
3	13	1	1	338	2	2	6	8	4	2	5	1	0.59238644	8	7389.5851	7390.1851	7390.1851	7390.3851	7390.7775
3	13	1	1	339	2	2	6	9	3	2	4	1	0.67585302	9	7392.2084	7392.8084	7392.8084	7393.0084	7393.4843
3	13	1	1	340	2	2	6	10	4	1	5	1	0.62844805	10	7394.8286	7395.0286	7395.0286	7395.2286	7395.6571
3	13	1	1	341	2	2	6	11	1	1	4	1	0.66163433	11	7397.048	7397.248	7397.248	7397.448	7397.9097
3	13	1	1	342	2	2	6	12	5	2	5	1	0.61458368	12	7399.2683	7399.8683	7399.8683	7400.0683	7400.4829
3	13	1	1	343	2	2	6	13	5	2	5	1	0.56137253	13	7401.8883	7402.4883	7402.4883	7402.6883	7403.0496
3	13	1	1	344	2	2	6	14	4	2	5	1	0.55754039	14	7404.5084	7405.1084	7405.1084	7405.3084	7405.6659
3	13	1	1	345	2	2	6	15	6	1	5	1	0.53966093	15	7407.1281	7407.3281	7407.3281	7407.5281	7407.8677
3	13	1	1	346	2	2	6	16	4	1	5	1	0.41526084	16	7409.3486	7409.5486	7409.5486	7409.7486	7409.9638
3	13	1	1	347	2	2	6	17	2	1	4	1	0.52048962	17	7411.5686	7411.7686	7411.7687	7411.9687	7412.2891
3	13	1	1	348	2	2	6	18	6	2	5	1	0.35349394	18	7413.7926	7414.3926	7414.3926	7414.5926	7414.7461
3	13	1	1	349	2	2	6	19	3	1	4	1	0.62348375	19	7416.4127	7416.6127	7416.6127	7416.8127	7417.2362
3	13	1	1	350	2	2	6	20	6	1	5	1	0.5636119	20	7418.6332	7418.8332	7418.8332	7419.0332	7419.3968
3	13	1	1	351	2	2	6	21	6	2	5	1	0.55072469	21	7420.8536	7421.4536	7421.4537	7421.6537	7422.0044
3	13	1	1	352	2	2	6	22	2	1	4	1	0.71558942	22	7423.4741	7423.6741	7423.6741	7423.8741	7424.3896
3	13	1	1	353	2	2	6	23	1	2	4	1	0.65169554	23	7425.6943	7426.2943	7426.2943	7426.4943	7426.946
3	13	1	1	354	2	2	6	24	1	2	4	1	0.64920963	24	7428.3148	7428.9148	7428.9148	7429.1148	7429.564
3	13	1	1	355	2	2	6	25	3	1	4	1	0.72250538	25	7430.9347	7431.1347	7431.1347	7431.3347	7431.8572
3	13	1	1	356	2	2	6	26	5	2	5	1	0.70271093	26	7433.155	7433.755	7433.755	7433.9551	7434.4578
3	13	1	1	357	2	2	6	27	1	1	4	1	0.99327578	27	7435.7756	7435.9756	7435.9756	7436.1756	7436.9688
3	13	1	1	358	2	2	6	28	3	1	4	1	0.69416543	28	7437.9954	7438.1954	7438.1954	7438.3954	7438.8896
3	13	1	1	359	2	2	6	29	5	2	5	1	0.65887594	29	7440.2161	7440.8161	7440.8161	7441.0161	7441.4749
3	13	1	1	360	2	2	6	30	3	2	4	1	0.64485963	30	7442.8377	7443.4377	7443.4377	7443.6377	7444.0826
3	13	1	1	361	3	6	7	1	4	1	6	1	1.1571532	31	8413.2759	8413.4759	8413.4759	8413.6759	8414.633
3	13	1	1	362	3	6	7	2	2	2	2	1	0.98426103	32	8415.4971	8416.0971	8416.0971	8416.2971	8417.0814
3	13	1	1	363	3	6	7	3	1	2	1	1	0.81194893	33	8418.1178	8418.7178	8418.7178	8418.9178	8419.5298
3	13	1	1	364	3	6	7	4	5	2	7	1	1.0241139	34	8420.7388	8421.3388	8421.3388	8421.5388	8422.3629
3	13	1	1	365	3	6	7	5	2	1	2	1	0.76555554	35	8423.3595	8423.5595	8423.5595	8423.7595	8424.325
3	13	1	1	366	3	6	7	6	2	1	2	1	0.63066947	36	8425.5809	8425.7809	8425.7809	8425.9809	8426.4116
3	13	1	1	367	3	6	7	7	6	1	1	0	0.51411541	36	8427.8022	8428.0022	8428.0022	8428.2022	8428.5163
3	13	1	1	368	3	6	7	8	4	2	6	1	1.1071466	37	8430.0236	8430.6236	8430.6236	8430.8237	8431.7308
3	13	1	1	369	3	6	7	9	3	2	3	1	1.024161	38	8432.6447	8433.2448	8433.2448	8433.4448	8434.2689
3	13	1	1	370	3	6	7	10	4	1	6	1	1.4080533	39	8435.2662	8435.4662	8435.4662	8435.6662	8436.8743
3	13	1	1	371	3	6	7	11	1	1	1	1	0.72924726	40	8437.4877	8437.6877	8437.6877	8437.8877	8438.4169
3	13	1	1	372	3	6	7	12	5	2	7	1	0.9660129	41	8439.7088	8440.3088	8440.3088	8440.5088	8441.2748
3	13	1	1	373	3	6	7	13	5	2	7	1	0.65785296	42	8442.3304	8442.9304	8442.9304	8443.1304	8443.5883
3	13	1	1	374	3	6	7	14	4	2	6	1	1.1148139	43	8444.9515	8445.5515	8445.5515	8445.7515	8446.6664
3	13	1	1	375	3	6	7	15	6	1	8	1	1.0565963	44	8447.5726	8447.7726	8447.7726	8447.9726	8448.8292
3	13	1	1	376	3	6	7	16	4	1	6	1	1.3887306	45	8449.7929	8449.9929	8449.9929	8450.1929	8451.3816
3	13	1	1	377	3	6	7	17	2	1	2	1	0.86177245	46	8452.0145	8452.2145	8452.2145	8452.4146	8453.0763
3	13	1	1	378	3	6	7	18	6	2	8	1	1.0929578	47	8454.3263	8454.9263	8454.9263	8455.1263	8456.0193
3	13	1	1	379	3	6	7	19	3	1	3	1	0.98610922	48	8456.9472	8457.1472	8457.1472	8457.3472	8458.1333
3	13	1	1	380	3	6	7	20	6	1	8	1	0.84970957	49	8459.1685	8459.3685	8459.3685	8459.5685	8460.2182
3	13	1	1	381	3	6	7	21	6	2	8	1	0.99925777	50	8461.39	8461.9901	8461.9901	8462.1901	8462.9893
3	13	1	1	382	3	6	7	22	2	1	2	1	0.89558174	51	8464.0121	8464.2121	8464.2121	8464.4121	8465.1077
3	13	1	1	383	3	6	7	23	1	2	3	0	1.142408	51	8466.2348	8466.8348	8466.8348	8467.0348	8467.9772
3	13	1	1	384	3	6	7	24	1	2	1	1	1.522648	52	8468.8561	8469.4561	8469.4561	8469.6561	8470.9787
3	13	1	1	385	3	6	7	25	3	1	3	1	0.99727092	53	8471.4774	8471.6774	8471.6774	8471.8774	8472.6747
3	13	1	1	386	3	6	7	26	5	2	7	1	0.72633946	54	8473.6989	8474.2989	8474.2989	8474.4989	8475.0253
3	13	1	1	387	3	6	7	27	1	1	1	1	0.75466593	55	8476.3206	8476.5206	8476.5206	8476.7206	8477.2752
3	13	1	1	388	3	6	7	28	3	1	3	1	0.49484939	56	8478.5457	8478.7457	8478.7457	8478.9457	8479.2406
3	13	1	1	389	3	6	7	29	5	2	7	1	0.90785575	57	8480.7672	8481.3672	8481.3672	8481.5672	8482.2751
3	13	1	1	390	3	6	7	30	3	2	3	1	0.64757983	58	8483.3893	8483.9893	8483.9893	8484.1893	8484.6369
3	13	1	1	391	3	2	7	1	6	1	5	1	0.92800641	1	8514.075	8514.275	8514.275	8514.475	8515.203
3	13	1	1	392	3	2	7	2	6	2	5	1	0.61559678	2	8516.3012	8516.9012	8516.9012	8517.1012	8517.5168
3	13	1	1	393	3	2	7	3	3	2	4	1	0.56824462	3	8518.9229	8519.5229	8519.5229	8519.7229	8520.0912
3	13	1	1	394	3	2	7	4	2	2	4	1	0.57155851	4	8521.5452	8522.1452	8522.1452	8522.3452	8522.7168
3	13	1	1	395	3	2	7	5	1	1	4	1	0.56164474	5	8524.1671	8524.3671	8524.3671	8524.5671	8524.9287
3	13	1	1	396	3	2	7	6	2	1	4	1	0.53639493	6	8526.4126	8526.6126	8526.6126	8526.8126	8527.149
3	13	1	1	397	3	2	7	7	3	1	4	1	0.83425234	7	8528.6353	8528.8353	8528.8353	8529.0353	8529.6695
3	13	1	1	398	3	2	7	8	5	2	5	1	0.51806105	8	8530.8609	8531.4609	8531.4609	8531.6609	8531.979
3	13	1	1	399	3	2	7	9	6	2	5	1	0.55262167	9	8533.4831	8534.0831	8534.0831	8534.2831	8534.6357
3	13	1	1	400	3	2	7	10	3	1	4	1	0.87939493	10	8536.1077	8536.3077	8536.3077	8536.5077	8537.1871
3	13	1	1	401	3	2	7	11	4	1	5	1	0.58581307	11	8538.4238	8538.6238	8538.6238	8538.8238	8539.2097
3	13	1	1	402	3	2	7	12	2	2	4	1	0.55692955	12	8540.6467	8541.2467	8541.2467	8541.4467	8541.8037
3	13	1	1	403	3	2	7	13	2	2	4	1	0.62023897	13	8543.2688	8543.8688	8543.8688	8544.0688	8544.489
3	13	1	1	404	3	2	7	14	5	2	5	1	0.50228218	14	8545.891	8546.491	8546.491	8546.691	8546.9933
3	13	1	1	405	3	2	7	15	6	1	5	1	0.47208635	15	8548.5133	8548.7133	8548.7133	8548.9133	8549.1854
3	13	1	1	406	3	2	7	16	5	1	5	1	0.46541429	16	8550.7359	8550.9359	8550.9359	8551.1359	8551.4014
3	13	1	1	407	3	2	7	17	4	1	5	1	0.42092389	17	8552.9591	8553.1591	8553.1591	8553.3591	8553.58
3	13	1	1	408	3	2	7	18	3	2	4	1	0.53199545	18	8555.1822	8555.7822	8555.7822	8555.9822	8556.3142
3	13	1	1	409	3	2	7	19	4	1	5	1	0.55007653	19	8557.8055	8558.0055	8558.0055	8558.2055	8558.5556
3	13	1	1	410	3	2	7	20	1	1	4	1	0.62230256	20	8560.0282	8560.2282	8560.2282	8560.4282	8560.8505
3	13	1	1	411	3	2	7	21	4	2	5	1	0.46388942	21	8562.2507	8562.8507	8562.8507	8563.0507	8563.3146
3	13	1	1	412	3	2	7	22	2	1	4	1	0.62363296	22	8564.8734	8565.0734	8565.0734	8565.2734	8565.697
3	13	1	1	413	3	2	7	23	1	2	4	1	0.53951685	23	8567.0958	8567.6958	8567.6958	8567.8959	8568.2354
3	13	1	1	414	3	2	7	24	3	2	4	1	0.49864594	24	8569.7184	8570.3184	8570.3184	8570.5184	8570.8171
3	13	1	1	415	3	2	7	25	5	1	5	1	0.55266481	25	8572.341	8572.541	8572.541	8572.741	8573.0936
3	13	1	1	416	3	2	7	26	4	2	5	1	0.44574768	26	8574.5652	8575.1652	8575.1652	8575.3652	8575.6109
3	13	1	1	417	3	2	7	27	1	1	4	1	0.56725453	27	8577.1879	8577.3879	8577.3879	8577.5879	8577.9552
3	13	1	1	418	3	2	7	28	5	1	5	1	0.56235307	28	8579.4108	8579.6108	8579.6108	8579.8108	8580.1732
3	13	1	1	419	3	2	7	29	1	2	4	1	0.46972509	29	8581.6373	8582.2373	8582.2373	8582.4373	8582.707
3	13	1	1	420	3	2	7	30	6	2	5	1	0.47726196	30	8584.2608	8584.8608	8584.8608	8585.0608	8585.338
3	13	1	1	421	3	6	8	1	6	1	8	1	0.90333602	31	8614.9547	8615.1547	8615.1547	8615.3547	8616.058
3	13	1	1	422	3	6	8	2	6	2	8	1	0.74657909	32	8617.1783	8617.7783	8617.7783	8617.9783	8618.5249
3	13	1	1	423	3	6	8	3	3	2	3	1	0.81625127	33	8619.8015	8620.4015	8620.4015	8620.6015	8621.2178
3	13	1	1	424	3	6	8	4	2	2	2	1	0.72387968	34	8622.5213	8623.1213	8623.1213	8623.3214	8623.8452
3	13	1	1	425	3	6	8	5	1	1	1	1	0.82520902	35	8625.1442	8625.3442	8625.3442	8625.5442	8626.1694
3	13	1	1	426	3	6	8	6	2	1	2	1	0.8422519	36	8627.3673	8627.5673	8627.5673	8627.7673	8628.4095
3	13	1	1	427	3	6	8	7	3	1	3	1	0.90723329	37	8629.5911	8629.7911	8629.7911	8629.9911	8630.6984
3	13	1	1	428	3	6	8	8	5	2	7	1	1.0454897	38	8631.8146	8632.4146	8632.4146	8632.6146	8633.4601
3	13	1	1	429	3	6	8	9	6	2	8	1	0.74839842	39	8634.5331	8635.1331	8635.1331	8635.3331	8635.8815
3	13	1	1	430	3	6	8	10	3	1	3	1	0.99053172	40	8637.1569	8637.3569	8637.3569	8637.5569	8638.3475
3	13	1	1	431	3	6	8	11	4	1	6	1	1.0624489	41	8639.3809	8639.5809	8639.5809	8639.7809	8640.6434
3	13	1	1	432	3	6	8	12	2	2	2	1	0.70837685	42	8641.605	8642.205	8642.205	8642.405	8642.9134
3	13	1	1	433	3	6	8	13	2	2	2	1	0.63564482	43	8644.2292	8644.8292	8644.8292	8645.0292	8645.4648
3	13	1	1	434	3	6	8	14	5	2	7	1	1.4393495	44	8646.8525	8647.4525	8647.4525	8647.6525	8648.8919
3	13	1	1	435	3	6	8	15	6	1	8	1	0.80168975	45	8649.5531	8649.7531	8649.7531	8649.9531	8650.5548
3	13	1	1	436	3	6	8	16	5	1	8	0	0.46488416	45	8651.7768	8651.9768	8651.9768	8652.1769	8652.4417
3	13	1	1	437	3	6	8	17	4	1	6	1	0.97164458	46	8654.0005	8654.2005	8654.2005	8654.4005	8655.1722
3	13	1	1	438	3	6	8	18	3	2	3	1	0.9448165	47	8656.224	8656.824	8656.824	8657.024	8657.7688
3	13	1	1	439	3	6	8	19	4	1	6	1	1.3405178	48	8658.8475	8659.0475	8659.0475	8659.2475	8660.388
3	13	1	1	440	3	6	8	20	1	1	1	1	1.233031	49	8661.072	8661.272	8661.272	8661.472	8662.5051
3	13	1	1	441	3	6	8	21	4	2	6	1	1.0427752	50	8663.2963	8663.8963	8663.8963	8664.0963	8664.9391
3	13	1	1	442	3	6	8	22	2	1	2	1	0.8644675	51	8665.9207	8666.1207	8666.1207	8666.3207	8666.9852
3	13	1	1	443	3	6	8	23	1	2	1	1	0.8909469	52	8668.1447	8668.7447	8668.7447	8668.9447	8669.6357
3	13	1	1	444	3	6	8	24	3	2	3	1	0.77232588	53	8670.7692	8671.3692	8671.3692	8671.5692	8672.1415
3	13	1	1	445	3	6	8	25	5	1	7	1	1.4255511	54	8673.3937	8673.5937	8673.5937	8673.7937	8675.0192
3	13	1	1	446	3	6	8	26	4	2	6	1	1.9978947	55	8675.6182	8676.2182	8676.2182	8676.4182	8678.2161
3	13	1	1	447	3	6	8	27	1	1	1	1	0.86541514	56	8678.2435	8678.4435	8678.4435	8678.6435	8679.309
3	13	1	1	448	3	6	8	28	5	1	7	1	1.0629135	57	8680.4681	8680.6681	8680.6681	8680.8681	8681.731
3	13	1	1	449	3	6	8	29	1	2	1	1	0.93264672	58	8682.6927	8683.2928	8683.2928	8683.4928	8684.2254
3	13	1	1	450	3	6	8	30	6	2	8	1	0.86797935	59	8685.3169	8685.9169	8685.9169	8686.1169	8686.7849
3	13	1	1	451	3	2	8	1	6	1	5	1	0.7849	1	8716.0046	8716.2047	8716.2047	8716.4047	8716.9896
3	13	1	1	452	3	2	8	2	4	2	5	1	0.56709166	2	8718.2288	8718.8288	8718.8288	8719.0288	8719.3959
3	13	1	1	453	3	2	8	3	5	2	5	1	0.4444445	3	8720.8526	8721.4526	8721.4526	8721.6526	8721.897
3	13	1	1	454	3	2	8	4	3	2	4	1	1.0131471	4	8723.4772	8724.0772	8724.0772	8724.2772	8725.0903
3	13	1	1	455	3	2	8	5	5	1	5	1	0.61106562	5	8726.1053	8726.3053	8726.3053	8726.5054	8726.9164
3	13	1	1	456	3	2	8	6	6	1	5	1	0.4228524	6	8728.3302	8728.5302	8728.5302	8728.7302	8728.9531
3	13	1	1	457	3	2	8	7	4	1	5	1	0.47529159	7	8730.6403	8730.8403	8730.8403	8731.0403	8731.3156
3	13	1	1	458	3	2	8	8	3	2	4	1	0.52715837	8	8732.8655	8733.4655	8733.4655	8733.6655	8733.9927
3	13	1	1	459	3	2	8	9	3	2	4	1	0.43095828	9	8735.4905	8736.0905	8736.0905	8736.2905	8736.5215
3	13	1	1	460	3	2	8	10	1	1	4	1	0.39815163	10	8738.1157	8738.3157	8738.3158	8738.5158	8738.7139
3	13	1	1	461	3	2	8	11	1	1	4	1	0.41213772	11	8740.3407	8740.5407	8740.5407	8740.7407	8740.9529
3	13	1	1	462	3	2	8	12	6	2	5	1	0.47272535	12	8742.6605	8743.2605	8743.2605	8743.4605	8743.7332
3	13	1	1	463	3	2	8	13	4	2	5	1	0.51902762	13	8745.2853	8745.8853	8745.8853	8746.0853	8746.4043
3	13	1	1	464	3	2	8	14	5	2	5	1	0.44592457	14	8747.9101	8748.5101	8748.5101	8748.7101	8748.956
3	13	1	1	465	3	2	8	15	1	1	4	1	0.52332082	15	8750.5351	8750.7351	8750.7351	8750.9351	8751.2584
3	13	1	1	466	3	2	8	16	1	1	4	1	0.47421969	16	8752.7619	8752.9619	8752.9619	8753.1619	8753.4362
3	13	1	1	467	3	2	8	17	5	1	5	1	0.53021553	17	8754.9862	8755.1862	8755.1862	8755.3862	8755.7164
3	13	1	1	468	3	2	8	18	3	2	4	1	0.60820341	18	8757.211	8757.811	8757.811	8758.011	8758.4192
3	13	1	1	469	3	2	8	19	6	1	5	1	0.50529588	19	8759.8361	8760.0361	8760.0361	8760.2361	8760.5414
3	13	1	1	470	3	2	8	20	2	1	4	1	0.82781648	20	8762.0614	8762.2614	8762.2615	8762.4615	8763.0893
3	13	1	1	471	3	2	8	21	4	2	5	1	0.44012195	21	8764.2868	8764.8868	8764.8868	8765.0868	8765.327
3	13	1	1	472	3	2	8	22	6	1	5	1	0.44481041	22	8766.9126	8767.1126	8767.1126	8767.3126	8767.5574
3	13	1	1	473	3	2	8	23	2	2	4	1	0.50220697	23	8769.1411	8769.7411	8769.7411	8769.9411	8770.2433
3	13	1	1	474	3	2	8	24	2	2	4	1	0.51588719	24	8771.7669	8772.3669	8772.3669	8772.5669	8772.8828
3	13	1	1	475	3	2	8	25	2	1	4	1	0.76146094	25	8774.3931	8774.5931	8774.5931	8774.7931	8775.3546
3	13	1	1	476	3	2	8	26	2	2	4	1	0.56042868	26	8776.6187	8777.2187	8777.2187	8777.4187	8777.7791
3	13	1	1	477	3	2	8	27	1	1	4	1	0.39930302	27	8779.2441	8779.4441	8779.4441	8779.6441	8779.8434
3	13	1	1	478	3	2	8	28	3	1	4	1	0.5517176	28	8781.4698	8781.6698	8781.6698	8781.8698	8782.2215
3	13	1	1	479	3	2	8	29	4	2	5	1	0.55769815	29	8783.695	8784.295	8784.295	8784.495	8784.8527
3	13	1	1	480	3	2	8	30	5	2	5	1	0.64073875	30	8786.3202	8786.9202	8786.9202	8787.1202	8787.561
3	13	1	1	481	3	6	9	1	6	1	8	1	0.88280507	31	8817.2648	8817.4648	8817.4648	8817.6648	8818.3476
3	13	1	1	482	3	6	9	2	4	2	6	1	1.1936895	32	8819.4906	8820.0906	8820.0906	8820.2906	8821.2843
3	13	1	1	483	3	6	9	3	5	2	7	1	1.2881828	33	8822.1159	8822.7159	8822.7159	8822.9159	8824.0041
3	13	1	1	484	3	6	9	4	3	2	3	1	0.82046564	34	8824.7415	8825.3415	8825.3415	8825.5415	8826.162
3	13	1	1	485	3	6	9	5	5	1	7	1	1.0270103	35	8827.368	8827.568	8827.568	8827.768	8828.595
3	13	1	1	486	3	6	9	6	6	1	8	1	0.88315015	36	8829.5943	8829.7943	8829.7943	8829.9943	8830.6775
3	13	1	1	487	3	6	9	7	4	1	7	0	1.1440216	36	8831.8204	8832.0204	8832.0204	8832.2205	8833.1645
3	13	1	1	488	3	6	9	8	3	2	3	1	0.92187823	37	8834.0473	8834.6473	8834.6473	8834.8473	8835.5692
3	13	1	1	489	3	6	9	9	3	2	3	1	0.71032703	38	8836.6746	8837.2746	8837.2746	8837.4746	8837.9849
3	13	1	1	490	3	6	9	10	1	1	1	1	0.93098263	39	8839.3024	8839.5024	8839.5024	8839.7024	8840.4334
3	13	1	1	491	3	6	9	11	1	1	1	1	0.82045112	40	8841.5291	8841.7291	8841.7291	8841.9291	8842.5495
3	13	1	1	492	3	6	9	12	6	2	8	1	0.90416908	41	8843.7557	8844.3557	8844.3557	8844.5557	8845.2599
3	13	1	1	493	3	6	9	13	4	2	6	1	1.9181948	42	8846.3823	8846.9823	8846.9823	8847.1823	8848.9005
3	13	1	1	494	3	6	9	14	5	2	7	1	0.94317377	43	8849.0099	8849.6099	8849.6099	8849.8099	8850.5531
3	13	1	1	495	3	6	9	15	1	1	1	1	0.87132779	44	8851.6362	8851.8362	8851.8362	8852.0362	8852.7075
3	13	1	1	496	3	6	9	16	1	1	1	1	0.77885177	45	8853.8635	8854.0635	8854.0635	8854.2635	8854.8423
3	13	1	1	497	3	6	9	17	5	1	7	1	1.0018351	46	8856.0903	8856.2903	8856.2903	8856.4904	8857.2922
3	13	1	1	498	3	6	9	18	3	2	3	1	0.95990025	47	8858.3162	8858.9162	8858.9162	8859.1162	8859.8761
3	13	1	1	499	3	6	9	19	6	1	8	1	1.2094798	48	8860.9466	8861.1466	8861.1466	8861.3466	8862.3561
3	13	1	1	500	3	6	9	20	2	1	2	1	0.86632323	49	8863.1764	8863.3764	8863.3764	8863.5764	8864.2427
3	13	1	1	501	3	6	9	21	4	2	6	1	1.2905313	50	8865.4033	8866.0033	8866.0033	8866.2033	8867.2939
3	13	1	1	502	3	6	9	22	6	1	8	1	1.0678575	51	8868.03	8868.23	8868.23	8868.43	8869.2978
3	13	1	1	503	3	6	9	23	2	2	2	1	0.78575548	52	8870.2566	8870.8566	8870.8566	8871.0566	8871.6424
3	13	1	1	504	3	6	9	24	2	2	2	1	0.67226912	53	8872.8828	8873.4828	8873.4828	8873.6828	8874.1551
3	13	1	1	505	3	6	9	25	2	1	2	1	0.55710112	54	8875.509	8875.709	8875.7091	8875.9091	8876.2662
3	13	1	1	506	3	6	9	26	2	2	2	1	0.50838576	55	8877.7825	8878.3825	8878.3825	8878.5826	8878.8909
3	13	1	1	507	3	6	9	27	1	1	1	1	0.95332413	56	8880.4098	8880.6098	8880.6098	8880.8098	8881.5631
3	13	1	1	508	3	6	9	28	3	1	3	1	0.60868723	57	8882.6365	8882.8366	8882.8366	8883.0366	8883.4452
3	13	1	1	509	3	6	9	29	4	2	6	1	0.87879465	58	8884.8636	8885.4636	8885.4636	8885.6636	8886.3424
3	13	1	1	510	3	6	9	30	5	2	7	1	0.73584239	59	8887.4909	8888.0909	8888.0909	8888.2909	8888.8268
3	13	1	1	511	3	2	9	1	4	1	5	1	0.60791449	1	8918.1847	8918.3847	8918.3847	8918.5847	8918.9926
3	13	1	1	512	3	2	9	2	5	2	5	1	0.51107377	2	8920.4127	8921.0127	8921.0127	8921.2127	8921.5238
3	13	1	1	513	3	2	9	3	1	2	4	1	0.57998297	3	8923.0398	8923.6398	8923.6398	8923.8398	8924.2198
3	13	1	1	514	3	2	9	4	2	2	4	1	0.64861569	4	8925.6666	8926.2666	8926.2666	8926.4666	8926.9152
3	13	1	1	515	3	2	9	5	4	1	5	1	0.62219427	5	8928.2938	8928.4938	8928.4938	8928.6938	8929.116
3	13	1	1	516	3	2	9	6	3	1	4	1	0.75736503	6	8930.5203	8930.7203	8930.7203	8930.9203	8931.4777
3	13	1	1	517	3	2	9	7	6	1	5	1	0.52544211	7	8932.7478	8932.9478	8932.9478	8933.1478	8933.4732
3	13	1	1	518	3	2	9	8	5	2	5	1	0.60953312	8	8934.975	8935.575	8935.575	8935.775	8936.1845
3	13	1	1	519	3	2	9	9	3	2	4	1	0.60352684	9	8937.6063	8938.2064	8938.2064	8938.4064	8938.8099
3	13	1	1	520	3	2	9	10	3	1	4	1	0.60896943	10	8940.2338	8940.4338	8940.4338	8940.6338	8941.0428
3	13	1	1	521	3	2	9	11	2	1	4	1	0.60661088	11	8942.4628	8942.6628	8942.6628	8942.8628	8943.2694
3	13	1	1	522	3	2	9	12	2	2	4	1	0.51480104	12	8944.6907	8945.2907	8945.2907	8945.4907	8945.8055
3	13	1	1	523	3	2	9	13	6	2	5	1	0.60150459	13	8947.3229	8947.9229	8947.9229	8948.1229	8948.5244
3	13	1	1	524	3	2	9	14	5	2	5	1	0.49073159	14	8949.9544	8950.5544	8950.5544	8950.7544	8951.0451
3	13	1	1	525	3	2	9	15	5	1	5	1	0.65000613	15	8952.5848	8952.7848	8952.7848	8952.9848	8953.4348
3	13	1	1	526	3	2	9	16	4	1	5	1	0.47131788	16	8954.8125	8955.0125	8955.0125	8955.2125	8955.4838
3	13	1	1	527	3	2	9	17	3	1	4	1	0.75994289	17	8957.0439	8957.2439	8957.2439	8957.4439	8958.0039
3	13	1	1	528	3	2	9	18	6	2	5	1	0.53961104	18	8959.2717	8959.8717	8959.8717	8960.0717	8960.4114
3	13	1	1	529	3	2	9	19	3	1	4	1	0.51844368	19	8961.9004	8962.1004	8962.1004	8962.3004	8962.6188
3	13	1	1	530	3	2	9	20	4	1	5	1	0.53787187	20	8964.1281	8964.3281	8964.3281	8964.5281	8964.866
3	13	1	1	531	3	2	9	21	1	2	4	1	0.81853762	21	8966.356	8966.956	8966.956	8967.156	8967.7746
3	13	1	1	532	3	2	9	22	1	1	4	1	0.68899501	22	8968.9843	8969.1843	8969.1843	8969.3843	8969.8733
3	13	1	1	533	3	2	9	23	6	2	5	1	0.59574936	23	8971.2127	8971.8127	8971.8127	8972.0128	8972.4085
3	13	1	1	534	3	2	9	24	2	2	4	1	0.52821601	24	8973.8902	8974.4902	8974.4902	8974.6902	8975.0184
3	13	1	1	535	3	2	9	25	5	1	5	1	0.55904715	25	8976.5188	8976.7188	8976.7188	8976.9188	8977.2778
3	13	1	1	536	3	2	9	26	4	2	5	1	0.92821355	26	8978.7472	8979.3472	8979.3472	8979.5472	8980.2754
3	13	1	1	537	3	2	9	27	1	1	4	1	0.82848512	27	8981.375	8981.575	8981.575	8981.775	8982.4035
3	13	1	1	538	3	2	9	28	1	1	4	1	0.5592453	28	8983.6035	8983.8035	8983.8035	8984.0035	8984.3627
3	13	1	1	539	3	2	9	29	2	2	4	1	1.1375962	29	8985.9009	8986.5009	8986.5009	8986.7009	8987.6385
3	13	1	1	540	3	2	9	30	6	2	5	1	0.8158136	30	8988.5295	8989.1295	8989.1295	8989.3295	8989.9453
3	13	1	1	541	4	6	10	1	4	1	6	1	1.1416316	31	9553.4774	9553.6774	9553.6774	9553.8774	9554.8191
3	13	1	1	542	4	6	10	2	5	2	7	1	0.95313071	32	9555.7059	9556.3059	9556.3059	9556.5059	9557.259
3	13	1	1	543	4	6	10	3	1	2	1	1	0.98693673	33	9558.3346	9558.9346	9558.9346	9559.1346	9559.9216
3	13	1	1	544	4	6	10	4	2	2	2	1	0.85208344	34	9560.9648	9561.5648	9561.5649	9561.7649	9562.4169
3	13	1	1	545	4	6	10	5	4	1	6	1	1.0105856	35	9563.5934	9563.7934	9563.7934	9563.9934	9564.804
3	13	1	1	546	4	6	10	6	3	1	3	1	0.94400252	36	9565.9147	9566.1147	9566.1147	9566.3147	9567.0587
3	13	1	1	547	4	6	10	7	6	1	8	1	0.99551601	37	9568.1448	9568.3448	9568.3448	9568.5448	9569.3403
3	13	1	1	548	4	6	10	8	5	2	7	1	0.82956811	38	9570.3729	9570.9729	9570.9729	9571.1729	9571.8024
3	13	1	1	549	4	6	10	9	3	2	3	1	1.0180609	39	9573.0033	9573.6033	9573.6033	9573.8033	9574.6213
3	13	1	1	550	4	6	10	10	3	1	3	1	0.78687864	40	9575.6323	9575.8323	9575.8323	9576.0323	9576.6191
3	13	1	1	551	4	6	10	11	2	1	2	1	0.76628641	41	9577.9322	9578.1322	9578.1322	9578.3322	9578.8985
3	13	1	1	552	4	6	10	12	2	2	2	1	0.70872759	42	9580.1614	9580.7614	9580.7614	9580.9614	9581.4701
3	13	1	1	553	4	6	10	13	6	2	8	1	0.83616549	43	9582.7902	9583.3902	9583.3902	9583.5902	9584.2264
3	13	1	1	554	4	6	10	14	5	2	7	1	0.80132606	44	9585.4192	9586.0193	9586.0193	9586.2193	9586.8206
3	13	1	1	555	4	6	10	15	5	1	7	1	0.74387128	45	9588.0493	9588.2493	9588.2493	9588.4493	9588.9932
3	13	1	1	556	4	6	10	16	4	1	6	1	1.3267387	46	9590.2786	9590.4786	9590.4786	9590.6786	9591.8054
3	13	1	1	557	4	6	10	17	3	1	3	1	1.3426402	47	9592.5075	9592.7075	9592.7075	9592.9075	9594.0502
3	13	1	1	558	4	6	10	18	6	2	8	1	1.1636936	48	9594.7364	9595.3364	9595.3364	9595.5364	9596.5001
3	13	1	1	559	4	6	10	19	3	1	3	1	1.6376353	49	9597.3658	9597.5658	9597.5658	9597.7658	9599.2034
3	13	1	1	560	4	6	10	20	4	1	6	1	1.6636719	50	9599.6008	9599.8008	9599.8008	9600.0008	9601.4645
3	13	1	1	561	4	6	10	21	1	2	1	1	1.2764014	51	9601.8331	9602.4331	9602.4331	9602.6331	9603.7095
3	13	1	1	562	4	6	10	22	1	1	1	1	1.2944566	52	9604.4622	9604.6622	9604.6622	9604.8622	9605.9566
3	13	1	1	563	4	6	10	23	6	2	8	1	0.88949303	53	9606.6917	9607.2917	9607.2917	9607.4917	9608.1812
3	13	1	1	564	4	6	10	24	2	2	2	1	0.81923745	54	9609.3206	9609.9206	9609.9206	9610.1206	9610.7398
3	13	1	1	565	4	6	10	25	5	1	7	1	1.8191549	55	9611.9501	9612.1501	9612.1501	9612.3501	9613.9693
3	13	1	1	566	4	6	10	26	4	2	6	1	1.0595825	56	9614.1826	9614.7826	9614.7826	9614.9826	9615.8422
3	13	1	1	567	4	6	10	27	1	1	1	1	1.0146522	57	9616.8118	9617.0118	9617.0118	9617.2118	9618.0264
3	13	1	1	568	4	6	10	28	1	1	1	1	0.59147616	58	9619.042	9619.242	9619.242	9619.442	9619.8335
3	13	1	1	569	4	6	10	29	2	2	2	1	0.93990937	59	9621.2715	9621.8715	9621.8715	9622.0715	9622.8114
3	13	1	1	570	4	6	10	30	6	2	8	1	0.78891551	60	9623.9012	9624.5012	9624.5012	9624.7012	9625.2901
3	13	1	1	571	4	2	10	1	4	1	5	1	0.65429759	1	9654.5974	9654.7974	9654.7974	9654.9974	9655.4517
3	13	1	1	572	4	2	10	2	3	2	4	1	0.67843462	2	9656.8271	9657.4271	9657.4271	9657.6271	9658.1056
3	13	1	1	573	4	2	10	3	6	2	5	1	0.95300678	3	9659.4566	9660.0566	9660.0566	9660.2566	9661.0096
3	13	1	1	574	4	2	10	4	1	2	4	1	1.2744291	4	9662.0872	9662.6873	9662.6873	9662.8873	9663.9617
3	13	1	1	575	4	2	10	5	2	1	4	1	1.0375344	5	9664.7175	9664.9175	9664.9175	9665.1175	9665.955
3	13	1	1	576	4	2	10	6	1	1	4	1	0.75331448	6	9666.9472	9667.1472	9667.1472	9667.3472	9667.9005
3	13	1	1	577	4	2	10	7	2	1	4	1	0.62014745	7	9669.1773	9669.3773	9669.3773	9669.5773	9669.9974
3	13	1	1	578	4	2	10	8	2	2	4	1	0.57012575	8	9671.4102	9672.0102	9672.0102	9672.2102	9672.5803
3	13	1	1	579	4	2	10	9	6	2	5	1	0.51733125	9	9674.0438	9674.6438	9674.6438	9674.8439	9675.1612
3	13	1	1	580	4	2	10	10	5	1	5	1	0.45562484	10	9676.6736	9676.8736	9676.8736	9677.0736	9677.3292
3	13	1	1	581	4	2	10	11	3	1	4	1	0.79728118	11	9678.9028	9679.1028	9679.1028	9679.3028	9679.9001
3	13	1	1	582	4	2	10	12	6	2	5	1	0.62278436	12	9681.1326	9681.7326	9681.7326	9681.9326	9682.3554
3	13	1	1	583	4	2	10	13	6	2	5	1	0.48777128	13	9683.7623	9684.3623	9684.3623	9684.5623	9684.8501
3	13	1	1	584	4	2	10	14	2	2	4	1	0.71024074	14	9686.3955	9686.9955	9686.9955	9687.1955	9687.7057
3	13	1	1	585	4	2	10	15	6	1	5	1	0.51846441	15	9689.053	9689.253	9689.253	9689.453	9689.7715
3	13	1	1	586	4	2	10	16	3	1	4	1	0.59063755	16	9691.2844	9691.4844	9691.4844	9691.6844	9692.075
3	13	1	1	587	4	2	10	17	5	1	5	1	0.47363066	17	9693.5224	9693.7224	9693.7224	9693.9224	9694.1961
3	13	1	1	588	4	2	10	18	4	2	5	1	0.40936182	18	9695.7539	9696.3539	9696.3539	9696.5539	9696.7633
3	13	1	1	589	4	2	10	19	3	1	4	1	0.56168917	19	9698.3879	9698.5879	9698.588	9698.788	9699.1496
3	13	1	1	590	4	2	10	20	5	1	5	1	0.46628004	20	9700.6176	9700.8176	9700.8176	9701.0176	9701.2839
3	13	1	1	591	4	2	10	21	4	2	5	1	0.40903755	21	9702.8481	9703.4481	9703.4481	9703.6481	9703.8572
3	13	1	1	592	4	2	10	22	3	1	4	1	0.66817284	22	9705.4781	9705.6781	9705.6781	9705.8781	9706.3463
3	13	1	1	593	4	2	10	23	1	2	4	1	0.63694158	23	9707.7084	9708.3084	9708.3084	9708.5084	9708.9454
3	13	1	1	594	4	2	10	24	4	2	5	1	0.47873069	24	9710.3385	9710.9385	9710.9385	9711.1385	9711.4173
3	13	1	1	595	4	2	10	25	5	1	5	1	0.41505515	25	9712.9716	9713.1716	9713.1716	9713.3716	9713.5867
3	13	1	1	596	4	2	10	26	1	2	4	1	0.50630311	26	9715.2023	9715.8023	9715.8023	9716.0024	9716.3086
3	13	1	1	597	4	2	10	27	4	1	5	1	0.70611735	27	9717.8329	9718.0329	9718.0329	9718.2329	9718.739
3	13	1	1	598	4	2	10	28	2	1	4	1	0.50345762	28	9720.064	9720.264	9720.264	9720.464	9720.7675
3	13	1	1	599	4	2	10	29	5	2	5	1	0.39795858	29	9722.2951	9722.8951	9722.8951	9723.0951	9723.293
3	13	1	1	600	4	2	10	30	1	2	4	1	0.5422942	30	9724.9265	9725.5265	9725.5265	9725.7265	9726.0688
3	13	1	1	601	4	6	11	1	4	1	6	1	0.86429504	31	9755.7174	9755.9174	9755.9174	9756.1174	9756.7817
3	13	1	1	602	4	6	11	2	3	2	3	1	0.96844265	32	9757.9485	9758.5485	9758.5485	9758.7485	9759.5169
3	13	1	1	603	4	6	11	3	6	2	8	1	0.8475092	33	9760.5795	9761.1795	9761.1795	9761.3795	9762.027
3	13	1	1	604	4	6	11	4	1	2	1	1	0.89612444	34	9763.2102	9763.8102	9763.8102	9764.0102	9764.7064
3	13	1	1	605	4	6	11	5	2	1	2	1	0.85955917	35	9765.8398	9766.0399	9766.0399	9766.2399	9766.8994
3	13	1	1	606	4	6	11	6	1	1	1	1	1.1492342	36	9768.0708	9768.2708	9768.2708	9768.4708	9769.42
3	13	1	1	607	4	6	11	7	2	1	2	1	0.87629719	37	9770.301	9770.501	9770.501	9770.701	9771.3773
3	13	1	1	608	4	6	11	8	2	2	2	1	0.91944466	38	9772.5318	9773.1318	9773.1318	9773.3318	9774.0513
3	13	1	1	609	4	6	11	9	6	2	8	1	0.83944125	39	9775.1634	9775.7634	9775.7634	9775.9634	9776.6028
3	13	1	1	610	4	6	11	10	5	1	7	1	1.0188802	40	9777.7955	9777.9955	9777.9955	9778.1955	9779.0144
3	13	1	1	611	4	6	11	11	3	1	3	1	0.88194447	41	9780.0269	9780.2269	9780.2269	9780.4269	9781.1089
3	13	1	1	612	4	6	11	12	6	2	8	1	1.0496529	42	9782.258	9782.858	9782.858	9783.058	9783.9076
3	13	1	1	613	4	6	11	13	6	2	8	1	0.76672179	43	9784.8931	9785.4931	9785.4931	9785.6931	9786.2599
3	13	1	1	614	4	6	11	14	2	2	2	1	1.2387114	44	9787.5245	9788.1245	9788.1245	9788.3245	9789.3632
3	13	1	1	615	4	6	11	15	6	1	6	0	1.799273	44	9790.1554	9790.3554	9790.3554	9790.5554	9792.1547
3	13	1	1	616	4	6	11	16	3	1	3	1	1.3366657	45	9792.3867	9792.5867	9792.5867	9792.7867	9793.9234
3	13	1	1	617	4	6	11	17	5	1	7	1	0.94414275	46	9794.6178	9794.8178	9794.8178	9795.0178	9795.762
3	13	1	1	618	4	6	11	18	4	2	6	1	1.3328475	47	9796.8479	9797.448	9797.448	9797.648	9798.7808
3	13	1	1	619	4	6	11	19	3	1	3	1	1.47531	48	9799.4819	9799.6819	9799.6819	9799.8819	9801.1572
3	13	1	1	620	4	6	11	20	5	1	7	1	1.0253338	49	9801.7133	9801.9133	9801.9133	9802.1133	9802.9387
3	13	1	1	621	4	6	11	21	4	2	6	1	1.167689	50	9803.9475	9804.5475	9804.5475	9804.7476	9805.7152
3	13	1	1	622	4	6	11	22	3	1	3	1	0.7449025	51	9806.5788	9806.7788	9806.7788	9806.9788	9807.5237
3	13	1	1	623	4	6	11	23	1	2	1	1	0.80216951	52	9808.8101	9809.4101	9809.4101	9809.6101	9810.2123
3	13	1	1	624	4	6	11	24	4	2	6	1	0.93655763	53	9811.4413	9812.0413	9812.0413	9812.2413	9812.9779
3	13	1	1	625	4	6	11	25	5	1	7	1	1.0570126	54	9814.0766	9814.2766	9814.2766	9814.4766	9815.3337
3	13	1	1	626	4	6	11	26	1	2	1	1	0.75800076	55	9816.3107	9816.9107	9816.9107	9817.1107	9817.6687
3	13	1	1	627	4	6	11	27	4	1	6	1	0.86661985	56	9818.9428	9819.1428	9819.1428	9819.3428	9820.0094
3	13	1	1	628	4	6	11	28	2	1	2	1	1.0112785	57	9821.1905	9821.3906	9821.3906	9821.5906	9822.4018
3	13	1	1	629	4	6	11	29	5	2	7	1	1.0372585	58	9823.4226	9824.0226	9824.0226	9824.2227	9825.0599
3	13	1	1	630	4	6	11	30	1	2	1	1	1.4254102	59	9826.0579	9826.6579	9826.6579	9826.858	9828.0834
3	13	1	1	631	4	2	11	1	6	1	5	1	0.67691469	1	9856.7575	9856.9575	9856.9575	9857.1575	9857.6344
3	13	1	1	632	4	2	11	2	5	2	5	1	0.46815601	2	9858.9898	9859.5898	9859.5898	9859.7898	9860.0579
3	13	1	1	633	4	2	11	3	5	2	5	1	0.39760651	3	9861.622	9862.222	9862.222	9862.422	9862.6196
3	13	1	1	634	4	2	11	4	4	2	5	1	0.38450295	4	9864.2566	9864.8566	9864.8566	9865.0566	9865.2411
3	13	1	1	635	4	2	11	5	1	1	4	1	0.4966197	5	9866.8892	9867.0892	9867.0892	9867.2892	9867.5858
3	13	1	1	636	4	2	11	6	6	1	5	1	0.47446872	6	9869.1206	9869.3206	9869.3206	9869.5206	9869.7951
3	13	1	1	637	4	2	11	7	4	1	5	1	0.32889404	7	9871.3547	9871.5547	9871.5547	9871.7547	9871.8836
3	13	1	1	638	4	2	11	8	2	2	4	1	0.53667211	8	9873.588	9874.188	9874.188	9874.388	9874.7246
3	13	1	1	639	4	2	11	9	1	2	4	1	1.0893287	9	9876.2239	9876.8239	9876.8239	9877.0239	9877.9132
3	13	1	1	640	4	2	11	10	5	1	5	1	0.55135673	10	9878.8564	9879.0564	9879.0564	9879.2564	9879.6077
3	13	1	1	641	4	2	11	11	6	1	5	1	0.48946361	11	9881.0889	9881.2889	9881.2889	9881.4889	9881.7783
3	13	1	1	642	4	2	11	12	2	2	4	1	0.58574274	12	9883.3212	9883.9212	9883.9212	9884.1212	9884.5069
3	13	1	1	643	4	2	11	13	1	2	4	1	0.91447069	13	9885.9544	9886.5544	9886.5544	9886.7544	9887.4689
3	13	1	1	644	4	2	11	14	1	2	4	1	0.68058116	14	9888.5867	9889.1867	9889.1867	9889.3867	9889.8673
3	13	1	1	645	4	2	11	15	3	1	4	1	0.74477486	15	9891.2186	9891.4186	9891.4186	9891.6186	9892.1634
3	13	1	1	646	4	2	11	16	4	1	5	1	0.57928774	16	9893.4532	9893.6532	9893.6532	9893.8532	9894.2325
3	13	1	1	647	4	2	11	17	4	1	5	1	0.50771606	17	9895.6854	9895.8854	9895.8854	9896.0854	9896.3931
3	13	1	1	648	4	2	11	18	6	2	5	1	0.46811001	18	9897.9175	9898.5175	9898.5175	9898.7175	9898.9856
3	13	1	1	649	4	2	11	19	4	1	5	1	0.48820987	19	9900.5541	9900.7541	9900.7542	9900.9542	9901.2424
3	13	1	1	650	4	2	11	20	2	1	4	1	0.65600619	20	9902.787	9902.987	9902.987	9903.187	9903.6431
3	13	1	1	651	4	2	11	21	3	2	4	1	0.59373863	21	9905.02	9905.62	9905.62	9905.82	9906.2137
3	13	1	1	652	4	2	11	22	3	1	4	1	0.55353337	22	9907.652	9907.852	9907.852	9908.052	9908.4055
3	13	1	1	653	4	2	11	23	3	2	4	1	0.48845315	23	9909.885	9910.485	9910.485	9910.685	9910.9734
3	13	1	1	654	4	2	11	24	1	2	4	1	0.46253659	24	9912.5185	9913.1185	9913.1185	9913.3185	9913.5811
3	13	1	1	655	4	2	11	25	5	1	5	1	0.5788487	25	9915.1518	9915.3518	9915.3518	9915.5518	9915.9307
3	13	1	1	656	4	2	11	26	6	2	5	1	0.39319688	26	9917.3855	9917.9855	9917.9855	9918.1855	9918.3787
3	13	1	1	657	4	2	11	27	2	1	4	1	0.63206939	27	9920.0185	9920.2185	9920.2185	9920.4185	9920.8506
3	13	1	1	658	4	2	11	28	3	1	4	1	0.5664886	28	9922.2523	9922.4523	9922.4523	9922.6523	9923.0188
3	13	1	1	659	4	2	11	29	5	2	5	1	0.50787961	29	9924.4859	9925.0859	9925.0859	9925.2859	9925.5938
3	13	1	1	660	4	2	11	30	2	2	4	1	0.58282478	30	9927.1222	9927.7222	9927.7222	9927.9222	9928.305
3	13	1	1	661	4	6	12	1	6	1	8	1	0.91115161	31	9957.8274	9958.0274	9958.0274	9958.2274	9958.9386
3	13	1	1	662	4	6	12	2	5	2	7	1	0.92886986	32	9960.0605	9960.6605	9960.6605	9960.8605	9961.5893
3	13	1	1	663	4	6	12	3	5	2	7	1	0.73241718	33	9962.6944	9963.2944	9963.2944	9963.4944	9964.0268
3	13	1	1	664	4	6	12	4	4	2	6	1	0.80913975	34	9965.3587	9965.9587	9965.9587	9966.1587	9966.7678
3	13	1	1	665	4	6	12	5	1	1	1	1	1.264202	35	9967.9919	9968.1919	9968.1919	9968.3919	9969.4561
3	13	1	1	666	4	6	12	6	6	1	8	1	1.2555446	36	9970.2251	9970.4251	9970.4251	9970.6251	9971.6806
3	13	1	1	667	4	6	12	7	4	1	6	1	1.0317259	37	9972.459	9972.659	9972.659	9972.859	9973.6907
3	13	1	1	668	4	6	12	8	2	2	2	1	0.91835988	38	9974.6921	9975.2921	9975.2921	9975.4921	9976.2104
3	13	1	1	669	4	6	12	9	1	2	1	1	0.89546476	39	9977.3723	9977.9723	9977.9723	9978.1723	9978.8677
3	13	1	1	670	4	6	12	10	5	1	7	1	0.82964863	40	9980.006	9980.206	9980.206	9980.406	9981.0357
3	13	1	1	671	4	6	12	11	6	1	8	1	1.0440715	41	9982.2406	9982.4406	9982.4406	9982.6406	9983.4847
3	13	1	1	672	4	6	12	12	2	2	2	1	0.98135028	42	9984.4784	9985.0784	9985.0784	9985.2784	9986.0598
3	13	1	1	673	4	6	12	13	1	2	1	1	0.83796475	43	9987.1125	9987.7125	9987.7125	9987.9125	9988.5504
3	13	1	1	674	4	6	12	14	1	2	1	1	0.73435711	44	9989.7495	9990.3495	9990.3495	9990.5495	9991.0839
3	13	1	1	675	4	6	12	15	3	1	3	1	1.4965909	45	9992.3924	9992.5924	9992.5924	9992.7924	9994.089
3	13	1	1	676	4	6	12	16	4	1	6	1	1.7313961	46	9994.626	9994.826	9994.826	9995.026	9996.5574
3	13	1	1	677	4	6	12	17	4	1	6	1	0.71097914	47	9996.86	9997.06	9997.06	9997.26	9997.771
3	13	1	1	678	4	6	12	18	6	2	8	1	1.2120399	48	9999.0943	9999.6943	9999.6943	9999.8943	10000.906
3	13	1	1	679	4	6	12	19	4	1	6	1	0.86491156	49	10001.728	10001.928	10001.928	10002.128	10002.793
3	13	1	1	680	4	6	12	20	2	1	2	1	0.75603083	50	10003.966	10004.166	10004.166	10004.366	10004.922
3	13	1	1	681	4	6	12	21	3	2	3	1	0.96855669	51	10006.2	10006.8	10006.8	10007	10007.769
3	13	1	1	682	4	6	12	22	3	1	3	1	1.0244644	52	10008.837	10009.037	10009.037	10009.237	10010.061
3	13	1	1	683	4	6	12	23	3	2	3	1	0.66717719	53	10011.071	10011.671	10011.671	10011.871	10012.338
3	13	1	1	684	4	6	12	24	1	2	1	1	0.87380434	54	10013.705	10014.305	10014.305	10014.505	10015.179
3	13	1	1	685	4	6	12	25	5	1	7	1	1.8800676	55	10016.42	10016.62	10016.62	10016.82	10018.5
3	13	1	1	686	4	6	12	26	6	2	8	1	1.0281757	56	10018.655	10019.255	10019.255	10019.455	10020.283
3	13	1	1	687	4	6	12	27	2	1	2	1	1.4723378	57	10021.291	10021.491	10021.491	10021.691	10022.963
3	13	1	1	688	4	6	12	28	3	1	3	1	1.5210414	58	10023.529	10023.729	10023.729	10023.929	10025.25
3	13	1	1	689	4	6	12	29	5	2	7	1	1.0930051	59	10025.764	10026.364	10026.364	10026.564	10027.457
3	13	1	1	690	4	6	12	30	2	2	2	1	0.89733688	60	10028.441	10029.041	10029.041	10029.241	10029.938
3	13	1	1	691	4	2	12	1	4	1	5	1	0.5042608	1	10059.138	10059.338	10059.338	10059.538	10059.842
3	13	1	1	692	4	2	12	2	4	2	5	1	0.38931723	2	10061.373	10061.973	10061.973	10062.173	10062.363
3	13	1	1	693	4	2	12	3	6	2	5	1	0.42359067	3	10064.008	10064.608	10064.608	10064.808	10065.032
3	13	1	1	694	4	2	12	4	2	2	4	1	0.66800742	4	10066.643	10067.243	10067.243	10067.443	10067.911
3	13	1	1	695	4	2	12	5	3	1	4	1	0.47768014	5	10069.277	10069.477	10069.477	10069.677	10069.955
3	13	1	1	696	4	2	12	6	2	1	4	1	0.43499101	6	10071.511	10071.711	10071.712	10071.912	10072.146
3	13	1	1	697	4	2	12	7	4	1	5	1	0.5197223	7	10073.746	10073.946	10073.946	10074.146	10074.466
3	13	1	1	698	4	2	12	8	5	2	5	1	0.35930518	8	10075.981	10076.581	10076.581	10076.781	10076.94
3	13	1	1	699	4	2	12	9	2	2	4	1	0.74830724	9	10078.616	10079.216	10079.216	10079.416	10079.964
3	13	1	1	700	4	2	12	10	5	1	5	1	0.51119245	10	10081.251	10081.451	10081.451	10081.651	10081.962
3	13	1	1	701	4	2	12	11	1	1	4	1	1.1568523	11	10083.487	10083.687	10083.687	10083.887	10084.844
3	13	1	1	702	4	2	12	12	1	2	4	1	0.54673722	12	10085.723	10086.323	10086.323	10086.523	10086.869
3	13	1	1	703	4	2	12	13	3	2	4	1	0.48494922	13	10088.361	10088.961	10088.961	10089.161	10089.445
3	13	1	1	704	4	2	12	14	2	2	4	1	0.54440376	14	10090.996	10091.596	10091.596	10091.796	10092.14
3	13	1	1	705	4	2	12	15	4	1	5	1	0.50352589	15	10093.633	10093.833	10093.833	10094.033	10094.337
3	13	1	1	706	4	2	12	16	1	1	4	1	0.82487177	16	10095.868	10096.068	10096.068	10096.268	10096.893
3	13	1	1	707	4	2	12	17	6	1	5	1	0.57138077	17	10098.104	10098.304	10098.304	10098.504	10098.876
3	13	1	1	708	4	2	12	18	3	2	4	1	0.48236935	18	10100.343	10100.943	10100.943	10101.143	10101.426
3	13	1	1	709	4	2	12	19	1	1	4	1	0.75986925	19	10102.979	10103.179	10103.179	10103.379	10103.938
3	13	1	1	710	4	2	12	20	2	1	4	1	0.56661111	20	10105.214	10105.414	10105.414	10105.614	10105.98
3	13	1	1	711	4	2	12	21	5	2	5	1	0.58991544	21	10107.45	10108.05	10108.05	10108.25	10108.64
3	13	1	1	712	4	2	12	22	3	1	4	1	0.75852928	22	10110.085	10110.285	10110.285	10110.485	10111.044
3	13	1	1	713	4	2	12	23	4	2	5	1	0.50871635	23	10112.32	10112.92	10112.92	10113.12	10113.429
3	13	1	1	714	4	2	12	24	6	2	5	1	0.45320117	24	10114.956	10115.556	10115.556	10115.756	10116.009
3	13	1	1	715	4	2	12	25	3	1	4	1	0.47622583	25	10117.592	10117.792	10117.792	10117.992	10118.268
3	13	1	1	716	4	2	12	26	5	2	5	1	0.48793038	26	10119.83	10120.43	10120.43	10120.63	10120.918
3	13	1	1	717	4	2	12	27	5	1	5	1	0.50951341	27	10122.466	10122.666	10122.666	10122.866	10123.176
3	13	1	1	718	4	2	12	28	6	1	5	1	0.40183324	28	10124.704	10124.904	10124.904	10125.104	10125.306
3	13	1	1	719	4	2	12	29	6	2	5	1	0.35096858	29	10126.939	10127.539	10127.539	10127.739	10127.89
3	13	1	1	720	4	2	12	30	1	2	4	1	0.51572644	30	10129.575	10130.175	10130.175	10130.375	10130.691
