4	3	2	0	5	7	6	1	0	0	0	0	0	0	0	0	0	0	0	0
3	22	2	2	1	1	2	1	1	6	1	8	1	1.1148045	1	18968.07	18968.271	18968.271	18968.471	18969.386
3	22	2	2	2	1	2	1	2	6	2	8	1	0.61929786	2	18970.286	18970.887	18970.887	18971.087	18971.506
3	22	2	2	3	1	2	1	3	6	1	8	1	0.53848904	3	18972.896	18973.096	18973.096	18973.296	18973.634
3	22	2	2	4	1	2	1	4	4	2	8	1	0.49361629	4	18975.102	18975.702	18975.702	18975.902	18976.196
3	22	2	2	5	1	2	1	5	6	1	8	1	0.40658281	5	18977.707	18977.907	18977.907	18978.107	18978.314
3	22	2	2	6	1	2	1	6	2	2	1	1	0.36516544	6	18979.913	18980.513	18980.513	18980.713	18980.878
3	22	2	2	7	1	2	1	7	3	2	1	1	0.44357502	7	18982.52	18983.12	18983.12	18983.32	18983.564
3	22	2	2	8	1	2	1	8	4	2	8	1	0.51081784	8	18985.126	18985.726	18985.726	18985.926	18986.237
3	22	2	2	9	1	2	1	9	1	1	1	1	0.62552598	9	18987.731	18987.931	18987.931	18988.131	18988.557
3	22	2	2	10	1	2	1	10	1	2	1	1	0.60811125	10	18989.937	18990.537	18990.537	18990.737	18991.145
3	22	2	2	11	1	2	1	11	2	1	1	1	0.52578101	11	18992.542	18992.742	18992.742	18992.942	18993.268
3	22	2	2	12	1	2	1	12	5	2	8	1	0.45445979	12	18994.748	18995.348	18995.348	18995.548	18995.802
3	22	2	2	13	1	2	1	13	3	1	1	1	0.46490862	13	18997.353	18997.553	18997.553	18997.754	18998.018
3	22	2	2	14	1	2	1	14	5	1	8	1	0.56153224	14	18999.559	18999.759	18999.759	18999.959	19000.321
3	22	2	2	15	1	2	1	15	3	2	1	1	0.48567958	15	19001.765	19002.365	19002.365	19002.565	19002.851
3	22	2	2	16	1	2	1	16	2	1	1	1	0.63132007	16	19004.371	19004.571	19004.571	19004.771	19005.202
3	22	2	2	17	1	2	1	17	2	2	1	1	0.46893883	17	19006.576	19007.176	19007.176	19007.376	19007.645
3	22	2	2	18	1	2	1	18	5	1	8	1	0.49292737	18	19009.182	19009.382	19009.382	19009.582	19009.875
3	22	2	2	19	1	2	1	19	1	2	1	1	0.47867768	19	19011.388	19011.988	19011.988	19012.188	19012.466
3	22	2	2	20	1	2	1	20	5	1	8	1	0.56239454	20	19013.994	19014.194	19014.194	19014.394	19014.756
3	22	2	2	21	1	2	1	21	6	1	8	1	0.48250524	21	19016.2	19016.4	19016.4	19016.6	19016.882
3	22	2	2	22	1	2	1	22	5	2	8	1	0.42273265	22	19018.406	19019.006	19019.006	19019.206	19019.429
3	22	2	2	23	1	2	1	23	4	1	8	1	0.49606591	23	19021.012	19021.212	19021.212	19021.412	19021.708
3	22	2	2	24	1	2	1	24	2	2	1	1	0.66527134	24	19023.219	19023.819	19023.819	19024.019	19024.484
3	22	2	2	25	1	2	1	25	3	1	1	1	0.50849253	25	19025.824	19026.024	19026.024	19026.224	19026.533
3	22	2	2	26	1	2	1	26	4	2	8	1	0.50285092	26	19028.03	19028.63	19028.63	19028.83	19029.133
3	22	2	2	27	1	2	1	27	4	2	8	1	0.4392183	27	19030.636	19031.236	19031.236	19031.436	19031.676
3	22	2	2	28	1	2	1	28	1	1	1	1	0.80019646	28	19033.243	19033.443	19033.443	19033.643	19034.243
3	22	2	2	29	1	2	1	29	1	2	1	1	0.46562859	29	19035.449	19036.049	19036.049	19036.249	19036.514
3	22	2	2	30	1	2	1	30	3	1	1	1	0.39736082	30	19038.055	19038.255	19038.255	19038.455	19038.652
3	22	2	2	31	1	6	1	1	1	1	4	0	1.9556318	0	19115.951	19116.151	19116.152	19116.352	19118.107
3	22	2	2	32	1	6	1	2	5	2	0	0	-19119.066	0	19118.466	19119.066	19119.066	19119.266	0
3	22	2	2	33	1	6	1	3	4	1	5	1	1.1509338	1	19121.373	19121.573	19121.573	19121.773	19122.724
3	22	2	2	34	1	6	1	4	5	2	2	0	1.7361072	1	19123.579	19124.179	19124.179	19124.379	19125.915
3	22	2	2	35	1	6	1	5	4	1	5	1	0.7690991	2	19126.492	19126.692	19126.692	19126.892	19127.461
3	22	2	2	36	1	6	1	6	6	2	0	0	-19129.298	2	19128.698	19129.298	19129.298	19129.498	0
3	22	2	2	37	1	6	1	7	1	2	0	0	-19132.205	2	19131.605	19132.205	19132.205	19132.405	0
3	22	2	2	38	1	6	1	8	4	2	5	1	0.83689239	3	19134.512	19135.112	19135.112	19135.312	19135.949
3	22	2	2	39	1	6	1	9	5	1	7	0	1.8669691	3	19137.119	19137.319	19137.319	19137.519	19139.186
3	22	2	2	40	1	6	1	10	1	2	0	0	-19140.231	3	19139.631	19140.231	19140.231	19140.431	0
3	22	2	2	41	1	6	1	11	3	1	4	1	1.1308793	4	19142.539	19142.739	19142.739	19142.939	19143.87
3	22	2	2	42	1	6	1	12	2	2	3	1	0.84789018	5	19144.746	19145.346	19145.346	19145.546	19146.194
3	22	2	2	43	1	6	1	13	4	1	5	1	1.2432444	6	19147.355	19147.555	19147.555	19147.755	19148.798
3	22	2	2	44	1	6	1	14	1	1	6	0	1.7165774	6	19149.562	19149.762	19149.762	19149.962	19151.478
3	22	2	2	45	1	6	1	15	3	2	3	0	1.7245636	6	19152.077	19152.677	19152.677	19152.877	19154.402
3	22	2	2	46	1	6	1	16	5	1	3	0	1.6629046	6	19154.996	19155.196	19155.196	19155.396	19156.858
3	22	2	2	47	1	6	1	17	3	2	3	0	1.0639129	6	19157.51	19158.11	19158.11	19158.31	19159.174
3	22	2	2	48	1	6	1	18	2	1	3	1	1.54675	7	19160.425	19160.625	19160.625	19160.825	19162.172
3	22	2	2	49	1	6	1	19	2	2	3	1	0.67008614	8	19162.632	19163.232	19163.232	19163.432	19163.902
3	22	2	2	50	1	6	1	20	5	1	2	0	1.181793	8	19165.239	19165.439	19165.439	19165.639	19166.621
3	22	2	2	51	1	6	1	21	6	1	0	0	-19167.952	8	19167.752	19167.952	19167.952	19168.152	0
3	22	2	2	52	1	6	1	22	3	2	3	0	1.1708124	8	19170.26	19170.86	19170.86	19171.06	19172.031
3	22	2	2	53	1	6	1	23	6	1	5	0	1.2097064	8	19173.176	19173.376	19173.376	19173.576	19174.585
3	22	2	2	54	1	6	1	24	6	2	6	0	0.71435977	8	19175.69	19176.29	19176.29	19176.49	19177.005
3	22	2	2	55	1	6	1	25	2	1	3	1	0.87623683	9	19178.607	19178.807	19178.807	19179.007	19179.684
3	22	2	2	56	1	6	1	26	3	2	6	0	1.3883804	9	19180.815	19181.415	19181.415	19181.615	19182.803
3	22	2	2	57	1	6	1	27	4	2	5	1	0.99682408	10	19183.726	19184.326	19184.326	19184.526	19185.323
3	22	2	2	58	1	6	1	28	2	1	3	1	1.4555237	11	19186.333	19186.533	19186.533	19186.733	19187.989
3	22	2	2	59	1	6	1	29	6	2	7	1	1.686826	12	19188.541	19189.141	19189.141	19189.341	19190.828
3	22	2	2	60	1	6	1	30	1	1	4	0	1.5889328	12	19191.149	19191.349	19191.349	19191.549	19192.938
3	22	2	2	61	1	2	2	1	3	1	1	1	0.91555981	1	19214.414	19214.614	19214.614	19214.815	19215.53
3	22	2	2	62	1	2	2	2	6	2	8	1	0.518682	2	19216.623	19217.223	19217.223	19217.423	19217.742
3	22	2	2	63	1	2	2	3	6	1	8	1	0.64566008	3	19219.231	19219.431	19219.431	19219.631	19220.076
3	22	2	2	64	1	2	2	4	3	2	1	1	0.57161281	4	19221.439	19222.039	19222.039	19222.239	19222.61
3	22	2	2	65	1	2	2	5	1	1	1	1	0.469038	5	19224.047	19224.247	19224.247	19224.447	19224.716
3	22	2	2	66	1	2	2	6	6	2	8	1	0.49128659	6	19226.254	19226.854	19226.855	19227.055	19227.346
3	22	2	2	67	1	2	2	7	1	2	1	1	0.6221313	7	19228.862	19229.463	19229.463	19229.663	19230.085
3	22	2	2	68	1	2	2	8	6	2	8	1	0.49227937	8	19231.471	19232.071	19232.071	19232.271	19232.563
3	22	2	2	69	1	2	2	9	4	1	8	1	0.45435093	9	19234.08	19234.28	19234.28	19234.48	19234.734
3	22	2	2	70	1	2	2	10	2	2	1	1	0.42122041	10	19236.288	19236.888	19236.888	19237.088	19237.31
3	22	2	2	71	1	2	2	11	5	1	8	1	0.4349529	11	19238.896	19239.096	19239.096	19239.296	19239.531
3	22	2	2	72	1	2	2	12	2	2	1	1	0.5661885	12	19241.104	19241.704	19241.704	19241.904	19242.27
3	22	2	2	73	1	2	2	13	3	1	1	1	0.53973553	13	19243.713	19243.913	19243.913	19244.113	19244.453
3	22	2	2	74	1	2	2	14	1	1	1	1	0.43297124	14	19245.921	19246.121	19246.121	19246.321	19246.554
3	22	2	2	75	1	2	2	15	1	2	1	1	0.41746617	15	19248.13	19248.73	19248.73	19248.93	19249.147
3	22	2	2	76	1	2	2	16	5	1	8	1	0.42711025	16	19250.738	19250.938	19250.938	19251.138	19251.365
3	22	2	2	77	1	2	2	17	4	2	8	1	0.42333039	17	19252.947	19253.547	19253.547	19253.747	19253.971
3	22	2	2	78	1	2	2	18	2	1	1	1	0.56267464	18	19255.556	19255.756	19255.756	19255.956	19256.318
3	22	2	2	79	1	2	2	19	5	2	8	1	0.5774464	19	19257.765	19258.365	19258.365	19258.565	19258.942
3	22	2	2	80	1	2	2	20	2	1	1	1	0.83151074	20	19260.374	19260.574	19260.574	19260.774	19261.405
3	22	2	2	81	1	2	2	21	1	1	1	1	0.50921236	21	19262.584	19262.784	19262.784	19262.984	19263.293
3	22	2	2	82	1	2	2	22	6	2	8	1	0.53150361	22	19264.792	19265.392	19265.392	19265.592	19265.924
3	22	2	2	83	1	2	2	23	5	1	8	1	0.47993642	23	19267.402	19267.602	19267.602	19267.802	19268.082
3	22	2	2	84	1	2	2	24	4	2	8	1	0.49078257	24	19269.611	19270.211	19270.211	19270.411	19270.702
3	22	2	2	85	1	2	2	25	3	1	1	1	0.4555947	25	19272.22	19272.42	19272.42	19272.62	19272.875
3	22	2	2	86	1	2	2	26	4	2	8	1	0.37591062	26	19274.428	19275.028	19275.028	19275.228	19275.404
3	22	2	2	87	1	2	2	27	5	2	8	1	0.416309	27	19277.037	19277.637	19277.637	19277.837	19278.053
3	22	2	2	88	1	2	2	28	3	1	1	1	0.42913185	28	19279.646	19279.846	19279.846	19280.046	19280.275
3	22	2	2	89	1	2	2	29	4	2	8	1	0.34078524	29	19281.856	19282.456	19282.456	19282.656	19282.796
3	22	2	2	90	1	2	2	30	2	1	1	1	0.42607156	30	19284.464	19284.664	19284.664	19284.864	19285.09
3	22	2	2	91	1	6	2	1	4	1	5	1	0.80289025	1	19347.185	19347.385	19347.385	19347.585	19348.188
3	22	2	2	92	1	6	2	2	1	2	2	1	1.6315032	2	19349.394	19349.994	19349.994	19350.194	19351.626
3	22	2	2	93	1	6	2	3	3	1	4	1	0.89072806	3	19352.004	19352.204	19352.204	19352.404	19353.094
3	22	2	2	94	1	6	2	4	6	2	7	1	1.144495	4	19354.213	19354.813	19354.813	19355.013	19355.957
3	22	2	2	95	1	6	2	5	2	1	2	0	0.80063797	4	19356.822	19357.022	19357.022	19357.222	19357.822
3	22	2	2	96	1	6	2	6	1	2	2	1	0.99629976	5	19359.343	19359.943	19359.943	19360.143	19360.94
3	22	2	2	97	1	6	2	7	3	2	4	1	1.1793758	6	19361.953	19362.553	19362.553	19362.753	19363.732
3	22	2	2	98	1	6	2	8	6	2	7	1	1.4324422	7	19364.562	19365.162	19365.162	19365.362	19366.594
3	22	2	2	99	1	6	2	9	1	1	2	1	1.0872629	8	19367.172	19367.372	19367.372	19367.572	19368.459
3	22	2	2	100	1	6	2	10	2	2	3	1	0.69704398	9	19369.381	19369.981	19369.981	19370.181	19370.678
3	22	2	2	101	1	6	2	11	5	1	6	1	1.6955148	10	19371.991	19372.191	19372.191	19372.391	19373.886
3	22	2	2	102	1	6	2	12	6	2	7	1	1.1530051	11	19374.2	19374.8	19374.8	19375	19375.953
3	22	2	2	103	1	6	2	13	3	1	4	1	0.83653068	12	19376.81	19377.01	19377.01	19377.21	19377.846
3	22	2	2	104	1	6	2	14	5	1	6	1	0.97663031	13	19379.02	19379.22	19379.22	19379.42	19380.196
3	22	2	2	105	1	6	2	15	2	2	3	1	1.0620045	14	19381.229	19381.829	19381.829	19382.029	19382.891
3	22	2	2	106	1	6	2	16	1	1	2	1	1.029974	15	19383.838	19384.038	19384.038	19384.238	19385.068
3	22	2	2	107	1	6	2	17	3	2	4	1	0.85054061	16	19386.049	19386.649	19386.649	19386.849	19387.499
3	22	2	2	108	1	6	2	18	4	1	5	1	0.99481359	17	19388.658	19388.858	19388.858	19389.058	19389.853
3	22	2	2	109	1	6	2	19	3	2	4	1	1.1742659	18	19390.868	19391.468	19391.468	19391.668	19392.643
3	22	2	2	110	1	6	2	20	5	1	6	1	1.2696869	19	19393.478	19393.678	19393.678	19393.878	19394.948
3	22	2	2	111	1	6	2	21	1	1	2	1	0.9062608	20	19395.689	19395.889	19395.889	19396.089	19396.796
3	22	2	2	112	1	6	2	22	6	2	7	1	1.3904979	21	19397.9	19398.5	19398.5	19398.7	19399.89
3	22	2	2	113	1	6	2	23	5	1	6	1	1.2239688	22	19400.51	19400.71	19400.71	19400.91	19401.934
3	22	2	2	114	1	6	2	24	2	2	3	1	0.87569815	23	19402.72	19403.32	19403.32	19403.52	19404.196
3	22	2	2	115	1	6	2	25	4	1	5	1	0.70734869	24	19405.331	19405.531	19405.531	19405.731	19406.238
3	22	2	2	116	1	6	2	26	6	2	7	1	1.2224616	25	19407.541	19408.141	19408.141	19408.341	19409.364
3	22	2	2	117	1	6	2	27	2	2	3	1	1.1174153	26	19410.152	19410.752	19410.752	19410.952	19411.869
3	22	2	2	118	1	6	2	28	5	1	6	1	1.0752398	27	19412.762	19412.962	19412.962	19413.162	19414.037
3	22	2	2	119	1	6	2	29	4	2	5	1	1.5456958	28	19414.972	19415.572	19415.572	19415.772	19417.118
3	22	2	2	120	1	6	2	30	4	1	5	1	0.54332442	29	19417.582	19417.782	19417.782	19417.982	19418.325
3	22	2	2	121	1	2	3	1	2	1	1	1	0.67425519	1	19439.234	19439.434	19439.434	19439.634	19440.109
3	22	2	2	122	1	2	3	2	3	2	1	1	0.50322033	2	19441.445	19442.045	19442.045	19442.245	19442.548
3	22	2	2	123	1	2	3	3	5	1	8	1	0.50161189	3	19444.055	19444.255	19444.255	19444.455	19444.757
3	22	2	2	124	1	2	3	4	4	2	8	1	0.3621905	4	19446.266	19446.866	19446.866	19447.066	19447.228
3	22	2	2	125	1	2	3	5	5	1	8	1	0.46208614	5	19448.876	19449.076	19449.076	19449.276	19449.538
3	22	2	2	126	1	2	3	6	5	2	8	1	0.43670937	6	19451.087	19451.687	19451.687	19451.887	19452.123
3	22	2	2	127	1	2	3	7	4	2	8	1	0.41976289	7	19453.697	19454.297	19454.297	19454.497	19454.717
3	22	2	2	128	1	2	3	8	2	2	8	0	0.46420037	7	19456.31	19456.91	19456.91	19457.11	19457.375
3	22	2	2	129	1	2	3	9	3	1	1	1	0.49224658	8	19459.23	19459.43	19459.43	19459.63	19459.922
3	22	2	2	130	1	2	3	10	1	2	1	1	0.39391877	9	19461.441	19462.041	19462.041	19462.241	19462.435
3	22	2	2	131	1	2	3	11	6	1	8	1	0.4443116	10	19464.056	19464.256	19464.256	19464.456	19464.7
3	22	2	2	132	1	2	3	12	1	2	1	1	0.42365496	11	19466.267	19466.867	19466.867	19467.067	19467.29
3	22	2	2	133	1	2	3	13	6	1	8	1	0.42457404	12	19468.877	19469.077	19469.077	19469.277	19469.502
3	22	2	2	134	1	2	3	14	2	1	1	1	0.69300831	13	19471.089	19471.289	19471.289	19471.489	19471.982
3	22	2	2	135	1	2	3	15	1	2	1	1	0.42139469	14	19473.303	19473.903	19473.903	19474.103	19474.324
3	22	2	2	136	1	2	3	16	2	1	1	1	0.47330862	15	19475.914	19476.114	19476.114	19476.314	19476.588
3	22	2	2	137	1	2	3	17	3	2	1	1	0.4245744	16	19478.126	19478.726	19478.726	19478.926	19479.15
3	22	2	2	138	1	2	3	18	3	1	1	1	0.43345643	17	19480.737	19480.937	19480.937	19481.137	19481.37
3	22	2	2	139	1	2	3	19	5	2	8	1	1.5201921	18	19482.948	19483.548	19483.548	19483.748	19485.068
3	22	2	2	140	1	2	3	20	6	1	8	1	0.53222795	19	19485.56	19485.76	19485.76	19485.96	19486.292
3	22	2	2	141	1	2	3	21	6	1	8	1	0.35889891	20	19487.771	19487.971	19487.971	19488.171	19488.33
3	22	2	2	142	1	2	3	22	1	2	1	1	0.4061635	21	19489.983	19490.583	19490.583	19490.783	19490.989
3	22	2	2	143	1	2	3	23	6	1	8	1	0.37028985	22	19492.594	19492.794	19492.794	19492.994	19493.164
3	22	2	2	144	1	2	3	24	3	2	1	1	0.67897311	23	19494.805	19495.405	19495.405	19495.605	19496.084
3	22	2	2	145	1	2	3	25	2	1	1	1	0.48250246	24	19497.416	19497.616	19497.616	19497.816	19498.099
3	22	2	2	146	1	2	3	26	4	2	8	1	0.5206051	25	19499.627	19500.227	19500.227	19500.427	19500.748
3	22	2	2	147	1	2	3	27	5	2	8	1	0.36529439	26	19502.239	19502.839	19502.839	19503.039	19503.204
3	22	2	2	148	1	2	3	28	4	1	8	1	0.46703773	27	19504.851	19505.051	19505.051	19505.251	19505.518
3	22	2	2	149	1	2	3	29	1	2	1	1	0.3340072	28	19507.062	19507.662	19507.662	19507.862	19507.996
3	22	2	2	150	1	2	3	30	4	1	8	1	0.41902922	29	19509.673	19509.873	19509.873	19510.073	19510.292
3	22	2	2	151	1	6	3	1	2	1	3	1	1.1386433	1	19525.994	19526.194	19526.194	19526.394	19527.333
3	22	2	2	152	1	6	3	2	3	2	4	1	0.79022586	2	19528.208	19528.808	19528.808	19529.008	19529.598
3	22	2	2	153	1	6	3	3	1	1	2	1	0.8797456	3	19530.82	19531.02	19531.02	19531.22	19531.9
3	22	2	2	154	1	6	3	4	6	2	7	1	0.71807941	4	19533.031	19533.631	19533.631	19533.831	19534.349
3	22	2	2	155	1	6	3	5	3	1	4	1	0.7938012	5	19535.643	19535.843	19535.843	19536.043	19536.637
3	22	2	2	156	1	6	3	6	5	2	6	1	0.62809773	6	19537.856	19538.456	19538.456	19538.656	19539.084
3	22	2	2	157	1	6	3	7	2	2	3	1	0.8411574	7	19540.467	19541.067	19541.067	19541.267	19541.908
3	22	2	2	158	1	6	3	8	3	2	4	1	0.81420486	8	19543.079	19543.679	19543.679	19543.879	19544.493
3	22	2	2	159	1	6	3	9	1	1	2	1	0.86423351	9	19545.691	19545.891	19545.891	19546.091	19546.756
3	22	2	2	160	1	6	3	10	1	2	2	1	0.64472605	10	19547.903	19548.503	19548.503	19548.703	19549.148
3	22	2	2	161	1	6	3	11	5	1	6	1	0.75947998	11	19550.515	19550.715	19550.715	19550.915	19551.474
3	22	2	2	162	1	6	3	12	2	2	3	1	0.65496818	12	19552.727	19553.327	19553.327	19553.527	19553.982
3	22	2	2	163	1	6	3	13	3	1	4	1	0.79974384	13	19555.339	19555.539	19555.539	19555.739	19556.339
3	22	2	2	164	1	6	3	14	4	1	5	1	0.55859659	14	19557.551	19557.751	19557.751	19557.951	19558.31
3	22	2	2	165	1	6	3	15	5	2	6	1	1.3837962	15	19559.763	19560.363	19560.363	19560.563	19561.747
3	22	2	2	166	1	6	3	16	5	1	6	1	0.47226026	16	19562.378	19562.578	19562.578	19562.778	19563.05
3	22	2	2	167	1	6	3	17	5	2	6	1	0.52144532	17	19564.587	19565.187	19565.187	19565.387	19565.709
3	22	2	2	168	1	6	3	18	6	1	7	1	1.4912668	18	19567.199	19567.4	19567.4	19567.6	19568.891
3	22	2	2	169	1	6	3	19	1	2	2	1	0.87886049	19	19569.412	19570.012	19570.012	19570.212	19570.89
3	22	2	2	170	1	6	3	20	2	1	3	1	0.75532946	20	19572.024	19572.224	19572.224	19572.424	19572.979
3	22	2	2	171	1	6	3	21	3	1	4	1	0.65471806	21	19574.237	19574.437	19574.437	19574.637	19575.092
3	22	2	2	172	1	6	3	22	4	2	7	0	1.7852699	21	19576.45	19577.05	19577.05	19577.25	19578.835
3	22	2	2	173	1	6	3	23	2	1	3	1	0.85507454	22	19579.373	19579.573	19579.573	19579.773	19580.428
3	22	2	2	174	1	6	3	24	1	2	2	1	0.67428665	23	19581.585	19582.185	19582.185	19582.385	19582.859
3	22	2	2	175	1	6	3	25	4	1	5	1	0.46856433	24	19584.198	19584.398	19584.398	19584.598	19584.866
3	22	2	2	176	1	6	3	26	4	2	5	1	0.44754813	25	19586.41	19587.01	19587.01	19587.21	19587.458
3	22	2	2	177	1	6	3	27	4	2	5	1	0.53268555	26	19589.023	19589.623	19589.623	19589.823	19590.156
3	22	2	2	178	1	6	3	28	6	1	7	1	0.4339471	27	19591.636	19591.836	19591.836	19592.036	19592.27
3	22	2	2	179	1	6	3	29	6	2	7	1	0.55231798	28	19593.85	19594.45	19594.45	19594.65	19595.003
3	22	2	2	180	1	6	3	30	6	1	7	1	0.49525271	29	19596.463	19596.663	19596.663	19596.863	19597.158
3	22	2	2	181	2	2	4	1	5	1	8	1	0.49234454	1	20160.274	20160.474	20160.474	20160.674	20160.966
3	22	2	2	182	2	2	4	2	1	2	1	1	0.45937023	2	20162.487	20163.087	20163.087	20163.287	20163.546
3	22	2	2	183	2	2	4	3	3	1	1	1	0.36453993	3	20165.102	20165.302	20165.302	20165.502	20165.666
3	22	2	2	184	2	2	4	4	1	2	1	1	0.55440421	4	20167.314	20167.914	20167.914	20168.114	20168.469
3	22	2	2	185	2	2	4	5	2	1	1	1	0.60237912	5	20169.928	20170.128	20170.128	20170.328	20170.73
3	22	2	2	186	2	2	4	6	4	2	8	1	0.31286576	6	20172.141	20172.741	20172.741	20172.941	20173.054
3	22	2	2	187	2	2	4	7	5	2	8	1	0.37689106	7	20174.754	20175.354	20175.354	20175.554	20175.731
3	22	2	2	188	2	2	4	8	4	2	8	1	0.46675298	8	20177.368	20177.968	20177.968	20178.168	20178.435
3	22	2	2	189	2	2	4	9	6	1	8	1	0.43869543	9	20179.981	20180.181	20180.181	20180.381	20180.62
3	22	2	2	190	2	2	4	10	5	2	1	0	0.34517618	9	20182.194	20182.794	20182.794	20182.994	20183.139
3	22	2	2	191	2	2	4	11	5	1	8	1	0.51547812	10	20184.807	20185.007	20185.007	20185.207	20185.523
3	22	2	2	192	2	2	4	12	4	2	8	1	0.39209257	11	20187.02	20187.62	20187.62	20187.82	20188.012
3	22	2	2	193	2	2	4	13	2	1	1	1	0.43360068	12	20189.633	20189.833	20189.833	20190.033	20190.267
3	22	2	2	194	2	2	4	14	2	1	1	1	0.37485592	13	20191.847	20192.047	20192.047	20192.247	20192.422
3	22	2	2	195	2	2	4	15	4	2	8	1	0.58930678	14	20194.061	20194.661	20194.661	20194.861	20195.25
3	22	2	2	196	2	2	4	16	3	1	1	1	0.53518885	15	20196.675	20196.875	20196.875	20197.075	20197.41
3	22	2	2	197	2	2	4	17	3	2	1	1	0.60530158	16	20198.888	20199.488	20199.488	20199.688	20200.094
3	22	2	2	198	2	2	4	18	1	1	1	1	0.43854199	17	20201.501	20201.701	20201.701	20201.901	20202.14
3	22	2	2	199	2	2	4	19	6	2	8	1	0.32689516	18	20203.715	20204.315	20204.315	20204.515	20204.642
3	22	2	2	200	2	2	4	20	5	1	8	1	0.46702195	19	20206.329	20206.529	20206.529	20206.729	20206.996
3	22	2	2	201	2	2	4	21	3	1	1	1	0.40133918	20	20208.545	20208.745	20208.745	20208.945	20209.146
3	22	2	2	202	2	2	4	22	1	2	1	1	0.39193207	21	20210.758	20211.358	20211.358	20211.558	20211.75
3	22	2	2	203	2	2	4	23	6	1	8	1	0.34447388	22	20213.373	20213.573	20213.573	20213.773	20213.918
3	22	2	2	204	2	2	4	24	1	2	1	1	0.47172221	23	20215.587	20216.187	20216.187	20216.387	20216.658
3	22	2	2	205	2	2	4	25	2	1	1	1	0.49219197	24	20218.202	20218.402	20218.402	20218.602	20218.895
3	22	2	2	206	2	2	4	26	6	2	8	1	1.1263711	25	20220.416	20221.016	20221.016	20221.216	20222.142
3	22	2	2	207	2	2	4	27	6	2	8	1	0.35807085	26	20223.03	20223.63	20223.63	20223.83	20223.988
3	22	2	2	208	2	2	4	28	3	1	1	1	0.36832752	27	20225.645	20225.845	20225.845	20226.045	20226.213
3	22	2	2	209	2	2	4	29	4	2	8	1	0.45155488	28	20227.859	20228.459	20228.459	20228.659	20228.91
3	22	2	2	210	2	2	4	30	2	1	1	1	0.39573266	29	20230.473	20230.673	20230.673	20230.873	20231.069
3	22	2	2	211	2	6	4	1	1	1	2	1	1.3095717	1	20260.902	20261.102	20261.102	20261.302	20262.411
3	22	2	2	212	2	6	4	2	2	2	3	1	0.78344749	2	20263.116	20263.716	20263.716	20263.916	20264.5
3	22	2	2	213	2	6	4	3	4	1	5	1	0.77928687	3	20265.731	20265.931	20265.931	20266.131	20266.71
3	22	2	2	214	2	6	4	4	3	2	4	1	0.86587842	4	20267.945	20268.545	20268.545	20268.745	20269.411
3	22	2	2	215	2	6	4	5	1	1	2	1	0.80431503	5	20270.56	20270.76	20270.76	20270.96	20271.564
3	22	2	2	216	2	6	4	6	1	2	2	1	0.57992754	6	20272.775	20273.375	20273.375	20273.575	20273.955
3	22	2	2	217	2	6	4	7	6	2	7	1	1.9987594	7	20275.39	20275.99	20275.99	20276.19	20277.988
3	22	2	2	218	2	6	4	8	5	2	6	1	0.95182271	8	20278.006	20278.606	20278.606	20278.806	20279.558
3	22	2	2	219	2	6	4	9	5	1	6	1	0.43047909	9	20280.621	20280.821	20280.821	20281.021	20281.251
3	22	2	2	220	2	6	4	10	1	2	2	1	1.2270428	10	20282.835	20283.435	20283.435	20283.635	20284.662
3	22	2	2	221	2	6	4	11	6	1	7	1	1.2498767	11	20285.45	20285.65	20285.65	20285.85	20286.9
3	22	2	2	222	2	6	4	12	2	2	3	1	0.74585309	12	20287.664	20288.264	20288.264	20288.464	20289.01
3	22	2	2	223	2	6	4	13	6	1	7	1	1.3003855	13	20290.279	20290.479	20290.479	20290.679	20291.779
3	22	2	2	224	2	6	4	14	5	1	6	1	1.8540127	14	20292.494	20292.694	20292.694	20292.894	20294.548
3	22	2	2	225	2	6	4	15	6	2	7	1	0.61363673	15	20294.709	20295.309	20295.309	20295.509	20295.923
3	22	2	2	226	2	6	4	16	5	1	6	1	0.67219905	16	20297.324	20297.524	20297.524	20297.724	20298.196
3	22	2	2	227	2	6	4	17	4	2	5	1	1.5143808	17	20299.539	20300.139	20300.139	20300.339	20301.654
3	22	2	2	228	2	6	4	18	1	1	2	1	0.78789524	18	20302.154	20302.354	20302.354	20302.554	20303.142
3	22	2	2	229	2	6	4	19	3	2	4	1	0.80830094	19	20304.37	20304.97	20304.97	20305.17	20305.778
3	22	2	2	230	2	6	4	20	2	1	3	1	0.47474016	20	20306.985	20307.185	20307.185	20307.385	20307.66
3	22	2	2	231	2	6	4	21	2	1	3	1	0.87581056	21	20309.2	20309.401	20309.401	20309.601	20310.276
3	22	2	2	232	2	6	4	22	5	2	6	1	1.1082299	22	20311.415	20312.015	20312.015	20312.215	20313.124
3	22	2	2	233	2	6	4	23	4	1	5	1	1.0850671	23	20314.031	20314.231	20314.231	20314.431	20315.316
3	22	2	2	234	2	6	4	24	2	2	3	1	0.66280169	24	20316.247	20316.847	20316.847	20317.047	20317.51
3	22	2	2	235	2	6	4	25	4	1	5	1	1.4937115	25	20318.863	20319.063	20319.063	20319.263	20320.556
3	22	2	2	236	2	6	4	26	3	2	4	1	0.79880816	26	20321.078	20321.678	20321.678	20321.878	20322.477
3	22	2	2	237	2	6	4	27	3	2	4	1	0.67647367	27	20323.694	20324.294	20324.294	20324.494	20324.97
3	22	2	2	238	2	6	4	28	4	1	5	1	1.1354928	28	20326.309	20326.509	20326.509	20326.709	20327.645
3	22	2	2	239	2	6	4	29	6	2	7	1	0.5179807	29	20328.525	20329.125	20329.125	20329.325	20329.643
3	22	2	2	240	2	6	4	30	3	1	4	1	0.92589358	30	20331.141	20331.341	20331.341	20331.541	20332.267
3	22	2	2	241	2	2	5	1	6	1	8	1	0.79734656	1	20361.422	20361.622	20361.622	20361.822	20362.42
3	22	2	2	242	2	2	5	2	5	2	8	1	0.38827909	2	20363.639	20364.239	20364.239	20364.439	20364.627
3	22	2	2	243	2	2	5	3	1	1	1	1	0.37274254	3	20366.254	20366.454	20366.454	20366.654	20366.827
3	22	2	2	244	2	2	5	4	3	2	1	1	0.36799634	4	20368.47	20369.07	20369.07	20369.27	20369.438
3	22	2	2	245	2	2	5	5	3	1	1	1	0.46750996	5	20371.087	20371.287	20371.287	20371.487	20371.754
3	22	2	2	246	2	2	5	6	4	2	8	1	0.43790676	6	20373.303	20373.903	20373.903	20374.103	20374.341
3	22	2	2	247	2	2	5	7	2	2	1	1	0.49047441	7	20375.92	20376.52	20376.52	20376.72	20377.01
3	22	2	2	248	2	2	5	8	1	2	1	1	0.47836291	8	20378.536	20379.136	20379.136	20379.336	20379.614
3	22	2	2	249	2	2	5	9	5	1	8	1	0.45945235	9	20381.155	20381.355	20381.355	20381.555	20381.814
3	22	2	2	250	2	2	5	10	4	2	8	1	0.47250303	10	20383.371	20383.971	20383.971	20384.171	20384.444
3	22	2	2	251	2	2	5	11	2	1	1	1	0.79177238	11	20385.987	20386.187	20386.187	20386.387	20386.979
3	22	2	2	252	2	2	5	12	6	2	8	1	0.47485078	12	20388.203	20388.803	20388.803	20389.003	20389.278
3	22	2	2	253	2	2	5	13	5	1	8	1	0.42319583	13	20390.82	20391.02	20391.02	20391.22	20391.443
3	22	2	2	254	2	2	5	14	3	1	1	1	0.60730112	14	20393.036	20393.236	20393.236	20393.436	20393.843
3	22	2	2	255	2	2	5	15	5	2	8	1	0.4300916	15	20395.255	20395.855	20395.855	20396.055	20396.285
3	22	2	2	256	2	2	5	16	1	1	8	0	0.58900851	15	20397.872	20398.072	20398.072	20398.272	20398.661
3	22	2	2	257	2	2	5	17	5	2	8	1	0.55750603	16	20400.088	20400.688	20400.688	20400.888	20401.246
3	22	2	2	258	2	2	5	18	4	1	8	1	0.40955411	17	20402.705	20402.905	20402.905	20403.105	20403.314
3	22	2	2	259	2	2	5	19	1	2	1	1	0.35361308	18	20404.921	20405.521	20405.521	20405.721	20405.875
3	22	2	2	260	2	2	5	20	4	1	8	1	0.44839197	19	20407.54	20407.74	20407.74	20407.94	20408.188
3	22	2	2	261	2	2	5	21	6	1	8	1	0.50206972	20	20409.757	20409.957	20409.957	20410.157	20410.459
3	22	2	2	262	2	2	5	22	2	2	1	1	0.3673549	21	20411.975	20412.575	20412.575	20412.775	20412.942
3	22	2	2	263	2	2	5	23	3	1	1	1	0.38263345	22	20414.592	20414.792	20414.792	20414.992	20415.174
3	22	2	2	264	2	2	5	24	6	2	8	1	0.35797718	23	20416.808	20417.408	20417.408	20417.608	20417.766
3	22	2	2	265	2	2	5	25	2	1	1	1	0.44444165	24	20419.426	20419.626	20419.626	20419.826	20420.07
3	22	2	2	266	2	2	5	26	1	2	1	1	0.43440535	25	20421.643	20422.243	20422.243	20422.443	20422.678
3	22	2	2	267	2	2	5	27	3	2	1	1	0.41509207	26	20424.261	20424.861	20424.861	20425.061	20425.276
3	22	2	2	268	2	2	5	28	4	1	8	1	0.51719384	27	20426.878	20427.078	20427.078	20427.278	20427.595
3	22	2	2	269	2	2	5	29	6	2	8	1	0.39719589	28	20429.097	20429.697	20429.697	20429.897	20430.094
3	22	2	2	270	2	2	5	30	2	1	1	1	0.52334757	29	20431.715	20431.915	20431.915	20432.115	20432.438
3	22	2	2	271	2	6	5	1	4	1	5	1	0.78255314	1	20462.262	20462.462	20462.462	20462.662	20463.244
3	22	2	2	272	2	6	5	2	5	2	6	1	0.66022049	2	20464.479	20465.079	20465.079	20465.279	20465.739
3	22	2	2	273	2	6	5	3	3	1	4	1	0.7978637	3	20467.096	20467.296	20467.296	20467.496	20468.094
3	22	2	2	274	2	6	5	4	6	2	7	1	1.0267436	4	20469.313	20469.913	20469.913	20470.113	20470.939
3	22	2	2	275	2	6	5	5	2	1	3	1	0.72050494	5	20471.931	20472.131	20472.131	20472.331	20472.852
3	22	2	2	276	2	6	5	6	5	2	6	1	0.78970422	6	20474.151	20474.751	20474.751	20474.951	20475.54
3	22	2	2	277	2	6	5	7	3	2	4	1	0.82637491	7	20476.768	20477.368	20477.368	20477.568	20478.194
3	22	2	2	278	2	6	5	8	4	2	5	1	0.82832149	8	20479.386	20479.986	20479.986	20480.186	20480.814
3	22	2	2	279	2	6	5	9	2	1	3	1	0.90257931	9	20482.003	20482.203	20482.203	20482.403	20483.106
3	22	2	2	280	2	6	5	10	1	2	2	1	0.92869083	10	20484.222	20484.822	20484.822	20485.022	20485.75
3	22	2	2	281	2	6	5	11	4	1	5	1	0.93912862	11	20486.839	20487.039	20487.039	20487.239	20487.978
3	22	2	2	282	2	6	5	12	6	2	7	1	0.7931024	12	20489.057	20489.657	20489.657	20489.857	20490.45
3	22	2	2	283	2	6	5	13	6	1	7	1	0.71688854	13	20491.677	20491.877	20491.877	20492.077	20492.594
3	22	2	2	284	2	6	5	14	2	1	3	1	1.6590541	14	20493.895	20494.095	20494.095	20494.296	20495.755
3	22	2	2	285	2	6	5	15	2	2	3	1	0.47466185	15	20496.113	20496.713	20496.713	20496.913	20497.188
3	22	2	2	286	2	6	5	16	6	1	7	1	0.70720283	16	20498.731	20498.931	20498.931	20499.131	20499.638
3	22	2	2	287	2	6	5	17	1	2	2	1	0.87105879	17	20500.949	20501.549	20501.549	20501.749	20502.42
3	22	2	2	288	2	6	5	18	3	1	4	1	0.89917004	18	20503.568	20503.768	20503.768	20503.968	20504.667
3	22	2	2	289	2	6	5	19	4	2	5	1	0.80163681	19	20505.786	20506.386	20506.386	20506.586	20507.188
3	22	2	2	290	2	6	5	20	1	1	2	1	1.0143595	20	20508.404	20508.604	20508.604	20508.804	20509.618
3	22	2	2	291	2	6	5	21	5	1	6	1	0.95590391	21	20510.622	20510.822	20510.822	20511.022	20511.778
3	22	2	2	292	2	6	5	22	6	2	7	1	1.0427109	22	20512.84	20513.44	20513.44	20513.64	20514.483
3	22	2	2	293	2	6	5	23	2	1	3	1	0.95349003	23	20515.46	20515.66	20515.66	20515.86	20516.613
3	22	2	2	294	2	6	5	24	3	2	4	1	0.88888097	24	20517.681	20518.281	20518.281	20518.481	20519.17
3	22	2	2	295	2	6	5	25	4	1	5	1	1.247467	25	20520.299	20520.499	20520.499	20520.699	20521.746
3	22	2	2	296	2	6	5	26	5	2	6	1	1.781355	26	20522.517	20523.117	20523.117	20523.317	20524.899
3	22	2	2	297	2	6	5	27	1	2	2	1	0.82970193	27	20525.135	20525.735	20525.735	20525.935	20526.565
3	22	2	2	298	2	6	5	28	1	1	2	1	0.5339209	28	20527.759	20527.959	20527.959	20528.159	20528.493
3	22	2	2	299	2	6	5	29	5	2	6	1	1.9001541	29	20529.977	20530.577	20530.577	20530.777	20532.477
3	22	2	2	300	2	6	5	30	3	1	4	1	0.93487917	30	20532.595	20532.795	20532.795	20532.995	20533.73
3	22	2	2	301	2	2	6	1	4	1	8	1	1.8254157	1	20562.881	20563.081	20563.081	20563.281	20564.906
3	22	2	2	302	2	2	6	2	6	2	8	1	0.43944083	2	20565.099	20565.699	20565.699	20565.899	20566.139
3	22	2	2	303	2	2	6	3	5	1	8	1	0.47146996	3	20567.718	20567.918	20567.918	20568.118	20568.389
3	22	2	2	304	2	2	6	4	3	2	1	1	0.4578424	4	20569.936	20570.536	20570.536	20570.736	20570.994
3	22	2	2	305	2	2	6	5	6	1	8	1	0.62647735	5	20572.554	20572.754	20572.754	20572.954	20573.381
3	22	2	2	306	2	2	6	6	3	2	1	1	0.94297416	6	20574.773	20575.373	20575.373	20575.573	20576.316
3	22	2	2	307	2	2	6	7	5	2	8	1	0.54010296	7	20577.392	20577.992	20577.992	20578.192	20578.532
3	22	2	2	308	2	2	6	8	4	2	8	1	0.40009057	8	20580.014	20580.614	20580.614	20580.814	20581.014
3	22	2	2	309	2	2	6	9	3	1	1	1	0.36359745	9	20582.632	20582.832	20582.832	20583.032	20583.196
3	22	2	2	310	2	2	6	10	3	2	1	1	0.38648813	10	20584.851	20585.451	20585.451	20585.651	20585.838
3	22	2	2	311	2	2	6	11	4	1	8	1	0.32795258	11	20587.47	20587.67	20587.67	20587.87	20587.997
3	22	2	2	312	2	2	6	12	6	2	8	1	0.3467574	12	20589.688	20590.288	20590.288	20590.488	20590.635
3	22	2	2	313	2	2	6	13	2	1	1	1	0.59868869	13	20592.307	20592.507	20592.507	20592.707	20593.106
3	22	2	2	314	2	2	6	14	5	1	8	1	0.47619368	14	20594.526	20594.726	20594.726	20594.926	20595.202
3	22	2	2	315	2	2	6	15	4	2	8	1	0.90845819	15	20596.745	20597.345	20597.345	20597.545	20598.253
3	22	2	2	316	2	2	6	16	4	1	8	1	0.42060445	16	20599.366	20599.566	20599.566	20599.766	20599.987
3	22	2	2	317	2	2	6	17	3	2	1	1	0.37016921	17	20601.586	20602.186	20602.186	20602.386	20602.556
3	22	2	2	318	2	2	6	18	6	1	8	1	0.38125542	18	20604.204	20604.404	20604.404	20604.604	20604.786
3	22	2	2	319	2	2	6	19	1	2	1	1	0.39531048	19	20606.424	20607.024	20607.024	20607.224	20607.419
3	22	2	2	320	2	2	6	20	5	1	8	1	0.44440747	20	20609.042	20609.242	20609.242	20609.442	20609.686
3	22	2	2	321	2	2	6	21	1	1	1	1	0.41427826	21	20611.261	20611.461	20611.461	20611.661	20611.875
3	22	2	2	322	2	2	6	22	1	2	1	1	0.47448944	22	20613.481	20614.081	20614.081	20614.281	20614.555
3	22	2	2	323	2	2	6	23	2	1	1	1	0.44573367	23	20616.1	20616.3	20616.3	20616.5	20616.746
3	22	2	2	324	2	2	6	24	2	2	1	1	0.38243779	24	20618.32	20618.92	20618.92	20619.12	20619.302
3	22	2	2	325	2	2	6	25	2	1	1	1	0.402227	25	20620.939	20621.139	20621.139	20621.339	20621.541
3	22	2	2	326	2	2	6	26	5	2	8	1	0.38870414	26	20623.159	20623.759	20623.759	20623.959	20624.147
3	22	2	2	327	2	2	6	27	1	2	1	1	0.67460387	27	20625.778	20626.378	20626.378	20626.578	20627.052
3	22	2	2	328	2	2	6	28	1	1	1	1	0.40145682	28	20628.402	20628.602	20628.602	20628.802	20629.003
3	22	2	2	329	2	2	6	29	6	2	8	1	0.32168082	29	20630.624	20631.224	20631.224	20631.424	20631.546
3	22	2	2	330	2	2	6	30	2	1	1	1	0.49578572	30	20633.243	20633.443	20633.443	20633.643	20633.939
3	22	2	2	331	2	6	6	1	1	1	2	1	0.68300468	1	20663.529	20663.729	20663.729	20663.929	20664.412
3	22	2	2	332	2	6	6	2	1	2	2	1	0.50449213	2	20665.75	20666.35	20666.35	20666.55	20666.854
3	22	2	2	333	2	6	6	3	3	1	4	1	0.78623679	3	20668.37	20668.57	20668.57	20668.77	20669.356
3	22	2	2	334	2	6	6	4	1	2	2	1	0.63099467	4	20670.589	20671.189	20671.189	20671.389	20671.82
3	22	2	2	335	2	6	6	5	6	1	7	1	1.2743036	5	20673.209	20673.409	20673.409	20673.609	20674.683
3	22	2	2	336	2	6	6	6	2	2	3	1	1.0147581	6	20675.429	20676.029	20676.029	20676.229	20677.043
3	22	2	2	337	2	6	6	7	6	2	7	1	0.50688406	7	20678.049	20678.649	20678.649	20678.849	20679.156
3	22	2	2	338	2	6	6	8	1	2	2	1	0.70316874	8	20680.671	20681.271	20681.271	20681.471	20681.974
3	22	2	2	339	2	6	6	9	2	1	3	1	1.1440722	9	20683.292	20683.492	20683.492	20683.692	20684.636
3	22	2	2	340	2	6	6	10	1	2	2	1	0.69387045	10	20685.511	20686.111	20686.111	20686.311	20686.805
3	22	2	2	341	2	6	6	11	5	1	6	1	1.4793578	11	20688.132	20688.332	20688.332	20688.532	20689.811
3	22	2	2	342	2	6	6	12	6	2	7	1	1.6913256	12	20690.354	20690.954	20690.954	20691.154	20692.645
3	22	2	2	343	2	6	6	13	3	1	4	1	0.78871907	13	20692.974	20693.174	20693.174	20693.374	20693.963
3	22	2	2	344	2	6	6	14	4	1	5	1	0.442337	14	20695.195	20695.395	20695.395	20695.595	20695.837
3	22	2	2	345	2	6	6	15	6	2	7	1	0.76179278	15	20697.416	20698.016	20698.016	20698.216	20698.778
3	22	2	2	346	2	6	6	16	3	1	4	1	0.91663031	16	20700.036	20700.236	20700.236	20700.436	20701.153
3	22	2	2	347	2	6	6	17	4	2	5	1	1.4899391	17	20702.257	20702.857	20702.857	20703.057	20704.347
3	22	2	2	348	2	6	6	18	2	1	3	1	1.3664013	18	20704.878	20705.078	20705.078	20705.278	20706.444
3	22	2	2	349	2	6	6	19	5	2	6	1	0.72783573	19	20707.098	20707.698	20707.698	20707.898	20708.426
3	22	2	2	350	2	6	6	20	5	1	6	1	0.50987299	20	20709.719	20709.919	20709.919	20710.119	20710.429
3	22	2	2	351	2	6	6	21	3	1	4	1	0.63458209	21	20711.939	20712.139	20712.139	20712.339	20712.774
3	22	2	2	352	2	6	6	22	4	2	5	1	0.52397163	22	20714.16	20714.76	20714.76	20714.96	20715.284
3	22	2	2	353	2	6	6	23	5	1	6	1	0.90382733	23	20716.781	20716.981	20716.981	20717.181	20717.885
3	22	2	2	354	2	6	6	24	3	2	4	1	0.86755649	24	20719.002	20719.602	20719.602	20719.802	20720.469
3	22	2	2	355	2	6	6	25	4	1	5	1	0.67928164	25	20721.622	20721.822	20721.822	20722.022	20722.502
3	22	2	2	356	2	6	6	26	6	2	7	1	0.74624057	26	20723.844	20724.444	20724.444	20724.644	20725.19
3	22	2	2	357	2	6	6	27	2	2	3	1	0.92132292	27	20726.466	20727.066	20727.066	20727.266	20727.987
3	22	2	2	358	2	6	6	28	2	1	3	1	0.44522439	28	20729.087	20729.287	20729.287	20729.487	20729.732
3	22	2	2	359	2	6	6	29	5	2	6	1	1.4868992	29	20731.309	20731.909	20731.909	20732.109	20733.396
3	22	2	2	360	2	6	6	30	4	1	5	1	0.74299937	30	20733.931	20734.131	20734.131	20734.331	20734.874
3	22	2	2	361	3	2	7	1	5	1	8	1	0.385244	1	21754.314	21754.514	21754.514	21754.714	21754.899
3	22	2	2	362	3	2	7	2	3	2	1	1	0.50748836	2	21756.535	21757.135	21757.135	21757.335	21757.643
3	22	2	2	363	3	2	7	3	5	1	8	1	0.87282839	3	21759.156	21759.356	21759.356	21759.556	21760.229
3	22	2	2	364	3	2	7	4	4	2	8	1	0.76939292	4	21761.378	21761.978	21761.978	21762.178	21762.747
3	22	2	2	365	3	2	7	5	5	1	8	1	0.40827682	5	21764.002	21764.202	21764.202	21764.402	21764.61
3	22	2	2	366	3	2	7	6	1	2	1	1	0.57571787	6	21766.223	21766.823	21766.823	21767.023	21767.398
3	22	2	2	367	3	2	7	7	1	2	1	1	0.59120399	7	21768.845	21769.445	21769.445	21769.645	21770.036
3	22	2	2	368	3	2	7	8	1	2	1	1	0.43371679	8	21771.466	21772.066	21772.066	21772.266	21772.5
3	22	2	2	369	3	2	7	9	2	1	1	1	0.34762351	9	21774.088	21774.288	21774.288	21774.488	21774.636
3	22	2	2	370	3	2	7	10	2	2	1	1	0.46370388	10	21776.309	21776.909	21776.909	21777.109	21777.373
3	22	2	2	371	3	2	7	11	2	1	1	1	0.42761279	11	21778.931	21779.131	21779.131	21779.331	21779.558
3	22	2	2	372	3	2	7	12	5	2	8	1	0.32227811	12	21781.153	21781.753	21781.753	21781.953	21782.075
3	22	2	2	373	3	2	7	13	6	1	8	1	0.39022026	13	21783.774	21783.974	21783.974	21784.175	21784.365
3	22	2	2	374	3	2	7	14	6	1	8	1	0.52235547	14	21785.996	21786.196	21786.196	21786.396	21786.718
3	22	2	2	375	3	2	7	15	1	2	1	1	0.67286851	15	21788.217	21788.817	21788.817	21789.017	21789.49
3	22	2	2	376	3	2	7	16	4	1	8	1	0.47583088	16	21790.839	21791.039	21791.039	21791.239	21791.515
3	22	2	2	377	3	2	7	17	5	2	8	1	0.40013307	17	21793.061	21793.661	21793.661	21793.861	21794.061
3	22	2	2	378	3	2	7	18	4	1	8	1	0.50030533	18	21795.682	21795.882	21795.882	21796.082	21796.382
3	22	2	2	379	3	2	7	19	4	2	8	1	0.48994754	19	21797.905	21798.505	21798.505	21798.705	21798.995
3	22	2	2	380	3	2	7	20	3	1	1	1	0.50679359	20	21800.527	21800.727	21800.727	21800.927	21801.234
3	22	2	2	381	3	2	7	21	2	1	1	1	0.36533364	21	21802.75	21802.95	21802.95	21803.15	21803.315
3	22	2	2	382	3	2	7	22	6	2	8	1	0.3913529	22	21804.971	21805.572	21805.572	21805.772	21805.963
3	22	2	2	383	3	2	7	23	6	1	8	1	0.40258086	23	21807.594	21807.794	21807.794	21807.994	21808.197
3	22	2	2	384	3	2	7	24	1	2	1	1	0.41059179	24	21809.817	21810.417	21810.417	21810.617	21810.827
3	22	2	2	385	3	2	7	25	2	1	1	1	0.38094382	25	21812.439	21812.639	21812.639	21812.839	21813.02
3	22	2	2	386	3	2	7	26	3	2	1	1	0.3727645	26	21814.661	21815.261	21815.261	21815.461	21815.634
3	22	2	2	387	3	2	7	27	3	2	1	1	0.40979644	27	21817.283	21817.883	21817.883	21818.083	21818.293
3	22	2	2	388	3	2	7	28	4	1	8	1	0.39373144	28	21819.905	21820.105	21820.105	21820.305	21820.499
3	22	2	2	389	3	2	7	29	6	2	8	1	0.40264123	29	21822.128	21822.728	21822.728	21822.928	21823.13
3	22	2	2	390	3	2	7	30	3	1	1	1	0.6098708	30	21824.75	21824.95	21824.95	21825.15	21825.56
3	22	2	2	391	3	6	7	1	2	1	3	1	0.72886925	1	21855.034	21855.234	21855.234	21855.434	21855.963
3	22	2	2	392	3	6	7	2	2	2	3	1	0.49946576	2	21857.257	21857.857	21857.857	21858.057	21858.356
3	22	2	2	393	3	6	7	3	6	1	7	1	1.8110366	3	21859.88	21860.08	21860.08	21860.28	21861.891
3	22	2	2	394	3	6	7	4	6	2	7	1	0.45812075	4	21862.103	21862.703	21862.703	21862.903	21863.161
3	22	2	2	395	3	6	7	5	2	1	3	1	0.6854063	5	21864.729	21864.929	21864.929	21865.129	21865.615
3	22	2	2	396	3	6	7	6	2	2	3	1	0.694887	6	21866.951	21867.551	21867.551	21867.751	21868.246
3	22	2	2	397	3	6	7	7	5	2	6	1	1.1115938	7	21869.574	21870.174	21870.174	21870.374	21871.286
3	22	2	2	398	3	6	7	8	5	2	6	1	0.39806401	8	21872.196	21872.796	21872.796	21872.996	21873.194
3	22	2	2	399	3	6	7	9	1	1	2	1	0.87121642	9	21874.82	21875.02	21875.02	21875.22	21875.891
3	22	2	2	400	3	6	7	10	3	2	4	1	0.89958326	10	21877.043	21877.643	21877.643	21877.843	21878.542
3	22	2	2	401	3	6	7	11	4	1	5	1	0.75436336	11	21879.665	21879.865	21879.865	21880.065	21880.619
3	22	2	2	402	3	6	7	12	1	2	2	1	0.95332288	12	21881.888	21882.488	21882.488	21882.688	21883.441
3	22	2	2	403	3	6	7	13	1	1	2	1	0.48240877	13	21884.513	21884.713	21884.713	21884.913	21885.195
3	22	2	2	404	3	6	7	14	5	1	6	1	1.3070334	14	21886.738	21886.938	21886.938	21887.138	21888.245
3	22	2	2	405	3	6	7	15	6	2	7	1	1.4816657	15	21888.961	21889.561	21889.561	21889.761	21891.043
3	22	2	2	406	3	6	7	16	4	1	5	1	0.75495423	16	21891.584	21891.784	21891.784	21891.984	21892.539
3	22	2	2	407	3	6	7	17	5	2	6	1	0.99764588	17	21893.807	21894.407	21894.407	21894.607	21895.405
3	22	2	2	408	3	6	7	18	2	1	3	1	0.59841091	18	21896.431	21896.631	21896.631	21896.831	21897.23
3	22	2	2	409	3	6	7	19	4	2	5	1	1.109396	19	21898.655	21899.255	21899.255	21899.455	21900.364
3	22	2	2	410	3	6	7	20	1	1	2	1	0.80538772	20	21901.278	21901.478	21901.478	21901.678	21902.283
3	22	2	2	411	3	6	7	21	4	1	5	1	1.3669408	21	21903.502	21903.702	21903.702	21903.902	21905.069
3	22	2	2	412	3	6	7	22	3	2	4	1	0.87537234	22	21905.726	21906.326	21906.326	21906.526	21907.201
3	22	2	2	413	3	6	7	23	6	1	7	1	0.91683382	23	21908.349	21908.549	21908.549	21908.749	21909.466
3	22	2	2	414	3	6	7	24	1	2	2	1	1.1020975	24	21910.573	21911.173	21911.173	21911.373	21912.275
3	22	2	2	415	3	6	7	25	4	1	5	1	1.2733519	25	21913.196	21913.396	21913.396	21913.596	21914.669
3	22	2	2	416	3	6	7	26	3	2	4	1	0.7825938	26	21915.42	21916.02	21916.02	21916.22	21916.802
3	22	2	2	417	3	6	7	27	3	2	4	1	0.56967725	27	21918.043	21918.643	21918.643	21918.843	21919.213
3	22	2	2	418	3	6	7	28	6	1	7	1	0.77140428	28	21920.666	21920.866	21920.866	21921.066	21921.638
3	22	2	2	419	3	6	7	29	5	2	6	1	1.2871115	29	21922.892	21923.492	21923.492	21923.692	21924.779
3	22	2	2	420	3	6	7	30	3	1	4	1	0.75077012	30	21925.516	21925.716	21925.716	21925.916	21926.466
3	22	2	2	421	3	2	8	1	4	1	8	1	0.40857513	1	21955.812	21956.012	21956.012	21956.212	21956.421
3	22	2	2	422	3	2	8	2	3	2	1	1	0.32104731	2	21958.036	21958.636	21958.636	21958.836	21958.957
3	22	2	2	423	3	2	8	3	3	1	1	1	0.47492995	3	21960.659	21960.859	21960.859	21961.059	21961.334
3	22	2	2	424	3	2	8	4	5	2	8	1	0.39236297	4	21962.882	21963.482	21963.482	21963.682	21963.875
3	22	2	2	425	3	2	8	5	3	1	1	1	0.48951757	5	21965.508	21965.708	21965.708	21965.908	21966.197
3	22	2	2	426	3	2	8	6	6	2	8	1	0.46619113	6	21967.732	21968.332	21968.332	21968.532	21968.798
3	22	2	2	427	3	2	8	7	1	2	1	1	0.37020684	7	21970.356	21970.956	21970.956	21971.156	21971.326
3	22	2	2	428	3	2	8	8	6	2	8	1	0.34426454	8	21972.98	21973.58	21973.58	21973.78	21973.924
3	22	2	2	429	3	2	8	9	2	1	1	1	0.40767263	9	21975.603	21975.803	21975.803	21976.003	21976.211
3	22	2	2	430	3	2	8	10	5	2	8	1	0.46455871	10	21977.827	21978.427	21978.427	21978.627	21978.892
3	22	2	2	431	3	2	8	11	5	1	8	1	0.44767275	11	21980.451	21980.651	21980.651	21980.851	21981.099
3	22	2	2	432	3	2	8	12	2	2	1	1	0.48248503	12	21982.675	21983.275	21983.275	21983.475	21983.757
3	22	2	2	433	3	2	8	13	2	1	1	1	0.41969499	13	21985.304	21985.504	21985.504	21985.704	21985.924
3	22	2	2	434	3	2	8	14	1	1	1	1	0.3956275	14	21987.528	21987.728	21987.728	21987.928	21988.124
3	22	2	2	435	3	2	8	15	5	2	8	1	0.36448532	15	21989.753	21990.353	21990.353	21990.553	21990.717
3	22	2	2	436	3	2	8	16	4	1	8	1	0.39638859	16	21992.377	21992.577	21992.577	21992.777	21992.974
3	22	2	2	437	3	2	8	17	4	2	8	1	0.40148516	17	21994.602	21995.202	21995.202	21995.402	21995.604
3	22	2	2	438	3	2	8	18	5	1	8	1	0.43487127	18	21997.227	21997.427	21997.427	21997.627	21997.862
3	22	2	2	439	3	2	8	19	2	2	1	1	0.60886877	19	21999.453	22000.053	22000.053	22000.253	22000.661
3	22	2	2	440	3	2	8	20	6	1	8	1	0.52645904	20	22002.077	22002.277	22002.277	22002.477	22002.803
3	22	2	2	441	3	2	8	21	2	1	1	1	0.42993872	21	22004.301	22004.501	22004.501	22004.701	22004.931
3	22	2	2	442	3	2	8	22	4	2	8	1	0.33564269	22	22006.526	22007.126	22007.126	22007.326	22007.462
3	22	2	2	443	3	2	8	23	3	1	1	1	0.43186777	23	22009.15	22009.35	22009.35	22009.55	22009.782
3	22	2	2	444	3	2	8	24	3	2	1	1	0.56445742	24	22011.375	22011.975	22011.975	22012.175	22012.539
3	22	2	2	445	3	2	8	25	4	1	8	1	0.42092166	25	22014	22014.2	22014.2	22014.4	22014.621
3	22	2	2	446	3	2	8	26	1	2	1	1	0.50587561	26	22016.224	22016.824	22016.824	22017.024	22017.33
3	22	2	2	447	3	2	8	27	1	2	1	1	0.97833556	27	22018.85	22019.45	22019.45	22019.65	22020.428
3	22	2	2	448	3	2	8	28	6	1	8	1	0.40131425	28	22021.475	22021.675	22021.675	22021.875	22022.076
3	22	2	2	449	3	2	8	29	6	2	8	1	0.42316611	29	22023.7	22024.3	22024.3	22024.5	22024.723
3	22	2	2	450	3	2	8	30	1	1	1	1	0.67177955	30	22026.33	22026.53	22026.53	22026.73	22027.202
3	22	2	2	451	3	6	8	1	6	1	7	1	1.4285904	1	22056.622	22056.822	22056.822	22057.022	22058.251
3	22	2	2	452	3	6	8	2	6	2	7	1	0.47170638	2	22058.847	22059.447	22059.447	22059.647	22059.919
3	22	2	2	453	3	6	8	3	4	1	5	1	0.73977616	3	22061.472	22061.672	22061.672	22061.872	22062.412
3	22	2	2	454	3	6	8	4	2	2	3	1	0.73933209	4	22063.697	22064.297	22064.297	22064.497	22065.036
3	22	2	2	455	3	6	8	5	2	1	3	1	0.41720705	5	22066.322	22066.522	22066.522	22066.722	22066.939
3	22	2	2	456	3	6	8	6	4	2	5	1	0.84812837	6	22068.547	22069.147	22069.147	22069.347	22069.996
3	22	2	2	457	3	6	8	7	3	2	4	1	0.95224684	7	22071.172	22071.772	22071.772	22071.972	22072.725
3	22	2	2	458	3	6	8	8	4	2	5	1	1.5825736	8	22073.798	22074.398	22074.398	22074.598	22075.98
3	22	2	2	459	3	6	8	9	3	1	4	1	1.3661545	9	22076.423	22076.623	22076.623	22076.823	22077.989
3	22	2	2	460	3	6	8	10	5	2	6	1	0.78576161	10	22078.648	22079.248	22079.248	22079.448	22080.034
3	22	2	2	461	3	6	8	11	1	1	2	1	0.77104588	11	22081.274	22081.474	22081.474	22081.674	22082.245
3	22	2	2	462	3	6	8	12	5	2	6	1	1.5113519	12	22083.499	22084.099	22084.099	22084.299	22085.61
3	22	2	2	463	3	6	8	13	1	1	2	1	0.7331156	13	22086.125	22086.325	22086.325	22086.525	22087.058
3	22	2	2	464	3	6	8	14	6	1	7	1	0.79136435	14	22088.35	22088.55	22088.55	22088.75	22089.342
3	22	2	2	465	3	6	8	15	2	2	3	1	0.67071895	15	22090.576	22091.176	22091.176	22091.376	22091.847
3	22	2	2	466	3	6	8	16	4	1	5	1	0.77190859	16	22093.201	22093.401	22093.401	22093.601	22094.173
3	22	2	2	467	3	6	8	17	6	2	7	1	0.73557043	17	22095.427	22096.027	22096.027	22096.227	22096.762
3	22	2	2	468	3	6	8	18	5	1	6	1	1.034702	18	22098.052	22098.252	22098.252	22098.452	22099.286
3	22	2	2	469	3	6	8	19	3	2	4	1	0.71098655	19	22100.277	22100.877	22100.877	22101.077	22101.588
3	22	2	2	470	3	6	8	20	3	1	4	1	0.50790731	20	22102.904	22103.104	22103.104	22103.304	22103.612
3	22	2	2	471	3	6	8	21	1	1	2	1	0.65603486	21	22105.13	22105.33	22105.33	22105.53	22105.986
3	22	2	2	472	3	6	8	22	4	2	5	1	0.75406509	22	22107.356	22107.956	22107.956	22108.156	22108.71
3	22	2	2	473	3	6	8	23	1	1	2	1	0.822465	23	22109.982	22110.182	22110.182	22110.382	22111.004
3	22	2	2	474	3	6	8	24	1	2	2	1	0.51576236	24	22112.207	22112.807	22112.807	22113.007	22113.323
3	22	2	2	475	3	6	8	25	5	1	6	1	1.0000902	25	22114.834	22115.034	22115.034	22115.234	22116.034
3	22	2	2	476	3	6	8	26	5	2	6	1	0.57010396	26	22117.06	22117.66	22117.66	22117.86	22118.23
3	22	2	2	477	3	6	8	27	2	2	3	1	0.81335522	27	22119.686	22120.286	22120.286	22120.486	22121.099
3	22	2	2	478	3	6	8	28	2	1	3	1	0.49791826	28	22122.312	22122.512	22122.512	22122.712	22123.01
3	22	2	2	479	3	6	8	29	6	2	7	1	0.82445656	29	22124.538	22125.138	22125.138	22125.338	22125.963
3	22	2	2	480	3	6	8	30	3	1	4	1	0.72104765	30	22127.164	22127.364	22127.364	22127.564	22128.085
3	22	2	2	481	3	2	9	1	4	1	8	1	0.58720963	1	22157.461	22157.661	22157.661	22157.861	22158.248
3	22	2	2	482	3	2	9	2	6	2	8	1	0.42061039	2	22159.687	22160.287	22160.287	22160.487	22160.708
3	22	2	2	483	3	2	9	3	3	1	1	1	0.4111666	3	22162.314	22162.514	22162.514	22162.714	22162.925
3	22	2	2	484	3	2	9	4	2	2	1	1	0.35272837	4	22164.54	22165.14	22165.14	22165.34	22165.493
3	22	2	2	485	3	2	9	5	3	1	1	1	0.4132244	5	22167.166	22167.366	22167.366	22167.566	22167.779
3	22	2	2	486	3	2	9	6	4	2	8	1	0.35523581	6	22169.393	22169.993	22169.993	22170.193	22170.348
3	22	2	2	487	3	2	9	7	6	2	8	1	0.42450129	7	22172.019	22172.619	22172.619	22172.819	22173.043
3	22	2	2	488	3	2	9	8	6	2	8	1	0.43280392	8	22174.645	22175.245	22175.245	22175.445	22175.678
3	22	2	2	489	3	2	9	9	4	1	8	1	0.3965346	9	22177.271	22177.471	22177.471	22177.671	22177.868
3	22	2	2	490	3	2	9	10	5	2	8	1	0.39610273	10	22179.497	22180.097	22180.097	22180.297	22180.494
3	22	2	2	491	3	2	9	11	1	1	1	1	0.48718591	11	22182.124	22182.324	22182.324	22182.524	22182.811
3	22	2	2	492	3	2	9	12	4	2	8	1	0.53941559	12	22184.351	22184.951	22184.951	22185.151	22185.49
3	22	2	2	493	3	2	9	13	5	1	8	1	0.436881	13	22186.977	22187.177	22187.177	22187.377	22187.614
3	22	2	2	494	3	2	9	14	5	1	8	1	0.39847429	14	22189.204	22189.404	22189.404	22189.604	22189.803
3	22	2	2	495	3	2	9	15	1	2	1	1	0.45084781	15	22191.433	22192.033	22192.033	22192.233	22192.484
3	22	2	2	496	3	2	9	16	3	1	1	1	0.55792	16	22194.06	22194.26	22194.26	22194.46	22194.818
3	22	2	2	497	3	2	9	17	1	2	1	1	0.54305558	17	22196.287	22196.887	22196.887	22197.087	22197.43
3	22	2	2	498	3	2	9	18	5	1	8	1	0.46840517	18	22198.914	22199.114	22199.114	22199.314	22199.582
3	22	2	2	499	3	2	9	19	2	2	1	1	0.57542673	19	22201.141	22201.741	22201.741	22201.941	22202.316
3	22	2	2	500	3	2	9	20	1	1	1	1	0.53979483	20	22203.768	22203.968	22203.968	22204.168	22204.508
3	22	2	2	501	3	2	9	21	3	1	1	1	0.3782744	21	22205.995	22206.195	22206.195	22206.395	22206.574
3	22	2	2	502	3	2	9	22	2	2	1	1	0.37251646	22	22208.222	22208.822	22208.822	22209.022	22209.195
3	22	2	2	503	3	2	9	23	1	1	1	1	0.37769976	23	22210.85	22211.05	22211.05	22211.25	22211.427
3	22	2	2	504	3	2	9	24	3	2	1	1	0.35248965	24	22213.077	22213.677	22213.677	22213.877	22214.029
3	22	2	2	505	3	2	9	25	6	1	8	1	0.39754632	25	22215.704	22215.904	22215.904	22216.104	22216.301
3	22	2	2	506	3	2	9	26	4	2	8	1	0.34367402	26	22217.931	22218.531	22218.531	22218.731	22218.875
3	22	2	2	507	3	2	9	27	5	2	8	1	0.43657681	27	22220.558	22221.158	22221.158	22221.358	22221.595
3	22	2	2	508	3	2	9	28	2	1	1	1	0.41252267	28	22223.185	22223.385	22223.385	22223.585	22223.798
3	22	2	2	509	3	2	9	29	6	2	8	1	0.42474639	29	22225.413	22226.013	22226.013	22226.213	22226.438
3	22	2	2	510	3	2	9	30	2	1	1	1	0.33275188	30	22228.04	22228.24	22228.24	22228.44	22228.573
3	22	2	2	511	3	6	9	1	2	1	3	1	0.69766588	1	22258.331	22258.531	22258.531	22258.731	22259.228
3	22	2	2	512	3	6	9	2	4	2	5	1	1.0879443	2	22260.558	22261.158	22261.158	22261.358	22262.246
3	22	2	2	513	3	6	9	3	6	1	7	1	1.5069411	3	22263.187	22263.387	22263.387	22263.587	22264.894
3	22	2	2	514	3	6	9	4	1	2	2	1	0.77934102	4	22265.415	22266.015	22266.015	22266.215	22266.794
3	22	2	2	515	3	6	9	5	5	1	6	1	1.0746699	5	22268.043	22268.243	22268.243	22268.443	22269.317
3	22	2	2	516	3	6	9	6	1	2	2	1	0.90191249	6	22270.276	22270.876	22270.876	22271.076	22271.778
3	22	2	2	517	3	6	9	7	6	2	7	1	0.6812039	7	22272.907	22273.507	22273.507	22273.707	22274.189
3	22	2	2	518	3	6	9	8	3	2	4	1	0.65845289	8	22275.536	22276.136	22276.136	22276.336	22276.795
3	22	2	2	519	3	6	9	9	3	1	4	1	0.46232734	9	22278.164	22278.364	22278.364	22278.564	22278.826
3	22	2	2	520	3	6	9	10	6	2	7	1	0.7662976	10	22280.392	22280.992	22280.992	22281.192	22281.758
3	22	2	2	521	3	6	9	11	1	1	2	1	0.70936169	11	22283.02	22283.22	22283.22	22283.42	22283.93
3	22	2	2	522	3	6	9	12	4	2	5	1	0.66696778	12	22285.248	22285.848	22285.848	22286.048	22286.515
3	22	2	2	523	3	6	9	13	4	1	5	1	0.83358742	13	22287.876	22288.076	22288.076	22288.276	22288.91
3	22	2	2	524	3	6	9	14	5	1	6	1	0.74927147	14	22290.104	22290.304	22290.304	22290.504	22291.053
3	22	2	2	525	3	6	9	15	3	2	4	1	0.73780139	15	22292.332	22292.932	22292.932	22293.132	22293.67
3	22	2	2	526	3	6	9	16	5	1	6	1	1.0097765	16	22294.961	22295.161	22295.161	22295.361	22296.171
3	22	2	2	527	3	6	9	17	3	2	4	1	0.68608916	17	22297.19	22297.79	22297.79	22297.99	22298.476
3	22	2	2	528	3	6	9	18	1	1	2	1	0.84002709	18	22299.818	22300.018	22300.018	22300.218	22300.858
3	22	2	2	529	3	6	9	19	6	2	7	1	1.2591829	19	22302.047	22302.647	22302.647	22302.847	22303.906
3	22	2	2	530	3	6	9	20	2	1	3	1	0.63959184	20	22304.675	22304.875	22304.875	22305.075	22305.515
3	22	2	2	531	3	6	9	21	3	1	4	1	0.88511897	21	22306.903	22307.103	22307.103	22307.303	22307.988
3	22	2	2	532	3	6	9	22	2	2	3	1	1.114927	22	22309.135	22309.735	22309.736	22309.936	22310.85
3	22	2	2	533	3	6	9	23	4	1	5	1	0.77748867	23	22311.764	22311.964	22311.964	22312.164	22312.741
3	22	2	2	534	3	6	9	24	5	2	6	1	1.1820295	24	22313.992	22314.592	22314.592	22314.792	22315.774
3	22	2	2	535	3	6	9	25	2	1	3	1	1.6696128	25	22316.621	22316.821	22316.821	22317.021	22318.491
3	22	2	2	536	3	6	9	26	4	2	5	1	1.9976713	26	22318.855	22319.455	22319.455	22319.655	22321.453
3	22	2	2	537	3	6	9	27	1	2	2	1	0.8240206	27	22321.485	22322.085	22322.085	22322.285	22322.909
3	22	2	2	538	3	6	9	28	6	1	7	1	0.84388061	28	22324.114	22324.314	22324.314	22324.514	22325.158
3	22	2	2	539	3	6	9	29	2	2	3	1	0.90926047	29	22326.345	22326.945	22326.945	22327.145	22327.854
3	22	2	2	540	3	6	9	30	5	1	6	1	1.1234503	30	22328.976	22329.176	22329.176	22329.376	22330.299
3	22	2	2	541	4	2	10	1	5	1	8	1	0.80672046	1	22902.683	22902.883	22902.883	22903.083	22903.69
3	22	2	2	542	4	2	10	2	3	2	1	1	0.32977387	2	22904.913	22905.513	22905.513	22905.713	22905.842
3	22	2	2	543	4	2	10	3	2	1	1	1	0.38196965	3	22907.542	22907.742	22907.742	22907.942	22908.124
3	22	2	2	544	4	2	10	4	4	2	8	1	0.40593059	4	22909.775	22910.375	22910.375	22910.575	22910.781
3	22	2	2	545	4	2	10	5	1	1	1	1	0.36064169	5	22912.404	22912.604	22912.604	22912.804	22912.964
3	22	2	2	546	4	2	10	6	4	2	8	1	0.43615264	6	22914.633	22915.233	22915.233	22915.433	22915.669
3	22	2	2	547	4	2	10	7	5	2	8	1	0.39972113	7	22917.262	22917.862	22917.862	22918.062	22918.262
3	22	2	2	548	4	2	10	8	4	2	8	1	0.4874645	8	22919.891	22920.491	22920.491	22920.691	22920.979
3	22	2	2	549	4	2	10	9	4	1	8	1	0.45850375	9	22922.521	22922.721	22922.721	22922.921	22923.179
3	22	2	2	550	4	2	10	10	2	2	1	1	0.41120629	10	22924.751	22925.351	22925.351	22925.551	22925.762
3	22	2	2	551	4	2	10	11	2	1	1	1	0.33613055	11	22927.38	22927.58	22927.58	22927.78	22927.916
3	22	2	2	552	4	2	10	12	5	2	8	1	0.34740627	12	22929.609	22930.209	22930.209	22930.409	22930.556
3	22	2	2	553	4	2	10	13	1	1	1	1	0.74721016	13	22932.24	22932.44	22932.44	22932.64	22933.188
3	22	2	2	554	4	2	10	14	4	1	8	1	0.39137075	14	22934.469	22934.669	22934.669	22934.869	22935.061
3	22	2	2	555	4	2	10	15	1	2	1	1	0.4188141	15	22936.698	22937.298	22937.298	22937.498	22937.717
3	22	2	2	556	4	2	10	16	6	1	8	1	0.48337489	16	22939.328	22939.528	22939.528	22939.728	22940.011
3	22	2	2	557	4	2	10	17	5	2	8	1	0.51742012	17	22941.557	22942.157	22942.157	22942.357	22942.675
3	22	2	2	558	4	2	10	18	1	1	1	1	0.49646723	18	22944.187	22944.387	22944.387	22944.587	22944.883
3	22	2	2	559	4	2	10	19	1	2	1	1	0.59508664	19	22946.416	22947.016	22947.016	22947.216	22947.611
3	22	2	2	560	4	2	10	20	5	1	8	1	0.39607662	20	22949.05	22949.25	22949.25	22949.45	22949.646
3	22	2	2	561	4	2	10	21	6	1	8	1	0.43437581	21	22951.279	22951.479	22951.479	22951.679	22951.913
3	22	2	2	562	4	2	10	22	3	2	1	1	0.39025998	22	22953.509	22954.109	22954.109	22954.309	22954.499
3	22	2	2	563	4	2	10	23	3	1	1	1	0.37855306	23	22956.139	22956.339	22956.339	22956.539	22956.718
3	22	2	2	564	4	2	10	24	6	2	8	1	0.40987939	24	22958.371	22958.971	22958.971	22959.171	22959.38
3	22	2	2	565	4	2	10	25	2	1	1	1	1.1600165	25	22961.002	22961.202	22961.202	22961.402	22962.362
3	22	2	2	566	4	2	10	26	2	2	1	1	0.46019639	26	22963.231	22963.831	22963.831	22964.031	22964.292
3	22	2	2	567	4	2	10	27	6	2	8	1	0.40566009	27	22965.861	22966.461	22966.461	22966.661	22966.867
3	22	2	2	568	4	2	10	28	3	1	1	1	0.70693198	28	22968.492	22968.692	22968.692	22968.892	22969.398
3	22	2	2	569	4	2	10	29	6	2	8	1	0.46561126	29	22970.722	22971.322	22971.322	22971.522	22971.788
3	22	2	2	570	4	2	10	30	3	1	1	1	0.5402124	30	22973.353	22973.553	22973.553	22973.753	22974.093
3	22	2	2	571	4	6	10	1	4	1	5	1	0.86494431	1	23003.644	23003.844	23003.844	23004.044	23004.709
3	22	2	2	572	4	6	10	2	3	2	4	1	0.69036651	2	23005.874	23006.474	23006.474	23006.674	23007.164
3	22	2	2	573	4	6	10	3	6	1	7	1	0.43646149	3	23008.504	23008.704	23008.704	23008.904	23009.14
3	22	2	2	574	4	6	10	4	5	2	6	1	0.47960522	4	23010.734	23011.334	23011.334	23011.534	23011.814
3	22	2	2	575	4	6	10	5	5	1	6	1	0.58337865	5	23013.364	23013.564	23013.564	23013.764	23014.147
3	22	2	2	576	4	6	10	6	1	2	2	1	0.73117946	6	23015.594	23016.194	23016.194	23016.394	23016.925
3	22	2	2	577	4	6	10	7	1	2	2	1	0.69403925	7	23018.224	23018.824	23018.824	23019.024	23019.519
3	22	2	2	578	4	6	10	8	3	2	4	1	0.65402159	8	23020.855	23021.455	23021.455	23021.655	23022.109
3	22	2	2	579	4	6	10	9	2	1	3	1	0.5686256	9	23023.485	23023.685	23023.685	23023.885	23024.254
3	22	2	2	580	4	6	10	10	3	2	4	1	0.78162504	10	23025.716	23026.316	23026.316	23026.516	23027.098
3	22	2	2	581	4	6	10	11	4	1	5	1	0.9618965	11	23028.348	23028.548	23028.548	23028.748	23029.51
3	22	2	2	582	4	6	10	12	4	2	5	1	0.42405828	12	23030.578	23031.178	23031.178	23031.378	23031.602
3	22	2	2	583	4	6	10	13	1	1	2	1	1.2257785	13	23033.209	23033.409	23033.409	23033.609	23034.635
3	22	2	2	584	4	6	10	14	5	1	6	1	1.0103768	14	23035.439	23035.639	23035.639	23035.839	23036.65
3	22	2	2	585	4	6	10	15	3	2	4	1	0.82442568	15	23037.675	23038.275	23038.275	23038.475	23039.1
3	22	2	2	586	4	6	10	16	1	1	2	1	0.82373555	16	23040.306	23040.506	23040.506	23040.706	23041.33
3	22	2	2	587	4	6	10	17	1	2	2	1	0.48701259	17	23042.54	23043.14	23043.14	23043.34	23043.627
3	22	2	2	588	4	6	10	18	6	1	7	1	0.77510277	18	23045.175	23045.375	23045.375	23045.575	23046.15
3	22	2	2	589	4	6	10	19	2	2	3	1	0.62858278	19	23047.407	23048.007	23048.007	23048.207	23048.635
3	22	2	2	590	4	6	10	20	6	1	7	1	0.66494706	20	23050.041	23050.241	23050.241	23050.441	23050.906
3	22	2	2	591	4	6	10	21	6	1	7	1	0.5100937	21	23052.272	23052.472	23052.472	23052.672	23052.982
3	22	2	2	592	4	6	10	22	2	2	3	1	0.63194348	22	23054.503	23055.103	23055.103	23055.303	23055.734
3	22	2	2	593	4	6	10	23	3	1	4	1	0.71228169	23	23057.134	23057.334	23057.334	23057.534	23058.046
3	22	2	2	594	4	6	10	24	5	2	6	1	1.1169317	24	23059.365	23059.965	23059.965	23060.165	23061.082
3	22	2	2	595	4	6	10	25	4	1	5	1	1.2132318	25	23062	23062.2	23062.2	23062.4	23063.413
3	22	2	2	596	4	6	10	26	2	2	3	1	0.7276986	26	23064.231	23064.831	23064.831	23065.031	23065.558
3	22	2	2	597	4	6	10	27	4	2	5	1	1.7445479	27	23066.862	23067.462	23067.462	23067.662	23069.206
3	22	2	2	598	4	6	10	28	2	1	3	1	1.0925791	28	23069.493	23069.693	23069.693	23069.893	23070.786
3	22	2	2	599	4	6	10	29	6	2	7	1	1.3382074	29	23071.724	23072.324	23072.324	23072.524	23073.662
3	22	2	2	600	4	6	10	30	5	1	6	1	0.50578952	30	23074.356	23074.556	23074.556	23074.756	23075.062
3	22	2	2	601	4	2	11	1	6	1	8	1	0.62332146	1	23104.653	23104.853	23104.853	23105.053	23105.476
3	22	2	2	602	4	2	11	2	3	2	1	1	0.33196539	2	23106.888	23107.488	23107.488	23107.688	23107.819
3	22	2	2	603	4	2	11	3	1	1	1	1	0.46253527	3	23109.524	23109.724	23109.724	23109.924	23110.187
3	22	2	2	604	4	2	11	4	6	2	8	1	0.43912381	4	23111.756	23112.356	23112.356	23112.556	23112.795
3	22	2	2	605	4	2	11	5	5	1	8	1	0.39842712	5	23114.388	23114.588	23114.588	23114.788	23114.986
3	22	2	2	606	4	2	11	6	6	2	8	1	0.43119136	6	23116.623	23117.223	23117.223	23117.423	23117.654
3	22	2	2	607	4	2	11	7	3	2	1	1	0.36395928	7	23119.256	23119.856	23119.856	23120.056	23120.22
3	22	2	2	608	4	2	11	8	4	2	8	1	0.48370443	8	23121.888	23122.488	23122.488	23122.688	23122.971
3	22	2	2	609	4	2	11	9	3	1	1	1	0.50135699	9	23124.527	23124.727	23124.727	23124.927	23125.228
3	22	2	2	610	4	2	11	10	4	2	8	1	0.4381127	10	23126.759	23127.359	23127.359	23127.559	23127.797
3	22	2	2	611	4	2	11	11	4	1	1	1	0.75112224	11	23129.391	23129.591	23129.591	23129.791	23130.342
3	22	2	2	612	4	2	11	12	1	2	1	1	0.61859849	12	23131.624	23132.224	23132.224	23132.424	23132.842
3	22	2	2	613	4	2	11	13	1	1	1	1	0.59796503	13	23134.256	23134.456	23134.456	23134.656	23135.053
3	22	2	2	614	4	2	11	14	5	1	8	1	0.78244668	14	23136.487	23136.687	23136.687	23136.887	23137.469
3	22	2	2	615	4	2	11	15	5	2	8	1	0.53047802	15	23138.721	23139.321	23139.321	23139.521	23139.851
3	22	2	2	616	4	2	11	16	4	1	8	1	0.46548719	16	23141.353	23141.553	23141.553	23141.753	23142.018
3	22	2	2	617	4	2	11	17	3	2	1	1	0.50820917	17	23143.584	23144.184	23144.184	23144.384	23144.692
3	22	2	2	618	4	2	11	18	1	1	1	1	0.465028	18	23146.22	23146.42	23146.42	23146.62	23146.885
3	22	2	2	619	4	2	11	19	2	2	1	1	0.33185313	19	23148.454	23149.054	23149.054	23149.254	23149.386
3	22	2	2	620	4	2	11	20	1	1	1	1	0.37386509	20	23151.087	23151.287	23151.287	23151.487	23151.661
3	22	2	2	621	4	2	11	21	3	1	1	1	0.40509864	21	23153.32	23153.52	23153.52	23153.72	23153.925
3	22	2	2	622	4	2	11	22	6	2	8	1	0.3661359	22	23155.552	23156.152	23156.152	23156.352	23156.518
3	22	2	2	623	4	2	11	23	6	1	8	1	0.50782671	23	23158.184	23158.384	23158.384	23158.584	23158.892
3	22	2	2	624	4	2	11	24	2	2	1	1	0.42042994	24	23160.417	23161.017	23161.017	23161.217	23161.437
3	22	2	2	625	4	2	11	25	2	1	1	1	0.47682596	25	23163.049	23163.249	23163.249	23163.449	23163.726
3	22	2	2	626	4	2	11	26	2	2	1	1	0.40096476	26	23165.285	23165.885	23165.885	23166.085	23166.286
3	22	2	2	627	4	2	11	27	2	2	1	1	0.39443041	27	23167.921	23168.521	23168.521	23168.721	23168.915
3	22	2	2	628	4	2	11	28	5	1	8	1	0.4524914	28	23170.553	23170.753	23170.753	23170.953	23171.206
3	22	2	2	629	4	2	11	29	4	2	8	1	0.40120673	29	23172.786	23173.386	23173.386	23173.586	23173.787
3	22	2	2	630	4	2	11	30	5	1	8	1	0.49771924	30	23175.419	23175.619	23175.619	23175.819	23176.116
3	22	2	2	631	4	6	11	1	3	1	4	1	0.83689559	1	23205.814	23206.014	23206.014	23206.214	23206.851
3	22	2	2	632	4	6	11	2	2	2	3	1	0.61110487	2	23208.051	23208.651	23208.651	23208.851	23209.262
3	22	2	2	633	4	6	11	3	5	1	6	1	0.85307948	3	23210.687	23210.887	23210.887	23211.087	23211.74
3	22	2	2	634	4	6	11	4	6	2	7	1	1.1299504	4	23212.921	23213.521	23213.521	23213.721	23214.651
3	22	2	2	635	4	6	11	5	4	1	5	1	0.56021834	5	23215.555	23215.755	23215.755	23215.955	23216.315
3	22	2	2	636	4	6	11	6	2	2	3	1	0.81141852	6	23217.787	23218.387	23218.387	23218.587	23219.199
3	22	2	2	637	4	6	11	7	6	2	7	1	1.1024851	7	23220.42	23221.02	23221.02	23221.22	23222.123
3	22	2	2	638	4	6	11	8	6	2	7	1	0.52817543	8	23223.053	23223.653	23223.653	23223.853	23224.181
3	22	2	2	639	4	6	11	9	3	1	4	1	0.78979071	9	23225.689	23225.889	23225.889	23226.089	23226.678
3	22	2	2	640	4	6	11	10	3	2	4	1	0.70416339	10	23227.922	23228.522	23228.522	23228.722	23229.226
3	22	2	2	641	4	6	11	11	3	1	4	1	0.48984403	11	23230.555	23230.755	23230.755	23230.955	23231.245
3	22	2	2	642	4	6	11	12	3	2	4	1	0.46123722	12	23232.789	23233.389	23233.389	23233.589	23233.85
3	22	2	2	643	4	6	11	13	1	1	2	1	0.49250049	13	23235.422	23235.622	23235.622	23235.822	23236.114
3	22	2	2	644	4	6	11	14	2	1	3	1	0.80550859	14	23237.655	23237.855	23237.855	23238.055	23238.661
3	22	2	2	645	4	6	11	15	2	2	3	1	0.49847677	15	23239.889	23240.489	23240.489	23240.689	23240.987
3	22	2	2	646	4	6	11	16	1	1	2	1	1.4319395	16	23242.522	23242.722	23242.722	23242.922	23244.154
3	22	2	2	647	4	6	11	17	1	2	2	1	0.39404353	17	23244.753	23245.353	23245.353	23245.553	23245.747
3	22	2	2	648	4	6	11	18	5	1	6	1	0.97590549	18	23247.386	23247.586	23247.586	23247.786	23248.562
3	22	2	2	649	4	6	11	19	6	2	7	1	1.1274293	19	23249.62	23250.22	23250.22	23250.42	23251.347
3	22	2	2	650	4	6	11	20	5	1	6	1	0.69315154	20	23252.256	23252.456	23252.456	23252.656	23253.149
3	22	2	2	651	4	6	11	21	1	1	2	1	0.72928161	21	23254.49	23254.69	23254.69	23254.89	23255.419
3	22	2	2	652	4	6	11	22	5	2	6	1	0.94371098	22	23256.723	23257.323	23257.323	23257.523	23258.267
3	22	2	2	653	4	6	11	23	6	1	7	1	0.60910607	23	23259.356	23259.556	23259.556	23259.756	23260.165
3	22	2	2	654	4	6	11	24	4	2	5	1	0.44579269	24	23261.589	23262.189	23262.189	23262.389	23262.635
3	22	2	2	655	4	6	11	25	1	1	2	1	1.3033896	25	23264.22	23264.42	23264.42	23264.62	23265.724
3	22	2	2	656	4	6	11	26	4	2	5	1	0.67664222	26	23266.454	23267.054	23267.054	23267.254	23267.731
3	22	2	2	657	4	6	11	27	5	2	6	1	0.79248043	27	23269.09	23269.69	23269.69	23269.89	23270.482
3	22	2	2	658	4	6	11	28	4	1	5	1	1.0642799	28	23271.724	23271.924	23271.924	23272.124	23272.988
3	22	2	2	659	4	6	11	29	4	2	5	1	0.60060156	29	23273.961	23274.561	23274.561	23274.761	23275.162
3	22	2	2	660	4	6	11	30	2	1	3	1	0.68005489	30	23276.596	23276.796	23276.796	23276.996	23277.476
3	22	2	2	661	4	2	12	1	6	1	8	1	0.48594539	1	23306.903	23307.103	23307.103	23307.303	23307.589
3	22	2	2	662	4	2	12	2	5	2	8	1	0.42175372	2	23309.137	23309.737	23309.737	23309.937	23310.158
3	22	2	2	663	4	2	12	3	5	1	8	1	0.40052301	3	23311.771	23311.971	23311.971	23312.171	23312.371
3	22	2	2	664	4	2	12	4	4	2	8	1	0.65570879	4	23314.005	23314.605	23314.605	23314.805	23315.261
3	22	2	2	665	4	2	12	5	1	1	1	1	0.52264222	5	23316.641	23316.841	23316.841	23317.041	23317.363
3	22	2	2	666	4	2	12	6	3	2	1	1	0.38309583	6	23318.875	23319.475	23319.475	23319.675	23319.858
3	22	2	2	667	4	2	12	7	3	2	1	1	0.4212841	7	23321.512	23322.112	23322.112	23322.312	23322.534
3	22	2	2	668	4	2	12	8	2	2	1	1	0.38451349	8	23324.146	23324.746	23324.746	23324.946	23325.131
3	22	2	2	669	4	2	12	9	2	1	1	1	0.39130314	9	23326.781	23326.981	23326.981	23327.181	23327.372
3	22	2	2	670	4	2	12	10	4	2	8	1	0.39125775	10	23329.015	23329.615	23329.615	23329.815	23330.006
3	22	2	2	671	4	2	12	11	6	1	8	1	0.45698807	11	23331.652	23331.852	23331.852	23332.052	23332.309
3	22	2	2	672	4	2	12	12	6	2	8	1	0.39625383	12	23333.887	23334.487	23334.487	23334.687	23334.883
3	22	2	2	673	4	2	12	13	6	1	8	1	0.41841048	13	23336.522	23336.722	23336.722	23336.922	23337.14
3	22	2	2	674	4	2	12	14	4	1	8	1	0.46508646	14	23338.756	23338.956	23338.956	23339.156	23339.421
3	22	2	2	675	4	2	12	15	4	2	8	1	0.39614595	15	23340.99	23341.59	23341.59	23341.79	23341.986
3	22	2	2	676	4	2	12	16	4	1	8	1	0.41721018	16	23343.625	23343.825	23343.825	23344.025	23344.242
3	22	2	2	677	4	2	12	17	6	2	8	1	0.47063753	17	23345.859	23346.459	23346.459	23346.659	23346.93
3	22	2	2	678	4	2	12	18	1	1	1	1	0.41469352	18	23348.495	23348.695	23348.695	23348.895	23349.109
3	22	2	2	679	4	2	12	19	5	2	8	1	0.48048912	19	23350.729	23351.329	23351.329	23351.529	23351.81
3	22	2	2	680	4	2	12	20	2	1	1	1	0.39052052	20	23353.365	23353.565	23353.565	23353.765	23353.955
3	22	2	2	681	4	2	12	21	3	1	1	1	0.44258539	21	23355.6	23355.8	23355.8	23356	23356.243
3	22	2	2	682	4	2	12	22	5	2	8	1	0.3914967	22	23357.839	23358.439	23358.439	23358.639	23358.83
3	22	2	2	683	4	2	12	23	1	1	1	1	0.4721071	23	23360.474	23360.674	23360.674	23360.874	23361.146
3	22	2	2	684	4	2	12	24	1	2	1	1	0.4787292	24	23362.709	23363.309	23363.309	23363.509	23363.788
3	22	2	2	685	4	2	12	25	2	1	1	1	0.36325351	25	23365.344	23365.544	23365.544	23365.744	23365.907
3	22	2	2	686	4	2	12	26	1	2	1	1	0.44997699	26	23367.579	23368.179	23368.179	23368.379	23368.629
3	22	2	2	687	4	2	12	27	5	2	8	1	0.44152353	27	23370.218	23370.818	23370.818	23371.018	23371.259
3	22	2	2	688	4	2	12	28	3	1	1	1	0.6490139	28	23372.853	23373.053	23373.053	23373.253	23373.702
3	22	2	2	689	4	2	12	29	3	2	1	1	0.36366955	29	23375.09	23375.69	23375.69	23375.89	23376.053
3	22	2	2	690	4	2	12	30	2	1	1	1	0.37728068	30	23377.725	23377.925	23377.925	23378.125	23378.302
3	22	2	2	691	4	6	12	1	2	1	3	1	0.60911582	1	23408.034	23408.234	23408.234	23408.434	23408.843
3	22	2	2	692	4	6	12	2	6	2	7	1	1.46361	2	23410.269	23410.869	23410.869	23411.069	23412.333
3	22	2	2	693	4	6	12	3	3	1	4	1	0.69097022	3	23412.904	23413.104	23413.104	23413.304	23413.795
3	22	2	2	694	4	6	12	4	3	2	4	1	0.47020759	4	23415.14	23415.74	23415.74	23415.94	23416.21
3	22	2	2	695	4	6	12	5	5	1	6	1	1.0335577	5	23417.779	23417.979	23417.979	23418.179	23419.012
3	22	2	2	696	4	6	12	6	1	2	2	1	0.86157893	6	23420.014	23420.614	23420.614	23420.814	23421.476
3	22	2	2	697	4	6	12	7	4	2	5	1	0.79975245	7	23422.651	23423.251	23423.251	23423.451	23424.05
3	22	2	2	698	4	6	12	8	3	2	4	1	0.80725509	8	23425.286	23425.886	23425.886	23426.086	23426.693
3	22	2	2	699	4	6	12	9	6	1	7	1	1.1123565	9	23427.922	23428.122	23428.122	23428.322	23429.234
3	22	2	2	700	4	6	12	10	4	2	5	1	0.92765273	10	23430.158	23430.758	23430.758	23430.958	23431.686
3	22	2	2	701	4	6	12	11	3	1	4	1	0.77634748	11	23432.798	23432.998	23432.998	23433.198	23433.774
3	22	2	2	702	4	6	12	12	2	2	3	1	1.5727417	12	23435.034	23435.634	23435.634	23435.834	23437.206
3	22	2	2	703	4	6	12	13	4	1	5	1	0.92904849	13	23437.669	23437.869	23437.869	23438.07	23438.799
3	22	2	2	704	4	6	12	14	1	1	2	1	0.74712428	14	23439.905	23440.105	23440.105	23440.305	23440.852
3	22	2	2	705	4	6	12	15	6	2	0	0	-23442.74	14	23442.14	23442.74	23442.74	23442.94	0
3	22	2	2	706	4	6	12	16	5	1	6	1	1.8448192	15	23444.784	23444.984	23444.984	23445.184	23446.829
3	22	2	2	707	4	6	12	17	2	2	3	1	0.90415661	16	23447.02	23447.62	23447.62	23447.82	23448.524
3	22	2	2	708	4	6	12	18	2	1	3	1	0.47324956	17	23449.656	23449.856	23449.856	23450.056	23450.33
3	22	2	2	709	4	6	12	19	5	2	6	1	0.83852287	18	23451.895	23452.495	23452.495	23452.695	23453.334
3	22	2	2	710	4	6	12	20	3	1	4	1	0.58585708	19	23454.532	23454.732	23454.732	23454.932	23455.318
3	22	2	2	711	4	6	12	21	4	1	5	1	0.73792685	20	23456.768	23456.968	23456.968	23457.168	23457.706
3	22	2	2	712	4	6	12	22	4	2	5	1	0.38108127	21	23459.005	23459.605	23459.605	23459.805	23459.986
3	22	2	2	713	4	6	12	23	1	1	2	1	0.86100289	22	23461.641	23461.841	23461.841	23462.041	23462.702
3	22	2	2	714	4	6	12	24	1	2	2	1	0.42694277	23	23463.879	23464.479	23464.479	23464.679	23464.906
3	22	2	2	715	4	6	12	25	1	1	2	1	0.41686949	24	23466.515	23466.715	23466.715	23466.915	23467.132
3	22	2	2	716	4	6	12	26	5	2	6	1	1.4940015	25	23468.752	23469.352	23469.352	23469.552	23470.846
3	22	2	2	717	4	6	12	27	6	2	7	1	1.1991774	26	23471.388	23471.988	23471.988	23472.188	23473.187
3	22	2	2	718	4	6	12	28	5	1	6	1	0.51475434	27	23474.025	23474.225	23474.225	23474.425	23474.739
3	22	2	2	719	4	6	12	29	2	2	3	1	0.83955857	28	23476.261	23476.861	23476.861	23477.061	23477.701
3	22	2	2	720	4	6	12	30	6	1	7	1	0.66159208	29	23478.899	23479.099	23479.099	23479.299	23479.761
