3	7	2	5	6	0	1	4	0	0	0	0	0	0	0	0	0	0	0	0
3	39	2	1	1	1	6	1	1	5	1	6	1	1.5942519	1	18306.74	18306.94	18306.94	18307.141	18308.535
3	39	2	1	2	1	6	1	2	5	1	6	1	0.77228859	2	18308.955	18309.155	18309.155	18309.356	18309.928
3	39	2	1	3	1	6	1	3	2	2	3	1	1.5970888	3	18311.164	18311.764	18311.764	18311.964	18313.361
3	39	2	1	4	1	6	1	4	2	2	3	1	0.65502997	4	18313.77	18314.37	18314.37	18314.571	18315.026
3	39	2	1	5	1	6	1	5	4	1	5	1	1.1829133	5	18316.377	18316.577	18316.577	18316.777	18317.759
3	39	2	1	6	1	6	1	6	6	1	7	1	1.0465692	6	18318.582	18318.782	18318.782	18318.983	18319.829
3	39	2	1	7	1	6	1	7	2	2	3	1	1.1473296	7	18320.788	18321.388	18321.388	18321.588	18322.535
3	39	2	1	8	1	6	1	8	6	1	7	1	1.1139834	8	18323.394	18323.594	18323.594	18323.794	18324.708
3	39	2	1	9	1	6	1	9	1	1	2	1	0.90969999	9	18325.599	18325.799	18325.799	18325.999	18326.709
3	39	2	1	10	1	6	1	10	6	2	7	1	1.2272451	10	18327.805	18328.405	18328.405	18328.605	18329.633
3	39	2	1	11	1	6	1	11	1	2	2	1	0.9788206	11	18330.445	18331.045	18331.045	18331.245	18332.024
3	39	2	1	12	1	6	1	12	3	2	4	1	1.3281385	12	18333.054	18333.654	18333.654	18333.854	18334.983
3	39	2	1	13	1	6	1	13	3	1	4	1	0.72462251	13	18335.66	18335.86	18335.86	18336.06	18336.585
3	39	2	1	14	1	6	1	14	3	2	4	1	0.73452166	14	18337.866	18338.466	18338.466	18338.666	18339.2
3	39	2	1	15	1	6	1	15	5	1	0	0	-18340.671	14	18340.471	18340.671	18340.671	18340.872	0
3	39	2	1	16	1	6	1	16	4	2	5	1	1.0604206	15	18342.978	18343.578	18343.578	18343.778	18344.638
3	39	2	1	17	1	6	1	17	1	2	2	1	1.1804189	16	18345.584	18346.184	18346.184	18346.384	18347.364
3	39	2	1	18	1	6	1	18	6	1	7	1	1.3788529	17	18348.19	18348.39	18348.39	18348.59	18349.768
3	39	2	1	19	1	6	1	19	5	1	0	0	-18350.596	17	18350.396	18350.596	18350.596	18350.796	0
3	39	2	1	20	1	6	1	20	4	2	5	1	1.0341195	18	18352.902	18353.502	18353.502	18353.702	18354.536
3	39	2	1	21	1	6	1	21	4	2	5	1	0.70623308	19	18355.508	18356.108	18356.108	18356.308	18356.814
3	39	2	1	22	1	6	1	22	2	2	3	1	1.0621944	20	18358.114	18358.714	18358.714	18358.914	18359.776
3	39	2	1	23	1	6	1	23	4	2	5	1	1.0313665	21	18360.722	18361.322	18361.322	18361.522	18362.354
3	39	2	1	24	1	6	1	24	2	2	3	1	1.2941786	22	18363.329	18363.929	18363.929	18364.129	18365.223
3	39	2	1	25	1	6	1	25	1	1	2	1	0.81443975	23	18365.935	18366.135	18366.135	18366.335	18366.949
3	39	2	1	26	1	6	1	26	1	1	2	1	0.68294667	24	18368.141	18368.341	18368.341	18368.541	18369.024
3	39	2	1	27	1	6	1	27	3	1	4	1	1.993291	25	18370.348	18370.548	18370.548	18370.748	18372.541
3	39	2	1	28	1	6	1	28	3	1	4	1	0.78640369	26	18372.556	18372.756	18372.756	18372.956	18373.542
3	39	2	1	29	1	6	1	29	5	1	0	0	-18374.962	26	18374.762	18374.962	18374.962	18375.162	0
3	39	2	1	30	1	6	1	30	6	2	0	0	-18377.869	26	18377.269	18377.869	18377.869	18378.069	0
3	39	2	1	31	1	2	1	1	1	1	1	1	0.98334285	1	18394.872	18395.072	18395.072	18395.272	18396.055
3	39	2	1	32	1	2	1	2	4	1	8	1	0.61287284	2	18397.082	18397.282	18397.282	18397.482	18397.895
3	39	2	1	33	1	2	1	3	3	2	1	1	0.61193481	3	18399.29	18399.89	18399.89	18400.09	18400.502
3	39	2	1	34	1	2	1	4	5	2	8	1	0.60644647	4	18401.899	18402.499	18402.499	18402.699	18403.105
3	39	2	1	35	1	2	1	5	1	1	1	1	0.58936155	5	18404.505	18404.705	18404.705	18404.906	18405.295
3	39	2	1	36	1	2	1	6	5	1	8	1	0.59011719	6	18406.712	18406.912	18406.912	18407.112	18407.502
3	39	2	1	37	1	2	1	7	1	2	1	1	0.56858458	7	18408.919	18409.519	18409.519	18409.719	18410.087
3	39	2	1	38	1	2	1	8	6	1	8	1	0.4793713	8	18411.535	18411.735	18411.735	18411.935	18412.215
3	39	2	1	39	1	2	1	9	5	1	8	1	0.61907307	9	18413.742	18413.942	18413.942	18414.142	18414.561
3	39	2	1	40	1	2	1	10	5	2	8	1	0.45256977	10	18415.949	18416.549	18416.549	18416.749	18417.002
3	39	2	1	41	1	2	1	11	4	2	8	1	0.47777564	11	18418.556	18419.156	18419.156	18419.356	18419.634
3	39	2	1	42	1	2	1	12	5	2	8	1	0.41141088	12	18421.163	18421.763	18421.763	18421.963	18422.174
3	39	2	1	43	1	2	1	13	2	1	1	1	0.57170456	13	18423.77	18423.97	18423.97	18424.17	18424.542
3	39	2	1	44	1	2	1	14	3	2	1	1	0.53381516	14	18425.977	18426.577	18426.577	18426.777	18427.111
3	39	2	1	45	1	2	1	15	3	1	1	1	0.3842741	15	18428.584	18428.784	18428.784	18428.984	18429.169
3	39	2	1	46	1	2	1	16	6	2	8	1	0.59597186	16	18430.792	18431.392	18431.392	18431.592	18431.988
3	39	2	1	47	1	2	1	17	6	2	8	1	0.55220751	17	18433.399	18433.999	18433.999	18434.199	18434.551
3	39	2	1	48	1	2	1	18	4	1	8	1	0.41585805	18	18436.006	18436.206	18436.206	18436.406	18436.622
3	39	2	1	49	1	2	1	19	1	1	8	0	0.49691466	18	18438.214	18438.414	18438.414	18438.614	18438.911
3	39	2	1	50	1	2	1	20	2	2	1	1	0.58455141	19	18440.729	18441.329	18441.329	18441.529	18441.914
3	39	2	1	51	1	2	1	21	3	2	1	1	0.51458394	20	18443.339	18443.939	18443.939	18444.14	18444.454
3	39	2	1	52	1	2	1	22	2	2	1	1	0.4273038	21	18445.947	18446.547	18446.547	18446.747	18446.974
3	39	2	1	53	1	2	1	23	6	2	8	1	0.55719907	22	18448.555	18449.155	18449.155	18449.355	18449.712
3	39	2	1	54	1	2	1	24	4	2	8	1	0.42056744	23	18451.162	18451.762	18451.762	18451.962	18452.182
3	39	2	1	55	1	2	1	25	2	1	1	1	0.74102809	24	18453.769	18453.97	18453.97	18454.17	18454.711
3	39	2	1	56	1	2	1	26	2	1	1	1	0.70037004	25	18455.977	18456.177	18456.177	18456.377	18456.877
3	39	2	1	57	1	2	1	27	4	1	8	1	0.67837266	26	18458.185	18458.385	18458.385	18458.585	18459.063
3	39	2	1	58	1	2	1	28	3	1	1	1	1.2157603	27	18460.392	18460.592	18460.592	18460.792	18461.808
3	39	2	1	59	1	2	1	29	1	1	1	1	0.58039395	28	18462.6	18462.8	18462.8	18463	18463.38
3	39	2	1	60	1	2	1	30	6	2	8	1	0.59129496	29	18464.808	18465.408	18465.408	18465.608	18465.999
3	39	2	1	61	1	6	2	1	1	1	2	1	1.196699	30	18495.329	18495.529	18495.529	18495.729	18496.726
3	39	2	1	62	1	6	2	2	4	1	4	1	1.2944053	31	18497.537	18497.737	18497.737	18497.937	18499.031
3	39	2	1	63	1	6	2	3	3	2	4	1	1.3177143	32	18499.745	18500.345	18500.345	18500.545	18501.662
3	39	2	1	64	1	6	2	4	5	2	6	1	1.540544	33	18502.353	18502.953	18502.953	18503.153	18504.493
3	39	2	1	65	1	6	2	5	1	1	2	1	0.8877568	34	18504.961	18505.161	18505.161	18505.361	18506.049
3	39	2	1	66	1	6	2	6	5	1	6	1	0.87080979	35	18507.169	18507.369	18507.369	18507.569	18508.24
3	39	2	1	67	1	6	2	7	1	2	2	1	1.0075483	36	18509.377	18509.977	18509.977	18510.177	18510.984
3	39	2	1	68	1	6	2	8	6	1	7	1	1.3375761	37	18511.984	18512.184	18512.184	18512.384	18513.522
3	39	2	1	69	1	6	2	9	5	1	6	1	0.78243878	38	18514.192	18514.392	18514.392	18514.592	18515.175
3	39	2	1	70	1	6	2	10	5	2	6	1	0.65472101	39	18516.401	18517.001	18517.001	18517.201	18517.655
3	39	2	1	71	1	6	2	11	4	2	5	1	1.0480348	40	18519.009	18519.609	18519.609	18519.809	18520.657
3	39	2	1	72	1	6	2	12	5	2	6	1	0.95525648	41	18521.618	18522.218	18522.218	18522.418	18523.173
3	39	2	1	73	1	6	2	13	2	1	3	1	0.93543721	42	18524.226	18524.426	18524.426	18524.626	18525.362
3	39	2	1	74	1	6	2	14	3	2	4	1	0.77333029	43	18526.434	18527.034	18527.034	18527.234	18527.808
3	39	2	1	75	1	6	2	15	3	1	4	1	0.57288688	44	18529.043	18529.243	18529.243	18529.443	18529.816
3	39	2	1	76	1	6	2	16	6	2	7	1	1.2748953	45	18531.251	18531.851	18531.851	18532.051	18533.126
3	39	2	1	77	1	6	2	17	6	2	7	1	0.53918311	46	18533.86	18534.46	18534.46	18534.66	18534.999
3	39	2	1	78	1	6	2	18	4	1	5	1	0.87263137	47	18536.469	18536.669	18536.669	18536.869	18537.541
3	39	2	1	79	1	6	2	19	1	1	2	1	0.90860281	48	18538.677	18538.877	18538.877	18539.077	18539.786
3	39	2	1	80	1	6	2	20	2	2	3	1	1.0548727	49	18540.885	18541.485	18541.485	18541.685	18542.54
3	39	2	1	81	1	6	2	21	3	2	4	1	0.91453839	50	18543.495	18544.096	18544.096	18544.296	18545.01
3	39	2	1	82	1	6	2	22	2	2	3	1	1.1256761	51	18546.104	18546.704	18546.704	18546.904	18547.83
3	39	2	1	83	1	6	2	23	6	2	7	1	1.6128061	52	18548.713	18549.313	18549.313	18549.513	18550.925
3	39	2	1	84	1	6	2	24	4	2	5	1	0.84525645	53	18551.321	18551.921	18551.921	18552.121	18552.766
3	39	2	1	85	1	6	2	25	2	1	6	0	0.71932729	53	18553.93	18554.13	18554.13	18554.33	18554.849
3	39	2	1	86	1	6	2	26	2	1	3	1	1.3216873	54	18556.453	18556.653	18556.653	18556.853	18557.975
3	39	2	1	87	1	6	2	27	4	1	5	1	0.98757908	55	18558.693	18558.893	18558.893	18559.093	18559.88
3	39	2	1	88	1	6	2	28	3	1	4	1	1.0067878	56	18560.901	18561.101	18561.101	18561.301	18562.108
3	39	2	1	89	1	6	2	29	1	1	2	1	0.74533603	57	18563.11	18563.31	18563.31	18563.51	18564.055
3	39	2	1	90	1	6	2	30	6	2	3	0	1.7259122	57	18565.32	18565.92	18565.92	18566.12	18567.646
3	39	2	1	91	1	2	2	1	3	1	1	1	0.61186179	1	18587.72	18587.92	18587.92	18588.12	18588.532
3	39	2	1	92	1	2	2	2	2	1	1	1	0.49114882	2	18589.929	18590.129	18590.129	18590.329	18590.621
3	39	2	1	93	1	2	2	3	2	2	1	1	0.50039394	3	18592.139	18592.739	18592.739	18592.939	18593.239
3	39	2	1	94	1	2	2	4	2	2	1	1	0.52279195	4	18594.748	18595.348	18595.348	18595.548	18595.871
3	39	2	1	95	1	2	2	5	5	1	8	1	0.65085169	5	18597.357	18597.557	18597.557	18597.757	18598.208
3	39	2	1	96	1	2	2	6	3	1	1	1	0.60841923	6	18599.567	18599.767	18599.767	18599.967	18600.375
3	39	2	1	97	1	2	2	7	1	2	1	1	0.55779706	7	18601.776	18602.376	18602.376	18602.576	18602.934
3	39	2	1	98	1	2	2	8	6	1	8	1	0.69591857	8	18604.386	18604.586	18604.586	18604.786	18605.282
3	39	2	1	99	1	2	2	9	4	1	8	1	0.64408569	9	18606.596	18606.796	18606.796	18606.996	18607.44
3	39	2	1	100	1	2	2	10	6	2	8	1	0.60334484	10	18608.806	18609.406	18609.406	18609.606	18610.01
3	39	2	1	101	1	2	2	11	6	2	8	1	0.49586725	11	18611.415	18612.015	18612.015	18612.215	18612.511
3	39	2	1	102	1	2	2	12	1	2	1	1	0.50942653	12	18614.025	18614.625	18614.625	18614.825	18615.134
3	39	2	1	103	1	2	2	13	2	1	1	1	0.52947995	13	18616.637	18616.837	18616.837	18617.037	18617.366
3	39	2	1	104	1	2	2	14	5	2	8	1	0.87490487	14	18618.847	18619.447	18619.447	18619.647	18620.322
3	39	2	1	105	1	2	2	15	5	1	8	1	0.64485667	15	18621.457	18621.657	18621.657	18621.857	18622.301
3	39	2	1	106	1	2	2	16	5	2	8	1	0.61060283	16	18623.666	18624.266	18624.266	18624.466	18624.877
3	39	2	1	107	1	2	2	17	6	2	8	1	0.74933057	17	18626.275	18626.875	18626.875	18627.075	18627.625
3	39	2	1	108	1	2	2	18	1	1	1	1	0.77122746	18	18628.885	18629.085	18629.085	18629.285	18629.856
3	39	2	1	109	1	2	2	19	1	1	1	1	0.75159206	19	18631.095	18631.295	18631.295	18631.495	18632.046
3	39	2	1	110	1	2	2	20	3	2	1	1	0.54233893	20	18633.304	18633.904	18633.904	18634.104	18634.447
3	39	2	1	111	1	2	2	21	4	2	8	1	0.55020902	21	18635.914	18636.514	18636.514	18636.714	18637.065
3	39	2	1	112	1	2	2	22	4	2	8	1	0.493003	22	18638.523	18639.123	18639.124	18639.324	18639.617
3	39	2	1	113	1	2	2	23	1	2	1	1	0.77867436	23	18641.134	18641.734	18641.734	18641.934	18642.512
3	39	2	1	114	1	2	2	24	3	2	1	1	0.55021539	24	18643.747	18644.347	18644.347	18644.547	18644.897
3	39	2	1	115	1	2	2	25	3	1	1	1	0.58498223	25	18646.357	18646.557	18646.557	18646.757	18647.142
3	39	2	1	116	1	2	2	26	4	1	8	1	0.77670396	26	18648.567	18648.767	18648.767	18648.967	18649.543
3	39	2	1	117	1	2	2	27	5	1	8	1	0.50939961	27	18650.777	18650.977	18650.977	18651.177	18651.486
3	39	2	1	118	1	2	2	28	4	1	8	1	0.52197929	28	18652.987	18653.187	18653.187	18653.387	18653.709
3	39	2	1	119	1	2	2	29	2	1	1	1	0.91446669	29	18655.197	18655.397	18655.397	18655.597	18656.312
3	39	2	1	120	1	2	2	30	6	2	8	1	0.61604179	30	18657.407	18658.007	18658.007	18658.207	18658.624
3	39	2	1	121	1	6	3	1	3	1	5	0	1.3028944	30	18679.599	18679.799	18679.799	18679.999	18681.101
3	39	2	1	122	1	6	3	2	2	1	3	1	1.2556792	31	18682.12	18682.32	18682.32	18682.52	18683.576
3	39	2	1	123	1	6	3	3	2	2	3	1	0.83327989	32	18684.332	18684.932	18684.932	18685.132	18685.766
3	39	2	1	124	1	6	3	4	2	2	3	1	0.62216588	33	18686.943	18687.543	18687.543	18687.743	18688.165
3	39	2	1	125	1	6	3	5	5	1	6	1	1.3744838	34	18689.553	18689.753	18689.753	18689.953	18691.128
3	39	2	1	126	1	6	3	6	3	1	4	1	1.5345175	35	18691.764	18691.964	18691.964	18692.164	18693.499
3	39	2	1	127	1	6	3	7	1	2	2	1	0.77694712	36	18693.975	18694.575	18694.575	18694.775	18695.352
3	39	2	1	128	1	6	3	8	6	1	7	1	1.299968	37	18696.585	18696.785	18696.785	18696.985	18698.085
3	39	2	1	129	1	6	3	9	4	1	5	1	0.98608542	38	18698.796	18698.996	18698.996	18699.196	18699.982
3	39	2	1	130	1	6	3	10	6	2	7	1	1.9987495	39	18701.007	18701.607	18701.607	18701.807	18703.606
3	39	2	1	131	1	6	3	11	6	2	7	1	0.71484062	40	18703.619	18704.219	18704.219	18704.419	18704.933
3	39	2	1	132	1	6	3	12	1	2	2	1	0.92036697	41	18706.229	18706.829	18706.829	18707.029	18707.75
3	39	2	1	133	1	6	3	13	2	1	3	1	1.0461015	42	18708.843	18709.043	18709.043	18709.243	18710.089
3	39	2	1	134	1	6	3	14	5	2	6	1	1.6104735	43	18711.054	18711.654	18711.654	18711.854	18713.265
3	39	2	1	135	1	6	3	15	5	1	6	1	0.57447787	44	18713.665	18713.865	18713.865	18714.065	18714.439
3	39	2	1	136	1	6	3	16	5	2	6	1	0.64443313	45	18715.875	18716.475	18716.475	18716.675	18717.12
3	39	2	1	137	1	6	3	17	6	2	7	1	1.9991097	46	18718.486	18719.087	18719.087	18719.287	18721.086
3	39	2	1	138	1	6	3	18	1	1	2	1	0.82657656	47	18721.099	18721.299	18721.299	18721.499	18722.126
3	39	2	1	139	1	6	3	19	1	1	2	1	0.65579364	48	18723.31	18723.51	18723.51	18723.71	18724.166
3	39	2	1	140	1	6	3	20	3	2	4	1	1.2874856	49	18725.522	18726.122	18726.122	18726.322	18727.41
3	39	2	1	141	1	6	3	21	4	2	5	1	0.70629339	50	18728.133	18728.733	18728.733	18728.933	18729.44
3	39	2	1	142	1	6	3	22	4	2	5	1	0.5968671	51	18730.745	18731.345	18731.345	18731.545	18731.942
3	39	2	1	143	1	6	3	23	1	2	2	1	1.0668018	52	18733.357	18733.958	18733.958	18734.158	18735.024
3	39	2	1	144	1	6	3	24	3	2	4	1	1.3044867	53	18735.969	18736.569	18736.569	18736.769	18737.873
3	39	2	1	145	1	6	3	25	3	1	4	1	0.82548467	54	18738.58	18738.78	18738.78	18738.98	18739.605
3	39	2	1	146	1	6	3	26	4	1	5	1	0.74500728	55	18740.791	18740.991	18740.991	18741.191	18741.736
3	39	2	1	147	1	6	3	27	5	1	6	1	1.4374786	56	18743.002	18743.202	18743.202	18743.402	18744.639
3	39	2	1	148	1	6	3	28	4	1	5	1	1.220789	57	18745.213	18745.413	18745.413	18745.613	18746.633
3	39	2	1	149	1	6	3	29	2	1	3	1	1.222684	58	18747.424	18747.624	18747.624	18747.824	18748.846
3	39	2	1	150	1	6	3	30	6	2	7	1	1.8031684	59	18749.635	18750.235	18750.235	18750.435	18752.038
3	39	2	1	151	1	2	3	1	2	1	1	1	1.0324789	1	18762.55	18762.75	18762.75	18762.95	18763.783
3	39	2	1	152	1	2	3	2	3	1	1	1	0.5168209	2	18764.762	18764.962	18764.962	18765.163	18765.479
3	39	2	1	153	1	2	3	3	5	2	8	1	0.76259496	3	18766.974	18767.574	18767.574	18767.774	18768.336
3	39	2	1	154	1	2	3	4	3	2	1	1	0.5659226	4	18769.586	18770.186	18770.186	18770.386	18770.751
3	39	2	1	155	1	2	3	5	6	1	8	1	0.58704454	5	18772.197	18772.397	18772.397	18772.597	18772.984
3	39	2	1	156	1	2	3	6	5	1	8	1	0.43559367	6	18774.409	18774.609	18774.609	18774.809	18775.045
3	39	2	1	157	1	2	3	7	3	2	1	1	0.74542761	7	18776.621	18777.221	18777.221	18777.421	18777.966
3	39	2	1	158	1	2	3	8	6	1	8	1	0.66956195	8	18779.233	18779.433	18779.433	18779.633	18780.102
3	39	2	1	159	1	2	3	9	1	1	1	1	0.88369334	9	18781.445	18781.645	18781.645	18781.845	18782.528
3	39	2	1	160	1	2	3	10	2	2	1	1	0.53794498	10	18783.66	18784.26	18784.26	18784.46	18784.798
3	39	2	1	161	1	2	3	11	4	2	8	1	0.59138041	11	18786.272	18786.872	18786.872	18787.072	18787.463
3	39	2	1	162	1	2	3	12	1	2	1	1	0.72391705	12	18788.884	18789.484	18789.484	18789.684	18790.208
3	39	2	1	163	1	2	3	13	4	1	8	1	0.99020651	13	18791.496	18791.696	18791.696	18791.896	18792.686
3	39	2	1	164	1	2	3	14	5	2	8	1	0.78842866	14	18793.708	18794.308	18794.308	18794.508	18795.097
3	39	2	1	165	1	2	3	15	3	1	1	1	0.61768444	15	18796.32	18796.52	18796.52	18796.72	18797.138
3	39	2	1	166	1	2	3	16	4	2	8	1	0.81685583	16	18798.532	18799.132	18799.132	18799.332	18799.949
3	39	2	1	167	1	2	3	17	3	2	1	1	1.012444	17	18801.145	18801.745	18801.745	18801.945	18802.757
3	39	2	1	168	1	2	3	18	2	1	1	1	0.59613624	18	18803.757	18803.957	18803.957	18804.157	18804.553
3	39	2	1	169	1	2	3	19	1	1	1	1	0.63643645	19	18805.969	18806.169	18806.169	18806.369	18806.805
3	39	2	1	170	1	2	3	20	6	2	8	1	0.66814028	20	18808.185	18808.785	18808.785	18808.985	18809.453
3	39	2	1	171	1	2	3	21	6	2	8	1	0.58635333	21	18810.797	18811.397	18811.397	18811.597	18811.984
3	39	2	1	172	1	2	3	22	5	2	8	1	0.7354288	22	18813.41	18814.01	18814.01	18814.21	18814.745
3	39	2	1	173	1	2	3	23	2	2	1	1	0.66442223	23	18816.024	18816.624	18816.624	18816.824	18817.288
3	39	2	1	174	1	2	3	24	1	2	1	1	0.53205555	24	18818.636	18819.236	18819.236	18819.436	18819.768
3	39	2	1	175	1	2	3	25	4	1	8	1	0.597296	25	18821.248	18821.448	18821.448	18821.648	18822.045
3	39	2	1	176	1	2	3	26	4	1	8	1	0.48150969	26	18823.46	18823.66	18823.66	18823.86	18824.142
3	39	2	1	177	1	2	3	27	1	1	1	1	0.44775922	27	18825.672	18825.872	18825.872	18826.072	18826.32
3	39	2	1	178	1	2	3	28	5	1	8	1	0.55243003	28	18827.885	18828.085	18828.085	18828.285	18828.637
3	39	2	1	179	1	2	3	29	6	1	8	1	0.42331908	29	18830.097	18830.297	18830.297	18830.497	18830.721
3	39	2	1	180	1	2	3	30	2	2	1	1	0.76089893	30	18832.31	18832.91	18832.91	18833.11	18833.671
3	39	2	1	181	2	6	4	1	2	1	3	1	1.4421841	31	19274.885	19275.085	19275.085	19275.285	19276.528
3	39	2	1	182	2	6	4	2	3	1	4	1	1.4667908	32	19277.099	19277.299	19277.299	19277.499	19278.766
3	39	2	1	183	2	6	4	3	5	2	6	1	1.2067906	33	19279.311	19279.911	19279.911	19280.111	19281.118
3	39	2	1	184	2	6	4	4	3	2	4	1	1.1657848	34	19281.924	19282.524	19282.524	19282.724	19283.69
3	39	2	1	185	2	6	4	5	6	1	7	1	1.2567141	35	19284.537	19284.737	19284.737	19284.937	19285.994
3	39	2	1	186	2	6	4	6	5	1	6	1	1.1279826	36	19286.749	19286.949	19286.949	19287.149	19288.077
3	39	2	1	187	2	6	4	7	3	2	4	1	1.116165	37	19288.962	19289.562	19289.562	19289.762	19290.679
3	39	2	1	188	2	6	4	8	6	1	7	1	1.5922818	38	19291.575	19291.775	19291.775	19291.975	19293.368
3	39	2	1	189	2	6	4	9	1	1	2	1	0.71465075	39	19293.789	19293.989	19293.989	19294.189	19294.703
3	39	2	1	190	2	6	4	10	2	2	3	1	0.95527723	40	19296.002	19296.602	19296.602	19296.802	19297.558
3	39	2	1	191	2	6	4	11	4	2	5	1	0.91405655	41	19298.615	19299.215	19299.215	19299.415	19300.129
3	39	2	1	192	2	6	4	12	1	2	2	1	0.91425595	42	19301.228	19301.828	19301.828	19302.028	19302.743
3	39	2	1	193	2	6	4	13	4	1	5	1	0.85042755	43	19303.843	19304.043	19304.043	19304.243	19304.893
3	39	2	1	194	2	6	4	14	5	2	6	1	1.2562285	44	19306.056	19306.656	19306.656	19306.856	19307.912
3	39	2	1	195	2	6	4	15	3	1	4	1	1.1070533	45	19308.668	19308.868	19308.868	19309.068	19309.975
3	39	2	1	196	2	6	4	16	4	2	5	1	0.88404545	46	19310.881	19311.481	19311.481	19311.681	19312.365
3	39	2	1	197	2	6	4	17	3	2	4	1	1.2972538	47	19313.494	19314.094	19314.094	19314.294	19315.392
3	39	2	1	198	2	6	4	18	2	1	3	1	0.89931165	48	19316.109	19316.309	19316.309	19316.509	19317.208
3	39	2	1	199	2	6	4	19	1	1	2	1	0.8398148	49	19318.322	19318.522	19318.522	19318.722	19319.362
3	39	2	1	200	2	6	4	20	6	2	7	1	1.0715594	50	19320.535	19321.135	19321.135	19321.335	19322.207
3	39	2	1	201	2	6	4	21	6	2	7	1	0.76309831	51	19323.149	19323.749	19323.749	19323.949	19324.512
3	39	2	1	202	2	6	4	22	5	2	6	1	1.7379889	52	19325.763	19326.363	19326.363	19326.563	19328.101
3	39	2	1	203	2	6	4	23	2	2	3	1	1.0704171	53	19328.377	19328.977	19328.977	19329.177	19330.047
3	39	2	1	204	2	6	4	24	1	2	2	1	0.72765666	54	19330.99	19331.59	19331.59	19331.79	19332.318
3	39	2	1	205	2	6	4	25	4	1	5	1	0.93334523	55	19333.604	19333.804	19333.804	19334.004	19334.737
3	39	2	1	206	2	6	4	26	4	1	5	1	0.59918579	56	19335.817	19336.017	19336.017	19336.217	19336.616
3	39	2	1	207	2	6	4	27	1	1	2	1	1.1851637	57	19338.031	19338.231	19338.231	19338.431	19339.416
3	39	2	1	208	2	6	4	28	5	1	6	1	1.0175779	58	19340.244	19340.444	19340.444	19340.644	19341.462
3	39	2	1	209	2	6	4	29	6	1	7	1	1.5077755	59	19342.459	19342.659	19342.659	19342.859	19344.166
3	39	2	1	210	2	6	4	30	2	2	3	1	1.0069784	60	19344.672	19345.272	19345.272	19345.472	19346.279
3	39	2	1	211	2	2	4	1	2	1	1	1	1.0467682	1	19375.814	19376.014	19376.014	19376.214	19377.061
3	39	2	1	212	2	2	4	2	3	1	1	1	0.66656076	2	19378.028	19378.228	19378.228	19378.428	19378.894
3	39	2	1	213	2	2	4	3	1	2	1	1	0.49370102	3	19380.241	19380.841	19380.841	19381.041	19381.335
3	39	2	1	214	2	2	4	4	3	2	1	1	0.46155312	4	19382.855	19383.455	19383.455	19383.655	19383.917
3	39	2	1	215	2	2	4	5	1	1	1	1	0.52385256	5	19385.475	19385.675	19385.675	19385.875	19386.199
3	39	2	1	216	2	2	4	6	6	1	8	1	0.69645785	6	19387.689	19387.889	19387.889	19388.089	19388.586
3	39	2	1	217	2	2	4	7	5	2	8	1	0.40835393	7	19389.903	19390.503	19390.503	19390.703	19390.912
3	39	2	1	218	2	2	4	8	2	1	1	1	0.8270682	8	19392.518	19392.718	19392.718	19392.918	19393.545
3	39	2	1	219	2	2	4	9	2	1	1	1	0.72224693	9	19394.732	19394.932	19394.932	19395.132	19395.654
3	39	2	1	220	2	2	4	10	6	2	8	1	0.64536636	10	19396.946	19397.546	19397.546	19397.746	19398.191
3	39	2	1	221	2	2	4	11	2	2	1	1	0.87247578	11	19399.561	19400.161	19400.161	19400.361	19401.033
3	39	2	1	222	2	2	4	12	2	2	1	1	0.5286047	12	19402.175	19402.775	19402.775	19402.975	19403.304
3	39	2	1	223	2	2	4	13	1	1	1	1	0.65780795	13	19404.79	19404.99	19404.99	19405.19	19405.648
3	39	2	1	224	2	2	4	14	5	2	8	1	0.60962961	14	19407.005	19407.605	19407.605	19407.805	19408.214
3	39	2	1	225	2	2	4	15	4	1	8	1	0.40622697	15	19409.619	19409.819	19409.819	19410.019	19410.225
3	39	2	1	226	2	2	4	16	6	2	8	1	0.69671492	16	19411.837	19412.437	19412.437	19412.637	19413.134
3	39	2	1	227	2	2	4	17	6	2	8	1	0.46865139	17	19414.452	19415.052	19415.052	19415.252	19415.521
3	39	2	1	228	2	2	4	18	3	1	1	1	0.67731364	18	19417.067	19417.267	19417.267	19417.467	19417.944
3	39	2	1	229	2	2	4	19	6	1	8	1	0.55838503	19	19419.282	19419.482	19419.482	19419.682	19420.04
3	39	2	1	230	2	2	4	20	4	2	8	1	0.4304335	20	19421.496	19422.096	19422.096	19422.296	19422.527
3	39	2	1	231	2	2	4	21	1	2	1	1	1.0564766	21	19424.111	19424.711	19424.711	19424.911	19425.767
3	39	2	1	232	2	2	4	22	4	2	8	1	0.47800179	22	19426.728	19427.328	19427.328	19427.528	19427.806
3	39	2	1	233	2	2	4	23	5	2	8	1	0.69119886	23	19429.342	19429.942	19429.942	19430.142	19430.634
3	39	2	1	234	2	2	4	24	4	2	8	1	0.4899416	24	19431.957	19432.557	19432.557	19432.757	19433.047
3	39	2	1	235	2	2	4	25	4	1	8	1	0.56408756	25	19434.573	19434.773	19434.773	19434.973	19435.337
3	39	2	1	236	2	2	4	26	5	1	8	1	0.59777621	26	19436.787	19436.987	19436.987	19437.187	19437.585
3	39	2	1	237	2	2	4	27	3	1	1	1	0.64292437	27	19439.002	19439.202	19439.202	19439.402	19439.845
3	39	2	1	238	2	2	4	28	5	1	8	1	0.49577641	28	19441.217	19441.417	19441.417	19441.617	19441.913
3	39	2	1	239	2	2	4	29	1	1	1	1	0.80065972	29	19443.432	19443.632	19443.632	19443.832	19444.433
3	39	2	1	240	2	2	4	30	3	2	1	1	0.54194386	30	19445.648	19446.248	19446.248	19446.448	19446.79
3	39	2	1	241	2	6	5	1	2	1	3	1	0.97234896	31	19476.344	19476.544	19476.544	19476.744	19477.517
3	39	2	1	242	2	6	5	2	3	1	4	1	1.0733357	32	19478.56	19478.76	19478.76	19478.96	19479.833
3	39	2	1	243	2	6	5	3	1	2	2	1	0.77639647	33	19480.775	19481.375	19481.375	19481.575	19482.152
3	39	2	1	244	2	6	5	4	3	2	4	1	1.2254469	34	19483.39	19483.99	19483.99	19484.19	19485.216
3	39	2	1	245	2	6	5	5	1	1	2	1	1.0140496	35	19486.007	19486.207	19486.207	19486.407	19487.221
3	39	2	1	246	2	6	5	6	6	1	7	1	1.7056724	36	19488.222	19488.422	19488.423	19488.623	19490.128
3	39	2	1	247	2	6	5	7	5	2	6	1	1.1845781	37	19490.438	19491.038	19491.038	19491.238	19492.222
3	39	2	1	248	2	6	5	8	2	1	3	1	0.79907606	38	19493.054	19493.254	19493.254	19493.454	19494.053
3	39	2	1	249	2	6	5	9	2	1	3	1	0.62803852	39	19495.27	19495.47	19495.47	19495.67	19496.098
3	39	2	1	250	2	6	5	10	6	2	7	1	0.83661848	40	19497.485	19498.085	19498.085	19498.285	19498.921
3	39	2	1	251	2	6	5	11	2	2	3	1	0.87600701	41	19500.101	19500.701	19500.701	19500.901	19501.577
3	39	2	1	252	2	6	5	12	2	2	3	1	0.54719951	42	19502.716	19503.316	19503.316	19503.516	19503.864
3	39	2	1	253	2	6	5	13	1	1	2	1	0.86701659	43	19505.332	19505.532	19505.532	19505.732	19506.399
3	39	2	1	254	2	6	5	14	5	2	6	1	1.4206641	44	19507.548	19508.148	19508.148	19508.348	19509.568
3	39	2	1	255	2	6	5	15	4	1	5	1	0.66625347	45	19510.164	19510.364	19510.364	19510.564	19511.03
3	39	2	1	256	2	6	5	16	6	2	7	1	1.4589261	46	19512.379	19512.979	19512.979	19513.179	19514.438
3	39	2	1	257	2	6	5	17	6	2	7	1	0.5721711	47	19514.995	19515.595	19515.595	19515.795	19516.168
3	39	2	1	258	2	6	5	18	3	1	4	1	0.94778004	48	19517.611	19517.811	19517.811	19518.011	19518.759
3	39	2	1	259	2	6	5	19	6	1	7	1	0.79230978	49	19519.828	19520.028	19520.028	19520.228	19520.82
3	39	2	1	260	2	6	5	20	4	2	5	1	0.94664858	50	19522.044	19522.644	19522.644	19522.844	19523.591
3	39	2	1	261	2	6	5	21	1	2	2	1	0.82440413	51	19524.662	19525.262	19525.262	19525.462	19526.086
3	39	2	1	262	2	6	5	22	4	2	5	1	0.78027958	52	19527.279	19527.879	19527.879	19528.079	19528.659
3	39	2	1	263	2	6	5	23	5	2	3	0	1.1124457	52	19529.895	19530.495	19530.495	19530.695	19531.607
3	39	2	1	264	2	6	5	24	4	2	5	1	1.0710395	53	19532.512	19533.112	19533.112	19533.312	19534.183
3	39	2	1	265	2	6	5	25	4	1	5	1	0.71778788	54	19535.129	19535.329	19535.329	19535.529	19536.046
3	39	2	1	266	2	6	5	26	5	1	6	1	0.60015374	55	19537.345	19537.545	19537.545	19537.745	19538.145
3	39	2	1	267	2	6	5	27	3	1	4	1	1.3984915	56	19539.561	19539.761	19539.761	19539.961	19541.16
3	39	2	1	268	2	6	5	28	5	1	6	1	1.3422427	57	19541.778	19541.978	19541.978	19542.178	19543.32
3	39	2	1	269	2	6	5	29	1	1	2	1	0.9839955	58	19543.995	19544.195	19544.195	19544.395	19545.179
3	39	2	1	270	2	6	5	30	3	2	4	1	1.2186781	59	19546.211	19546.811	19546.811	19547.011	19548.03
3	39	2	1	271	2	2	5	1	4	1	8	1	0.84359621	1	19576.893	19577.093	19577.093	19577.293	19577.936
3	39	2	1	272	2	2	5	2	5	1	8	1	0.47231555	2	19579.11	19579.31	19579.31	19579.51	19579.782
3	39	2	1	273	2	2	5	3	5	2	8	1	0.44813228	3	19581.326	19581.926	19581.926	19582.126	19582.375
3	39	2	1	274	2	2	5	4	3	2	1	1	0.63004827	4	19583.943	19584.543	19584.543	19584.743	19585.173
3	39	2	1	275	2	2	5	5	1	1	1	1	0.56977079	5	19586.56	19586.76	19586.76	19586.96	19587.33
3	39	2	1	276	2	2	5	6	3	1	1	1	0.5674493	6	19588.777	19588.977	19588.977	19589.177	19589.544
3	39	2	1	277	2	2	5	7	3	2	1	1	0.49547682	7	19590.994	19591.594	19591.594	19591.794	19592.089
3	39	2	1	278	2	2	5	8	4	1	8	1	0.54862243	8	19593.61	19593.81	19593.81	19594.01	19594.359
3	39	2	1	279	2	2	5	9	6	1	8	1	0.46799022	9	19595.827	19596.027	19596.027	19596.227	19596.495
3	39	2	1	280	2	2	5	10	5	2	8	1	0.43671076	10	19598.043	19598.643	19598.643	19598.843	19599.08
3	39	2	1	281	2	2	5	11	6	2	8	1	0.51517744	11	19600.66	19601.26	19601.26	19601.46	19601.775
3	39	2	1	282	2	2	5	12	1	2	1	1	0.67279964	12	19603.277	19603.877	19603.877	19604.077	19604.55
3	39	2	1	283	2	2	5	13	2	1	1	1	0.65567983	13	19605.894	19606.094	19606.094	19606.294	19606.75
3	39	2	1	284	2	2	5	14	1	2	1	1	0.63833166	14	19608.111	19608.711	19608.711	19608.911	19609.349
3	39	2	1	285	2	2	5	15	5	1	8	1	0.8226123	15	19610.729	19610.929	19610.929	19611.129	19611.752
3	39	2	1	286	2	2	5	16	2	2	1	1	0.93431994	16	19612.946	19613.546	19613.546	19613.746	19614.48
3	39	2	1	287	2	2	5	17	4	2	8	1	0.92338446	17	19615.563	19616.163	19616.163	19616.363	19617.086
3	39	2	1	288	2	2	5	18	6	1	8	1	0.59607934	18	19618.182	19618.382	19618.382	19618.582	19618.978
3	39	2	1	289	2	2	5	19	3	1	1	1	0.80663367	19	19620.397	19620.597	19620.597	19620.797	19621.403
3	39	2	1	290	2	2	5	20	2	2	1	1	1.2875041	20	19622.617	19623.217	19623.217	19623.417	19624.504
3	39	2	1	291	2	2	5	21	6	2	8	1	0.76485188	21	19625.235	19625.835	19625.835	19626.035	19626.599
3	39	2	1	292	2	2	5	22	2	2	1	1	0.72409448	22	19627.852	19628.452	19628.452	19628.652	19629.176
3	39	2	1	293	2	2	5	23	1	2	1	1	0.56397237	23	19630.47	19631.07	19631.07	19631.27	19631.634
3	39	2	1	294	2	2	5	24	4	2	8	1	1.3692599	24	19633.087	19633.687	19633.687	19633.887	19635.057
3	39	2	1	295	2	2	5	25	6	1	8	1	0.5417908	25	19635.705	19635.905	19635.905	19636.105	19636.447
3	39	2	1	296	2	2	5	26	4	1	8	1	0.6309914	26	19637.922	19638.122	19638.122	19638.322	19638.753
3	39	2	1	297	2	2	5	27	5	1	8	1	0.64885154	27	19640.141	19640.341	19640.341	19640.541	19640.989
3	39	2	1	298	2	2	5	28	1	1	1	1	1.0794766	28	19642.361	19642.561	19642.561	19642.761	19643.64
3	39	2	1	299	2	2	5	29	3	1	1	1	0.59729696	29	19644.579	19644.779	19644.779	19644.979	19645.376
3	39	2	1	300	2	2	5	30	2	2	1	1	0.53104636	30	19646.797	19647.397	19647.397	19647.597	19647.928
3	39	2	1	301	2	6	6	1	4	1	4	0	1.3022234	30	19677.833	19678.033	19678.033	19678.233	19679.335
3	39	2	1	302	2	6	6	2	5	1	6	1	1.3709285	31	19680.054	19680.254	19680.254	19680.454	19681.625
3	39	2	1	303	2	6	6	3	5	2	6	1	0.63145062	32	19682.272	19682.872	19682.872	19683.072	19683.504
3	39	2	1	304	2	6	6	4	3	2	4	1	1.3049846	33	19684.89	19685.49	19685.49	19685.69	19686.795
3	39	2	1	305	2	6	6	5	1	1	2	1	0.92861744	34	19687.508	19687.708	19687.708	19687.908	19688.637
3	39	2	1	306	2	6	6	6	3	1	4	1	1.0578814	35	19689.727	19689.927	19689.927	19690.127	19690.985
3	39	2	1	307	2	6	6	7	3	2	4	1	0.68110081	36	19691.949	19692.549	19692.549	19692.749	19693.23
3	39	2	1	308	2	6	6	8	4	1	5	1	0.70218554	37	19694.567	19694.767	19694.767	19694.967	19695.469
3	39	2	1	309	2	6	6	9	6	1	7	1	1.9475886	38	19696.785	19696.985	19696.985	19697.185	19698.933
3	39	2	1	310	2	6	6	10	5	2	6	1	0.79552507	39	19699.003	19699.603	19699.603	19699.803	19700.398
3	39	2	1	311	2	6	6	11	6	2	7	1	1.1591126	40	19701.622	19702.222	19702.222	19702.422	19703.381
3	39	2	1	312	2	6	6	12	1	2	2	1	0.68831695	41	19704.241	19704.841	19704.841	19705.041	19705.529
3	39	2	1	313	2	6	6	13	2	1	3	1	1.2212359	42	19706.859	19707.059	19707.059	19707.259	19708.28
3	39	2	1	314	2	6	6	14	1	2	2	1	0.63776268	43	19709.079	19709.679	19709.679	19709.879	19710.317
3	39	2	1	315	2	6	6	15	5	1	6	1	1.2038816	44	19711.697	19711.897	19711.897	19712.097	19713.101
3	39	2	1	316	2	6	6	16	2	2	3	1	1.4697581	45	19713.916	19714.516	19714.516	19714.716	19715.986
3	39	2	1	317	2	6	6	17	4	2	5	1	0.90354317	46	19716.534	19717.134	19717.134	19717.334	19718.038
3	39	2	1	318	2	6	6	18	6	1	7	1	1.2454999	47	19719.156	19719.356	19719.356	19719.556	19720.602
3	39	2	1	319	2	6	6	19	3	1	4	1	1.0719192	48	19721.374	19721.574	19721.574	19721.774	19722.646
3	39	2	1	320	2	6	6	20	2	2	3	1	1.5600704	49	19723.594	19724.194	19724.194	19724.394	19725.754
3	39	2	1	321	2	6	6	21	6	2	7	1	1.2572951	50	19726.213	19726.813	19726.813	19727.013	19728.07
3	39	2	1	322	2	6	6	22	2	2	3	1	0.95058657	51	19728.831	19729.431	19729.431	19729.631	19730.382
3	39	2	1	323	2	6	6	23	1	2	2	1	0.73377375	52	19731.45	19732.05	19732.05	19732.25	19732.784
3	39	2	1	324	2	6	6	24	4	2	5	1	1.138869	53	19734.069	19734.669	19734.669	19734.869	19735.808
3	39	2	1	325	2	6	6	25	6	1	7	1	1.0788559	54	19736.688	19736.888	19736.888	19737.088	19737.967
3	39	2	1	326	2	6	6	26	4	1	5	1	0.86958247	55	19738.906	19739.106	19739.106	19739.306	19739.976
3	39	2	1	327	2	6	6	27	5	1	6	1	1.1863124	56	19741.125	19741.325	19741.325	19741.525	19742.512
3	39	2	1	328	2	6	6	28	1	1	2	1	0.88500274	57	19743.344	19743.544	19743.544	19743.744	19744.429
3	39	2	1	329	2	6	6	29	3	1	4	1	0.94592382	58	19745.563	19745.763	19745.763	19745.963	19746.709
3	39	2	1	330	2	6	6	30	2	2	3	1	1.1454394	59	19747.783	19748.383	19748.383	19748.583	19749.528
3	39	2	1	331	2	2	6	1	3	1	1	1	0.90833476	1	19778.461	19778.661	19778.661	19778.861	19779.57
3	39	2	1	332	2	2	6	2	4	1	8	1	0.65527993	2	19780.681	19780.881	19780.881	19781.081	19781.536
3	39	2	1	333	2	2	6	3	3	2	1	1	0.77034154	3	19782.9	19783.5	19783.5	19783.7	19784.27
3	39	2	1	334	2	2	6	4	2	2	1	1	0.4905458	4	19785.519	19786.119	19786.119	19786.319	19786.61
3	39	2	1	335	2	2	6	5	6	1	8	1	0.76331718	5	19788.139	19788.339	19788.339	19788.539	19789.102
3	39	2	1	336	2	2	6	6	6	1	8	1	0.63940444	6	19790.358	19790.558	19790.558	19790.758	19791.198
3	39	2	1	337	2	2	6	7	6	2	8	1	0.47107936	7	19792.578	19793.178	19793.178	19793.378	19793.649
3	39	2	1	338	2	2	6	8	5	1	8	1	0.53159848	8	19795.198	19795.398	19795.398	19795.598	19795.929
3	39	2	1	339	2	2	6	9	4	1	8	1	0.654325	9	19797.417	19797.618	19797.618	19797.818	19798.272
3	39	2	1	340	2	2	6	10	2	2	1	1	0.65034608	10	19799.638	19800.238	19800.238	19800.438	19800.888
3	39	2	1	341	2	2	6	11	3	2	1	1	0.54769355	11	19802.257	19802.857	19802.857	19803.057	19803.405
3	39	2	1	342	2	2	6	12	5	2	8	1	0.7521817	12	19804.877	19805.477	19805.477	19805.677	19806.229
3	39	2	1	343	2	2	6	13	1	1	1	1	0.70128704	13	19807.497	19807.697	19807.697	19807.897	19808.398
3	39	2	1	344	2	2	6	14	2	2	1	1	0.5526234	14	19809.716	19810.316	19810.316	19810.516	19810.869
3	39	2	1	345	2	2	6	15	5	1	8	1	0.6474361	15	19812.336	19812.536	19812.536	19812.736	19813.183
3	39	2	1	346	2	2	6	16	2	2	1	1	0.93773113	16	19814.556	19815.156	19815.156	19815.356	19816.094
3	39	2	1	347	2	2	6	17	5	2	8	1	0.51062663	17	19817.177	19817.777	19817.777	19817.977	19818.287
3	39	2	1	348	2	2	6	18	1	1	1	1	0.7865761	18	19819.797	19819.997	19819.997	19820.197	19820.783
3	39	2	1	349	2	2	6	19	1	1	1	1	0.8785494	19	19822.016	19822.216	19822.216	19822.416	19823.095
3	39	2	1	350	2	2	6	20	4	2	8	1	0.88895574	20	19824.238	19824.838	19824.838	19825.038	19825.727
3	39	2	1	351	2	2	6	21	6	2	8	1	0.80339022	21	19826.858	19827.458	19827.458	19827.658	19828.261
3	39	2	1	352	2	2	6	22	1	2	1	1	0.77190916	22	19829.477	19830.077	19830.077	19830.277	19830.849
3	39	2	1	353	2	2	6	23	4	2	8	1	0.79720526	23	19832.097	19832.697	19832.697	19832.897	19833.494
3	39	2	1	354	2	2	6	24	3	2	1	1	0.85811869	24	19834.718	19835.318	19835.318	19835.518	19836.176
3	39	2	1	355	2	2	6	25	1	1	1	1	0.66892408	25	19837.338	19837.538	19837.538	19837.738	19838.207
3	39	2	1	356	2	2	6	26	2	1	1	1	0.75153895	26	19839.558	19839.758	19839.758	19839.958	19840.51
3	39	2	1	357	2	2	6	27	6	1	8	1	0.58169971	27	19841.779	19841.979	19841.979	19842.179	19842.56
3	39	2	1	358	2	2	6	28	5	1	8	1	0.6163685	28	19843.999	19844.199	19844.199	19844.399	19844.815
3	39	2	1	359	2	2	6	29	4	1	8	1	0.62873332	29	19846.219	19846.419	19846.419	19846.619	19847.048
3	39	2	1	360	2	2	6	30	3	2	1	1	0.89340026	30	19848.44	19849.04	19849.04	19849.24	19849.933
3	39	2	1	361	3	6	7	1	3	1	4	1	1.1068666	31	20890.052	20890.252	20890.252	20890.452	20891.359
3	39	2	1	362	3	6	7	2	4	1	5	1	0.79862229	32	20892.273	20892.473	20892.473	20892.673	20893.271
3	39	2	1	363	3	6	7	3	3	2	4	1	1.3174554	33	20894.492	20895.092	20895.092	20895.292	20896.41
3	39	2	1	364	3	6	7	4	2	2	3	1	0.76865645	34	20897.113	20897.713	20897.713	20897.913	20898.482
3	39	2	1	365	3	6	7	5	6	1	7	1	1.3048849	35	20899.735	20899.935	20899.935	20900.135	20901.239
3	39	2	1	366	3	6	7	6	6	1	7	1	0.51311713	36	20901.956	20902.156	20902.156	20902.356	20902.669
3	39	2	1	367	3	6	7	7	6	2	7	1	0.46884596	37	20904.176	20904.776	20904.776	20904.976	20905.245
3	39	2	1	368	3	6	7	8	5	1	6	1	1.1640804	38	20906.797	20906.997	20906.997	20907.197	20908.161
3	39	2	1	369	3	6	7	9	4	1	5	1	0.73325997	39	20909.017	20909.217	20909.217	20909.417	20909.951
3	39	2	1	370	3	6	7	10	2	2	3	1	1.6782481	40	20911.239	20911.839	20911.839	20912.039	20913.517
3	39	2	1	371	3	6	7	11	3	2	4	1	0.88237205	41	20913.86	20914.46	20914.46	20914.66	20915.342
3	39	2	1	372	3	6	7	12	5	2	6	1	1.3919772	42	20916.481	20917.081	20917.081	20917.281	20918.473
3	39	2	1	373	3	6	7	13	1	1	2	1	0.68211843	43	20919.102	20919.302	20919.302	20919.502	20919.984
3	39	2	1	374	3	6	7	14	2	2	3	1	1.02693	44	20921.324	20921.924	20921.924	20922.124	20922.951
3	39	2	1	375	3	6	7	15	5	1	6	1	0.68311157	45	20923.946	20924.146	20924.146	20924.346	20924.829
3	39	2	1	376	3	6	7	16	2	2	3	1	0.89215828	46	20926.17	20926.77	20926.77	20926.97	20927.662
3	39	2	1	377	3	6	7	17	5	2	6	1	1.0855843	47	20928.792	20929.392	20929.392	20929.592	20930.477
3	39	2	1	378	3	6	7	18	1	1	2	1	0.80136593	48	20931.416	20931.616	20931.616	20931.816	20932.417
3	39	2	1	379	3	6	7	19	1	1	2	1	0.60205853	49	20933.637	20933.837	20933.837	20934.037	20934.439
3	39	2	1	380	3	6	7	20	4	2	5	1	1.340791	50	20935.858	20936.458	20936.458	20936.658	20937.799
3	39	2	1	381	3	6	7	21	6	2	7	1	0.79387018	51	20938.48	20939.08	20939.08	20939.28	20939.873
3	39	2	1	382	3	6	7	22	1	2	2	1	1.361122	52	20941.101	20941.701	20941.701	20941.901	20943.062
3	39	2	1	383	3	6	7	23	4	2	5	1	0.85220253	53	20943.722	20944.322	20944.322	20944.522	20945.175
3	39	2	1	384	3	6	7	24	3	2	4	1	1.412164	54	20946.345	20946.945	20946.945	20947.145	20948.357
3	39	2	1	385	3	6	7	25	1	1	2	1	0.78739653	55	20948.966	20949.166	20949.166	20949.366	20949.953
3	39	2	1	386	3	6	7	26	2	1	3	1	1.0856964	56	20951.187	20951.387	20951.387	20951.587	20952.473
3	39	2	1	387	3	6	7	27	6	1	7	1	1.686695	57	20953.409	20953.609	20953.609	20953.809	20955.295
3	39	2	1	388	3	6	7	28	5	1	6	1	0.78590405	58	20955.63	20955.83	20955.83	20956.03	20956.616
3	39	2	1	389	3	6	7	29	4	1	5	1	0.82072745	59	20957.852	20958.052	20958.052	20958.252	20958.873
3	39	2	1	390	3	6	7	30	3	2	4	1	0.91095708	60	20960.074	20960.674	20960.674	20960.874	20961.585
3	39	2	1	391	3	2	7	1	3	1	1	1	0.57206281	1	20990.761	20990.961	20990.961	20991.161	20991.533
3	39	2	1	392	3	2	7	2	4	1	8	1	0.54556219	2	20992.982	20993.182	20993.182	20993.382	20993.727
3	39	2	1	393	3	2	7	3	6	2	8	1	0.5962539	3	20995.204	20995.804	20995.804	20996.004	20996.4
3	39	2	1	394	3	2	7	4	2	2	1	1	0.5563551	4	20997.826	20998.426	20998.426	20998.626	20998.982
3	39	2	1	395	3	2	7	5	4	1	8	1	0.4303614	5	21000.448	21000.648	21000.648	21000.848	21001.078
3	39	2	1	396	3	2	7	6	3	1	1	1	0.62504112	6	21002.671	21002.871	21002.871	21003.071	21003.496
3	39	2	1	397	3	2	7	7	2	2	1	1	0.72042243	7	21004.893	21005.493	21005.493	21005.693	21006.214
3	39	2	1	398	3	2	7	8	2	1	1	1	0.59817046	8	21007.515	21007.715	21007.715	21007.915	21008.313
3	39	2	1	399	3	2	7	9	4	1	8	1	0.55958029	9	21009.736	21009.936	21009.936	21010.136	21010.496
3	39	2	1	400	3	2	7	10	6	2	8	1	0.75488516	10	21011.959	21012.559	21012.559	21012.759	21013.313
3	39	2	1	401	3	2	7	11	5	2	8	1	0.46884415	11	21014.58	21015.18	21015.18	21015.38	21015.649
3	39	2	1	402	3	2	7	12	6	2	8	1	0.39052795	12	21017.203	21017.803	21017.803	21018.003	21018.194
3	39	2	1	403	3	2	7	13	2	1	1	1	0.8154695	13	21019.825	21020.025	21020.025	21020.225	21020.841
3	39	2	1	404	3	2	7	14	5	2	8	1	0.61561884	14	21022.047	21022.647	21022.647	21022.847	21023.263
3	39	2	1	405	3	2	7	15	1	1	1	1	0.73769773	15	21024.67	21024.87	21024.87	21025.07	21025.607
3	39	2	1	406	3	2	7	16	5	2	8	1	0.76338578	16	21026.892	21027.492	21027.492	21027.692	21028.256
3	39	2	1	407	3	2	7	17	1	2	1	1	0.88418327	17	21029.515	21030.115	21030.115	21030.315	21030.999
3	39	2	1	408	3	2	7	18	2	1	1	1	0.74372142	18	21032.135	21032.335	21032.335	21032.535	21033.078
3	39	2	1	409	3	2	7	19	6	1	8	1	0.50786764	19	21034.357	21034.557	21034.557	21034.757	21035.065
3	39	2	1	410	3	2	7	20	4	2	8	1	0.82639227	20	21036.58	21037.18	21037.18	21037.38	21038.006
3	39	2	1	411	3	2	7	21	5	2	8	1	0.87901402	21	21039.203	21039.803	21039.803	21040.003	21040.682
3	39	2	1	412	3	2	7	22	5	2	8	1	0.44635771	22	21041.825	21042.425	21042.425	21042.625	21042.871
3	39	2	1	413	3	2	7	23	6	2	8	1	0.53021838	23	21044.447	21045.047	21045.047	21045.247	21045.577
3	39	2	1	414	3	2	7	24	1	2	1	1	0.57785302	24	21047.07	21047.67	21047.67	21047.87	21048.248
3	39	2	1	415	3	2	7	25	1	1	1	1	0.63560252	25	21049.708	21049.908	21049.908	21050.108	21050.544
3	39	2	1	416	3	2	7	26	1	1	1	1	0.50958306	26	21051.931	21052.131	21052.131	21052.331	21052.641
3	39	2	1	417	3	2	7	27	3	1	1	1	0.5413601	27	21054.156	21054.356	21054.356	21054.556	21054.897
3	39	2	1	418	3	2	7	28	3	1	1	1	0.57438779	28	21056.379	21056.579	21056.579	21056.779	21057.153
3	39	2	1	419	3	2	7	29	4	1	8	1	0.5556923	29	21058.601	21058.801	21058.801	21059.001	21059.357
3	39	2	1	420	3	2	7	30	3	2	1	1	0.70891982	30	21060.825	21061.425	21061.425	21061.625	21062.133
3	39	2	1	421	3	6	8	1	3	1	4	1	1.1339095	31	21091.8	21092	21092	21092.2	21093.134
3	39	2	1	422	3	6	8	2	4	1	5	1	0.5719074	32	21094.027	21094.227	21094.227	21094.427	21094.799
3	39	2	1	423	3	6	8	3	6	2	7	1	1.8613407	33	21096.25	21096.85	21096.85	21097.05	21098.711
3	39	2	1	424	3	6	8	4	2	2	3	1	1.4256589	34	21098.875	21099.475	21099.475	21099.675	21100.901
3	39	2	1	425	3	6	8	5	4	1	5	1	0.99199122	35	21101.502	21101.702	21101.702	21101.902	21102.694
3	39	2	1	426	3	6	8	6	3	1	4	1	1.1106421	36	21103.751	21103.951	21103.951	21104.151	21105.061
3	39	2	1	427	3	6	8	7	2	2	3	1	1.4413423	37	21105.974	21106.574	21106.574	21106.774	21108.016
3	39	2	1	428	3	6	8	8	2	1	3	1	0.69082532	38	21108.603	21108.803	21108.803	21109.003	21109.493
3	39	2	1	429	3	6	8	9	4	1	5	1	0.94821845	39	21110.826	21111.026	21111.026	21111.226	21111.974
3	39	2	1	430	3	6	8	10	6	2	7	1	0.83272202	40	21113.053	21113.653	21113.653	21113.853	21114.485
3	39	2	1	431	3	6	8	11	5	2	6	1	1.0163568	41	21115.678	21116.278	21116.278	21116.478	21117.294
3	39	2	1	432	3	6	8	12	6	2	7	1	1.0162102	42	21118.303	21118.903	21118.903	21119.103	21119.919
3	39	2	1	433	3	6	8	13	2	1	3	1	0.89541713	43	21120.926	21121.126	21121.126	21121.326	21122.022
3	39	2	1	434	3	6	8	14	5	2	6	1	1.2662158	44	21123.15	21123.75	21123.75	21123.95	21125.016
3	39	2	1	435	3	6	8	15	1	1	2	1	0.60183494	45	21125.774	21125.974	21125.974	21126.174	21126.576
3	39	2	1	436	3	6	8	16	5	2	6	1	1.2011079	46	21127.997	21128.597	21128.597	21128.797	21129.798
3	39	2	1	437	3	6	8	17	1	2	2	1	0.6878011	47	21130.621	21131.221	21131.221	21131.421	21131.909
3	39	2	1	438	3	6	8	18	2	1	3	1	1.0086875	48	21133.244	21133.444	21133.444	21133.644	21134.453
3	39	2	1	439	3	6	8	19	6	1	7	1	1.0443101	49	21135.467	21135.667	21135.667	21135.867	21136.712
3	39	2	1	440	3	6	8	20	4	2	5	1	1.2200404	50	21137.691	21138.291	21138.291	21138.491	21139.511
3	39	2	1	441	3	6	8	21	5	2	6	1	1.2098534	51	21140.315	21140.915	21140.915	21141.115	21142.125
3	39	2	1	442	3	6	8	22	5	2	6	1	0.71899887	52	21142.944	21143.544	21143.544	21143.744	21144.263
3	39	2	1	443	3	6	8	23	6	2	7	1	1.544184	53	21145.569	21146.169	21146.169	21146.37	21147.714
3	39	2	1	444	3	6	8	24	1	2	2	1	0.79537878	54	21148.193	21148.793	21148.793	21148.993	21149.588
3	39	2	1	445	3	6	8	25	1	1	2	1	0.57319915	55	21150.818	21151.018	21151.018	21151.218	21151.592
3	39	2	1	446	3	6	8	26	1	1	2	1	0.61939677	56	21153.043	21153.243	21153.243	21153.443	21153.862
3	39	2	1	447	3	6	8	27	3	1	4	1	1.040717	57	21155.268	21155.468	21155.468	21155.668	21156.509
3	39	2	1	448	3	6	8	28	3	1	4	1	0.69253786	58	21157.491	21157.691	21157.691	21157.891	21158.384
3	39	2	1	449	3	6	8	29	4	1	5	1	0.82936634	59	21159.715	21159.915	21159.915	21160.115	21160.745
3	39	2	1	450	3	6	8	30	3	2	4	1	1.6716327	60	21161.94	21162.54	21162.54	21162.74	21164.212
3	39	2	1	451	3	2	8	1	6	1	8	1	0.6901732	1	21192.629	21192.829	21192.829	21193.029	21193.519
3	39	2	1	452	3	2	8	2	2	1	1	1	0.77774019	2	21194.854	21195.054	21195.054	21195.254	21195.832
3	39	2	1	453	3	2	8	3	5	2	8	1	0.53469663	3	21197.078	21197.678	21197.678	21197.878	21198.213
3	39	2	1	454	3	2	8	4	5	2	8	1	0.52200576	4	21199.702	21200.302	21200.302	21200.502	21200.824
3	39	2	1	455	3	2	8	5	3	1	1	1	0.60185388	5	21202.327	21202.527	21202.527	21202.727	21203.128
3	39	2	1	456	3	2	8	6	5	1	8	1	0.54169669	6	21204.551	21204.751	21204.751	21204.951	21205.293
3	39	2	1	457	3	2	8	7	1	2	1	1	0.63611767	7	21206.779	21207.379	21207.379	21207.579	21208.015
3	39	2	1	458	3	2	8	8	2	1	1	1	0.53854825	8	21209.404	21209.604	21209.604	21209.804	21210.142
3	39	2	1	459	3	2	8	9	1	1	1	1	0.47785881	9	21211.632	21211.832	21211.832	21212.033	21212.31
3	39	2	1	460	3	2	8	10	4	2	8	1	0.63311043	10	21213.86	21214.46	21214.46	21214.66	21215.093
3	39	2	1	461	3	2	8	11	1	2	1	1	1.1069973	11	21216.484	21217.084	21217.084	21217.284	21218.191
3	39	2	1	462	3	2	8	12	3	2	1	1	0.80036605	12	21219.109	21219.709	21219.709	21219.909	21220.509
3	39	2	1	463	3	2	8	13	3	1	1	1	0.5905005	13	21221.733	21221.933	21221.933	21222.133	21222.524
3	39	2	1	464	3	2	8	14	2	2	1	1	0.56953495	14	21223.959	21224.559	21224.559	21224.759	21225.129
3	39	2	1	465	3	2	8	15	2	1	1	1	0.60601198	15	21226.584	21226.784	21226.784	21226.984	21227.39
3	39	2	1	466	3	2	8	16	6	2	8	1	0.71268777	16	21228.813	21229.413	21229.413	21229.613	21230.126
3	39	2	1	467	3	2	8	17	3	2	1	1	0.6960057	17	21231.438	21232.038	21232.038	21232.238	21232.734
3	39	2	1	468	3	2	8	18	6	1	8	1	0.65034765	18	21234.063	21234.263	21234.263	21234.463	21234.914
3	39	2	1	469	3	2	8	19	1	1	1	1	0.84677221	19	21236.289	21236.489	21236.489	21236.689	21237.335
3	39	2	1	470	3	2	8	20	1	2	1	1	0.48521387	20	21238.515	21239.115	21239.115	21239.315	21239.6
3	39	2	1	471	3	2	8	21	6	2	8	1	0.60210588	21	21241.14	21241.74	21241.74	21241.94	21242.342
3	39	2	1	472	3	2	8	22	4	2	8	1	1.3065409	22	21243.765	21244.365	21244.365	21244.565	21245.672
3	39	2	1	473	3	2	8	23	4	2	8	1	0.50204798	23	21246.39	21246.99	21246.99	21247.19	21247.493
3	39	2	1	474	3	2	8	24	5	2	8	1	0.61309153	24	21249.016	21249.616	21249.616	21249.816	21250.229
3	39	2	1	475	3	2	8	25	5	1	8	1	0.60565938	25	21251.641	21251.841	21251.841	21252.041	21252.447
3	39	2	1	476	3	2	8	26	2	1	1	1	0.64630753	26	21253.921	21254.121	21254.121	21254.321	21254.768
3	39	2	1	477	3	2	8	27	4	1	8	1	0.58587815	27	21256.147	21256.347	21256.347	21256.547	21256.933
3	39	2	1	478	3	2	8	28	4	1	8	1	0.54140277	28	21258.373	21258.573	21258.573	21258.773	21259.114
3	39	2	1	479	3	2	8	29	3	1	1	1	0.71273311	29	21260.602	21260.802	21260.802	21261.002	21261.515
3	39	2	1	480	3	2	8	30	6	2	8	1	0.7341421	30	21262.827	21263.427	21263.427	21263.627	21264.162
3	39	2	1	481	3	6	9	1	6	1	7	1	1.1493051	31	21293.93	21294.13	21294.13	21294.33	21295.279
3	39	2	1	482	3	6	9	2	2	1	3	1	0.84331336	32	21296.156	21296.356	21296.356	21296.556	21297.199
3	39	2	1	483	3	6	9	3	5	2	6	1	0.73686407	33	21298.381	21298.981	21298.981	21299.181	21299.718
3	39	2	1	484	3	6	9	4	5	2	6	1	0.65612753	34	21301.007	21301.607	21301.607	21301.807	21302.263
3	39	2	1	485	3	6	9	5	3	1	4	1	1.044145	35	21303.63	21303.83	21303.83	21304.03	21304.874
3	39	2	1	486	3	6	9	6	5	1	6	1	0.82110215	36	21305.857	21306.057	21306.057	21306.257	21306.878
3	39	2	1	487	3	6	9	7	1	2	2	1	0.7888309	37	21308.082	21308.682	21308.682	21308.882	21309.471
3	39	2	1	488	3	6	9	8	2	1	3	1	0.85363678	38	21310.707	21310.907	21310.907	21311.107	21311.761
3	39	2	1	489	3	6	9	9	1	1	2	1	0.76299374	39	21312.933	21313.133	21313.133	21313.333	21313.896
3	39	2	1	490	3	6	9	10	4	2	5	1	0.71227588	40	21315.158	21315.758	21315.758	21315.958	21316.471
3	39	2	1	491	3	6	9	11	1	2	2	1	0.74319501	41	21317.784	21318.384	21318.384	21318.584	21319.128
3	39	2	1	492	3	6	9	12	3	2	4	1	1.130629	42	21320.41	21321.01	21321.01	21321.21	21322.141
3	39	2	1	493	3	6	9	13	3	1	4	1	0.69666967	43	21323.036	21323.236	21323.236	21323.436	21323.933
3	39	2	1	494	3	6	9	14	2	2	3	1	1.2319914	44	21325.263	21325.863	21325.863	21326.063	21327.095
3	39	2	1	495	3	6	9	15	2	1	3	1	0.70917494	45	21327.889	21328.089	21328.089	21328.289	21328.798
3	39	2	1	496	3	6	9	16	6	2	7	1	1.2816702	46	21330.118	21330.718	21330.718	21330.918	21331.999
3	39	2	1	497	3	6	9	17	3	2	4	1	0.96669888	47	21332.744	21333.344	21333.344	21333.544	21334.31
3	39	2	1	498	3	6	9	18	6	1	7	1	1.9225184	48	21335.37	21335.57	21335.57	21335.77	21337.493
3	39	2	1	499	3	6	9	19	1	1	2	1	0.83769938	49	21337.597	21337.797	21337.797	21337.997	21338.634
3	39	2	1	500	3	6	9	20	1	2	2	1	0.77558337	50	21339.823	21340.423	21340.423	21340.623	21341.198
3	39	2	1	501	3	6	9	21	6	2	7	1	0.63117853	51	21342.449	21343.049	21343.049	21343.249	21343.68
3	39	2	1	502	3	6	9	22	4	2	5	1	0.84326395	52	21345.074	21345.674	21345.674	21345.874	21346.518
3	39	2	1	503	3	6	9	23	4	2	5	1	0.61135226	53	21347.7	21348.3	21348.3	21348.5	21348.912
3	39	2	1	504	3	6	9	24	5	2	6	1	0.88002132	54	21350.329	21350.929	21350.929	21351.129	21351.809
3	39	2	1	505	3	6	9	25	5	1	6	1	0.75432305	55	21352.959	21353.159	21353.159	21353.359	21353.913
3	39	2	1	506	3	6	9	26	2	1	3	1	1.7245516	56	21355.187	21355.387	21355.387	21355.587	21357.111
3	39	2	1	507	3	6	9	27	4	1	5	1	1.2238848	57	21357.414	21357.614	21357.614	21357.814	21358.838
3	39	2	1	508	3	6	9	28	4	1	5	1	0.52451586	58	21359.64	21359.84	21359.84	21360.04	21360.365
3	39	2	1	509	3	6	9	29	3	1	4	1	0.98008656	59	21361.867	21362.067	21362.067	21362.267	21363.047
3	39	2	1	510	3	6	9	30	6	2	7	1	1.4012032	60	21364.093	21364.693	21364.693	21364.894	21366.095
3	39	2	1	511	3	2	9	1	1	1	1	1	0.83363452	1	21394.78	21394.98	21394.98	21395.18	21395.814
3	39	2	1	512	3	2	9	2	1	1	1	1	0.53799652	2	21397.007	21397.207	21397.207	21397.407	21397.745
3	39	2	1	513	3	2	9	3	4	2	8	1	0.59262491	3	21399.232	21399.832	21399.832	21400.032	21400.424
3	39	2	1	514	3	2	9	4	2	2	1	1	0.54698108	4	21401.86	21402.46	21402.46	21402.66	21403.007
3	39	2	1	515	3	2	9	5	5	1	8	1	0.59959106	5	21404.49	21404.69	21404.69	21404.89	21405.29
3	39	2	1	516	3	2	9	6	2	1	1	1	0.60314385	6	21406.724	21406.924	21406.924	21407.124	21407.527
3	39	2	1	517	3	2	9	7	3	2	1	1	0.5115832	7	21408.951	21409.551	21409.551	21409.751	21410.063
3	39	2	1	518	3	2	9	8	2	1	1	1	0.67887914	8	21411.578	21411.778	21411.778	21411.978	21412.457
3	39	2	1	519	3	2	9	9	3	1	1	1	0.61684196	9	21413.805	21414.005	21414.005	21414.205	21414.622
3	39	2	1	520	3	2	9	10	6	2	8	1	0.61809719	10	21416.034	21416.634	21416.634	21416.834	21417.253
3	39	2	1	521	3	2	9	11	2	2	1	1	0.68173083	11	21418.662	21419.262	21419.262	21419.462	21419.943
3	39	2	1	522	3	2	9	12	1	2	1	1	0.61143241	12	21421.292	21421.892	21421.892	21422.092	21422.503
3	39	2	1	523	3	2	9	13	2	1	1	1	0.598395	13	21423.919	21424.119	21424.119	21424.319	21424.717
3	39	2	1	524	3	2	9	14	1	2	1	1	0.57995457	14	21426.147	21426.747	21426.747	21426.947	21427.327
3	39	2	1	525	3	2	9	15	5	1	8	1	0.64908229	15	21428.775	21428.975	21428.975	21429.175	21429.624
3	39	2	1	526	3	2	9	16	6	2	8	1	0.56349185	16	21431.002	21431.602	21431.602	21431.802	21432.166
3	39	2	1	527	3	2	9	17	4	2	8	1	0.47948707	17	21433.63	21434.23	21434.23	21434.43	21434.709
3	39	2	1	528	3	2	9	18	3	1	1	1	0.90312533	18	21436.257	21436.457	21436.457	21436.657	21437.36
3	39	2	1	529	3	2	9	19	6	1	8	1	0.84983295	19	21438.486	21438.686	21438.686	21438.886	21439.536
3	39	2	1	530	3	2	9	20	1	2	1	1	0.71749118	20	21440.713	21441.313	21441.313	21441.513	21442.031
3	39	2	1	531	3	2	9	21	3	2	1	1	0.74799213	21	21443.34	21443.94	21443.94	21444.14	21444.688
3	39	2	1	532	3	2	9	22	6	2	8	1	0.68754607	22	21445.968	21446.568	21446.568	21446.768	21447.255
3	39	2	1	533	3	2	9	23	4	2	8	1	0.64509788	23	21448.595	21449.195	21449.195	21449.395	21449.84
3	39	2	1	534	3	2	9	24	5	2	8	1	0.67128567	24	21451.223	21451.823	21451.823	21452.023	21452.494
3	39	2	1	535	3	2	9	25	4	1	8	1	0.61163966	25	21453.851	21454.051	21454.051	21454.251	21454.662
3	39	2	1	536	3	2	9	26	6	1	8	1	0.47465041	26	21456.079	21456.279	21456.279	21456.479	21456.753
3	39	2	1	537	3	2	9	27	4	1	8	1	0.58328881	27	21458.306	21458.506	21458.506	21458.706	21459.089
3	39	2	1	538	3	2	9	28	5	1	8	1	0.63396084	28	21460.534	21460.734	21460.734	21460.934	21461.368
3	39	2	1	539	3	2	9	29	3	1	1	1	0.76471388	29	21462.762	21462.962	21462.962	21463.162	21463.726
3	39	2	1	540	3	2	9	30	5	2	8	1	0.68395857	30	21464.989	21465.589	21465.589	21465.789	21466.273
3	39	2	1	541	4	6	10	1	1	1	2	1	0.71003586	31	22096.497	22096.697	22096.697	22096.897	22097.407
3	39	2	1	542	4	6	10	2	1	1	2	1	0.55796634	32	22098.727	22098.927	22098.927	22099.127	22099.485
3	39	2	1	543	4	6	10	3	4	2	5	1	0.90816304	33	22100.956	22101.556	22101.556	22101.756	22102.464
3	39	2	1	544	4	6	10	4	2	2	3	1	1.0130413	34	22103.584	22104.184	22104.184	22104.384	22105.197
3	39	2	1	545	4	6	10	5	5	1	6	1	1.8053221	35	22106.212	22106.412	22106.412	22106.612	22108.218
3	39	2	1	546	4	6	10	6	2	1	3	1	1.0222594	36	22108.44	22108.64	22108.64	22108.84	22109.663
3	39	2	1	547	4	6	10	7	3	2	4	1	1.177938	37	22110.668	22111.268	22111.268	22111.468	22112.446
3	39	2	1	548	4	6	10	8	2	1	3	1	0.923557	38	22113.337	22113.537	22113.537	22113.737	22114.461
3	39	2	1	549	4	6	10	9	3	1	4	1	1.2645962	39	22115.566	22115.766	22115.766	22115.966	22117.03
3	39	2	1	550	4	6	10	10	6	2	7	1	1.2546001	40	22117.794	22118.394	22118.394	22118.594	22119.649
3	39	2	1	551	4	6	10	11	2	2	3	1	1.6007798	41	22120.423	22121.023	22121.023	22121.223	22122.623
3	39	2	1	552	4	6	10	12	1	2	2	1	0.78470062	42	22123.053	22123.653	22123.653	22123.853	22124.438
3	39	2	1	553	4	6	10	13	2	1	3	1	0.74743524	43	22125.682	22125.882	22125.882	22126.082	22126.629
3	39	2	1	554	4	6	10	14	1	2	2	1	1.1395212	44	22127.91	22128.51	22128.51	22128.71	22129.649
3	39	2	1	555	4	6	10	15	5	1	6	1	1.3592472	45	22130.538	22130.738	22130.738	22130.938	22132.098
3	39	2	1	556	4	6	10	16	6	2	7	1	1.0364829	46	22132.767	22133.367	22133.367	22133.567	22134.403
3	39	2	1	557	4	6	10	17	4	2	5	1	1.3737278	47	22135.396	22135.996	22135.996	22136.196	22137.37
3	39	2	1	558	4	6	10	18	3	1	4	1	0.6006177	48	22138.03	22138.23	22138.23	22138.43	22138.831
3	39	2	1	559	4	6	10	19	6	1	7	1	1.5980384	49	22140.259	22140.459	22140.459	22140.659	22142.057
3	39	2	1	560	4	6	10	20	1	2	2	1	1.2763588	50	22142.493	22143.093	22143.093	22143.293	22144.369
3	39	2	1	561	4	6	10	21	3	2	4	1	1.0320485	51	22145.122	22145.722	22145.722	22145.922	22146.754
3	39	2	1	562	4	6	10	22	6	2	7	1	0.94338663	52	22147.75	22148.35	22148.35	22148.55	22149.294
3	39	2	1	563	4	6	10	23	4	2	5	1	1.2765202	53	22150.38	22150.98	22150.98	22151.18	22152.256
3	39	2	1	564	4	6	10	24	5	2	6	1	1.3962645	54	22153.009	22153.609	22153.609	22153.809	22155.005
3	39	2	1	565	4	6	10	25	4	1	5	1	0.76903981	55	22155.64	22155.84	22155.84	22156.04	22156.61
3	39	2	1	566	4	6	10	26	6	1	7	1	1.1541592	56	22157.87	22158.07	22158.07	22158.27	22159.224
3	39	2	1	567	4	6	10	27	4	1	5	1	0.62720762	57	22160.098	22160.298	22160.298	22160.498	22160.926
3	39	2	1	568	4	6	10	28	5	1	6	1	1.1688898	58	22162.328	22162.528	22162.528	22162.728	22163.697
3	39	2	1	569	4	6	10	29	3	1	4	1	0.78360598	59	22164.557	22164.757	22164.757	22164.957	22165.541
3	39	2	1	570	4	6	10	30	5	2	0	0	-22167.386	59	22166.786	22167.386	22167.386	22167.586	0
3	39	2	1	571	4	2	10	1	6	1	8	1	0.7292658	1	22197.477	22197.677	22197.677	22197.877	22198.407
3	39	2	1	572	4	2	10	2	2	1	1	1	0.86732714	2	22199.706	22199.906	22199.906	22200.106	22200.773
3	39	2	1	573	4	2	10	3	5	2	8	1	0.72788721	3	22201.935	22202.535	22202.535	22202.735	22203.263
3	39	2	1	574	4	2	10	4	2	2	1	1	0.64858213	4	22204.565	22205.165	22205.165	22205.365	22205.813
3	39	2	1	575	4	2	10	5	1	1	1	1	0.59794054	5	22207.194	22207.394	22207.394	22207.594	22207.992
3	39	2	1	576	4	2	10	6	1	1	1	1	0.5991982	6	22209.447	22209.647	22209.647	22209.847	22210.247
3	39	2	1	577	4	2	10	7	4	2	8	1	0.55357134	7	22211.677	22212.277	22212.277	22212.477	22212.83
3	39	2	1	578	4	2	10	8	3	1	1	1	0.56256433	8	22214.308	22214.508	22214.508	22214.708	22215.071
3	39	2	1	579	4	2	10	9	4	1	8	1	0.57159234	9	22216.538	22216.738	22216.738	22216.938	22217.31
3	39	2	1	580	4	2	10	10	2	2	1	1	0.80482172	10	22218.768	22219.368	22219.368	22219.568	22220.173
3	39	2	1	581	4	2	10	11	1	2	1	1	0.94142204	11	22221.402	22222.002	22222.002	22222.202	22222.944
3	39	2	1	582	4	2	10	12	5	2	8	1	0.91542631	12	22224.032	22224.632	22224.632	22224.832	22225.547
3	39	2	1	583	4	2	10	13	5	1	8	1	0.58710806	13	22226.662	22226.862	22226.862	22227.062	22227.449
3	39	2	1	584	4	2	10	14	1	2	1	1	0.71612357	14	22228.891	22229.491	22229.491	22229.691	22230.207
3	39	2	1	585	4	2	10	15	6	1	8	1	0.62338439	15	22231.521	22231.721	22231.721	22231.921	22232.345
3	39	2	1	586	4	2	10	16	3	2	1	1	0.63256353	16	22233.752	22234.352	22234.352	22234.552	22234.985
3	39	2	1	587	4	2	10	17	2	2	1	1	0.9291638	17	22236.383	22236.983	22236.983	22237.183	22237.912
3	39	2	1	588	4	2	10	18	6	1	8	1	0.80116742	18	22239.013	22239.213	22239.213	22239.413	22240.014
3	39	2	1	589	4	2	10	19	6	1	8	1	0.57022014	19	22241.246	22241.446	22241.446	22241.646	22242.016
3	39	2	1	590	4	2	10	20	4	2	8	1	0.89809429	20	22243.476	22244.076	22244.076	22244.276	22244.974
3	39	2	1	591	4	2	10	21	6	2	8	1	0.45211716	21	22246.106	22246.706	22246.706	22246.906	22247.158
3	39	2	1	592	4	2	10	22	3	2	1	1	0.57462484	22	22248.736	22249.336	22249.336	22249.536	22249.911
3	39	2	1	593	4	2	10	23	2	2	1	1	0.57653523	23	22251.366	22251.966	22251.966	22252.166	22252.543
3	39	2	1	594	4	2	10	24	5	2	8	1	0.62011945	24	22253.996	22254.596	22254.596	22254.796	22255.216
3	39	2	1	595	4	2	10	25	1	1	1	1	1.0395486	25	22256.625	22256.825	22256.825	22257.025	22257.865
3	39	2	1	596	4	2	10	26	5	1	8	1	0.57463124	26	22258.856	22259.056	22259.056	22259.256	22259.63
3	39	2	1	597	4	2	10	27	3	1	1	1	0.77544272	27	22261.085	22261.285	22261.285	22261.485	22262.061
3	39	2	1	598	4	2	10	28	4	1	8	1	0.65108502	28	22263.315	22263.515	22263.515	22263.715	22264.166
3	39	2	1	599	4	2	10	29	3	1	1	1	0.80699198	29	22265.544	22265.744	22265.744	22265.944	22266.551
3	39	2	1	600	4	2	10	30	4	2	8	1	0.71520239	30	22267.774	22268.374	22268.374	22268.574	22269.09
3	39	2	1	601	4	6	11	1	6	1	7	1	1.1453231	31	22298.486	22298.686	22298.686	22298.886	22299.832
3	39	2	1	602	4	6	11	2	2	1	3	1	0.75197335	32	22300.716	22300.917	22300.917	22301.117	22301.668
3	39	2	1	603	4	6	11	3	5	2	6	1	1.0186505	33	22302.947	22303.547	22303.547	22303.747	22304.565
3	39	2	1	604	4	6	11	4	2	2	3	1	1.3296954	34	22305.581	22306.181	22306.181	22306.381	22307.511
3	39	2	1	605	4	6	11	5	1	1	2	1	0.69977341	35	22308.211	22308.411	22308.411	22308.611	22309.111
3	39	2	1	606	4	6	11	6	1	1	2	1	0.83432609	36	22310.442	22310.642	22310.642	22310.842	22311.476
3	39	2	1	607	4	6	11	7	4	2	5	1	0.85654711	37	22312.672	22313.272	22313.272	22313.472	22314.129
3	39	2	1	608	4	6	11	8	3	1	4	1	0.93522883	38	22315.304	22315.504	22315.504	22315.704	22316.439
3	39	2	1	609	4	6	11	9	4	1	5	1	0.75182387	39	22317.567	22317.767	22317.767	22317.967	22318.519
3	39	2	1	610	4	6	11	10	2	2	3	1	0.86835689	40	22319.797	22320.397	22320.397	22320.597	22321.265
3	39	2	1	611	4	6	11	11	1	2	2	1	0.817723	41	22322.429	22323.029	22323.029	22323.229	22323.847
3	39	2	1	612	4	6	11	12	5	2	6	1	1.1138385	42	22325.061	22325.661	22325.661	22325.861	22326.774
3	39	2	1	613	4	6	11	13	5	1	6	1	0.8034896	43	22327.694	22327.894	22327.894	22328.094	22328.697
3	39	2	1	614	4	6	11	14	1	2	2	1	0.84219129	44	22329.924	22330.524	22330.524	22330.724	22331.367
3	39	2	1	615	4	6	11	15	6	1	7	1	0.98627398	45	22332.588	22332.788	22332.788	22332.988	22333.774
3	39	2	1	616	4	6	11	16	3	2	4	1	0.94949196	46	22334.819	22335.419	22335.419	22335.619	22336.369
3	39	2	1	617	4	6	11	17	2	2	3	1	0.99476148	47	22337.45	22338.05	22338.05	22338.25	22339.045
3	39	2	1	618	4	6	11	18	6	1	7	1	1.3341193	48	22340.081	22340.281	22340.281	22340.481	22341.615
3	39	2	1	619	4	6	11	19	6	1	7	1	0.66432044	49	22342.312	22342.512	22342.512	22342.712	22343.176
3	39	2	1	620	4	6	11	20	4	2	5	1	0.89751533	50	22344.6	22345.2	22345.2	22345.4	22346.098
3	39	2	1	621	4	6	11	21	6	2	7	1	0.84661851	51	22347.234	22347.834	22347.834	22348.034	22348.68
3	39	2	1	622	4	6	11	22	3	2	4	1	1.1171687	52	22349.867	22350.467	22350.467	22350.667	22351.584
3	39	2	1	623	4	6	11	23	2	2	3	1	0.84595156	53	22352.498	22353.098	22353.098	22353.298	22353.944
3	39	2	1	624	4	6	11	24	5	2	6	1	1.3999076	54	22355.133	22355.733	22355.733	22355.933	22357.133
3	39	2	1	625	4	6	11	25	1	1	2	1	0.84519008	55	22357.764	22357.964	22357.964	22358.164	22358.81
3	39	2	1	626	4	6	11	26	5	1	6	1	1.0588126	56	22359.996	22360.196	22360.196	22360.396	22361.254
3	39	2	1	627	4	6	11	27	3	1	4	1	0.9799335	57	22362.227	22362.427	22362.427	22362.627	22363.407
3	39	2	1	628	4	6	11	28	4	1	5	1	0.58710242	58	22364.459	22364.659	22364.659	22364.859	22365.246
3	39	2	1	629	4	6	11	29	3	1	4	1	0.85848581	59	22366.691	22366.891	22366.891	22367.091	22367.749
3	39	2	1	630	4	6	11	30	4	2	5	1	0.72356395	60	22368.922	22369.522	22369.522	22369.722	22370.245
3	39	2	1	631	4	2	11	1	6	1	8	1	0.65477335	1	22399.666	22399.866	22399.866	22400.066	22400.521
3	39	2	1	632	4	2	11	2	2	1	1	1	0.55684093	2	22401.899	22402.099	22402.099	22402.299	22402.656
3	39	2	1	633	4	2	11	3	5	2	8	1	0.49439916	3	22404.131	22404.731	22404.731	22404.931	22405.225
3	39	2	1	634	4	2	11	4	5	2	8	1	0.4792197	4	22406.768	22407.368	22407.368	22407.568	22407.847
3	39	2	1	635	4	2	11	5	6	1	8	1	0.4886961	5	22409.399	22409.599	22409.599	22409.799	22410.088
3	39	2	1	636	4	2	11	6	4	1	8	1	0.49755762	6	22411.631	22411.831	22411.831	22412.031	22412.328
3	39	2	1	637	4	2	11	7	1	2	8	0	0.81705006	6	22413.863	22414.463	22414.463	22414.663	22415.28
3	39	2	1	638	4	2	11	8	4	1	8	1	0.77834219	7	22416.495	22416.695	22416.695	22416.895	22417.473
3	39	2	1	639	4	2	11	9	5	1	8	1	0.50113947	8	22418.73	22418.93	22418.93	22419.13	22419.431
3	39	2	1	640	4	2	11	10	4	2	8	1	0.60485154	9	22420.963	22421.563	22421.563	22421.763	22422.168
3	39	2	1	641	4	2	11	11	2	2	1	1	0.66062124	10	22423.595	22424.195	22424.195	22424.395	22424.856
3	39	2	1	642	4	2	11	12	5	2	8	1	0.87630201	11	22426.228	22426.828	22426.828	22427.028	22427.704
3	39	2	1	643	4	2	11	13	2	1	1	1	0.80285324	12	22428.861	22429.061	22429.061	22429.261	22429.863
3	39	2	1	644	4	2	11	14	1	2	1	1	0.64862347	13	22431.093	22431.693	22431.693	22431.893	22432.341
3	39	2	1	645	4	2	11	15	4	1	8	1	1.0266758	14	22433.725	22433.925	22433.925	22434.125	22434.951
3	39	2	1	646	4	2	11	16	3	2	1	1	1.0436176	15	22435.956	22436.556	22436.556	22436.756	22437.6
3	39	2	1	647	4	2	11	17	3	2	1	1	0.59896808	16	22438.589	22439.189	22439.189	22439.389	22439.788
3	39	2	1	648	4	2	11	18	3	1	1	1	0.57711936	17	22441.221	22441.421	22441.421	22441.621	22441.998
3	39	2	1	649	4	2	11	19	6	1	8	1	0.64106734	18	22443.452	22443.652	22443.652	22443.852	22444.293
3	39	2	1	650	4	2	11	20	2	2	1	1	1.0321441	19	22445.685	22446.285	22446.285	22446.485	22447.317
3	39	2	1	651	4	2	11	21	2	2	1	1	0.89760073	20	22448.317	22448.917	22448.917	22449.117	22449.815
3	39	2	1	652	4	2	11	22	3	2	1	1	0.87702628	21	22450.953	22451.553	22451.553	22451.753	22452.43
3	39	2	1	653	4	2	11	23	1	2	1	1	0.51925275	22	22453.586	22454.186	22454.186	22454.386	22454.705
3	39	2	1	654	4	2	11	24	1	2	1	1	0.43929073	23	22456.218	22456.818	22456.818	22457.018	22457.257
3	39	2	1	655	4	2	11	25	5	1	8	1	0.72555103	24	22458.851	22459.051	22459.051	22459.251	22459.776
3	39	2	1	656	4	2	11	26	3	1	1	1	0.6654005	25	22461.084	22461.284	22461.284	22461.484	22461.95
3	39	2	1	657	4	2	11	27	6	1	8	1	0.55466115	26	22463.317	22463.517	22463.517	22463.717	22464.072
3	39	2	1	658	4	2	11	28	4	1	8	1	0.84672981	27	22465.552	22465.752	22465.752	22465.952	22466.599
3	39	2	1	659	4	2	11	29	1	1	1	1	0.62688838	28	22467.788	22467.988	22467.988	22468.188	22468.615
3	39	2	1	660	4	2	11	30	6	2	8	1	0.76262766	29	22470.022	22470.622	22470.622	22470.822	22471.384
3	39	2	1	661	4	6	12	1	6	1	7	1	1.3204685	30	22500.736	22500.936	22500.936	22501.136	22502.257
3	39	2	1	662	4	6	12	2	2	1	3	1	0.94313573	31	22502.969	22503.169	22503.169	22503.369	22504.112
3	39	2	1	663	4	6	12	3	5	2	6	1	1.2839342	32	22505.203	22505.803	22505.803	22506.003	22507.087
3	39	2	1	664	4	6	12	4	5	2	6	1	0.59775619	33	22507.835	22508.435	22508.435	22508.635	22509.033
3	39	2	1	665	4	6	12	5	6	1	7	1	1.3685056	34	22510.471	22510.671	22510.671	22510.871	22512.039
3	39	2	1	666	4	6	12	6	4	1	5	1	0.78731174	35	22512.706	22512.906	22512.906	22513.106	22513.693
3	39	2	1	667	4	6	12	7	1	2	2	1	0.82667397	36	22514.939	22515.539	22515.539	22515.739	22516.366
3	39	2	1	668	4	6	12	8	4	1	5	1	1.0182527	37	22517.575	22517.775	22517.775	22517.975	22518.793
3	39	2	1	669	4	6	12	9	5	1	0	0	-22520.009	37	22519.809	22520.009	22520.009	22520.209	0
3	39	2	1	670	4	6	12	10	4	2	5	1	0.95193905	38	22522.042	22522.642	22522.642	22522.842	22523.594
3	39	2	1	671	4	6	12	11	2	2	3	1	1.3467063	39	22524.675	22525.275	22525.275	22525.475	22526.622
3	39	2	1	672	4	6	12	12	5	2	0	0	-22527.908	39	22527.308	22527.908	22527.908	22528.108	0
3	39	2	1	673	4	6	12	13	2	1	3	1	1.2732133	40	22529.943	22530.143	22530.143	22530.343	22531.416
3	39	2	1	674	4	6	12	14	1	2	2	1	0.9911685	41	22532.177	22532.777	22532.777	22532.977	22533.768
3	39	2	1	675	4	6	12	15	4	1	5	1	0.91724911	42	22534.81	22535.01	22535.01	22535.21	22535.927
3	39	2	1	676	4	6	12	16	3	2	4	1	0.99578038	43	22537.043	22537.643	22537.643	22537.843	22538.639
3	39	2	1	677	4	6	12	17	3	2	4	1	0.98316735	44	22539.678	22540.278	22540.278	22540.478	22541.261
3	39	2	1	678	4	6	12	18	3	1	4	1	0.56749413	45	22542.312	22542.512	22542.512	22542.712	22543.079
3	39	2	1	679	4	6	12	19	6	1	7	1	1.1173377	46	22544.546	22544.746	22544.746	22544.946	22545.864
3	39	2	1	680	4	6	12	20	2	2	3	1	1.2493992	47	22546.781	22547.381	22547.381	22547.581	22548.63
3	39	2	1	681	4	6	12	21	2	2	3	1	0.68984728	48	22549.417	22550.017	22550.017	22550.217	22550.707
3	39	2	1	682	4	6	12	22	3	2	4	1	1.1466456	49	22552.05	22552.65	22552.65	22552.85	22553.797
3	39	2	1	683	4	6	12	23	1	2	2	1	0.75650909	50	22554.684	22555.284	22555.284	22555.484	22556.04
3	39	2	1	684	4	6	12	24	1	2	2	1	0.70239429	51	22557.317	22557.917	22557.917	22558.117	22558.62
3	39	2	1	685	4	6	12	25	5	1	6	1	1.3279794	52	22559.951	22560.151	22560.151	22560.351	22561.479
3	39	2	1	686	4	6	12	26	3	1	4	1	0.96716221	53	22562.185	22562.385	22562.385	22562.585	22563.352
3	39	2	1	687	4	6	12	27	6	1	7	1	1.2055688	54	22564.419	22564.619	22564.619	22564.819	22565.824
3	39	2	1	688	4	6	12	28	4	1	5	1	1.3865299	55	22566.655	22566.855	22566.855	22567.055	22568.242
3	39	2	1	689	4	6	12	29	1	1	2	1	0.72555909	56	22568.889	22569.089	22569.089	22569.289	22569.814
3	39	2	1	690	4	6	12	30	6	2	7	1	1.1345503	57	22571.127	22571.727	22571.727	22571.927	22572.862
3	39	2	1	691	4	2	12	1	3	1	1	1	0.88496371	1	22601.827	22602.027	22602.027	22602.227	22602.912
3	39	2	1	692	4	2	12	2	1	1	1	1	0.63172643	2	22604.064	22604.264	22604.264	22604.464	22604.896
3	39	2	1	693	4	2	12	3	2	2	1	1	0.51902421	3	22606.302	22606.902	22606.902	22607.102	22607.421
3	39	2	1	694	4	2	12	4	5	2	8	1	0.51217348	4	22608.936	22609.536	22609.536	22609.736	22610.048
3	39	2	1	695	4	2	12	5	5	1	8	1	0.33553343	5	22611.571	22611.771	22611.771	22611.971	22612.107
3	39	2	1	696	4	2	12	6	3	1	1	1	0.52705052	6	22613.807	22614.007	22614.007	22614.207	22614.534
3	39	2	1	697	4	2	12	7	3	2	1	1	0.72902995	7	22616.041	22616.641	22616.641	22616.841	22617.37
3	39	2	1	698	4	2	12	8	6	1	8	1	0.54822985	8	22618.675	22618.875	22618.875	22619.075	22619.423
3	39	2	1	699	4	2	12	9	4	1	8	1	0.5335465	9	22620.913	22621.113	22621.113	22621.313	22621.646
3	39	2	1	700	4	2	12	10	3	2	1	1	0.71657713	10	22623.147	22623.747	22623.747	22623.947	22624.464
3	39	2	1	701	4	2	12	11	3	2	1	1	0.62518714	11	22625.782	22626.382	22626.382	22626.582	22627.007
3	39	2	1	702	4	2	12	12	2	2	1	1	0.62436621	12	22628.416	22629.016	22629.016	22629.216	22629.641
3	39	2	1	703	4	2	12	13	1	1	1	1	0.58920073	13	22631.051	22631.251	22631.251	22631.451	22631.84
3	39	2	1	704	4	2	12	14	2	2	1	1	0.57195986	14	22633.285	22633.885	22633.885	22634.085	22634.457
3	39	2	1	705	4	2	12	15	6	1	8	1	0.79079064	15	22635.921	22636.121	22636.121	22636.321	22636.912
3	39	2	1	706	4	2	12	16	1	2	1	1	0.60314488	16	22638.156	22638.756	22638.756	22638.956	22639.359
3	39	2	1	707	4	2	12	17	5	2	8	1	0.50220988	17	22640.795	22641.395	22641.395	22641.595	22641.897
3	39	2	1	708	4	2	12	18	5	1	8	1	0.49212417	18	22643.429	22643.629	22643.629	22643.829	22644.121
3	39	2	1	709	4	2	12	19	4	1	8	1	0.5598763	19	22645.664	22645.864	22645.864	22646.064	22646.424
3	39	2	1	710	4	2	12	20	1	2	1	1	1.0668467	20	22647.927	22648.527	22648.527	22648.727	22649.594
3	39	2	1	711	4	2	12	21	1	2	1	1	1.2446104	21	22650.562	22651.162	22651.162	22651.362	22652.406
3	39	2	1	712	4	2	12	22	2	2	1	1	0.52193826	22	22653.197	22653.797	22653.797	22653.997	22654.319
3	39	2	1	713	4	2	12	23	6	2	8	1	0.69853475	23	22655.835	22656.435	22656.435	22656.635	22657.134
3	39	2	1	714	4	2	12	24	6	2	8	1	1.0282826	24	22658.474	22659.074	22659.074	22659.274	22660.102
3	39	2	1	715	4	2	12	25	4	1	8	1	0.68827182	25	22661.109	22661.309	22661.309	22661.509	22661.997
3	39	2	1	716	4	2	12	26	6	1	8	1	0.6177084	26	22663.345	22663.545	22663.545	22663.745	22664.162
3	39	2	1	717	4	2	12	27	2	1	1	1	0.85926893	27	22665.58	22665.78	22665.78	22665.98	22666.639
3	39	2	1	718	4	2	12	28	4	1	8	1	0.6899641	28	22667.82	22668.02	22668.02	22668.22	22668.71
3	39	2	1	719	4	2	12	29	4	1	8	1	0.51033857	29	22670.056	22670.256	22670.256	22670.456	22670.766
3	39	2	1	720	4	2	12	30	5	2	8	1	0.54671534	30	22672.291	22672.891	22672.891	22673.091	22673.437
