255	30	220	48	65	119	36	151	0	0	0	0	0	0	0	0	0	0	0	0
1	37	1	1	1	1	6	1	1	2	1	1	0	0.7782933	0	5404.5402	5404.7403	5404.7405	5404.9408	5405.5188
1	37	1	1	2	1	6	1	2	5	1	7	1	1.1067734	1	5407.0587	5407.2589	5407.259	5407.4592	5408.3658
1	37	1	1	3	1	6	1	3	4	2	5	0	1.4384332	1	5409.2667	5409.8667	5409.8668	5410.0668	5411.3052
1	37	1	1	4	1	6	1	4	5	1	0	0	-5412.3821	1	5412.182	5412.3821	5412.3821	5412.5821	0
1	37	1	1	5	1	6	1	5	6	1	8	1	0.99072679	2	5414.6896	5414.8896	5414.8897	5415.0897	5415.8804
1	37	1	1	6	1	6	1	6	3	2	4	0	1.2954406	2	5416.8953	5417.4953	5417.4953	5417.6953	5418.7907
1	37	1	1	7	1	6	1	7	4	1	6	1	1.811111	3	5419.8104	5420.0104	5420.0104	5420.2104	5421.8215
1	37	1	1	8	1	6	1	8	4	2	6	1	1.4801076	4	5422.0175	5422.6175	5422.6175	5422.8175	5424.0976
1	37	1	1	9	1	6	1	9	1	2	2	0	1.5348223	4	5424.6245	5425.2245	5425.2245	5425.4246	5426.7594
1	37	1	1	10	1	6	1	10	6	2	8	1	1.8864091	5	5427.5374	5428.1374	5428.1374	5428.3375	5430.0238
1	37	1	1	11	1	6	1	11	6	1	8	1	0.91027478	6	5430.1993	5430.3993	5430.3993	5430.5994	5431.3096
1	37	1	1	12	1	6	1	12	3	1	3	1	1.5048818	7	5432.4054	5432.6054	5432.6054	5432.8055	5434.1103
1	37	1	1	13	1	6	1	13	2	2	1	0	0.93053203	7	5434.6133	5435.2133	5435.2133	5435.4134	5436.1438
1	37	1	1	14	1	6	1	14	5	1	7	1	1.1122038	8	5437.5291	5437.7291	5437.7291	5437.9291	5438.8413
1	37	1	1	15	1	6	1	15	1	2	1	1	0.97840279	9	5439.7351	5440.3351	5440.3351	5440.5351	5441.3135
1	37	1	1	16	1	6	1	16	2	2	2	1	1.8034027	10	5442.3421	5442.9421	5442.9421	5443.1421	5444.7455
1	37	1	1	17	1	6	1	17	5	2	7	1	1.1643328	11	5444.9477	5445.5477	5445.5477	5445.7477	5446.712
1	37	1	1	18	1	6	1	18	4	2	6	1	1.4609329	12	5447.5538	5448.1538	5448.1538	5448.3538	5449.6147
1	37	1	1	19	1	6	1	19	1	2	1	1	1.4874193	13	5450.1608	5450.7608	5450.7608	5450.9608	5452.2483
1	37	1	1	20	1	6	1	20	3	1	3	1	1.334718	14	5452.7684	5452.9684	5452.9684	5453.1685	5454.3031
1	37	1	1	21	1	6	1	21	6	1	8	1	1.2836711	15	5455.028	5455.2281	5455.2281	5455.4282	5456.5118
1	37	1	1	22	1	6	1	22	1	2	2	0	1.940524	15	5457.2339	5457.8339	5457.8339	5458.0339	5459.7745
1	37	1	1	23	1	6	1	23	1	1	1	1	0.66104286	16	5460.1482	5460.3482	5460.3482	5460.5482	5461.0092
1	37	1	1	24	1	6	1	24	6	1	8	1	0.96534407	17	5462.3546	5462.5546	5462.5547	5462.7547	5463.52
1	37	1	1	25	1	6	1	25	4	2	6	1	0.9510587	18	5464.5621	5465.1621	5465.1622	5465.3622	5466.1132
1	37	1	1	26	1	6	1	26	3	1	3	1	1.6878123	19	5467.1696	5467.3697	5467.3697	5467.5697	5469.0575
1	37	1	1	27	1	6	1	27	2	1	2	1	1.4147275	20	5469.3773	5469.5773	5469.5773	5469.7773	5470.992
1	37	1	1	28	1	6	1	28	2	2	2	1	0.80792644	21	5471.585	5472.185	5472.185	5472.385	5472.993
1	37	1	1	29	1	6	1	29	5	2	7	1	1.19669	22	5474.1928	5474.7928	5474.7928	5474.9928	5475.9895
1	37	1	1	30	1	6	1	30	3	1	4	0	1.6309746	22	5476.8005	5477.0005	5477.0005	5477.2005	5478.6315
1	37	1	1	31	1	2	1	1	5	1	5	1	0.5653098	1	5494.9362	5495.1363	5495.1364	5495.3366	5495.7017
1	37	1	1	32	1	2	1	2	4	1	5	1	0.56961992	2	5497.1488	5497.3488	5497.3488	5497.5488	5497.9184
1	37	1	1	33	1	2	1	3	3	2	4	1	0.57424908	3	5499.3562	5499.9562	5499.9563	5500.1563	5500.5305
1	37	1	1	34	1	2	1	4	5	1	5	1	0.48880243	4	5501.9656	5502.1656	5502.1656	5502.3656	5502.6544
1	37	1	1	35	1	2	1	5	2	1	4	1	0.38413521	5	5504.1734	5504.3734	5504.3734	5504.5734	5504.7575
1	37	1	1	36	1	2	1	6	6	2	5	1	0.42480649	6	5506.3814	5506.9814	5506.9814	5507.1814	5507.4062
1	37	1	1	37	1	2	1	7	4	1	4	0	0.38548387	6	5508.9893	5509.1893	5509.1893	5509.3893	5509.5747
1	37	1	1	38	1	2	1	8	3	2	4	1	0.50123568	7	5511.5003	5512.1003	5512.1003	5512.3003	5512.6015
1	37	1	1	39	1	2	1	9	4	2	5	1	0.44946052	8	5514.1081	5514.7081	5514.7081	5514.9081	5515.1576
1	37	1	1	40	1	2	1	10	1	2	4	1	0.47703378	9	5516.7149	5517.3149	5517.3149	5517.5149	5517.7919
1	37	1	1	41	1	2	1	11	6	1	5	1	0.44334342	10	5519.3236	5519.5236	5519.5236	5519.7236	5519.9669
1	37	1	1	42	1	2	1	12	4	1	5	1	0.41729172	11	5521.5338	5521.7338	5521.7338	5521.9338	5522.1511
1	37	1	1	43	1	2	1	13	2	2	4	1	0.37717417	12	5523.743	5524.343	5524.343	5524.543	5524.7202
1	37	1	1	44	1	2	1	14	6	1	5	1	0.34428651	13	5526.3505	5526.5505	5526.5505	5526.7505	5526.8948
1	37	1	1	45	1	2	1	15	2	2	4	1	0.40898849	14	5528.5573	5529.1573	5529.1573	5529.3573	5529.5663
1	37	1	1	46	1	2	1	16	2	2	4	1	0.36896347	15	5531.1659	5531.766	5531.766	5531.966	5532.1349
1	37	1	1	47	1	2	1	17	3	2	4	1	0.51441463	16	5533.7745	5534.3745	5534.3745	5534.5746	5534.889
1	37	1	1	48	1	2	1	18	1	2	4	1	0.41996532	17	5536.3834	5536.9834	5536.9834	5537.1835	5537.4034
1	37	1	1	49	1	2	1	19	4	2	5	1	0.3320466	18	5538.9921	5539.5922	5539.5922	5539.7922	5539.9242
1	37	1	1	50	1	2	1	20	6	1	5	1	0.37463828	19	5541.6012	5541.8012	5541.8012	5542.0012	5542.1759
1	37	1	1	51	1	2	1	21	1	1	4	1	0.36438496	20	5543.8107	5544.0107	5544.0107	5544.2107	5544.3751
1	37	1	1	52	1	2	1	22	2	2	4	1	0.42010643	21	5546.0197	5546.6197	5546.6197	5546.8197	5547.0398
1	37	1	1	53	1	2	1	23	1	1	4	1	0.40110054	22	5548.6282	5548.8282	5548.8282	5549.0282	5549.2293
1	37	1	1	54	1	2	1	24	1	1	4	1	0.39305104	23	5550.8373	5551.0373	5551.0374	5551.2374	5551.4304
1	37	1	1	55	1	2	1	25	5	2	5	1	0.36831756	24	5553.0468	5553.6468	5553.6469	5553.8469	5554.0152
1	37	1	1	56	1	2	1	26	6	1	5	1	0.34146352	25	5555.6564	5555.8565	5555.8565	5556.0565	5556.198
1	37	1	1	57	1	2	1	27	3	1	4	1	0.3510828	26	5557.8646	5558.0646	5558.0646	5558.2646	5558.4157
1	37	1	1	58	1	2	1	28	5	2	4	0	0.31912303	26	5560.074	5560.674	5560.674	5560.874	5560.9931
1	37	1	1	59	1	2	1	29	5	2	5	1	0.40296447	27	5562.9945	5563.5945	5563.5945	5563.7946	5563.9975
1	37	1	1	60	1	2	1	30	3	1	4	1	0.34975131	28	5565.6024	5565.8024	5565.8024	5566.0024	5566.1521
1	37	1	1	61	1	6	2	1	5	1	7	1	0.80126439	29	5600.1741	5600.3742	5600.3742	5600.5742	5601.1754
1	37	1	1	62	1	6	2	2	4	1	6	1	0.65643043	30	5602.3841	5602.5841	5602.5842	5602.7842	5603.2406
1	37	1	1	63	1	6	2	3	3	2	3	1	0.75706413	31	5604.5943	5605.1944	5605.1944	5605.3944	5605.9515
1	37	1	1	64	1	6	2	4	5	1	7	1	1.0503564	32	5607.2043	5607.4043	5607.4043	5607.6043	5608.4547
1	37	1	1	65	1	6	2	5	2	1	2	1	1.1143224	33	5609.4137	5609.6137	5609.6138	5609.8138	5610.7281
1	37	1	1	66	1	6	2	6	6	2	8	1	0.98698308	34	5611.6211	5612.2212	5612.2212	5612.4212	5613.2082
1	37	1	1	67	1	6	2	7	4	1	7	0	1.0191884	34	5614.2315	5614.4315	5614.4315	5614.6315	5615.4507
1	37	1	1	68	1	6	2	8	3	2	3	1	0.82295314	35	5616.7529	5617.3529	5617.3529	5617.5529	5618.1759
1	37	1	1	69	1	6	2	9	4	2	6	1	0.53784209	36	5619.414	5620.014	5620.014	5620.214	5620.5518
1	37	1	1	70	1	6	2	10	1	2	1	1	0.9123684	37	5622.0239	5622.6239	5622.624	5622.824	5623.5363
1	37	1	1	71	1	6	2	11	6	1	8	1	0.73353912	38	5624.6342	5624.8342	5624.8342	5625.0342	5625.5677
1	37	1	1	72	1	6	2	12	4	1	6	1	0.93112331	39	5626.8447	5627.0447	5627.0447	5627.2447	5627.9758
1	37	1	1	73	1	6	2	13	2	2	2	1	0.85066503	40	5629.0548	5629.6548	5629.6548	5629.8548	5630.5055
1	37	1	1	74	1	6	2	14	6	1	8	1	0.71732917	41	5631.6649	5631.8649	5631.8649	5632.0649	5632.5823
1	37	1	1	75	1	6	2	15	2	2	2	1	0.95604163	42	5633.8749	5634.4749	5634.4749	5634.6749	5635.431
1	37	1	1	76	1	6	2	16	2	2	2	1	0.60426784	43	5636.4854	5637.0854	5637.0855	5637.2855	5637.6897
1	37	1	1	77	1	6	2	17	3	2	3	1	0.78123106	44	5639.0959	5639.6959	5639.6959	5639.8959	5640.4771
1	37	1	1	78	1	6	2	18	1	2	1	1	0.71019123	45	5641.706	5642.306	5642.306	5642.506	5643.0162
1	37	1	1	79	1	6	2	19	4	2	6	1	0.47502742	46	5644.3166	5644.9166	5644.9166	5645.1166	5645.3916
1	37	1	1	80	1	6	2	20	6	1	8	1	0.69567358	47	5646.9271	5647.1271	5647.1271	5647.3271	5647.8227
1	37	1	1	81	1	6	2	21	1	1	1	1	0.79639736	48	5649.137	5649.337	5649.337	5649.537	5650.1334
1	37	1	1	82	1	6	2	22	2	2	2	1	0.80481119	49	5651.3471	5651.9471	5651.9471	5652.1471	5652.7519
1	37	1	1	83	1	6	2	23	1	1	3	0	0.65074226	49	5653.9577	5654.1577	5654.1577	5654.3577	5654.8085
1	37	1	1	84	1	6	2	24	1	1	1	1	0.87808495	50	5656.4797	5656.6797	5656.6797	5656.8797	5657.5578
1	37	1	1	85	1	6	2	25	5	2	7	1	0.89466405	51	5658.6904	5659.2904	5659.2904	5659.4904	5660.1851
1	37	1	1	86	1	6	2	26	6	1	8	1	0.6812799	52	5661.301	5661.501	5661.501	5661.701	5662.1823
1	37	1	1	87	1	6	2	27	3	1	3	1	0.86148395	53	5663.512	5663.712	5663.712	5663.912	5664.5735
1	37	1	1	88	1	6	2	28	5	2	7	1	0.82314691	54	5665.7223	5666.3223	5666.3223	5666.5223	5667.1454
1	37	1	1	89	1	6	2	29	5	2	7	1	0.57077487	55	5668.3323	5668.9323	5668.9323	5669.1323	5669.5031
1	37	1	1	90	1	6	2	30	3	1	3	1	0.80977139	56	5670.9413	5671.1413	5671.1413	5671.3413	5671.9511
1	37	1	1	91	1	2	2	1	2	1	4	1	0.64884371	1	5689.4788	5689.6788	5689.6788	5689.8788	5690.3277
1	37	1	1	92	1	2	2	2	4	1	5	1	0.51786403	2	5691.6901	5691.8901	5691.8901	5692.0901	5692.408
1	37	1	1	93	1	2	2	3	4	2	5	1	0.38615125	3	5693.9013	5694.5013	5694.5013	5694.7013	5694.8875
1	37	1	1	94	1	2	2	4	2	1	4	1	0.5517845	4	5696.5103	5696.7103	5696.7103	5696.9103	5697.2621
1	37	1	1	95	1	2	2	5	1	1	4	1	0.50296569	5	5698.7219	5698.9219	5698.9219	5699.1219	5699.4249
1	37	1	1	96	1	2	2	6	1	2	4	1	0.36037972	6	5700.9329	5701.5329	5701.5329	5701.7329	5701.8933
1	37	1	1	97	1	2	2	7	2	1	4	1	0.37790445	7	5703.5419	5703.742	5703.742	5703.942	5704.1199
1	37	1	1	98	1	2	2	8	5	2	5	1	0.47944068	8	5705.751	5706.351	5706.351	5706.551	5706.8305
1	37	1	1	99	1	2	2	9	3	2	4	1	0.54793633	9	5708.3622	5708.9622	5708.9622	5709.1622	5709.5102
1	37	1	1	100	1	2	2	10	3	2	4	1	0.42664233	10	5710.9731	5711.5731	5711.5731	5711.7731	5711.9998
1	37	1	1	101	1	2	2	11	4	1	5	1	0.438926	11	5713.5844	5713.7844	5713.7844	5713.9844	5714.2233
1	37	1	1	102	1	2	2	12	5	1	5	1	0.41913853	12	5715.7958	5715.9958	5715.9958	5716.1958	5716.4149
1	37	1	1	103	1	2	2	13	3	2	4	1	0.51468996	13	5718.0055	5718.6055	5718.6055	5718.8056	5719.1202
1	37	1	1	104	1	2	2	14	6	1	4	0	0.55885241	13	5720.6175	5720.8175	5720.8175	5721.0175	5721.3763
1	37	1	1	105	1	2	2	15	1	2	4	1	0.39909358	14	5723.1352	5723.7352	5723.7352	5723.9352	5724.1343
1	37	1	1	106	1	2	2	16	3	2	4	1	0.41322001	15	5725.7464	5726.3464	5726.3464	5726.5464	5726.7596
1	37	1	1	107	1	2	2	17	6	2	5	1	0.3427732	16	5728.3582	5728.9583	5728.9583	5729.1583	5729.301
1	37	1	1	108	1	2	2	18	5	2	4	0	0.39318781	16	5730.9675	5731.5675	5731.5675	5731.7675	5731.9607
1	37	1	1	109	1	2	2	19	6	2	5	1	0.48420642	17	5733.8899	5734.4899	5734.4899	5734.6899	5734.9742
1	37	1	1	110	1	2	2	20	2	1	4	1	0.56797039	18	5736.5356	5736.7356	5736.7356	5736.9356	5737.3036
1	37	1	1	111	1	2	2	21	4	1	5	1	0.4453458	19	5738.7482	5738.9482	5738.9482	5739.1482	5739.3935
1	37	1	1	112	1	2	2	22	5	2	5	1	0.43999452	20	5740.9604	5741.5604	5741.5604	5741.7604	5742.0004
1	37	1	1	113	1	2	2	23	6	1	5	1	0.4451037	21	5743.5709	5743.7709	5743.7709	5743.9709	5744.216
1	37	1	1	114	1	2	2	24	1	1	4	1	0.29478958	22	5745.783	5745.983	5745.983	5746.183	5746.2777
1	37	1	1	115	1	2	2	25	5	2	5	1	0.3880366	23	5747.9952	5748.5952	5748.5953	5748.7953	5748.9833
1	37	1	1	116	1	2	2	26	2	1	4	1	0.38333	24	5750.6079	5750.8079	5750.808	5751.008	5751.1913
1	37	1	1	117	1	2	2	27	3	1	4	1	0.46372249	25	5752.8201	5753.0201	5753.0201	5753.2201	5753.4839
1	37	1	1	118	1	2	2	28	1	2	4	1	0.46154158	26	5755.0321	5755.6321	5755.6321	5755.8321	5756.0936
1	37	1	1	119	1	2	2	29	6	2	5	1	0.42263138	27	5757.6425	5758.2425	5758.2425	5758.4425	5758.6651
1	37	1	1	120	1	2	2	30	4	1	5	1	0.36715068	28	5760.2552	5760.4552	5760.4552	5760.6552	5760.8223
1	37	1	1	121	1	6	3	1	2	1	2	1	1.0235223	29	5777.8406	5778.0406	5778.0406	5778.2406	5779.0641
1	37	1	1	122	1	6	3	2	4	1	6	1	1.1004548	30	5780.0512	5780.2512	5780.2512	5780.4512	5781.3516
1	37	1	1	123	1	6	3	3	4	2	6	1	0.6483685	31	5782.2636	5782.8636	5782.8636	5783.0636	5783.512
1	37	1	1	124	1	6	3	4	2	1	2	1	0.90464021	32	5784.8764	5785.0764	5785.0764	5785.2764	5785.981
1	37	1	1	125	1	6	3	5	1	1	1	1	0.57326213	33	5787.0888	5787.2888	5787.2888	5787.4888	5787.8621
1	37	1	1	126	1	6	3	6	1	2	1	1	0.77602545	34	5789.3015	5789.9015	5789.9015	5790.1015	5790.6775
1	37	1	1	127	1	6	3	7	2	1	3	0	0.81961145	34	5791.9144	5792.1144	5792.1144	5792.3144	5792.934
1	37	1	1	128	1	6	3	8	5	2	6	0	0.875311	34	5794.4302	5795.0302	5795.0302	5795.2302	5795.9055
1	37	1	1	129	1	6	3	9	3	2	3	1	1.2674632	35	5797.3458	5797.9459	5797.9459	5798.1459	5799.2133
1	37	1	1	130	1	6	3	10	3	2	2	0	0.90506507	35	5799.9566	5800.5566	5800.5566	5800.7566	5801.4617
1	37	1	1	131	1	6	3	11	4	1	6	1	1.024929	36	5802.8797	5803.0797	5803.0797	5803.2797	5804.1046
1	37	1	1	132	1	6	3	12	5	1	7	1	1.1496374	37	5805.0926	5805.2926	5805.2926	5805.4926	5806.4423
1	37	1	1	133	1	6	3	13	3	2	3	1	1.180857	38	5807.3057	5807.9057	5807.9057	5808.1057	5809.0865
1	37	1	1	134	1	6	3	14	6	1	8	1	0.78216277	39	5809.9189	5810.1189	5810.1189	5810.3189	5810.9011
1	37	1	1	135	1	6	3	15	1	2	1	1	0.75550899	40	5812.1318	5812.7318	5812.7319	5812.9319	5813.4874
1	37	1	1	136	1	6	3	16	3	2	2	0	0.82421097	40	5814.7449	5815.3449	5815.3449	5815.5449	5816.1692
1	37	1	1	137	1	6	3	17	6	2	8	1	1.0488061	41	5817.6621	5818.2621	5818.2621	5818.4621	5819.311
1	37	1	1	138	1	6	3	18	5	2	7	1	1.0120521	42	5820.2756	5820.8756	5820.8756	5821.0756	5821.8877
1	37	1	1	139	1	6	3	19	6	2	8	1	0.77413059	43	5822.8887	5823.4887	5823.4887	5823.6887	5824.2628
1	37	1	1	140	1	6	3	20	2	1	1	0	0.72654467	43	5825.5014	5825.7014	5825.7014	5825.9015	5826.428
1	37	1	1	141	1	6	3	21	4	1	6	1	1.0454181	44	5828.0248	5828.2248	5828.2248	5828.4248	5829.2703
1	37	1	1	142	1	6	3	22	5	2	7	1	0.76309834	45	5830.2358	5830.8358	5830.8358	5831.0358	5831.5989
1	37	1	1	143	1	6	3	23	6	1	8	1	0.61403542	46	5832.8463	5833.0463	5833.0463	5833.2463	5833.6604
1	37	1	1	144	1	6	3	24	1	1	1	1	0.38696166	47	5835.0598	5835.2598	5835.2598	5835.4598	5835.6468
1	37	1	1	145	1	6	3	25	5	2	6	0	0.7669569	47	5837.2729	5837.8729	5837.8729	5838.0729	5838.6398
1	37	1	1	146	1	6	3	26	2	1	2	1	1.0628656	48	5840.192	5840.392	5840.392	5840.592	5841.4548
1	37	1	1	147	1	6	3	27	3	1	3	1	1.1142421	49	5842.4029	5842.6029	5842.6029	5842.8029	5843.7171
1	37	1	1	148	1	6	3	28	1	2	1	1	0.82597001	50	5844.6462	5845.2463	5845.2463	5845.4463	5846.0722
1	37	1	1	149	1	6	3	29	6	2	8	1	0.80461241	51	5847.2603	5847.8603	5847.8604	5848.0604	5848.665
1	37	1	1	150	1	6	3	30	4	1	6	1	0.91529847	52	5849.874	5850.074	5850.074	5850.274	5850.9893
1	37	1	1	151	1	2	3	1	6	1	5	1	0.549122	1	5861.0519	5861.2519	5861.2519	5861.4519	5861.801
1	37	1	1	152	1	2	3	2	2	1	4	1	0.39937142	2	5863.266	5863.466	5863.466	5863.666	5863.8654
1	37	1	1	153	1	2	3	3	6	2	5	1	0.4392765	3	5865.4799	5866.0799	5866.0799	5866.2799	5866.5192
1	37	1	1	154	1	2	3	4	4	1	5	1	0.47203701	4	5868.0936	5868.2936	5868.2936	5868.4936	5868.7656
1	37	1	1	155	1	2	3	5	6	1	5	1	0.44574388	5	5870.307	5870.507	5870.507	5870.7071	5870.9528
1	37	1	1	156	1	2	3	6	2	2	4	1	0.51197755	6	5872.5183	5873.1183	5873.1183	5873.3183	5873.6303
1	37	1	1	157	1	2	3	7	3	1	4	1	0.53163947	7	5875.1312	5875.3312	5875.3312	5875.5312	5875.8628
1	37	1	1	158	1	2	3	8	4	2	5	1	0.46797192	8	5877.348	5877.948	5877.948	5878.148	5878.4159
1	37	1	1	159	1	2	3	9	6	2	5	1	0.48476393	9	5879.9619	5880.5619	5880.5619	5880.7619	5881.0466
1	37	1	1	160	1	2	3	10	4	2	5	1	0.39785864	10	5882.5759	5883.1759	5883.1759	5883.3759	5883.5737
1	37	1	1	161	1	2	3	11	5	1	5	1	0.38515291	11	5885.1917	5885.3917	5885.3917	5885.5917	5885.7768
1	37	1	1	162	1	2	3	12	1	1	4	1	0.44396438	12	5887.4035	5887.6035	5887.6035	5887.8035	5888.0475
1	37	1	1	163	1	2	3	13	1	2	4	1	0.4506558	13	5889.6145	5890.2145	5890.2145	5890.4145	5890.6652
1	37	1	1	164	1	2	3	14	1	1	4	1	0.48421735	14	5892.2278	5892.4278	5892.4278	5892.6278	5892.912
1	37	1	1	165	1	2	3	15	3	2	4	1	0.43768991	15	5894.4421	5895.0421	5895.0421	5895.2421	5895.4798
1	37	1	1	166	1	2	3	16	2	2	4	1	0.42396315	16	5897.0564	5897.6564	5897.6564	5897.8564	5898.0804
1	37	1	1	167	1	2	3	17	5	2	5	1	0.48319671	17	5899.6705	5900.2705	5900.2705	5900.4705	5900.7537
1	37	1	1	168	1	2	3	18	1	2	4	1	0.4610717	18	5902.2844	5902.8844	5902.8844	5903.0844	5903.3455
1	37	1	1	169	1	2	3	19	4	2	5	1	0.64275016	19	5904.8987	5905.4987	5905.4987	5905.6987	5906.1414
1	37	1	1	170	1	2	3	20	2	1	4	1	0.5579521	20	5907.5133	5907.7133	5907.7133	5907.9133	5908.2713
1	37	1	1	171	1	2	3	21	1	1	4	1	0.48178889	21	5909.7276	5909.9276	5909.9276	5910.1277	5910.4094
1	37	1	1	172	1	2	3	22	5	2	5	1	0.4406838	22	5911.9425	5912.5425	5912.5425	5912.7425	5912.9832
1	37	1	1	173	1	2	3	23	3	1	4	1	0.4732819	23	5914.5576	5914.7576	5914.7576	5914.9576	5915.2309
1	37	1	1	174	1	2	3	24	2	1	4	1	0.45567042	24	5916.7697	5916.9697	5916.9697	5917.1698	5917.4254
1	37	1	1	175	1	2	3	25	3	2	4	1	0.50129436	25	5918.9846	5919.5846	5919.5846	5919.7846	5920.0859
1	37	1	1	176	1	2	3	26	5	1	5	1	0.37439334	26	5921.5989	5921.7989	5921.7989	5921.9989	5922.1733
1	37	1	1	177	1	2	3	27	5	1	5	1	0.40004763	27	5923.8141	5924.0141	5924.0141	5924.2141	5924.4141
1	37	1	1	178	1	2	3	28	4	2	4	0	0.3885993	27	5926.0285	5926.6285	5926.6285	5926.8285	5927.0171
1	37	1	1	179	1	2	3	29	3	2	4	1	0.52547233	28	5928.9469	5929.5469	5929.5469	5929.7469	5930.0724
1	37	1	1	180	1	2	3	30	6	1	5	1	0.46970442	29	5931.5624	5931.7624	5931.7624	5931.9624	5932.2321
1	37	1	1	181	2	6	4	1	6	1	8	1	0.79232616	30	6332.0869	6332.2869	6332.2869	6332.4869	6333.0792
1	37	1	1	182	2	6	4	2	2	1	2	1	0.81804577	31	6334.3023	6334.5023	6334.5023	6334.7023	6335.3203
1	37	1	1	183	2	6	4	3	6	2	8	1	0.82781173	32	6336.5162	6337.1162	6337.1162	6337.3162	6337.944
1	37	1	1	184	2	6	4	4	4	1	6	1	1.1844581	33	6339.1317	6339.3317	6339.3317	6339.5317	6340.5162
1	37	1	1	185	2	6	4	5	6	1	8	1	0.81868187	34	6341.3468	6341.5468	6341.5468	6341.7468	6342.3655
1	37	1	1	186	2	6	4	6	2	2	2	1	0.73467203	35	6343.5617	6344.1618	6344.1618	6344.3618	6344.8964
1	37	1	1	187	2	6	4	7	3	1	3	1	0.61237152	36	6346.1765	6346.3765	6346.3765	6346.5765	6346.9889
1	37	1	1	188	2	6	4	8	4	2	6	1	0.86953967	37	6348.3921	6348.9921	6348.9921	6349.1921	6349.8616
1	37	1	1	189	2	6	4	9	6	2	8	1	0.56989182	38	6351.0049	6351.6049	6351.6049	6351.8049	6352.1748
1	37	1	1	190	2	6	4	10	4	2	6	1	0.85124572	39	6353.6199	6354.2199	6354.2199	6354.4199	6355.0712
1	37	1	1	191	2	6	4	11	5	1	7	1	0.70055005	40	6356.2357	6356.4357	6356.4357	6356.6357	6357.1363
1	37	1	1	192	2	6	4	12	1	1	1	1	0.95766467	41	6358.4485	6358.6485	6358.6485	6358.8485	6359.6062
1	37	1	1	193	2	6	4	13	1	2	1	1	0.66327064	42	6360.6642	6361.2642	6361.2642	6361.4642	6361.9274
1	37	1	1	194	2	6	4	14	1	1	1	1	0.61545203	43	6363.2786	6363.4786	6363.4786	6363.6786	6364.094
1	37	1	1	195	2	6	4	15	3	2	3	1	1.1558849	44	6365.4941	6366.0941	6366.0941	6366.2941	6367.25
1	37	1	1	196	2	6	4	16	2	2	2	1	1.1992851	45	6368.11	6368.71	6368.71	6368.91	6369.9093
1	37	1	1	197	2	6	4	17	5	2	7	1	0.99752815	46	6370.7226	6371.3226	6371.3226	6371.5226	6372.3201
1	37	1	1	198	2	6	4	18	1	2	1	1	0.74512394	47	6373.3351	6373.9351	6373.9351	6374.1351	6374.6802
1	37	1	1	199	2	6	4	19	4	2	6	1	0.8649999	48	6375.9508	6376.5508	6376.5508	6376.7508	6377.4158
1	37	1	1	200	2	6	4	20	2	1	2	1	0.88972652	49	6378.5661	6378.7661	6378.7661	6378.9661	6379.6558
1	37	1	1	201	2	6	4	21	1	1	1	1	0.66295186	50	6380.7821	6380.9821	6380.9821	6381.1821	6381.6451
1	37	1	1	202	2	6	4	22	5	2	6	0	1.0300019	50	6382.9954	6383.5954	6383.5954	6383.7954	6384.6254
1	37	1	1	203	2	6	4	23	3	1	3	1	1.1720967	51	6385.6115	6385.8115	6385.8115	6386.0115	6386.9836
1	37	1	1	204	2	6	4	24	2	1	2	1	0.98864439	52	6387.8278	6388.0278	6388.0278	6388.2278	6389.0164
1	37	1	1	205	2	6	4	25	3	2	3	1	0.84430149	53	6390.0435	6390.6435	6390.6435	6390.8435	6391.4878
1	37	1	1	206	2	6	4	26	5	1	7	1	0.89755272	54	6392.6594	6392.8594	6392.8594	6393.0594	6393.757
1	37	1	1	207	2	6	4	27	5	1	7	1	0.79421669	55	6394.8756	6395.0756	6395.0756	6395.2756	6395.8698
1	37	1	1	208	2	6	4	28	4	2	6	1	1.5965607	56	6397.0914	6397.6915	6397.6915	6397.8915	6399.288
1	37	1	1	209	2	6	4	29	3	2	3	1	0.88200867	57	6399.7072	6400.3072	6400.3072	6400.5073	6401.1893
1	37	1	1	210	2	6	4	30	6	1	8	1	0.82673585	58	6402.3234	6402.5234	6402.5234	6402.7234	6403.3502
1	37	1	1	211	2	2	4	1	2	1	4	1	0.63162428	1	6432.6058	6432.8058	6432.8058	6433.0058	6433.4374
1	37	1	1	212	2	2	4	2	2	1	4	1	0.5681573	2	6434.8219	6435.0219	6435.0219	6435.2219	6435.5901
1	37	1	1	213	2	2	4	3	5	2	5	1	0.49809906	3	6437.0384	6437.6384	6437.6384	6437.8384	6438.1365
1	37	1	1	214	2	2	4	4	4	1	5	1	0.45056195	4	6439.6545	6439.8545	6439.8545	6440.0545	6440.305
1	37	1	1	215	2	2	4	5	6	1	5	1	0.45433349	5	6441.8712	6442.0712	6442.0712	6442.2712	6442.5255
1	37	1	1	216	2	2	4	6	5	2	5	1	0.4146811	6	6444.0877	6444.6877	6444.6877	6444.8877	6445.1024
1	37	1	1	217	2	2	4	7	6	1	5	1	0.40711446	7	6446.7046	6446.9046	6446.9046	6447.1046	6447.3117
1	37	1	1	218	2	2	4	8	2	2	4	1	0.35074128	8	6448.9214	6449.5214	6449.5214	6449.7214	6449.8721
1	37	1	1	219	2	2	4	9	1	2	4	1	0.35969888	9	6451.5354	6452.1354	6452.1354	6452.3354	6452.4951
1	37	1	1	220	2	2	4	10	5	2	5	1	0.41273423	10	6454.1481	6454.7481	6454.7481	6454.9481	6455.1609
1	37	1	1	221	2	2	4	11	4	1	5	1	0.39949935	11	6456.7648	6456.9648	6456.9648	6457.1648	6457.3643
1	37	1	1	222	2	2	4	12	1	1	4	1	0.4634618	12	6458.9823	6459.1823	6459.1823	6459.3824	6459.6458
1	37	1	1	223	2	2	4	13	3	2	4	1	0.5022977	13	6461.1989	6461.7989	6461.7989	6461.9989	6462.3012
1	37	1	1	224	2	2	4	14	3	1	4	1	0.43830453	14	6463.8169	6464.0169	6464.0169	6464.2169	6464.4552
1	37	1	1	225	2	2	4	15	6	2	5	1	0.35819784	15	6466.0339	6466.6339	6466.6339	6466.8339	6466.9921
1	37	1	1	226	2	2	4	16	4	2	5	1	0.42616186	16	6468.651	6469.251	6469.251	6469.451	6469.6772
1	37	1	1	227	2	2	4	17	3	2	4	1	0.4512292	17	6471.2682	6471.8682	6471.8682	6472.0682	6472.3194
1	37	1	1	228	2	2	4	18	5	2	5	1	0.42034729	18	6473.8852	6474.4852	6474.4852	6474.6852	6474.9055
1	37	1	1	229	2	2	4	19	5	2	5	1	0.41912746	19	6476.4993	6477.0993	6477.0993	6477.2993	6477.5184
1	37	1	1	230	2	2	4	20	3	1	4	1	0.56105451	20	6479.1164	6479.3164	6479.3164	6479.5164	6479.8774
1	37	1	1	231	2	2	4	21	6	1	5	1	0.47265298	21	6481.3338	6481.5338	6481.5338	6481.7338	6482.0064
1	37	1	1	232	2	2	4	22	4	2	5	1	0.41772894	22	6483.5513	6484.1513	6484.1513	6484.3514	6484.5691
1	37	1	1	233	2	2	4	23	2	1	4	1	0.39951302	23	6486.1692	6486.3692	6486.3692	6486.5692	6486.7687
1	37	1	1	234	2	2	4	24	1	1	4	1	0.39276871	24	6488.3832	6488.5832	6488.5832	6488.7832	6488.9759
1	37	1	1	235	2	2	4	25	1	2	4	1	0.43535865	25	6490.6021	6491.2021	6491.2021	6491.4021	6491.6374
1	37	1	1	236	2	2	4	26	4	1	5	1	0.42967672	26	6493.2173	6493.4173	6493.4173	6493.6173	6493.847
1	37	1	1	237	2	2	4	27	1	1	4	1	0.54062182	27	6495.4352	6495.6352	6495.6352	6495.8353	6496.1759
1	37	1	1	238	2	2	4	28	3	2	4	1	0.57996148	28	6497.6526	6498.2526	6498.2526	6498.4526	6498.8326
1	37	1	1	239	2	2	4	29	6	2	5	1	0.40212875	29	6500.2699	6500.8699	6500.8699	6501.0699	6501.272
1	37	1	1	240	2	2	4	30	2	1	4	1	0.42210629	30	6502.8875	6503.0875	6503.0875	6503.2875	6503.5096
1	37	1	1	241	2	6	5	1	2	1	2	1	0.81506021	31	6533.1745	6533.3745	6533.3745	6533.5745	6534.1896
1	37	1	1	242	2	6	5	2	2	1	2	1	0.72021113	32	6535.3903	6535.5903	6535.5903	6535.7903	6536.3105
1	37	1	1	243	2	6	5	3	5	2	7	1	0.98899008	33	6537.6082	6538.2082	6538.2082	6538.4082	6539.1972
1	37	1	1	244	2	6	5	4	4	1	6	1	0.91967523	34	6540.2258	6540.4258	6540.4258	6540.6258	6541.3455
1	37	1	1	245	2	6	5	5	6	1	8	1	0.73223523	35	6542.4441	6542.6441	6542.6441	6542.8441	6543.3764
1	37	1	1	246	2	6	5	6	5	2	7	1	0.92201059	36	6544.663	6545.263	6545.263	6545.463	6546.185
1	37	1	1	247	2	6	5	7	6	1	8	1	0.6705561	37	6547.2813	6547.4813	6547.4813	6547.6813	6548.1518
1	37	1	1	248	2	6	5	8	2	2	2	1	0.79651914	38	6549.4991	6550.0991	6550.0991	6550.2991	6550.8957
1	37	1	1	249	2	6	5	9	1	2	1	1	0.44846598	39	6552.1175	6552.7175	6552.7175	6552.9175	6553.1659
1	37	1	1	250	2	6	5	10	5	2	7	1	0.75118177	40	6554.7355	6555.3355	6555.3355	6555.5355	6556.0867
1	37	1	1	251	2	6	5	11	4	1	6	1	0.96435379	41	6557.354	6557.554	6557.554	6557.754	6558.5183
1	37	1	1	252	2	6	5	12	1	1	1	1	0.82850574	42	6559.5688	6559.7688	6559.7688	6559.9688	6560.5973
1	37	1	1	253	2	6	5	13	3	2	3	1	0.76284641	43	6561.7865	6562.3865	6562.3865	6562.5865	6563.1493
1	37	1	1	254	2	6	5	14	3	1	3	1	1.218249	44	6564.4044	6564.6044	6564.6044	6564.8044	6565.8227
1	37	1	1	255	2	6	5	15	6	2	8	1	0.64825646	45	6566.6223	6567.2223	6567.2223	6567.4223	6567.8706
1	37	1	1	256	2	6	5	16	4	2	6	1	1.0558594	46	6569.2409	6569.8409	6569.8409	6570.041	6570.8968
1	37	1	1	257	2	6	5	17	3	2	3	1	0.99482473	47	6571.8594	6572.4594	6572.4594	6572.6594	6573.4542
1	37	1	1	258	2	6	5	18	5	2	7	1	0.94231467	48	6574.4788	6575.0788	6575.0788	6575.2788	6576.0211
1	37	1	1	259	2	6	5	19	5	2	7	1	1.4295893	49	6577.0975	6577.6975	6577.6975	6577.8975	6579.1271
1	37	1	1	260	2	6	5	20	3	1	3	1	0.86518368	50	6579.7159	6579.9159	6579.9159	6580.1159	6580.7811
1	37	1	1	261	2	6	5	21	6	1	8	1	0.77854917	51	6581.9346	6582.1346	6582.1346	6582.3346	6582.9132
1	37	1	1	262	2	6	5	22	4	2	6	1	1.0458951	52	6584.153	6584.753	6584.753	6584.953	6585.7989
1	37	1	1	263	2	6	5	23	2	1	2	1	0.9007473	53	6586.7691	6586.9691	6586.9691	6587.1691	6587.8699
1	37	1	1	264	2	6	5	24	1	1	1	1	0.65093957	54	6588.9879	6589.1879	6589.1879	6589.3879	6589.8389
1	37	1	1	265	2	6	5	25	1	2	1	1	0.71391686	55	6591.2075	6591.8075	6591.8075	6592.0075	6592.5215
1	37	1	1	266	2	6	5	26	4	1	6	1	1.0610021	56	6593.8265	6594.0265	6594.0265	6594.2265	6595.0875
1	37	1	1	267	2	6	5	27	1	1	1	1	0.77641478	57	6596.0462	6596.2462	6596.2462	6596.4462	6597.0226
1	37	1	1	268	2	6	5	28	3	2	3	1	1.023294	58	6598.2651	6598.8651	6598.8651	6599.0651	6599.8884
1	37	1	1	269	2	6	5	29	6	2	8	1	0.68896305	59	6600.8845	6601.4845	6601.4846	6601.6846	6602.1735
1	37	1	1	270	2	6	5	30	2	1	2	1	0.82431364	60	6603.5002	6603.7002	6603.7002	6603.9002	6604.5245
1	37	1	1	271	2	2	5	1	5	1	5	1	0.74197323	1	6633.7836	6633.9836	6633.9836	6634.1836	6634.7256
1	37	1	1	272	2	2	5	2	1	1	4	1	0.4350692	2	6636.003	6636.203	6636.203	6636.403	6636.6381
1	37	1	1	273	2	2	5	3	4	2	5	1	0.44178557	3	6638.2195	6638.8195	6638.8195	6639.0195	6639.2613
1	37	1	1	274	2	2	5	4	2	1	4	1	0.37023934	4	6640.8385	6641.0385	6641.0385	6641.2385	6641.4088
1	37	1	1	275	2	2	5	5	2	1	4	1	0.33608294	5	6643.0547	6643.2547	6643.2547	6643.4547	6643.5908
1	37	1	1	276	2	2	5	6	6	2	5	1	0.31249353	6	6645.2713	6645.8714	6645.8714	6646.0714	6646.1838
1	37	1	1	277	2	2	5	7	4	1	5	1	0.42780656	7	6647.89	6648.09	6648.09	6648.29	6648.5178
1	37	1	1	278	2	2	5	8	2	2	4	1	0.44982155	8	6650.1079	6650.7079	6650.7079	6650.9079	6651.1577
1	37	1	1	279	2	2	5	9	3	2	4	1	0.44449213	9	6652.724	6653.324	6653.324	6653.524	6653.7685
1	37	1	1	280	2	2	5	10	4	2	5	1	0.3216077	10	6655.3402	6655.9402	6655.9402	6656.1402	6656.2618
1	37	1	1	281	2	2	5	11	6	1	5	1	0.36787742	11	6657.9595	6658.1595	6658.1595	6658.3595	6658.5273
1	37	1	1	282	2	2	5	12	4	1	5	1	0.40627876	12	6660.1793	6660.3793	6660.3793	6660.5793	6660.7856
1	37	1	1	283	2	2	5	13	5	2	4	0	0.2993634	12	6662.3958	6662.9958	6662.9958	6663.1958	6663.2951
1	37	1	1	284	2	2	5	14	2	1	4	1	0.47229769	13	6665.0153	6665.2153	6665.2153	6665.4153	6665.6876
1	37	1	1	285	2	2	5	15	5	2	5	1	0.38619029	14	6667.2354	6667.8354	6667.8354	6668.0354	6668.2216
1	37	1	1	286	2	2	5	16	1	2	4	1	0.43763884	15	6669.8555	6670.4555	6670.4555	6670.6555	6670.8932
1	37	1	1	287	2	2	5	17	6	2	0	0	-6673.0752	15	6672.4752	6673.0752	6673.0752	6673.2752	0
1	37	1	1	288	2	2	5	18	2	2	4	1	0.48212592	16	6675.0929	6675.6929	6675.6929	6675.8929	6676.175
1	37	1	1	289	2	2	5	19	6	2	5	1	0.46214348	17	6677.7126	6678.3126	6678.3126	6678.5127	6678.7748
1	37	1	1	290	2	2	5	20	4	1	5	1	0.44154353	18	6680.3328	6680.5329	6680.5329	6680.7329	6680.9744
1	37	1	1	291	2	2	5	21	1	1	4	1	0.50849515	19	6682.5535	6682.7535	6682.7536	6682.9536	6683.262
1	37	1	1	292	2	2	5	22	3	2	4	1	0.44834922	20	6684.7737	6685.3737	6685.3737	6685.5737	6685.822
1	37	1	1	293	2	2	5	23	6	1	5	1	0.48322135	21	6687.394	6687.594	6687.594	6687.794	6688.0773
1	37	1	1	294	2	2	5	24	5	1	5	1	0.45436621	22	6689.6111	6689.8111	6689.8111	6690.0111	6690.2655
1	37	1	1	295	2	2	5	25	1	2	4	1	0.45294347	23	6691.8279	6692.4279	6692.4279	6692.6279	6692.8809
1	37	1	1	296	2	2	5	26	3	1	4	1	0.56079231	24	6694.4484	6694.6484	6694.6484	6694.8484	6695.2092
1	37	1	1	297	2	2	5	27	5	1	5	1	0.45609154	25	6696.6691	6696.8691	6696.8691	6697.0691	6697.3252
1	37	1	1	298	2	2	5	28	3	2	4	1	0.44124539	26	6698.8878	6699.4878	6699.4878	6699.6878	6699.929
1	37	1	1	299	2	2	5	29	3	2	4	1	0.45346925	27	6701.5081	6702.1081	6702.1081	6702.3081	6702.5616
1	37	1	1	300	2	2	5	30	1	1	4	1	0.43236567	28	6704.1264	6704.3264	6704.3264	6704.5264	6704.7588
1	37	1	1	301	2	6	6	1	5	1	6	0	0.90379799	28	6734.4327	6734.6327	6734.6327	6734.8327	6735.5365
1	37	1	1	302	2	6	6	2	1	1	1	1	0.76414042	29	6736.6529	6736.8529	6736.8529	6737.0529	6737.6171
1	37	1	1	303	2	6	6	3	4	2	6	1	1.1582585	30	6738.8711	6739.4711	6739.4711	6739.6711	6740.6294
1	37	1	1	304	2	6	6	4	2	1	2	1	0.86066763	31	6741.4907	6741.6907	6741.6907	6741.8907	6742.5513
1	37	1	1	305	2	6	6	5	2	1	2	1	0.75914594	32	6743.7109	6743.9109	6743.9109	6744.1109	6744.67
1	37	1	1	306	2	6	6	6	6	2	8	1	0.74776499	33	6745.9309	6746.5309	6746.5309	6746.7309	6747.2786
1	37	1	1	307	2	6	6	7	4	1	6	1	0.86512859	34	6748.5511	6748.7511	6748.7511	6748.9511	6749.6163
1	37	1	1	308	2	6	6	8	2	2	2	1	1.1085508	35	6750.7716	6751.3716	6751.3716	6751.5716	6752.4802
1	37	1	1	309	2	6	6	9	3	2	1	0	0.76816615	35	6753.3922	6753.9922	6753.9922	6754.1922	6754.7604
1	37	1	1	310	2	6	6	10	4	2	6	1	0.99249189	36	6756.0128	6756.6128	6756.6128	6756.8128	6757.6053
1	37	1	1	311	2	6	6	11	6	1	8	1	0.71023236	37	6758.6328	6758.8328	6758.8328	6759.0328	6759.543
1	37	1	1	312	2	6	6	12	4	1	6	1	1.9997237	38	6760.8536	6761.0536	6761.0536	6761.2536	6763.0533
1	37	1	1	313	2	6	6	13	5	2	7	1	1.078305	39	6763.0732	6763.6732	6763.6732	6763.8732	6764.7516
1	37	1	1	314	2	6	6	14	2	1	2	1	0.92800264	40	6765.6938	6765.8938	6765.8938	6766.0938	6766.8218
1	37	1	1	315	2	6	6	15	5	2	7	1	0.98159906	41	6767.9122	6768.5122	6768.5122	6768.7122	6769.4938
1	37	1	1	316	2	6	6	16	1	2	1	1	0.78724492	42	6770.5311	6771.1311	6771.1311	6771.3311	6771.9183
1	37	1	1	317	2	6	6	17	6	2	8	1	0.75987624	43	6773.1523	6773.7523	6773.7523	6773.9523	6774.5122
1	37	1	1	318	2	6	6	18	2	2	2	1	0.86959026	44	6775.7916	6776.3916	6776.3916	6776.5916	6777.2612
1	37	1	1	319	2	6	6	19	6	2	8	1	0.92064628	45	6778.4132	6779.0132	6779.0132	6779.2132	6779.9339
1	37	1	1	320	2	6	6	20	4	1	7	0	0.90345421	45	6781.0315	6781.2315	6781.2315	6781.4315	6782.1349
1	37	1	1	321	2	6	6	21	1	1	1	1	0.77290475	46	6783.2528	6783.4528	6783.4528	6783.6528	6784.2257
1	37	1	1	322	2	6	6	22	3	2	3	1	1.1304339	47	6785.4768	6786.0768	6786.0768	6786.2769	6787.2073
1	37	1	1	323	2	6	6	23	6	1	8	1	0.91959548	48	6788.0947	6788.2947	6788.2947	6788.4947	6789.2143
1	37	1	1	324	2	6	6	24	5	1	7	1	1.2682667	49	6790.3157	6790.5157	6790.5157	6790.7157	6791.7839
1	37	1	1	325	2	6	6	25	1	2	1	1	0.71051323	50	6792.5375	6793.1375	6793.1375	6793.3375	6793.848
1	37	1	1	326	2	6	6	26	3	1	3	1	0.84848668	51	6795.1596	6795.3596	6795.3596	6795.5596	6796.2081
1	37	1	1	327	2	6	6	27	5	1	7	1	1.2753068	52	6797.381	6797.581	6797.581	6797.781	6798.8563
1	37	1	1	328	2	6	6	28	3	2	3	1	1.1280824	53	6799.6026	6800.2026	6800.2026	6800.4026	6801.3307
1	37	1	1	329	2	6	6	29	3	2	3	1	0.77735031	54	6802.2237	6802.8237	6802.8237	6803.0237	6803.601
1	37	1	1	330	2	6	6	30	1	1	1	1	1.0409401	55	6804.8482	6805.0482	6805.0482	6805.2482	6806.0891
1	37	1	1	331	2	2	6	1	4	1	5	1	0.73811626	1	6835.1318	6835.3318	6835.3318	6835.5318	6836.0699
1	37	1	1	332	2	2	6	2	5	1	5	1	0.51917439	2	6837.3499	6837.5499	6837.5499	6837.7499	6838.0691
1	37	1	1	333	2	2	6	3	2	2	4	1	0.40529498	3	6839.5682	6840.1682	6840.1682	6840.3682	6840.5735
1	37	1	1	334	2	2	6	4	6	1	5	1	0.52093598	4	6842.1896	6842.3896	6842.3896	6842.5896	6842.9106
1	37	1	1	335	2	2	6	5	2	1	4	1	0.48998495	5	6844.4109	6844.6109	6844.6109	6844.8109	6845.1009
1	37	1	1	336	2	2	6	6	4	2	5	1	0.33177493	6	6846.6324	6847.2324	6847.2324	6847.4324	6847.5642
1	37	1	1	337	2	2	6	7	5	1	5	1	0.40012775	7	6849.2538	6849.4538	6849.4538	6849.6538	6849.8539
1	37	1	1	338	2	2	6	8	3	2	4	1	0.48511162	8	6851.4753	6852.0753	6852.0753	6852.2753	6852.5604
1	37	1	1	339	2	2	6	9	4	2	5	1	0.34681252	9	6854.0939	6854.6939	6854.6939	6854.8939	6855.0408
1	37	1	1	340	2	2	6	10	5	2	5	1	0.45977653	10	6856.7158	6857.3158	6857.3158	6857.5158	6857.7756
1	37	1	1	341	2	2	6	11	6	1	5	1	0.43719962	11	6859.3392	6859.5392	6859.5392	6859.7392	6859.9764
1	37	1	1	342	2	2	6	12	3	1	5	0	0.39124451	11	6861.5603	6861.7603	6861.7603	6861.9603	6862.1516
1	37	1	1	343	2	2	6	13	2	2	4	1	0.52847525	12	6863.7829	6864.3829	6864.3829	6864.5829	6864.9114
1	37	1	1	344	2	2	6	14	4	1	5	1	0.4477091	13	6866.4058	6866.6058	6866.6058	6866.8058	6867.0535
1	37	1	1	345	2	2	6	15	3	2	4	1	0.44988588	14	6868.6281	6869.2281	6869.2281	6869.4281	6869.678
1	37	1	1	346	2	2	6	16	4	2	5	1	0.44507532	15	6871.2499	6871.8499	6871.8499	6872.0499	6872.295
1	37	1	1	347	2	2	6	17	6	2	5	1	0.45339997	16	6873.8728	6874.4728	6874.4728	6874.6728	6874.9262
1	37	1	1	348	2	2	6	18	1	2	4	1	0.36853628	17	6876.4948	6877.0948	6877.0948	6877.2948	6877.4634
1	37	1	1	349	2	2	6	19	3	2	4	1	0.46739254	18	6879.1139	6879.7139	6879.7139	6879.9139	6880.1813
1	37	1	1	350	2	2	6	20	1	1	4	1	0.45726119	19	6881.7356	6881.9356	6881.9356	6882.1357	6882.3929
1	37	1	1	351	2	2	6	21	5	1	5	1	0.43977815	20	6883.9581	6884.1581	6884.1581	6884.3581	6884.5979
1	37	1	1	352	2	2	6	22	1	2	4	1	0.35347904	21	6886.1803	6886.7803	6886.7803	6886.9803	6887.1337
1	37	1	1	353	2	2	6	23	1	1	4	1	0.47470123	22	6888.8028	6889.0028	6889.0028	6889.2028	6889.4775
1	37	1	1	354	2	2	6	24	6	1	5	1	0.42045407	23	6891.0246	6891.2246	6891.2246	6891.4246	6891.6451
1	37	1	1	355	2	2	6	25	2	2	4	1	0.43056167	24	6893.2468	6893.8468	6893.8468	6894.0468	6894.2773
1	37	1	1	356	2	2	6	26	6	1	5	1	0.63647961	25	6895.8729	6896.0729	6896.0729	6896.2729	6896.7094
1	37	1	1	357	2	2	6	27	5	1	4	0	0.41379908	25	6898.0956	6898.2956	6898.2956	6898.4956	6898.7094
1	37	1	1	358	2	2	6	28	1	2	4	1	0.45736687	26	6900.3179	6900.9179	6900.9179	6901.1179	6901.3753
1	37	1	1	359	2	2	6	29	2	2	4	1	0.47240225	27	6902.9441	6903.5441	6903.5441	6903.7441	6904.0165
1	37	1	1	360	2	2	6	30	3	1	4	1	0.44009818	28	6905.5665	6905.7665	6905.7665	6905.9665	6906.2066
1	37	1	1	361	3	6	7	1	4	1	6	1	1.2027576	29	7818.0614	7818.2614	7818.2614	7818.4614	7819.4642
1	37	1	1	362	3	6	7	2	5	1	7	1	0.90528554	30	7820.2878	7820.4878	7820.4878	7820.6878	7821.3931
1	37	1	1	363	3	6	7	3	2	2	2	1	0.79279243	31	7822.5099	7823.1099	7823.1099	7823.3099	7823.9027
1	37	1	1	364	3	6	7	4	6	1	8	1	0.77654667	32	7825.1295	7825.3295	7825.3295	7825.5295	7826.1061
1	37	1	1	365	3	6	7	5	2	1	2	1	0.7405154	33	7827.3958	7827.5958	7827.5958	7827.7958	7828.3363
1	37	1	1	366	3	6	7	6	4	2	5	0	0.82875558	33	7829.6184	7830.2184	7830.2184	7830.4184	7831.0471
1	37	1	1	367	3	6	7	7	5	1	7	1	0.87441287	34	7832.2438	7832.4438	7832.4438	7832.6438	7833.3182
1	37	1	1	368	3	6	7	8	3	2	3	1	0.87644717	35	7834.4668	7835.0669	7835.0669	7835.2669	7835.9433
1	37	1	1	369	3	6	7	9	4	2	7	0	1.1594103	35	7837.0873	7837.6873	7837.6873	7837.8873	7838.8467
1	37	1	1	370	3	6	7	10	5	2	7	1	0.85035576	36	7839.7139	7840.3139	7840.3139	7840.5139	7841.1642
1	37	1	1	371	3	6	7	11	6	1	8	1	0.71802223	37	7842.3376	7842.5376	7842.5376	7842.7376	7843.2556
1	37	1	1	372	3	6	7	12	3	1	3	1	0.87164536	38	7844.5606	7844.7606	7844.7606	7844.9606	7845.6323
1	37	1	1	373	3	6	7	13	2	2	2	1	0.5527981	39	7846.7833	7847.3833	7847.3833	7847.5833	7847.9361
1	37	1	1	374	3	6	7	14	4	1	1	0	0.50542761	39	7849.406	7849.606	7849.606	7849.806	7850.1115
1	37	1	1	375	3	6	7	15	3	2	3	1	0.77696572	40	7851.6301	7852.2301	7852.2301	7852.4301	7853.0071
1	37	1	1	376	3	6	7	16	4	2	6	1	0.96715882	41	7854.2563	7854.8563	7854.8563	7855.0563	7855.8235
1	37	1	1	377	3	6	7	17	6	2	8	1	0.70487716	42	7856.8795	7857.4795	7857.4795	7857.6795	7858.1844
1	37	1	1	378	3	6	7	18	1	2	1	1	1.0637151	43	7859.5028	7860.1028	7860.1028	7860.3028	7861.1665
1	37	1	1	379	3	6	7	19	3	2	3	1	0.82540739	44	7862.1266	7862.7266	7862.7266	7862.9266	7863.552
1	37	1	1	380	3	6	7	20	1	1	1	1	0.6896625	45	7864.7504	7864.9504	7864.9504	7865.1504	7865.6401
1	37	1	1	381	3	6	7	21	5	1	7	1	1.1050873	46	7866.9738	7867.1738	7867.1738	7867.3738	7868.2789
1	37	1	1	382	3	6	7	22	1	2	1	1	0.79006512	47	7869.2012	7869.8012	7869.8012	7870.0012	7870.5913
1	37	1	1	383	3	6	7	23	1	1	1	1	0.67542303	48	7871.8243	7872.0243	7872.0243	7872.2243	7872.6998
1	37	1	1	384	3	6	7	24	6	1	8	1	0.83237917	49	7874.0474	7874.2474	7874.2474	7874.4474	7875.0798
1	37	1	1	385	3	6	7	25	2	2	2	1	1.0154458	50	7876.2711	7876.8711	7876.8711	7877.0711	7877.8865
1	37	1	1	386	3	6	7	26	6	1	8	1	0.94573702	51	7878.8947	7879.0947	7879.0947	7879.2947	7880.0404
1	37	1	1	387	3	6	7	27	5	1	7	1	0.51632946	52	7881.1157	7881.3157	7881.3157	7881.5157	7881.832
1	37	1	1	388	3	6	7	28	1	2	1	1	0.63512263	53	7883.3385	7883.9385	7883.9385	7884.1385	7884.5737
1	37	1	1	389	3	6	7	29	2	2	3	0	0.75616676	53	7885.9626	7886.5626	7886.5626	7886.7626	7887.3187
1	37	1	1	390	3	6	7	30	3	1	1	0	0.72947649	53	7888.5875	7888.7875	7888.7875	7888.9875	7889.517
1	37	1	1	391	3	2	7	1	3	1	4	1	0.80657677	1	7918.8808	7919.0808	7919.0808	7919.2808	7919.8873
1	37	1	1	392	3	2	7	2	5	1	5	1	0.47741842	2	7921.1044	7921.3044	7921.3044	7921.5044	7921.7818
1	37	1	1	393	3	2	7	3	1	2	4	1	0.44448403	3	7923.3286	7923.9286	7923.9286	7924.1286	7924.3731
1	37	1	1	394	3	2	7	4	2	1	4	1	0.46832762	4	7925.9535	7926.1535	7926.1535	7926.3535	7926.6219
1	37	1	1	395	3	2	7	5	5	1	5	1	0.39033128	5	7928.1771	7928.3771	7928.3771	7928.5771	7928.7675
1	37	1	1	396	3	2	7	6	5	2	5	1	0.47910976	6	7930.398	7930.998	7930.998	7931.198	7931.4771
1	37	1	1	397	3	2	7	7	6	1	5	1	0.42767836	7	7933.0216	7933.2217	7933.2217	7933.4217	7933.6493
1	37	1	1	398	3	2	7	8	2	2	4	1	0.4106067	8	7935.2459	7935.8459	7935.846	7936.046	7936.2566
1	37	1	1	399	3	2	7	9	4	2	5	1	0.41665521	9	7937.8702	7938.4702	7938.4702	7938.6702	7938.8869
1	37	1	1	400	3	2	7	10	2	2	4	1	0.60997033	10	7940.4944	7941.0944	7941.0944	7941.2944	7941.7044
1	37	1	1	401	3	2	7	11	3	1	4	1	0.44882468	11	7943.1187	7943.3187	7943.3187	7943.5187	7943.7676
1	37	1	1	402	3	2	7	12	5	1	5	1	0.37881639	12	7945.3399	7945.5399	7945.5399	7945.7399	7945.9187
1	37	1	1	403	3	2	7	13	3	2	4	1	0.39971425	13	7947.5612	7948.1612	7948.1612	7948.3612	7948.561
1	37	1	1	404	3	2	7	14	6	1	5	1	0.4207961	14	7950.1857	7950.3857	7950.3857	7950.5857	7950.8065
1	37	1	1	405	3	2	7	15	4	2	5	1	0.45532369	15	7952.4103	7953.0103	7953.0103	7953.2103	7953.4657
1	37	1	1	406	3	2	7	16	1	2	4	1	0.52209302	16	7955.0353	7955.6353	7955.6353	7955.8353	7956.1574
1	37	1	1	407	3	2	7	17	5	2	5	1	0.38587692	17	7957.6594	7958.2594	7958.2595	7958.4595	7958.6453
1	37	1	1	408	3	2	7	18	1	2	4	1	0.36158311	18	7960.2841	7960.8841	7960.8841	7961.0841	7961.2456
1	37	1	1	409	3	2	7	19	6	2	5	1	0.36964691	19	7962.9084	7963.5084	7963.5084	7963.7084	7963.8781
1	37	1	1	410	3	2	7	20	1	1	4	1	0.37381176	20	7965.5709	7965.7709	7965.7709	7965.9709	7966.1447
1	37	1	1	411	3	2	7	21	2	1	4	1	0.47302045	21	7967.7961	7967.9961	7967.9962	7968.1962	7968.4692
1	37	1	1	412	3	2	7	22	4	2	5	1	0.29028889	22	7970.0207	7970.6207	7970.6207	7970.8207	7970.911
1	37	1	1	413	3	2	7	23	2	1	4	1	0.39447859	23	7972.6425	7972.8425	7972.8425	7973.0425	7973.237
1	37	1	1	414	3	2	7	24	3	1	4	1	0.62059939	24	7974.8677	7975.0677	7975.0677	7975.2677	7975.6883
1	37	1	1	415	3	2	7	25	3	2	5	0	0.35549402	24	7977.0927	7977.6927	7977.6927	7977.8927	7978.0482
1	37	1	1	416	3	2	7	26	6	1	5	1	0.51969011	25	7979.7175	7979.9175	7979.9175	7980.1176	7980.4372
1	37	1	1	417	3	2	7	27	6	1	5	1	0.61840317	26	7981.9423	7982.1423	7982.1423	7982.3423	7982.7607
1	37	1	1	418	3	2	7	28	4	2	5	1	0.43095323	27	7984.1672	7984.7672	7984.7672	7984.9672	7985.1981
1	37	1	1	419	3	2	7	29	4	2	5	1	0.43766489	28	7986.7929	7987.3929	7987.3929	7987.5929	7987.8305
1	37	1	1	420	3	2	7	30	1	1	4	1	0.47801773	29	7989.4176	7989.6176	7989.6176	7989.8176	7990.0956
1	37	1	1	421	3	6	8	1	3	1	3	1	1.1950967	30	8019.7303	8019.9303	8019.9303	8020.1303	8021.1254
1	37	1	1	422	3	6	8	2	5	1	7	1	1.0054898	31	8021.9535	8022.1535	8022.1535	8022.3535	8023.159
1	37	1	1	423	3	6	8	3	1	2	1	1	0.72632986	32	8024.178	8024.778	8024.778	8024.978	8025.5043
1	37	1	1	424	3	6	8	4	2	1	2	1	0.76353629	33	8026.8033	8027.0033	8027.0033	8027.2033	8027.7668
1	37	1	1	425	3	6	8	5	5	1	7	1	0.85605803	34	8029.0291	8029.2291	8029.2291	8029.4291	8030.0851
1	37	1	1	426	3	6	8	6	5	2	7	1	0.6483171	35	8031.2535	8031.8535	8031.8535	8032.0535	8032.5018
1	37	1	1	427	3	6	8	7	6	1	8	1	0.67142179	36	8033.8788	8034.0788	8034.0788	8034.2788	8034.7502
1	37	1	1	428	3	6	8	8	2	2	3	0	0.76316929	36	8036.1009	8036.7009	8036.7009	8036.901	8037.4641
1	37	1	1	429	3	6	8	9	4	2	5	0	0.79048049	36	8038.7267	8039.3267	8039.3267	8039.5267	8040.1172
1	37	1	1	430	3	6	8	10	2	2	3	0	0.80702332	36	8041.3517	8041.9517	8041.9517	8042.1517	8042.7588
1	37	1	1	431	3	6	8	11	3	1	3	1	1.2637078	37	8043.9757	8044.1757	8044.1757	8044.3757	8045.4394
1	37	1	1	432	3	6	8	12	5	1	7	1	0.97625261	38	8046.2008	8046.4008	8046.4008	8046.6008	8047.377
1	37	1	1	433	3	6	8	13	3	2	3	1	0.93506385	39	8048.4261	8049.0261	8049.0261	8049.2261	8049.9612
1	37	1	1	434	3	6	8	14	6	1	8	1	0.7213248	40	8051.0517	8051.2517	8051.2517	8051.4517	8051.9731
1	37	1	1	435	3	6	8	15	4	2	6	1	1.0651688	41	8053.2776	8053.8776	8053.8776	8054.0776	8054.9428
1	37	1	1	436	3	6	8	16	1	2	1	1	0.86544891	42	8055.9042	8056.5042	8056.5042	8056.7042	8057.3696
1	37	1	1	437	3	6	8	17	5	2	7	1	0.78367313	43	8058.5299	8059.1299	8059.1299	8059.3299	8059.9136
1	37	1	1	438	3	6	8	18	1	2	1	1	0.71277217	44	8061.1569	8061.7569	8061.7569	8061.957	8062.4697
1	37	1	1	439	3	6	8	19	6	2	8	1	0.89654079	45	8063.783	8064.383	8064.383	8064.583	8065.2795
1	37	1	1	440	3	6	8	20	1	1	1	1	0.61752654	46	8066.4125	8066.6125	8066.6125	8066.8125	8067.2301
1	37	1	1	441	3	6	8	21	2	1	2	1	0.54580795	47	8068.6392	8068.8392	8068.8392	8069.0392	8069.385
1	37	1	1	442	3	6	8	22	4	2	6	1	0.84851789	48	8070.862	8071.462	8071.462	8071.662	8072.3105
1	37	1	1	443	3	6	8	23	2	1	1	0	0.65540865	48	8073.4879	8073.6879	8073.6879	8073.8879	8074.3433
1	37	1	1	444	3	6	8	24	3	1	3	1	1.6998694	49	8075.7149	8075.9149	8075.9149	8076.1149	8077.6148
1	37	1	1	445	3	6	8	25	3	2	2	0	0.73657868	49	8077.9412	8078.5412	8078.5412	8078.7412	8079.2778
1	37	1	1	446	3	6	8	26	6	1	8	1	0.79095227	50	8080.5663	8080.7663	8080.7664	8080.9664	8081.5573
1	37	1	1	447	3	6	8	27	6	1	8	1	0.52604025	51	8082.7933	8082.9933	8082.9933	8083.1933	8083.5193
1	37	1	1	448	3	6	8	28	4	2	6	1	0.92228085	52	8085.0195	8085.6195	8085.6195	8085.8195	8086.5417
1	37	1	1	449	3	6	8	29	4	2	6	1	0.52205129	53	8087.6461	8088.2461	8088.2461	8088.4461	8088.7681
1	37	1	1	450	3	6	8	30	1	1	1	1	0.94068453	54	8090.2728	8090.4728	8090.4728	8090.6728	8091.4135
1	37	1	1	451	3	2	8	1	4	1	5	1	0.58879227	1	8120.5696	8120.7696	8120.7696	8120.9696	8121.3584
1	37	1	1	452	3	2	8	2	1	1	4	1	0.47179521	2	8122.7994	8122.9994	8122.9994	8123.1994	8123.4712
1	37	1	1	453	3	2	8	3	4	2	5	1	0.51373792	3	8125.0285	8125.6285	8125.6285	8125.8285	8126.1422
1	37	1	1	454	3	2	8	4	3	1	4	1	0.47821531	4	8127.6561	8127.8561	8127.8561	8128.0561	8128.3343
1	37	1	1	455	3	2	8	5	4	1	5	1	0.35089844	5	8129.8875	8130.0875	8130.0875	8130.2876	8130.4384
1	37	1	1	456	3	2	8	6	4	2	5	1	0.5237233	6	8132.114	8132.714	8132.714	8132.914	8133.2377
1	37	1	1	457	3	2	8	7	2	1	4	1	0.37797327	7	8134.7406	8134.9406	8134.9406	8135.1406	8135.3186
1	37	1	1	458	3	2	8	8	4	2	5	1	0.37455832	8	8136.9678	8137.5678	8137.5678	8137.7678	8137.9423
1	37	1	1	459	3	2	8	9	6	2	5	1	0.46796206	9	8139.5945	8140.1945	8140.1945	8140.3945	8140.6625
1	37	1	1	460	3	2	8	10	3	2	4	1	0.37862212	10	8142.2207	8142.8207	8142.8207	8143.0207	8143.1993
1	37	1	1	461	3	2	8	11	5	1	5	1	0.36169816	11	8144.8477	8145.0477	8145.0477	8145.2477	8145.4094
1	37	1	1	462	3	2	8	12	6	1	5	1	0.45839894	12	8147.0752	8147.2752	8147.2752	8147.4752	8147.7336
1	37	1	1	463	3	2	8	13	1	2	4	1	0.47329997	13	8149.3022	8149.9022	8149.9022	8150.1022	8150.3755
1	37	1	1	464	3	2	8	14	3	1	4	1	0.48068402	14	8151.9287	8152.1288	8152.1288	8152.3288	8152.6094
1	37	1	1	465	3	2	8	15	5	2	5	1	0.37383421	15	8154.1556	8154.7556	8154.7556	8154.9556	8155.1294
1	37	1	1	466	3	2	8	16	2	2	4	1	0.43067892	16	8156.7832	8157.3832	8157.3832	8157.5832	8157.8139
1	37	1	1	467	3	2	8	17	6	2	5	1	0.60920166	17	8159.4065	8160.0065	8160.0065	8160.2065	8160.6157
1	37	1	1	468	3	2	8	18	5	2	5	1	0.49307355	18	8162.0331	8162.6331	8162.6331	8162.8331	8163.1261
1	37	1	1	469	3	2	8	19	1	2	4	1	0.33244711	19	8164.6638	8165.2638	8165.2638	8165.4638	8165.5963
1	37	1	1	470	3	2	8	20	2	1	4	1	0.42872359	20	8167.2912	8167.4912	8167.4913	8167.6913	8167.92
1	37	1	1	471	3	2	8	21	1	1	4	1	0.33648629	21	8169.5178	8169.7178	8169.7178	8169.9178	8170.0543
1	37	1	1	472	3	2	8	22	5	2	5	1	0.36857517	22	8171.7462	8172.3462	8172.3462	8172.5462	8172.7148
1	37	1	1	473	3	2	8	23	2	1	4	1	0.44264879	23	8174.3737	8174.5738	8174.5738	8174.7738	8175.0164
1	37	1	1	474	3	2	8	24	2	1	4	1	0.44177102	24	8176.5981	8176.7981	8176.7981	8176.9981	8177.2398
1	37	1	1	475	3	2	8	25	6	2	5	1	0.37262455	25	8178.8253	8179.4253	8179.4254	8179.6254	8179.798
1	37	1	1	476	3	2	8	26	5	1	5	1	0.48164274	26	8181.452	8181.6521	8181.6521	8181.8521	8182.1337
1	37	1	1	477	3	2	8	27	6	1	5	1	0.61527381	27	8183.6796	8183.8796	8183.8796	8184.0796	8184.4948
1	37	1	1	478	3	2	8	28	3	2	4	1	0.33180057	28	8185.9034	8186.5034	8186.5034	8186.7034	8186.8352
1	37	1	1	479	3	2	8	29	3	2	4	1	0.42214906	29	8188.5317	8189.1317	8189.1317	8189.3317	8189.5538
1	37	1	1	480	3	2	8	30	1	1	4	1	0.41345061	30	8191.1595	8191.3595	8191.3595	8191.5596	8191.773
1	37	1	1	481	3	6	9	1	4	1	6	1	0.88588541	31	8221.4792	8221.6792	8221.6792	8221.8793	8222.5651
1	37	1	1	482	3	6	9	2	1	1	1	1	0.73875813	32	8223.7088	8223.9088	8223.9088	8224.1089	8224.6476
1	37	1	1	483	3	6	9	3	4	2	6	1	0.80871148	33	8225.9367	8226.5367	8226.5367	8226.7367	8227.3454
1	37	1	1	484	3	6	9	4	3	1	3	1	0.83971201	34	8228.5619	8228.7619	8228.7619	8228.9619	8229.6017
1	37	1	1	485	3	6	9	5	4	1	6	1	0.81696923	35	8230.7903	8230.9903	8230.9904	8231.1904	8231.8073
1	37	1	1	486	3	6	9	6	4	2	6	1	0.47995967	36	8233.015	8233.615	8233.6151	8233.8151	8234.095
1	37	1	1	487	3	6	9	7	2	1	3	0	0.7905413	36	8235.6421	8235.8421	8235.8421	8236.0421	8236.6327
1	37	1	1	488	3	6	9	8	4	2	6	1	0.81084559	37	8237.8699	8238.4699	8238.4699	8238.6699	8239.2808
1	37	1	1	489	3	6	9	9	6	2	8	1	0.70281857	38	8240.4981	8241.0981	8241.0982	8241.2982	8241.801
1	37	1	1	490	3	6	9	10	3	2	3	1	0.84122253	39	8243.1258	8243.7258	8243.7258	8243.9259	8244.5671
1	37	1	1	491	3	6	9	11	5	1	7	1	0.9200185	40	8245.7542	8245.9542	8245.9542	8246.1542	8246.8742
1	37	1	1	492	3	6	9	12	6	1	8	1	0.66438217	41	8247.9819	8248.1819	8248.1819	8248.3819	8248.8463
1	37	1	1	493	3	6	9	13	1	2	1	1	0.46661396	42	8250.2118	8250.8118	8250.8118	8251.0118	8251.2784
1	37	1	1	494	3	6	9	14	3	1	3	1	0.77461701	43	8252.8396	8253.0396	8253.0396	8253.2396	8253.8142
1	37	1	1	495	3	6	9	15	5	2	6	0	0.81932938	43	8255.0675	8255.6675	8255.6675	8255.8675	8256.4868
1	37	1	1	496	3	6	9	16	2	2	2	1	0.86540172	44	8257.6997	8258.2997	8258.2997	8258.4997	8259.1651
1	37	1	1	497	3	6	9	17	6	2	8	1	0.71014123	45	8260.3291	8260.9291	8260.9291	8261.1291	8261.6393
1	37	1	1	498	3	6	9	18	5	2	7	1	0.50959062	46	8262.9545	8263.5545	8263.5545	8263.7545	8264.0641
1	37	1	1	499	3	6	9	19	1	2	1	1	0.71248275	47	8265.5833	8266.1833	8266.1833	8266.3833	8266.8958
1	37	1	1	500	3	6	9	20	2	1	2	1	0.81369205	48	8268.2173	8268.4173	8268.4173	8268.6173	8269.231
1	37	1	1	501	3	6	9	21	1	1	1	1	0.73549046	49	8270.4454	8270.6454	8270.6454	8270.8454	8271.3809
1	37	1	1	502	3	6	9	22	5	2	7	1	0.68740813	50	8272.679	8273.279	8273.279	8273.479	8273.9664
1	37	1	1	503	3	6	9	23	2	1	1	0	0.55840209	50	8275.3044	8275.5044	8275.5044	8275.7044	8276.0628
1	37	1	1	504	3	6	9	24	2	1	2	1	0.66812306	51	8277.5329	8277.7329	8277.733	8277.933	8278.4011
1	37	1	1	505	3	6	9	25	6	2	8	1	0.73121757	52	8279.7617	8280.3617	8280.3617	8280.5617	8281.093
1	37	1	1	506	3	6	9	26	5	1	7	1	0.70454442	53	8282.3898	8282.5898	8282.5898	8282.7898	8283.2944
1	37	1	1	507	3	6	9	27	6	1	8	1	0.67546576	54	8284.6188	8284.8188	8284.8188	8285.0188	8285.4943
1	37	1	1	508	3	6	9	28	3	2	3	1	0.92938448	55	8286.8479	8287.4479	8287.4479	8287.6479	8288.3773
1	37	1	1	509	3	6	9	29	3	2	3	1	0.72034794	56	8289.479	8290.079	8290.079	8290.279	8290.7993
1	37	1	1	510	3	6	9	30	1	1	1	1	0.74501898	57	8292.1094	8292.3094	8292.3094	8292.5094	8293.0545
1	37	1	1	511	3	2	9	1	4	1	5	1	0.38638301	1	8322.3889	8322.5889	8322.5889	8322.7889	8322.9753
1	37	1	1	512	3	2	9	2	3	1	4	1	0.47873379	2	8324.6173	8324.8173	8324.8173	8325.0173	8325.296
1	37	1	1	513	3	2	9	3	6	2	5	1	0.46478642	3	8326.8465	8327.4465	8327.4465	8327.6465	8327.9113
1	37	1	1	514	3	2	9	4	1	1	4	1	0.34196325	4	8329.4721	8329.6722	8329.6722	8329.8722	8330.0141
1	37	1	1	515	3	2	9	5	6	1	5	1	0.34045117	5	8331.7009	8331.9009	8331.9009	8332.1009	8332.2413
1	37	1	1	516	3	2	9	6	1	2	4	1	0.44373823	6	8333.9303	8334.5303	8334.5303	8334.7303	8334.9741
1	37	1	1	517	3	2	9	7	3	1	5	0	0.32766297	6	8336.5603	8336.7603	8336.7603	8336.9603	8337.0879
1	37	1	1	518	3	2	9	8	3	2	4	1	0.41592923	7	8338.7915	8339.3915	8339.3915	8339.5915	8339.8075
1	37	1	1	519	3	2	9	9	6	2	5	1	0.40113284	8	8341.4205	8342.0206	8342.0206	8342.2206	8342.4217
1	37	1	1	520	3	2	9	10	4	2	5	1	0.48390883	9	8344.0508	8344.6508	8344.6508	8344.8508	8345.1347
1	37	1	1	521	3	2	9	11	6	1	5	1	0.3732948	10	8346.6799	8346.8799	8346.8799	8347.0799	8347.2532
1	37	1	1	522	3	2	9	12	6	1	5	1	0.37837704	11	8348.9094	8349.1094	8349.1094	8349.3094	8349.4878
1	37	1	1	523	3	2	9	13	4	2	5	1	0.45237327	12	8351.1384	8351.7384	8351.7384	8351.9384	8352.1908
1	37	1	1	524	3	2	9	14	5	1	5	1	0.37054827	13	8353.7647	8353.9647	8353.9647	8354.1647	8354.3353
1	37	1	1	525	3	2	9	15	4	2	5	1	0.59246855	14	8356.0091	8356.6091	8356.6091	8356.8091	8357.2016
1	37	1	1	526	3	2	9	16	3	2	4	1	0.34567953	15	8358.6382	8359.2382	8359.2382	8359.4382	8359.5839
1	37	1	1	527	3	2	9	17	5	2	5	1	0.56307182	16	8361.2677	8361.8677	8361.8677	8362.0677	8362.4308
1	37	1	1	528	3	2	9	18	5	2	5	1	0.31658024	17	8363.897	8364.497	8364.497	8364.6971	8364.8136
1	37	1	1	529	3	2	9	19	5	2	5	1	0.41976716	18	8366.526	8367.1261	8367.1261	8367.3261	8367.5458
1	37	1	1	530	3	2	9	20	4	1	5	1	0.38880279	19	8369.1556	8369.3556	8369.3556	8369.5556	8369.7444
1	37	1	1	531	3	2	9	21	2	1	4	1	0.46275709	20	8371.3853	8371.5853	8371.5853	8371.7853	8372.0481
1	37	1	1	532	3	2	9	22	1	2	4	1	0.37697733	21	8373.6146	8374.2146	8374.2146	8374.4146	8374.5915
1	37	1	1	533	3	2	9	23	2	1	4	1	0.43398353	22	8376.2444	8376.4444	8376.4444	8376.6444	8376.8784
1	37	1	1	534	3	2	9	24	2	1	4	1	0.33736378	23	8378.4744	8378.6744	8378.6744	8378.8744	8379.0118
1	37	1	1	535	3	2	9	25	2	2	4	1	0.4362425	24	8380.7012	8381.3012	8381.3012	8381.5012	8381.7374
1	37	1	1	536	3	2	9	26	1	1	4	1	0.42451949	25	8383.3275	8383.5275	8383.5275	8383.7275	8383.952
1	37	1	1	537	3	2	9	27	1	1	4	1	0.62954775	26	8385.5607	8385.7607	8385.7607	8385.9607	8386.3903
1	37	1	1	538	3	2	9	28	3	2	4	1	0.44645091	27	8387.7933	8388.3933	8388.3933	8388.5933	8388.8398
1	37	1	1	539	3	2	9	29	2	2	4	1	0.39298968	28	8390.4225	8391.0225	8391.0225	8391.2225	8391.4155
1	37	1	1	540	3	2	9	30	5	1	5	1	0.39604215	29	8393.0518	8393.2518	8393.2518	8393.4518	8393.6479
1	37	1	1	541	4	6	10	1	4	1	6	1	1.3436874	30	8963.785	8963.985	8963.985	8964.185	8965.3287
1	37	1	1	542	4	6	10	2	3	1	3	1	1.226798	31	8966.0211	8966.2211	8966.2211	8966.4211	8967.4479
1	37	1	1	543	4	6	10	3	6	2	8	1	0.78128379	32	8968.2504	8968.8504	8968.8504	8969.0504	8969.6317
1	37	1	1	544	4	6	10	4	1	1	1	1	0.61702493	33	8970.8803	8971.0803	8971.0803	8971.2803	8971.6973
1	37	1	1	545	4	6	10	5	6	1	8	1	1.1234628	34	8973.1134	8973.3134	8973.3134	8973.5134	8974.4369
1	37	1	1	546	4	6	10	6	1	2	1	1	0.63687495	35	8975.3461	8975.9461	8975.9461	8976.1461	8976.583
1	37	1	1	547	4	6	10	7	3	1	3	1	1.0494275	36	8977.9732	8978.1732	8978.1732	8978.3732	8979.2226
1	37	1	1	548	4	6	10	8	3	2	3	1	0.66076427	37	8980.2017	8980.8017	8980.8017	8981.0017	8981.4625
1	37	1	1	549	4	6	10	9	6	2	8	1	0.71346736	38	8982.8322	8983.4322	8983.4322	8983.6322	8984.1457
1	37	1	1	550	4	6	10	10	4	2	6	1	0.99400593	39	8985.4615	8986.0615	8986.0615	8986.2615	8987.0555
1	37	1	1	551	4	6	10	11	6	1	8	1	0.67750395	40	8988.0916	8988.2916	8988.2916	8988.4916	8988.9691
1	37	1	1	552	4	6	10	12	6	1	8	1	0.73904266	41	8990.3181	8990.5182	8990.5182	8990.7182	8991.2572
1	37	1	1	553	4	6	10	13	4	2	6	1	0.80357485	42	8992.549	8993.149	8993.149	8993.349	8993.9526
1	37	1	1	554	4	6	10	14	5	1	7	1	0.89917456	43	8995.1792	8995.3792	8995.3792	8995.5792	8996.2783
1	37	1	1	555	4	6	10	15	4	2	6	1	0.82590511	44	8997.4066	8998.0066	8998.0066	8998.2066	8998.8325
1	37	1	1	556	4	6	10	16	3	2	3	1	0.82231905	45	9000.04	9000.64	9000.64	9000.84	9001.4623
1	37	1	1	557	4	6	10	17	5	2	7	1	1.0501523	46	9002.6702	9003.2702	9003.2702	9003.4702	9004.3204
1	37	1	1	558	4	6	10	18	5	2	7	1	0.60267456	47	9005.3013	9005.9014	9005.9014	9006.1014	9006.504
1	37	1	1	559	4	6	10	19	5	2	7	1	0.65293726	48	9007.9319	9008.5319	9008.5319	9008.732	9009.1849
1	37	1	1	560	4	6	10	20	4	1	6	1	1.9660226	49	9010.5593	9010.7593	9010.7593	9010.9593	9012.7253
1	37	1	1	561	4	6	10	21	2	1	2	1	1.4531539	50	9012.7883	9012.9883	9012.9883	9013.1883	9014.4415
1	37	1	1	562	4	6	10	22	1	2	1	1	0.69771045	51	9015.019	9015.619	9015.619	9015.819	9016.3168
1	37	1	1	563	4	6	10	23	2	1	2	1	0.81195358	52	9017.6505	9017.8505	9017.8505	9018.0505	9018.6625
1	37	1	1	564	4	6	10	24	2	1	2	1	0.69479427	53	9019.8823	9020.0823	9020.0823	9020.2823	9020.7771
1	37	1	1	565	4	6	10	25	2	2	2	1	0.72624201	54	9022.1132	9022.7132	9022.7132	9022.9132	9023.4394
1	37	1	1	566	4	6	10	26	1	1	1	1	0.69241425	55	9024.7439	9024.9439	9024.9439	9025.1439	9025.6363
1	37	1	1	567	4	6	10	27	1	1	1	1	0.60106911	56	9026.9751	9027.1751	9027.1751	9027.3751	9027.7762
1	37	1	1	568	4	6	10	28	3	2	2	0	0.80834704	56	9029.2057	9029.8057	9029.8057	9030.0057	9030.6141
1	37	1	1	569	4	6	10	29	2	2	2	1	0.75219601	57	9031.8389	9032.4389	9032.4389	9032.6389	9033.1911
1	37	1	1	570	4	6	10	30	5	1	7	1	0.81679324	58	9034.4697	9034.6697	9034.6697	9034.8697	9035.4865
1	37	1	1	571	4	2	10	1	1	1	4	1	0.67303423	1	9064.7649	9064.9649	9064.9649	9065.1649	9065.6379
1	37	1	1	572	4	2	10	2	4	1	5	1	0.44325634	2	9066.996	9067.196	9067.196	9067.396	9067.6393
1	37	1	1	573	4	2	10	3	6	2	5	1	0.50918889	3	9069.224	9069.824	9069.824	9070.024	9070.3332
1	37	1	1	574	4	2	10	4	2	1	4	1	0.39187352	4	9071.8563	9072.0563	9072.0563	9072.2563	9072.4482
1	37	1	1	575	4	2	10	5	3	1	4	1	0.44269419	5	9074.0849	9074.2849	9074.2849	9074.4849	9074.7276
1	37	1	1	576	4	2	10	6	2	2	4	1	0.44836277	6	9076.317	9076.917	9076.917	9077.117	9077.3654
1	37	1	1	577	4	2	10	7	1	1	4	1	0.40960334	7	9078.9482	9079.1482	9079.1482	9079.3482	9079.5578
1	37	1	1	578	4	2	10	8	3	2	4	1	0.38605962	8	9081.1793	9081.7793	9081.7793	9081.9793	9082.1654
1	37	1	1	579	4	2	10	9	5	2	5	1	0.47646519	9	9083.8117	9084.4117	9084.4117	9084.6117	9084.8882
1	37	1	1	580	4	2	10	10	5	2	5	1	0.45439374	10	9086.4497	9087.0497	9087.0497	9087.2497	9087.5041
1	37	1	1	581	4	2	10	11	4	1	5	1	0.4427672	11	9089.0782	9089.2782	9089.2782	9089.4782	9089.721
1	37	1	1	582	4	2	10	12	2	1	5	0	0.43512342	11	9091.3098	9091.5098	9091.5098	9091.7098	9091.9449
1	37	1	1	583	4	2	10	13	6	2	5	1	0.43962719	12	9093.5416	9094.1416	9094.1416	9094.3416	9094.5812
1	37	1	1	584	4	2	10	14	6	1	5	1	0.49612775	13	9096.1735	9096.3735	9096.3735	9096.5735	9096.8697
1	37	1	1	585	4	2	10	15	3	2	4	1	0.4451133	14	9098.4046	9099.0046	9099.0046	9099.2046	9099.4497
1	37	1	1	586	4	2	10	16	4	2	5	1	0.42395051	15	9101.0456	9101.6456	9101.6456	9101.8456	9102.0696
1	37	1	1	587	4	2	10	17	2	2	4	1	0.40288658	16	9103.6833	9104.2833	9104.2833	9104.4833	9104.6862
1	37	1	1	588	4	2	10	18	5	2	5	1	0.48590046	17	9106.3153	9106.9153	9106.9153	9107.1153	9107.4012
1	37	1	1	589	4	2	10	19	1	2	4	1	0.33746024	18	9108.9471	9109.5471	9109.5471	9109.7471	9109.8846
1	37	1	1	590	4	2	10	20	4	1	5	1	0.48636141	19	9111.5789	9111.7789	9111.7789	9111.9789	9112.2653
1	37	1	1	591	4	2	10	21	6	1	5	1	0.46130038	20	9113.8102	9114.0102	9114.0102	9114.2102	9114.4715
1	37	1	1	592	4	2	10	22	2	2	4	1	0.45225653	21	9116.0654	9116.6654	9116.6654	9116.8655	9117.1177
1	37	1	1	593	4	2	10	23	3	1	4	1	0.4520472	22	9118.6972	9118.8972	9118.8972	9119.0972	9119.3493
1	37	1	1	594	4	2	10	24	3	1	4	1	0.36124472	23	9120.9353	9121.1353	9121.1353	9121.3353	9121.4966
1	37	1	1	595	4	2	10	25	1	2	4	1	0.44884318	24	9123.1643	9123.7643	9123.7643	9123.9643	9124.2132
1	37	1	1	596	4	2	10	26	5	1	0	0	-9126.0008	24	9125.8008	9126.0008	9126.0008	9126.2008	0
1	37	1	1	597	4	2	10	27	6	1	5	1	0.47527639	25	9128.0848	9128.2848	9128.2848	9128.4848	9128.76
1	37	1	1	598	4	2	10	28	5	2	5	1	0.43339766	26	9130.3174	9130.9174	9130.9174	9131.1174	9131.3508
1	37	1	1	599	4	2	10	29	4	2	5	1	0.51249851	27	9132.9491	9133.5491	9133.5491	9133.7491	9134.0616
1	37	1	1	600	4	2	10	30	1	1	4	1	0.47372586	28	9135.581	9135.781	9135.781	9135.981	9136.2548
1	37	1	1	601	4	6	11	1	1	1	1	1	0.60536869	29	9165.895	9166.095	9166.095	9166.295	9166.7004
1	37	1	1	602	4	6	11	2	4	1	6	1	0.7074841	30	9168.1242	9168.3242	9168.3242	9168.5242	9169.0317
1	37	1	1	603	4	6	11	3	6	2	8	1	0.82769506	31	9170.3561	9170.9561	9170.9561	9171.1561	9171.7838
1	37	1	1	604	4	6	11	4	2	1	2	1	0.75463866	32	9172.9891	9173.1891	9173.1891	9173.3892	9173.9438
1	37	1	1	605	4	6	11	5	3	1	3	1	0.61092762	33	9175.2215	9175.4215	9175.4215	9175.6215	9176.0324
1	37	1	1	606	4	6	11	6	2	2	2	1	0.80191924	34	9177.454	9178.054	9178.054	9178.254	9178.8559
1	37	1	1	607	4	6	11	7	1	1	1	1	0.64346147	35	9180.0831	9180.2831	9180.2831	9180.4831	9180.9265
1	37	1	1	608	4	6	11	8	3	2	3	1	0.83510696	36	9182.3172	9182.9172	9182.9172	9183.1172	9183.7523
1	37	1	1	609	4	6	11	9	5	2	7	1	0.82792984	37	9184.9534	9185.5534	9185.5534	9185.7534	9186.3813
1	37	1	1	610	4	6	11	10	5	2	7	1	0.7418543	38	9187.5855	9188.1855	9188.1855	9188.3855	9188.9273
1	37	1	1	611	4	6	11	11	4	1	7	0	0.76482539	38	9190.218	9190.4181	9190.4181	9190.6181	9191.1829
1	37	1	1	612	4	6	11	12	2	1	2	1	0.84698469	39	9192.4516	9192.6516	9192.6516	9192.8516	9193.4986
1	37	1	1	613	4	6	11	13	6	2	8	1	0.67510353	40	9194.6839	9195.284	9195.284	9195.484	9195.9591
1	37	1	1	614	4	6	11	14	6	1	8	1	0.62744135	41	9197.3181	9197.5181	9197.5181	9197.7181	9198.1456
1	37	1	1	615	4	6	11	15	3	2	3	1	0.88953805	42	9199.5514	9200.1514	9200.1514	9200.3514	9201.0409
1	37	1	1	616	4	6	11	16	4	2	6	1	0.90083997	43	9202.1843	9202.7843	9202.7843	9202.9844	9203.6852
1	37	1	1	617	4	6	11	17	2	2	2	1	0.82093267	44	9204.8165	9205.4165	9205.4165	9205.6165	9206.2374
1	37	1	1	618	4	6	11	18	5	2	7	1	1.2773162	45	9207.4501	9208.0501	9208.0501	9208.2501	9209.3274
1	37	1	1	619	4	6	11	19	1	2	1	1	0.67510322	46	9210.0837	9210.6837	9210.6837	9210.8837	9211.3588
1	37	1	1	620	4	6	11	20	4	1	6	1	0.88592024	47	9212.7166	9212.9167	9212.9167	9213.1167	9213.8026
1	37	1	1	621	4	6	11	21	6	1	8	1	0.62502636	48	9214.95	9215.15	9215.15	9215.35	9215.775
1	37	1	1	622	4	6	11	22	2	2	3	0	0.72119288	48	9217.1831	9217.7831	9217.7831	9217.9831	9218.5043
1	37	1	1	623	4	6	11	23	3	1	3	1	0.88534304	49	9219.8162	9220.0162	9220.0162	9220.2162	9220.9015
1	37	1	1	624	4	6	11	24	3	1	3	1	0.68750621	50	9222.0485	9222.2485	9222.2485	9222.4485	9222.936
1	37	1	1	625	4	6	11	25	1	2	1	1	0.65505188	51	9224.2798	9224.8798	9224.8798	9225.0798	9225.5349
1	37	1	1	626	4	6	11	26	5	1	7	1	0.75782776	52	9226.9132	9227.1132	9227.1132	9227.3132	9227.8711
1	37	1	1	627	4	6	11	27	6	1	8	1	0.64202023	53	9229.1502	9229.3502	9229.3502	9229.5502	9229.9922
1	37	1	1	628	4	6	11	28	5	2	7	1	0.75721283	54	9231.384	9231.984	9231.984	9232.184	9232.7412
1	37	1	1	629	4	6	11	29	4	2	6	1	0.75008162	55	9234.0172	9234.6172	9234.6172	9234.8172	9235.3673
1	37	1	1	630	4	6	11	30	1	1	1	1	0.72709298	56	9236.6504	9236.8504	9236.8504	9237.0504	9237.5775
1	37	1	1	631	4	2	11	1	2	1	4	1	0.69502084	1	9266.9448	9267.1448	9267.1448	9267.3448	9267.8399
1	37	1	1	632	4	2	11	2	1	1	4	1	0.50198251	2	9269.1797	9269.3797	9269.3797	9269.5797	9269.8817
1	37	1	1	633	4	2	11	3	6	2	5	1	0.7305854	3	9271.4131	9272.0131	9272.0131	9272.2131	9272.7437
1	37	1	1	634	4	2	11	4	3	1	4	1	0.46537117	4	9274.0471	9274.2472	9274.2472	9274.4472	9274.7125
1	37	1	1	635	4	2	11	5	1	1	4	1	0.41597733	5	9276.2776	9276.4776	9276.4776	9276.6776	9276.8936
1	37	1	1	636	4	2	11	6	2	2	4	1	0.44862757	6	9278.5114	9279.1115	9279.1115	9279.3115	9279.5601
1	37	1	1	637	4	2	11	7	5	1	5	1	0.44548264	7	9281.1455	9281.3455	9281.3455	9281.5455	9281.791
1	37	1	1	638	4	2	11	8	5	2	5	1	0.4578612	8	9283.3798	9283.9798	9283.9798	9284.1798	9284.4376
1	37	1	1	639	4	2	11	9	1	2	4	1	0.38609811	9	9286.0131	9286.6131	9286.6131	9286.8131	9286.9992
1	37	1	1	640	4	2	11	10	5	2	5	1	0.5348305	10	9288.6474	9289.2474	9289.2474	9289.4474	9289.7823
1	37	1	1	641	4	2	11	11	6	1	5	1	0.51268046	11	9291.2804	9291.4804	9291.4804	9291.6804	9291.9931
1	37	1	1	642	4	2	11	12	3	1	4	1	0.43502401	12	9293.5144	9293.7144	9293.7144	9293.9144	9294.1495
1	37	1	1	643	4	2	11	13	1	2	4	1	0.44518786	13	9295.7468	9296.3469	9296.3469	9296.5469	9296.792
1	37	1	1	644	4	2	11	14	2	1	4	1	0.42518956	14	9298.3816	9298.5816	9298.5816	9298.7816	9299.0068
1	37	1	1	645	4	2	11	15	5	2	5	1	0.38814271	15	9300.6171	9301.2171	9301.2171	9301.4171	9301.6053
1	37	1	1	646	4	2	11	16	6	2	5	1	0.46089766	16	9303.2512	9303.8512	9303.8512	9304.0512	9304.3121
1	37	1	1	647	4	2	11	17	6	2	5	1	0.46646094	17	9305.8853	9306.4853	9306.4853	9306.6853	9306.9517
1	37	1	1	648	4	2	11	18	4	2	5	1	0.54476494	18	9308.5205	9309.1205	9309.1205	9309.3205	9309.6653
1	37	1	1	649	4	2	11	19	6	2	5	1	0.35828678	19	9311.155	9311.755	9311.755	9311.955	9312.1133
1	37	1	1	650	4	2	11	20	2	1	4	1	0.45815113	20	9313.7889	9313.9889	9313.9889	9314.1889	9314.4471
1	37	1	1	651	4	2	11	21	1	1	4	1	0.4702363	21	9316.0235	9316.2235	9316.2235	9316.4235	9316.6938
1	37	1	1	652	4	2	11	22	4	2	5	1	0.58404653	22	9318.2575	9318.8575	9318.8575	9319.0575	9319.4416
1	37	1	1	653	4	2	11	23	3	1	4	1	0.5961975	23	9320.892	9321.092	9321.092	9321.292	9321.6882
1	37	1	1	654	4	2	11	24	4	1	5	1	0.49115491	24	9323.1263	9323.3263	9323.3263	9323.5263	9323.8175
1	37	1	1	655	4	2	11	25	5	2	5	1	0.40812143	25	9325.36	9325.96	9325.96	9326.16	9326.3682
1	37	1	1	656	4	2	11	26	3	1	4	1	0.4201361	26	9327.994	9328.194	9328.194	9328.394	9328.6142
1	37	1	1	657	4	2	11	27	3	1	4	1	0.48957866	27	9330.2283	9330.4283	9330.4283	9330.6283	9330.9179
1	37	1	1	658	4	2	11	28	4	2	5	1	0.36149007	28	9332.461	9333.061	9333.061	9333.261	9333.4225
1	37	1	1	659	4	2	11	29	4	2	5	1	0.43831212	29	9335.0959	9335.6959	9335.6959	9335.8959	9336.1342
1	37	1	1	660	4	2	11	30	2	1	4	1	0.50771724	30	9337.7302	9337.9303	9337.9303	9338.1303	9338.438
1	37	1	1	661	4	6	12	1	2	1	2	1	0.85622447	31	9368.055	9368.255	9368.255	9368.455	9369.1113
1	37	1	1	662	4	6	12	2	1	1	1	1	0.59639099	32	9370.2903	9370.4903	9370.4903	9370.6903	9371.0867
1	37	1	1	663	4	6	12	3	6	2	8	1	0.72238491	33	9372.5247	9373.1247	9373.1247	9373.3247	9373.8471
1	37	1	1	664	4	6	12	4	3	1	3	1	0.89665648	34	9375.1591	9375.3591	9375.3591	9375.5591	9376.2558
1	37	1	1	665	4	6	12	5	1	1	1	1	0.87392477	35	9377.3946	9377.5946	9377.5946	9377.7946	9378.4685
1	37	1	1	666	4	6	12	6	2	2	2	1	0.7478191	36	9379.6291	9380.2291	9380.2291	9380.4292	9380.977
1	37	1	1	667	4	6	12	7	5	1	7	1	0.80670059	37	9382.2639	9382.4639	9382.4639	9382.6639	9383.2706
1	37	1	1	668	4	6	12	8	5	2	7	1	0.60428264	38	9384.4985	9385.0985	9385.0985	9385.2985	9385.7028
1	37	1	1	669	4	6	12	9	1	2	1	1	0.62386281	39	9387.1338	9387.7338	9387.7338	9387.9338	9388.3576
1	37	1	1	670	4	6	12	10	5	2	7	1	0.64660457	40	9389.7685	9390.3686	9390.3686	9390.5686	9391.0152
1	37	1	1	671	4	6	12	11	6	1	8	1	0.6304683	41	9392.4006	9392.6006	9392.6006	9392.8006	9393.2311
1	37	1	1	672	4	6	12	12	3	1	3	1	0.86177673	42	9394.6358	9394.8358	9394.8358	9395.0358	9395.6976
1	37	1	1	673	4	6	12	13	1	2	1	1	0.54364078	43	9396.8707	9397.4708	9397.4708	9397.6708	9398.0144
1	37	1	1	674	4	6	12	14	2	1	2	1	0.94849375	44	9399.5056	9399.7056	9399.7056	9399.9056	9400.6541
1	37	1	1	675	4	6	12	15	5	2	7	1	1.0178241	45	9401.7402	9402.3402	9402.3402	9402.5402	9403.358
1	37	1	1	676	4	6	12	16	6	2	8	1	0.64981433	46	9404.404	9405.004	9405.004	9405.204	9405.6538
1	37	1	1	677	4	6	12	17	6	2	8	1	0.66202569	47	9407.0389	9407.6389	9407.6389	9407.839	9408.301
1	37	1	1	678	4	6	12	18	4	2	6	1	0.86272054	48	9409.6744	9410.2744	9410.2744	9410.4744	9411.1371
1	37	1	1	679	4	6	12	19	6	2	8	1	0.60593569	49	9412.3133	9412.9133	9412.9133	9413.1133	9413.5192
1	37	1	1	680	4	6	12	20	2	1	3	1	0.92075401	50	9414.9489	9415.1489	9415.1489	9415.3489	9416.0696
1	37	1	1	681	4	6	12	21	1	1	1	1	0.6410688	51	9417.1841	9417.3841	9417.3841	9417.5841	9418.0252
1	37	1	1	682	4	6	12	22	4	2	5	0	0.69485346	51	9419.4185	9420.0185	9420.0185	9420.2185	9420.7134
1	37	1	1	683	4	6	12	23	3	1	3	1	0.96809844	52	9422.0545	9422.2545	9422.2545	9422.4545	9423.2226
1	37	1	1	684	4	6	12	24	4	1	6	1	0.92420138	53	9424.2904	9424.4904	9424.4904	9424.6904	9425.4146
1	37	1	1	685	4	6	12	25	5	2	7	1	0.93459769	54	9426.5263	9427.1263	9427.1263	9427.3263	9428.0609
1	37	1	1	686	4	6	12	26	3	1	8	0	0.61292316	54	9429.1628	9429.3628	9429.3628	9429.5628	9429.9757
1	37	1	1	687	4	6	12	27	3	1	3	1	1.0317752	55	9431.4301	9431.6301	9431.6301	9431.8301	9432.6619
1	37	1	1	688	4	6	12	28	4	2	6	1	1.0388612	56	9433.6653	9434.2653	9434.2653	9434.4653	9435.3041
1	37	1	1	689	4	6	12	29	4	2	6	1	0.56216072	57	9436.3011	9436.9011	9436.9011	9437.1011	9437.4632
1	37	1	1	690	4	6	12	30	2	1	2	1	1.2143333	58	9438.9361	9439.1361	9439.1361	9439.3361	9440.3504
1	37	1	1	691	4	2	12	1	1	1	4	1	0.46723181	1	9469.2352	9469.4352	9469.4352	9469.6352	9469.9024
1	37	1	1	692	4	2	12	2	1	1	4	1	0.47409083	2	9471.4711	9471.6711	9471.6711	9471.8711	9472.1452
1	37	1	1	693	4	2	12	3	3	2	4	1	0.43651922	3	9473.7048	9474.3048	9474.3048	9474.5048	9474.7413
1	37	1	1	694	4	2	12	4	4	1	5	1	0.46586738	4	9476.3404	9476.5404	9476.5404	9476.7404	9477.0062
1	37	1	1	695	4	2	12	5	1	1	4	1	0.38927036	5	9478.576	9478.776	9478.776	9478.976	9479.1653
1	37	1	1	696	4	2	12	6	3	2	4	1	0.33901259	6	9480.8125	9481.4125	9481.4125	9481.6125	9481.7515
1	37	1	1	697	4	2	12	7	6	1	5	1	0.45306734	7	9483.4483	9483.6484	9483.6484	9483.8484	9484.1014
1	37	1	1	698	4	2	12	8	2	2	4	1	0.34533863	8	9485.6844	9486.2844	9486.2844	9486.4844	9486.6298
1	37	1	1	699	4	2	12	9	4	2	5	1	0.35895806	9	9488.3266	9488.9266	9488.9266	9489.1266	9489.2856
1	37	1	1	700	4	2	12	10	2	2	4	1	0.35634224	10	9490.963	9491.563	9491.563	9491.763	9491.9194
1	37	1	1	701	4	2	12	11	4	1	5	1	0.43282523	11	9493.5996	9493.7996	9493.7996	9493.9996	9494.2324
1	37	1	1	702	4	2	12	12	6	1	5	1	0.47544298	12	9495.8368	9496.0368	9496.0368	9496.2368	9496.5123
1	37	1	1	703	4	2	12	13	6	2	5	1	0.45153151	13	9498.0739	9498.6739	9498.6739	9498.8739	9499.1254
1	37	1	1	704	4	2	12	14	5	1	5	1	0.40734327	14	9500.7102	9500.9102	9500.9102	9501.1102	9501.3175
1	37	1	1	705	4	2	12	15	2	2	4	1	0.43112747	15	9502.9434	9503.5434	9503.5434	9503.7434	9503.9746
1	37	1	1	706	4	2	12	16	5	2	5	1	0.41142658	16	9505.5796	9506.1796	9506.1796	9506.3796	9506.591
1	37	1	1	707	4	2	12	17	3	2	4	1	0.44106601	17	9508.2158	9508.8158	9508.8158	9509.0158	9509.2569
1	37	1	1	708	4	2	12	18	3	2	4	1	0.48490792	18	9510.8502	9511.4502	9511.4502	9511.6502	9511.9351
1	37	1	1	709	4	2	12	19	6	2	5	1	0.47075442	19	9513.4865	9514.0865	9514.0865	9514.2865	9514.5573
1	37	1	1	710	4	2	12	20	2	1	4	1	0.47231423	20	9516.1245	9516.3245	9516.3245	9516.5245	9516.7968
1	37	1	1	711	4	2	12	21	1	1	4	1	0.44490354	21	9518.3603	9518.5603	9518.5603	9518.7603	9519.0052
1	37	1	1	712	4	2	12	22	4	2	5	1	0.41260114	22	9520.5967	9521.1967	9521.1967	9521.3967	9521.6093
1	37	1	1	713	4	2	12	23	5	1	5	1	0.48440554	23	9523.2331	9523.4331	9523.4331	9523.6331	9523.9175
1	37	1	1	714	4	2	12	24	1	1	4	1	0.42536784	24	9525.4706	9525.6706	9525.6706	9525.8706	9526.0959
1	37	1	1	715	4	2	12	25	3	2	4	1	0.35995728	25	9527.711	9528.311	9528.3111	9528.5111	9528.671
1	37	1	1	716	4	2	12	26	2	1	5	0	0.3622435	25	9530.348	9530.548	9530.548	9530.748	9530.9102
1	37	1	1	717	4	2	12	27	5	1	5	1	0.3680854	26	9532.5819	9532.7819	9532.7819	9532.9819	9533.15
1	37	1	1	718	4	2	12	28	4	2	5	1	0.48082747	27	9534.8155	9535.4155	9535.4155	9535.6155	9535.8963
1	37	1	1	719	4	2	12	29	6	2	5	1	0.43676307	28	9537.4527	9538.0527	9538.0527	9538.2527	9538.4895
1	37	1	1	720	4	2	12	30	5	1	5	1	0.38785083	29	9540.0895	9540.2895	9540.2895	9540.4895	9540.6773
