35	37	43	64	124	126	42	94	0	0	0	0	0	0	0	0	0	0	0	0
2	8	1	2	1	1	2	1	1	1	2	4	1	0.60473065	1	5708.8647	5709.4648	5709.4651	5709.6653	5710.0698
2	8	1	2	2	1	2	1	2	6	2	5	1	0.67904965	2	5711.4834	5712.0836	5712.0837	5712.284	5712.7628
2	8	1	2	3	1	2	1	3	2	2	4	1	0.57801432	3	5714.4173	5715.0173	5715.0173	5715.2173	5715.5953
2	8	1	2	4	1	2	1	4	5	2	5	1	0.63369598	4	5717.026	5717.626	5717.626	5717.826	5718.2597
2	8	1	2	5	1	2	1	5	4	2	5	1	0.43538088	5	5719.6328	5720.2328	5720.2328	5720.4328	5720.6682
2	8	1	2	6	1	2	1	6	6	1	5	1	0.4736503	6	5722.2408	5722.4408	5722.4408	5722.6408	5722.9144
2	8	1	2	7	1	2	1	7	4	2	5	1	0.62989424	7	5724.4478	5725.0478	5725.0478	5725.2478	5725.6777
2	8	1	2	8	1	2	1	8	4	1	5	1	1.0632401	8	5727.0546	5727.2546	5727.2546	5727.4546	5728.3178
2	8	1	2	9	1	2	1	9	3	2	4	1	0.49527791	9	5729.2605	5729.8605	5729.8605	5730.0605	5730.3558
2	8	1	2	10	1	2	1	10	6	1	5	1	0.39975652	10	5731.8671	5732.0671	5732.0671	5732.2672	5732.4669
2	8	1	2	11	1	2	1	11	5	1	5	1	0.45117961	11	5734.0745	5734.2745	5734.2745	5734.4746	5734.7257
2	8	1	2	12	1	2	1	12	3	1	4	1	0.47295579	12	5736.2812	5736.4812	5736.4812	5736.6812	5736.9541
2	8	1	2	13	1	2	1	13	6	2	5	1	0.46780123	13	5738.4882	5739.0882	5739.0882	5739.2883	5739.556
2	8	1	2	14	1	2	1	14	5	1	5	1	0.66148824	14	5741.0949	5741.2949	5741.295	5741.495	5741.9565
2	8	1	2	15	1	2	1	15	1	2	4	1	0.72659034	15	5743.3023	5743.9023	5743.9024	5744.1024	5744.629
2	8	1	2	16	1	2	1	16	1	2	4	1	1.0863412	16	5745.9094	5746.5094	5746.5094	5746.7094	5747.5957
2	8	1	2	17	1	2	1	17	4	1	5	1	0.5412879	17	5748.5168	5748.7168	5748.7168	5748.9168	5749.2581
2	8	1	2	18	1	2	1	18	2	1	4	1	0.46317222	18	5750.8125	5751.0125	5751.0125	5751.2125	5751.4756
2	8	1	2	19	1	2	1	19	1	2	4	1	0.60226684	19	5753.0194	5753.6194	5753.6194	5753.8195	5754.2217
2	8	1	2	20	1	2	1	20	1	1	4	1	0.74309692	20	5755.6269	5755.8269	5755.8269	5756.0269	5756.57
2	8	1	2	21	1	2	1	21	2	1	4	1	0.52122827	21	5757.8341	5758.0341	5758.0341	5758.2342	5758.5554
2	8	1	2	22	1	2	1	22	3	2	4	1	0.6022711	22	5760.042	5760.642	5760.6421	5760.8421	5761.2443
2	8	1	2	23	1	2	1	23	3	2	4	1	0.37012788	23	5762.6495	5763.2496	5763.2496	5763.4496	5763.6197
2	8	1	2	24	1	2	1	24	3	2	4	1	0.32091899	24	5765.2557	5765.8557	5765.8557	5766.0557	5766.1766
2	8	1	2	25	1	2	1	25	5	1	5	1	0.4585186	25	5767.8638	5768.0638	5768.0638	5768.2638	5768.5223
2	8	1	2	26	1	2	1	26	6	2	5	1	0.53444068	26	5770.0701	5770.6701	5770.6701	5770.8702	5771.2046
2	8	1	2	27	1	2	1	27	2	1	4	1	0.52550887	27	5772.6781	5772.8781	5772.8781	5773.0781	5773.4036
2	8	1	2	28	1	2	1	28	4	1	5	1	0.46435392	28	5774.8839	5775.0839	5775.0839	5775.2839	5775.5483
2	8	1	2	29	1	2	1	29	5	1	5	1	0.70451892	29	5777.0918	5777.2918	5777.2918	5777.4918	5777.9963
2	8	1	2	30	1	2	1	30	2	1	4	1	0.42302734	30	5779.2996	5779.4996	5779.4996	5779.6996	5779.9226
2	8	1	2	31	1	6	1	1	1	2	1	1	0.95559124	1	5842.6461	5843.2463	5843.2464	5843.4466	5844.202
2	8	1	2	32	1	6	1	2	4	2	6	1	1.262366	2	5845.2554	5845.8554	5845.8554	5846.0555	5847.1178
2	8	1	2	33	1	6	1	3	3	2	3	1	0.98017625	3	5847.8639	5848.4639	5848.4639	5848.6639	5849.4441
2	8	1	2	34	1	6	1	4	2	2	2	1	1.1245442	4	5850.4722	5851.0722	5851.0722	5851.2722	5852.1967
2	8	1	2	35	1	6	1	5	5	2	7	1	0.96559378	5	5853.0801	5853.6801	5853.6802	5853.8802	5854.6457
2	8	1	2	36	1	6	1	6	6	1	8	1	0.94673571	6	5855.6879	5855.8879	5855.8879	5856.0879	5856.8346
2	8	1	2	37	1	6	1	7	4	2	6	1	0.69395765	7	5857.8959	5858.4959	5858.4959	5858.6959	5859.1898
2	8	1	2	38	1	6	1	8	3	1	3	1	1.0979855	8	5860.5046	5860.7046	5860.7046	5860.9046	5861.8026
2	8	1	2	39	1	6	1	9	1	2	1	1	1.0089749	9	5862.7131	5863.3131	5863.3132	5863.5132	5864.3221
2	8	1	2	40	1	6	1	10	6	1	8	1	0.87456758	10	5865.3219	5865.522	5865.522	5865.722	5866.3965
2	8	1	2	41	1	6	1	11	5	1	7	1	0.80669716	11	5867.5303	5867.7303	5867.7303	5867.9304	5868.537
2	8	1	2	42	1	6	1	12	4	1	6	1	0.6164692	12	5869.7373	5869.9373	5869.9373	5870.1373	5870.5538
2	8	1	2	43	1	6	1	13	2	2	2	1	0.8232993	13	5871.9459	5872.5459	5872.5459	5872.7459	5873.3692
2	8	1	2	44	1	6	1	14	2	1	2	1	1.1275485	14	5874.5542	5874.7543	5874.7543	5874.9543	5875.8818
2	8	1	2	45	1	6	1	15	3	2	3	1	0.54865272	15	5876.7615	5877.3615	5877.3615	5877.5615	5877.9101
2	8	1	2	46	1	6	1	16	6	2	8	1	0.71499156	16	5879.37	5879.97	5879.97	5880.17	5880.685
2	8	1	2	47	1	6	1	17	4	1	6	1	0.76485218	17	5881.9788	5882.1788	5882.1788	5882.3788	5882.9437
2	8	1	2	48	1	6	1	18	2	1	2	1	0.84835669	18	5884.1868	5884.3868	5884.3868	5884.5869	5885.2352
2	8	1	2	49	1	6	1	19	6	2	8	1	0.75034981	19	5886.3959	5886.9959	5886.996	5887.196	5887.7463
2	8	1	2	50	1	6	1	20	1	1	1	1	1.0926695	20	5889.0051	5889.2051	5889.2051	5889.4051	5890.2978
2	8	1	2	51	1	6	1	21	2	1	2	1	0.99578045	21	5891.2143	5891.4143	5891.4143	5891.6143	5892.4101
2	8	1	2	52	1	6	1	22	3	2	3	1	0.85271646	22	5893.4235	5894.0235	5894.0235	5894.2235	5894.8762
2	8	1	2	53	1	6	1	23	3	2	3	1	0.61046532	23	5896.0323	5896.6323	5896.6324	5896.8324	5897.2428
2	8	1	2	54	1	6	1	24	5	2	7	1	0.70962037	24	5898.6414	5899.2414	5899.2414	5899.4414	5899.951
2	8	1	2	55	1	6	1	25	6	1	8	1	0.66603489	25	5901.2486	5901.4486	5901.4486	5901.6486	5902.1146
2	8	1	2	56	1	6	1	26	4	2	6	1	0.7197876	26	5903.4579	5904.0579	5904.0579	5904.2579	5904.7777
2	8	1	2	57	1	6	1	27	5	1	7	1	0.76124525	27	5906.0663	5906.2663	5906.2663	5906.4663	5907.0276
2	8	1	2	58	1	6	1	28	1	1	1	1	0.76086252	28	5908.2756	5908.4756	5908.4756	5908.6756	5909.2365
2	8	1	2	59	1	6	1	29	5	1	7	1	0.81862386	29	5910.485	5910.685	5910.685	5910.885	5911.5036
2	8	1	2	60	1	6	1	30	1	1	1	1	1.1876404	30	5912.6946	5912.8946	5912.8946	5913.0946	5914.0822
2	8	1	2	61	1	2	2	1	2	2	4	1	0.48597324	1	5929.8846	5930.4846	5930.4846	5930.6846	5930.9706
2	8	1	2	62	1	2	2	2	5	2	5	1	0.43973936	2	5932.4925	5933.0925	5933.0925	5933.2925	5933.5323
2	8	1	2	63	1	2	2	3	6	2	5	1	0.51197666	3	5935.1024	5935.7024	5935.7025	5935.9025	5936.2144
2	8	1	2	64	1	2	2	4	4	2	5	1	0.50031162	4	5937.7119	5938.3119	5938.3119	5938.5119	5938.8122
2	8	1	2	65	1	2	2	5	5	2	5	1	0.42508475	5	5940.322	5940.922	5940.922	5941.122	5941.3471
2	8	1	2	66	1	2	2	6	3	1	4	1	0.53115665	6	5943.0176	5943.2176	5943.2176	5943.4176	5943.7487
2	8	1	2	67	1	2	2	7	2	2	4	1	0.4623074	7	5945.2282	5945.8282	5945.8283	5946.0283	5946.2906
2	8	1	2	68	1	2	2	8	3	1	4	1	0.47724574	8	5947.8386	5948.0387	5948.0387	5948.2387	5948.516
2	8	1	2	69	1	2	2	9	1	2	4	1	0.4432162	9	5950.0486	5950.6486	5950.6487	5950.8487	5951.0919
2	8	1	2	70	1	2	2	10	6	1	5	1	0.57805403	10	5952.6593	5952.8594	5952.8594	5953.0594	5953.4375
2	8	1	2	71	1	2	2	11	2	1	4	1	0.43049677	11	5954.87	5955.07	5955.07	5955.27	5955.5005
2	8	1	2	72	1	2	2	12	4	1	5	1	0.55450306	12	5957.08	5957.28	5957.28	5957.48	5957.8345
2	8	1	2	73	1	2	2	13	3	2	4	1	0.52176381	13	5959.2906	5959.8906	5959.8907	5960.0907	5960.4124
2	8	1	2	74	1	2	2	14	6	1	5	1	0.52534263	14	5961.9011	5962.1011	5962.1011	5962.3012	5962.6265
2	8	1	2	75	1	2	2	15	1	2	4	1	0.49039465	15	5964.1116	5964.7117	5964.7117	5964.9117	5965.202
2	8	1	2	76	1	2	2	16	4	2	5	1	0.47108587	16	5966.722	5967.322	5967.322	5967.522	5967.7931
2	8	1	2	77	1	2	2	17	3	1	4	1	0.52780955	17	5969.3325	5969.5325	5969.5325	5969.7325	5970.0603
2	8	1	2	78	1	2	2	18	5	1	5	1	0.5337421	18	5971.5434	5971.7434	5971.7434	5971.9434	5972.2772
2	8	1	2	79	1	2	2	19	3	2	4	1	0.36168703	19	5973.7526	5974.3526	5974.3526	5974.5526	5974.7142
2	8	1	2	80	1	2	2	20	4	1	5	1	0.49979659	20	5976.3633	5976.5633	5976.5633	5976.7633	5977.0631
2	8	1	2	81	1	2	2	21	1	1	4	1	0.54970438	21	5978.5737	5978.7737	5978.7737	5978.9737	5979.3234
2	8	1	2	82	1	2	2	22	1	2	4	1	0.49213086	22	5980.7824	5981.3824	5981.3824	5981.5824	5981.8745
2	8	1	2	83	1	2	2	23	6	2	5	1	0.40025295	23	5983.3932	5983.9932	5983.9932	5984.1932	5984.3934
2	8	1	2	84	1	2	2	24	6	2	5	1	0.55271692	24	5986.0034	5986.6034	5986.6034	5986.8034	5987.1561
2	8	1	2	85	1	2	2	25	4	1	5	1	0.63787582	25	5988.6137	5988.8137	5988.8137	5989.0137	5989.4516
2	8	1	2	86	1	2	2	26	2	2	4	1	0.53338301	26	5990.8245	5991.4245	5991.4245	5991.6245	5991.9579
2	8	1	2	87	1	2	2	27	5	1	5	1	0.58287932	27	5993.4349	5993.6349	5993.6349	5993.8349	5994.2177
2	8	1	2	88	1	2	2	28	5	1	5	1	0.53180662	28	5995.6462	5995.8462	5995.8462	5996.0462	5996.378
2	8	1	2	89	1	2	2	29	2	1	4	1	0.56223181	29	5997.8568	5998.0568	5998.0568	5998.2568	5998.619
2	8	1	2	90	1	2	2	30	1	1	4	1	0.61512356	30	6000.0706	6000.2706	6000.2706	6000.4706	6000.8857
2	8	1	2	91	1	6	2	1	3	2	3	1	0.78865134	1	6014.7197	6015.3197	6015.3197	6015.5197	6016.1083
2	8	1	2	92	1	6	2	2	1	2	1	1	0.77568032	2	6017.3306	6017.9306	6017.9306	6018.1306	6018.7063
2	8	1	2	93	1	6	2	3	2	2	2	1	0.75932893	3	6019.9418	6020.5418	6020.5419	6020.7419	6021.3012
2	8	1	2	94	1	6	2	4	2	2	2	1	0.77696318	4	6022.5528	6023.1529	6023.1529	6023.3529	6023.9299
2	8	1	2	95	1	6	2	5	5	2	7	1	0.62394147	5	6025.1645	6025.7645	6025.7645	6025.9645	6026.3885
2	8	1	2	96	1	6	2	6	1	1	1	1	0.97244535	6	6027.7762	6027.9762	6027.9762	6028.1763	6028.9487
2	8	1	2	97	1	6	2	7	4	2	6	1	0.72044286	7	6029.9873	6030.5873	6030.5874	6030.7874	6031.3078
2	8	1	2	98	1	6	2	8	5	1	7	1	0.51666694	8	6032.5986	6032.7986	6032.7986	6032.9987	6033.3153
2	8	1	2	99	1	6	2	9	6	2	8	1	0.52258963	9	6034.8105	6035.4105	6035.4105	6035.6105	6035.933
2	8	1	2	100	1	6	2	10	1	1	1	1	0.70262265	10	6037.4222	6037.6223	6037.6223	6037.8223	6038.3249
2	8	1	2	101	1	6	2	11	6	1	8	1	0.93971525	11	6039.6312	6039.8312	6039.8312	6040.0312	6040.7709
2	8	1	2	102	1	6	2	12	6	1	8	1	0.77072079	12	6041.8428	6042.0428	6042.0428	6042.2428	6042.8136
2	8	1	2	103	1	6	2	13	4	2	6	1	0.65597988	13	6044.052	6044.652	6044.652	6044.852	6045.308
2	8	1	2	104	1	6	2	14	4	1	6	1	0.4922437	14	6046.6639	6046.8639	6046.8639	6047.0639	6047.3562
2	8	1	2	105	1	6	2	15	2	2	2	1	0.77554889	15	6048.8756	6049.4756	6049.4756	6049.6756	6050.2511
2	8	1	2	106	1	6	2	16	4	2	6	1	0.72343147	16	6051.4872	6052.0872	6052.0872	6052.2873	6052.8106
2	8	1	2	107	1	6	2	17	3	1	3	1	0.69687611	17	6054.1395	6054.3395	6054.3395	6054.5395	6055.0364
2	8	1	2	108	1	6	2	18	3	1	3	1	0.79308605	18	6056.3514	6056.5514	6056.5514	6056.7514	6057.3445
2	8	1	2	109	1	6	2	19	2	2	2	1	0.65518584	19	6058.5634	6059.1634	6059.1634	6059.3634	6059.8186
2	8	1	2	110	1	6	2	20	4	1	6	1	0.8468496	20	6061.175	6061.375	6061.375	6061.575	6062.2219
2	8	1	2	111	1	6	2	21	1	1	1	1	1.3773432	21	6063.3853	6063.5853	6063.5853	6063.7853	6064.9626
2	8	1	2	112	1	6	2	22	6	2	8	1	0.76629673	22	6065.5975	6066.1975	6066.1975	6066.3975	6066.9638
2	8	1	2	113	1	6	2	23	2	2	2	1	0.80840931	23	6068.21	6068.81	6068.81	6069.01	6069.6184
2	8	1	2	114	1	6	2	24	3	2	3	1	0.74071589	24	6070.8223	6071.4223	6071.4223	6071.6223	6072.163
2	8	1	2	115	1	6	2	25	3	1	3	1	0.81794794	25	6073.4323	6073.6323	6073.6323	6073.8323	6074.4502
2	8	1	2	116	1	6	2	26	5	2	7	1	0.77318731	26	6075.6455	6076.2455	6076.2455	6076.4455	6077.0187
2	8	1	2	117	1	6	2	27	5	1	7	1	0.61288337	27	6078.2552	6078.4552	6078.4552	6078.6552	6079.0681
2	8	1	2	118	1	6	2	28	1	1	1	1	0.91067895	28	6080.4678	6080.6678	6080.6678	6080.8678	6081.5785
2	8	1	2	119	1	6	2	29	6	1	8	1	0.84217679	29	6082.68	6082.88	6082.88	6083.08	6083.7222
2	8	1	2	120	1	6	2	30	5	1	7	1	0.68942392	30	6084.8921	6085.0921	6085.0921	6085.2921	6085.7816
2	8	1	2	121	1	2	3	1	3	2	4	1	0.42261181	1	6120.2191	6120.8191	6120.8191	6121.0191	6121.2417
2	8	1	2	122	1	2	3	2	3	2	4	1	0.47419884	2	6122.8317	6123.4317	6123.4317	6123.6317	6123.9059
2	8	1	2	123	1	2	3	3	6	2	5	1	0.48844912	3	6125.4446	6126.0446	6126.0446	6126.2446	6126.5331
2	8	1	2	124	1	2	3	4	2	2	4	1	0.41284364	4	6128.0551	6128.6551	6128.6551	6128.8552	6129.068
2	8	1	2	125	1	2	3	5	5	2	5	1	0.5348585	5	6130.6678	6131.2679	6131.2679	6131.4679	6131.8027
2	8	1	2	126	1	2	3	6	6	1	5	1	0.33301445	6	6133.2804	6133.4804	6133.4804	6133.6804	6133.8134
2	8	1	2	127	1	2	3	7	3	2	4	1	0.39960539	7	6135.4937	6136.0937	6136.0937	6136.2937	6136.4933
2	8	1	2	128	1	2	3	8	2	1	4	1	0.40074757	8	6138.1066	6138.3066	6138.3066	6138.5066	6138.7074
2	8	1	2	129	1	2	3	9	6	2	5	1	0.4842037	9	6140.3199	6140.9199	6140.9199	6141.1199	6141.4041
2	8	1	2	130	1	2	3	10	6	1	5	1	0.45870718	10	6142.9305	6143.1305	6143.1305	6143.3305	6143.5892
2	8	1	2	131	1	2	3	11	2	1	4	1	0.52445011	11	6145.1435	6145.3435	6145.3435	6145.5435	6145.868
2	8	1	2	132	1	2	3	12	3	1	4	1	0.64192261	12	6147.3543	6147.5543	6147.5544	6147.7544	6148.1963
2	8	1	2	133	1	2	3	13	1	2	4	1	0.54569316	13	6149.5672	6150.1672	6150.1672	6150.3672	6150.7129
2	8	1	2	134	1	2	3	14	4	1	5	1	0.47458846	14	6152.1778	6152.3778	6152.3778	6152.5778	6152.8524
2	8	1	2	135	1	2	3	15	3	2	4	1	0.487583	15	6154.389	6154.989	6154.989	6155.189	6155.4766
2	8	1	2	136	1	2	3	16	6	2	5	1	0.58797033	16	6156.9995	6157.5995	6157.5995	6157.7995	6158.1875
2	8	1	2	137	1	2	3	17	4	1	5	1	0.52781465	17	6159.6125	6159.8125	6159.8125	6160.0126	6160.3404
2	8	1	2	138	1	2	3	18	1	1	4	1	0.48858857	18	6161.8258	6162.0258	6162.0258	6162.2258	6162.5144
2	8	1	2	139	1	2	3	19	2	2	4	1	0.50218048	19	6164.0394	6164.6395	6164.6395	6164.8395	6165.1416
2	8	1	2	140	1	2	3	20	5	1	5	1	0.5283127	20	6166.6528	6166.8528	6166.8528	6167.0528	6167.3811
2	8	1	2	141	1	2	3	21	4	1	5	1	0.49805864	21	6168.8639	6169.0639	6169.0639	6169.2639	6169.5619
2	8	1	2	142	1	2	3	22	5	2	5	1	0.56811609	22	6171.0772	6171.6772	6171.6772	6171.8772	6172.2453
2	8	1	2	143	1	2	3	23	1	2	4	1	0.44743903	23	6173.6906	6174.2906	6174.2906	6174.4906	6174.738
2	8	1	2	144	1	2	3	24	2	2	4	1	0.4984261	24	6176.305	6176.905	6176.9051	6177.1051	6177.4035
2	8	1	2	145	1	2	3	25	1	1	4	1	0.57331403	25	6178.9187	6179.1187	6179.1187	6179.3187	6179.692
2	8	1	2	146	1	2	3	26	1	2	4	1	0.54530624	26	6181.1321	6181.7321	6181.7321	6181.9321	6182.2775
2	8	1	2	147	1	2	3	27	5	1	5	1	0.64371598	27	6183.7434	6183.9434	6183.9434	6184.1434	6184.5871
2	8	1	2	148	1	2	3	28	5	1	5	1	0.5491863	28	6185.9575	6186.1575	6186.1575	6186.3575	6186.7066
2	8	1	2	149	1	2	3	29	4	1	5	1	0.45704942	29	6188.1715	6188.3715	6188.3715	6188.5715	6188.8286
2	8	1	2	150	1	2	3	30	4	1	5	1	0.41236082	30	6190.3854	6190.5854	6190.5854	6190.7854	6190.9977
2	8	1	2	151	1	6	3	1	2	2	2	1	0.66937679	1	6205.4145	6206.0145	6206.0145	6206.2145	6206.6839
2	8	1	2	152	1	6	3	2	3	2	3	1	0.66302695	2	6208.0286	6208.6286	6208.6286	6208.8286	6209.2916
2	8	1	2	153	1	6	3	3	2	2	2	1	0.62700713	3	6210.6428	6211.2428	6211.2428	6211.4428	6211.8698
2	8	1	2	154	1	6	3	4	2	2	2	1	0.63348793	4	6213.3182	6213.9182	6213.9182	6214.1182	6214.5517
2	8	1	2	155	1	6	3	5	3	2	3	1	0.55284388	5	6215.9326	6216.5326	6216.5326	6216.7326	6217.0854
2	8	1	2	156	1	6	3	6	1	1	1	1	0.74954109	6	6218.5431	6218.7431	6218.7431	6218.9431	6219.4926
2	8	1	2	157	1	6	3	7	1	2	1	1	0.59729113	7	6220.7572	6221.3572	6221.3572	6221.5572	6221.9545
2	8	1	2	158	1	6	3	8	1	1	1	1	0.55334975	8	6223.3689	6223.5689	6223.5689	6223.7689	6224.1222
2	8	1	2	159	1	6	3	9	5	2	7	1	0.84183532	9	6225.5833	6226.1833	6226.1833	6226.3833	6227.0251
2	8	1	2	160	1	6	3	10	6	1	8	1	0.69479442	10	6228.1978	6228.3978	6228.3978	6228.5978	6229.0926
2	8	1	2	161	1	6	3	11	6	1	8	1	0.62838511	11	6230.4119	6230.6119	6230.6119	6230.8119	6231.2403
2	8	1	2	162	1	6	3	12	4	1	6	1	0.90837192	12	6232.6233	6232.8234	6232.8234	6233.0234	6233.7317
2	8	1	2	163	1	6	3	13	5	2	7	1	0.81206585	13	6234.8379	6235.4379	6235.4379	6235.6379	6236.25
2	8	1	2	164	1	6	3	14	2	1	2	1	0.82600001	14	6237.4506	6237.6506	6237.6506	6237.8506	6238.4766
2	8	1	2	165	1	6	3	15	1	2	1	1	0.82900808	15	6239.6621	6240.2621	6240.2621	6240.4621	6241.0911
2	8	1	2	166	1	6	3	16	1	2	1	1	1.3786344	16	6242.2751	6242.8751	6242.8751	6243.0751	6244.2537
2	8	1	2	167	1	6	3	17	4	1	2	0	0.84824436	16	6244.8902	6245.0902	6245.0902	6245.2902	6245.9385
2	8	1	2	168	1	6	3	18	5	1	7	1	0.92520101	17	6247.4131	6247.6131	6247.6131	6247.8131	6248.5383
2	8	1	2	169	1	6	3	19	6	2	8	1	0.7434824	18	6249.6282	6250.2282	6250.2282	6250.4282	6250.9717
2	8	1	2	170	1	6	3	20	4	1	6	1	0.75132475	19	6252.2426	6252.4426	6252.4426	6252.6426	6253.1939
2	8	1	2	171	1	6	3	21	2	1	2	1	0.75374015	20	6254.4572	6254.6573	6254.6573	6254.8573	6255.411
2	8	1	2	172	1	6	3	22	6	2	8	1	0.77208188	21	6256.6721	6257.2721	6257.2721	6257.4721	6258.0442
2	8	1	2	173	1	6	3	23	6	2	8	1	0.698797	22	6259.2869	6259.8869	6259.8869	6260.0869	6260.5857
2	8	1	2	174	1	6	3	24	5	2	7	1	0.63977889	23	6261.9013	6262.5013	6262.5013	6262.7013	6263.141
2	8	1	2	175	1	6	3	25	4	1	6	1	0.66310849	24	6264.5168	6264.7168	6264.7168	6264.9168	6265.3799
2	8	1	2	176	1	6	3	26	3	2	3	1	0.9048691	25	6266.7297	6267.3297	6267.3297	6267.5297	6268.2346
2	8	1	2	177	1	6	3	27	3	1	3	1	0.53066951	26	6269.3453	6269.5453	6269.5453	6269.7453	6270.076
2	8	1	2	178	1	6	3	28	3	1	3	1	0.55642924	27	6271.5604	6271.7604	6271.7604	6271.9604	6272.3168
2	8	1	2	179	1	6	3	29	4	1	6	1	0.87004098	28	6273.7733	6273.9733	6273.9733	6274.1733	6274.8434
2	8	1	2	180	1	6	3	30	5	1	7	1	0.60939524	29	6275.9882	6276.1882	6276.1882	6276.3883	6276.7976
2	8	1	2	181	2	2	4	1	1	2	4	1	0.44985343	1	6690.8409	6691.4409	6691.4409	6691.6409	6691.8907
2	8	1	2	182	2	2	4	2	3	2	4	1	0.60645263	2	6693.4539	6694.0539	6694.0539	6694.254	6694.6604
2	8	1	2	183	2	2	4	3	5	2	5	1	0.52510207	3	6696.0697	6696.6697	6696.6697	6696.8697	6697.1948
2	8	1	2	184	2	2	4	4	6	2	5	1	0.40805025	4	6698.6853	6699.2853	6699.2853	6699.4853	6699.6933
2	8	1	2	185	2	2	4	5	4	2	5	1	0.49462589	5	6701.2991	6701.8991	6701.8991	6702.0991	6702.3938
2	8	1	2	186	2	2	4	6	1	1	4	1	0.47412531	6	6703.9144	6704.1144	6704.1144	6704.3144	6704.5885
2	8	1	2	187	2	2	4	7	3	2	4	1	0.58841898	7	6706.1277	6706.7277	6706.7277	6706.9277	6707.3161
2	8	1	2	188	2	2	4	8	1	1	4	1	0.40375339	8	6708.7437	6708.9437	6708.9437	6709.1437	6709.3474
2	8	1	2	189	2	2	4	9	1	2	4	1	0.66855395	9	6710.9588	6711.5588	6711.5588	6711.7588	6712.2273
2	8	1	2	190	2	2	4	10	5	1	5	1	0.76584723	10	6713.5745	6713.7745	6713.7745	6713.9745	6714.5404
2	8	1	2	191	2	2	4	11	3	1	4	1	0.78783093	11	6715.7899	6715.99	6715.99	6716.19	6716.7778
2	8	1	2	192	2	2	4	12	2	1	4	1	0.7359593	12	6718.0059	6718.2059	6718.2059	6718.4059	6718.9418
2	8	1	2	193	2	2	4	13	5	2	5	1	0.73295877	13	6720.2218	6720.8218	6720.8218	6721.0218	6721.5547
2	8	1	2	194	2	2	4	14	4	1	5	1	0.72540129	14	6722.8377	6723.0377	6723.0377	6723.2377	6723.7631
2	8	1	2	195	2	2	4	15	5	2	5	1	0.53227191	15	6725.0537	6725.6537	6725.6537	6725.8537	6726.186
2	8	1	2	196	2	2	4	16	2	2	4	1	0.48590029	16	6727.6698	6728.2698	6728.2698	6728.4698	6728.7557
2	8	1	2	197	2	2	4	17	6	1	5	1	0.45636002	17	6730.2832	6730.4832	6730.4832	6730.6832	6730.9396
2	8	1	2	198	2	2	4	18	4	1	5	1	0.44870173	18	6732.4992	6732.6992	6732.6992	6732.8992	6733.1479
2	8	1	2	199	2	2	4	19	6	2	5	1	0.55348949	19	6734.715	6735.315	6735.315	6735.515	6735.8685
2	8	1	2	200	2	2	4	20	2	1	4	1	0.58334372	20	6737.3307	6737.5307	6737.5307	6737.7307	6738.114
2	8	1	2	201	2	2	4	21	6	1	5	1	0.44909667	21	6739.5467	6739.7467	6739.7467	6739.9467	6740.1958
2	8	1	2	202	2	2	4	22	2	2	4	1	0.43338918	22	6741.7628	6742.3628	6742.3628	6742.5628	6742.7962
2	8	1	2	203	2	2	4	23	3	2	4	1	0.52864912	23	6744.3792	6744.9792	6744.9792	6745.1792	6745.5079
2	8	1	2	204	2	2	4	24	3	2	4	1	0.47180368	24	6746.9951	6747.5951	6747.5951	6747.7951	6748.0669
2	8	1	2	205	2	2	4	25	5	1	5	1	0.63489492	25	6749.6098	6749.8098	6749.8098	6750.0098	6750.4447
2	8	1	2	206	2	2	4	26	6	2	5	1	0.43227576	26	6751.8257	6752.4257	6752.4257	6752.6257	6752.858
2	8	1	2	207	2	2	4	27	1	1	4	1	0.65896884	27	6754.4427	6754.6427	6754.6427	6754.8427	6755.3017
2	8	1	2	208	2	2	4	28	4	1	5	1	0.51204992	28	6756.6591	6756.8591	6756.8591	6757.0591	6757.3711
2	8	1	2	209	2	2	4	29	4	1	5	1	0.62499165	29	6758.8751	6759.0751	6759.0751	6759.2751	6759.7001
2	8	1	2	210	2	2	4	30	2	1	4	1	0.68658666	30	6761.0914	6761.2914	6761.2914	6761.4914	6761.978
2	8	1	2	211	2	6	4	1	5	2	7	1	0.93648578	1	6791.3797	6791.9797	6791.9797	6792.1797	6792.9162
2	8	1	2	212	2	6	4	2	1	2	1	1	0.78413466	2	6793.9971	6794.5971	6794.5971	6794.7971	6795.3812
2	8	1	2	213	2	6	4	3	1	2	1	1	1.0552244	3	6796.6134	6797.2134	6797.2134	6797.4134	6798.2687
2	8	1	2	214	2	6	4	4	3	2	3	1	0.83138721	4	6799.2302	6799.8302	6799.8302	6800.0302	6800.6616
2	8	1	2	215	2	6	4	5	3	2	3	1	0.7192591	5	6801.8467	6802.4467	6802.4467	6802.6467	6803.1659
2	8	1	2	216	2	6	4	6	1	1	1	1	0.82220411	6	6804.4612	6804.6612	6804.6612	6804.8612	6805.4834
2	8	1	2	217	2	6	4	7	2	2	2	1	0.49275224	7	6806.6783	6807.2783	6807.2783	6807.4783	6807.7711
2	8	1	2	218	2	6	4	8	6	1	8	1	0.63680803	8	6809.295	6809.495	6809.495	6809.695	6810.1318
2	8	1	2	219	2	6	4	9	5	2	7	1	0.65289898	9	6811.5092	6812.1093	6812.1093	6812.3093	6812.7622
2	8	1	2	220	2	6	4	10	3	1	3	1	1.1687442	10	6814.1237	6814.3237	6814.3237	6814.5237	6815.4924
2	8	1	2	221	2	6	4	11	4	1	6	1	0.64960831	11	6816.3367	6816.5367	6816.5367	6816.7367	6817.1863
2	8	1	2	222	2	6	4	12	6	1	8	1	1.2032843	12	6818.554	6818.754	6818.754	6818.954	6819.9573
2	8	1	2	223	2	6	4	13	3	2	3	1	0.80739394	13	6820.7713	6821.3713	6821.3713	6821.5713	6822.1787
2	8	1	2	224	2	6	4	14	5	1	7	1	0.66886549	14	6823.3887	6823.5887	6823.5887	6823.7887	6824.2575
2	8	1	2	225	2	6	4	15	6	2	8	1	0.68139456	15	6825.6061	6826.2061	6826.2061	6826.4061	6826.8875
2	8	1	2	226	2	6	4	16	1	2	1	1	0.77070205	16	6828.2235	6828.8235	6828.8235	6829.0235	6829.5942
2	8	1	2	227	2	6	4	17	5	1	7	1	0.73614565	17	6830.8411	6831.0411	6831.0411	6831.2411	6831.7772
2	8	1	2	228	2	6	4	18	6	1	8	1	0.64167143	18	6833.0587	6833.2587	6833.2587	6833.4587	6833.9004
2	8	1	2	229	2	6	4	19	2	2	2	1	0.86091176	19	6835.2728	6835.8728	6835.8728	6836.0729	6836.7338
2	8	1	2	230	2	6	4	20	5	1	7	1	0.64112789	20	6837.8913	6838.0913	6838.0913	6838.2913	6838.7324
2	8	1	2	231	2	6	4	21	1	1	1	1	0.89853088	21	6840.1087	6840.3087	6840.3087	6840.5087	6841.2072
2	8	1	2	232	2	6	4	22	2	2	2	1	0.76413119	22	6842.3276	6842.9276	6842.9276	6843.1276	6843.6917
2	8	1	2	233	2	6	4	23	4	2	6	1	0.71200109	23	6844.9463	6845.5463	6845.5463	6845.7463	6846.2583
2	8	1	2	234	2	6	4	24	6	2	8	1	0.64591796	24	6847.5646	6848.1646	6848.1646	6848.3646	6848.8105
2	8	1	2	235	2	6	4	25	2	1	2	1	0.65253932	25	6850.1818	6850.3818	6850.3818	6850.5818	6851.0344
2	8	1	2	236	2	6	4	26	4	2	6	1	0.65857683	26	6852.3996	6852.9996	6852.9996	6853.1996	6853.6582
2	8	1	2	237	2	6	4	27	3	1	3	1	0.64370469	27	6855.0175	6855.2175	6855.2175	6855.4175	6855.8612
2	8	1	2	238	2	6	4	28	4	1	6	1	0.50484041	28	6857.2356	6857.4356	6857.4356	6857.6357	6857.9405
2	8	1	2	239	2	6	4	29	2	1	2	1	0.84499292	29	6859.454	6859.654	6859.654	6859.854	6860.499
2	8	1	2	240	2	6	4	30	4	1	6	1	0.67390702	30	6861.6722	6861.8722	6861.8722	6862.0722	6862.5461
2	8	1	2	241	2	2	5	1	6	2	5	1	0.56473892	1	6891.9585	6892.5585	6892.5585	6892.7585	6893.1232
2	8	1	2	242	2	2	5	2	3	2	4	1	0.54095747	2	6894.5764	6895.1764	6895.1764	6895.3764	6895.7174
2	8	1	2	243	2	2	5	3	1	2	4	1	0.48347276	3	6897.1944	6897.7944	6897.7944	6897.9944	6898.2779
2	8	1	2	244	2	2	5	4	1	2	4	1	0.43061902	4	6899.8125	6900.4125	6900.4125	6900.6125	6900.8431
2	8	1	2	245	2	2	5	5	2	2	4	1	0.63069348	5	6902.431	6903.031	6903.031	6903.231	6903.6617
2	8	1	2	246	2	2	5	6	3	1	4	1	0.41869637	6	6905.0508	6905.2508	6905.2508	6905.4508	6905.6695
2	8	1	2	247	2	2	5	7	2	2	4	1	0.49527111	7	6907.2661	6907.8661	6907.8661	6908.0662	6908.3614
2	8	1	2	248	2	2	5	8	3	1	4	1	0.48778989	8	6909.8844	6910.0844	6910.0844	6910.2844	6910.5722
2	8	1	2	249	2	2	5	9	3	2	4	1	0.58196892	9	6912.1026	6912.7026	6912.7026	6912.9026	6913.2845
2	8	1	2	250	2	2	5	10	5	1	5	1	0.52208003	10	6914.7219	6914.9219	6914.9219	6915.1219	6915.444
2	8	1	2	251	2	2	5	11	3	1	4	1	0.49189798	11	6916.9369	6917.1369	6917.1369	6917.3369	6917.6288
2	8	1	2	252	2	2	5	12	6	1	5	1	0.44353981	12	6919.2239	6919.4239	6919.4239	6919.6239	6919.8675
2	8	1	2	253	2	2	5	13	5	2	5	1	0.38658933	13	6921.4429	6922.0429	6922.0429	6922.2429	6922.4295
2	8	1	2	254	2	2	5	14	4	1	5	1	0.38273574	14	6924.062	6924.262	6924.262	6924.4621	6924.6448
2	8	1	2	255	2	2	5	15	4	2	5	1	0.43630872	15	6926.2775	6926.8776	6926.8776	6927.0776	6927.3139
2	8	1	2	256	2	2	5	16	2	2	4	1	0.53569503	16	6928.8926	6929.4926	6929.4926	6929.6926	6930.0283
2	8	1	2	257	2	2	5	17	2	1	4	1	0.74052841	17	6931.5115	6931.7115	6931.7115	6931.9115	6932.452
2	8	1	2	258	2	2	5	18	1	1	4	1	0.41490119	18	6933.7309	6933.9309	6933.9309	6934.1309	6934.3458
2	8	1	2	259	2	2	5	19	5	2	5	1	0.46112712	19	6935.9493	6936.5493	6936.5493	6936.7493	6937.0105
2	8	1	2	260	2	2	5	20	1	1	4	1	0.5571971	20	6938.5682	6938.7682	6938.7682	6938.9682	6939.3254
2	8	1	2	261	2	2	5	21	4	1	5	1	0.47031893	21	6940.7871	6940.9871	6940.9871	6941.1871	6941.4574
2	8	1	2	262	2	2	5	22	6	2	5	1	0.44430093	22	6943.0061	6943.6062	6943.6062	6943.8062	6944.0505
2	8	1	2	263	2	2	5	23	1	2	4	1	0.52153907	23	6945.6254	6946.2254	6946.2254	6946.4254	6946.747
2	8	1	2	264	2	2	5	24	6	2	5	1	0.42441526	24	6948.2442	6948.8442	6948.8442	6949.0442	6949.2686
2	8	1	2	265	2	2	5	25	4	1	5	1	0.65319844	25	6950.8597	6951.0597	6951.0598	6951.2598	6951.7129
2	8	1	2	266	2	2	5	26	6	2	5	1	0.39225761	26	6953.0764	6953.6764	6953.6764	6953.8764	6954.0687
2	8	1	2	267	2	2	5	27	4	1	5	1	0.61026283	27	6955.6954	6955.8954	6955.8954	6956.0955	6956.5057
2	8	1	2	268	2	2	5	28	5	1	5	1	0.43077906	28	6957.9145	6958.1145	6958.1145	6958.3145	6958.5453
2	8	1	2	269	2	2	5	29	5	1	5	1	0.46320226	29	6960.1314	6960.3314	6960.3314	6960.5314	6960.7946
2	8	1	2	270	2	2	5	30	2	1	4	1	0.53700067	30	6962.3531	6962.5531	6962.5531	6962.7531	6963.0901
2	8	1	2	271	2	6	5	1	3	2	3	1	0.75473336	1	6992.6476	6993.2476	6993.2476	6993.4476	6994.0023
2	8	1	2	272	2	6	5	2	5	2	7	1	0.70224194	2	6995.265	6995.865	6995.8651	6996.0651	6996.5673
2	8	1	2	273	2	6	5	3	6	2	8	1	0.68775706	3	6997.8843	6998.4844	6998.4844	6998.6844	6999.1721
2	8	1	2	274	2	6	5	4	5	2	7	1	0.70068909	4	7000.5042	7001.1042	7001.1042	7001.3042	7001.8049
2	8	1	2	275	2	6	5	5	2	2	2	1	0.79364417	5	7003.1242	7003.7242	7003.7242	7003.9242	7004.5178
2	8	1	2	276	2	6	5	6	4	1	6	1	0.91160079	6	7005.7459	7005.9459	7005.9459	7006.1459	7006.8575
2	8	1	2	277	2	6	5	7	2	2	2	1	0.6638583	7	7007.9651	7008.5651	7008.5651	7008.7651	7009.229
2	8	1	2	278	2	6	5	8	1	1	1	1	0.77522946	8	7010.5849	7010.7849	7010.7849	7010.9849	7011.5601
2	8	1	2	279	2	6	5	9	3	2	3	1	0.67709292	9	7012.8051	7013.4051	7013.4051	7013.6051	7014.0822
2	8	1	2	280	2	6	5	10	2	1	2	1	0.63557736	10	7015.4252	7015.6252	7015.6252	7015.8252	7016.2608
2	8	1	2	281	2	6	5	11	4	1	6	1	0.73094508	11	7017.6421	7017.8421	7017.8421	7018.0421	7018.5731
2	8	1	2	282	2	6	5	12	1	1	1	1	0.83971264	12	7019.8617	7020.0617	7020.0617	7020.2617	7020.9015
2	8	1	2	283	2	6	5	13	5	2	7	1	0.81042593	13	7022.0813	7022.6813	7022.6813	7022.8813	7023.4917
2	8	1	2	284	2	6	5	14	6	1	8	1	0.68632357	14	7024.7016	7024.9016	7024.9016	7025.1016	7025.5879
2	8	1	2	285	2	6	5	15	5	2	7	1	0.73022823	15	7026.9222	7027.5222	7027.5222	7027.7223	7028.2525
2	8	1	2	286	2	6	5	16	4	2	6	1	0.59695387	16	7029.5418	7030.1418	7030.1418	7030.3418	7030.7388
2	8	1	2	287	2	6	5	17	1	1	1	1	1.4884394	17	7032.1637	7032.3637	7032.3637	7032.5637	7033.8522
2	8	1	2	288	2	6	5	18	6	1	8	1	0.82928168	18	7034.3835	7034.5835	7034.5835	7034.7835	7035.4128
2	8	1	2	289	2	6	5	19	2	2	2	1	0.67267565	19	7036.6036	7037.2036	7037.2036	7037.4036	7037.8763
2	8	1	2	290	2	6	5	20	2	1	2	1	0.79627213	20	7039.2239	7039.424	7039.424	7039.624	7040.2202
2	8	1	2	291	2	6	5	21	1	1	1	1	0.72252292	21	7041.4467	7041.6467	7041.6467	7041.8467	7042.3692
2	8	1	2	292	2	6	5	22	4	2	6	1	0.79126628	22	7043.6669	7044.2669	7044.2669	7044.4669	7045.0581
2	8	1	2	293	2	6	5	23	6	2	8	1	0.73046767	23	7046.289	7046.889	7046.8891	7047.0891	7047.6195
2	8	1	2	294	2	6	5	24	1	2	1	1	2.0007193	24	7048.9097	7049.5097	7049.5097	7049.7097	7051.5104
2	8	1	2	295	2	6	5	25	6	1	8	1	1.4555409	25	7051.5324	7051.7324	7051.7324	7051.9324	7053.188
2	8	1	2	296	2	6	5	26	3	2	3	1	0.85229166	26	7053.7528	7054.3528	7054.3528	7054.5529	7055.2051
2	8	1	2	297	2	6	5	27	3	1	3	1	0.60730178	27	7056.3712	7056.5712	7056.5712	7056.7712	7057.1785
2	8	1	2	298	2	6	5	28	4	1	6	1	0.69362508	28	7058.5924	7058.7924	7058.7924	7058.9924	7059.486
2	8	1	2	299	2	6	5	29	5	1	7	1	0.67188067	29	7060.8123	7061.0123	7061.0123	7061.2123	7061.6842
2	8	1	2	300	2	6	5	30	3	1	3	1	0.67489088	30	7063.033	7063.233	7063.233	7063.433	7063.9079
2	8	1	2	301	2	2	6	1	4	2	5	1	0.60910397	1	7093.3167	7093.9167	7093.9167	7094.1167	7094.5258
2	8	1	2	302	2	2	6	2	2	2	4	1	0.50577762	2	7095.9374	7096.5374	7096.5374	7096.7374	7097.0432
2	8	1	2	303	2	2	6	3	4	2	5	1	0.58962855	3	7098.558	7099.158	7099.158	7099.358	7099.7476
2	8	1	2	304	2	2	6	4	5	2	5	1	0.41496855	4	7101.1785	7101.7785	7101.7785	7101.9785	7102.1935
2	8	1	2	305	2	2	6	5	3	2	4	1	0.56503297	5	7103.7994	7104.3994	7104.3994	7104.5994	7104.9644
2	8	1	2	306	2	2	6	6	2	1	4	1	0.52615866	6	7106.4204	7106.6204	7106.6205	7106.8205	7107.1466
2	8	1	2	307	2	2	6	7	2	2	4	1	0.51365992	7	7108.6412	7109.2412	7109.2412	7109.4412	7109.7548
2	8	1	2	308	2	2	6	8	3	1	4	1	0.54960192	8	7111.2622	7111.4622	7111.4622	7111.6622	7112.0118
2	8	1	2	309	2	2	6	9	3	2	4	1	0.41474576	9	7113.4836	7114.0836	7114.0836	7114.2836	7114.4983
2	8	1	2	310	2	2	6	10	6	1	5	1	0.50779273	10	7116.1049	7116.3049	7116.3049	7116.5049	7116.8127
2	8	1	2	311	2	2	6	11	2	1	4	1	0.62904771	11	7118.3232	7118.5232	7118.5232	7118.7232	7119.1522
2	8	1	2	312	2	2	6	12	1	1	4	1	0.46856489	12	7120.544	7120.7441	7120.7441	7120.9441	7121.2126
2	8	1	2	313	2	2	6	13	5	2	5	1	0.63978198	13	7122.7649	7123.3649	7123.3649	7123.5649	7124.0046
2	8	1	2	314	2	2	6	14	6	1	5	1	0.44296342	14	7125.3857	7125.5857	7125.5857	7125.7857	7126.0287
2	8	1	2	315	2	2	6	15	3	2	4	1	0.52187119	15	7127.6086	7128.2087	7128.2087	7128.4087	7128.7305
2	8	1	2	316	2	2	6	16	1	2	4	1	0.38251286	16	7130.2299	7130.8299	7130.8299	7131.0299	7131.2124
2	8	1	2	317	2	2	6	17	2	1	4	1	0.45568967	17	7132.8511	7133.0511	7133.0511	7133.2511	7133.5068
2	8	1	2	318	2	2	6	18	4	1	5	1	0.41564615	18	7135.0751	7135.2751	7135.2751	7135.4751	7135.6908
2	8	1	2	319	2	2	6	19	1	2	4	1	0.48140246	19	7137.2968	7137.8968	7137.8968	7138.0968	7138.3782
2	8	1	2	320	2	2	6	20	4	1	5	1	0.5232968	20	7139.9213	7140.1213	7140.1213	7140.3213	7140.6446
2	8	1	2	321	2	2	6	21	6	1	5	1	0.35560219	21	7142.1459	7142.3459	7142.3459	7142.5459	7142.7015
2	8	1	2	322	2	2	6	22	6	2	5	1	0.39667893	22	7144.3681	7144.9681	7144.9681	7145.1681	7145.3647
2	8	1	2	323	2	2	6	23	3	2	4	1	0.51685629	23	7146.9903	7147.5903	7147.5903	7147.7903	7148.1072
2	8	1	2	324	2	2	6	24	6	2	5	1	0.62270782	24	7149.6124	7150.2124	7150.2124	7150.4124	7150.8351
2	8	1	2	325	2	2	6	25	5	1	5	1	1.7393944	25	7152.2339	7152.4339	7152.4339	7152.6339	7154.1733
2	8	1	2	326	2	2	6	26	5	2	5	1	0.57818495	26	7154.4552	7155.0552	7155.0552	7155.2552	7155.6334
2	8	1	2	327	2	2	6	27	5	1	5	1	0.46888545	27	7157.0799	7157.2799	7157.2799	7157.4799	7157.7488
2	8	1	2	328	2	2	6	28	4	1	5	1	0.43181938	28	7159.3016	7159.5016	7159.5017	7159.7017	7159.9335
2	8	1	2	329	2	2	6	29	1	1	4	1	0.52833549	29	7161.5239	7161.7239	7161.724	7161.924	7162.2523
2	8	1	2	330	2	2	6	30	1	1	4	1	0.57688155	30	7163.7463	7163.9463	7163.9463	7164.1463	7164.5232
2	8	1	2	331	2	6	6	1	2	2	2	1	0.64894063	1	7194.0259	7194.6259	7194.6259	7194.8259	7195.2748
2	8	1	2	332	2	6	6	2	4	2	6	1	0.6522847	2	7196.6484	7197.2484	7197.2484	7197.4484	7197.9007
2	8	1	2	333	2	6	6	3	2	2	2	1	0.74739355	3	7199.271	7199.871	7199.871	7200.071	7200.6184
2	8	1	2	334	2	6	6	4	5	2	7	1	0.70136234	4	7201.8932	7202.4932	7202.4932	7202.6932	7203.1945
2	8	1	2	335	2	6	6	5	4	2	6	1	1.5687324	5	7204.5633	7205.1633	7205.1633	7205.3633	7206.7321
2	8	1	2	336	2	6	6	6	1	1	1	1	1.7563678	6	7207.1828	7207.3828	7207.3828	7207.5828	7209.1392
2	8	1	2	337	2	6	6	7	3	2	3	1	1.0123737	7	7209.4055	7210.0055	7210.0055	7210.2055	7211.0179
2	8	1	2	338	2	6	6	8	4	1	6	1	0.62803622	8	7212.031	7212.231	7212.231	7212.431	7212.8591
2	8	1	2	339	2	6	6	9	5	2	7	1	0.56555519	9	7214.2531	7214.8531	7214.8531	7215.0532	7215.4187
2	8	1	2	340	2	6	6	10	1	1	1	1	1.4497734	10	7216.8759	7217.0759	7217.0759	7217.2759	7218.5256
2	8	1	2	341	2	6	6	11	3	1	3	1	0.76360771	11	7219.0962	7219.2962	7219.2962	7219.4962	7220.0598
2	8	1	2	342	2	6	6	12	3	1	3	1	0.54043694	12	7221.3196	7221.5196	7221.5196	7221.7196	7222.06
2	8	1	2	343	2	6	6	13	4	2	6	1	0.57359209	13	7223.5422	7224.1422	7224.1422	7224.3422	7224.7158
2	8	1	2	344	2	6	6	14	3	1	3	1	0.80499529	14	7226.165	7226.365	7226.365	7226.565	7227.17
2	8	1	2	345	2	6	6	15	2	2	2	1	0.73470392	15	7228.3877	7228.9877	7228.9877	7229.1877	7229.7224
2	8	1	2	346	2	6	6	16	3	2	3	1	0.68077716	16	7231.0102	7231.6102	7231.6102	7231.8102	7232.291
2	8	1	2	347	2	6	6	17	5	1	7	1	0.64134036	17	7233.6356	7233.8357	7233.8357	7234.0357	7234.477
2	8	1	2	348	2	6	6	18	6	1	8	1	0.67999199	18	7235.8586	7236.0586	7236.0586	7236.2586	7236.7386
2	8	1	2	349	2	6	6	19	5	2	7	1	0.69840357	19	7238.0814	7238.6814	7238.6814	7238.8814	7239.3798
2	8	1	2	350	2	6	6	20	4	1	6	1	0.66691669	20	7240.7047	7240.9048	7240.9048	7241.1048	7241.5717
2	8	1	2	351	2	6	6	21	6	1	8	1	0.79791595	21	7242.9277	7243.1277	7243.1277	7243.3277	7243.9256
2	8	1	2	352	2	6	6	22	6	2	8	1	0.73826953	22	7245.1501	7245.7501	7245.7501	7245.9502	7246.4884
2	8	1	2	353	2	6	6	23	5	2	7	1	0.5959323	23	7247.7738	7248.3738	7248.3738	7248.5738	7248.9698
2	8	1	2	354	2	6	6	24	6	2	8	1	0.68693857	24	7250.3969	7250.9969	7250.997	7251.197	7251.6839
2	8	1	2	355	2	6	6	25	1	1	1	1	1.1770216	25	7253.0205	7253.2205	7253.2205	7253.4205	7254.3975
2	8	1	2	356	2	6	6	26	2	2	2	1	0.65023951	26	7255.2436	7255.8436	7255.8436	7256.0436	7256.4939
2	8	1	2	357	2	6	6	27	1	1	1	1	1.5780313	27	7257.8671	7258.0671	7258.0671	7258.2671	7259.6451
2	8	1	2	358	2	6	6	28	1	1	1	1	0.6666249	28	7260.0898	7260.2898	7260.2898	7260.4898	7260.9564
2	8	1	2	359	2	6	6	29	2	1	2	1	0.73778276	29	7262.3128	7262.5128	7262.5128	7262.7128	7263.2506
2	8	1	2	360	2	6	6	30	6	1	8	1	0.71958215	30	7264.6267	7264.8267	7264.8267	7265.0267	7265.5463
2	8	1	2	361	3	2	7	1	1	2	4	1	0.47715805	1	8159.5674	8160.1674	8160.1674	8160.3674	8160.6445
2	8	1	2	362	3	2	7	2	4	2	5	1	0.50680503	2	8162.1929	8162.7929	8162.7929	8162.9929	8163.2997
2	8	1	2	363	3	2	7	3	5	2	5	1	0.48172895	3	8164.8172	8165.4172	8165.4172	8165.6172	8165.8989
2	8	1	2	364	3	2	7	4	4	2	5	1	0.44175169	4	8167.4407	8168.0407	8168.0407	8168.2407	8168.4825
2	8	1	2	365	3	2	7	5	3	2	4	1	0.53162869	5	8170.064	8170.664	8170.664	8170.864	8171.1957
2	8	1	2	366	3	2	7	6	6	1	5	1	0.78179845	6	8172.6871	8172.8871	8172.8871	8173.0871	8173.6689
2	8	1	2	367	3	2	7	7	1	2	4	1	0.51602591	7	8174.9112	8175.5112	8175.5112	8175.7112	8176.0272
2	8	1	2	368	3	2	7	8	2	1	4	1	0.57070961	8	8177.5351	8177.7351	8177.7351	8177.9352	8178.3059
2	8	1	2	369	3	2	7	9	4	2	5	1	0.53133515	9	8179.7588	8180.3588	8180.3588	8180.5588	8180.8901
2	8	1	2	370	3	2	7	10	6	1	5	1	0.55606563	10	8182.3823	8182.5823	8182.5823	8182.7823	8183.1384
2	8	1	2	371	3	2	7	11	5	1	5	1	0.49331797	11	8184.6062	8184.8062	8184.8062	8185.0062	8185.2995
2	8	1	2	372	3	2	7	12	6	1	5	1	0.42770222	12	8186.8299	8187.0299	8187.0299	8187.2299	8187.4576
2	8	1	2	373	3	2	7	13	4	2	5	1	0.33622614	13	8189.0539	8189.6539	8189.6539	8189.8539	8189.9901
2	8	1	2	374	3	2	7	14	6	1	5	1	0.41225642	14	8191.6774	8191.8774	8191.8774	8192.0775	8192.2897
2	8	1	2	375	3	2	7	15	5	2	5	1	0.3892141	15	8193.9017	8194.5017	8194.5017	8194.7017	8194.8909
2	8	1	2	376	3	2	7	16	4	2	5	1	0.38995312	16	8196.5318	8197.1318	8197.1318	8197.3318	8197.5218
2	8	1	2	377	3	2	7	17	1	1	4	1	0.71089454	17	8199.1555	8199.3555	8199.3555	8199.5555	8200.0664
2	8	1	2	378	3	2	7	18	5	1	5	1	0.59886865	18	8201.3803	8201.5803	8201.5803	8201.7803	8202.1791
2	8	1	2	379	3	2	7	19	5	2	5	1	0.50601939	19	8203.6014	8204.2014	8204.2014	8204.4014	8204.7074
2	8	1	2	380	3	2	7	20	2	1	4	1	0.77835425	20	8206.225	8206.425	8206.425	8206.6251	8207.2034
2	8	1	2	381	3	2	7	21	3	1	4	1	0.65809739	21	8208.4495	8208.6495	8208.6495	8208.8495	8209.3076
2	8	1	2	382	3	2	7	22	2	2	4	1	0.56048943	22	8210.6734	8211.2734	8211.2734	8211.4735	8211.8339
2	8	1	2	383	3	2	7	23	1	2	4	1	0.59255447	23	8213.3001	8213.9001	8213.9001	8214.1001	8214.4927
2	8	1	2	384	3	2	7	24	3	2	4	1	0.4944466	24	8215.925	8216.525	8216.5251	8216.7251	8217.0195
2	8	1	2	385	3	2	7	25	1	1	4	1	0.83725345	25	8218.5497	8218.7498	8218.7498	8218.9498	8219.587
2	8	1	2	386	3	2	7	26	2	2	4	1	0.51836567	26	8220.7746	8221.3746	8221.3746	8221.5746	8221.893
2	8	1	2	387	3	2	7	27	2	1	4	1	0.62915947	27	8223.3999	8223.5999	8223.5999	8223.7999	8224.2291
2	8	1	2	388	3	2	7	28	6	1	5	1	0.60242628	28	8225.6243	8225.8244	8225.8244	8226.0244	8226.4268
2	8	1	2	389	3	2	7	29	3	1	4	1	0.56342131	29	8227.8488	8228.0488	8228.0488	8228.2488	8228.6122
2	8	1	2	390	3	2	7	30	3	1	4	1	0.55377043	30	8230.0732	8230.2732	8230.2732	8230.4732	8230.827
2	8	1	2	391	3	6	7	1	5	2	7	1	0.79145996	1	8260.3567	8260.9567	8260.9567	8261.1567	8261.7482
2	8	1	2	392	3	6	7	2	4	2	6	1	0.73421844	2	8262.9821	8263.5821	8263.5821	8263.7821	8264.3163
2	8	1	2	393	3	6	7	3	4	2	6	1	0.51864119	3	8265.6068	8266.2068	8266.2068	8266.4068	8266.7254
2	8	1	2	394	3	6	7	4	1	2	1	1	0.77407538	4	8268.2311	8268.8311	8268.8311	8269.0311	8269.6052
2	8	1	2	395	3	6	7	5	6	2	8	1	0.68893277	5	8270.8568	8271.4568	8271.4568	8271.6568	8272.1458
2	8	1	2	396	3	6	7	6	6	1	8	1	1.2422192	6	8273.481	8273.681	8273.681	8273.881	8274.9232
2	8	1	2	397	3	6	7	7	1	2	1	1	0.75041795	7	8275.7023	8276.3023	8276.3023	8276.5023	8277.0527
2	8	1	2	398	3	6	7	8	3	1	3	1	0.93764608	8	8278.3241	8278.5241	8278.5241	8278.7241	8279.4618
2	8	1	2	399	3	6	7	9	3	2	3	1	0.56479957	9	8280.5496	8281.1496	8281.1496	8281.3496	8281.7144
2	8	1	2	400	3	6	7	10	5	1	7	1	0.79829754	10	8283.2144	8283.4144	8283.4144	8283.6145	8284.2127
2	8	1	2	401	3	6	7	11	4	1	6	1	0.62304129	11	8285.4431	8285.6431	8285.6431	8285.8431	8286.2661
2	8	1	2	402	3	6	7	12	2	1	2	1	0.83207245	12	8287.6681	8287.8681	8287.8681	8288.0681	8288.7002
2	8	1	2	403	3	6	7	13	3	2	3	1	0.66104985	13	8289.8934	8290.4934	8290.4934	8290.6934	8291.1544
2	8	1	2	404	3	6	7	14	6	1	8	1	0.70209803	14	8292.5182	8292.7182	8292.7182	8292.9182	8293.4203
2	8	1	2	405	3	6	7	15	2	2	2	1	1.0684973	15	8294.7433	8295.3433	8295.3433	8295.5433	8296.4118
2	8	1	2	406	3	6	7	16	2	2	2	1	0.62174301	16	8297.368	8297.968	8297.968	8298.168	8298.5898
2	8	1	2	407	3	6	7	17	1	1	1	1	1.1680503	17	8299.9931	8300.1931	8300.1931	8300.3931	8301.3612
2	8	1	2	408	3	6	7	18	1	1	1	1	0.71921337	18	8302.2185	8302.4185	8302.4185	8302.6185	8303.1377
2	8	1	2	409	3	6	7	19	4	2	6	1	0.68057895	19	8304.441	8305.041	8305.041	8305.241	8305.7216
2	8	1	2	410	3	6	7	20	5	1	7	1	0.62264623	20	8307.0672	8307.2672	8307.2672	8307.4672	8307.8898
2	8	1	2	411	3	6	7	21	6	1	8	1	0.85282809	21	8309.2921	8309.4921	8309.4921	8309.6921	8310.3449
2	8	1	2	412	3	6	7	22	3	2	3	1	0.83656982	22	8311.5171	8312.1171	8312.1171	8312.3171	8312.9537
2	8	1	2	413	3	6	7	23	5	2	7	1	0.69183777	23	8314.1431	8314.7431	8314.7431	8314.9431	8315.4349
2	8	1	2	414	3	6	7	24	6	2	8	1	0.75731048	24	8316.7684	8317.3684	8317.3684	8317.5684	8318.1257
2	8	1	2	415	3	6	7	25	2	1	2	1	0.84071436	25	8319.3946	8319.5946	8319.5946	8319.7946	8320.4353
2	8	1	2	416	3	6	7	26	1	2	1	1	0.76580164	26	8321.6202	8322.2202	8322.2202	8322.4202	8322.986
2	8	1	2	417	3	6	7	27	5	1	7	1	0.70996414	27	8324.2456	8324.4456	8324.4456	8324.6457	8325.1556
2	8	1	2	418	3	6	7	28	4	1	6	1	0.67741075	28	8326.4717	8326.6717	8326.6717	8326.8717	8327.3491
2	8	1	2	419	3	6	7	29	3	1	3	1	0.80196697	29	8328.6975	8328.8975	8328.8975	8329.0975	8329.6995
2	8	1	2	420	3	6	7	30	2	1	2	1	0.78369461	30	8330.9229	8331.1229	8331.1229	8331.323	8331.9066
2	8	1	2	421	3	2	8	1	3	2	4	1	0.50793451	1	8361.2162	8361.8163	8361.8163	8362.0163	8362.3242
2	8	1	2	422	3	2	8	2	3	2	4	1	0.50755819	2	8363.8425	8364.4425	8364.4425	8364.6425	8364.9501
2	8	1	2	423	3	2	8	3	5	2	5	1	0.48100897	3	8366.4684	8367.0684	8367.0684	8367.2684	8367.5494
2	8	1	2	424	3	2	8	4	5	2	5	1	0.4457925	4	8369.0942	8369.6942	8369.6942	8369.8942	8370.14
2	8	1	2	425	3	2	8	5	2	2	4	1	0.54134462	5	8371.7202	8372.3202	8372.3202	8372.5203	8372.8616
2	8	1	2	426	3	2	8	6	3	1	4	1	0.51072699	6	8374.3471	8374.5471	8374.5471	8374.7471	8375.0578
2	8	1	2	427	3	2	8	7	2	2	4	1	0.41587376	7	8376.5733	8377.1734	8377.1734	8377.3734	8377.5892
2	8	1	2	428	3	2	8	8	6	1	5	1	0.52361555	8	8379.1995	8379.3995	8379.3995	8379.5995	8379.9231
2	8	1	2	429	3	2	8	9	4	2	5	1	0.47520487	9	8381.4259	8382.0259	8382.0259	8382.2259	8382.5011
2	8	1	2	430	3	2	8	10	2	1	4	1	0.63215767	10	8384.0523	8384.2523	8384.2523	8384.4523	8384.8844
2	8	1	2	431	3	2	8	11	2	1	4	1	0.5512111	11	8386.2787	8386.4787	8386.4787	8386.6787	8387.0299
2	8	1	2	432	3	2	8	12	2	1	4	1	0.49257821	12	8388.5053	8388.7053	8388.7053	8388.9053	8389.1978
2	8	1	2	433	3	2	8	13	6	2	5	1	0.35035903	13	8390.7315	8391.3315	8391.3315	8391.5316	8391.6819
2	8	1	2	434	3	2	8	14	1	1	4	1	0.57169964	14	8393.358	8393.558	8393.558	8393.758	8394.1297
2	8	1	2	435	3	2	8	15	4	2	5	1	0.47830105	15	8395.5811	8396.1811	8396.1811	8396.3811	8396.6594
2	8	1	2	436	3	2	8	16	6	2	5	1	0.42309271	16	8398.2059	8398.8059	8398.8059	8399.006	8399.229
2	8	1	2	437	3	2	8	17	5	1	5	1	0.41137318	17	8400.8324	8401.0324	8401.0324	8401.2324	8401.4437
2	8	1	2	438	3	2	8	18	6	1	5	1	0.460866	18	8403.0569	8403.2569	8403.2569	8403.4569	8403.7178
2	8	1	2	439	3	2	8	19	1	2	4	1	0.47780875	19	8405.2839	8405.8839	8405.8839	8406.0839	8406.3617
2	8	1	2	440	3	2	8	20	1	1	4	1	0.64424855	20	8407.9113	8408.1113	8408.1113	8408.3113	8408.7555
2	8	1	2	441	3	2	8	21	6	1	5	1	0.48804288	21	8410.1385	8410.3385	8410.3385	8410.5385	8410.8265
2	8	1	2	442	3	2	8	22	4	2	5	1	0.42827742	22	8412.3653	8412.9653	8412.9653	8413.1653	8413.3935
2	8	1	2	443	3	2	8	23	4	2	5	1	0.42673412	23	8414.9922	8415.5922	8415.5922	8415.7922	8416.0189
2	8	1	2	444	3	2	8	24	4	2	5	1	0.42606646	24	8417.6189	8418.2189	8418.219	8418.419	8418.645
2	8	1	2	445	3	2	8	25	1	1	4	1	0.49328283	25	8420.246	8420.446	8420.446	8420.646	8420.9393
2	8	1	2	446	3	2	8	26	5	2	5	1	0.60467447	26	8422.473	8423.073	8423.073	8423.273	8423.6777
2	8	1	2	447	3	2	8	27	3	1	4	1	0.57593417	27	8425.1004	8425.3004	8425.3004	8425.5004	8425.8763
2	8	1	2	448	3	2	8	28	5	1	5	1	0.45327263	28	8427.3809	8427.5809	8427.5809	8427.7809	8428.0342
2	8	1	2	449	3	2	8	29	3	1	4	1	0.42553081	29	8429.609	8429.809	8429.809	8430.009	8430.2346
2	8	1	2	450	3	2	8	30	1	1	4	1	0.51238508	30	8431.8359	8432.0359	8432.0359	8432.2359	8432.5483
2	8	1	2	451	3	6	8	1	1	2	1	1	0.7098825	1	8462.1261	8462.7261	8462.7261	8462.9261	8463.436
2	8	1	2	452	3	6	8	2	2	2	2	1	0.58457891	2	8464.7572	8465.3572	8465.3572	8465.5572	8465.9418
2	8	1	2	453	3	6	8	3	3	2	3	1	0.4222582	3	8467.3811	8467.9811	8467.9811	8468.1812	8468.4034
2	8	1	2	454	3	6	8	4	4	2	6	1	0.41989511	4	8470.0083	8470.6083	8470.6083	8470.8083	8471.0282
2	8	1	2	455	3	6	8	5	5	2	7	1	0.38593976	5	8472.6358	8473.2358	8473.2358	8473.4358	8473.6217
2	8	1	2	456	3	6	8	6	2	1	2	1	0.90935974	6	8475.2633	8475.4633	8475.4633	8475.6633	8476.3727
2	8	1	2	457	3	6	8	7	1	2	1	1	0.76773863	7	8477.4902	8478.0902	8478.0902	8478.2902	8478.858
2	8	1	2	458	3	6	8	8	1	1	1	1	1.0062558	8	8480.1183	8480.3183	8480.3183	8480.5184	8481.3246
2	8	1	2	459	3	6	8	9	4	2	6	1	0.75402294	9	8482.3455	8482.9455	8482.9456	8483.1456	8483.6996
2	8	1	2	460	3	6	8	10	5	1	7	1	0.63785133	10	8484.9732	8485.1732	8485.1732	8485.3732	8485.811
2	8	1	2	461	3	6	8	11	1	1	1	1	0.85892643	11	8487.1988	8487.3988	8487.3988	8487.5988	8488.2577
2	8	1	2	462	3	6	8	12	4	1	6	1	0.61924488	12	8489.4265	8489.6265	8489.6265	8489.8265	8490.2458
2	8	1	2	463	3	6	8	13	6	2	8	1	0.59555682	13	8491.6545	8492.2545	8492.2545	8492.4545	8492.8501
2	8	1	2	464	3	6	8	14	3	1	3	1	0.731006	14	8494.2823	8494.4823	8494.4823	8494.6823	8495.2133
2	8	1	2	465	3	6	8	15	5	2	7	1	0.82996009	15	8496.5101	8497.1101	8497.1101	8497.3101	8497.9401
2	8	1	2	466	3	6	8	16	2	2	2	1	0.73098446	16	8499.1389	8499.739	8499.739	8499.939	8500.4699
2	8	1	2	467	3	6	8	17	6	1	8	1	0.72273365	17	8501.7669	8501.9669	8501.9669	8502.1669	8502.6896
2	8	1	2	468	3	6	8	18	5	1	7	1	0.62618538	18	8503.9945	8504.1945	8504.1945	8504.3945	8504.8207
2	8	1	2	469	3	6	8	19	2	2	2	1	0.76345713	19	8506.2229	8506.823	8506.823	8507.023	8507.5864
2	8	1	2	470	3	6	8	20	4	1	6	1	0.71267078	20	8508.8512	8509.0512	8509.0512	8509.2512	8509.7639
2	8	1	2	471	3	6	8	21	3	1	3	1	0.63428514	21	8511.0794	8511.2794	8511.2794	8511.4794	8511.9137
2	8	1	2	472	3	6	8	22	2	2	2	1	0.64789639	22	8513.3076	8513.9076	8513.9076	8514.1076	8514.5555
2	8	1	2	473	3	6	8	23	6	2	8	1	0.76408673	23	8515.9364	8516.5364	8516.5364	8516.7365	8517.3005
2	8	1	2	474	3	6	8	24	6	2	8	1	0.63189847	24	8518.5645	8519.1645	8519.1645	8519.3645	8519.7964
2	8	1	2	475	3	6	8	25	4	1	6	1	0.63616856	25	8521.1928	8521.3928	8521.3928	8521.5928	8522.029
2	8	1	2	476	3	6	8	26	3	2	3	1	0.69747018	26	8523.513	8524.113	8524.113	8524.313	8524.8105
2	8	1	2	477	3	6	8	27	5	1	7	1	0.65513804	27	8526.1411	8526.3411	8526.3411	8526.5411	8526.9962
2	8	1	2	478	3	6	8	28	6	1	8	1	0.62816239	28	8528.3695	8528.5695	8528.5695	8528.7695	8529.1977
2	8	1	2	479	3	6	8	29	1	1	1	1	1.9668535	29	8530.595	8530.795	8530.795	8530.995	8532.7619
2	8	1	2	480	3	6	8	30	3	1	3	1	0.67891234	30	8532.8206	8533.0206	8533.0206	8533.2206	8533.6996
2	8	1	2	481	3	2	9	1	3	2	4	1	0.6168928	1	8563.1155	8563.7155	8563.7155	8563.9155	8564.3324
2	8	1	2	482	3	2	9	2	2	2	4	1	0.4663699	2	8565.7461	8566.3461	8566.3461	8566.5461	8566.8125
2	8	1	2	483	3	2	9	3	3	2	4	1	0.51809279	3	8568.3749	8568.9749	8568.9749	8569.1749	8569.493
2	8	1	2	484	3	2	9	4	5	2	5	1	0.47506648	4	8571.0004	8571.6004	8571.6004	8571.8004	8572.0754
2	8	1	2	485	3	2	9	5	5	2	5	1	0.42904773	5	8573.629	8574.229	8574.229	8574.429	8574.6581
2	8	1	2	486	3	2	9	6	4	1	5	1	0.41712313	6	8576.2585	8576.4585	8576.4585	8576.6585	8576.8757
2	8	1	2	487	3	2	9	7	6	2	5	1	0.38671834	7	8578.4876	8579.0876	8579.0876	8579.2877	8579.4744
2	8	1	2	488	3	2	9	8	3	1	4	1	0.59323311	8	8581.1165	8581.3165	8581.3165	8581.5165	8581.9098
2	8	1	2	489	3	2	9	9	2	2	4	1	0.54395837	9	8583.3457	8583.9457	8583.9457	8584.1457	8584.4896
2	8	1	2	490	3	2	9	10	4	1	5	1	0.52389346	10	8585.9746	8586.1746	8586.1746	8586.3747	8586.6985
2	8	1	2	491	3	2	9	11	1	1	4	1	0.53962555	11	8588.2004	8588.4004	8588.4004	8588.6004	8588.94
2	8	1	2	492	3	2	9	12	2	1	4	1	0.48856766	12	8590.4265	8590.6265	8590.6265	8590.8265	8591.115
2	8	1	2	493	3	2	9	13	6	2	5	1	0.47685262	13	8592.6565	8593.2565	8593.2565	8593.4565	8593.7333
2	8	1	2	494	3	2	9	14	3	1	4	1	0.53945345	14	8595.2868	8595.4868	8595.4868	8595.6868	8596.0263
2	8	1	2	495	3	2	9	15	5	2	5	1	0.57439505	15	8597.5168	8598.1168	8598.1168	8598.3168	8598.6912
2	8	1	2	496	3	2	9	16	5	2	5	1	0.56764848	16	8600.1461	8600.7461	8600.7461	8600.9461	8601.3137
2	8	1	2	497	3	2	9	17	1	1	4	1	0.45090671	17	8602.7752	8602.9752	8602.9752	8603.1752	8603.4261
2	8	1	2	498	3	2	9	18	5	1	5	1	0.56575727	18	8605.0036	8605.2036	8605.2036	8605.4036	8605.7694
2	8	1	2	499	3	2	9	19	4	2	5	1	0.42602407	19	8607.2335	8607.8335	8607.8335	8608.0335	8608.2595
2	8	1	2	500	3	2	9	20	6	1	5	1	0.50630782	20	8609.863	8610.063	8610.0631	8610.2631	8610.5694
2	8	1	2	501	3	2	9	21	3	1	4	1	0.54343726	21	8612.0926	8612.2926	8612.2926	8612.4926	8612.836
2	8	1	2	502	3	2	9	22	6	2	5	1	0.57596266	22	8614.3234	8614.9234	8614.9234	8615.1234	8615.4993
2	8	1	2	503	3	2	9	23	1	2	4	1	0.53432325	23	8616.9485	8617.5485	8617.5485	8617.7485	8618.0828
2	8	1	2	504	3	2	9	24	1	2	4	1	0.559717	24	8619.6118	8620.2118	8620.2118	8620.4118	8620.7715
2	8	1	2	505	3	2	9	25	4	1	5	1	0.51012098	25	8622.2473	8622.4474	8622.4474	8622.6474	8622.9575
2	8	1	2	506	3	2	9	26	1	2	4	1	0.41723645	26	8624.4772	8625.0772	8625.0772	8625.2772	8625.4944
2	8	1	2	507	3	2	9	27	4	1	5	1	0.44744544	27	8627.1065	8627.3065	8627.3065	8627.5065	8627.7539
2	8	1	2	508	3	2	9	28	2	1	4	1	0.53766442	28	8629.337	8629.537	8629.537	8629.737	8630.0747
2	8	1	2	509	3	2	9	29	2	1	4	1	0.57495953	29	8631.6142	8631.8142	8631.8142	8632.0142	8632.3891
2	8	1	2	510	3	2	9	30	6	1	5	1	0.45683078	30	8633.8442	8634.0442	8634.0442	8634.2442	8634.5011
2	8	1	2	511	3	6	9	1	2	2	2	1	0.65101711	1	8664.1355	8664.7356	8664.7356	8664.9356	8665.3866
2	8	1	2	512	3	6	9	2	3	2	3	1	0.60066474	2	8666.769	8667.369	8667.369	8667.569	8667.9697
2	8	1	2	513	3	6	9	3	2	2	2	1	0.54308994	3	8669.3988	8669.9988	8669.9988	8670.1988	8670.5418
2	8	1	2	514	3	6	9	4	5	2	7	1	0.81493539	4	8672.0289	8672.6289	8672.6289	8672.8289	8673.4438
2	8	1	2	515	3	6	9	5	5	2	7	1	0.46980338	5	8674.66	8675.26	8675.26	8675.46	8675.7298
2	8	1	2	516	3	6	9	6	2	1	2	1	0.74685329	6	8677.291	8677.491	8677.491	8677.691	8678.2378
2	8	1	2	517	3	6	9	7	1	2	1	1	0.73025352	7	8679.5222	8680.1222	8680.1222	8680.3222	8680.8524
2	8	1	2	518	3	6	9	8	4	1	6	1	1.4624883	8	8682.1551	8682.3551	8682.3551	8682.5551	8683.8176
2	8	1	2	519	3	6	9	9	5	2	7	1	0.57107536	9	8684.3857	8684.9857	8684.9857	8685.1857	8685.5567
2	8	1	2	520	3	6	9	10	5	1	7	1	0.61694683	10	8687.0165	8687.2165	8687.2165	8687.4165	8687.8335
2	8	1	2	521	3	6	9	11	2	1	2	1	0.68394287	11	8689.2469	8689.4469	8689.4469	8689.6469	8690.1308
2	8	1	2	522	3	6	9	12	4	1	6	1	0.62233424	12	8691.4785	8691.6785	8691.6785	8691.8785	8692.3008
2	8	1	2	523	3	6	9	13	4	2	6	1	0.81358088	13	8693.7081	8694.3081	8694.3081	8694.5081	8695.1217
2	8	1	2	524	3	6	9	14	1	1	1	1	0.75872474	14	8696.3392	8696.5392	8696.5392	8696.7392	8697.2979
2	8	1	2	525	3	6	9	15	3	2	3	1	0.67586281	15	8698.5667	8699.1667	8699.1667	8699.3667	8699.8426
2	8	1	2	526	3	6	9	16	6	2	8	1	0.66417573	16	8701.1934	8701.7935	8701.7935	8701.9935	8702.4576
2	8	1	2	527	3	6	9	17	1	1	1	1	1.181211	17	8703.8239	8704.0239	8704.0239	8704.2239	8705.2051
2	8	1	2	528	3	6	9	18	2	1	2	1	0.77432906	18	8706.0514	8706.2514	8706.2514	8706.4514	8707.0257
2	8	1	2	529	3	6	9	19	4	2	6	1	0.84709766	19	8708.2856	8708.8856	8708.8856	8709.0856	8709.7327
2	8	1	2	530	3	6	9	20	4	1	6	1	0.48548349	20	8710.9165	8711.1165	8711.1165	8711.3165	8711.602
2	8	1	2	531	3	6	9	21	1	1	1	1	1.0021853	21	8713.1476	8713.3476	8713.3476	8713.5476	8714.3498
2	8	1	2	532	3	6	9	22	6	2	8	1	0.87944943	22	8715.3791	8715.9791	8715.9791	8716.1791	8716.8586
2	8	1	2	533	3	6	9	23	1	2	1	1	1.5843524	23	8718.0109	8718.6109	8718.6109	8718.8109	8720.1952
2	8	1	2	534	3	6	9	24	3	2	3	1	0.67482422	24	8720.643	8721.243	8721.243	8721.443	8721.9178
2	8	1	2	535	3	6	9	25	3	1	3	1	0.85085488	25	8723.2745	8723.4745	8723.4745	8723.6745	8724.3253
2	8	1	2	536	3	6	9	26	3	2	3	1	0.5626372	26	8725.511	8726.111	8726.111	8726.311	8726.6736
2	8	1	2	537	3	6	9	27	6	1	8	1	0.84181139	27	8728.1429	8728.3429	8728.3429	8728.5429	8729.1847
2	8	1	2	538	3	6	9	28	6	1	8	1	0.75820369	28	8730.3741	8730.5741	8730.5741	8730.7741	8731.3323
2	8	1	2	539	3	6	9	29	5	1	7	1	0.7089758	29	8732.6051	8732.8051	8732.8051	8733.0051	8733.514
2	8	1	2	540	3	6	9	30	6	1	8	1	0.75740558	30	8734.8371	8735.0371	8735.0371	8735.2371	8735.7945
2	8	1	2	541	4	2	10	1	5	2	5	1	0.5945731	1	9299.3179	9299.9179	9299.9179	9300.1179	9300.5125
2	8	1	2	542	4	2	10	2	6	2	5	1	0.54535182	2	9301.9544	9302.5544	9302.5544	9302.7544	9303.0998
2	8	1	2	543	4	2	10	3	4	2	5	1	0.4554695	3	9304.5864	9305.1864	9305.1864	9305.3864	9305.6418
2	8	1	2	544	4	2	10	4	6	2	5	1	0.42972315	4	9307.2222	9307.8222	9307.8222	9308.0222	9308.252
2	8	1	2	545	4	2	10	5	4	2	5	1	0.52954134	5	9309.8545	9310.4545	9310.4545	9310.6545	9310.984
2	8	1	2	546	4	2	10	6	2	1	4	1	0.61503179	6	9312.4867	9312.6867	9312.6867	9312.8867	9313.3018
2	8	1	2	547	4	2	10	7	5	2	5	1	0.52476657	7	9314.7185	9315.3185	9315.3185	9315.5185	9315.8432
2	8	1	2	548	4	2	10	8	1	1	4	1	0.62582189	8	9317.3519	9317.5519	9317.5519	9317.7519	9318.1777
2	8	1	2	549	4	2	10	9	2	2	4	1	0.53084972	9	9319.587	9320.187	9320.187	9320.387	9320.7178
2	8	1	2	550	4	2	10	10	5	1	5	1	0.57832863	10	9322.2195	9322.4195	9322.4195	9322.6195	9322.9978
2	8	1	2	551	4	2	10	11	2	1	4	1	0.54198729	11	9324.4515	9324.6515	9324.6515	9324.8515	9325.1935
2	8	1	2	552	4	2	10	12	5	1	5	1	0.52766026	12	9326.6836	9326.8836	9326.8836	9327.0836	9327.4113
2	8	1	2	553	4	2	10	13	5	2	5	1	0.54238221	13	9328.916	9329.516	9329.516	9329.716	9330.0584
2	8	1	2	554	4	2	10	14	3	1	4	1	0.65399206	14	9331.6042	9331.8042	9331.8042	9332.0042	9332.4582
2	8	1	2	555	4	2	10	15	1	2	4	1	0.54851139	15	9333.8368	9334.4368	9334.4368	9334.6368	9334.9853
2	8	1	2	556	4	2	10	16	3	2	4	1	0.5102741	16	9336.4677	9337.0677	9337.0677	9337.2677	9337.578
2	8	1	2	557	4	2	10	17	4	1	5	1	0.55834857	17	9339.1006	9339.3006	9339.3006	9339.5006	9339.859
2	8	1	2	558	4	2	10	18	6	1	5	1	0.67158622	18	9341.3329	9341.5329	9341.5329	9341.7329	9342.2045
2	8	1	2	559	4	2	10	19	2	2	4	1	0.61300963	19	9343.614	9344.214	9344.214	9344.414	9344.827
2	8	1	2	560	4	2	10	20	3	1	4	1	0.7969107	20	9346.2438	9346.4438	9346.4438	9346.6439	9347.2408
2	8	1	2	561	4	2	10	21	6	1	5	1	0.60805361	21	9348.4766	9348.6766	9348.6766	9348.8766	9349.2846
2	8	1	2	562	4	2	10	22	3	2	4	1	0.56619009	22	9350.7088	9351.3088	9351.3088	9351.5088	9351.875
2	8	1	2	563	4	2	10	23	1	2	4	1	0.61198152	23	9353.3411	9353.9411	9353.9411	9354.1411	9354.5531
2	8	1	2	564	4	2	10	24	4	2	5	1	0.58792759	24	9355.974	9356.5741	9356.5741	9356.7741	9357.162
2	8	1	2	565	4	2	10	25	6	1	5	1	0.9803153	25	9358.6335	9358.8335	9358.8335	9359.0335	9359.8138
2	8	1	2	566	4	2	10	26	2	2	4	1	0.49687907	26	9360.8663	9361.4663	9361.4663	9361.6663	9361.9632
2	8	1	2	567	4	2	10	27	1	1	4	1	0.56809327	27	9363.4981	9363.6981	9363.6981	9363.8981	9364.2662
2	8	1	2	568	4	2	10	28	1	1	4	1	0.60830757	28	9365.7303	9365.9303	9365.9303	9366.1303	9366.5386
2	8	1	2	569	4	2	10	29	4	1	5	1	0.54600103	29	9367.9615	9368.1615	9368.1615	9368.3615	9368.7075
2	8	1	2	570	4	2	10	30	3	1	4	1	0.50884979	30	9370.1926	9370.3927	9370.3927	9370.5927	9370.9015
2	8	1	2	571	4	6	10	1	3	2	3	1	0.75445413	1	9400.4881	9401.0881	9401.0881	9401.2881	9401.8425
2	8	1	2	572	4	6	10	2	3	2	3	1	0.63407339	2	9403.1206	9403.7206	9403.7206	9403.9206	9404.3547
2	8	1	2	573	4	6	10	3	3	2	3	1	0.59021272	3	9405.7503	9406.3503	9406.3503	9406.5503	9406.9406
2	8	1	2	574	4	6	10	4	5	2	7	1	0.76252793	4	9408.3833	9408.9833	9408.9833	9409.1833	9409.7458
2	8	1	2	575	4	6	10	5	4	2	6	1	0.63835436	5	9411.0191	9411.6191	9411.6192	9411.8192	9412.2575
2	8	1	2	576	4	6	10	6	1	1	1	1	0.75976947	6	9413.6526	9413.8526	9413.8526	9414.0526	9414.6123
2	8	1	2	577	4	6	10	7	1	2	1	1	0.64156689	7	9415.8886	9416.4886	9416.4886	9416.6886	9417.1302
2	8	1	2	578	4	6	10	8	1	1	1	1	0.6255253	8	9418.521	9418.721	9418.721	9418.921	9419.3465
2	8	1	2	579	4	6	10	9	3	2	3	1	0.80080572	9	9420.7537	9421.3537	9421.3537	9421.5537	9422.1545
2	8	1	2	580	4	6	10	10	4	1	6	1	0.6849569	10	9423.3969	9423.5969	9423.5969	9423.7969	9424.2819
2	8	1	2	581	4	6	10	11	5	1	7	1	0.69347539	11	9425.6298	9425.8299	9425.8299	9426.0299	9426.5233
2	8	1	2	582	4	6	10	12	5	1	7	1	0.62845368	12	9427.863	9428.063	9428.063	9428.263	9428.6914
2	8	1	2	583	4	6	10	13	4	2	6	1	0.71459895	13	9430.0961	9430.6961	9430.6961	9430.8961	9431.4107
2	8	1	2	584	4	6	10	14	1	1	1	1	0.87406196	14	9432.7292	9432.9292	9432.9292	9433.1292	9433.8032
2	8	1	2	585	4	6	10	15	4	2	6	1	1.3923989	15	9434.9622	9435.5622	9435.5622	9435.7622	9436.9546
2	8	1	2	586	4	6	10	16	6	2	8	1	0.75333007	16	9437.5923	9438.1923	9438.1923	9438.3923	9438.9457
2	8	1	2	587	4	6	10	17	2	1	2	1	0.82460954	17	9440.2287	9440.4287	9440.4287	9440.6287	9441.2533
2	8	1	2	588	4	6	10	18	1	1	1	1	0.75509148	18	9442.465	9442.665	9442.665	9442.865	9443.4201
2	8	1	2	589	4	6	10	19	6	2	8	1	0.86194742	19	9444.7004	9445.3004	9445.3004	9445.5004	9446.1624
2	8	1	2	590	4	6	10	20	5	1	7	1	0.73990818	20	9447.3347	9447.5347	9447.5347	9447.7347	9448.2746
2	8	1	2	591	4	6	10	21	2	1	2	1	0.83024863	21	9449.5742	9449.7742	9449.7742	9449.9742	9450.6044
2	8	1	2	592	4	6	10	22	6	2	8	1	0.70822627	22	9451.8077	9452.4077	9452.4077	9452.6077	9453.116
2	8	1	2	593	4	6	10	23	2	2	2	1	0.77671406	23	9454.4416	9455.0416	9455.0416	9455.2416	9455.8183
2	8	1	2	594	4	6	10	24	6	2	8	1	0.77553068	24	9457.0758	9457.6758	9457.6759	9457.8759	9458.4514
2	8	1	2	595	4	6	10	25	3	1	3	1	0.72596425	25	9459.7099	9459.9099	9459.9099	9460.1099	9460.6359
2	8	1	2	596	4	6	10	26	4	2	6	1	0.68268577	26	9461.9435	9462.5435	9462.5435	9462.7435	9463.2262
2	8	1	2	597	4	6	10	27	2	1	2	1	0.86011338	27	9464.5775	9464.7775	9464.7775	9464.9775	9465.6377
2	8	1	2	598	4	6	10	28	6	1	8	1	0.60699022	28	9466.8114	9467.0114	9467.0114	9467.2114	9467.6184
2	8	1	2	599	4	6	10	29	5	1	7	1	0.54886385	29	9469.0457	9469.2457	9469.2457	9469.4457	9469.7945
2	8	1	2	600	4	6	10	30	2	1	2	1	0.72429834	30	9471.2797	9471.4797	9471.4797	9471.6797	9472.204
2	8	1	2	601	4	2	11	1	6	2	5	1	0.55187059	1	9501.578	9502.178	9502.178	9502.378	9502.7299
2	8	1	2	602	4	2	11	2	5	2	5	1	0.5679021	2	9504.2101	9504.8101	9504.8101	9505.0101	9505.378
2	8	1	2	603	4	2	11	3	1	2	4	1	0.55941346	3	9506.8441	9507.4441	9507.4441	9507.6441	9508.0035
2	8	1	2	604	4	2	11	4	6	2	5	1	0.47397192	4	9509.4758	9510.0758	9510.0758	9510.2758	9510.5497
2	8	1	2	605	4	2	11	5	4	2	5	1	0.53412113	5	9512.1093	9512.7093	9512.7093	9512.9093	9513.2434
2	8	1	2	606	4	2	11	6	5	1	5	1	0.55330898	6	9514.8127	9515.0127	9515.0127	9515.2127	9515.566
2	8	1	2	607	4	2	11	7	5	2	5	1	0.47596904	7	9517.0465	9517.6465	9517.6465	9517.8465	9518.1225
2	8	1	2	608	4	2	11	8	6	1	5	1	0.47338823	8	9519.6801	9519.8801	9519.8801	9520.0801	9520.3535
2	8	1	2	609	4	2	11	9	4	2	5	1	0.41962683	9	9521.9186	9522.5186	9522.5186	9522.7186	9522.9382
2	8	1	2	610	4	2	11	10	2	1	4	1	0.54654139	10	9524.5515	9524.7515	9524.7515	9524.9515	9525.298
2	8	1	2	611	4	2	11	11	2	1	4	1	0.44877394	11	9526.8362	9527.0362	9527.0362	9527.2362	9527.485
2	8	1	2	612	4	2	11	12	4	1	5	1	0.44473882	12	9529.0705	9529.2705	9529.2705	9529.4705	9529.7152
2	8	1	2	613	4	2	11	13	3	2	4	1	0.4831982	13	9531.3046	9531.9046	9531.9046	9532.1046	9532.3878
2	8	1	2	614	4	2	11	14	3	1	4	1	0.55283792	14	9533.9392	9534.1393	9534.1393	9534.3393	9534.6921
2	8	1	2	615	4	2	11	15	3	2	4	1	0.43665806	15	9536.1732	9536.7732	9536.7732	9536.9732	9537.2098
2	8	1	2	616	4	2	11	16	6	2	5	1	0.55286205	16	9538.8449	9539.4449	9539.4449	9539.6449	9539.9977
2	8	1	2	617	4	2	11	17	1	1	4	1	0.52417425	17	9541.4794	9541.6794	9541.6794	9541.8794	9542.2035
2	8	1	2	618	4	2	11	18	1	1	4	1	0.49020405	18	9543.7151	9543.9151	9543.9151	9544.1151	9544.4053
2	8	1	2	619	4	2	11	19	3	2	4	1	0.43576471	19	9545.9494	9546.5494	9546.5494	9546.7494	9546.9851
2	8	1	2	620	4	2	11	20	3	1	4	1	0.50854306	20	9548.5847	9548.7847	9548.7847	9548.9847	9549.2932
2	8	1	2	621	4	2	11	21	5	1	5	1	0.52106475	21	9550.8574	9551.0574	9551.0574	9551.2575	9551.5785
2	8	1	2	622	4	2	11	22	4	2	5	1	0.46210348	22	9553.0921	9553.6921	9553.6921	9553.8921	9554.1542
2	8	1	2	623	4	2	11	23	6	2	5	1	0.37327139	23	9555.7257	9556.3257	9556.3257	9556.5257	9556.6989
2	8	1	2	624	4	2	11	24	5	2	5	1	0.41036717	24	9558.361	9558.961	9558.961	9559.161	9559.3714
2	8	1	2	625	4	2	11	25	1	1	4	1	0.5129727	25	9560.9955	9561.1955	9561.1955	9561.3955	9561.7084
2	8	1	2	626	4	2	11	26	2	2	4	1	0.40289257	26	9563.2332	9563.8332	9563.8332	9564.0332	9564.2361
2	8	1	2	627	4	2	11	27	2	1	4	1	0.55793516	27	9565.8795	9566.0795	9566.0795	9566.2795	9566.6374
2	8	1	2	628	4	2	11	28	2	1	4	1	0.4377158	28	9568.1172	9568.3172	9568.3172	9568.5172	9568.755
2	8	1	2	629	4	2	11	29	4	1	5	1	0.52440728	29	9570.3528	9570.5528	9570.5528	9570.7528	9571.0772
2	8	1	2	630	4	2	11	30	1	1	4	1	0.55911209	30	9572.5878	9572.7878	9572.7878	9572.9878	9573.3469
2	8	1	2	631	4	6	11	1	4	2	6	1	0.95483182	1	9602.9388	9603.5388	9603.5388	9603.7388	9604.4936
2	8	1	2	632	4	6	11	2	2	2	2	1	0.7126597	2	9605.5779	9606.1779	9606.1779	9606.378	9606.8906
2	8	1	2	633	4	6	11	3	5	2	7	1	0.76559546	3	9608.2134	9608.8134	9608.8134	9609.0134	9609.579
2	8	1	2	634	4	6	11	4	3	2	3	1	0.63181313	4	9610.9237	9611.5237	9611.5237	9611.7237	9612.1555
2	8	1	2	635	4	6	11	5	5	2	7	1	0.56596536	5	9613.5564	9614.1564	9614.1564	9614.3564	9614.7223
2	8	1	2	636	4	6	11	6	1	1	1	1	0.7462113	6	9616.1917	9616.3917	9616.3917	9616.5917	9617.1379
2	8	1	2	637	4	6	11	7	6	2	8	1	0.74419525	7	9618.4275	9619.0275	9619.0275	9619.2275	9619.7717
2	8	1	2	638	4	6	11	8	3	1	3	1	0.7243674	8	9621.0623	9621.2623	9621.2623	9621.4623	9621.9867
2	8	1	2	639	4	6	11	9	6	2	8	1	0.67177717	9	9623.3008	9623.9008	9623.9009	9624.1009	9624.5726
2	8	1	2	640	4	6	11	10	4	1	6	1	0.77424793	10	9625.9479	9626.1479	9626.1479	9626.3479	9626.9222
2	8	1	2	641	4	6	11	11	6	1	8	1	0.65073259	11	9628.1836	9628.3836	9628.3836	9628.5836	9629.0343
2	8	1	2	642	4	6	11	12	3	1	3	1	0.67337234	12	9630.4192	9630.6192	9630.6192	9630.8192	9631.2926
2	8	1	2	643	4	6	11	13	5	2	7	1	0.61913593	13	9632.655	9633.255	9633.255	9633.455	9633.8742
2	8	1	2	644	4	6	11	14	6	1	8	1	0.69536879	14	9635.2904	9635.4904	9635.4904	9635.6904	9636.1858
2	8	1	2	645	4	6	11	15	2	2	2	1	0.50920601	15	9637.526	9638.126	9638.126	9638.326	9638.6352
2	8	1	2	646	4	6	11	16	3	2	3	1	0.52607308	16	9640.1658	9640.7658	9640.7658	9640.9658	9641.2919
2	8	1	2	647	4	6	11	17	1	1	1	1	0.71339136	17	9642.8028	9643.0028	9643.0029	9643.2029	9643.7162
2	8	1	2	648	4	6	11	18	1	1	1	1	0.49730058	18	9645.0426	9645.2426	9645.2426	9645.4426	9645.7399
2	8	1	2	649	4	6	11	19	2	2	2	1	0.53595773	19	9647.2815	9647.8815	9647.8815	9648.0815	9648.4175
2	8	1	2	650	4	6	11	20	4	1	6	1	0.63900281	20	9649.9726	9650.1727	9650.1727	9650.3727	9650.8117
2	8	1	2	651	4	6	11	21	3	1	3	1	0.59654904	21	9652.2092	9652.4092	9652.4092	9652.6092	9653.0057
2	8	1	2	652	4	6	11	22	1	2	1	1	0.72617864	22	9654.4452	9655.0453	9655.0453	9655.2453	9655.7714
2	8	1	2	653	4	6	11	23	4	2	6	1	0.76237892	23	9657.0818	9657.6818	9657.6818	9657.8818	9658.4442
2	8	1	2	654	4	6	11	24	2	2	2	1	0.75502245	24	9659.7185	9660.3185	9660.3185	9660.5185	9661.0735
2	8	1	2	655	4	6	11	25	6	1	8	1	0.68753813	25	9662.3582	9662.5582	9662.5582	9662.7582	9663.2457
2	8	1	2	656	4	6	11	26	4	2	6	1	0.63923438	26	9664.595	9665.195	9665.195	9665.395	9665.8342
2	8	1	2	657	4	6	11	27	2	1	2	1	0.69265353	27	9667.2305	9667.4306	9667.4306	9667.6306	9668.1232
2	8	1	2	658	4	6	11	28	5	1	7	1	0.6963412	28	9669.4665	9669.6665	9669.6665	9669.8665	9670.3628
2	8	1	2	659	4	6	11	29	1	1	1	1	0.72732981	29	9671.7087	9671.9087	9671.9087	9672.1087	9672.6361
2	8	1	2	660	4	6	11	30	5	1	7	1	0.76911351	30	9674.0018	9674.2018	9674.2018	9674.4018	9674.9709
2	8	1	2	661	4	2	12	1	3	2	4	1	0.62408147	1	9704.3093	9704.9093	9704.9093	9705.1093	9705.5334
2	8	1	2	662	4	2	12	2	1	2	4	1	0.57938759	2	9706.9445	9707.5445	9707.5445	9707.7445	9708.1239
2	8	1	2	663	4	2	12	3	2	2	4	1	0.46346171	3	9709.5808	9710.1808	9710.1808	9710.3808	9710.6443
2	8	1	2	664	4	2	12	4	5	2	5	1	0.58427912	4	9712.2173	9712.8173	9712.8173	9713.0173	9713.4016
2	8	1	2	665	4	2	12	5	3	2	4	1	0.46739249	5	9714.8534	9715.4534	9715.4535	9715.6535	9715.9209
2	8	1	2	666	4	2	12	6	6	1	5	1	0.45689011	6	9717.4901	9717.6902	9717.6902	9717.8902	9718.1471
2	8	1	2	667	4	2	12	7	4	2	5	1	0.59831531	7	9719.7269	9720.3269	9720.3269	9720.5269	9720.9252
2	8	1	2	668	4	2	12	8	4	1	5	1	0.57983818	8	9722.3604	9722.5604	9722.5604	9722.7604	9723.1402
2	8	1	2	669	4	2	12	9	5	2	5	1	0.47130549	9	9724.5979	9725.1979	9725.1979	9725.3979	9725.6692
2	8	1	2	670	4	2	12	10	2	1	4	1	0.61595158	10	9727.2351	9727.4351	9727.4351	9727.6352	9728.0511
2	8	1	2	671	4	2	12	11	5	1	5	1	0.63901186	11	9729.4698	9729.6698	9729.6698	9729.8698	9730.3088
2	8	1	2	672	4	2	12	12	5	1	5	1	0.56006034	12	9731.7061	9731.9061	9731.9061	9732.1061	9732.4662
2	8	1	2	673	4	2	12	13	5	2	5	1	0.60810179	13	9733.946	9734.546	9734.546	9734.746	9735.1541
2	8	1	2	674	4	2	12	14	3	1	4	1	0.67007143	14	9736.5829	9736.7829	9736.7829	9736.9829	9737.4529
2	8	1	2	675	4	2	12	15	3	2	4	1	0.82399854	15	9738.8197	9739.4197	9739.4197	9739.6197	9740.2437
2	8	1	2	676	4	2	12	16	6	2	5	1	0.4032712	16	9741.4565	9742.0565	9742.0565	9742.2565	9742.4598
2	8	1	2	677	4	2	12	17	4	1	5	1	0.48543498	17	9744.0962	9744.2962	9744.2962	9744.4962	9744.7816
2	8	1	2	678	4	2	12	18	2	1	4	1	0.50918067	18	9746.3326	9746.5326	9746.5326	9746.7326	9747.0418
2	8	1	2	679	4	2	12	19	6	2	5	1	0.46436377	19	9748.5692	9749.1692	9749.1692	9749.3692	9749.6336
2	8	1	2	680	4	2	12	20	6	1	5	1	1.4317517	20	9751.2061	9751.4061	9751.4061	9751.6061	9752.8378
2	8	1	2	681	4	2	12	21	1	1	4	1	0.54086008	21	9753.447	9753.647	9753.647	9753.847	9754.1878
2	8	1	2	682	4	2	12	22	4	2	5	1	0.63016881	22	9755.6844	9756.2844	9756.2844	9756.4845	9756.9146
2	8	1	2	683	4	2	12	23	1	2	4	1	0.44760736	23	9758.3233	9758.9233	9758.9233	9759.1233	9759.3709
2	8	1	2	684	4	2	12	24	3	2	4	1	0.40312185	24	9760.9596	9761.5597	9761.5597	9761.7597	9761.9628
2	8	1	2	685	4	2	12	25	1	1	4	1	0.71032423	25	9763.597	9763.797	9763.797	9763.997	9764.5073
2	8	1	2	686	4	2	12	26	2	2	4	1	0.52930354	26	9765.8378	9766.4378	9766.4379	9766.6379	9766.9672
2	8	1	2	687	4	2	12	27	1	1	4	1	0.87441233	27	9768.4788	9768.6788	9768.6788	9768.8788	9769.5532
2	8	1	2	688	4	2	12	28	4	1	5	1	0.46998226	28	9770.7161	9770.9161	9770.9161	9771.1161	9771.3861
2	8	1	2	689	4	2	12	29	2	1	4	1	0.51345304	29	9772.954	9773.154	9773.154	9773.354	9773.6675
2	8	1	2	690	4	2	12	30	6	1	5	1	0.58077884	30	9775.1912	9775.3912	9775.3912	9775.5912	9775.9719
2	8	1	2	691	4	6	12	1	6	2	8	1	0.71571129	1	9805.4897	9806.0897	9806.0897	9806.2897	9806.8054
2	8	1	2	692	4	6	12	2	2	2	2	1	0.80429424	2	9808.127	9808.727	9808.727	9808.927	9809.5313
2	8	1	2	693	4	6	12	3	4	2	6	1	0.73390536	3	9810.7646	9811.3646	9811.3646	9811.5646	9812.0985
2	8	1	2	694	4	6	12	4	6	2	8	1	0.71748965	4	9813.4063	9814.0063	9814.0063	9814.2063	9814.7238
2	8	1	2	695	4	6	12	5	1	2	1	1	1.0079131	5	9816.0439	9816.6439	9816.6439	9816.8439	9817.6518
2	8	1	2	696	4	6	12	6	3	1	3	1	0.66164593	6	9818.6862	9818.8862	9818.8862	9819.0862	9819.5478
2	8	1	2	697	4	6	12	7	2	2	2	1	0.58506742	7	9820.9241	9821.5241	9821.5241	9821.7241	9822.1092
2	8	1	2	698	4	6	12	8	1	1	1	1	0.82436483	8	9823.5619	9823.7619	9823.7619	9823.9619	9824.5863
2	8	1	2	699	4	6	12	9	2	2	2	1	0.51220566	9	9825.7995	9826.3995	9826.3995	9826.5995	9826.9117
2	8	1	2	700	4	6	12	10	5	1	7	1	0.42067164	10	9828.4371	9828.6371	9828.6371	9828.8371	9829.0577
2	8	1	2	701	4	6	12	11	6	1	8	1	0.55249576	11	9830.6732	9830.8732	9830.8732	9831.0732	9831.4257
2	8	1	2	702	4	6	12	12	4	1	6	1	0.49427713	12	9832.9098	9833.1098	9833.1098	9833.3098	9833.6041
2	8	1	2	703	4	6	12	13	1	2	1	1	0.74282697	13	9835.1478	9835.7478	9835.7478	9835.9478	9836.4906
2	8	1	2	704	4	6	12	14	1	1	1	1	0.65641163	14	9837.7857	9837.9857	9837.9857	9838.1857	9838.6421
2	8	1	2	705	4	6	12	15	3	2	3	1	0.61370477	15	9840.0239	9840.6239	9840.6239	9840.8239	9841.2376
2	8	1	2	706	4	6	12	16	5	2	7	1	0.67304463	16	9842.6606	9843.2606	9843.2606	9843.4606	9843.9336
2	8	1	2	707	4	6	12	17	6	1	8	1	0.52726783	17	9845.2996	9845.4996	9845.4996	9845.6996	9846.0269
2	8	1	2	708	4	6	12	18	3	1	3	1	0.83440044	18	9847.5385	9847.7385	9847.7385	9847.9385	9848.5729
2	8	1	2	709	4	6	12	19	3	2	3	1	0.63374949	19	9849.7765	9850.3766	9850.3766	9850.5766	9851.0103
2	8	1	2	710	4	6	12	20	2	1	2	1	0.83827737	20	9852.4145	9852.6145	9852.6145	9852.8145	9853.4527
2	8	1	2	711	4	6	12	21	4	1	6	1	0.46123556	21	9854.6526	9854.8527	9854.8527	9855.0527	9855.3139
2	8	1	2	712	4	6	12	22	4	2	6	1	0.64920459	22	9856.8907	9857.4907	9857.4907	9857.6907	9858.1399
2	8	1	2	713	4	6	12	23	1	2	1	1	0.98636324	23	9859.5291	9860.1291	9860.1291	9860.3291	9861.1155
2	8	1	2	714	4	6	12	24	4	2	6	1	0.81156971	24	9862.1671	9862.7671	9862.7671	9862.9671	9863.5787
2	8	1	2	715	4	6	12	25	5	1	7	1	0.63740566	25	9864.8058	9865.0058	9865.0058	9865.2058	9865.6432
2	8	1	2	716	4	6	12	26	5	2	7	1	0.5616127	26	9867.0443	9867.6443	9867.6443	9867.8443	9868.2059
2	8	1	2	717	4	6	12	27	2	1	2	1	0.62270357	27	9869.6835	9869.8835	9869.8835	9870.0835	9870.5062
2	8	1	2	718	4	6	12	28	6	1	8	1	0.73463962	28	9871.9235	9872.1235	9872.1235	9872.3235	9872.8582
2	8	1	2	719	4	6	12	29	3	1	3	1	0.62684816	29	9874.1621	9874.3621	9874.3621	9874.5621	9874.989
2	8	1	2	720	4	6	12	30	5	1	7	1	0.76599081	30	9876.3993	9876.5993	9876.5993	9876.7993	9877.3653
