151	220	30	36	255	48	119	65	0	0	0	0	0	0	0	0	0	0	0	0
1	24	1	2	1	1	2	1	1	1	1	4	1	0.82364331	1	6279.4627	6279.6627	6279.663	6279.8631	6280.4866
1	24	1	2	2	1	2	1	2	5	2	5	1	0.35543653	2	6281.6804	6282.2806	6282.2807	6282.4809	6282.6361
1	24	1	2	3	1	2	1	3	3	2	4	1	0.32235786	3	6284.2902	6284.8903	6284.8903	6285.0903	6285.2126
1	24	1	2	4	1	2	1	4	6	1	5	1	0.27894395	4	6286.8995	6287.0995	6287.0996	6287.2996	6287.3785
1	24	1	2	5	1	2	1	5	3	2	4	1	0.27933689	5	6289.107	6289.707	6289.707	6289.907	6289.9863
1	24	1	2	6	1	2	1	6	2	1	4	1	0.61629575	6	6291.7142	6291.9142	6291.9142	6292.1143	6292.5305
1	24	1	2	7	1	2	1	7	5	1	5	1	0.54925082	7	6293.9214	6294.1214	6294.1214	6294.3214	6294.6707
1	24	1	2	8	1	2	1	8	4	1	5	1	0.50889991	8	6296.1286	6296.3286	6296.3287	6296.5287	6296.8376
1	24	1	2	9	1	2	1	9	4	2	5	1	0.35809477	9	6298.3359	6298.9359	6298.936	6299.136	6299.2941
1	24	1	2	10	1	2	1	10	4	1	5	1	0.42439792	10	6300.9938	6301.1938	6301.1938	6301.3939	6301.6182
1	24	1	2	11	1	2	1	11	6	1	5	1	0.43448999	11	6303.2007	6303.4007	6303.4007	6303.6007	6303.8352
1	24	1	2	12	1	2	1	12	1	1	4	1	0.55646775	12	6305.4073	6305.6073	6305.6073	6305.8074	6306.1638
1	24	1	2	13	1	2	1	13	4	2	5	1	0.46097654	13	6307.6144	6308.2144	6308.2144	6308.4144	6308.6754
1	24	1	2	14	1	2	1	14	4	1	5	1	0.35084469	14	6310.2204	6310.4204	6310.4204	6310.6205	6310.7713
1	24	1	2	15	1	2	1	15	5	1	5	1	0.38849326	15	6312.4262	6312.6262	6312.6262	6312.8262	6313.0147
1	24	1	2	16	1	2	1	16	3	1	4	1	0.56375717	16	6314.6329	6314.8329	6314.833	6315.033	6315.3968
1	24	1	2	17	1	2	1	17	2	1	4	1	1.2300753	17	6316.8404	6317.0405	6317.0405	6317.2405	6318.2706
1	24	1	2	18	1	2	1	18	2	2	4	1	0.47794412	18	6319.0464	6319.6464	6319.6464	6319.8464	6320.1244
1	24	1	2	19	1	2	1	19	5	1	5	1	0.46328244	19	6321.6537	6321.8537	6321.8537	6322.0538	6322.317
1	24	1	2	20	1	2	1	20	6	2	5	1	0.29704738	20	6323.8607	6324.4607	6324.4607	6324.6607	6324.7578
1	24	1	2	21	1	2	1	21	3	2	4	1	0.56772597	21	6326.4663	6327.0663	6327.0663	6327.2664	6327.6341
1	24	1	2	22	1	2	1	22	2	2	0	0	-6329.6738	21	6329.0738	6329.6738	6329.6738	6329.8738	0
1	24	1	2	23	1	2	1	23	3	2	4	1	1.1013246	22	6331.9819	6332.5819	6332.5819	6332.782	6333.6833
1	24	1	2	24	1	2	1	24	6	1	5	1	0.39368074	23	6334.5889	6334.7889	6334.789	6334.989	6335.1827
1	24	1	2	25	1	2	1	25	1	2	4	1	0.36681923	24	6336.7962	6337.3963	6337.3963	6337.5963	6337.7631
1	24	1	2	26	1	2	1	26	1	2	4	1	0.32770626	25	6339.4037	6340.0037	6340.0037	6340.2037	6340.3314
1	24	1	2	27	1	2	1	27	5	2	5	1	0.43729122	26	6342.0114	6342.6115	6342.6115	6342.8115	6343.0487
1	24	1	2	28	1	2	1	28	6	1	5	1	0.40867539	27	6344.6192	6344.8192	6344.8192	6345.0192	6345.2279
1	24	1	2	29	1	2	1	29	1	2	4	1	0.62351233	28	6346.827	6347.427	6347.427	6347.627	6348.0505
1	24	1	2	30	1	2	1	30	2	2	4	1	0.36196672	29	6349.4346	6350.0346	6350.0347	6350.2347	6350.3966
1	24	1	2	31	1	6	1	1	1	1	1	1	0.85565199	1	6392.8193	6393.0193	6393.0194	6393.2196	6393.8751
1	24	1	2	32	1	6	1	2	3	2	3	1	1.029085	2	6395.0309	6395.6309	6395.6309	6395.8309	6396.66
1	24	1	2	33	1	6	1	3	2	2	2	1	0.53325871	3	6397.6393	6398.2393	6398.2393	6398.4393	6398.7726
1	24	1	2	34	1	6	1	4	2	1	2	1	0.63096948	4	6400.2477	6400.4477	6400.4477	6400.6477	6401.0787
1	24	1	2	35	1	6	1	5	6	2	6	0	0.83054383	4	6402.4558	6403.0558	6403.0558	6403.2559	6403.8864
1	24	1	2	36	1	6	1	6	3	1	3	1	1.0314916	5	6405.3752	6405.5752	6405.5752	6405.7752	6406.6067
1	24	1	2	37	1	6	1	7	4	1	6	1	0.88569734	6	6407.583	6407.783	6407.7831	6407.9831	6408.6687
1	24	1	2	38	1	6	1	8	2	1	2	1	1.1069271	7	6409.7913	6409.9913	6409.9914	6410.1914	6411.0983
1	24	1	2	39	1	6	1	9	1	2	1	1	0.79791935	8	6411.9995	6412.5995	6412.5995	6412.7995	6413.3974
1	24	1	2	40	1	6	1	10	5	1	8	0	1.0290321	8	6414.6081	6414.8081	6414.8081	6415.0082	6415.8372
1	24	1	2	41	1	6	1	11	5	1	6	0	1.3846592	8	6417.1316	6417.3316	6417.3316	6417.5317	6418.7163
1	24	1	2	42	1	6	1	12	4	1	6	1	1.3518947	9	6419.6447	6419.8447	6419.8447	6420.0448	6421.1966
1	24	1	2	43	1	6	1	13	5	2	7	1	0.89422108	10	6421.8538	6422.4538	6422.4538	6422.6539	6423.3481
1	24	1	2	44	1	6	1	14	6	1	8	1	1.9176936	11	6424.4607	6424.6608	6424.6608	6424.8608	6426.5785
1	24	1	2	45	1	6	1	15	3	1	3	1	1.7185038	12	6426.6684	6426.8684	6426.8684	6427.0685	6428.587
1	24	1	2	46	1	6	1	16	4	1	6	1	0.99748038	13	6428.8773	6429.0773	6429.0773	6429.2773	6430.0748
1	24	1	2	47	1	6	1	17	5	1	7	1	0.51015782	14	6431.086	6431.286	6431.286	6431.486	6431.7962
1	24	1	2	48	1	6	1	18	1	2	1	1	0.85648475	15	6433.2951	6433.8951	6433.8951	6434.0951	6434.7516
1	24	1	2	49	1	6	1	19	6	1	8	1	0.80579109	16	6435.902	6436.102	6436.102	6436.3021	6436.9078
1	24	1	2	50	1	6	1	20	3	2	3	1	0.9094047	17	6438.1092	6438.7092	6438.7092	6438.9092	6439.6186
1	24	1	2	51	1	6	1	21	4	2	3	1	1.6141234	18	6440.7177	6441.3177	6441.3177	6441.5178	6442.9319
1	24	1	2	52	1	6	1	22	1	2	1	1	1.1642623	19	6443.3251	6443.9251	6443.9251	6444.1251	6445.0894
1	24	1	2	53	1	6	1	23	1	2	1	1	0.63672982	20	6445.9342	6446.5342	6446.5342	6446.7342	6447.171
1	24	1	2	54	1	6	1	24	6	1	8	1	0.78961617	21	6448.5437	6448.7437	6448.7437	6448.9437	6449.5333
1	24	1	2	55	1	6	1	25	2	2	2	1	0.90648458	22	6450.7527	6451.3527	6451.3528	6451.5528	6452.2593
1	24	1	2	56	1	6	1	26	2	2	2	1	0.77885547	23	6453.3622	6453.9622	6453.9623	6454.1623	6454.7411
1	24	1	2	57	1	6	1	27	5	2	7	1	1.1772965	24	6455.971	6456.571	6456.571	6456.771	6457.7483
1	24	1	2	58	1	6	1	28	3	1	3	1	1.1538242	25	6458.5806	6458.7806	6458.7806	6458.9806	6459.9345
1	24	1	2	59	1	6	1	29	6	2	8	1	0.80087367	26	6460.7885	6461.3885	6461.3885	6461.5885	6462.1893
1	24	1	2	60	1	6	1	30	4	2	6	1	1.6407837	27	6463.397	6463.997	6463.997	6464.197	6465.6378
1	24	1	2	61	1	2	2	1	5	1	4	0	1.3339183	0	6477.7327	6477.9327	6477.9328	6478.1328	6479.2667
1	24	1	2	62	1	2	2	2	3	2	4	1	0.94660225	1	6480.2484	6480.8485	6480.8485	6481.0485	6481.7951
1	24	1	2	63	1	2	2	3	4	2	5	1	0.6032181	2	6482.8579	6483.4579	6483.4579	6483.6579	6484.0611
1	24	1	2	64	1	2	2	4	6	1	5	1	0.71372141	3	6485.4676	6485.6676	6485.6676	6485.8676	6486.3813
1	24	1	2	65	1	2	2	5	2	2	4	1	0.63999681	4	6487.6776	6488.2777	6488.2777	6488.4777	6488.9177
1	24	1	2	66	1	2	2	6	5	1	5	1	0.62911823	5	6490.2879	6490.488	6490.488	6490.688	6491.1171
1	24	1	2	67	1	2	2	7	6	1	0	0	-6492.6976	5	6492.4976	6492.6976	6492.6976	6492.8976	0
1	24	1	2	68	1	2	2	8	5	1	5	1	0.52739871	6	6495.0046	6495.2046	6495.2046	6495.4046	6495.732
1	24	1	2	69	1	2	2	9	2	2	4	1	0.57461422	7	6497.2121	6497.8121	6497.8121	6498.0122	6498.3868
1	24	1	2	70	1	2	2	10	1	1	4	1	0.75377668	8	6499.823	6500.023	6500.023	6500.223	6500.7768
1	24	1	2	71	1	2	2	11	3	1	4	1	0.68575618	9	6502.0316	6502.2316	6502.2316	6502.4316	6502.9174
1	24	1	2	72	1	2	2	12	1	1	4	1	0.51287167	10	6504.2413	6504.4413	6504.4413	6504.6413	6504.9542
1	24	1	2	73	1	2	2	13	5	2	5	1	1.1015973	11	6506.4515	6507.0515	6507.0515	6507.2515	6508.1531
1	24	1	2	74	1	2	2	14	6	1	5	1	0.91106547	12	6509.0619	6509.2619	6509.2619	6509.462	6510.173
1	24	1	2	75	1	2	2	15	1	1	4	1	1.0861245	13	6511.2704	6511.4704	6511.4704	6511.6704	6512.5565
1	24	1	2	76	1	2	2	16	4	1	5	1	0.9931314	14	6513.4813	6513.6813	6513.6813	6513.8813	6514.6744
1	24	1	2	77	1	2	2	17	5	1	5	1	0.5934933	15	6515.6915	6515.8915	6515.8915	6516.0916	6516.485
1	24	1	2	78	1	2	2	18	2	2	4	1	0.57729062	16	6517.8997	6518.4998	6518.4998	6518.6998	6519.077
1	24	1	2	79	1	2	2	19	2	1	4	1	0.64138321	17	6520.5078	6520.7078	6520.7078	6520.9078	6521.3492
1	24	1	2	80	1	2	2	20	4	2	5	1	0.60858601	18	6522.718	6523.318	6523.318	6523.518	6523.9266
1	24	1	2	81	1	2	2	21	3	2	4	1	0.6366448	19	6525.3285	6525.9285	6525.9286	6526.1286	6526.5652
1	24	1	2	82	1	2	2	22	6	2	5	1	0.71363273	20	6527.9395	6528.5395	6528.5395	6528.7395	6529.2531
1	24	1	2	83	1	2	2	23	6	2	5	1	0.55886875	21	6530.5503	6531.1503	6531.1503	6531.3503	6531.7091
1	24	1	2	84	1	2	2	24	4	1	5	1	0.61312632	22	6533.1589	6533.3589	6533.3589	6533.5589	6533.972
1	24	1	2	85	1	2	2	25	2	2	4	1	0.45779744	23	6535.3704	6535.9705	6535.9705	6536.1705	6536.4283
1	24	1	2	86	1	2	2	26	3	2	4	1	0.42170902	24	6537.9813	6538.5813	6538.5813	6538.7813	6539.003
1	24	1	2	87	1	2	2	27	3	2	4	1	1.1566876	25	6540.5918	6541.1918	6541.1918	6541.3918	6542.3485
1	24	1	2	88	1	2	2	28	4	1	5	1	0.69800529	26	6543.2025	6543.4025	6543.4026	6543.6026	6544.1006
1	24	1	2	89	1	2	2	29	1	2	4	1	0.86080065	27	6545.4134	6546.0134	6546.0134	6546.2134	6546.8742
1	24	1	2	90	1	2	2	30	1	2	4	1	0.88129113	28	6548.024	6548.624	6548.624	6548.824	6549.5053
1	24	1	2	91	1	6	2	1	4	1	6	1	1.3756402	1	6567.6373	6567.8373	6567.8373	6568.0374	6569.213
1	24	1	2	92	1	6	2	2	2	2	2	1	0.76777662	2	6569.8486	6570.4486	6570.4486	6570.6486	6571.2164
1	24	1	2	93	1	6	2	3	2	2	2	1	0.68091618	3	6572.46	6573.06	6573.06	6573.26	6573.7409
1	24	1	2	94	1	6	2	4	5	1	7	1	1.3087611	4	6575.0711	6575.2711	6575.2712	6575.4712	6576.5799
1	24	1	2	95	1	6	2	5	5	2	7	1	0.62184241	5	6577.2924	6577.8925	6577.8925	6578.0925	6578.5143
1	24	1	2	96	1	6	2	6	1	1	1	1	1.0520088	6	6579.9041	6580.1041	6580.1041	6580.3041	6581.1561
1	24	1	2	97	1	6	2	7	5	1	7	1	1.9514627	7	6582.1157	6582.3157	6582.3157	6582.5157	6584.2672
1	24	1	2	98	1	6	2	8	4	1	6	1	1.5726253	8	6584.3266	6584.5266	6584.5266	6584.7266	6586.0992
1	24	1	2	99	1	6	2	9	3	2	3	1	1.0682486	9	6586.5359	6587.1359	6587.136	6587.336	6588.2042
1	24	1	2	100	1	6	2	10	1	1	1	1	1.4581239	10	6589.1478	6589.3478	6589.3478	6589.5478	6590.806
1	24	1	2	101	1	6	2	11	6	1	8	1	1.038378	11	6591.3588	6591.5588	6591.5589	6591.7589	6592.5972
1	24	1	2	102	1	6	2	12	2	1	2	1	1.1057063	12	6593.5706	6593.7706	6593.7706	6593.9706	6594.8763
1	24	1	2	103	1	6	2	13	3	2	7	1	1.9436917	13	6595.7795	6596.3795	6596.3795	6596.5795	6598.3232
1	24	1	2	104	1	6	2	14	1	1	1	1	1.9424099	14	6598.3886	6598.5886	6598.5886	6598.7886	6600.531
1	24	1	2	105	1	6	2	15	1	1	1	1	1.1668753	15	6600.5977	6600.7977	6600.7977	6600.9977	6601.9646
1	24	1	2	106	1	6	2	16	4	1	8	0	0.5693915	15	6602.8097	6603.0098	6603.0098	6603.2098	6603.5791
1	24	1	2	107	1	6	2	17	2	1	2	1	1.5018151	16	6605.3335	6605.5335	6605.5336	6605.7336	6607.0354
1	24	1	2	108	1	6	2	18	6	2	8	1	1.5853594	17	6607.5451	6608.1451	6608.1451	6608.3451	6609.7304
1	24	1	2	109	1	6	2	19	3	1	7	0	1.3923162	17	6610.1559	6610.356	6610.356	6610.556	6611.7483
1	24	1	2	110	1	6	2	20	5	2	3	1	1.9996765	18	6612.6806	6613.2806	6613.2806	6613.4806	6615.2803
1	24	1	2	111	1	6	2	21	6	2	8	1	1.6572789	19	6615.2921	6615.8921	6615.8921	6616.0921	6617.5494
1	24	1	2	112	1	6	2	22	4	2	6	1	0.90589436	20	6617.9043	6618.5043	6618.5043	6618.7044	6619.4102
1	24	1	2	113	1	6	2	23	1	2	1	1	1.0666532	21	6620.5138	6621.1138	6621.1138	6621.3138	6622.1805
1	24	1	2	114	1	6	2	24	2	1	2	1	1.3175941	22	6623.1264	6623.3264	6623.3264	6623.5264	6624.644
1	24	1	2	115	1	6	2	25	3	2	6	1	1.4169426	23	6625.346	6625.946	6625.946	6626.146	6627.363
1	24	1	2	116	1	6	2	26	3	2	3	1	0.87983043	24	6627.9584	6628.5584	6628.5584	6628.7585	6629.4383
1	24	1	2	117	1	6	2	27	6	2	8	1	0.90060684	25	6630.5711	6631.1711	6631.1711	6631.3711	6632.0717
1	24	1	2	118	1	6	2	28	6	1	8	1	0.78663795	26	6633.1864	6633.3864	6633.3864	6633.5864	6634.1731
1	24	1	2	119	1	6	2	29	5	2	7	1	0.92712116	27	6635.3966	6635.9966	6635.9966	6636.1966	6636.9237
1	24	1	2	120	1	6	2	30	4	2	6	1	0.76364206	28	6638.0086	6638.6086	6638.6086	6638.8086	6639.3722
1	24	1	2	121	1	2	3	1	6	1	5	1	0.84754263	1	6653.2433	6653.4433	6653.4433	6653.6433	6654.2908
1	24	1	2	122	1	2	3	2	6	2	5	1	0.78010692	2	6655.4562	6656.0562	6656.0562	6656.2562	6656.8363
1	24	1	2	123	1	2	3	3	2	2	4	1	0.6010822	3	6658.0694	6658.6694	6658.6695	6658.8695	6659.2705
1	24	1	2	124	1	2	3	4	3	1	4	1	0.79303149	4	6660.682	6660.882	6660.8821	6661.0821	6661.6751
1	24	1	2	125	1	2	3	5	3	2	4	1	0.6316621	5	6662.8944	6663.4944	6663.4944	6663.6945	6664.1261
1	24	1	2	126	1	2	3	6	3	1	4	1	0.78485558	6	6665.506	6665.706	6665.706	6665.906	6666.4909
1	24	1	2	127	1	2	3	7	6	1	5	1	0.73595228	7	6667.7183	6667.9183	6667.9183	6668.1183	6668.6542
1	24	1	2	128	1	2	3	8	2	1	4	1	0.84007228	8	6669.9304	6670.1304	6670.1304	6670.3304	6670.9704
1	24	1	2	129	1	2	3	9	2	2	4	1	0.57723021	9	6672.146	6672.746	6672.746	6672.946	6673.3232
1	24	1	2	130	1	2	3	10	1	1	4	1	0.61180497	10	6674.7586	6674.9586	6674.9586	6675.1586	6675.5704
1	24	1	2	131	1	2	3	11	4	1	5	1	0.66385959	11	6676.9715	6677.1715	6677.1715	6677.3715	6677.8353
1	24	1	2	132	1	2	3	12	6	1	5	1	1.1713758	12	6679.1843	6679.3843	6679.3843	6679.5844	6680.5557
1	24	1	2	133	1	2	3	13	4	2	5	1	0.60805197	13	6681.3959	6681.996	6681.996	6682.196	6682.604
1	24	1	2	134	1	2	3	14	6	1	5	1	0.42856212	14	6684.0076	6684.2076	6684.2077	6684.4077	6684.6362
1	24	1	2	135	1	2	3	15	1	1	4	1	0.79307836	15	6686.2204	6686.4204	6686.4204	6686.6204	6687.2135
1	24	1	2	136	1	2	3	16	4	1	5	1	0.53220109	16	6688.4311	6688.6311	6688.6311	6688.8311	6689.1633
1	24	1	2	137	1	2	3	17	3	1	5	1	0.74273882	17	6690.6443	6690.8443	6690.8443	6691.0443	6691.587
1	24	1	2	138	1	2	3	18	3	2	4	1	0.629139	18	6692.857	6693.457	6693.457	6693.657	6694.0861
1	24	1	2	139	1	2	3	19	1	1	4	1	0.76997215	19	6695.4704	6695.6704	6695.6704	6695.8704	6696.4403
1	24	1	2	140	1	2	3	20	5	2	5	1	0.46472386	20	6697.6841	6698.2841	6698.2841	6698.4841	6698.7488
1	24	1	2	141	1	2	3	21	5	2	5	1	0.4356603	21	6700.2974	6700.8974	6700.8974	6701.0974	6701.333
1	24	1	2	142	1	2	3	22	2	2	4	1	0.63291196	22	6702.9104	6703.5104	6703.5104	6703.7104	6704.1433
1	24	1	2	143	1	2	3	23	2	2	4	1	0.66286974	23	6705.5238	6706.1238	6706.1238	6706.3238	6706.7867
1	24	1	2	144	1	2	3	24	5	1	5	1	0.65932742	24	6708.1366	6708.3366	6708.3366	6708.5366	6708.996
1	24	1	2	145	1	2	3	25	5	2	5	1	0.47043657	25	6710.3501	6710.9501	6710.9501	6711.1501	6711.4206
1	24	1	2	146	1	2	3	26	5	2	5	1	0.48198615	26	6712.9633	6713.5633	6713.5633	6713.7633	6714.0453
1	24	1	2	147	1	2	3	27	1	2	4	1	0.7067762	27	6715.5744	6716.1744	6716.1744	6716.3744	6716.8812
1	24	1	2	148	1	2	3	28	4	1	5	1	1.2466337	28	6718.1878	6718.3878	6718.3878	6718.5878	6719.6345
1	24	1	2	149	1	2	3	29	1	2	4	1	0.88727039	29	6720.3983	6720.9983	6720.9983	6721.1983	6721.8856
1	24	1	2	150	1	2	3	30	4	2	5	1	0.75824182	30	6723.0125	6723.6125	6723.6125	6723.8125	6724.3708
1	24	1	2	151	1	6	3	1	5	1	6	0	1.7299563	0	6736.9956	6737.1956	6737.1956	6737.3956	6738.9255
1	24	1	2	152	1	6	3	2	4	2	6	1	0.58203035	1	6739.5163	6740.1163	6740.1163	6740.3163	6740.6984
1	24	1	2	153	1	6	3	3	3	2	3	1	0.96911952	2	6742.1305	6742.7305	6742.7305	6742.9305	6743.6996
1	24	1	2	154	1	6	3	4	3	1	3	1	0.62043787	3	6744.7439	6744.9439	6744.9439	6745.1439	6745.5644
1	24	1	2	155	1	6	3	5	2	2	2	1	0.97684032	4	6746.9563	6747.5563	6747.5563	6747.7563	6748.5331
1	24	1	2	156	1	6	3	6	5	1	7	1	1.872104	5	6749.5704	6749.7704	6749.7704	6749.9704	6751.6425
1	24	1	2	157	1	6	3	7	5	1	7	1	0.77925827	6	6751.7844	6751.9844	6751.9844	6752.1844	6752.7637
1	24	1	2	158	1	6	3	8	4	1	6	1	1.3090161	7	6753.9988	6754.1988	6754.1988	6754.3988	6755.5078
1	24	1	2	159	1	6	3	9	3	2	3	1	1.0738088	8	6756.2123	6756.8123	6756.8123	6757.0123	6757.8861
1	24	1	2	160	1	6	3	10	6	1	8	1	1.0731988	9	6758.8268	6759.0268	6759.0268	6759.2268	6760.1
1	24	1	2	161	1	6	3	11	5	1	7	1	1.0369325	10	6761.0386	6761.2386	6761.2386	6761.4386	6762.2755
1	24	1	2	162	1	6	3	12	4	1	6	1	0.63121871	11	6763.2527	6763.4527	6763.4527	6763.6527	6764.0839
1	24	1	2	163	1	6	3	13	6	2	8	1	0.78746376	12	6765.467	6766.067	6766.067	6766.267	6766.8545
1	24	1	2	164	1	6	3	14	1	1	1	1	0.81748278	13	6768.0811	6768.2811	6768.2811	6768.4811	6769.0986
1	24	1	2	165	1	6	3	15	4	1	6	1	0.72657064	14	6770.2949	6770.4949	6770.4949	6770.6949	6771.2215
1	24	1	2	166	1	6	3	16	5	1	7	1	0.82426406	15	6772.5069	6772.7069	6772.7069	6772.907	6773.5312
1	24	1	2	167	1	6	3	17	4	1	6	1	1.6176712	16	6774.7216	6774.9216	6774.9216	6775.1216	6776.5392
1	24	1	2	168	1	6	3	18	1	2	1	1	1.0448724	17	6776.9357	6777.5357	6777.5357	6777.7357	6778.5806
1	24	1	2	169	1	6	3	19	1	1	1	1	0.68097181	18	6779.5477	6779.7477	6779.7477	6779.9477	6780.4287
1	24	1	2	170	1	6	3	20	1	2	1	1	0.60125995	19	6781.7618	6782.3618	6782.3618	6782.5618	6782.9631
1	24	1	2	171	1	6	3	21	6	2	7	1	1.253752	20	6784.3769	6784.9769	6784.9769	6785.1769	6786.2306
1	24	1	2	172	1	6	3	22	6	2	7	0	0.64595553	20	6786.9917	6787.5917	6787.5917	6787.7917	6788.2377
1	24	1	2	173	1	6	3	23	6	2	7	0	1.1741825	20	6789.919	6790.519	6790.519	6790.719	6791.6932
1	24	1	2	174	1	6	3	24	2	1	2	1	1.9049679	21	6792.8443	6793.0443	6793.0443	6793.2443	6794.9493
1	24	1	2	175	1	6	3	25	3	2	3	1	1.7696859	22	6795.0588	6795.6588	6795.6588	6795.8588	6797.4284
1	24	1	2	176	1	6	3	26	2	2	2	1	1.4279559	23	6797.6709	6798.2709	6798.2709	6798.4709	6799.6988
1	24	1	2	177	1	6	3	27	1	2	1	1	0.86731269	24	6800.2832	6800.8832	6800.8832	6801.0832	6801.7505
1	24	1	2	178	1	6	3	28	3	1	3	1	1.686665	25	6802.8954	6803.0954	6803.0954	6803.2954	6804.782
1	24	1	2	179	1	6	3	29	2	2	2	1	0.8239493	26	6805.1094	6805.7094	6805.7094	6805.9094	6806.5334
1	24	1	2	180	1	6	3	30	2	2	2	1	0.63421696	27	6807.7242	6808.3242	6808.3242	6808.5242	6808.9584
1	24	1	2	181	2	2	4	1	6	1	5	1	0.6860142	1	7154.7568	7154.9568	7154.9568	7155.1568	7155.6428
1	24	1	2	182	2	2	4	2	4	2	5	1	0.48764389	2	7156.9716	7157.5716	7157.5716	7157.7716	7158.0593
1	24	1	2	183	2	2	4	3	6	2	5	1	0.4284245	3	7159.5869	7160.1869	7160.1869	7160.3869	7160.6153
1	24	1	2	184	2	2	4	4	4	1	5	1	0.43360218	4	7162.2021	7162.4021	7162.4021	7162.6021	7162.8357
1	24	1	2	185	2	2	4	5	1	2	4	1	0.85205213	5	7164.4173	7165.0173	7165.0173	7165.2173	7165.8694
1	24	1	2	186	2	2	4	6	3	1	4	1	0.54825909	6	7167.0324	7167.2325	7167.2325	7167.4325	7167.7807
1	24	1	2	187	2	2	4	7	2	1	4	1	0.44378976	7	7169.248	7169.448	7169.448	7169.648	7169.8918
1	24	1	2	188	2	2	4	8	3	1	4	1	0.46911236	8	7171.4638	7171.6639	7171.6639	7171.8639	7172.133
1	24	1	2	189	2	2	4	9	5	2	5	1	0.60491263	9	7173.6795	7174.2795	7174.2795	7174.4795	7174.8844
1	24	1	2	190	2	2	4	10	6	1	5	1	0.45172085	10	7176.2951	7176.4951	7176.4951	7176.6951	7176.9468
1	24	1	2	191	2	2	4	11	2	1	4	1	0.57302131	11	7178.5106	7178.7106	7178.7106	7178.9106	7179.2836
1	24	1	2	192	2	2	4	12	1	1	4	1	0.46240629	12	7180.7261	7180.9261	7180.9261	7181.1261	7181.3885
1	24	1	2	193	2	2	4	13	5	2	5	1	0.40734313	13	7182.9413	7183.5413	7183.5413	7183.7413	7183.9487
1	24	1	2	194	2	2	4	14	1	1	4	1	0.59836081	14	7185.5545	7185.7545	7185.7545	7185.9545	7186.3529
1	24	1	2	195	2	2	4	15	2	1	4	1	0.4730972	15	7187.7704	7187.9704	7187.9704	7188.1704	7188.4435
1	24	1	2	196	2	2	4	16	1	1	4	1	0.44341736	16	7190.0232	7190.2232	7190.2232	7190.4232	7190.6666
1	24	1	2	197	2	2	4	17	5	1	5	1	0.42146356	17	7192.2387	7192.4387	7192.4387	7192.6387	7192.8601
1	24	1	2	198	2	2	4	18	5	2	5	1	0.3666355	18	7194.4516	7195.0516	7195.0516	7195.2516	7195.4182
1	24	1	2	199	2	2	4	19	4	1	0	0	-7197.2672	18	7197.0672	7197.2672	7197.2672	7197.4672	0
1	24	1	2	200	2	2	4	20	2	2	4	1	0.54899921	19	7199.2801	7199.8801	7199.8801	7200.0801	7200.4291
1	24	1	2	201	2	2	4	21	5	2	5	1	1.8029247	20	7201.8982	7202.4982	7202.4982	7202.6982	7204.3011
1	24	1	2	202	2	2	4	22	3	2	4	1	0.52142322	21	7204.5152	7205.1152	7205.1152	7205.3152	7205.6366
1	24	1	2	203	2	2	4	23	3	2	4	1	0.57898309	22	7207.1307	7207.7307	7207.7308	7207.9308	7208.3097
1	24	1	2	204	2	2	4	24	2	1	4	1	0.61866383	23	7209.747	7209.947	7209.947	7210.147	7210.5657
1	24	1	2	205	2	2	4	25	4	2	0	0	-7212.5635	23	7211.9635	7212.5635	7212.5635	7212.7635	0
1	24	1	2	206	2	2	4	26	6	2	5	1	0.43197307	24	7214.5797	7215.1797	7215.1797	7215.3797	7215.6117
1	24	1	2	207	2	2	4	27	6	2	5	1	0.33824962	25	7217.1939	7217.7939	7217.7939	7217.9939	7218.1322
1	24	1	2	208	2	2	4	28	1	1	4	1	0.55259303	26	7219.8101	7220.0101	7220.0101	7220.2101	7220.5627
1	24	1	2	209	2	2	4	29	3	2	4	1	0.53602987	27	7222.0263	7222.6263	7222.6263	7222.8263	7223.1623
1	24	1	2	210	2	2	4	30	4	2	5	1	0.46923344	28	7224.6407	7225.2407	7225.2407	7225.4407	7225.7099
1	24	1	2	211	2	6	4	1	5	1	7	1	0.94196772	1	7255.3249	7255.5249	7255.5249	7255.7249	7256.4668
1	24	1	2	212	2	6	4	2	3	2	3	1	0.96007782	2	7257.5413	7258.1413	7258.1413	7258.3413	7259.1014
1	24	1	2	213	2	6	4	3	6	2	8	1	0.94077501	3	7260.1578	7260.7578	7260.7578	7260.9578	7261.6986
1	24	1	2	214	2	6	4	4	5	1	7	1	1.3098631	4	7262.7743	7262.9744	7262.9744	7263.1744	7264.2842
1	24	1	2	215	2	6	4	5	1	2	1	1	1.0190508	5	7264.9913	7265.5913	7265.5913	7265.7913	7266.6103
1	24	1	2	216	2	6	4	6	1	1	1	1	0.80524129	6	7267.6078	7267.8078	7267.8078	7268.0078	7268.6131
1	24	1	2	217	2	6	4	7	1	1	1	1	0.58625478	7	7269.8243	7270.0243	7270.0243	7270.2243	7270.6105
1	24	1	2	218	2	6	4	8	4	1	6	1	1.4281047	8	7272.0406	7272.2406	7272.2406	7272.4406	7273.6687
1	24	1	2	219	2	6	4	9	3	2	3	1	1.5237175	9	7274.255	7274.855	7274.855	7275.055	7276.3787
1	24	1	2	220	2	6	4	10	6	1	8	1	0.81286118	10	7276.8688	7277.0688	7277.0688	7277.2688	7277.8817
1	24	1	2	221	2	6	4	11	5	1	7	1	0.927891	11	7279.0856	7279.2856	7279.2856	7279.4856	7280.2135
1	24	1	2	222	2	6	4	12	4	1	6	1	0.63687647	12	7281.3031	7281.5031	7281.5031	7281.7031	7282.14
1	24	1	2	223	2	6	4	13	6	2	8	1	0.78131139	13	7283.52	7284.12	7284.12	7284.32	7284.9013
1	24	1	2	224	2	6	4	14	5	1	7	1	1.8302009	14	7286.1343	7286.3343	7286.3343	7286.5343	7288.1645
1	24	1	2	225	2	6	4	15	2	1	2	1	0.89217054	15	7288.3517	7288.5517	7288.5517	7288.7517	7289.4439
1	24	1	2	226	2	6	4	16	2	1	2	1	0.54935324	16	7290.5655	7290.7655	7290.7655	7290.9656	7291.3149
1	24	1	2	227	2	6	4	17	4	1	6	1	1.1120789	17	7292.7798	7292.9798	7292.9798	7293.1798	7294.0919
1	24	1	2	228	2	6	4	18	3	2	7	0	0.6879856	17	7294.9969	7295.5969	7295.5969	7295.797	7296.2849
1	24	1	2	229	2	6	4	19	4	1	6	1	0.938739	18	7297.6146	7297.8146	7297.8147	7298.0147	7298.7534
1	24	1	2	230	2	6	4	20	1	2	1	1	1.1026542	19	7299.8318	7300.4318	7300.4318	7300.6318	7301.5345
1	24	1	2	231	2	6	4	21	1	2	1	1	0.60808957	20	7302.4495	7303.0495	7303.0495	7303.2495	7303.6576
1	24	1	2	232	2	6	4	22	3	2	3	1	1.081934	21	7305.0672	7305.6672	7305.6672	7305.8672	7306.7491
1	24	1	2	233	2	6	4	23	2	2	2	1	0.67814234	22	7307.6846	7308.2846	7308.2846	7308.4846	7308.9627
1	24	1	2	234	2	6	4	24	2	1	2	1	0.49571512	23	7310.2989	7310.4989	7310.4989	7310.6989	7310.9946
1	24	1	2	235	2	6	4	25	6	2	6	0	0.60234162	23	7312.5167	7313.1167	7313.1167	7313.3167	7313.7191
1	24	1	2	236	2	6	4	26	4	2	6	1	0.73838506	24	7315.1312	7315.7313	7315.7313	7315.9313	7316.4696
1	24	1	2	237	2	6	4	27	2	2	2	1	0.67652561	25	7317.7467	7318.3467	7318.3467	7318.5467	7319.0232
1	24	1	2	238	2	6	4	28	6	1	8	1	0.91091361	26	7320.3643	7320.5644	7320.5644	7320.7644	7321.4753
1	24	1	2	239	2	6	4	29	5	2	7	1	0.84455022	27	7322.5826	7323.1826	7323.1826	7323.3826	7324.0272
1	24	1	2	240	2	6	4	30	3	2	3	1	0.77363759	28	7325.1973	7325.7973	7325.7973	7325.9973	7326.571
1	24	1	2	241	2	2	5	1	6	1	5	1	0.73624374	1	7355.8838	7356.0838	7356.0838	7356.2838	7356.82
1	24	1	2	242	2	2	5	2	3	2	4	1	0.80037785	2	7358.1017	7358.7017	7358.7017	7358.9017	7359.5021
1	24	1	2	243	2	2	5	3	3	2	4	1	0.60633173	3	7360.7164	7361.3164	7361.3164	7361.5164	7361.9227
1	24	1	2	244	2	2	5	4	4	1	5	1	0.52664404	4	7363.3342	7363.5342	7363.5342	7363.7342	7364.0609
1	24	1	2	245	2	2	5	5	5	2	5	1	0.43735832	5	7365.5491	7366.1491	7366.1491	7366.3491	7366.5865
1	24	1	2	246	2	2	5	6	4	1	5	1	0.48630566	6	7368.1679	7368.3679	7368.3679	7368.5679	7368.8543
1	24	1	2	247	2	2	5	7	5	1	5	1	0.50212333	7	7370.3827	7370.5827	7370.5827	7370.7827	7371.0848
1	24	1	2	248	2	2	5	8	3	1	4	1	0.7144942	8	7372.6007	7372.8007	7372.8007	7373.0007	7373.5152
1	24	1	2	249	2	2	5	9	2	2	4	1	0.43326524	9	7374.8185	7375.4185	7375.4185	7375.6185	7375.8518
1	24	1	2	250	2	2	5	10	1	1	4	1	0.44893703	10	7377.4338	7377.6338	7377.6338	7377.8338	7378.0827
1	24	1	2	251	2	2	5	11	2	1	4	1	0.52106512	11	7379.6487	7379.8487	7379.8487	7380.0487	7380.3697
1	24	1	2	252	2	2	5	12	2	1	4	1	0.75402476	12	7381.8678	7382.0678	7382.0678	7382.2678	7382.8218
1	24	1	2	253	2	2	5	13	2	2	4	1	0.91820866	13	7384.0868	7384.6868	7384.6868	7384.8868	7385.6051
1	24	1	2	254	2	2	5	14	4	1	5	1	0.58534026	14	7386.7052	7386.9052	7386.9053	7387.1053	7387.4906
1	24	1	2	255	2	2	5	15	6	1	5	1	0.65812492	15	7388.9237	7389.1237	7389.1237	7389.3237	7389.7818
1	24	1	2	256	2	2	5	16	4	1	5	1	0.4854236	16	7391.1426	7391.3426	7391.3426	7391.5426	7391.828
1	24	1	2	257	2	2	5	17	6	1	5	1	0.43673613	17	7393.3581	7393.5581	7393.5581	7393.7581	7393.9948
1	24	1	2	258	2	2	5	18	1	2	4	1	0.74110895	18	7395.577	7396.177	7396.177	7396.377	7396.9181
1	24	1	2	259	2	2	5	19	2	1	4	1	0.60642072	19	7398.1959	7398.3959	7398.3959	7398.5959	7399.0023
1	24	1	2	260	2	2	5	20	6	2	5	1	0.63730858	20	7400.4115	7401.0115	7401.0115	7401.2115	7401.6488
1	24	1	2	261	2	2	5	21	1	2	4	1	0.68485372	21	7403.0307	7403.6307	7403.6307	7403.8307	7404.3156
1	24	1	2	262	2	2	5	22	6	2	5	1	0.58672672	22	7405.6494	7406.2494	7406.2494	7406.4494	7406.8361
1	24	1	2	263	2	2	5	23	5	2	5	1	0.55782528	23	7408.2687	7408.8687	7408.8687	7409.0687	7409.4265
1	24	1	2	264	2	2	5	24	3	1	4	1	0.67182151	24	7410.8839	7411.0839	7411.0839	7411.2839	7411.7557
1	24	1	2	265	2	2	5	25	3	2	4	1	0.58824036	25	7413.1033	7413.7033	7413.7033	7413.9033	7414.2915
1	24	1	2	266	2	2	5	26	5	2	5	1	0.62708626	26	7415.7226	7416.3226	7416.3226	7416.5226	7416.9497
1	24	1	2	267	2	2	5	27	5	2	5	1	0.6346949	27	7418.3395	7418.9396	7418.9396	7419.1396	7419.5743
1	24	1	2	268	2	2	5	28	1	1	4	1	1.0297543	28	7420.9587	7421.1587	7421.1587	7421.3587	7422.1884
1	24	1	2	269	2	2	5	29	4	2	5	1	0.61111138	29	7423.1782	7423.7782	7423.7782	7423.9782	7424.3893
1	24	1	2	270	2	2	5	30	1	2	4	1	0.75120564	30	7425.7973	7426.3973	7426.3973	7426.5973	7427.1485
1	24	1	2	271	2	6	5	1	4	1	6	1	0.74536572	1	7456.4826	7456.6826	7456.6826	7456.8826	7457.4279
1	24	1	2	272	2	6	5	2	2	2	2	1	0.67648162	2	7458.7015	7459.3015	7459.3015	7459.5015	7459.978
1	24	1	2	273	2	6	5	3	5	2	7	1	0.7067633	3	7461.3209	7461.9209	7461.921	7462.121	7462.6277
1	24	1	2	274	2	6	5	4	6	1	8	1	0.73585457	4	7463.9404	7464.1404	7464.1404	7464.3404	7464.8763
1	24	1	2	275	2	6	5	5	3	2	3	1	1.1523436	5	7466.1575	7466.7575	7466.7575	7466.9575	7467.9098
1	24	1	2	276	2	6	5	6	2	1	2	1	0.86564644	6	7468.7795	7468.9795	7468.9795	7469.1795	7469.8452
1	24	1	2	277	2	6	5	7	5	1	7	1	0.64818349	7	7470.9976	7471.1976	7471.1976	7471.3977	7471.8458
1	24	1	2	278	2	6	5	8	3	1	3	1	0.91970517	8	7473.2149	7473.4149	7473.4149	7473.6149	7474.3346
1	24	1	2	279	2	6	5	9	1	2	1	1	0.83464099	9	7475.4357	7476.0357	7476.0357	7476.2357	7476.8703
1	24	1	2	280	2	6	5	10	6	1	8	1	1.7733502	10	7478.0551	7478.2551	7478.2551	7478.4551	7480.0284
1	24	1	2	281	2	6	5	11	3	1	3	1	1.2639066	11	7480.2745	7480.4745	7480.4745	7480.6745	7481.7384
1	24	1	2	282	2	6	5	12	4	1	6	1	1.4951735	12	7482.491	7482.691	7482.691	7482.891	7484.1862
1	24	1	2	283	2	6	5	13	6	2	8	1	0.73466875	13	7484.7104	7485.3104	7485.3104	7485.5104	7486.045
1	24	1	2	284	2	6	5	14	3	1	3	1	1.0316747	14	7487.3668	7487.5668	7487.5668	7487.7669	7488.5985
1	24	1	2	285	2	6	5	15	2	1	2	1	0.7675564	15	7489.5871	7489.7871	7489.7871	7489.9871	7490.5547
1	24	1	2	286	2	6	5	16	6	1	8	1	0.77547524	16	7491.8038	7492.0038	7492.0038	7492.2038	7492.7793
1	24	1	2	287	2	6	5	17	5	1	7	1	0.71822915	17	7494.0241	7494.2241	7494.2241	7494.4241	7494.9423
1	24	1	2	288	2	6	5	18	2	2	2	1	0.69842193	18	7496.2437	7496.8437	7496.8437	7497.0437	7497.5421
1	24	1	2	289	2	6	5	19	4	1	6	1	0.64482315	19	7498.8634	7499.0634	7499.0634	7499.2634	7499.7082
1	24	1	2	290	2	6	5	20	5	2	7	1	0.55325085	20	7501.0835	7501.6835	7501.6835	7501.8836	7502.2368
1	24	1	2	291	2	6	5	21	4	2	6	1	1.3583969	21	7503.704	7504.304	7504.304	7504.504	7505.6624
1	24	1	2	292	2	6	5	22	1	2	1	1	0.78175832	22	7506.3246	7506.9246	7506.9246	7507.1246	7507.7063
1	24	1	2	293	2	6	5	23	3	2	3	1	1.1286713	23	7508.9448	7509.5449	7509.5449	7509.7449	7510.6735
1	24	1	2	294	2	6	5	24	1	1	1	1	0.84061944	24	7511.5617	7511.7617	7511.7617	7511.9617	7512.6023
1	24	1	2	295	2	6	5	25	6	2	8	1	0.75088843	25	7513.7819	7514.3819	7514.3819	7514.5819	7515.1328
1	24	1	2	296	2	6	5	26	5	2	7	1	1.2101187	26	7516.4028	7517.0028	7517.0028	7517.2028	7518.2129
1	24	1	2	297	2	6	5	27	1	2	1	1	1.1831435	27	7519.0234	7519.6234	7519.6234	7519.8234	7520.8065
1	24	1	2	298	2	6	5	28	4	1	6	1	1.1355249	28	7521.6434	7521.8434	7521.8434	7522.0435	7522.979
1	24	1	2	299	2	6	5	29	2	2	2	1	1.0606342	29	7523.8639	7524.4639	7524.4639	7524.6639	7525.5245
1	24	1	2	300	2	6	5	30	1	2	1	1	0.92197678	30	7526.4846	7527.0846	7527.0846	7527.2846	7528.0066
1	24	1	2	301	2	2	6	1	1	1	4	1	0.83167224	1	7557.1717	7557.3717	7557.3717	7557.5717	7558.2034
1	24	1	2	302	2	2	6	2	4	2	5	1	0.7138262	2	7559.3924	7559.9924	7559.9924	7560.1924	7560.7062
1	24	1	2	303	2	2	6	3	3	2	4	1	0.59836587	3	7562.0127	7562.6127	7562.6127	7562.8127	7563.2111
1	24	1	2	304	2	2	6	4	4	1	5	1	0.48177826	4	7564.6335	7564.8335	7564.8335	7565.0335	7565.3152
1	24	1	2	305	2	2	6	5	2	2	4	1	0.44641309	5	7566.8536	7567.4536	7567.4536	7567.6536	7567.9
1	24	1	2	306	2	2	6	6	2	1	4	1	0.54011362	6	7569.4743	7569.6743	7569.6743	7569.8743	7570.2144
1	24	1	2	307	2	2	6	7	5	1	5	1	0.5987854	7	7571.6954	7571.8954	7571.8954	7572.0954	7572.4942
1	24	1	2	308	2	2	6	8	3	1	4	1	0.93367166	8	7573.9129	7574.1129	7574.1129	7574.3129	7575.0466
1	24	1	2	309	2	2	6	9	1	2	5	0	0.67414537	8	7576.1336	7576.7336	7576.7336	7576.9336	7577.4077
1	24	1	2	310	2	2	6	10	1	1	4	1	0.62615214	9	7578.7549	7578.9549	7578.9549	7579.1549	7579.581
1	24	1	2	311	2	2	6	11	4	1	5	1	0.62081325	10	7580.9753	7581.1753	7581.1753	7581.3753	7581.7961
1	24	1	2	312	2	2	6	12	6	1	5	1	0.58644074	11	7583.1959	7583.3959	7583.3959	7583.5959	7583.9823
1	24	1	2	313	2	2	6	13	5	2	5	1	0.58606022	12	7585.4175	7586.0175	7586.0175	7586.2175	7586.6035
1	24	1	2	314	2	2	6	14	6	1	5	1	0.54214844	13	7588.0382	7588.2382	7588.2382	7588.4382	7588.7803
1	24	1	2	315	2	2	6	15	5	1	5	1	0.54794687	14	7590.2587	7590.4587	7590.4587	7590.6587	7591.0067
1	24	1	2	316	2	2	6	16	4	1	4	0	1.8743926	14	7592.504	7592.704	7592.704	7592.904	7594.5784
1	24	1	2	317	2	2	6	17	5	1	5	1	0.68137806	15	7594.7241	7594.9241	7594.9241	7595.1241	7595.6054
1	24	1	2	318	2	2	6	18	2	2	4	1	0.62527632	16	7596.9451	7597.5451	7597.5451	7597.7451	7598.1704
1	24	1	2	319	2	2	6	19	6	1	5	1	0.51946245	17	7599.5662	7599.7662	7599.7662	7599.9662	7600.2857
1	24	1	2	320	2	2	6	20	2	2	4	1	0.62072511	18	7601.784	7602.384	7602.384	7602.584	7603.0047
1	24	1	2	321	2	2	6	21	3	2	4	1	0.6069357	19	7604.4056	7605.0056	7605.0056	7605.2056	7605.6126
1	24	1	2	322	2	2	6	22	1	2	4	1	0.58486686	20	7607.0275	7607.6275	7607.6275	7607.8275	7608.2124
1	24	1	2	323	2	2	6	23	1	2	4	1	0.58033724	21	7609.6486	7610.2486	7610.2486	7610.4486	7610.829
1	24	1	2	324	2	2	6	24	4	1	5	1	0.72782674	22	7612.2699	7612.4699	7612.4699	7612.6699	7613.1977
1	24	1	2	325	2	2	6	25	6	2	5	1	0.57618093	23	7614.4911	7615.0911	7615.0911	7615.2911	7615.6673
1	24	1	2	326	2	2	6	26	3	2	4	1	0.71508961	24	7617.1132	7617.7132	7617.7132	7617.9132	7618.4283
1	24	1	2	327	2	2	6	27	2	2	4	1	0.53545971	25	7619.734	7620.334	7620.334	7620.534	7620.8695
1	24	1	2	328	2	2	6	28	5	1	4	0	0.38766599	25	7622.3566	7622.5566	7622.5566	7622.7566	7622.9443
1	24	1	2	329	2	2	6	29	3	2	4	1	0.62547553	26	7624.578	7625.178	7625.178	7625.378	7625.8035
1	24	1	2	330	2	2	6	30	6	2	5	1	0.56720622	27	7627.1994	7627.7994	7627.7994	7627.9994	7628.3666
1	24	1	2	331	2	6	6	1	1	1	1	1	1.9927084	1	7657.8817	7658.0818	7658.0818	7658.2818	7660.0745
1	24	1	2	332	2	6	6	2	3	2	3	1	1.0478875	2	7660.1025	7660.7026	7660.7026	7660.9026	7661.7504
1	24	1	2	333	2	6	6	3	4	2	6	1	0.70504806	3	7662.7237	7663.3238	7663.3238	7663.5238	7664.0288
1	24	1	2	334	2	6	6	4	2	1	2	1	0.86464076	4	7665.3456	7665.5456	7665.5456	7665.7456	7666.4103
1	24	1	2	335	2	6	6	5	1	2	1	1	0.76933464	5	7667.5925	7668.1925	7668.1925	7668.3925	7668.9619
1	24	1	2	336	2	6	6	6	4	1	6	1	0.82325904	6	7670.214	7670.414	7670.414	7670.614	7671.2373
1	24	1	2	337	2	6	6	7	4	1	6	1	0.59256788	7	7672.4362	7672.6362	7672.6362	7672.8362	7673.2288
1	24	1	2	338	2	6	6	8	3	1	3	1	1.0399442	8	7674.6583	7674.8583	7674.8583	7675.0583	7675.8983
1	24	1	2	339	2	6	6	9	5	2	7	1	0.6961384	9	7676.8844	7677.4844	7677.4844	7677.6844	7678.1805
1	24	1	2	340	2	6	6	10	6	1	8	1	0.49542479	10	7679.5065	7679.7065	7679.7066	7679.9066	7680.202
1	24	1	2	341	2	6	6	11	2	1	2	1	0.81705457	11	7681.7324	7681.9324	7681.9324	7682.1324	7682.7495
1	24	1	2	342	2	6	6	12	4	1	6	1	0.69083909	12	7683.9528	7684.1528	7684.1528	7684.3528	7684.8436
1	24	1	2	343	2	6	6	13	6	2	8	1	0.68299571	13	7686.1763	7686.7763	7686.7763	7686.9763	7687.4593
1	24	1	2	344	2	6	6	14	6	1	8	1	1.4803148	14	7688.798	7688.998	7688.998	7689.198	7690.4783
1	24	1	2	345	2	6	6	15	1	1	1	1	0.75650164	15	7691.0177	7691.2177	7691.2177	7691.4177	7691.9742
1	24	1	2	346	2	6	6	16	2	1	2	1	0.70620608	16	7693.2428	7693.4428	7693.4428	7693.6429	7694.1491
1	24	1	2	347	2	6	6	17	5	1	7	1	0.77112981	17	7695.4653	7695.6653	7695.6653	7695.8653	7696.4364
1	24	1	2	348	2	6	6	18	6	2	8	1	0.56451686	18	7697.6871	7698.2871	7698.2871	7698.4872	7698.8517
1	24	1	2	349	2	6	6	19	3	1	3	1	1.3390791	19	7700.3103	7700.5103	7700.5103	7700.7103	7701.8494
1	24	1	2	350	2	6	6	20	2	2	2	1	0.67150857	20	7702.5338	7703.1338	7703.1338	7703.3338	7703.8053
1	24	1	2	351	2	6	6	21	1	2	1	1	1.0134267	21	7705.157	7705.757	7705.757	7705.957	7706.7704
1	24	1	2	352	2	6	6	22	5	2	7	1	1.0398565	22	7707.7788	7708.3788	7708.3788	7708.5789	7709.4187
1	24	1	2	353	2	6	6	23	3	2	3	1	1.4218436	23	7710.4044	7711.0044	7711.0044	7711.2045	7712.4263
1	24	1	2	354	2	6	6	24	2	1	2	1	0.84014356	24	7713.0266	7713.2266	7713.2266	7713.4266	7714.0667
1	24	1	2	355	2	6	6	25	5	2	7	1	1.6563099	25	7715.2462	7715.8462	7715.8462	7716.0462	7717.5025
1	24	1	2	356	2	6	6	26	1	2	1	1	1.1768132	26	7717.8661	7718.4661	7718.4661	7718.6662	7719.643
1	24	1	2	357	2	6	6	27	5	2	7	1	0.87822411	27	7720.4854	7721.0854	7721.0854	7721.2854	7721.9637
1	24	1	2	358	2	6	6	28	4	1	6	1	1.0178355	28	7723.1079	7723.3079	7723.308	7723.508	7724.3258
1	24	1	2	359	2	6	6	29	3	2	3	1	1.0649564	29	7725.3316	7725.9316	7725.9316	7726.1316	7726.9965
1	24	1	2	360	2	6	6	30	6	2	8	1	0.92933422	30	7727.9537	7728.5537	7728.5537	7728.7537	7729.4831
1	24	1	2	361	3	2	7	1	6	1	5	1	1.7436767	1	8615.0446	8615.2446	8615.2446	8615.4446	8616.9883
1	24	1	2	362	3	2	7	2	6	2	5	1	0.69089282	2	8617.2676	8617.8676	8617.8676	8618.0676	8618.5585
1	24	1	2	363	3	2	7	3	6	2	5	1	0.67346536	3	8619.8903	8620.4903	8620.4903	8620.6903	8621.1638
1	24	1	2	364	3	2	7	4	4	1	5	1	0.48457806	4	8622.5134	8622.7134	8622.7134	8622.9134	8623.198
1	24	1	2	365	3	2	7	5	5	2	5	1	0.56330386	5	8624.7366	8625.3366	8625.3366	8625.5367	8625.9
1	24	1	2	366	3	2	7	6	1	1	4	1	0.73832976	6	8627.3614	8627.5614	8627.5614	8627.7614	8628.2997
1	24	1	2	367	3	2	7	7	3	1	4	1	0.55586456	7	8629.665	8629.865	8629.865	8630.065	8630.4208
1	24	1	2	368	3	2	7	8	5	1	5	1	0.64986722	8	8631.8887	8632.0887	8632.0887	8632.2887	8632.7386
1	24	1	2	369	3	2	7	9	3	2	4	1	0.75701384	9	8634.1121	8634.7121	8634.7121	8634.9121	8635.4691
1	24	1	2	370	3	2	7	10	4	1	5	1	0.71561557	10	8636.7358	8636.9358	8636.9358	8637.1358	8637.6514
1	24	1	2	371	3	2	7	11	2	1	4	1	0.66519538	11	8638.956	8639.156	8639.156	8639.356	8639.8212
1	24	1	2	372	3	2	7	12	2	1	4	1	0.7717762	12	8641.179	8641.379	8641.379	8641.579	8642.1508
1	24	1	2	373	3	2	7	13	2	2	4	1	0.63608171	13	8643.4058	8644.0058	8644.0058	8644.2058	8644.6419
1	24	1	2	374	3	2	7	14	1	1	4	1	0.6980443	14	8646.0332	8646.2332	8646.2332	8646.4332	8646.9312
1	24	1	2	375	3	2	7	15	3	1	1	1	1.4947346	15	8648.2601	8648.4601	8648.4601	8648.6601	8649.9548
1	24	1	2	376	3	2	7	16	1	1	4	1	0.70529599	16	8650.4838	8650.6839	8650.6839	8650.8839	8651.3892
1	24	1	2	377	3	2	7	17	3	1	4	1	0.56119219	17	8652.7082	8652.9082	8652.9082	8653.1082	8653.4694
1	24	1	2	378	3	2	7	18	4	2	5	1	0.63758343	18	8654.9322	8655.5322	8655.5322	8655.7322	8656.1698
1	24	1	2	379	3	2	7	19	1	1	4	1	1.20753	19	8657.5563	8657.7563	8657.7563	8657.9564	8658.9639
1	24	1	2	380	3	2	7	20	5	2	5	1	0.52882264	20	8659.7799	8660.3799	8660.3799	8660.5799	8660.9087
1	24	1	2	381	3	2	7	21	5	2	5	1	0.62717925	21	8662.4033	8663.0033	8663.0033	8663.2033	8663.6305
1	24	1	2	382	3	2	7	22	5	2	5	1	0.5541874	22	8665.0481	8665.6481	8665.6481	8665.8481	8666.2023
1	24	1	2	383	3	2	7	23	1	2	4	1	0.98024376	23	8667.6715	8668.2715	8668.2715	8668.4715	8669.2517
1	24	1	2	384	3	2	7	24	4	1	5	1	0.62436279	24	8670.2987	8670.4987	8670.4987	8670.6987	8671.1231
1	24	1	2	385	3	2	7	25	2	2	4	1	0.58234226	25	8672.5244	8673.1244	8673.1244	8673.3244	8673.7067
1	24	1	2	386	3	2	7	26	4	2	5	1	0.50462463	26	8675.1488	8675.7488	8675.7488	8675.9488	8676.2534
1	24	1	2	387	3	2	7	27	2	2	4	1	0.59741285	27	8677.773	8678.373	8678.373	8678.573	8678.9704
1	24	1	2	388	3	2	7	28	3	1	4	1	0.602424	28	8680.3945	8680.5945	8680.5945	8680.7946	8681.197
1	24	1	2	389	3	2	7	29	6	2	5	1	0.54626417	29	8682.6185	8683.2185	8683.2185	8683.4185	8683.7648
1	24	1	2	390	3	2	7	30	6	2	5	1	0.46673149	30	8685.2424	8685.8424	8685.8424	8686.0424	8686.3092
1	24	1	2	391	3	6	7	1	3	1	3	1	1.2291445	1	8715.9345	8716.1345	8716.1345	8716.3345	8717.3637
1	24	1	2	392	3	6	7	2	5	2	7	1	0.9577009	2	8718.1589	8718.7589	8718.7589	8718.9589	8719.7166
1	24	1	2	393	3	6	7	3	6	2	8	1	0.64582549	3	8720.7835	8721.3835	8721.3835	8721.5835	8722.0293
1	24	1	2	394	3	6	7	4	6	1	8	1	0.64539764	4	8723.4075	8723.6075	8723.6075	8723.8075	8724.2529
1	24	1	2	395	3	6	7	5	2	2	2	1	0.80320874	5	8725.6318	8726.2318	8726.2318	8726.4318	8727.035
1	24	1	2	396	3	6	7	6	2	1	2	1	0.63869364	6	8728.2557	8728.4557	8728.4557	8728.6557	8729.0944
1	24	1	2	397	3	6	7	7	3	1	3	1	0.89116826	7	8730.48	8730.68	8730.68	8730.88	8731.5712
1	24	1	2	398	3	6	7	8	5	1	7	1	0.72385575	8	8732.7047	8732.9047	8732.9047	8733.1047	8733.6285
1	24	1	2	399	3	6	7	9	1	2	1	1	0.8348678	9	8734.9289	8735.5289	8735.5289	8735.7289	8736.3637
1	24	1	2	400	3	6	7	10	4	1	6	1	1.4595573	10	8737.5533	8737.7533	8737.7533	8737.9533	8739.2128
1	24	1	2	401	3	6	7	11	3	1	3	1	1.2487004	11	8739.7784	8739.9784	8739.9784	8740.1784	8741.2271
1	24	1	2	402	3	6	7	12	4	1	6	1	0.7200411	12	8742.0032	8742.2032	8742.2032	8742.4032	8742.9232
1	24	1	2	403	3	6	7	13	1	2	1	1	1.1304714	13	8744.2275	8744.8275	8744.8275	8745.0275	8745.958
1	24	1	2	404	3	6	7	14	4	1	6	1	1.0508392	14	8746.8518	8747.0518	8747.0518	8747.2518	8748.1026
1	24	1	2	405	3	6	7	15	5	1	7	1	0.68835514	15	8749.0752	8749.2752	8749.2752	8749.4752	8749.9636
1	24	1	2	406	3	6	7	16	5	1	7	1	0.70518021	16	8751.3002	8751.5002	8751.5002	8751.7002	8752.2053
1	24	1	2	407	3	6	7	17	3	1	3	1	1.3122083	17	8753.5248	8753.7248	8753.7248	8753.9248	8755.037
1	24	1	2	408	3	6	7	18	2	2	2	1	0.83192726	18	8755.7498	8756.3498	8756.3498	8756.5498	8757.1818
1	24	1	2	409	3	6	7	19	3	1	3	1	1.1504694	19	8758.3737	8758.5737	8758.5737	8758.7737	8759.7242
1	24	1	2	410	3	6	7	20	6	2	8	1	0.7984125	20	8760.5962	8761.1962	8761.1962	8761.3962	8761.9946
1	24	1	2	411	3	6	7	21	6	2	8	1	1.0578161	21	8763.2191	8763.8191	8763.8191	8764.0191	8764.8769
1	24	1	2	412	3	6	7	22	4	2	6	1	0.72036076	22	8765.8458	8766.4458	8766.4458	8766.6458	8767.1661
1	24	1	2	413	3	6	7	23	1	2	1	1	1.0756156	23	8768.4744	8769.0744	8769.0744	8769.2744	8770.15
1	24	1	2	414	3	6	7	24	2	1	2	1	0.65111784	24	8771.0991	8771.2991	8771.2991	8771.4991	8771.9503
1	24	1	2	415	3	6	7	25	6	2	8	1	0.8136881	25	8773.3245	8773.9245	8773.9245	8774.1245	8774.7382
1	24	1	2	416	3	6	7	26	4	2	6	1	0.81697304	26	8775.9493	8776.5493	8776.5493	8776.7493	8777.3663
1	24	1	2	417	3	6	7	27	1	2	3	0	0.99859635	26	8778.5719	8779.1719	8779.1719	8779.3719	8780.1705
1	24	1	2	418	3	6	7	28	1	1	1	1	0.77738929	27	8781.1967	8781.3968	8781.3968	8781.5968	8782.1741
1	24	1	2	419	3	6	7	29	5	2	7	1	0.94072097	28	8783.4221	8784.0221	8784.0221	8784.2221	8784.9628
1	24	1	2	420	3	6	7	30	2	2	2	1	1.1971142	29	8786.0476	8786.6476	8786.6476	8786.8476	8787.8447
1	24	1	2	421	3	2	8	1	3	1	4	1	0.78944955	1	8816.7433	8816.9433	8816.9433	8817.1433	8817.7327
1	24	1	2	422	3	2	8	2	3	2	4	1	0.70629353	2	8818.9687	8819.5687	8819.5687	8819.7687	8820.275
1	24	1	2	423	3	2	8	3	1	2	4	1	0.68003812	3	8821.5913	8822.1913	8822.1913	8822.3913	8822.8713
1	24	1	2	424	3	2	8	4	5	1	5	1	0.60908715	4	8824.2186	8824.4186	8824.4186	8824.6186	8825.0277
1	24	1	2	425	3	2	8	5	4	2	5	1	0.68783229	5	8826.4437	8827.0437	8827.0437	8827.2437	8827.7315
1	24	1	2	426	3	2	8	6	6	1	5	1	0.77331786	6	8829.0698	8829.2698	8829.2698	8829.4698	8830.0431
1	24	1	2	427	3	2	8	7	6	1	5	1	0.68789776	7	8831.2955	8831.4955	8831.4955	8831.6955	8832.1834
1	24	1	2	428	3	2	8	8	2	1	4	1	0.57816389	8	8833.5211	8833.7211	8833.7211	8833.9212	8834.2993
1	24	1	2	429	3	2	8	9	4	2	5	1	0.63267187	9	8835.7464	8836.3464	8836.3464	8836.5464	8836.9791
1	24	1	2	430	3	2	8	10	1	1	4	1	0.84134653	10	8838.3727	8838.5727	8838.5727	8838.7727	8839.4141
1	24	1	2	431	3	2	8	11	3	1	4	1	0.51568423	11	8840.5986	8840.7986	8840.7986	8840.9987	8841.3143
1	24	1	2	432	3	2	8	12	4	1	5	1	0.5989316	12	8842.8212	8843.0212	8843.0212	8843.2212	8843.6201
1	24	1	2	433	3	2	8	13	5	2	5	1	0.55129481	13	8845.0525	8845.6526	8845.6526	8845.8526	8846.2038
1	24	1	2	434	3	2	8	14	1	1	4	1	0.7254935	14	8847.6787	8847.8788	8847.8788	8848.0788	8848.6043
1	24	1	2	435	3	2	8	15	5	1	5	1	0.69836599	15	8849.9046	8850.1046	8850.1047	8850.3047	8850.803
1	24	1	2	436	3	2	8	16	2	1	4	1	0.69077041	16	8852.1317	8852.3317	8852.3317	8852.5317	8853.0225
1	24	1	2	437	3	2	8	17	4	1	5	1	0.68884749	17	8854.3556	8854.5556	8854.5556	8854.7556	8855.2445
1	24	1	2	438	3	2	8	18	5	2	5	1	0.47892578	18	8856.5819	8857.1819	8857.1819	8857.3819	8857.6609
1	24	1	2	439	3	2	8	19	6	1	5	1	0.45918043	19	8859.2084	8859.4084	8859.4084	8859.6084	8859.8676
1	24	1	2	440	3	2	8	20	4	2	5	1	0.39641783	20	8861.434	8862.034	8862.034	8862.234	8862.4304
1	24	1	2	441	3	2	8	21	5	2	5	1	0.45302182	21	8864.0563	8864.6563	8864.6563	8864.8563	8865.1093
1	24	1	2	442	3	2	8	22	2	2	4	1	0.59173784	22	8866.6845	8867.2845	8867.2845	8867.4845	8867.8762
1	24	1	2	443	3	2	8	23	6	2	5	1	0.51821902	23	8869.3105	8869.9105	8869.9105	8870.1105	8870.4287
1	24	1	2	444	3	2	8	24	6	1	5	1	0.506917	24	8871.9367	8872.1367	8872.1368	8872.3368	8872.6437
1	24	1	2	445	3	2	8	25	2	2	4	1	0.54377532	25	8874.1631	8874.7631	8874.7631	8874.9631	8875.3069
1	24	1	2	446	3	2	8	26	3	2	4	1	0.3764678	26	8876.7897	8877.3897	8877.3897	8877.5897	8877.7661
1	24	1	2	447	3	2	8	27	2	2	4	1	0.47511957	27	8879.4167	8880.0167	8880.0167	8880.2167	8880.4918
1	24	1	2	448	3	2	8	28	1	1	5	0	1.1520099	27	8882.0446	8882.2446	8882.2446	8882.4446	8883.3966
1	24	1	2	449	3	2	8	29	1	2	4	1	0.57564441	28	8884.2773	8884.8773	8884.8773	8885.0773	8885.453
1	24	1	2	450	3	2	8	30	3	2	4	1	0.48503865	29	8886.9018	8887.5018	8887.5018	8887.7018	8887.9869
1	24	1	2	451	3	6	8	1	1	1	1	1	0.88983308	1	8917.5937	8917.7937	8917.7937	8917.9937	8918.6835
1	24	1	2	452	3	6	8	2	2	2	2	1	0.60690381	2	8919.8216	8920.4216	8920.4216	8920.6216	8921.0285
1	24	1	2	453	3	6	8	3	2	2	2	1	0.92516007	3	8922.4457	8923.0457	8923.0457	8923.2457	8923.9709
1	24	1	2	454	3	6	8	4	4	1	6	1	0.97722801	4	8925.0698	8925.2698	8925.2698	8925.4698	8926.247
1	24	1	2	455	3	6	8	5	6	2	8	1	0.7805969	5	8927.2967	8927.8967	8927.8967	8928.0967	8928.6773
1	24	1	2	456	3	6	8	6	1	1	1	1	0.84203416	6	8929.9212	8930.1212	8930.1212	8930.3212	8930.9632
1	24	1	2	457	3	6	8	7	3	1	3	1	1.1743843	7	8932.1478	8932.3478	8932.3478	8932.5478	8933.5222
1	24	1	2	458	3	6	8	8	5	1	7	1	0.86676242	8	8934.3755	8934.5755	8934.5755	8934.7755	8935.4423
1	24	1	2	459	3	6	8	9	2	2	2	1	0.84815941	9	8936.6027	8937.2027	8937.2027	8937.4027	8938.0509
1	24	1	2	460	3	6	8	10	2	1	2	1	1.2877622	10	8939.23	8939.43	8939.43	8939.63	8940.7178
1	24	1	2	461	3	6	8	11	5	1	7	1	0.94611569	11	8941.4568	8941.6568	8941.6568	8941.8568	8942.6029
1	24	1	2	462	3	6	8	12	5	1	7	1	0.77894972	12	8943.6853	8943.8853	8943.8853	8944.0853	8944.6642
1	24	1	2	463	3	6	8	13	4	2	6	1	1.1387092	13	8945.9121	8946.5121	8946.5121	8946.7121	8947.6508
1	24	1	2	464	3	6	8	14	3	1	3	1	0.72639336	14	8948.539	8948.739	8948.739	8948.939	8949.4654
1	24	1	2	465	3	6	8	15	6	1	8	1	0.87104319	15	8950.7664	8950.9664	8950.9664	8951.1664	8951.8374
1	24	1	2	466	3	6	8	16	3	1	3	1	1.2242341	16	8952.9909	8953.1909	8953.1909	8953.3909	8954.4151
1	24	1	2	467	3	6	8	17	4	1	6	1	0.85453602	17	8955.2187	8955.4187	8955.4187	8955.6187	8956.2732
1	24	1	2	468	3	6	8	18	2	2	2	1	0.81560299	18	8957.4468	8958.0468	8958.0468	8958.2468	8958.8624
1	24	1	2	469	3	6	8	19	4	1	6	1	1.30293	19	8960.0717	8960.2717	8960.2717	8960.4718	8961.5747
1	24	1	2	470	3	6	8	20	5	2	3	0	1.8119803	19	8962.2986	8962.8986	8962.8986	8963.0986	8964.7105
1	24	1	2	471	3	6	8	21	1	2	1	1	1.0801286	20	8964.9258	8965.5258	8965.5258	8965.7258	8966.6059
1	24	1	2	472	3	6	8	22	1	2	1	1	0.78817333	21	8967.5509	8968.1509	8968.1509	8968.3509	8968.9391
1	24	1	2	473	3	6	8	23	6	2	8	1	0.73825201	22	8970.1785	8970.7785	8970.7785	8970.9785	8971.5168
1	24	1	2	474	3	6	8	24	1	1	1	1	0.83266321	23	8972.806	8973.006	8973.006	8973.206	8973.8387
1	24	1	2	475	3	6	8	25	4	2	6	1	0.81676258	24	8975.0345	8975.6345	8975.6345	8975.8345	8976.4513
1	24	1	2	476	3	6	8	26	3	2	3	1	1.4578692	25	8977.6627	8978.2627	8978.2627	8978.4627	8979.7205
1	24	1	2	477	3	6	8	27	5	2	7	1	0.69046831	26	8980.289	8980.889	8980.889	8981.089	8981.5795
1	24	1	2	478	3	6	8	28	3	1	3	1	0.76918575	27	8982.9171	8983.1171	8983.1171	8983.3171	8983.8863
1	24	1	2	479	3	6	8	29	6	2	8	1	0.74572571	28	8985.1476	8985.7476	8985.7476	8985.9476	8986.4934
1	24	1	2	480	3	6	8	30	6	2	8	1	0.69269047	29	8987.7753	8988.3753	8988.3753	8988.5753	8989.068
1	24	1	2	481	3	2	9	1	5	1	5	1	1.1147335	1	9018.4724	9018.6724	9018.6724	9018.8724	9019.7872
1	24	1	2	482	3	2	9	2	3	2	4	1	0.54940168	2	9020.7014	9021.3014	9021.3014	9021.5015	9021.8508
1	24	1	2	483	3	2	9	3	1	2	4	1	0.57914188	3	9023.3298	9023.9298	9023.9298	9024.1298	9024.5089
1	24	1	2	484	3	2	9	4	3	1	4	1	0.66369949	4	9025.9545	9026.1545	9026.1545	9026.3545	9026.8182
1	24	1	2	485	3	2	9	5	3	2	4	1	0.55728058	5	9028.1831	9028.7831	9028.7831	9028.9831	9029.3404
1	24	1	2	486	3	2	9	6	6	1	5	1	0.57576935	6	9030.8123	9031.0123	9031.0123	9031.2123	9031.588
1	24	1	2	487	3	2	9	7	6	1	5	1	0.701976	7	9033.04	9033.24	9033.24	9033.44	9033.942
1	24	1	2	488	3	2	9	8	4	1	5	1	0.6400761	8	9035.2659	9035.4659	9035.4659	9035.6659	9036.106
1	24	1	2	489	3	2	9	9	4	2	5	1	0.54287939	9	9037.4936	9038.0936	9038.0936	9038.2936	9038.6365
1	24	1	2	490	3	2	9	10	2	1	4	1	0.73829786	10	9040.1224	9040.3224	9040.3224	9040.5224	9041.0607
1	24	1	2	491	3	2	9	11	2	1	4	1	0.60649466	11	9042.3484	9042.5484	9042.5484	9042.7484	9043.1549
1	24	1	2	492	3	2	9	12	1	1	4	1	0.60694369	12	9044.5756	9044.7756	9044.7756	9044.9756	9045.3826
1	24	1	2	493	3	2	9	13	5	2	5	1	0.76442743	13	9046.8053	9047.4053	9047.4054	9047.6054	9048.1698
1	24	1	2	494	3	2	9	14	3	1	4	1	0.80942868	14	9049.4689	9049.6689	9049.6689	9049.8689	9050.4783
1	24	1	2	495	3	2	9	15	4	1	5	1	0.66182228	15	9051.7013	9051.9013	9051.9013	9052.1013	9052.5632
1	24	1	2	496	3	2	9	16	5	1	5	1	0.68307944	16	9053.9302	9054.1303	9054.1303	9054.3303	9054.8133
1	24	1	2	497	3	2	9	17	1	1	4	1	0.89167019	17	9056.159	9056.359	9056.359	9056.559	9057.2507
1	24	1	2	498	3	2	9	18	1	2	4	1	0.70300767	18	9058.3875	9058.9875	9058.9875	9059.1875	9059.6905
1	24	1	2	499	3	2	9	19	6	1	5	1	0.72054538	19	9061.019	9061.219	9061.219	9061.419	9061.9395
1	24	1	2	500	3	2	9	20	5	2	5	1	0.75484976	20	9063.2474	9063.8474	9063.8474	9064.0475	9064.6023
1	24	1	2	501	3	2	9	21	2	2	4	1	0.92627915	21	9065.877	9066.477	9066.477	9066.677	9067.4033
1	24	1	2	502	3	2	9	22	2	2	4	1	0.74815881	22	9068.5036	9069.1036	9069.1036	9069.3036	9069.8517
1	24	1	2	503	3	2	9	23	1	2	4	1	0.52928417	23	9071.136	9071.736	9071.736	9071.936	9072.2653
1	24	1	2	504	3	2	9	24	3	1	4	1	0.51978091	24	9073.7642	9073.9642	9073.9642	9074.1642	9074.484
1	24	1	2	505	3	2	9	25	2	2	4	1	0.65467371	25	9075.9968	9076.5968	9076.5968	9076.7968	9077.2515
1	24	1	2	506	3	2	9	26	6	2	5	1	0.77925913	26	9078.6249	9079.2249	9079.2249	9079.4249	9080.0042
1	24	1	2	507	3	2	9	27	4	2	5	1	0.54235263	27	9081.251	9081.851	9081.851	9082.051	9082.3933
1	24	1	2	508	3	2	9	28	4	1	5	1	0.5044111	28	9083.8837	9084.0837	9084.0838	9084.2838	9084.5882
1	24	1	2	509	3	2	9	29	5	2	5	1	0.68475075	29	9086.1096	9086.7096	9086.7096	9086.9096	9087.3943
1	24	1	2	510	3	2	9	30	6	2	5	1	0.70390651	30	9088.7384	9089.3384	9089.3384	9089.5384	9090.0423
1	24	1	2	511	3	6	9	1	6	1	8	1	0.75789929	1	9119.4322	9119.6322	9119.6322	9119.8322	9120.3901
1	24	1	2	512	3	6	9	2	3	2	3	1	1.5668251	2	9121.6621	9122.2621	9122.2621	9122.4621	9123.8289
1	24	1	2	513	3	6	9	3	1	2	1	1	0.77850426	3	9124.291	9124.891	9124.891	9125.091	9125.6695
1	24	1	2	514	3	6	9	4	5	1	7	1	0.97090255	4	9126.9209	9127.1209	9127.121	9127.321	9128.0919
1	24	1	2	515	3	6	9	5	1	2	1	1	0.95348704	5	9129.1498	9129.7498	9129.7498	9129.9498	9130.7033
1	24	1	2	516	3	6	9	6	4	1	6	1	0.75428423	6	9131.779	9131.979	9131.979	9132.179	9132.7333
1	24	1	2	517	3	6	9	7	3	1	3	1	0.75221095	7	9134.0087	9134.2087	9134.2087	9134.4087	9134.9609
1	24	1	2	518	3	6	9	8	5	1	7	1	0.76059662	8	9136.2354	9136.4354	9136.4354	9136.6354	9137.196
1	24	1	2	519	3	6	9	9	6	2	8	1	0.6133273	9	9138.4652	9139.0652	9139.0652	9139.2652	9139.6785
1	24	1	2	520	3	6	9	10	4	1	6	1	0.73188283	10	9141.0958	9141.2958	9141.2958	9141.4958	9142.0277
1	24	1	2	521	3	6	9	11	3	1	3	1	1.3251159	11	9143.3259	9143.5259	9143.5259	9143.7259	9144.851
1	24	1	2	522	3	6	9	12	3	1	3	1	0.69280526	12	9145.5682	9145.7682	9145.7682	9145.9682	9146.461
1	24	1	2	523	3	6	9	13	5	2	7	1	0.83949163	13	9147.7975	9148.3975	9148.3975	9148.5975	9149.237
1	24	1	2	524	3	6	9	14	2	1	2	1	0.75491184	14	9150.4276	9150.6276	9150.6276	9150.8276	9151.3825
1	24	1	2	525	3	6	9	15	2	1	2	1	0.64036483	15	9152.658	9152.858	9152.858	9153.058	9153.4984
1	24	1	2	526	3	6	9	16	4	1	6	1	0.68271991	16	9154.8919	9155.0919	9155.0919	9155.2919	9155.7746
1	24	1	2	527	3	6	9	17	6	1	8	1	0.73854109	17	9157.1224	9157.3224	9157.3224	9157.5224	9158.061
1	24	1	2	528	3	6	9	18	1	2	1	1	0.91398603	18	9159.3548	9159.9548	9159.9548	9160.1548	9160.8688
1	24	1	2	529	3	6	9	19	2	1	2	1	0.84417548	19	9161.9845	9162.1845	9162.1845	9162.3845	9163.0287
1	24	1	2	530	3	6	9	20	2	2	2	1	0.54092817	20	9164.2139	9164.8139	9164.8139	9165.0139	9165.3548
1	24	1	2	531	3	6	9	21	6	2	8	1	0.68053035	21	9166.8437	9167.4437	9167.4437	9167.6437	9168.1243
1	24	1	2	532	3	6	9	22	1	2	1	1	0.83980719	22	9169.4707	9170.0707	9170.0707	9170.2707	9170.9105
1	24	1	2	533	3	6	9	23	3	2	3	1	1.3629096	23	9172.0992	9172.6992	9172.6992	9172.8992	9174.0621
1	24	1	2	534	3	6	9	24	5	1	7	1	1.635679	24	9174.7291	9174.9291	9174.9291	9175.1291	9176.5648
1	24	1	2	535	3	6	9	25	1	2	1	1	0.67093209	25	9176.9589	9177.5589	9177.5589	9177.7589	9178.2298
1	24	1	2	536	3	6	9	26	2	2	2	1	0.71020599	26	9179.5894	9180.1894	9180.1894	9180.3894	9180.8996
1	24	1	2	537	3	6	9	27	4	2	6	1	0.96966509	27	9182.2199	9182.8199	9182.8199	9183.0199	9183.7896
1	24	1	2	538	3	6	9	28	6	1	8	1	0.76608805	28	9184.8521	9185.0521	9185.0521	9185.2521	9185.8182
1	24	1	2	539	3	6	9	29	4	2	6	1	0.78093024	29	9187.0794	9187.6794	9187.6794	9187.8794	9188.4604
1	24	1	2	540	3	6	9	30	5	2	7	1	0.89780711	30	9189.7071	9190.3071	9190.3071	9190.5071	9191.2049
1	24	1	2	541	4	2	10	1	6	1	5	1	0.7224661	1	9710.2581	9710.4581	9710.4581	9710.6581	9711.1806
1	24	1	2	542	4	2	10	2	5	2	5	1	0.53024744	2	9712.4884	9713.0884	9713.0884	9713.2885	9713.6187
1	24	1	2	543	4	2	10	3	4	2	5	1	0.49526804	3	9715.1185	9715.7185	9715.7185	9715.9185	9716.2138
1	24	1	2	544	4	2	10	4	6	1	5	1	0.54732187	4	9717.7458	9717.9459	9717.9459	9718.1459	9718.4932
1	24	1	2	545	4	2	10	5	3	2	4	1	0.63475059	5	9719.9764	9720.5764	9720.5764	9720.7764	9721.2111
1	24	1	2	546	4	2	10	6	4	1	5	1	0.61714186	6	9722.6069	9722.807	9722.807	9723.007	9723.4241
1	24	1	2	547	4	2	10	7	3	1	4	1	0.69725225	7	9724.8341	9725.0341	9725.0341	9725.2341	9725.7314
1	24	1	2	548	4	2	10	8	6	1	5	1	0.64663909	8	9727.0641	9727.2641	9727.2641	9727.4641	9727.9107
1	24	1	2	549	4	2	10	9	6	2	5	1	0.49022947	9	9729.2948	9729.8948	9729.8948	9730.0948	9730.385
1	24	1	2	550	4	2	10	10	1	1	4	1	0.48759896	10	9731.9249	9732.1249	9732.1249	9732.3249	9732.6125
1	24	1	2	551	4	2	10	11	5	1	5	1	0.67417682	11	9734.1559	9734.3559	9734.3559	9734.5559	9735.0301
1	24	1	2	552	4	2	10	12	2	1	4	1	0.55306765	12	9736.3866	9736.5866	9736.5866	9736.7866	9737.1397
1	24	1	2	553	4	2	10	13	4	2	5	1	0.75321377	13	9738.6184	9739.2184	9739.2184	9739.4184	9739.9716
1	24	1	2	554	4	2	10	14	5	1	5	1	0.53834894	14	9741.2494	9741.4495	9741.4495	9741.6495	9741.9878
1	24	1	2	555	4	2	10	15	2	1	4	1	0.71539367	15	9743.4799	9743.6799	9743.68	9743.88	9744.3953
1	24	1	2	556	4	2	10	16	2	1	4	1	0.61411041	16	9745.7115	9745.9115	9745.9115	9746.1115	9746.5256
1	24	1	2	557	4	2	10	17	4	1	5	1	0.61330926	17	9747.9434	9748.1434	9748.1434	9748.3434	9748.7567
1	24	1	2	558	4	2	10	18	2	2	4	1	0.70954677	18	9750.175	9750.775	9750.775	9750.975	9751.4845
1	24	1	2	559	4	2	10	19	3	1	4	1	0.61998496	19	9752.8065	9753.0065	9753.0065	9753.2065	9753.6265
1	24	1	2	560	4	2	10	20	2	2	4	1	0.67115701	20	9755.0383	9755.6383	9755.6383	9755.8383	9756.3094
1	24	1	2	561	4	2	10	21	5	2	5	1	0.63326744	21	9757.6754	9758.2754	9758.2754	9758.4754	9758.9087
1	24	1	2	562	4	2	10	22	1	2	4	1	0.55254874	22	9760.3071	9760.9071	9760.9071	9761.1071	9761.4596
1	24	1	2	563	4	2	10	23	3	2	4	1	0.52245066	23	9762.9381	9763.5381	9763.5381	9763.7381	9764.0606
1	24	1	2	564	4	2	10	24	6	1	5	1	0.63693548	24	9765.5693	9765.7693	9765.7693	9765.9694	9766.4063
1	24	1	2	565	4	2	10	25	1	2	4	1	0.59422249	25	9767.8019	9768.4019	9768.4019	9768.6019	9768.9961
1	24	1	2	566	4	2	10	26	5	2	5	1	0.6840419	26	9770.4326	9771.0326	9771.0326	9771.2326	9771.7166
1	24	1	2	567	4	2	10	27	4	2	5	1	0.51865782	27	9773.064	9773.664	9773.664	9773.864	9774.1826
1	24	1	2	568	4	2	10	28	1	1	4	1	0.71695298	28	9775.6955	9775.8955	9775.8955	9776.0955	9776.6125
1	24	1	2	569	4	2	10	29	1	2	4	1	0.72471818	29	9777.9262	9778.5262	9778.5262	9778.7262	9779.2509
1	24	1	2	570	4	2	10	30	3	2	4	1	0.57544952	30	9780.5548	9781.1548	9781.1548	9781.3548	9781.7303
1	24	1	2	571	4	6	10	1	1	1	1	1	0.69721184	1	9811.2587	9811.4587	9811.4587	9811.6587	9812.1559
1	24	1	2	572	4	6	10	2	5	2	7	1	0.9231429	2	9813.4908	9814.0908	9814.0908	9814.2908	9815.0139
1	24	1	2	573	4	6	10	3	5	2	7	1	0.61711355	3	9816.1221	9816.7221	9816.7221	9816.9221	9817.3392
1	24	1	2	574	4	6	10	4	2	1	2	1	0.82091856	4	9818.7502	9818.9502	9818.9502	9819.1502	9819.7711
1	24	1	2	575	4	6	10	5	4	2	6	1	1.0168217	5	9820.9818	9821.5818	9821.5818	9821.7818	9822.5986
1	24	1	2	576	4	6	10	6	2	1	2	1	0.84886828	6	9823.6137	9823.8137	9823.8138	9824.0138	9824.6626
1	24	1	2	577	4	6	10	7	3	1	3	1	1.008431	7	9825.8461	9826.0461	9826.0461	9826.2461	9827.0545
1	24	1	2	578	4	6	10	8	1	1	1	1	0.76088483	8	9828.0777	9828.2777	9828.2777	9828.4777	9829.0386
1	24	1	2	579	4	6	10	9	5	2	7	1	0.70270371	9	9830.3102	9830.9102	9830.9102	9831.1102	9831.6129
1	24	1	2	580	4	6	10	10	2	1	2	1	0.72021243	10	9832.942	9833.142	9833.142	9833.342	9833.8622
1	24	1	2	581	4	6	10	11	5	1	7	1	0.49795241	11	9835.1738	9835.3738	9835.3738	9835.5738	9835.8717
1	24	1	2	582	4	6	10	12	6	1	8	1	0.95943039	12	9837.4068	9837.6068	9837.6068	9837.8068	9838.5663
1	24	1	2	583	4	6	10	13	4	2	6	1	0.51518755	13	9839.6392	9840.2392	9840.2392	9840.4392	9840.7544
1	24	1	2	584	4	6	10	14	3	1	3	1	0.58308852	14	9842.2712	9842.4712	9842.4712	9842.6712	9843.0543
1	24	1	2	585	4	6	10	15	1	1	1	1	0.72512633	15	9844.5008	9844.7008	9844.7008	9844.9008	9845.4259
1	24	1	2	586	4	6	10	16	3	1	3	1	1.3168844	16	9846.7335	9846.9335	9846.9335	9847.1335	9848.2504
1	24	1	2	587	4	6	10	17	6	1	8	1	0.7452778	17	9848.9654	9849.1654	9849.1654	9849.3654	9849.9107
1	24	1	2	588	4	6	10	18	6	2	8	1	0.69270333	18	9851.2015	9851.8016	9851.8016	9852.0016	9852.4943
1	24	1	2	589	4	6	10	19	2	1	2	1	0.8364594	19	9853.834	9854.034	9854.0341	9854.2341	9854.8705
1	24	1	2	590	4	6	10	20	4	2	6	1	0.77685248	20	9856.0658	9856.6658	9856.6658	9856.8658	9857.4426
1	24	1	2	591	4	6	10	21	5	2	7	1	0.71801909	21	9858.7003	9859.3003	9859.3003	9859.5003	9860.0183
1	24	1	2	592	4	6	10	22	4	2	6	1	0.86552762	22	9861.3331	9861.9331	9861.9331	9862.1331	9862.7986
1	24	1	2	593	4	6	10	23	4	2	6	1	0.52812508	23	9863.9653	9864.5653	9864.5653	9864.7653	9865.0934
1	24	1	2	594	4	6	10	24	3	1	3	1	0.73502579	24	9866.596	9866.796	9866.796	9866.996	9867.531
1	24	1	2	595	4	6	10	25	1	2	1	1	0.726721	25	9868.8282	9869.4282	9869.4282	9869.6282	9870.1549
1	24	1	2	596	4	6	10	26	6	2	8	1	0.79220537	26	9871.4611	9872.0611	9872.0611	9872.2611	9872.8533
1	24	1	2	597	4	6	10	27	3	2	3	1	0.80867384	27	9874.099	9874.699	9874.699	9874.899	9875.5077
1	24	1	2	598	4	6	10	28	1	1	1	1	0.81691207	28	9876.7318	9876.9318	9876.9318	9877.1318	9877.7487
1	24	1	2	599	4	6	10	29	6	2	8	1	1.1603459	29	9878.9647	9879.5647	9879.5647	9879.7647	9880.7251
1	24	1	2	600	4	6	10	30	2	2	2	1	0.80152029	30	9881.5957	9882.1957	9882.1957	9882.3957	9882.9972
1	24	1	2	601	4	2	11	1	2	1	4	1	0.61021145	1	9912.2978	9912.4979	9912.4979	9912.6979	9913.1081
1	24	1	2	602	4	2	11	2	4	2	5	1	0.64500868	2	9914.5282	9915.1282	9915.1282	9915.3282	9915.7733
1	24	1	2	603	4	2	11	3	5	2	5	1	0.53215067	3	9917.1613	9917.7613	9917.7613	9917.9613	9918.2934
1	24	1	2	604	4	2	11	4	6	1	5	1	0.46147369	4	9919.798	9919.998	9919.998	9920.198	9920.4595
1	24	1	2	605	4	2	11	5	1	2	4	1	0.64252351	5	9922.0301	9922.6301	9922.6301	9922.8301	9923.2726
1	24	1	2	606	4	2	11	6	2	1	4	1	0.60656528	6	9924.6629	9924.8629	9924.8629	9925.0629	9925.4695
1	24	1	2	607	4	2	11	7	6	1	5	1	0.62353984	7	9926.8951	9927.0951	9927.0951	9927.2951	9927.7186
1	24	1	2	608	4	2	11	8	1	1	4	1	0.72584213	8	9929.1282	9929.3283	9929.3283	9929.5283	9930.0541
1	24	1	2	609	4	2	11	9	6	2	5	1	0.63230251	9	9931.3622	9931.9622	9931.9622	9932.1622	9932.5945
1	24	1	2	610	4	2	11	10	5	1	5	1	0.59963854	10	9933.9966	9934.1966	9934.1966	9934.3966	9934.7962
1	24	1	2	611	4	2	11	11	4	1	5	1	0.5486678	11	9936.2303	9936.4303	9936.4303	9936.6303	9936.979
1	24	1	2	612	4	2	11	12	4	1	5	1	0.49929107	12	9938.4637	9938.6637	9938.6637	9938.8637	9939.163
1	24	1	2	613	4	2	11	13	6	2	5	1	0.56988542	13	9940.6972	9941.2972	9941.2972	9941.4972	9941.8671
1	24	1	2	614	4	2	11	14	5	1	5	1	0.56006229	14	9943.3309	9943.5309	9943.5309	9943.7309	9944.0909
1	24	1	2	615	4	2	11	15	1	1	4	1	0.66978364	15	9945.5678	9945.7678	9945.7679	9945.9679	9946.4376
1	24	1	2	616	4	2	11	16	1	1	4	1	0.90722106	16	9947.8027	9948.0027	9948.0027	9948.2027	9948.9099
1	24	1	2	617	4	2	11	17	2	1	4	1	0.74424519	17	9950.0361	9950.2361	9950.2361	9950.4361	9950.9803
1	24	1	2	618	4	2	11	18	4	2	5	1	0.58264161	18	9952.2692	9952.8692	9952.8692	9953.0693	9953.4519
1	24	1	2	619	4	2	11	19	2	1	4	1	0.69932057	19	9954.903	9955.103	9955.103	9955.3031	9955.8024
1	24	1	2	620	4	2	11	20	2	2	4	1	0.81617228	20	9957.1363	9957.7363	9957.7363	9957.9363	9958.5525
1	24	1	2	621	4	2	11	21	5	2	5	1	0.50434525	21	9959.7703	9960.3703	9960.3703	9960.5703	9960.8746
1	24	1	2	622	4	2	11	22	3	2	4	1	0.71761969	22	9962.4041	9963.0041	9963.0041	9963.2041	9963.7217
1	24	1	2	623	4	2	11	23	3	2	4	1	0.76703809	23	9965.0383	9965.6383	9965.6383	9965.8383	9966.4053
1	24	1	2	624	4	2	11	24	3	1	4	1	0.70434703	24	9967.6729	9967.8729	9967.8729	9968.0729	9968.5772
1	24	1	2	625	4	2	11	25	3	2	4	1	0.48534037	25	9969.9031	9970.5032	9970.5032	9970.7032	9970.9885
1	24	1	2	626	4	2	11	26	6	2	5	1	0.57718498	26	9972.5332	9973.1332	9973.1332	9973.3332	9973.7104
1	24	1	2	627	4	2	11	27	1	2	4	1	0.60559282	27	9975.1668	9975.7668	9975.7668	9975.9668	9976.3724
1	24	1	2	628	4	2	11	28	4	1	5	1	0.6687787	28	9977.8005	9978.0005	9978.0005	9978.2005	9978.6693
1	24	1	2	629	4	2	11	29	3	2	4	1	0.6984906	29	9980.0338	9980.6338	9980.6338	9980.8338	9981.3323
1	24	1	2	630	4	2	11	30	5	2	5	1	0.5859331	30	9982.6668	9983.2668	9983.2668	9983.4668	9983.8528
1	24	1	2	631	4	6	11	1	6	1	8	1	0.77253477	1	10013.369	10013.569	10013.569	10013.769	10014.341
1	24	1	2	632	4	6	11	2	5	2	7	1	0.74476234	2	10015.603	10016.203	10016.203	10016.403	10016.947
1	24	1	2	633	4	6	11	3	1	2	1	1	0.86407173	3	10018.237	10018.837	10018.837	10019.037	10019.701
1	24	1	2	634	4	6	11	4	2	1	2	1	0.77261748	4	10020.871	10021.071	10021.071	10021.271	10021.843
1	24	1	2	635	4	6	11	5	6	2	8	1	0.75453261	5	10023.105	10023.705	10023.705	10023.905	10024.46
1	24	1	2	636	4	6	11	6	2	1	2	1	0.78977889	6	10025.736	10025.936	10025.936	10026.136	10026.726
1	24	1	2	637	4	6	11	7	3	1	3	1	0.95574602	7	10027.97	10028.17	10028.17	10028.37	10029.126
1	24	1	2	638	4	6	11	8	4	1	6	1	0.65615128	8	10030.205	10030.405	10030.405	10030.605	10031.061
1	24	1	2	639	4	6	11	9	1	2	1	1	0.76441128	9	10032.438	10033.038	10033.038	10033.238	10033.802
1	24	1	2	640	4	6	11	10	1	1	1	1	0.75510023	10	10035.072	10035.272	10035.272	10035.472	10036.027
1	24	1	2	641	4	6	11	11	2	1	2	1	0.52841908	11	10037.307	10037.507	10037.507	10037.707	10038.035
1	24	1	2	642	4	6	11	12	3	1	3	1	1.0297813	12	10039.541	10039.741	10039.741	10039.941	10040.771
1	24	1	2	643	4	6	11	13	3	2	3	1	0.70922021	13	10041.773	10042.373	10042.373	10042.573	10043.082
1	24	1	2	644	4	6	11	14	4	1	6	1	0.78122925	14	10044.406	10044.606	10044.606	10044.806	10045.387
1	24	1	2	645	4	6	11	15	4	1	6	1	0.94169673	15	10046.684	10046.884	10046.884	10047.084	10047.826
1	24	1	2	646	4	6	11	16	6	1	6	0	0.43584373	15	10048.921	10049.121	10049.121	10049.321	10049.557
1	24	1	2	647	4	6	11	17	5	1	7	1	0.63488867	16	10051.155	10051.355	10051.355	10051.555	10051.99
1	24	1	2	648	4	6	11	18	5	2	7	1	0.65142532	17	10053.394	10053.994	10053.994	10054.194	10054.645
1	24	1	2	649	4	6	11	19	4	1	6	1	0.72676095	18	10056.029	10056.229	10056.229	10056.429	10056.956
1	24	1	2	650	4	6	11	20	5	2	7	1	0.57499342	19	10058.27	10058.87	10058.87	10059.07	10059.445
1	24	1	2	651	4	6	11	21	6	2	8	1	0.49642276	20	10060.902	10061.502	10061.502	10061.702	10061.998
1	24	1	2	652	4	6	11	22	1	2	1	1	0.77749836	21	10063.537	10064.137	10064.137	10064.337	10064.915
1	24	1	2	653	4	6	11	23	3	2	3	1	0.78219565	22	10066.172	10066.772	10066.772	10066.972	10067.555
1	24	1	2	654	4	6	11	24	4	1	6	1	0.62823457	23	10068.807	10069.007	10069.007	10069.207	10069.635
1	24	1	2	655	4	6	11	25	1	2	1	1	0.84185336	24	10071.042	10071.642	10071.642	10071.842	10072.484
1	24	1	2	656	4	6	11	26	2	2	2	1	0.82138083	25	10073.719	10074.319	10074.319	10074.519	10075.14
1	24	1	2	657	4	6	11	27	5	2	7	1	0.99558714	26	10076.351	10076.951	10076.951	10077.151	10077.947
1	24	1	2	658	4	6	11	28	6	1	8	1	0.71387385	27	10078.986	10079.186	10079.186	10079.386	10079.9
1	24	1	2	659	4	6	11	29	2	2	2	1	0.72889575	28	10081.228	10081.828	10081.828	10082.028	10082.557
1	24	1	2	660	4	6	11	30	3	2	3	1	1.0121513	29	10083.865	10084.465	10084.465	10084.665	10085.477
1	24	1	2	661	4	2	12	1	5	1	5	1	0.58195946	1	10114.568	10114.768	10114.768	10114.968	10115.35
1	24	1	2	662	4	2	12	2	3	2	4	1	0.71543057	2	10116.807	10117.407	10117.407	10117.607	10118.123
1	24	1	2	663	4	2	12	3	2	2	4	1	0.76260617	3	10119.442	10120.042	10120.042	10120.242	10120.805
1	24	1	2	664	4	2	12	4	6	1	5	1	0.67420317	4	10122.076	10122.276	10122.276	10122.476	10122.95
1	24	1	2	665	4	2	12	5	4	2	5	1	0.51840353	5	10124.317	10124.917	10124.917	10125.117	10125.435
1	24	1	2	666	4	2	12	6	5	1	5	1	0.51898319	6	10126.952	10127.152	10127.152	10127.352	10127.671
1	24	1	2	667	4	2	12	7	1	1	4	1	0.77179769	7	10129.184	10129.384	10129.384	10129.584	10130.156
1	24	1	2	668	4	2	12	8	4	1	5	1	0.61755608	8	10131.421	10131.621	10131.621	10131.821	10132.238
1	24	1	2	669	4	2	12	9	2	2	4	1	0.57044105	9	10133.656	10134.256	10134.256	10134.456	10134.827
1	24	1	2	670	4	2	12	10	6	1	5	1	0.64394065	10	10136.292	10136.492	10136.492	10136.692	10137.136
1	24	1	2	671	4	2	12	11	1	1	5	0	0.95112475	10	10138.527	10138.727	10138.727	10138.927	10139.678
1	24	1	2	672	4	2	12	12	3	1	4	1	0.55925358	11	10140.763	10140.963	10140.963	10141.163	10141.523
1	24	1	2	673	4	2	12	13	1	2	4	1	0.6353698	12	10143	10143.6	10143.6	10143.8	10144.235
1	24	1	2	674	4	2	12	14	5	1	5	1	0.6716251	13	10145.636	10145.836	10145.836	10146.036	10146.507
1	24	1	2	675	4	2	12	15	1	1	4	1	0.74327375	14	10147.871	10148.071	10148.071	10148.271	10148.815
1	24	1	2	676	4	2	12	16	4	1	5	1	0.59710952	15	10150.111	10150.311	10150.311	10150.511	10150.908
1	24	1	2	677	4	2	12	17	2	1	4	1	0.45996163	16	10152.347	10152.547	10152.547	10152.747	10153.007
1	24	1	2	678	4	2	12	18	3	2	4	1	0.51021246	17	10154.58	10155.18	10155.18	10155.38	10155.69
1	24	1	2	679	4	2	12	19	5	1	5	1	0.53400521	18	10157.216	10157.416	10157.416	10157.616	10157.95
1	24	1	2	680	4	2	12	20	4	2	5	1	0.44839257	19	10159.452	10160.052	10160.052	10160.252	10160.5
1	24	1	2	681	4	2	12	21	1	2	4	1	1.2836486	20	10162.088	10162.688	10162.688	10162.888	10163.972
1	24	1	2	682	4	2	12	22	3	2	4	1	0.47731343	21	10164.728	10165.328	10165.328	10165.528	10165.805
1	24	1	2	683	4	2	12	23	2	2	4	1	0.74363138	22	10167.363	10167.963	10167.963	10168.163	10168.707
1	24	1	2	684	4	2	12	24	6	1	5	1	0.51581631	23	10170.002	10170.202	10170.202	10170.402	10170.718
1	24	1	2	685	4	2	12	25	2	2	4	1	0.42740661	24	10172.239	10172.839	10172.839	10173.039	10173.266
1	24	1	2	686	4	2	12	26	5	2	5	1	0.54369651	25	10174.876	10175.476	10175.476	10175.676	10176.02
1	24	1	2	687	4	2	12	27	6	2	5	1	0.5223377	26	10177.513	10178.113	10178.113	10178.313	10178.635
1	24	1	2	688	4	2	12	28	6	1	5	1	0.5028745	27	10180.149	10180.349	10180.349	10180.549	10180.852
1	24	1	2	689	4	2	12	29	4	2	5	1	0.4662191	28	10182.386	10182.986	10182.986	10183.186	10183.452
1	24	1	2	690	4	2	12	30	3	2	4	1	0.60540565	29	10185.022	10185.622	10185.622	10185.822	10186.227
1	24	1	2	691	4	6	12	1	6	1	8	1	0.76728655	1	10215.719	10215.919	10215.919	10216.119	10216.686
1	24	1	2	692	4	6	12	2	5	2	7	1	0.97584278	2	10217.956	10218.556	10218.556	10218.756	10219.532
1	24	1	2	693	4	6	12	3	3	2	3	1	0.72039785	3	10220.603	10221.203	10221.203	10221.403	10221.924
1	24	1	2	694	4	6	12	4	5	1	7	1	0.77062883	4	10223.24	10223.44	10223.44	10223.64	10224.21
1	24	1	2	695	4	6	12	5	2	2	2	1	0.63981405	5	10225.477	10226.077	10226.077	10226.277	10226.717
1	24	1	2	696	4	6	12	6	2	1	2	1	0.53970672	6	10228.111	10228.311	10228.311	10228.511	10228.851
1	24	1	2	697	4	6	12	7	4	1	6	1	1.7968928	7	10230.346	10230.546	10230.546	10230.746	10232.343
1	24	1	2	698	4	6	12	8	3	1	3	1	1.4606891	8	10232.583	10232.783	10232.783	10232.983	10234.243
1	24	1	2	699	4	6	12	9	4	2	6	1	0.66485324	9	10234.819	10235.419	10235.419	10235.619	10236.084
1	24	1	2	700	4	6	12	10	2	1	2	1	1.0349925	10	10237.458	10237.658	10237.658	10237.858	10238.693
1	24	1	2	701	4	6	12	11	4	1	6	1	0.72364988	11	10239.696	10239.896	10239.896	10240.096	10240.62
1	24	1	2	702	4	6	12	12	6	1	8	1	0.72610356	12	10241.934	10242.134	10242.134	10242.334	10242.86
1	24	1	2	703	4	6	12	13	4	2	6	1	0.78892157	13	10244.175	10244.775	10244.775	10244.975	10245.564
1	24	1	2	704	4	6	12	14	5	1	7	1	0.89356192	14	10246.812	10247.012	10247.012	10247.212	10247.906
1	24	1	2	705	4	6	12	15	5	1	7	1	0.66478177	15	10249.049	10249.249	10249.249	10249.449	10249.914
1	24	1	2	706	4	6	12	16	6	1	8	1	0.73662324	16	10251.291	10251.491	10251.491	10251.691	10252.228
1	24	1	2	707	4	6	12	17	2	1	2	1	0.67411038	17	10253.529	10253.729	10253.729	10253.929	10254.403
1	24	1	2	708	4	6	12	18	2	2	2	1	0.76577018	18	10255.766	10256.366	10256.366	10256.566	10257.132
1	24	1	2	709	4	6	12	19	1	1	1	1	0.77027822	19	10258.403	10258.603	10258.603	10258.803	10259.373
1	24	1	2	710	4	6	12	20	3	2	3	1	1.2015755	20	10260.644	10261.244	10261.244	10261.444	10262.446
1	24	1	2	711	4	6	12	21	3	2	3	1	0.56991419	21	10263.281	10263.881	10263.881	10264.081	10264.451
1	24	1	2	712	4	6	12	22	6	2	8	1	0.84965829	22	10265.939	10266.539	10266.539	10266.739	10267.389
1	24	1	2	713	4	6	12	23	5	2	7	1	0.72110955	23	10268.579	10269.179	10269.179	10269.379	10269.9
1	24	1	2	714	4	6	12	24	1	1	1	1	0.719241	24	10271.221	10271.421	10271.421	10271.621	10272.14
1	24	1	2	715	4	6	12	25	1	2	1	1	0.65313764	25	10273.456	10274.056	10274.056	10274.256	10274.709
1	24	1	2	716	4	6	12	26	4	2	6	1	0.9057694	26	10276.091	10276.691	10276.691	10276.891	10277.596
1	24	1	2	717	4	6	12	27	1	2	1	1	0.75291941	27	10278.728	10279.328	10279.328	10279.528	10280.081
1	24	1	2	718	4	6	12	28	1	1	1	1	0.78612411	28	10281.363	10281.563	10281.563	10281.763	10282.349
1	24	1	2	719	4	6	12	29	6	2	8	1	0.76660681	29	10283.6	10284.2	10284.2	10284.4	10284.967
1	24	1	2	720	4	6	12	30	3	2	3	1	0.76719583	30	10286.238	10286.838	10286.838	10287.038	10287.606
