43	64	94	126	37	35	124	42	0	0	0	0	0	0	0	0	0	0	0	0
2	51	2	1	1	1	6	1	1	6	1	7	1	1.008724	1	12479.522	12479.722	12479.723	12479.923	12480.731
2	51	2	1	2	1	6	1	2	3	2	3	0	1.7761379	1	12481.739	12482.339	12482.339	12482.539	12484.115
2	51	2	1	3	1	6	1	3	3	1	4	1	1.3273642	2	12484.664	12484.864	12484.864	12485.064	12486.191
2	51	2	1	4	1	6	1	4	2	2	3	1	1.3504318	3	12486.871	12487.471	12487.471	12487.671	12488.822
2	51	2	1	5	1	6	1	5	2	2	3	1	0.83411625	4	12489.477	12490.077	12490.077	12490.277	12490.911
2	51	2	1	6	1	6	1	6	3	2	4	1	0.9755027	5	12492.084	12492.684	12492.684	12492.884	12493.66
2	51	2	1	7	1	6	1	7	1	2	2	1	0.92200065	6	12494.691	12495.291	12495.291	12495.491	12496.213
2	51	2	1	8	1	6	1	8	3	1	4	1	0.95623947	7	12497.297	12497.497	12497.497	12497.697	12498.453
2	51	2	1	9	1	6	1	9	4	2	5	1	0.7643529	8	12499.504	12500.104	12500.104	12500.304	12500.868
2	51	2	1	10	1	6	1	10	5	2	6	1	0.72493483	9	12502.109	12502.709	12502.709	12502.909	12503.434
2	51	2	1	11	1	6	1	11	4	1	5	1	1.5695206	10	12504.716	12504.916	12504.917	12505.117	12506.486
2	51	2	1	12	1	6	1	12	1	1	2	1	0.97222122	11	12506.923	12507.123	12507.123	12507.323	12508.095
2	51	2	1	13	1	6	1	13	4	1	5	1	0.69780385	12	12509.13	12509.33	12509.33	12509.53	12510.028
2	51	2	1	14	1	6	1	14	6	1	7	1	0.68256596	13	12511.337	12511.537	12511.537	12511.737	12512.22
2	51	2	1	15	1	6	1	15	5	2	6	1	0.6921308	14	12513.544	12514.144	12514.144	12514.344	12514.836
2	51	2	1	16	1	6	1	16	6	1	7	1	0.81448972	15	12516.15	12516.35	12516.35	12516.55	12517.165
2	51	2	1	17	1	6	1	17	6	2	7	1	0.76519972	16	12518.358	12518.958	12518.958	12519.158	12519.723
2	51	2	1	18	1	6	1	18	4	2	5	1	1.430922	17	12520.965	12521.565	12521.565	12521.765	12522.996
2	51	2	1	19	1	6	1	19	1	1	2	1	0.72721575	18	12523.572	12523.772	12523.772	12523.972	12524.499
2	51	2	1	20	1	6	1	20	3	2	4	1	0.84472032	19	12525.777	12526.377	12526.377	12526.578	12527.222
2	51	2	1	21	1	6	1	21	1	1	3	0	0.57684017	19	12528.388	12528.588	12528.588	12528.788	12529.164
2	51	2	1	22	1	6	1	22	4	2	5	1	0.80068863	20	12530.898	12531.498	12531.498	12531.698	12532.299
2	51	2	1	23	1	6	1	23	2	1	2	0	1.078483	20	12533.504	12533.704	12533.704	12533.904	12534.782
2	51	2	1	24	1	6	1	24	2	1	3	1	0.73560119	21	12536.023	12536.223	12536.223	12536.423	12536.959
2	51	2	1	25	1	6	1	25	2	1	3	1	0.6363478	22	12538.231	12538.431	12538.431	12538.631	12539.067
2	51	2	1	26	1	6	1	26	5	2	6	1	0.92380261	23	12540.439	12541.039	12541.039	12541.239	12541.963
2	51	2	1	27	1	6	1	27	1	2	2	1	0.78880364	24	12543.047	12543.647	12543.647	12543.847	12544.436
2	51	2	1	28	1	6	1	28	5	2	6	1	0.63786465	25	12545.655	12546.255	12546.255	12546.455	12546.893
2	51	2	1	29	1	6	1	29	6	1	7	1	0.67985436	26	12548.261	12548.461	12548.461	12548.661	12549.141
2	51	2	1	30	1	6	1	30	5	1	6	1	1.0674156	27	12550.468	12550.668	12550.668	12550.868	12551.735
2	51	2	1	31	1	2	1	1	2	1	1	1	0.70168154	1	12580.832	12581.032	12581.032	12581.232	12581.734
2	51	2	1	32	1	2	1	2	5	2	8	1	0.48594476	2	12583.048	12583.648	12583.648	12583.848	12584.134
2	51	2	1	33	1	2	1	3	2	1	1	1	0.94834783	3	12585.657	12585.858	12585.858	12586.058	12586.806
2	51	2	1	34	1	2	1	4	1	2	1	1	0.65772885	4	12587.866	12588.466	12588.466	12588.666	12589.123
2	51	2	1	35	1	2	1	5	4	2	8	1	0.48755775	5	12590.474	12591.074	12591.074	12591.274	12591.562
2	51	2	1	36	1	2	1	6	4	2	8	1	0.45932215	6	12593.082	12593.683	12593.683	12593.883	12594.142
2	51	2	1	37	1	2	1	7	1	2	1	1	0.6121021	7	12595.689	12596.289	12596.289	12596.489	12596.901
2	51	2	1	38	1	2	1	8	4	1	8	1	0.61057157	8	12598.298	12598.498	12598.498	12598.698	12599.108
2	51	2	1	39	1	2	1	9	4	2	8	1	0.508483	9	12600.506	12601.106	12601.106	12601.306	12601.614
2	51	2	1	40	1	2	1	10	5	2	8	1	0.43297598	10	12603.115	12603.715	12603.715	12603.915	12604.148
2	51	2	1	41	1	2	1	11	3	1	1	1	0.64941352	11	12605.722	12605.922	12605.922	12606.122	12606.572
2	51	2	1	42	1	2	1	12	5	1	8	1	0.505869	12	12607.931	12608.131	12608.131	12608.331	12608.637
2	51	2	1	43	1	2	1	13	6	1	8	1	0.57726396	13	12610.139	12610.339	12610.339	12610.539	12610.916
2	51	2	1	44	1	2	1	14	1	1	1	1	0.52793681	14	12612.348	12612.548	12612.548	12612.748	12613.076
2	51	2	1	45	1	2	1	15	3	2	1	1	0.56690442	15	12614.556	12615.156	12615.156	12615.356	12615.723
2	51	2	1	46	1	2	1	16	4	1	8	1	0.53719065	16	12617.165	12617.365	12617.365	12617.565	12617.902
2	51	2	1	47	1	2	1	17	3	2	1	1	0.53345541	17	12619.374	12619.974	12619.974	12620.174	12620.507
2	51	2	1	48	1	2	1	18	3	2	1	1	0.5417309	18	12621.982	12622.582	12622.582	12622.782	12623.124
2	51	2	1	49	1	2	1	19	6	1	8	1	0.60056121	19	12624.592	12624.792	12624.792	12624.992	12625.392
2	51	2	1	50	1	2	1	20	6	2	8	1	0.54214948	20	12626.801	12627.401	12627.401	12627.601	12627.943
2	51	2	1	51	1	2	1	21	5	1	8	1	0.55390408	21	12629.41	12629.61	12629.61	12629.81	12630.164
2	51	2	1	52	1	2	1	22	2	2	1	1	0.49935293	22	12631.619	12632.219	12632.219	12632.419	12632.719
2	51	2	1	53	1	2	1	23	5	1	8	1	0.52352245	23	12634.243	12634.443	12634.443	12634.643	12634.966
2	51	2	1	54	1	2	1	24	6	1	8	1	0.50226885	24	12636.452	12636.652	12636.652	12636.852	12637.155
2	51	2	1	55	1	2	1	25	6	1	8	1	0.56887076	25	12638.662	12638.862	12638.862	12639.062	12639.431
2	51	2	1	56	1	2	1	26	2	2	1	1	0.56410355	26	12640.872	12641.472	12641.472	12641.672	12642.036
2	51	2	1	57	1	2	1	27	2	2	1	1	0.53117236	27	12643.481	12644.081	12644.081	12644.281	12644.612
2	51	2	1	58	1	2	1	28	1	2	1	1	0.5288433	28	12646.091	12646.691	12646.691	12646.891	12647.22
2	51	2	1	59	1	2	1	29	1	1	1	1	0.56156254	29	12648.701	12648.901	12648.901	12649.101	12649.462
2	51	2	1	60	1	2	1	30	3	1	1	1	0.50264168	30	12650.91	12651.11	12651.11	12651.31	12651.612
2	51	2	1	61	1	6	2	1	2	1	3	1	0.81856965	31	12682.923	12683.123	12683.123	12683.323	12683.942
2	51	2	1	62	1	6	2	2	5	2	6	1	0.64762008	32	12685.133	12685.733	12685.733	12685.933	12686.381
2	51	2	1	63	1	6	2	3	2	1	3	1	0.8511129	33	12687.743	12687.943	12687.943	12688.143	12688.794
2	51	2	1	64	1	6	2	4	1	2	2	1	0.76185982	34	12689.953	12690.553	12690.553	12690.753	12691.315
2	51	2	1	65	1	6	2	5	4	2	5	1	0.78782805	35	12692.563	12693.163	12693.163	12693.363	12693.951
2	51	2	1	66	1	6	2	6	4	2	5	1	0.70476248	36	12695.174	12695.774	12695.774	12695.974	12696.478
2	51	2	1	67	1	6	2	7	1	2	2	1	0.75035656	37	12697.784	12698.384	12698.384	12698.584	12699.134
2	51	2	1	68	1	6	2	8	4	1	5	1	0.70184224	38	12700.392	12700.592	12700.592	12700.792	12701.294
2	51	2	1	69	1	6	2	9	4	2	5	1	0.55347807	39	12702.601	12703.201	12703.201	12703.402	12703.755
2	51	2	1	70	1	6	2	10	5	2	6	1	0.70393679	40	12705.212	12705.812	12705.812	12706.012	12706.516
2	51	2	1	71	1	6	2	11	3	1	4	1	0.91032192	41	12707.822	12708.022	12708.022	12708.222	12708.932
2	51	2	1	72	1	6	2	12	5	1	6	1	0.74692772	42	12710.033	12710.233	12710.233	12710.433	12710.98
2	51	2	1	73	1	6	2	13	6	1	7	1	0.6579062	43	12712.243	12712.443	12712.443	12712.643	12713.101
2	51	2	1	74	1	6	2	14	1	1	2	1	0.84171355	44	12714.452	12714.652	12714.652	12714.852	12715.494
2	51	2	1	75	1	6	2	15	3	2	4	1	0.69574272	45	12716.662	12717.262	12717.262	12717.462	12717.958
2	51	2	1	76	1	6	2	16	4	1	5	1	0.70111504	46	12719.272	12719.472	12719.472	12719.672	12720.174
2	51	2	1	77	1	6	2	17	3	2	4	1	0.71592176	47	12721.483	12722.083	12722.083	12722.283	12722.799
2	51	2	1	78	1	6	2	18	3	2	4	1	0.59682876	48	12724.094	12724.694	12724.694	12724.894	12725.291
2	51	2	1	79	1	6	2	19	6	1	7	1	0.69758086	49	12726.705	12726.905	12726.905	12727.105	12727.602
2	51	2	1	80	1	6	2	20	6	2	7	1	0.56927288	50	12728.916	12729.516	12729.516	12729.716	12730.085
2	51	2	1	81	1	6	2	21	5	1	6	1	0.80645352	51	12731.527	12731.727	12731.727	12731.927	12732.533
2	51	2	1	82	1	6	2	22	2	2	2	0	0.63443913	51	12733.738	12734.338	12734.338	12734.538	12734.972
2	51	2	1	83	1	6	2	23	5	1	6	1	0.72750257	52	12736.661	12736.861	12736.861	12737.061	12737.588
2	51	2	1	84	1	6	2	24	6	1	7	1	0.66424514	53	12738.869	12739.069	12739.069	12739.269	12739.734
2	51	2	1	85	1	6	2	25	6	1	7	1	0.58105252	54	12741.08	12741.281	12741.281	12741.481	12741.862
2	51	2	1	86	1	6	2	26	2	2	3	1	0.66867171	55	12743.291	12743.891	12743.891	12744.091	12744.56
2	51	2	1	87	1	6	2	27	2	2	3	1	0.64165341	56	12745.9	12746.5	12746.5	12746.7	12747.142
2	51	2	1	88	1	6	2	28	1	2	2	1	0.73975867	57	12748.511	12749.111	12749.111	12749.311	12749.851
2	51	2	1	89	1	6	2	29	1	1	2	1	0.63420432	58	12751.122	12751.322	12751.322	12751.522	12751.956
2	51	2	1	90	1	6	2	30	3	1	4	1	0.72543026	59	12753.334	12753.534	12753.534	12753.734	12754.259
2	51	2	1	91	1	2	2	1	4	1	8	1	0.52030744	1	12765.031	12765.231	12765.231	12765.431	12765.751
2	51	2	1	92	1	2	2	2	2	2	1	1	0.37278386	2	12767.242	12767.842	12767.842	12768.042	12768.215
2	51	2	1	93	1	2	2	3	4	1	8	1	0.41953438	3	12769.852	12770.052	12770.052	12770.252	12770.471
2	51	2	1	94	1	2	2	4	3	2	1	1	0.52388978	4	12772.063	12772.663	12772.663	12772.863	12773.187
2	51	2	1	95	1	2	2	5	4	2	8	1	0.50757049	5	12774.673	12775.273	12775.273	12775.473	12775.781
2	51	2	1	96	1	2	2	6	6	2	1	0	0.39869306	5	12777.285	12777.885	12777.885	12778.085	12778.284
2	51	2	1	97	1	2	2	7	1	2	1	1	0.61627069	6	12780.207	12780.807	12780.807	12781.007	12781.424
2	51	2	1	98	1	2	2	8	5	1	8	1	0.49125635	7	12782.817	12783.017	12783.017	12783.217	12783.508
2	51	2	1	99	1	2	2	9	3	2	1	1	0.53398493	8	12785.029	12785.629	12785.629	12785.829	12786.163
2	51	2	1	100	1	2	2	10	2	2	1	1	0.45605632	9	12787.639	12788.239	12788.239	12788.439	12788.695
2	51	2	1	101	1	2	2	11	1	1	1	1	0.51322304	10	12790.251	12790.451	12790.451	12790.651	12790.965
2	51	2	1	102	1	2	2	12	6	1	8	1	0.48681831	11	12792.463	12792.663	12792.663	12792.863	12793.15
2	51	2	1	103	1	2	2	13	5	1	8	1	0.45238109	12	12794.675	12794.875	12794.875	12795.075	12795.327
2	51	2	1	104	1	2	2	14	5	1	8	1	0.42133763	13	12796.887	12797.087	12797.087	12797.287	12797.509
2	51	2	1	105	1	2	2	15	6	2	8	1	0.44746067	14	12799.1	12799.7	12799.7	12799.9	12800.147
2	51	2	1	106	1	2	2	16	6	1	8	1	0.44580353	15	12801.712	12801.912	12801.912	12802.112	12802.358
2	51	2	1	107	1	2	2	17	2	2	1	1	0.50508087	16	12803.924	12804.524	12804.524	12804.724	12805.029
2	51	2	1	108	1	2	2	18	5	2	8	1	0.54191877	17	12806.536	12807.136	12807.136	12807.336	12807.677
2	51	2	1	109	1	2	2	19	1	1	1	1	0.63520119	18	12809.147	12809.347	12809.347	12809.548	12809.983
2	51	2	1	110	1	2	2	20	3	2	1	1	0.51677359	19	12811.359	12811.959	12811.959	12812.159	12812.475
2	51	2	1	111	1	2	2	21	3	1	1	1	0.54516581	20	12813.971	12814.171	12814.171	12814.371	12814.716
2	51	2	1	112	1	2	2	22	2	2	1	1	0.42081393	21	12816.184	12816.784	12816.784	12816.984	12817.205
2	51	2	1	113	1	2	2	23	3	1	1	1	0.53732333	22	12818.797	12818.997	12818.997	12819.197	12819.534
2	51	2	1	114	1	2	2	24	1	1	1	1	0.53857204	23	12821.01	12821.21	12821.21	12821.41	12821.749
2	51	2	1	115	1	2	2	25	6	1	8	1	0.56520319	24	12823.222	12823.422	12823.422	12823.622	12823.988
2	51	2	1	116	1	2	2	26	4	2	8	1	0.53056481	25	12825.433	12826.033	12826.033	12826.233	12826.563
2	51	2	1	117	1	2	2	27	2	2	1	1	0.43255932	26	12828.045	12828.645	12828.645	12828.845	12829.077
2	51	2	1	118	1	2	2	28	5	2	8	1	0.69732509	27	12830.658	12831.258	12831.258	12831.458	12831.955
2	51	2	1	119	1	2	2	29	4	1	8	1	0.48642642	28	12833.268	12833.468	12833.468	12833.668	12833.954
2	51	2	1	120	1	2	2	30	1	1	1	1	0.46961416	29	12835.478	12835.678	12835.678	12835.878	12836.147
2	51	2	1	121	1	6	3	1	4	1	5	1	0.76389641	30	12847.68	12847.88	12847.88	12848.08	12848.644
2	51	2	1	122	1	6	3	2	2	2	3	1	0.92858113	31	12849.893	12850.493	12850.493	12850.693	12851.421
2	51	2	1	123	1	6	3	3	4	1	5	1	0.84941028	32	12852.508	12852.708	12852.708	12852.908	12853.558
2	51	2	1	124	1	6	3	4	3	2	4	1	0.75650045	33	12854.721	12855.321	12855.321	12855.521	12856.078
2	51	2	1	125	1	6	3	5	4	2	5	1	0.63188918	34	12857.332	12857.932	12857.932	12858.132	12858.564
2	51	2	1	126	1	6	3	6	6	2	7	1	0.83656846	35	12859.945	12860.545	12860.545	12860.745	12861.381
2	51	2	1	127	1	6	3	7	1	2	2	1	1.1018144	36	12862.558	12863.158	12863.158	12863.358	12864.26
2	51	2	1	128	1	6	3	8	5	1	6	1	0.90467684	37	12865.17	12865.37	12865.37	12865.57	12866.274
2	51	2	1	129	1	6	3	9	3	2	4	1	0.74726204	38	12867.383	12867.983	12867.983	12868.183	12868.731
2	51	2	1	130	1	6	3	10	2	2	3	1	0.78300285	39	12869.997	12870.597	12870.597	12870.797	12871.38
2	51	2	1	131	1	6	3	11	1	1	2	1	0.98723112	40	12872.608	12872.808	12872.808	12873.008	12873.795
2	51	2	1	132	1	6	3	12	6	1	7	1	0.85642845	41	12874.821	12875.021	12875.021	12875.221	12875.878
2	51	2	1	133	1	6	3	13	5	1	6	1	0.70691759	42	12877.034	12877.234	12877.234	12877.434	12877.941
2	51	2	1	134	1	6	3	14	5	1	6	1	0.62975588	43	12879.247	12879.447	12879.447	12879.647	12880.077
2	51	2	1	135	1	6	3	15	6	2	7	1	0.77863597	44	12881.461	12882.061	12882.061	12882.261	12882.839
2	51	2	1	136	1	6	3	16	6	1	7	1	0.51721978	45	12884.074	12884.274	12884.274	12884.474	12884.791
2	51	2	1	137	1	6	3	17	2	2	3	1	0.76379933	46	12886.287	12886.887	12886.887	12887.087	12887.651
2	51	2	1	138	1	6	3	18	5	2	6	1	0.87048554	47	12888.9	12889.5	12889.501	12889.701	12890.371
2	51	2	1	139	1	6	3	19	1	1	2	1	0.7174561	48	12891.512	12891.712	12891.712	12891.912	12892.429
2	51	2	1	140	1	6	3	20	3	2	4	1	0.69270676	49	12893.726	12894.326	12894.326	12894.526	12895.019
2	51	2	1	141	1	6	3	21	3	1	4	1	1.2840526	50	12896.34	12896.54	12896.54	12896.74	12897.824
2	51	2	1	142	1	6	3	22	2	2	3	1	0.72707498	51	12898.551	12899.151	12899.151	12899.351	12899.878
2	51	2	1	143	1	6	3	23	3	1	4	1	0.64150624	52	12901.163	12901.363	12901.363	12901.563	12902.005
2	51	2	1	144	1	6	3	24	1	1	2	1	0.71621267	53	12903.377	12903.577	12903.577	12903.777	12904.293
2	51	2	1	145	1	6	3	25	6	1	7	1	0.68716201	54	12905.591	12905.791	12905.791	12905.991	12906.478
2	51	2	1	146	1	6	3	26	4	2	5	1	0.8249111	55	12907.805	12908.405	12908.405	12908.605	12909.229
2	51	2	1	147	1	6	3	27	2	2	3	1	0.71474097	56	12910.419	12911.019	12911.019	12911.219	12911.733
2	51	2	1	148	1	6	3	28	5	2	6	1	0.67409855	57	12913.032	12913.632	12913.632	12913.832	12914.306
2	51	2	1	149	1	6	3	29	4	1	5	1	0.69209735	58	12915.646	12915.846	12915.846	12916.046	12916.538
2	51	2	1	150	1	6	3	30	1	1	2	1	0.83910114	59	12917.86	12918.06	12918.06	12918.26	12918.899
2	51	2	1	151	1	2	3	1	4	1	8	1	0.45152436	1	12929.649	12929.849	12929.849	12930.049	12930.3
2	51	2	1	152	1	2	3	2	6	2	8	1	0.45987726	2	12931.863	12932.463	12932.463	12932.663	12932.923
2	51	2	1	153	1	2	3	3	3	1	1	1	0.55992081	3	12934.477	12934.677	12934.677	12934.877	12935.237
2	51	2	1	154	1	2	3	4	3	2	1	1	0.64163969	4	12936.691	12937.291	12937.291	12937.491	12937.932
2	51	2	1	155	1	2	3	5	6	2	8	1	0.46784459	5	12939.305	12939.905	12939.905	12940.105	12940.373
2	51	2	1	156	1	2	3	6	6	2	8	1	0.46219535	6	12941.92	12942.52	12942.52	12942.72	12942.982
2	51	2	1	157	1	2	3	7	1	2	1	1	0.5196958	7	12944.534	12945.134	12945.134	12945.334	12945.654
2	51	2	1	158	1	2	3	8	4	1	8	1	0.69013715	8	12947.148	12947.348	12947.348	12947.548	12948.039
2	51	2	1	159	1	2	3	9	5	2	8	1	0.46267805	9	12949.36	12949.96	12949.96	12950.16	12950.423
2	51	2	1	160	1	2	3	10	5	2	8	1	0.47004957	10	12951.975	12952.575	12952.575	12952.775	12953.045
2	51	2	1	161	1	2	3	11	5	1	8	1	0.45475785	11	12954.59	12954.79	12954.79	12954.99	12955.245
2	51	2	1	162	1	2	3	12	2	1	1	1	0.59995431	12	12956.804	12957.004	12957.004	12957.204	12957.604
2	51	2	1	163	1	2	3	13	4	1	8	1	0.48972214	13	12959.019	12959.219	12959.219	12959.419	12959.708
2	51	2	1	164	1	2	3	14	2	1	1	1	0.60554177	14	12961.233	12961.433	12961.433	12961.633	12962.039
2	51	2	1	165	1	2	3	15	2	2	1	1	0.59132312	15	12963.448	12964.048	12964.048	12964.248	12964.639
2	51	2	1	166	1	2	3	16	1	1	1	1	0.6383866	16	12966.063	12966.263	12966.263	12966.463	12966.901
2	51	2	1	167	1	2	3	17	3	2	1	1	0.54719869	17	12968.275	12968.875	12968.875	12969.075	12969.422
2	51	2	1	168	1	2	3	18	6	2	8	1	0.48157496	18	12970.89	12971.49	12971.49	12971.69	12971.971
2	51	2	1	169	1	2	3	19	2	1	1	1	0.61166797	19	12973.505	12973.705	12973.705	12973.905	12974.317
2	51	2	1	170	1	2	3	20	3	2	1	1	0.54052632	20	12975.72	12976.32	12976.32	12976.52	12976.86
2	51	2	1	171	1	2	3	21	5	1	8	1	0.53278176	21	12978.335	12978.535	12978.535	12978.735	12979.068
2	51	2	1	172	1	2	3	22	1	2	1	1	0.52505453	22	12980.55	12981.15	12981.15	12981.35	12981.675
2	51	2	1	173	1	2	3	23	6	1	8	1	0.47071497	23	12983.165	12983.365	12983.366	12983.566	12983.836
2	51	2	1	174	1	2	3	24	1	1	1	1	0.51288089	24	12985.381	12985.581	12985.581	12985.781	12986.094
2	51	2	1	175	1	2	3	25	5	1	8	1	0.52111462	25	12987.596	12987.796	12987.796	12987.996	12988.317
2	51	2	1	176	1	2	3	26	4	2	8	1	0.6093869	26	12989.812	12990.412	12990.412	12990.612	12991.021
2	51	2	1	177	1	2	3	27	3	2	1	1	1.2011538	27	12992.427	12993.027	12993.027	12993.227	12994.228
2	51	2	1	178	1	2	3	28	1	2	1	1	0.76584762	28	12995.04	12995.64	12995.64	12995.84	12996.405
2	51	2	1	179	1	2	3	29	2	1	1	1	1.0158194	29	12997.651	12997.851	12997.851	12998.051	12998.867
2	51	2	1	180	1	2	3	30	4	1	8	1	0.50874897	30	12999.866	13000.066	13000.066	13000.266	13000.575
2	51	2	1	181	2	6	4	1	4	1	5	1	0.69830429	31	13302.331	13302.531	13302.531	13302.731	13303.23
2	51	2	1	182	2	6	4	2	6	2	7	1	0.68732696	32	13304.547	13305.147	13305.147	13305.347	13305.834
2	51	2	1	183	2	6	4	3	3	1	4	1	0.75334523	33	13307.163	13307.363	13307.363	13307.563	13308.116
2	51	2	1	184	2	6	4	4	3	2	4	1	0.63319768	34	13309.378	13309.978	13309.978	13310.179	13310.612
2	51	2	1	185	2	6	4	5	6	2	7	1	0.59493118	35	13311.995	13312.595	13312.595	13312.795	13313.189
2	51	2	1	186	2	6	4	6	6	2	7	1	0.55014607	36	13314.61	13315.21	13315.21	13315.41	13315.76
2	51	2	1	187	2	6	4	7	1	2	2	1	0.89068186	37	13317.226	13317.826	13317.826	13318.026	13318.716
2	51	2	1	188	2	6	4	8	4	1	5	1	0.65502888	38	13319.838	13320.038	13320.038	13320.238	13320.693
2	51	2	1	189	2	6	4	9	5	2	6	1	0.64787184	39	13322.051	13322.651	13322.651	13322.851	13323.299
2	51	2	1	190	2	6	4	10	5	2	6	1	0.71234613	40	13324.667	13325.267	13325.267	13325.467	13325.979
2	51	2	1	191	2	6	4	11	5	1	6	1	0.64050104	41	13327.283	13327.483	13327.483	13327.683	13328.124
2	51	2	1	192	2	6	4	12	2	1	3	1	0.84999584	42	13329.499	13329.699	13329.699	13329.899	13330.549
2	51	2	1	193	2	6	4	13	4	1	5	1	1.3277322	43	13331.715	13331.915	13331.915	13332.115	13333.243
2	51	2	1	194	2	6	4	14	2	1	3	1	0.76994344	44	13333.931	13334.131	13334.131	13334.331	13334.901
2	51	2	1	195	2	6	4	15	2	2	3	1	0.64227225	45	13336.149	13336.749	13336.749	13336.949	13337.391
2	51	2	1	196	2	6	4	16	1	1	2	1	0.78382427	46	13338.764	13338.964	13338.964	13339.164	13339.748
2	51	2	1	197	2	6	4	17	3	2	5	0	0.84957944	46	13340.98	13341.58	13341.58	13341.78	13342.429
2	51	2	1	198	2	6	4	18	6	2	7	1	0.592258	47	13343.596	13344.196	13344.196	13344.396	13344.788
2	51	2	1	199	2	6	4	19	2	1	3	1	0.82243656	48	13346.213	13346.413	13346.413	13346.613	13347.235
2	51	2	1	200	2	6	4	20	3	2	4	1	0.73795267	49	13348.429	13349.029	13349.029	13349.229	13349.767
2	51	2	1	201	2	6	4	21	5	1	6	1	0.72632153	50	13351.045	13351.245	13351.245	13351.445	13351.972
2	51	2	1	202	2	6	4	22	1	2	2	1	0.70957515	51	13353.262	13353.862	13353.862	13354.062	13354.572
2	51	2	1	203	2	6	4	23	6	1	7	1	0.68781339	52	13355.879	13356.079	13356.079	13356.279	13356.767
2	51	2	1	204	2	6	4	24	1	1	2	1	0.71250459	53	13358.093	13358.293	13358.293	13358.493	13359.005
2	51	2	1	205	2	6	4	25	5	1	6	1	0.66514154	54	13360.31	13360.51	13360.51	13360.71	13361.175
2	51	2	1	206	2	6	4	26	4	2	4	0	0.61732357	54	13362.525	13363.125	13363.125	13363.325	13363.742
2	51	2	1	207	2	6	4	27	3	2	4	1	1.2735688	55	13365.141	13365.741	13365.741	13365.941	13367.015
2	51	2	1	208	2	6	4	28	1	2	2	1	0.75110586	56	13367.758	13368.358	13368.358	13368.558	13369.109
2	51	2	1	209	2	6	4	29	2	1	3	1	0.70304999	57	13370.375	13370.575	13370.575	13370.775	13371.278
2	51	2	1	210	2	6	4	30	4	1	5	1	0.86889429	58	13372.592	13372.792	13372.792	13372.992	13373.661
2	51	2	1	211	2	2	4	1	1	1	1	1	0.64703177	1	13402.87	13403.07	13403.07	13403.27	13403.717
2	51	2	1	212	2	2	4	2	2	2	1	1	0.61905567	2	13405.088	13405.688	13405.688	13405.888	13406.307
2	51	2	1	213	2	2	4	3	5	1	8	1	0.74166351	3	13407.705	13407.905	13407.905	13408.105	13408.647
2	51	2	1	214	2	2	4	4	6	2	8	1	0.48872188	4	13409.922	13410.522	13410.522	13410.722	13411.011
2	51	2	1	215	2	2	4	5	1	2	1	1	0.53624564	5	13412.539	13413.139	13413.139	13413.339	13413.676
2	51	2	1	216	2	2	4	6	4	2	8	1	0.49188633	6	13415.154	13415.754	13415.754	13415.954	13416.246
2	51	2	1	217	2	2	4	7	2	2	1	1	0.50389201	7	13417.772	13418.372	13418.372	13418.572	13418.875
2	51	2	1	218	2	2	4	8	5	1	8	1	0.48956683	8	13420.389	13420.589	13420.589	13420.789	13421.078
2	51	2	1	219	2	2	4	9	1	2	1	1	0.42910803	9	13422.606	13423.206	13423.206	13423.406	13423.635
2	51	2	1	220	2	2	4	10	3	2	1	1	0.55624567	10	13425.224	13425.824	13425.824	13426.024	13426.38
2	51	2	1	221	2	2	4	11	6	1	8	1	0.53669292	11	13427.838	13428.038	13428.038	13428.238	13428.575
2	51	2	1	222	2	2	4	12	3	1	1	1	0.47574499	12	13430.055	13430.255	13430.255	13430.455	13430.731
2	51	2	1	223	2	2	4	13	3	1	1	1	0.51491618	13	13432.272	13432.472	13432.472	13432.672	13432.987
2	51	2	1	224	2	2	4	14	5	1	8	1	0.5448589	14	13434.491	13434.691	13434.691	13434.891	13435.235
2	51	2	1	225	2	2	4	15	2	2	1	1	0.60308516	15	13436.708	13437.308	13437.308	13437.508	13437.911
2	51	2	1	226	2	2	4	16	4	1	8	1	0.56502946	16	13439.325	13439.525	13439.525	13439.725	13440.09
2	51	2	1	227	2	2	4	17	5	2	8	1	0.59735872	17	13441.543	13442.143	13442.143	13442.343	13442.741
2	51	2	1	228	2	2	4	18	5	2	8	1	0.61744245	18	13444.162	13444.762	13444.762	13444.962	13445.379
2	51	2	1	229	2	2	4	19	4	1	8	1	0.55475991	19	13446.777	13446.977	13446.977	13447.177	13447.531
2	51	2	1	230	2	2	4	20	3	2	1	1	0.59550385	20	13448.994	13449.594	13449.594	13449.794	13450.19
2	51	2	1	231	2	2	4	21	6	1	8	1	0.48910609	21	13451.612	13451.812	13451.812	13452.012	13452.301
2	51	2	1	232	2	2	4	22	1	2	1	1	0.55822397	22	13453.832	13454.432	13454.432	13454.632	13454.99
2	51	2	1	233	2	2	4	23	2	1	1	1	0.56958946	23	13456.45	13456.65	13456.65	13456.85	13457.22
2	51	2	1	234	2	2	4	24	4	1	8	1	0.43533046	24	13458.665	13458.865	13458.865	13459.065	13459.301
2	51	2	1	235	2	2	4	25	1	1	1	1	0.51567546	25	13460.88	13461.08	13461.08	13461.28	13461.596
2	51	2	1	236	2	2	4	26	2	2	1	1	0.45888153	26	13463.098	13463.698	13463.698	13463.898	13464.157
2	51	2	1	237	2	2	4	27	4	2	8	1	0.58856829	27	13465.719	13466.319	13466.319	13466.519	13466.907
2	51	2	1	238	2	2	4	28	6	2	8	1	0.48601367	28	13468.336	13468.936	13468.936	13469.136	13469.422
2	51	2	1	239	2	2	4	29	6	1	8	1	0.46796843	29	13470.952	13471.152	13471.152	13471.352	13471.62
2	51	2	1	240	2	2	4	30	3	1	1	1	0.48222187	30	13473.17	13473.37	13473.37	13473.57	13473.852
2	51	2	1	241	2	6	5	1	1	1	2	1	0.7819956	31	13503.469	13503.669	13503.669	13503.869	13504.451
2	51	2	1	242	2	6	5	2	2	2	3	1	0.70995125	32	13505.688	13506.288	13506.288	13506.488	13506.998
2	51	2	1	243	2	6	5	3	5	1	6	1	0.74534914	33	13508.307	13508.507	13508.507	13508.707	13509.253
2	51	2	1	244	2	6	5	4	6	2	7	1	1.1911009	34	13510.527	13511.127	13511.127	13511.327	13512.318
2	51	2	1	245	2	6	5	5	1	2	2	1	0.68887372	35	13513.147	13513.747	13513.747	13513.947	13514.436
2	51	2	1	246	2	6	5	6	4	2	5	1	1.3054486	36	13515.764	13516.364	13516.364	13516.564	13517.669
2	51	2	1	247	2	6	5	7	2	2	3	1	0.74219065	37	13518.382	13518.982	13518.982	13519.182	13519.724
2	51	2	1	248	2	6	5	8	5	1	6	1	0.66067648	38	13521.001	13521.201	13521.201	13521.401	13521.862
2	51	2	1	249	2	6	5	9	1	2	2	1	0.72606373	39	13523.254	13523.854	13523.854	13524.054	13524.58
2	51	2	1	250	2	6	5	10	3	2	4	1	0.85129966	40	13525.873	13526.473	13526.473	13526.673	13527.324
2	51	2	1	251	2	6	5	11	6	1	7	1	0.57900437	41	13528.491	13528.691	13528.691	13528.891	13529.27
2	51	2	1	252	2	6	5	12	3	1	5	0	0.68057693	41	13530.71	13530.91	13530.91	13531.11	13531.591
2	51	2	1	253	2	6	5	13	3	1	4	1	0.73149078	42	13532.93	13533.13	13533.13	13533.33	13533.861
2	51	2	1	254	2	6	5	14	5	1	6	1	0.7202779	43	13535.148	13535.348	13535.348	13535.548	13536.069
2	51	2	1	255	2	6	5	15	2	2	3	1	0.79566383	44	13537.368	13537.968	13537.968	13538.168	13538.763
2	51	2	1	256	2	6	5	16	4	1	4	0	0.93112572	44	13539.987	13540.187	13540.187	13540.387	13541.118
2	51	2	1	257	2	6	5	17	5	2	6	1	0.66562522	45	13542.205	13542.805	13542.805	13543.005	13543.471
2	51	2	1	258	2	6	5	18	5	2	6	1	0.62140045	46	13544.824	13545.424	13545.424	13545.624	13546.046
2	51	2	1	259	2	6	5	19	4	1	4	0	0.66338879	46	13547.44	13547.64	13547.64	13547.84	13548.303
2	51	2	1	260	2	6	5	20	3	2	4	1	1.505348	47	13549.659	13550.259	13550.259	13550.459	13551.764
2	51	2	1	261	2	6	5	21	6	1	7	1	0.74039337	48	13552.278	13552.478	13552.478	13552.678	13553.218
2	51	2	1	262	2	6	5	22	1	2	2	1	0.82730748	49	13554.497	13555.097	13555.097	13555.297	13555.924
2	51	2	1	263	2	6	5	23	2	1	3	1	1.2324021	50	13557.117	13557.317	13557.317	13557.517	13558.549
2	51	2	1	264	2	6	5	24	4	1	4	0	1.5268173	50	13559.335	13559.535	13559.535	13559.735	13561.062
2	51	2	1	265	2	6	5	25	1	1	2	1	0.8458061	51	13561.557	13561.757	13561.757	13561.957	13562.603
2	51	2	1	266	2	6	5	26	2	2	3	1	0.81558808	52	13563.774	13564.374	13564.374	13564.574	13565.19
2	51	2	1	267	2	6	5	27	4	2	5	1	0.74717953	53	13566.394	13566.994	13566.994	13567.194	13567.741
2	51	2	1	268	2	6	5	28	6	2	7	1	0.7050438	54	13569.013	13569.613	13569.613	13569.813	13570.319
2	51	2	1	269	2	6	5	29	6	1	7	1	0.61011866	55	13571.633	13571.833	13571.833	13572.033	13572.444
2	51	2	1	270	2	6	5	30	3	1	4	1	0.87978952	56	13573.853	13574.053	13574.053	13574.253	13574.933
2	51	2	1	271	2	2	5	1	4	1	8	1	0.68112102	1	13604.138	13604.338	13604.338	13604.538	13605.019
2	51	2	1	272	2	2	5	2	5	2	8	1	0.51342264	2	13606.356	13606.956	13606.956	13607.156	13607.469
2	51	2	1	273	2	2	5	3	3	1	1	1	0.53690818	3	13608.973	13609.173	13609.173	13609.373	13609.71
2	51	2	1	274	2	2	5	4	4	2	8	1	0.52934375	4	13611.193	13611.793	13611.793	13611.993	13612.323
2	51	2	1	275	2	2	5	5	5	2	8	1	0.49626948	5	13613.813	13614.413	13614.413	13614.613	13614.909
2	51	2	1	276	2	2	5	6	2	2	1	1	0.51788336	6	13616.433	13617.033	13617.033	13617.233	13617.551
2	51	2	1	277	2	2	5	7	6	2	8	1	0.51797915	7	13619.053	13619.653	13619.653	13619.853	13620.171
2	51	2	1	278	2	2	5	8	6	1	8	1	0.49228017	8	13621.673	13621.873	13621.873	13622.073	13622.365
2	51	2	1	279	2	2	5	9	2	2	1	1	0.54263929	9	13623.893	13624.493	13624.493	13624.693	13625.036
2	51	2	1	280	2	2	5	10	3	2	1	1	0.60441458	10	13626.514	13627.114	13627.114	13627.314	13627.718
2	51	2	1	281	2	2	5	11	3	1	1	1	0.55134672	11	13629.134	13629.334	13629.334	13629.534	13629.885
2	51	2	1	282	2	2	5	12	1	1	1	1	0.48192331	12	13631.379	13631.579	13631.579	13631.779	13632.061
2	51	2	1	283	2	2	5	13	4	1	8	1	0.51191281	13	13633.599	13633.799	13633.799	13633.999	13634.311
2	51	2	1	284	2	2	5	14	4	1	8	1	0.47194026	14	13635.821	13636.021	13636.021	13636.221	13636.493
2	51	2	1	285	2	2	5	15	6	2	8	1	0.45786333	15	13638.042	13638.642	13638.642	13638.842	13639.099
2	51	2	1	286	2	2	5	16	1	1	1	1	0.54953041	16	13640.664	13640.864	13640.864	13641.064	13641.414
2	51	2	1	287	2	2	5	17	5	2	8	1	0.49637616	17	13642.884	13643.484	13643.484	13643.684	13643.981
2	51	2	1	288	2	2	5	18	2	2	1	1	0.50151162	18	13645.505	13646.105	13646.105	13646.305	13646.607
2	51	2	1	289	2	2	5	19	6	1	8	1	0.54449955	19	13648.123	13648.323	13648.323	13648.523	13648.867
2	51	2	1	290	2	2	5	20	1	2	1	1	0.48755952	20	13650.344	13650.944	13650.944	13651.144	13651.431
2	51	2	1	291	2	2	5	21	3	1	1	1	0.54284012	21	13652.965	13653.165	13653.165	13653.365	13653.707
2	51	2	1	292	2	2	5	22	6	2	8	1	0.4928525	22	13655.185	13655.785	13655.785	13655.985	13656.278
2	51	2	1	293	2	2	5	23	1	1	1	1	0.42516611	23	13657.806	13658.006	13658.006	13658.206	13658.431
2	51	2	1	294	2	2	5	24	2	1	1	1	0.46464397	24	13660.027	13660.227	13660.227	13660.427	13660.691
2	51	2	1	295	2	2	5	25	3	1	1	1	0.47545298	25	13662.248	13662.448	13662.448	13662.648	13662.923
2	51	2	1	296	2	2	5	26	2	2	1	1	0.52734514	26	13664.469	13665.069	13665.069	13665.269	13665.596
2	51	2	1	297	2	2	5	27	5	2	8	1	0.52365653	27	13667.09	13667.69	13667.69	13667.89	13668.213
2	51	2	1	298	2	2	5	28	5	2	8	1	0.54912638	28	13669.71	13670.31	13670.31	13670.51	13670.859
2	51	2	1	299	2	2	5	29	1	1	1	1	0.64878831	29	13672.331	13672.531	13672.531	13672.731	13673.179
2	51	2	1	300	2	2	5	30	4	1	8	1	0.4882431	30	13674.551	13674.751	13674.751	13674.951	13675.239
2	51	2	1	301	2	6	6	1	4	1	5	1	1.1888323	31	13704.858	13705.058	13705.058	13705.258	13706.247
2	51	2	1	302	2	6	6	2	5	2	6	1	0.67659401	32	13707.079	13707.679	13707.679	13707.879	13708.356
2	51	2	1	303	2	6	6	3	3	1	4	1	0.80077369	33	13709.7	13709.9	13709.9	13710.1	13710.701
2	51	2	1	304	2	6	6	4	4	2	5	1	0.78653182	34	13711.923	13712.523	13712.523	13712.723	13713.31
2	51	2	1	305	2	6	6	5	5	2	6	1	0.61921503	35	13714.545	13715.145	13715.145	13715.345	13715.764
2	51	2	1	306	2	6	6	6	2	2	3	1	0.81754815	36	13717.166	13717.766	13717.766	13717.966	13718.584
2	51	2	1	307	2	6	6	7	6	2	7	1	0.74659801	37	13719.784	13720.384	13720.385	13720.585	13721.131
2	51	2	1	308	2	6	6	8	6	1	7	1	0.56719593	38	13722.406	13722.606	13722.606	13722.806	13723.173
2	51	2	1	309	2	6	6	9	2	2	3	1	0.89015811	39	13724.628	13725.228	13725.228	13725.428	13726.118
2	51	2	1	310	2	6	6	10	3	2	5	0	0.56979589	39	13727.25	13727.85	13727.85	13728.05	13728.419
2	51	2	1	311	2	6	6	11	3	1	4	1	0.73523911	40	13729.871	13730.071	13730.071	13730.271	13730.806
2	51	2	1	312	2	6	6	12	1	1	2	1	0.82227637	41	13732.093	13732.293	13732.293	13732.493	13733.115
2	51	2	1	313	2	6	6	13	4	1	4	0	0.96357996	41	13734.314	13734.514	13734.514	13734.714	13735.478
2	51	2	1	314	2	6	6	14	4	1	4	0	0.70964265	41	13736.534	13736.734	13736.734	13736.934	13737.444
2	51	2	1	315	2	6	6	15	6	2	7	1	0.65773905	42	13738.753	13739.353	13739.353	13739.553	13740.011
2	51	2	1	316	2	6	6	16	1	1	2	1	0.70907235	43	13741.374	13741.574	13741.574	13741.774	13742.283
2	51	2	1	317	2	6	6	17	5	2	6	1	0.73664912	44	13743.596	13744.196	13744.196	13744.396	13744.933
2	51	2	1	318	2	6	6	18	2	2	3	1	0.82121222	45	13746.218	13746.818	13746.818	13747.018	13747.639
2	51	2	1	319	2	6	6	19	6	1	7	1	0.94701214	46	13748.84	13749.04	13749.04	13749.24	13749.987
2	51	2	1	320	2	6	6	20	1	2	2	1	0.7207224	47	13751.061	13751.661	13751.661	13751.861	13752.381
2	51	2	1	321	2	6	6	21	3	1	4	1	0.8589074	48	13753.682	13753.882	13753.882	13754.082	13754.741
2	51	2	1	322	2	6	6	22	6	2	7	1	0.64439792	49	13755.902	13756.502	13756.502	13756.702	13757.147
2	51	2	1	323	2	6	6	23	1	1	2	1	0.84372276	50	13758.522	13758.722	13758.722	13758.922	13759.566
2	51	2	1	324	2	6	6	24	2	1	3	1	0.85018827	51	13760.745	13760.945	13760.945	13761.145	13761.796
2	51	2	1	325	2	6	6	25	3	1	4	1	0.69290452	52	13762.967	13763.167	13763.167	13763.367	13763.86
2	51	2	1	326	2	6	6	26	2	2	3	1	0.67196219	53	13765.189	13765.789	13765.789	13765.989	13766.461
2	51	2	1	327	2	6	6	27	5	2	6	1	0.73852365	54	13767.811	13768.411	13768.411	13768.611	13769.15
2	51	2	1	328	2	6	6	28	5	2	6	1	0.61850758	55	13770.434	13771.034	13771.034	13771.234	13771.653
2	51	2	1	329	2	6	6	29	1	1	2	1	0.89246294	56	13773.057	13773.257	13773.257	13773.457	13774.149
2	51	2	1	330	2	6	6	30	4	1	4	0	1.0142686	56	13775.28	13775.48	13775.48	13775.68	13776.494
2	51	2	1	331	2	2	6	1	2	1	6	1	1.9981749	1	13805.566	13805.766	13805.766	13805.966	13807.764
2	51	2	1	332	2	2	6	2	1	2	6	1	2.0006125	2	13807.786	13808.386	13808.386	13808.586	13810.387
2	51	2	1	333	2	2	6	3	5	1	6	0	2.0008087	2	13810.408	13810.608	13810.608	13810.808	13812.609
2	51	2	1	334	2	2	6	4	1	2	6	1	1.9992844	3	13812.633	13813.233	13813.233	13813.433	13815.232
2	51	2	1	335	2	2	6	5	2	2	6	1	1.9976001	4	13815.255	13815.855	13815.855	13816.055	13817.853
2	51	2	1	336	2	2	6	6	2	2	6	1	1.9989324	5	13817.877	13818.477	13818.477	13818.677	13820.476
2	51	2	1	337	2	2	6	7	6	2	6	1	1.9986685	6	13820.501	13821.101	13821.101	13821.301	13823.1
2	51	2	1	338	2	2	6	8	5	1	8	1	0.61601986	7	13823.123	13823.323	13823.323	13823.523	13823.939
2	51	2	1	339	2	2	6	9	3	2	1	1	0.73008966	8	13825.346	13825.946	13825.946	13826.146	13826.676
2	51	2	1	340	2	2	6	10	4	2	8	1	0.65090606	9	13827.969	13828.569	13828.569	13828.769	13829.22
2	51	2	1	341	2	2	6	11	5	1	8	1	0.46855327	10	13830.592	13830.792	13830.792	13830.992	13831.26
2	51	2	1	342	2	2	6	12	2	1	1	1	0.62170678	11	13832.814	13833.014	13833.014	13833.214	13833.635
2	51	2	1	343	2	2	6	13	5	1	1	0	0.54483147	11	13835.036	13835.236	13835.236	13835.436	13835.781
2	51	2	1	344	2	2	6	14	1	1	6	0	1.9992907	11	13837.258	13837.458	13837.458	13837.658	13839.458
2	51	2	1	345	2	2	6	15	5	2	6	0	1.9999955	11	13839.482	13840.082	13840.082	13840.282	13842.082
2	51	2	1	346	2	2	6	16	2	1	6	1	1.5889357	12	13842.107	13842.307	13842.307	13842.507	13843.896
2	51	2	1	347	2	2	6	17	3	2	1	1	0.64974371	13	13844.329	13844.929	13844.929	13845.129	13845.579
2	51	2	1	348	2	2	6	18	1	2	1	1	0.71711694	14	13846.951	13847.551	13847.551	13847.751	13848.268
2	51	2	1	349	2	2	6	19	6	1	8	1	0.97770983	15	13849.572	13849.772	13849.772	13849.972	13850.749
2	51	2	1	350	2	2	6	20	6	2	8	1	0.42484561	16	13851.795	13852.395	13852.395	13852.595	13852.82
2	51	2	1	351	2	2	6	21	6	1	8	1	0.52099588	17	13854.419	13854.619	13854.619	13854.819	13855.14
2	51	2	1	352	2	2	6	22	4	2	8	1	0.50044899	18	13856.639	13857.239	13857.239	13857.439	13857.739
2	51	2	1	353	2	2	6	23	4	1	8	1	0.60699181	19	13859.262	13859.462	13859.462	13859.662	13860.069
2	51	2	1	354	2	2	6	24	6	1	8	1	0.46290878	20	13861.485	13861.685	13861.685	13861.885	13862.148
2	51	2	1	355	2	2	6	25	3	1	8	0	1.591519	20	13863.707	13863.907	13863.907	13864.107	13865.499
2	51	2	1	356	2	2	6	26	4	2	8	1	0.52652445	21	13865.934	13866.534	13866.534	13866.734	13867.061
2	51	2	1	357	2	2	6	27	1	2	1	1	0.75313554	22	13868.558	13869.158	13869.158	13869.358	13869.911
2	51	2	1	358	2	2	6	28	3	2	1	1	0.64581499	23	13871.181	13871.781	13871.781	13871.981	13872.427
2	51	2	1	359	2	2	6	29	3	1	1	1	0.71015211	24	13873.805	13874.005	13874.005	13874.205	13874.715
2	51	2	1	360	2	2	6	30	4	1	8	1	0.60157037	25	13876.028	13876.228	13876.228	13876.428	13876.83
2	51	2	1	361	3	6	7	1	2	1	3	1	1.2148657	26	14718.473	14718.673	14718.673	14718.873	14719.888
2	51	2	1	362	3	6	7	2	1	2	2	1	0.71332674	27	14720.701	14721.301	14721.301	14721.501	14722.014
2	51	2	1	363	3	6	7	3	5	1	6	1	0.76050234	28	14723.324	14723.524	14723.524	14723.724	14724.284
2	51	2	1	364	3	6	7	4	1	2	2	1	0.74202648	29	14725.551	14726.151	14726.151	14726.351	14726.893
2	51	2	1	365	3	6	7	5	2	2	3	1	0.7431828	30	14728.176	14728.776	14728.776	14728.976	14729.519
2	51	2	1	366	3	6	7	6	2	2	3	1	0.67168503	31	14730.8	14731.4	14731.4	14731.6	14732.071
2	51	2	1	367	3	6	7	7	6	2	7	1	0.71794736	32	14733.424	14734.024	14734.024	14734.224	14734.742
2	51	2	1	368	3	6	7	8	5	1	6	1	0.7210656	33	14736.048	14736.248	14736.248	14736.448	14736.969
2	51	2	1	369	3	6	7	9	3	2	4	1	0.76042484	34	14738.268	14738.868	14738.868	14739.068	14739.629
2	51	2	1	370	3	6	7	10	4	2	5	1	0.61911961	35	14740.89	14741.49	14741.49	14741.69	14742.109
2	51	2	1	371	3	6	7	11	5	1	6	1	0.68306065	36	14743.513	14743.713	14743.713	14743.913	14744.397
2	51	2	1	372	3	6	7	12	2	1	3	1	0.75050997	37	14745.735	14745.935	14745.935	14746.135	14746.685
2	51	2	1	373	3	6	7	13	5	1	6	1	0.69015403	38	14747.963	14748.163	14748.163	14748.363	14748.853
2	51	2	1	374	3	6	7	14	1	1	2	1	0.72933297	39	14750.187	14750.387	14750.387	14750.587	14751.116
2	51	2	1	375	3	6	7	15	5	2	6	1	0.66742809	40	14752.412	14753.012	14753.012	14753.212	14753.679
2	51	2	1	376	3	6	7	16	2	1	3	1	0.66224017	41	14755.04	14755.24	14755.24	14755.44	14755.902
2	51	2	1	377	3	6	7	17	3	2	4	1	0.86266527	42	14757.264	14757.864	14757.864	14758.064	14758.727
2	51	2	1	378	3	6	7	18	1	2	2	1	0.81023018	43	14759.889	14760.489	14760.489	14760.689	14761.299
2	51	2	1	379	3	6	7	19	6	1	7	1	0.60036931	44	14762.514	14762.714	14762.714	14762.914	14763.315
2	51	2	1	380	3	6	7	20	6	2	7	1	0.55229069	45	14764.739	14765.339	14765.339	14765.539	14765.891
2	51	2	1	381	3	6	7	21	6	1	7	1	0.60899199	46	14767.363	14767.563	14767.563	14767.763	14768.172
2	51	2	1	382	3	6	7	22	4	2	5	1	0.78567035	47	14769.586	14770.186	14770.186	14770.386	14770.972
2	51	2	1	383	3	6	7	23	4	1	5	1	0.60128696	48	14772.21	14772.41	14772.41	14772.61	14773.011
2	51	2	1	384	3	6	7	24	6	1	7	1	0.62664116	49	14774.435	14774.635	14774.635	14774.835	14775.262
2	51	2	1	385	3	6	7	25	3	1	4	1	0.86233298	50	14776.66	14776.86	14776.86	14777.06	14777.722
2	51	2	1	386	3	6	7	26	4	2	5	1	0.77821341	51	14778.885	14779.485	14779.485	14779.685	14780.263
2	51	2	1	387	3	6	7	27	1	2	2	1	0.85497626	52	14781.509	14782.109	14782.109	14782.309	14782.964
2	51	2	1	388	3	6	7	28	3	2	4	1	0.832058	53	14784.131	14784.731	14784.731	14784.931	14785.563
2	51	2	1	389	3	6	7	29	3	1	4	1	0.72160918	54	14786.755	14786.955	14786.955	14787.155	14787.677
2	51	2	1	390	3	6	7	30	4	1	5	1	0.84147685	55	14788.979	14789.179	14789.179	14789.379	14790.021
2	51	2	1	391	3	2	7	1	4	1	8	1	0.63066452	1	14819.263	14819.463	14819.463	14819.663	14820.094
2	51	2	1	392	3	2	7	2	4	2	8	1	0.66267897	2	14821.488	14822.088	14822.088	14822.288	14822.75
2	51	2	1	393	3	2	7	3	3	1	1	1	0.66914557	3	14824.113	14824.313	14824.313	14824.513	14824.982
2	51	2	1	394	3	2	7	4	3	2	1	1	0.56243286	4	14826.338	14826.938	14826.938	14827.138	14827.501
2	51	2	1	395	3	2	7	5	6	2	8	1	0.55555902	5	14828.964	14829.564	14829.564	14829.764	14830.119
2	51	2	1	396	3	2	7	6	4	2	8	1	0.62420021	6	14831.589	14832.189	14832.189	14832.389	14832.813
2	51	2	1	397	3	2	7	7	5	2	8	1	0.46122804	7	14834.218	14834.818	14834.818	14835.018	14835.279
2	51	2	1	398	3	2	7	8	3	1	1	1	0.61095846	8	14836.844	14837.044	14837.044	14837.244	14837.655
2	51	2	1	399	3	2	7	9	1	2	1	1	0.65190835	9	14839.066	14839.666	14839.666	14839.866	14840.318
2	51	2	1	400	3	2	7	10	6	2	8	1	0.46822892	10	14841.697	14842.297	14842.297	14842.497	14842.765
2	51	2	1	401	3	2	7	11	1	1	1	1	0.52070967	11	14844.322	14844.522	14844.522	14844.722	14845.043
2	51	2	1	402	3	2	7	12	2	1	1	1	0.53615128	12	14846.548	14846.748	14846.748	14846.948	14847.284
2	51	2	1	403	3	2	7	13	2	1	1	1	0.53844461	13	14848.777	14848.977	14848.977	14849.177	14849.516
2	51	2	1	404	3	2	7	14	4	1	8	1	0.56973302	14	14851.051	14851.251	14851.251	14851.451	14851.821
2	51	2	1	405	3	2	7	15	6	2	8	1	0.53777711	15	14853.277	14853.877	14853.877	14854.077	14854.415
2	51	2	1	406	3	2	7	16	3	1	1	1	0.5235822	16	14855.904	14856.104	14856.104	14856.304	14856.627
2	51	2	1	407	3	2	7	17	1	2	1	1	0.58660774	17	14858.129	14858.729	14858.73	14858.93	14859.316
2	51	2	1	408	3	2	7	18	2	2	1	1	0.50557993	18	14860.755	14861.355	14861.355	14861.555	14861.86
2	51	2	1	409	3	2	7	19	2	1	1	1	0.61240889	19	14863.38	14863.58	14863.58	14863.78	14864.193
2	51	2	1	410	3	2	7	20	5	2	8	1	0.55372966	20	14865.603	14866.203	14866.203	14866.403	14866.757
2	51	2	1	411	3	2	7	21	4	1	8	1	0.73705651	21	14868.23	14868.43	14868.43	14868.63	14869.167
2	51	2	1	412	3	2	7	22	1	2	8	0	0.83132945	21	14870.455	14871.055	14871.055	14871.255	14871.886
2	51	2	1	413	3	2	7	23	6	1	0	0	-14873.281	21	14873.081	14873.281	14873.281	14873.481	0
2	51	2	1	414	3	2	7	24	5	1	8	1	1.5606932	22	14875.307	14875.507	14875.507	14875.707	14877.068
2	51	2	1	415	3	2	7	25	3	1	1	1	0.79706189	23	14877.535	14877.735	14877.735	14877.935	14878.532
2	51	2	1	416	3	2	7	26	6	2	8	1	0.58691491	24	14879.76	14880.36	14880.36	14880.56	14880.947
2	51	2	1	417	3	2	7	27	5	2	8	1	0.52354224	25	14882.384	14882.984	14882.984	14883.184	14883.508
2	51	2	1	418	3	2	7	28	5	2	8	1	0.52973819	26	14885.012	14885.612	14885.612	14885.812	14886.142
2	51	2	1	419	3	2	7	29	2	1	1	1	0.636838	27	14887.641	14887.841	14887.841	14888.041	14888.478
2	51	2	1	420	3	2	7	30	1	1	1	1	0.59925066	28	14889.868	14890.068	14890.068	14890.268	14890.668
2	51	2	1	421	3	6	8	1	4	1	4	0	1.3289074	28	14920.172	14920.372	14920.372	14920.572	14921.701
2	51	2	1	422	3	6	8	2	4	2	5	1	0.74871264	29	14922.402	14923.002	14923.002	14923.202	14923.751
2	51	2	1	423	3	6	8	3	3	1	4	1	0.81399098	30	14925.029	14925.229	14925.229	14925.429	14926.043
2	51	2	1	424	3	6	8	4	3	2	4	1	0.63920701	31	14927.256	14927.856	14927.856	14928.056	14928.495
2	51	2	1	425	3	6	8	5	6	2	0	0	-14930.482	31	14929.882	14930.482	14930.482	14930.682	0
2	51	2	1	426	3	6	8	6	4	2	5	1	1.2324238	32	14932.508	14933.108	14933.108	14933.308	14934.341
2	51	2	1	427	3	6	8	7	5	2	6	1	1.1792518	33	14935.132	14935.732	14935.732	14935.932	14936.911
2	51	2	1	428	3	6	8	8	3	1	4	1	1.2788071	34	14937.758	14937.958	14937.958	14938.158	14939.237
2	51	2	1	429	3	6	8	9	1	2	0	0	-14940.582	34	14939.982	14940.582	14940.582	14940.782	0
2	51	2	1	430	3	6	8	10	6	2	8	0	1.0277596	34	14942.609	14943.209	14943.209	14943.409	14944.237
2	51	2	1	431	3	6	8	11	1	1	1	0	1.1105681	34	14945.232	14945.432	14945.432	14945.632	14946.543
2	51	2	1	432	3	6	8	12	2	1	5	0	1.9439075	34	14947.459	14947.659	14947.659	14947.859	14949.603
2	51	2	1	433	3	6	8	13	2	1	3	1	1.3121442	35	14949.685	14949.885	14949.885	14950.085	14951.198
2	51	2	1	434	3	6	8	14	4	1	0	0	-14952.111	35	14951.911	14952.111	14952.111	14952.311	0
2	51	2	1	435	3	6	8	15	6	2	0	0	-14954.737	35	14954.137	14954.737	14954.737	14954.937	0
2	51	2	1	436	3	6	8	16	3	1	0	0	-14956.964	35	14956.764	14956.964	14956.964	14957.164	0
2	51	2	1	437	3	6	8	17	1	2	0	0	-14959.592	35	14958.992	14959.592	14959.592	14959.792	0
2	51	2	1	438	3	6	8	18	2	2	2	0	1.1870217	35	14961.618	14962.218	14962.218	14962.418	14963.405
2	51	2	1	439	3	6	8	19	2	1	0	0	-14964.442	35	14964.242	14964.442	14964.442	14964.642	0
2	51	2	1	440	3	6	8	20	5	2	7	0	1.1751556	35	14966.47	14967.07	14967.07	14967.27	14968.245
2	51	2	1	441	3	6	8	21	4	1	5	1	1.1567328	36	14969.096	14969.296	14969.296	14969.496	14970.453
2	51	2	1	442	3	6	8	22	1	2	1	0	0.91513537	36	14971.323	14971.923	14971.923	14972.123	14972.838
2	51	2	1	443	3	6	8	23	6	1	8	0	0.98884635	36	14973.951	14974.151	14974.151	14974.351	14975.139
2	51	2	1	444	3	6	8	24	5	1	0	0	-14976.375	36	14976.175	14976.375	14976.375	14976.575	0
2	51	2	1	445	3	6	8	25	3	1	4	1	1.211871	37	14978.403	14978.603	14978.603	14978.803	14979.815
2	51	2	1	446	3	6	8	26	6	2	5	0	0.87925638	37	14980.631	14981.231	14981.231	14981.431	14982.11
2	51	2	1	447	3	6	8	27	5	2	0	0	-14983.858	37	14983.258	14983.858	14983.858	14984.058	0
2	51	2	1	448	3	6	8	28	5	2	0	0	-14986.483	37	14985.882	14986.483	14986.483	14986.683	0
2	51	2	1	449	3	6	8	29	2	1	2	0	0.82602517	37	14988.509	14988.709	14988.709	14988.909	14989.535
2	51	2	1	450	3	6	8	30	1	1	1	0	0.73978997	37	14990.737	14990.937	14990.937	14991.137	14991.677
2	51	2	1	451	3	2	8	1	2	1	0	0	-15021.232	0	15021.032	15021.232	15021.232	15021.432	0
2	51	2	1	452	3	2	8	2	4	2	8	1	0.64190325	1	15023.26	15023.86	15023.86	15024.06	15024.502
2	51	2	1	453	3	2	8	3	6	1	0	0	-15026.087	1	15025.887	15026.087	15026.087	15026.287	0
2	51	2	1	454	3	2	8	4	6	2	3	0	1.999973	1	15028.114	15028.714	15028.714	15028.914	15030.714
2	51	2	1	455	3	2	8	5	4	2	3	0	1.9996276	1	15030.74	15031.34	15031.34	15031.54	15033.34
2	51	2	1	456	3	2	8	6	4	2	1	0	0.95432659	1	15033.368	15033.968	15033.968	15034.168	15034.923
2	51	2	1	457	3	2	8	7	2	2	5	0	1.838667	1	15035.996	15036.596	15036.596	15036.796	15038.435
2	51	2	1	458	3	2	8	8	6	1	0	0	-15038.824	1	15038.624	15038.824	15038.824	15039.024	0
2	51	2	1	459	3	2	8	9	5	2	8	1	0.61695767	2	15040.851	15041.451	15041.451	15041.651	15042.068
2	51	2	1	460	3	2	8	10	2	2	0	0	-15044.079	2	15043.479	15044.079	15044.079	15044.279	0
2	51	2	1	461	3	2	8	11	3	1	0	0	-15046.307	2	15046.107	15046.307	15046.307	15046.507	0
2	51	2	1	462	3	2	8	12	4	1	8	1	0.62391346	3	15048.335	15048.535	15048.535	15048.735	15049.159
2	51	2	1	463	3	2	8	13	5	1	8	1	0.56918012	4	15050.564	15050.764	15050.764	15050.964	15051.334
2	51	2	1	464	3	2	8	14	2	1	1	1	0.60541357	5	15052.792	15052.992	15052.992	15053.192	15053.598
2	51	2	1	465	3	2	8	15	1	2	1	1	0.57488994	6	15055.021	15055.621	15055.621	15055.821	15056.195
2	51	2	1	466	3	2	8	16	1	1	1	1	0.537391	7	15057.651	15057.851	15057.851	15058.051	15058.388
2	51	2	1	467	3	2	8	17	6	2	1	0	0.54494363	7	15059.884	15060.484	15060.484	15060.684	15061.029
2	51	2	1	468	3	2	8	18	4	2	8	1	0.50783098	8	15062.513	15063.113	15063.113	15063.313	15063.621
2	51	2	1	469	3	2	8	19	2	1	1	1	0.5129501	9	15065.138	15065.338	15065.338	15065.538	15065.851
2	51	2	1	470	3	2	8	20	3	2	1	1	1.1173863	10	15067.367	15067.967	15067.967	15068.167	15069.084
2	51	2	1	471	3	2	8	21	5	1	8	1	0.65621457	11	15069.995	15070.195	15070.195	15070.395	15070.852
2	51	2	1	472	3	2	8	22	3	2	8	0	1.942677	11	15072.223	15072.823	15072.823	15073.023	15074.766
2	51	2	1	473	3	2	8	23	3	1	0	0	-15075.053	11	15074.853	15075.053	15075.053	15075.253	0
2	51	2	1	474	3	2	8	24	6	1	8	1	1.1157977	12	15077.081	15077.281	15077.281	15077.481	15078.397
2	51	2	1	475	3	2	8	25	5	1	0	0	-15079.511	12	15079.311	15079.511	15079.511	15079.711	0
2	51	2	1	476	3	2	8	26	1	2	1	1	0.84887207	13	15081.54	15082.14	15082.14	15082.34	15082.989
2	51	2	1	477	3	2	8	27	3	2	1	1	0.90003195	14	15084.168	15084.768	15084.768	15084.968	15085.668
2	51	2	1	478	3	2	8	28	5	2	0	0	-15087.397	14	15086.797	15087.397	15087.397	15087.597	0
2	51	2	1	479	3	2	8	29	1	1	0	0	-15089.622	14	15089.422	15089.622	15089.622	15089.822	0
2	51	2	1	480	3	2	8	30	1	1	1	1	0.6159998	15	15091.653	15091.853	15091.853	15092.053	15092.469
2	51	2	1	481	3	6	9	1	2	1	3	1	0.87573253	16	15121.962	15122.162	15122.162	15122.362	15123.038
2	51	2	1	482	3	6	9	2	4	2	5	1	1.5905977	17	15124.191	15124.791	15124.791	15124.991	15126.382
2	51	2	1	483	3	6	9	3	6	1	7	1	0.76034303	18	15126.82	15127.02	15127.02	15127.22	15127.781
2	51	2	1	484	3	6	9	4	6	2	0	0	-15129.65	18	15129.05	15129.65	15129.65	15129.85	0
2	51	2	1	485	3	6	9	5	4	2	5	1	0.8467992	19	15131.679	15132.279	15132.279	15132.479	15133.126
2	51	2	1	486	3	6	9	6	4	2	0	0	-15134.906	19	15134.306	15134.906	15134.906	15135.106	0
2	51	2	1	487	3	6	9	7	2	2	3	1	0.87911531	20	15136.935	15137.535	15137.535	15137.735	15138.414
2	51	2	1	488	3	6	9	8	6	1	0	0	-15139.765	20	15139.565	15139.765	15139.765	15139.965	0
2	51	2	1	489	3	6	9	9	5	2	6	1	0.73752934	21	15141.795	15142.395	15142.395	15142.595	15143.132
2	51	2	1	490	3	6	9	10	2	2	0	0	-15145.023	21	15144.423	15145.023	15145.023	15145.223	0
2	51	2	1	491	3	6	9	11	3	1	4	1	1.403203	22	15147.051	15147.251	15147.251	15147.451	15148.654
2	51	2	1	492	3	6	9	12	4	1	0	0	-15149.48	22	15149.28	15149.48	15149.48	15149.68	0
2	51	2	1	493	3	6	9	13	5	1	0	0	-15151.709	22	15151.509	15151.709	15151.709	15151.909	0
2	51	2	1	494	3	6	9	14	2	1	3	1	0.76599171	23	15153.735	15153.935	15153.935	15154.135	15154.701
2	51	2	1	495	3	6	9	15	1	2	2	1	0.8327583	24	15155.965	15156.565	15156.565	15156.765	15157.398
2	51	2	1	496	3	6	9	16	1	1	0	0	-15158.795	24	15158.595	15158.795	15158.795	15158.995	0
2	51	2	1	497	3	6	9	17	6	2	0	0	-15161.423	24	15160.823	15161.423	15161.423	15161.623	0
2	51	2	1	498	3	6	9	18	4	2	5	1	0.98434526	25	15163.452	15164.052	15164.052	15164.252	15165.036
2	51	2	1	499	3	6	9	19	2	1	3	1	0.73937616	26	15166.081	15166.281	15166.281	15166.481	15167.02
2	51	2	1	500	3	6	9	20	3	2	4	1	0.77348096	27	15168.311	15168.911	15168.911	15169.111	15169.684
2	51	2	1	501	3	6	9	21	5	1	6	1	1.0666102	28	15170.939	15171.139	15171.139	15171.339	15172.206
2	51	2	1	502	3	6	9	22	3	2	0	0	-15173.773	28	15173.173	15173.773	15173.773	15173.973	0
2	51	2	1	503	3	6	9	23	3	1	4	1	1.4481102	29	15175.803	15176.003	15176.003	15176.203	15177.451
2	51	2	1	504	3	6	9	24	6	1	0	0	-15178.229	29	15178.029	15178.229	15178.229	15178.429	0
2	51	2	1	505	3	6	9	25	5	1	0	0	-15180.459	29	15180.259	15180.459	15180.459	15180.659	0
2	51	2	1	506	3	6	9	26	1	2	2	1	0.79483387	30	15182.49	15183.09	15183.09	15183.29	15183.885
2	51	2	1	507	3	6	9	27	3	2	0	0	-15185.719	30	15185.119	15185.719	15185.719	15185.919	0
2	51	2	1	508	3	6	9	28	5	2	6	1	0.79703424	31	15187.746	15188.346	15188.346	15188.546	15189.143
2	51	2	1	509	3	6	9	29	1	1	0	0	-15190.618	31	15190.418	15190.618	15190.618	15190.818	0
2	51	2	1	510	3	6	9	30	1	1	2	1	0.73379072	32	15192.648	15192.848	15192.848	15193.048	15193.582
2	51	2	1	511	3	2	9	1	4	1	0	0	-15223.142	0	15222.942	15223.142	15223.142	15223.342	0
2	51	2	1	512	3	2	9	2	1	2	1	1	1.1731891	1	15225.176	15225.776	15225.776	15225.976	15226.95
2	51	2	1	513	3	2	9	3	2	1	1	1	0.66285787	2	15227.807	15228.007	15228.007	15228.207	15228.67
2	51	2	1	514	3	2	9	4	5	2	6	0	1.9971572	2	15230.037	15230.637	15230.637	15230.837	15232.635
2	51	2	1	515	3	2	9	5	4	2	8	1	0.54357947	3	15232.67	15233.27	15233.27	15233.47	15233.813
2	51	2	1	516	3	2	9	6	1	2	6	0	0.39242485	3	15235.3	15235.9	15235.9	15236.1	15236.293
2	51	2	1	517	3	2	9	7	2	2	0	0	-15238.534	3	15237.934	15238.534	15238.534	15238.734	0
2	51	2	1	518	3	2	9	8	1	1	1	1	0.57403097	4	15240.568	15240.768	15240.768	15240.968	15241.342
2	51	2	1	519	3	2	9	9	4	2	5	0	0.74930281	4	15242.798	15243.398	15243.398	15243.598	15244.148
2	51	2	1	520	3	2	9	10	4	2	8	1	0.70295062	5	15245.429	15246.029	15246.029	15246.229	15246.732
2	51	2	1	521	3	2	9	11	1	1	1	1	0.65107958	6	15248.06	15248.26	15248.26	15248.46	15248.911
2	51	2	1	522	3	2	9	12	6	1	8	1	0.64097594	7	15250.29	15250.49	15250.49	15250.69	15251.131
2	51	2	1	523	3	2	9	13	3	1	1	1	0.75433788	8	15252.523	15252.723	15252.723	15252.923	15253.477
2	51	2	1	524	3	2	9	14	5	1	6	0	0.21994705	8	15254.754	15254.954	15254.954	15255.154	15255.173
2	51	2	1	525	3	2	9	15	5	2	8	1	0.59070231	9	15256.984	15257.584	15257.584	15257.784	15258.175
2	51	2	1	526	3	2	9	16	6	1	0	0	-15259.811	9	15259.611	15259.811	15259.811	15260.011	0
2	51	2	1	527	3	2	9	17	3	2	1	1	1.0054373	10	15261.842	15262.442	15262.442	15262.642	15263.447
2	51	2	1	528	3	2	9	18	3	2	0	0	-15265.072	10	15264.472	15265.072	15265.072	15265.272	0
2	51	2	1	529	3	2	9	19	6	1	8	1	0.55130856	11	15267.103	15267.303	15267.303	15267.503	15267.855
2	51	2	1	530	3	2	9	20	6	2	0	0	-15269.94	11	15269.34	15269.94	15269.94	15270.14	0
2	51	2	1	531	3	2	9	21	3	1	6	0	1.9951923	11	15271.971	15272.171	15272.171	15272.371	15274.166
2	51	2	1	532	3	2	9	22	5	2	6	0	0.68482879	11	15274.199	15274.799	15274.799	15274.999	15275.484
2	51	2	1	533	3	2	9	23	2	1	0	0	-15277.03	11	15276.83	15277.03	15277.03	15277.23	0
2	51	2	1	534	3	2	9	24	3	1	1	1	0.64620963	12	15279.061	15279.261	15279.261	15279.461	15279.908
2	51	2	1	535	3	2	9	25	2	1	6	0	1.0006438	12	15281.293	15281.493	15281.493	15281.693	15282.493
2	51	2	1	536	3	2	9	26	6	2	8	1	0.68656401	13	15283.526	15284.126	15284.126	15284.326	15284.813
2	51	2	1	537	3	2	9	27	5	2	6	0	0.60633848	13	15286.161	15286.761	15286.761	15286.961	15287.367
2	51	2	1	538	3	2	9	28	2	2	1	1	0.67699287	14	15288.791	15289.391	15289.391	15289.591	15290.068
2	51	2	1	539	3	2	9	29	1	1	0	0	-15291.622	14	15291.422	15291.622	15291.622	15291.822	0
2	51	2	1	540	3	2	9	30	4	1	6	0	0.39549828	14	15293.652	15293.852	15293.852	15294.052	15294.247
2	51	2	1	541	4	6	10	1	4	1	5	1	0.74831812	15	15751.713	15751.913	15751.913	15752.113	15752.661
2	51	2	1	542	4	6	10	2	1	2	2	1	0.84749738	16	15753.941	15754.541	15754.541	15754.741	15755.389
2	51	2	1	543	4	6	10	3	2	1	3	1	0.72043932	17	15756.573	15756.773	15756.773	15756.973	15757.494
2	51	2	1	544	4	6	10	4	5	2	6	1	0.65622573	18	15758.805	15759.405	15759.405	15759.605	15760.061
2	51	2	1	545	4	6	10	5	4	2	4	0	0.7520507	18	15761.436	15762.036	15762.036	15762.236	15762.788
2	51	2	1	546	4	6	10	6	1	2	2	1	0.76455333	19	15764.067	15764.667	15764.667	15764.867	15765.431
2	51	2	1	547	4	6	10	7	2	2	3	1	0.79092057	20	15766.699	15767.299	15767.299	15767.499	15768.09
2	51	2	1	548	4	6	10	8	1	1	2	1	0.74838151	21	15769.331	15769.531	15769.531	15769.731	15770.279
2	51	2	1	549	4	6	10	9	4	2	5	1	0.89709708	22	15771.56	15772.16	15772.16	15772.36	15773.057
2	51	2	1	550	4	6	10	10	4	2	5	1	0.59174124	23	15774.192	15774.792	15774.792	15774.992	15775.383
2	51	2	1	551	4	6	10	11	1	1	2	1	0.71637616	24	15776.822	15777.022	15777.022	15777.222	15777.739
2	51	2	1	552	4	6	10	12	6	1	7	1	0.63164511	25	15779.055	15779.255	15779.255	15779.455	15779.886
2	51	2	1	553	4	6	10	13	3	1	4	1	0.76535913	26	15781.286	15781.486	15781.486	15781.686	15782.252
2	51	2	1	554	4	6	10	14	5	1	6	1	0.71770539	27	15783.518	15783.718	15783.718	15783.918	15784.436
2	51	2	1	555	4	6	10	15	5	2	6	1	0.66416802	28	15785.75	15786.35	15786.35	15786.55	15787.014
2	51	2	1	556	4	6	10	16	6	1	7	1	0.74204993	29	15788.381	15788.581	15788.581	15788.781	15789.323
2	51	2	1	557	4	6	10	17	3	2	4	1	1.1752736	30	15790.613	15791.213	15791.213	15791.413	15792.388
2	51	2	1	558	4	6	10	18	3	2	4	1	0.78305086	31	15793.245	15793.845	15793.845	15794.045	15794.628
2	51	2	1	559	4	6	10	19	6	1	0	0	-15796.076	31	15795.876	15796.076	15796.076	15796.276	0
2	51	2	1	560	4	6	10	20	6	2	7	1	0.87453414	32	15798.107	15798.707	15798.707	15798.907	15799.582
2	51	2	1	561	4	6	10	21	3	1	4	1	1.0756945	33	15800.74	15800.94	15800.94	15801.14	15802.016
2	51	2	1	562	4	6	10	22	5	2	0	0	-15803.573	33	15802.973	15803.573	15803.573	15803.773	0
2	51	2	1	563	4	6	10	23	2	1	3	1	0.84763133	34	15805.605	15805.805	15805.806	15806.006	15806.653
2	51	2	1	564	4	6	10	24	3	1	4	1	0.81438221	35	15807.838	15808.038	15808.038	15808.238	15808.852
2	51	2	1	565	4	6	10	25	2	1	3	1	0.77966262	36	15810.067	15810.267	15810.267	15810.467	15811.047
2	51	2	1	566	4	6	10	26	6	2	7	1	0.66147131	37	15812.303	15812.903	15812.903	15813.103	15813.565
2	51	2	1	567	4	6	10	27	5	2	6	1	0.71002519	38	15814.936	15815.536	15815.536	15815.736	15816.246
2	51	2	1	568	4	6	10	28	2	2	3	1	0.72668684	39	15817.574	15818.174	15818.174	15818.374	15818.901
2	51	2	1	569	4	6	10	29	1	1	2	1	0.69378828	40	15820.207	15820.407	15820.407	15820.607	15821.101
2	51	2	1	570	4	6	10	30	4	1	5	1	0.71030688	41	15822.446	15822.646	15822.646	15822.846	15823.356
2	51	2	1	571	4	2	10	1	3	1	1	1	0.81466792	1	15852.742	15852.942	15852.942	15853.142	15853.756
2	51	2	1	572	4	2	10	2	3	2	1	1	0.53557545	2	15854.974	15855.574	15855.574	15855.774	15856.109
2	51	2	1	573	4	2	10	3	4	1	1	0	0.4699469	2	15857.607	15857.807	15857.807	15858.007	15858.277
2	51	2	1	574	4	2	10	4	2	2	1	1	0.51539559	3	15859.84	15860.44	15860.44	15860.64	15860.956
2	51	2	1	575	4	2	10	5	6	2	8	1	0.43460819	4	15862.473	15863.073	15863.073	15863.273	15863.508
2	51	2	1	576	4	2	10	6	4	2	8	1	0.46714095	5	15865.106	15865.706	15865.706	15865.906	15866.173
2	51	2	1	577	4	2	10	7	5	2	8	1	0.48028189	6	15867.739	15868.339	15868.339	15868.539	15868.819
2	51	2	1	578	4	2	10	8	5	1	8	1	0.40838746	7	15870.371	15870.571	15870.571	15870.771	15870.98
2	51	2	1	579	4	2	10	9	1	2	1	1	0.52389196	8	15872.601	15873.201	15873.201	15873.401	15873.725
2	51	2	1	580	4	2	10	10	5	2	8	1	0.54961822	9	15875.263	15875.863	15875.863	15876.063	15876.412
2	51	2	1	581	4	2	10	11	1	1	1	1	0.58027609	10	15877.895	15878.095	15878.095	15878.295	15878.675
2	51	2	1	582	4	2	10	12	6	1	8	1	0.69229049	11	15880.128	15880.328	15880.328	15880.528	15881.02
2	51	2	1	583	4	2	10	13	1	1	1	1	0.62157322	12	15882.361	15882.561	15882.561	15882.761	15883.183
2	51	2	1	584	4	2	10	14	1	1	1	1	0.81993992	13	15884.595	15884.795	15884.795	15884.995	15885.615
2	51	2	1	585	4	2	10	15	3	2	0	0	-15887.435	13	15886.835	15887.435	15887.435	15887.635	0
2	51	2	1	586	4	2	10	16	2	1	1	1	0.62206362	14	15889.469	15889.669	15889.669	15889.869	15890.291
2	51	2	1	587	4	2	10	17	6	2	8	1	0.59740733	15	15891.703	15892.303	15892.303	15892.503	15892.9
2	51	2	1	588	4	2	10	18	5	2	1	0	0.71952367	15	15894.336	15894.936	15894.936	15895.136	15895.655
2	51	2	1	589	4	2	10	19	3	1	0	0	-15897.175	15	15896.975	15897.175	15897.175	15897.375	0
2	51	2	1	590	4	2	10	20	4	2	8	1	0.61773022	16	15899.21	15899.81	15899.81	15900.01	15900.427
2	51	2	1	591	4	2	10	21	2	1	1	1	0.71133295	17	15901.846	15902.046	15902.046	15902.246	15902.758
2	51	2	1	592	4	2	10	22	4	2	0	0	-15904.68	17	15904.08	15904.68	15904.68	15904.88	0
2	51	2	1	593	4	2	10	23	3	1	0	0	-15906.918	17	15906.718	15906.918	15906.918	15907.118	0
2	51	2	1	594	4	2	10	24	2	1	1	1	0.82768144	18	15908.951	15909.151	15909.151	15909.351	15909.979
2	51	2	1	595	4	2	10	25	4	1	8	1	0.52318096	19	15911.185	15911.385	15911.385	15911.585	15911.908
2	51	2	1	596	4	2	10	26	2	2	1	1	0.62852142	20	15913.418	15914.018	15914.018	15914.218	15914.647
2	51	2	1	597	4	2	10	27	5	2	8	1	0.4417602	21	15916.053	15916.653	15916.653	15916.853	15917.095
2	51	2	1	598	4	2	10	28	6	2	8	1	0.61655626	22	15918.685	15919.285	15919.285	15919.485	15919.902
2	51	2	1	599	4	2	10	29	1	1	1	1	0.68188931	23	15921.322	15921.522	15921.522	15921.722	15922.204
2	51	2	1	600	4	2	10	30	6	1	0	0	-15923.76	23	15923.56	15923.76	15923.76	15923.96	0
2	51	2	1	601	4	6	11	1	3	1	4	1	0.91478923	24	15953.872	15954.072	15954.072	15954.272	15954.987
2	51	2	1	602	4	6	11	2	3	2	4	1	0.59427055	25	15956.107	15956.707	15956.707	15956.907	15957.301
2	51	2	1	603	4	6	11	3	4	1	5	1	0.67898943	26	15958.741	15958.941	15958.941	15959.141	15959.62
2	51	2	1	604	4	6	11	4	2	2	2	0	0.82323947	26	15960.974	15961.574	15961.574	15961.774	15962.397
2	51	2	1	605	4	6	11	5	6	2	8	0	0.80466322	26	15963.608	15964.208	15964.208	15964.408	15965.012
2	51	2	1	606	4	6	11	6	4	2	4	0	1.1302968	26	15966.242	15966.842	15966.842	15967.042	15967.973
2	51	2	1	607	4	6	11	7	5	2	6	1	0.91377627	27	15968.873	15969.473	15969.473	15969.673	15970.387
2	51	2	1	608	4	6	11	8	5	1	6	1	0.56372173	28	15971.508	15971.708	15971.708	15971.908	15972.271
2	51	2	1	609	4	6	11	9	1	2	2	1	1.0078276	29	15973.742	15974.342	15974.342	15974.542	15975.35
2	51	2	1	610	4	6	11	10	5	2	6	1	0.71042878	30	15976.377	15976.977	15976.977	15977.177	15977.687
2	51	2	1	611	4	6	11	11	1	1	2	1	1.4556204	31	15979.012	15979.212	15979.212	15979.412	15980.667
2	51	2	1	612	4	6	11	12	6	1	8	1	1.3023571	32	15981.247	15981.447	15981.447	15981.647	15982.749
2	51	2	1	613	4	6	11	13	1	1	2	1	1.0813703	33	15983.478	15983.678	15983.678	15983.878	15984.759
2	51	2	1	614	4	6	11	14	1	1	2	1	0.72320909	34	15985.715	15985.915	15985.915	15986.115	15986.639
2	51	2	1	615	4	6	11	15	3	2	4	1	0.66488291	35	15987.949	15988.549	15988.549	15988.749	15989.214
2	51	2	1	616	4	6	11	16	2	1	3	1	0.76761983	36	15990.591	15990.791	15990.791	15990.991	15991.559
2	51	2	1	617	4	6	11	17	6	2	7	1	0.69942433	37	15992.826	15993.426	15993.426	15993.626	15994.125
2	51	2	1	618	4	6	11	18	5	2	6	1	0.79976579	38	15995.46	15996.06	15996.06	15996.26	15996.86
2	51	2	1	619	4	6	11	19	3	1	4	1	0.80802718	39	15998.095	15998.295	15998.295	15998.495	15999.103
2	51	2	1	620	4	6	11	20	4	2	5	1	0.71687294	40	16000.329	16000.929	16000.929	16001.13	16001.646
2	51	2	1	621	4	6	11	21	2	1	6	0	0.89882687	40	16002.964	16003.164	16003.164	16003.364	16004.063
2	51	2	1	622	4	6	11	22	4	2	5	1	1.2629477	41	16005.198	16005.798	16005.798	16005.998	16007.061
2	51	2	1	623	4	6	11	23	3	1	0	0	-16008.033	41	16007.833	16008.033	16008.033	16008.233	0
2	51	2	1	624	4	6	11	24	2	1	3	1	0.84886178	42	16010.068	16010.268	16010.268	16010.468	16011.117
2	51	2	1	625	4	6	11	25	4	1	5	1	1.1806143	43	16012.303	16012.503	16012.503	16012.703	16013.684
2	51	2	1	626	4	6	11	26	2	2	0	0	-16015.138	43	16014.538	16015.138	16015.138	16015.338	0
2	51	2	1	627	4	6	11	27	5	2	6	1	0.87254675	44	16017.172	16017.772	16017.772	16017.972	16018.645
2	51	2	1	628	4	6	11	28	6	2	7	1	0.64663025	45	16019.807	16020.407	16020.407	16020.607	16021.053
2	51	2	1	629	4	6	11	29	1	1	2	1	1.0034801	46	16022.441	16022.641	16022.641	16022.841	16023.644
2	51	2	1	630	4	6	11	30	6	1	6	0	0.66428745	46	16024.676	16024.876	16024.876	16025.076	16025.54
2	51	2	1	631	4	2	11	1	4	1	6	0	0.80147652	0	16054.972	16055.172	16055.172	16055.372	16055.973
2	51	2	1	632	4	2	11	2	4	2	8	1	0.6483555	1	16057.207	16057.807	16057.807	16058.007	16058.455
2	51	2	1	633	4	2	11	3	1	1	1	1	0.67451981	2	16059.842	16060.042	16060.042	16060.242	16060.716
2	51	2	1	634	4	2	11	4	3	2	0	0	-16062.677	2	16062.077	16062.677	16062.677	16062.877	0
2	51	2	1	635	4	2	11	5	1	2	0	0	-16065.312	2	16064.712	16065.312	16065.312	16065.512	0
2	51	2	1	636	4	2	11	6	1	2	1	1	0.62819953	3	16067.347	16067.947	16067.947	16068.147	16068.575
2	51	2	1	637	4	2	11	7	4	2	0	0	-16070.582	3	16069.982	16070.582	16070.582	16070.782	0
2	51	2	1	638	4	2	11	8	2	1	1	1	0.86855264	4	16072.616	16072.816	16072.816	16073.016	16073.685
2	51	2	1	639	4	2	11	9	1	2	1	1	0.66481572	5	16074.851	16075.451	16075.451	16075.651	16076.116
2	51	2	1	640	4	2	11	10	3	2	1	1	0.50738856	6	16077.488	16078.088	16078.088	16078.288	16078.595
2	51	2	1	641	4	2	11	11	6	1	8	1	0.54742808	7	16080.123	16080.323	16080.323	16080.523	16080.871
2	51	2	1	642	4	2	11	12	2	1	8	0	0.43053056	7	16082.359	16082.559	16082.559	16082.759	16082.989
2	51	2	1	643	4	2	11	13	3	1	1	1	0.5289548	8	16084.594	16084.794	16084.794	16084.994	16085.323
2	51	2	1	644	4	2	11	14	2	1	1	1	0.52923996	9	16086.829	16087.029	16087.029	16087.229	16087.559
2	51	2	1	645	4	2	11	15	4	2	8	1	0.68034791	10	16089.065	16089.665	16089.665	16089.865	16090.345
2	51	2	1	646	4	2	11	16	4	1	8	1	0.56639319	11	16091.701	16091.901	16091.901	16092.101	16092.467
2	51	2	1	647	4	2	11	17	6	2	8	1	0.98458159	12	16093.933	16094.533	16094.533	16094.733	16095.518
2	51	2	1	648	4	2	11	18	6	2	0	0	-16097.169	12	16096.569	16097.169	16097.169	16097.369	0
2	51	2	1	649	4	2	11	19	5	1	6	0	1.8723935	12	16099.204	16099.404	16099.404	16099.604	16101.276
2	51	2	1	650	4	2	11	20	5	2	8	1	0.58063926	13	16101.44	16102.04	16102.04	16102.24	16102.62
2	51	2	1	651	4	2	11	21	6	1	8	1	0.49072476	14	16104.076	16104.276	16104.276	16104.476	16104.767
2	51	2	1	652	4	2	11	22	6	2	8	1	0.54285514	15	16106.311	16106.911	16106.911	16107.111	16107.454
2	51	2	1	653	4	2	11	23	2	1	0	0	-16109.148	15	16108.948	16109.148	16109.148	16109.348	0
2	51	2	1	654	4	2	11	24	3	1	0	0	-16111.384	15	16111.184	16111.384	16111.384	16111.584	0
2	51	2	1	655	4	2	11	25	5	1	5	0	0.73761145	15	16113.42	16113.62	16113.62	16113.82	16114.357
2	51	2	1	656	4	2	11	26	2	2	1	1	0.65646767	16	16115.653	16116.253	16116.253	16116.453	16116.909
2	51	2	1	657	4	2	11	27	1	2	0	0	-16118.888	16	16118.288	16118.888	16118.888	16119.088	0
2	51	2	1	658	4	2	11	28	3	2	1	1	0.91955697	17	16120.923	16121.523	16121.523	16121.723	16122.443
2	51	2	1	659	4	2	11	29	5	1	0	0	-16123.76	17	16123.56	16123.76	16123.76	16123.96	0
2	51	2	1	660	4	2	11	30	5	1	0	0	-16125.995	17	16125.795	16125.995	16125.995	16126.195	0
2	51	2	1	661	4	6	12	1	4	1	5	1	1.733438	18	16156.113	16156.313	16156.313	16156.513	16158.047
2	51	2	1	662	4	6	12	2	4	2	5	1	0.67168799	19	16158.349	16158.949	16158.949	16159.149	16159.621
2	51	2	1	663	4	6	12	3	1	1	2	1	1.1335058	20	16160.983	16161.183	16161.183	16161.383	16162.316
2	51	2	1	664	4	6	12	4	3	2	0	0	-16163.821	20	16163.221	16163.821	16163.821	16164.021	0
2	51	2	1	665	4	6	12	5	1	2	7	0	0.75211461	20	16165.859	16166.459	16166.459	16166.659	16167.211
2	51	2	1	666	4	6	12	6	1	2	2	1	0.81529041	21	16168.496	16169.096	16169.096	16169.296	16169.911
2	51	2	1	667	4	6	12	7	4	2	0	0	-16171.732	21	16171.132	16171.732	16171.732	16171.932	0
2	51	2	1	668	4	6	12	8	2	1	3	1	0.86967912	22	16173.767	16173.967	16173.967	16174.167	16174.837
2	51	2	1	669	4	6	12	9	1	2	0	0	-16176.604	22	16176.004	16176.604	16176.604	16176.804	0
2	51	2	1	670	4	6	12	10	3	2	4	1	0.82203805	23	16178.638	16179.238	16179.238	16179.438	16180.06
2	51	2	1	671	4	6	12	11	6	1	8	0	0.89030499	23	16181.275	16181.475	16181.475	16181.675	16182.365
2	51	2	1	672	4	6	12	12	2	1	3	1	1.0381114	24	16183.511	16183.711	16183.711	16183.911	16184.749
2	51	2	1	673	4	6	12	13	3	1	4	1	0.72981497	25	16185.746	16185.946	16185.946	16186.146	16186.676
2	51	2	1	674	4	6	12	14	2	1	3	1	0.8173839	26	16187.979	16188.179	16188.179	16188.379	16188.997
2	51	2	1	675	4	6	12	15	4	2	5	1	1.1320894	27	16190.216	16190.816	16190.816	16191.016	16191.948
2	51	2	1	676	4	6	12	16	4	1	5	1	0.63901822	28	16192.853	16193.053	16193.053	16193.253	16193.692
2	51	2	1	677	4	6	12	17	6	2	8	0	0.78050853	28	16195.09	16195.69	16195.69	16195.89	16196.471
2	51	2	1	678	4	6	12	18	6	2	8	0	1.8988154	28	16197.731	16198.331	16198.331	16198.531	16200.23
2	51	2	1	679	4	6	12	19	5	1	6	1	1.1792822	29	16200.369	16200.569	16200.569	16200.769	16201.748
2	51	2	1	680	4	6	12	20	5	2	6	1	0.69179375	30	16202.62	16203.22	16203.22	16203.42	16203.911
2	51	2	1	681	4	6	12	21	6	1	8	0	0.93807855	30	16205.257	16205.457	16205.457	16205.657	16206.396
2	51	2	1	682	4	6	12	22	6	2	8	0	0.80612904	30	16207.495	16208.095	16208.095	16208.295	16208.901
2	51	2	1	683	4	6	12	23	2	1	0	0	-16210.331	30	16210.131	16210.331	16210.331	16210.531	0
2	51	2	1	684	4	6	12	24	3	1	4	1	1.4416701	31	16212.368	16212.568	16212.568	16212.768	16214.01
2	51	2	1	685	4	6	12	25	5	1	6	1	0.6983625	32	16214.635	16214.835	16214.835	16215.035	16215.533
2	51	2	1	686	4	6	12	26	2	2	3	1	0.79418156	33	16216.872	16217.472	16217.472	16217.672	16218.266
2	51	2	1	687	4	6	12	27	1	2	1	0	1.1272445	33	16219.508	16220.108	16220.108	16220.308	16221.236
2	51	2	1	688	4	6	12	28	3	2	4	1	0.97880992	34	16222.145	16222.745	16222.745	16222.945	16223.724
2	51	2	1	689	4	6	12	29	5	1	7	0	0.99064213	34	16224.783	16224.983	16224.983	16225.183	16225.974
2	51	2	1	690	4	6	12	30	5	1	6	1	1.1606597	35	16227.021	16227.221	16227.221	16227.421	16228.382
2	51	2	1	691	4	2	12	1	2	1	1	1	0.72054919	1	16257.323	16257.523	16257.523	16257.723	16258.243
2	51	2	1	692	4	2	12	2	3	2	0	0	-16260.165	1	16259.565	16260.165	16260.165	16260.365	0
2	51	2	1	693	4	2	12	3	2	1	0	0	-16262.403	1	16262.203	16262.403	16262.403	16262.603	0
2	51	2	1	694	4	2	12	4	3	2	1	1	0.56545841	2	16264.444	16265.044	16265.044	16265.244	16265.61
2	51	2	1	695	4	2	12	5	5	2	0	0	-16267.681	2	16267.081	16267.681	16267.681	16267.881	0
2	51	2	1	696	4	2	12	6	1	2	1	1	0.70274916	3	16269.719	16270.319	16270.319	16270.519	16271.022
2	51	2	1	697	4	2	12	7	6	2	0	0	-16272.958	3	16272.358	16272.958	16272.958	16273.158	0
2	51	2	1	698	4	2	12	8	6	1	0	0	-16275.199	3	16274.999	16275.199	16275.199	16275.399	0
2	51	2	1	699	4	2	12	9	2	2	1	1	0.625591	4	16277.234	16277.834	16277.834	16278.034	16278.46
2	51	2	1	700	4	2	12	10	3	2	0	0	-16280.472	4	16279.872	16280.472	16280.472	16280.672	0
2	51	2	1	701	4	2	12	11	1	1	1	1	0.68677779	5	16282.509	16282.709	16282.709	16282.909	16283.396
2	51	2	1	702	4	2	12	12	6	1	0	0	-16284.947	5	16284.747	16284.947	16284.947	16285.147	0
2	51	2	1	703	4	2	12	13	1	1	0	0	-16287.186	5	16286.986	16287.186	16287.186	16287.386	0
2	51	2	1	704	4	2	12	14	6	1	8	1	0.67802092	6	16289.224	16289.424	16289.424	16289.624	16290.102
2	51	2	1	705	4	2	12	15	2	2	0	0	-16292.062	6	16291.462	16292.062	16292.062	16292.262	0
2	51	2	1	706	4	2	12	16	2	1	0	0	-16294.3	6	16294.1	16294.3	16294.3	16294.5	0
2	51	2	1	707	4	2	12	17	4	2	8	1	0.62431172	7	16296.339	16296.939	16296.939	16297.139	16297.563
2	51	2	1	708	4	2	12	18	3	2	1	1	0.66714237	8	16298.977	16299.577	16299.577	16299.777	16300.244
2	51	2	1	709	4	2	12	19	4	1	8	1	1.5988585	9	16301.616	16301.816	16301.816	16302.016	16303.415
2	51	2	1	710	4	2	12	20	1	2	0	0	-16304.454	9	16303.854	16304.454	16304.454	16304.654	0
2	51	2	1	711	4	2	12	21	4	1	0	0	-16306.693	9	16306.493	16306.693	16306.693	16306.893	0
2	51	2	1	712	4	2	12	22	5	2	8	1	1.3272863	10	16308.734	16309.334	16309.334	16309.534	16310.662
2	51	2	1	713	4	2	12	23	1	1	1	1	0.57488439	11	16311.373	16311.573	16311.573	16311.773	16312.147
2	51	2	1	714	4	2	12	24	5	1	0	0	-16313.812	11	16313.612	16313.812	16313.812	16314.012	0
2	51	2	1	715	4	2	12	25	5	1	0	0	-16316.047	11	16315.847	16316.047	16316.047	16316.247	0
2	51	2	1	716	4	2	12	26	4	2	8	1	0.55561832	12	16318.087	16318.687	16318.687	16318.887	16319.243
2	51	2	1	717	4	2	12	27	4	2	8	1	0.67688824	13	16320.726	16321.326	16321.326	16321.526	16322.003
2	51	2	1	718	4	2	12	28	6	2	0	0	-16323.964	13	16323.364	16323.964	16323.964	16324.164	0
2	51	2	1	719	4	2	12	29	3	1	6	0	1.5718511	13	16326.003	16326.203	16326.203	16326.403	16327.775
2	51	2	1	720	4	2	12	30	5	1	8	1	0.64227214	14	16328.241	16328.441	16328.441	16328.641	16329.083
