4	1	6	0	3	5	7	2	0	0	0	0	0	0	0	0	0	0	0	0
3	7	2	1	1	1	6	1	1	2	1	4	0	1.5117836	0	18426.308	18426.508	18426.508	18426.708	18428.02
3	7	2	1	2	1	6	1	2	3	1	4	1	1.080594	1	18428.827	18429.027	18429.027	18429.227	18430.108
3	7	2	1	3	1	6	1	3	4	2	6	0	1.6647722	1	18431.035	18431.635	18431.635	18431.835	18433.3
3	7	2	1	4	1	6	1	4	5	1	6	1	1.5542305	2	18433.952	18434.152	18434.152	18434.352	18435.706
3	7	2	1	5	1	6	1	5	2	2	3	1	1.5178061	3	18436.158	18436.758	18436.758	18436.958	18438.275
3	7	2	1	6	1	6	1	6	1	2	2	1	1.2260745	4	18438.764	18439.364	18439.364	18439.564	18440.59
3	7	2	1	7	1	6	1	7	6	2	7	1	1.0603183	5	18441.37	18441.97	18441.97	18442.17	18443.03
3	7	2	1	8	1	6	1	8	4	2	5	1	1.2466882	6	18443.975	18444.575	18444.575	18444.775	18445.822
3	7	2	1	9	1	6	1	9	3	1	4	1	0.94493926	7	18446.581	18446.781	18446.781	18446.981	18447.726
3	7	2	1	10	1	6	1	10	3	2	4	1	0.69681859	8	18448.787	18449.387	18449.387	18449.587	18450.084
3	7	2	1	11	1	6	1	11	1	1	2	1	0.91410776	9	18451.392	18451.592	18451.592	18451.793	18452.507
3	7	2	1	12	1	6	1	12	2	2	3	1	1.154857	10	18453.599	18454.199	18454.199	18454.399	18455.354
3	7	2	1	13	1	6	1	13	6	1	7	1	0.99283708	11	18456.204	18456.404	18456.404	18456.604	18457.397
3	7	2	1	14	1	6	1	14	1	2	2	1	0.96362615	12	18458.41	18459.011	18459.011	18459.211	18459.974
3	7	2	1	15	1	6	1	15	6	2	7	1	1.3313948	13	18461.016	18461.616	18461.616	18461.816	18462.948
3	7	2	1	16	1	6	1	16	5	2	6	1	0.97362389	14	18463.622	18464.222	18464.222	18464.422	18465.196
3	7	2	1	17	1	6	1	17	2	1	3	1	1.2634867	15	18466.228	18466.428	18466.428	18466.628	18467.692
3	7	2	1	18	1	6	1	18	5	2	6	1	0.68896719	16	18468.434	18469.034	18469.034	18469.234	18469.723
3	7	2	1	19	1	6	1	19	5	1	6	1	0.74878172	17	18471.04	18471.24	18471.24	18471.44	18471.989
3	7	2	1	20	1	6	1	20	2	1	3	1	0.70309664	18	18473.246	18473.446	18473.446	18473.646	18474.149
3	7	2	1	21	1	6	1	21	6	2	7	1	1.1857701	19	18475.452	18476.052	18476.052	18476.252	18477.238
3	7	2	1	22	1	6	1	22	1	2	2	1	0.93954206	20	18478.058	18478.658	18478.658	18478.858	18479.598
3	7	2	1	23	1	6	1	23	1	2	2	1	0.76292645	21	18480.664	18481.264	18481.264	18481.464	18482.027
3	7	2	1	24	1	6	1	24	4	1	5	1	1.590104	22	18483.271	18483.471	18483.471	18483.671	18485.061
3	7	2	1	25	1	6	1	25	4	1	5	1	0.63774476	23	18485.477	18485.677	18485.677	18485.877	18486.315
3	7	2	1	26	1	6	1	26	6	1	7	1	0.9611794	24	18487.684	18487.884	18487.884	18488.084	18488.845
3	7	2	1	27	1	6	1	27	3	2	4	1	1.3288244	25	18489.89	18490.49	18490.49	18490.69	18491.819
3	7	2	1	28	1	6	1	28	3	1	4	1	0.56117957	26	18492.497	18492.697	18492.697	18492.897	18493.258
3	7	2	1	29	1	6	1	29	4	1	5	1	0.94201792	27	18494.703	18494.903	18494.903	18495.103	18495.845
3	7	2	1	30	1	6	1	30	5	1	6	1	0.82360649	28	18496.909	18497.109	18497.109	18497.309	18497.932
3	7	2	1	31	1	2	1	1	1	1	1	1	0.71567964	1	18526.345	18526.545	18526.545	18526.745	18527.261
3	7	2	1	32	1	2	1	2	5	1	8	1	0.66461825	2	18528.556	18528.756	18528.756	18528.956	18529.42
3	7	2	1	33	1	2	1	3	2	2	1	1	0.71738014	3	18530.763	18531.363	18531.363	18531.563	18532.081
3	7	2	1	34	1	2	1	4	3	1	1	1	0.65584294	4	18533.371	18533.571	18533.571	18533.771	18534.227
3	7	2	1	35	1	2	1	5	2	2	1	1	0.63675306	5	18535.578	18536.178	18536.178	18536.378	18536.814
3	7	2	1	36	1	2	1	6	4	2	8	1	0.61284291	6	18538.184	18538.784	18538.784	18538.984	18539.397
3	7	2	1	37	1	2	1	7	3	2	1	1	0.70685608	7	18540.791	18541.391	18541.391	18541.591	18542.098
3	7	2	1	38	1	2	1	8	6	2	8	1	0.63057346	8	18543.398	18543.998	18543.998	18544.198	18544.629
3	7	2	1	39	1	2	1	9	3	1	1	1	0.6879646	9	18546.005	18546.205	18546.205	18546.405	18546.893
3	7	2	1	40	1	2	1	10	2	2	1	1	0.51821149	10	18548.271	18548.871	18548.871	18549.071	18549.39
3	7	2	1	41	1	2	1	11	1	1	1	1	0.60336434	11	18550.879	18551.079	18551.079	18551.279	18551.682
3	7	2	1	42	1	2	1	12	6	2	8	1	0.62049156	12	18553.086	18553.686	18553.686	18553.886	18554.306
3	7	2	1	43	1	2	1	13	5	1	8	1	0.63949352	13	18555.693	18555.893	18555.893	18556.093	18556.533
3	7	2	1	44	1	2	1	14	4	2	8	1	0.68548115	14	18557.901	18558.501	18558.501	18558.701	18559.186
3	7	2	1	45	1	2	1	15	1	2	1	1	0.70920332	15	18560.511	18561.111	18561.111	18561.311	18561.82
3	7	2	1	46	1	2	1	16	4	2	8	1	0.66138276	16	18563.118	18563.718	18563.718	18563.918	18564.379
3	7	2	1	47	1	2	1	17	4	1	8	1	0.72649982	17	18565.725	18565.925	18565.925	18566.125	18566.652
3	7	2	1	48	1	2	1	18	3	2	1	1	0.76908921	18	18567.933	18568.533	18568.533	18568.733	18569.302
3	7	2	1	49	1	2	1	19	5	1	8	1	0.60970287	19	18570.54	18570.74	18570.74	18570.94	18571.35
3	7	2	1	50	1	2	1	20	1	1	1	1	0.86300216	20	18572.748	18572.948	18572.948	18573.148	18573.811
3	7	2	1	51	1	2	1	21	5	2	8	1	0.67788195	21	18574.957	18575.557	18575.557	18575.757	18576.234
3	7	2	1	52	1	2	1	22	6	2	8	1	0.60863269	22	18577.564	18578.164	18578.164	18578.364	18578.773
3	7	2	1	53	1	2	1	23	2	2	1	1	0.66536637	23	18580.171	18580.771	18580.771	18580.971	18581.436
3	7	2	1	54	1	2	1	24	5	1	8	1	0.69837928	24	18582.778	18582.978	18582.978	18583.178	18583.677
3	7	2	1	55	1	2	1	25	1	1	1	1	0.89698045	25	18584.986	18585.186	18585.186	18585.386	18586.083
3	7	2	1	56	1	2	1	26	2	1	1	1	0.58500143	26	18587.193	18587.393	18587.393	18587.593	18587.978
3	7	2	1	57	1	2	1	27	3	2	1	1	0.57933913	27	18589.401	18590.001	18590.001	18590.201	18590.581
3	7	2	1	58	1	2	1	28	4	1	8	1	0.5561228	28	18592.009	18592.209	18592.209	18592.409	18592.765
3	7	2	1	59	1	2	1	29	6	1	8	1	0.54698231	29	18594.217	18594.417	18594.417	18594.617	18594.964
3	7	2	1	60	1	2	1	30	6	1	8	1	0.4176283	30	18596.425	18596.625	18596.625	18596.825	18597.043
3	7	2	1	61	1	6	2	1	1	1	2	1	1.1805588	31	18628.346	18628.546	18628.546	18628.746	18629.726
3	7	2	1	62	1	6	2	2	5	1	6	1	1.2124878	32	18630.554	18630.754	18630.754	18630.954	18631.966
3	7	2	1	63	1	6	2	3	2	2	3	1	0.70782405	33	18632.762	18633.362	18633.362	18633.562	18634.07
3	7	2	1	64	1	6	2	4	3	1	4	1	0.6995228	34	18635.369	18635.57	18635.57	18635.77	18636.269
3	7	2	1	65	1	6	2	5	2	2	3	1	1.0264436	35	18637.578	18638.178	18638.178	18638.378	18639.204
3	7	2	1	66	1	6	2	6	4	2	5	1	1.4498109	36	18640.186	18640.786	18640.786	18640.986	18642.235
3	7	2	1	67	1	6	2	7	3	2	4	1	0.84275992	37	18642.794	18643.394	18643.394	18643.594	18644.237
3	7	2	1	68	1	6	2	8	6	2	7	1	1.072719	38	18645.402	18646.002	18646.002	18646.202	18647.075
3	7	2	1	69	1	6	2	9	3	1	4	1	0.71636655	39	18648.01	18648.21	18648.21	18648.41	18648.926
3	7	2	1	70	1	6	2	10	2	2	3	1	0.80876144	40	18650.218	18650.818	18650.818	18651.018	18651.626
3	7	2	1	71	1	6	2	11	1	1	2	1	0.81190746	41	18652.826	18653.026	18653.026	18653.226	18653.838
3	7	2	1	72	1	6	2	12	6	2	5	0	1.0504629	41	18655.034	18655.634	18655.634	18655.834	18656.684
3	7	2	1	73	1	6	2	13	5	1	6	1	0.99877345	42	18657.95	18658.15	18658.15	18658.35	18659.149
3	7	2	1	74	1	6	2	14	4	2	4	0	1.0095252	42	18660.163	18660.763	18660.763	18660.963	18661.772
3	7	2	1	75	1	6	2	15	1	2	2	1	0.91388711	43	18663.084	18663.684	18663.684	18663.884	18664.598
3	7	2	1	76	1	6	2	16	4	2	5	1	0.90141933	44	18665.692	18666.292	18666.292	18666.492	18667.194
3	7	2	1	77	1	6	2	17	4	1	5	1	0.55850071	45	18668.301	18668.501	18668.501	18668.701	18669.059
3	7	2	1	78	1	6	2	18	3	2	4	1	0.88048375	46	18670.509	18671.109	18671.109	18671.309	18671.99
3	7	2	1	79	1	6	2	19	5	1	6	1	0.84854177	47	18673.117	18673.317	18673.317	18673.517	18674.166
3	7	2	1	80	1	6	2	20	1	1	2	1	0.78844531	48	18675.327	18675.527	18675.527	18675.727	18676.315
3	7	2	1	81	1	6	2	21	5	2	6	1	0.75478066	49	18677.536	18678.136	18678.136	18678.336	18678.89
3	7	2	1	82	1	6	2	22	6	2	7	1	1.7326869	50	18680.144	18680.744	18680.744	18680.944	18682.477
3	7	2	1	83	1	6	2	23	2	2	3	1	1.4753781	51	18682.753	18683.353	18683.353	18683.553	18684.829
3	7	2	1	84	1	6	2	24	5	1	6	1	1.0587546	52	18685.362	18685.562	18685.562	18685.762	18686.621
3	7	2	1	85	1	6	2	25	1	1	2	1	1.2153797	53	18687.571	18687.771	18687.771	18687.971	18688.986
3	7	2	1	86	1	6	2	26	2	1	6	0	0.87114129	53	18689.78	18689.98	18689.98	18690.18	18690.851
3	7	2	1	87	1	6	2	27	3	2	4	1	0.86839066	54	18692.296	18692.896	18692.896	18693.096	18693.764
3	7	2	1	88	1	6	2	28	4	1	5	1	1.1936858	55	18694.905	18695.105	18695.105	18695.305	18696.299
3	7	2	1	89	1	6	2	29	6	1	4	0	1.1941045	55	18697.114	18697.314	18697.314	18697.514	18698.509
3	7	2	1	90	1	6	2	30	6	1	7	1	1.2574037	56	18699.631	18699.831	18699.831	18700.031	18701.089
3	7	2	1	91	1	2	2	1	2	1	1	1	0.64848512	1	18718.963	18719.163	18719.163	18719.363	18719.811
3	7	2	1	92	1	2	2	2	5	1	8	1	0.56069879	2	18721.172	18721.372	18721.372	18721.572	18721.932
3	7	2	1	93	1	2	2	3	1	2	1	1	0.42896597	3	18723.381	18723.981	18723.981	18724.181	18724.41
3	7	2	1	94	1	2	2	4	3	1	1	1	0.6670696	4	18725.991	18726.191	18726.191	18726.391	18726.858
3	7	2	1	95	1	2	2	5	5	2	8	1	0.54667003	5	18728.2	18728.8	18728.8	18729	18729.346
3	7	2	1	96	1	2	2	6	4	2	8	1	0.51291298	6	18730.809	18731.409	18731.409	18731.609	18731.922
3	7	2	1	97	1	2	2	7	3	2	1	1	0.6817378	7	18733.418	18734.018	18734.018	18734.218	18734.7
3	7	2	1	98	1	2	2	8	1	2	1	1	0.51023997	8	18736.028	18736.628	18736.628	18736.828	18737.138
3	7	2	1	99	1	2	2	9	6	1	8	1	0.57456994	9	18738.637	18738.837	18738.837	18739.037	18739.411
3	7	2	1	100	1	2	2	10	1	2	1	1	0.48425581	10	18740.847	18741.447	18741.447	18741.647	18741.931
3	7	2	1	101	1	2	2	11	3	1	1	1	0.65013363	11	18743.488	18743.688	18743.688	18743.888	18744.338
3	7	2	1	102	1	2	2	12	4	2	8	1	0.54900446	12	18745.697	18746.297	18746.297	18746.497	18746.846
3	7	2	1	103	1	2	2	13	6	1	8	1	0.64066771	13	18748.307	18748.507	18748.507	18748.707	18749.147
3	7	2	1	104	1	2	2	14	3	2	1	1	0.53447871	14	18750.516	18751.116	18751.116	18751.316	18751.651
3	7	2	1	105	1	2	2	15	6	2	8	1	0.8074611	15	18753.126	18753.726	18753.726	18753.926	18754.534
3	7	2	1	106	1	2	2	16	2	2	1	1	0.89850252	16	18755.737	18756.337	18756.337	18756.537	18757.236
3	7	2	1	107	1	2	2	17	3	1	1	1	0.57963103	17	18758.346	18758.546	18758.546	18758.746	18759.126
3	7	2	1	108	1	2	2	18	1	2	1	1	0.54984747	18	18760.556	18761.156	18761.156	18761.356	18761.705
3	7	2	1	109	1	2	2	19	4	1	8	1	0.55964503	19	18763.165	18763.365	18763.365	18763.565	18763.925
3	7	2	1	110	1	2	2	20	5	1	8	1	0.62004773	20	18765.375	18765.575	18765.575	18765.775	18766.196
3	7	2	1	111	1	2	2	21	2	2	1	1	0.44189247	21	18767.585	18768.185	18768.185	18768.385	18768.627
3	7	2	1	112	1	2	2	22	2	2	1	1	0.72766612	22	18770.196	18770.796	18770.796	18770.996	18771.523
3	7	2	1	113	1	2	2	23	6	2	8	1	0.59137308	23	18772.806	18773.406	18773.406	18773.606	18773.997
3	7	2	1	114	1	2	2	24	6	1	8	1	0.56420669	24	18775.416	18775.616	18775.616	18775.816	18776.18
3	7	2	1	115	1	2	2	25	4	1	8	1	0.64943552	25	18777.626	18777.826	18777.826	18778.026	18778.476
3	7	2	1	116	1	2	2	26	2	1	1	1	0.62236124	26	18779.837	18780.037	18780.037	18780.237	18780.659
3	7	2	1	117	1	2	2	27	4	2	8	1	0.77928175	27	18782.047	18782.647	18782.647	18782.847	18783.426
3	7	2	1	118	1	2	2	28	5	1	1	0	0.5196727	27	18784.658	18784.858	18784.858	18785.058	18785.378
3	7	2	1	119	1	2	2	29	1	1	1	1	0.61561558	28	18787.173	18787.373	18787.373	18787.573	18787.989
3	7	2	1	120	1	2	2	30	5	1	8	1	0.58939309	29	18789.383	18789.583	18789.583	18789.783	18790.173
3	7	2	1	121	1	6	3	1	2	1	3	1	0.85253136	30	18818.489	18818.689	18818.689	18818.889	18819.542
3	7	2	1	122	1	6	3	2	5	1	6	1	0.51244641	31	18820.7	18820.9	18820.9	18821.1	18821.413
3	7	2	1	123	1	6	3	3	1	2	2	1	0.77477233	32	18822.91	18823.51	18823.51	18823.71	18824.285
3	7	2	1	124	1	6	3	4	3	1	4	1	1.578659	33	18825.521	18825.721	18825.721	18825.921	18827.299
3	7	2	1	125	1	6	3	5	5	2	6	1	0.92125725	34	18827.731	18828.331	18828.331	18828.531	18829.252
3	7	2	1	126	1	6	3	6	4	2	5	1	0.83805864	35	18830.342	18830.942	18830.942	18831.142	18831.78
3	7	2	1	127	1	6	3	7	3	2	4	1	0.68330855	36	18832.952	18833.552	18833.552	18833.752	18834.235
3	7	2	1	128	1	6	3	8	1	2	2	1	0.8718425	37	18835.562	18836.162	18836.162	18836.362	18837.034
3	7	2	1	129	1	6	3	9	6	1	7	1	1.1382406	38	18838.173	18838.373	18838.373	18838.573	18839.511
3	7	2	1	130	1	6	3	10	1	2	2	1	0.90623259	39	18840.384	18840.984	18840.984	18841.184	18841.89
3	7	2	1	131	1	6	3	11	3	1	5	1	1.7519377	40	18842.994	18843.194	18843.194	18843.394	18844.946
3	7	2	1	132	1	6	3	12	4	2	5	1	1.3687701	41	18845.205	18845.805	18845.805	18846.005	18847.174
3	7	2	1	133	1	6	3	13	6	1	7	1	1.6224498	42	18847.816	18848.016	18848.016	18848.216	18849.638
3	7	2	1	134	1	6	3	14	3	2	4	1	0.88825641	43	18850.026	18850.626	18850.626	18850.826	18851.515
3	7	2	1	135	1	6	3	15	6	2	7	1	1.4451158	44	18852.637	18853.237	18853.237	18853.437	18854.682
3	7	2	1	136	1	6	3	16	2	2	6	0	0.8286366	44	18855.248	18855.848	18855.848	18856.048	18856.676
3	7	2	1	137	1	6	3	17	3	1	4	1	0.95327132	45	18858.168	18858.368	18858.368	18858.568	18859.322
3	7	2	1	138	1	6	3	18	1	2	2	1	1.6308456	46	18860.38	18860.98	18860.98	18861.18	18862.611
3	7	2	1	139	1	6	3	19	4	1	7	0	1.1093893	46	18862.991	18863.191	18863.191	18863.391	18864.3
3	7	2	1	140	1	6	3	20	5	1	6	1	0.90730166	47	18865.505	18865.705	18865.705	18865.905	18866.612
3	7	2	1	141	1	6	3	21	2	2	3	1	1.0529261	48	18867.716	18868.316	18868.316	18868.516	18869.369
3	7	2	1	142	1	6	3	22	2	2	3	1	0.6693487	49	18870.327	18870.927	18870.927	18871.127	18871.596
3	7	2	1	143	1	6	3	23	6	2	4	0	1.3054361	49	18872.94	18873.54	18873.54	18873.74	18874.845
3	7	2	1	144	1	6	3	24	6	1	7	1	0.65767011	50	18875.86	18876.06	18876.06	18876.26	18876.718
3	7	2	1	145	1	6	3	25	4	1	5	1	1.2435203	51	18878.072	18878.272	18878.272	18878.472	18879.515
3	7	2	1	146	1	6	3	26	2	1	3	1	0.87458222	52	18880.283	18880.483	18880.483	18880.683	18881.358
3	7	2	1	147	1	6	3	27	4	2	5	1	0.97389416	53	18882.495	18883.095	18883.095	18883.295	18884.068
3	7	2	1	148	1	6	3	28	5	1	6	1	0.69652411	54	18885.106	18885.306	18885.306	18885.506	18886.003
3	7	2	1	149	1	6	3	29	1	1	2	1	0.9485643	55	18887.318	18887.518	18887.518	18887.718	18888.467
3	7	2	1	150	1	6	3	30	5	1	5	0	0.80967054	55	18889.529	18889.729	18889.729	18889.929	18890.539
3	7	2	1	151	1	2	3	1	1	1	1	1	0.72842404	1	18921.123	18921.323	18921.323	18921.523	18922.051
3	7	2	1	152	1	2	3	2	5	1	8	1	0.51395976	2	18923.335	18923.535	18923.535	18923.735	18924.049
3	7	2	1	153	1	2	3	3	3	2	1	1	0.98750471	3	18925.547	18926.147	18926.147	18926.347	18927.134
3	7	2	1	154	1	2	3	4	3	1	1	1	0.65169966	4	18928.159	18928.359	18928.359	18928.559	18929.011
3	7	2	1	155	1	2	3	5	4	2	8	1	0.57740265	5	18930.371	18930.971	18930.971	18931.171	18931.548
3	7	2	1	156	1	2	3	6	4	2	8	1	0.65201885	6	18932.983	18933.583	18933.583	18933.783	18934.235
3	7	2	1	157	1	2	3	7	4	2	8	1	0.58614246	7	18935.595	18936.195	18936.195	18936.395	18936.781
3	7	2	1	158	1	2	3	8	1	2	1	1	0.55821304	8	18938.206	18938.806	18938.806	18939.006	18939.364
3	7	2	1	159	1	2	3	9	3	1	1	1	0.45998066	9	18940.818	18941.018	18941.018	18941.218	18941.478
3	7	2	1	160	1	2	3	10	4	2	8	1	0.47860604	10	18943.03	18943.63	18943.63	18943.83	18944.108
3	7	2	1	161	1	2	3	11	5	1	8	1	0.55349526	11	18945.642	18945.842	18945.842	18946.042	18946.395
3	7	2	1	162	1	2	3	12	4	2	8	1	0.5027722	12	18947.854	18948.454	18948.454	18948.654	18948.957
3	7	2	1	163	1	2	3	13	1	1	1	1	0.92149321	13	18950.466	18950.666	18950.666	18950.866	18951.588
3	7	2	1	164	1	2	3	14	6	2	8	1	0.58858648	14	18952.678	18953.278	18953.278	18953.478	18953.867
3	7	2	1	165	1	2	3	15	5	2	8	1	0.50409159	15	18955.29	18955.89	18955.89	18956.09	18956.394
3	7	2	1	166	1	2	3	16	2	2	1	1	0.92117861	16	18957.903	18958.503	18958.503	18958.703	18959.424
3	7	2	1	167	1	2	3	17	5	1	8	1	0.90409905	17	18960.515	18960.715	18960.715	18960.915	18961.619
3	7	2	1	168	1	2	3	18	3	2	1	1	0.6912836	18	18962.727	18963.327	18963.327	18963.527	18964.019
3	7	2	1	169	1	2	3	19	5	1	8	1	0.51902436	19	18965.339	18965.539	18965.539	18965.739	18966.058
3	7	2	1	170	1	2	3	20	6	1	8	1	0.55750721	20	18967.552	18967.752	18967.752	18967.952	18968.309
3	7	2	1	171	1	2	3	21	1	2	1	1	0.72918614	21	18969.764	18970.364	18970.364	18970.564	18971.093
3	7	2	1	172	1	2	3	22	2	2	1	1	0.58869579	22	18972.377	18972.977	18972.977	18973.177	18973.565
3	7	2	1	173	1	2	3	23	3	2	1	1	0.61302984	23	18974.989	18975.589	18975.589	18975.789	18976.202
3	7	2	1	174	1	2	3	24	6	1	8	1	0.87439384	24	18977.601	18977.801	18977.801	18978.001	18978.675
3	7	2	1	175	1	2	3	25	2	1	1	1	0.70404533	25	18979.814	18980.014	18980.014	18980.214	18980.718
3	7	2	1	176	1	2	3	26	6	1	8	1	0.92956371	26	18982.027	18982.227	18982.227	18982.427	18983.157
3	7	2	1	177	1	2	3	27	2	2	1	1	0.6742742	27	18984.24	18984.84	18984.84	18985.04	18985.514
3	7	2	1	178	1	2	3	28	6	1	8	1	0.51751595	28	18986.853	18987.053	18987.053	18987.253	18987.57
3	7	2	1	179	1	2	3	29	1	1	1	1	0.52348986	29	18989.066	18989.266	18989.266	18989.466	18989.789
3	7	2	1	180	1	2	3	30	2	1	1	1	0.62674817	30	18991.278	18991.478	18991.478	18991.678	18992.105
3	7	2	1	181	2	6	4	1	1	1	2	1	0.87051399	31	19568.141	19568.341	19568.341	19568.541	19569.212
3	7	2	1	182	2	6	4	2	5	1	6	1	0.69144443	32	19570.354	19570.554	19570.554	19570.754	19571.246
3	7	2	1	183	2	6	4	3	3	2	4	1	1.2031659	33	19572.568	19573.168	19573.168	19573.368	19574.371
3	7	2	1	184	2	6	4	4	3	1	4	1	0.64494734	34	19575.181	19575.381	19575.381	19575.581	19576.026
3	7	2	1	185	2	6	4	5	4	2	5	1	0.66950895	35	19577.394	19577.994	19577.994	19578.194	19578.663
3	7	2	1	186	2	6	4	6	4	2	5	1	0.52611006	36	19580.007	19580.607	19580.607	19580.807	19581.133
3	7	2	1	187	2	6	4	7	4	2	5	1	0.67943281	37	19582.62	19583.22	19583.22	19583.42	19583.899
3	7	2	1	188	2	6	4	8	1	2	2	1	0.82700359	38	19585.233	19585.833	19585.833	19586.033	19586.66
3	7	2	1	189	2	6	4	9	3	1	4	1	0.98233008	39	19587.847	19588.047	19588.047	19588.247	19589.029
3	7	2	1	190	2	6	4	10	4	2	5	1	0.60495332	40	19590.06	19590.66	19590.66	19590.86	19591.265
3	7	2	1	191	2	6	4	11	5	1	6	1	1.3532655	41	19592.673	19592.873	19592.873	19593.073	19594.227
3	7	2	1	192	2	6	4	12	4	2	5	1	0.75503217	42	19594.887	19595.487	19595.487	19595.687	19596.242
3	7	2	1	193	2	6	4	13	1	1	2	1	0.87118286	43	19597.502	19597.702	19597.702	19597.902	19598.574
3	7	2	1	194	2	6	4	14	6	2	7	1	1.4130777	44	19599.757	19600.357	19600.357	19600.557	19601.77
3	7	2	1	195	2	6	4	15	5	2	6	1	0.83327948	45	19602.371	19602.971	19602.971	19603.171	19603.804
3	7	2	1	196	2	6	4	16	2	2	3	1	1.026426	46	19604.984	19605.584	19605.584	19605.784	19606.61
3	7	2	1	197	2	6	4	17	5	1	6	1	0.78979998	47	19607.597	19607.797	19607.797	19607.997	19608.587
3	7	2	1	198	2	6	4	18	3	2	4	1	1.0439261	48	19609.81	19610.41	19610.41	19610.61	19611.454
3	7	2	1	199	2	6	4	19	5	1	6	1	0.97801143	49	19612.425	19612.625	19612.625	19612.825	19613.603
3	7	2	1	200	2	6	4	20	6	1	7	1	1.2614825	50	19614.638	19614.838	19614.838	19615.038	19616.1
3	7	2	1	201	2	6	4	21	1	2	2	1	0.85034073	51	19616.852	19617.452	19617.452	19617.652	19618.302
3	7	2	1	202	2	6	4	22	2	2	3	1	1.3116384	52	19619.466	19620.066	19620.066	19620.266	19621.378
3	7	2	1	203	2	6	4	23	3	2	4	1	1.2901956	53	19622.081	19622.681	19622.681	19622.881	19623.971
3	7	2	1	204	2	6	4	24	6	1	7	1	1.1389836	54	19624.695	19624.895	19624.895	19625.095	19626.034
3	7	2	1	205	2	6	4	25	2	1	3	1	1.1415563	55	19626.909	19627.109	19627.109	19627.309	19628.251
3	7	2	1	206	2	6	4	26	6	1	7	1	0.89706931	56	19629.124	19629.324	19629.324	19629.524	19630.221
3	7	2	1	207	2	6	4	27	2	2	3	1	0.9840834	57	19631.338	19631.938	19631.938	19632.138	19632.922
3	7	2	1	208	2	6	4	28	6	1	4	0	1.2944641	57	19633.952	19634.152	19634.152	19634.352	19635.446
3	7	2	1	209	2	6	4	29	1	1	2	1	1.2219516	58	19636.166	19636.366	19636.366	19636.566	19637.588
3	7	2	1	210	2	6	4	30	2	1	6	0	1.3756287	58	19638.381	19638.581	19638.581	19638.781	19639.956
3	7	2	1	211	2	2	4	1	2	1	1	1	0.85480588	1	19668.66	19668.86	19668.86	19669.06	19669.715
3	7	2	1	212	2	2	4	2	3	1	1	1	0.59300297	2	19670.874	19671.074	19671.074	19671.274	19671.667
3	7	2	1	213	2	2	4	3	3	2	1	1	0.47650243	3	19673.089	19673.689	19673.689	19673.889	19674.165
3	7	2	1	214	2	2	4	4	4	1	8	1	0.47752977	4	19675.703	19675.903	19675.903	19676.103	19676.381
3	7	2	1	215	2	2	4	5	5	2	8	1	0.56741726	5	19677.918	19678.518	19678.518	19678.718	19679.086
3	7	2	1	216	2	2	4	6	4	2	8	1	0.46315537	6	19680.533	19681.133	19681.133	19681.333	19681.596
3	7	2	1	217	2	2	4	7	6	2	8	1	0.56994009	7	19683.147	19683.747	19683.747	19683.947	19684.317
3	7	2	1	218	2	2	4	8	5	2	8	1	0.49925315	8	19685.761	19686.361	19686.361	19686.561	19686.86
3	7	2	1	219	2	2	4	9	4	1	8	1	0.43482028	9	19688.377	19688.577	19688.577	19688.777	19689.011
3	7	2	1	220	2	2	4	10	4	2	8	1	0.50017081	10	19690.592	19691.192	19691.192	19691.392	19691.692
3	7	2	1	221	2	2	4	11	6	1	8	1	0.49355156	11	19693.206	19693.406	19693.406	19693.606	19693.899
3	7	2	1	222	2	2	4	12	2	2	1	1	0.45721482	12	19695.42	19696.02	19696.02	19696.22	19696.477
3	7	2	1	223	2	2	4	13	3	1	1	1	0.49023403	13	19698.035	19698.235	19698.235	19698.435	19698.725
3	7	2	1	224	2	2	4	14	1	2	1	1	0.55958125	14	19700.25	19700.85	19700.85	19701.05	19701.41
3	7	2	1	225	2	2	4	15	2	2	1	1	0.70078832	15	19702.865	19703.465	19703.465	19703.665	19704.166
3	7	2	1	226	2	2	4	16	1	2	1	1	0.48223328	16	19705.48	19706.08	19706.08	19706.28	19706.563
3	7	2	1	227	2	2	4	17	6	1	8	1	0.70100826	17	19708.097	19708.297	19708.297	19708.497	19708.998
3	7	2	1	228	2	2	4	18	1	2	1	1	0.64182394	18	19710.312	19710.912	19710.912	19711.112	19711.554
3	7	2	1	229	2	2	4	19	6	1	8	1	0.65326037	19	19712.927	19713.127	19713.127	19713.327	19713.78
3	7	2	1	230	2	2	4	20	5	1	8	1	0.60873327	20	19715.141	19715.341	19715.341	19715.541	19715.95
3	7	2	1	231	2	2	4	21	2	2	1	1	0.46565713	21	19717.356	19717.956	19717.956	19718.156	19718.422
3	7	2	1	232	2	2	4	22	6	2	8	1	0.53701114	22	19719.971	19720.571	19720.571	19720.771	19721.108
3	7	2	1	233	2	2	4	23	3	2	1	1	0.66655251	23	19722.588	19723.188	19723.188	19723.388	19723.854
3	7	2	1	234	2	2	4	24	3	1	1	1	0.75466857	24	19725.203	19725.403	19725.403	19725.603	19726.158
3	7	2	1	235	2	2	4	25	5	1	8	1	0.60285278	25	19727.419	19727.619	19727.619	19727.819	19728.222
3	7	2	1	236	2	2	4	26	4	1	8	1	0.54034631	26	19729.634	19729.834	19729.834	19730.034	19730.374
3	7	2	1	237	2	2	4	27	1	2	1	1	0.54599947	27	19731.882	19732.482	19732.482	19732.682	19733.028
3	7	2	1	238	2	2	4	28	5	1	8	1	0.51635446	28	19734.497	19734.697	19734.697	19734.897	19735.213
3	7	2	1	239	2	2	4	29	1	1	1	1	0.57603436	29	19736.713	19736.913	19736.913	19737.113	19737.489
3	7	2	1	240	2	2	4	30	2	1	1	1	0.60158399	30	19738.928	19739.128	19739.128	19739.328	19739.73
3	7	2	1	241	2	6	5	1	2	1	3	1	1.0374232	31	19769.198	19769.398	19769.398	19769.598	19770.436
3	7	2	1	242	2	6	5	2	3	1	4	1	1.2610871	32	19771.415	19771.615	19771.615	19771.815	19772.876
3	7	2	1	243	2	6	5	3	3	2	4	1	0.46358559	33	19773.631	19774.231	19774.231	19774.431	19774.694
3	7	2	1	244	2	6	5	4	4	1	5	1	0.55962904	34	19776.247	19776.447	19776.447	19776.647	19777.006
3	7	2	1	245	2	6	5	5	5	2	6	1	0.74102333	35	19778.462	19779.062	19779.062	19779.262	19779.803
3	7	2	1	246	2	6	5	6	4	2	5	1	0.57882842	36	19781.078	19781.678	19781.678	19781.878	19782.257
3	7	2	1	247	2	6	5	7	6	2	7	1	1.1500272	37	19783.694	19784.294	19784.294	19784.494	19785.444
3	7	2	1	248	2	6	5	8	5	2	6	1	0.62237969	38	19786.309	19786.909	19786.909	19787.109	19787.532
3	7	2	1	249	2	6	5	9	4	1	6	0	0.56260848	38	19788.938	19789.138	19789.138	19789.338	19789.7
3	7	2	1	250	2	6	5	10	4	2	5	1	0.64917337	39	19791.154	19791.754	19791.754	19791.954	19792.403
3	7	2	1	251	2	6	5	11	6	1	7	1	1.2071001	40	19793.772	19793.972	19793.972	19794.172	19795.179
3	7	2	1	252	2	6	5	12	2	2	3	1	0.75901787	41	19795.988	19796.588	19796.588	19796.788	19797.347
3	7	2	1	253	2	6	5	13	3	1	4	1	0.95251171	42	19798.605	19798.805	19798.805	19799.005	19799.758
3	7	2	1	254	2	6	5	14	1	2	2	1	1.0554257	43	19800.822	19801.422	19801.422	19801.622	19802.477
3	7	2	1	255	2	6	5	15	2	2	3	1	1.0122641	44	19803.438	19804.038	19804.038	19804.238	19805.05
3	7	2	1	256	2	6	5	16	1	2	2	1	0.83772564	45	19806.054	19806.654	19806.654	19806.854	19807.491
3	7	2	1	257	2	6	5	17	6	1	7	1	0.85493362	46	19808.67	19808.87	19808.87	19809.07	19809.725
3	7	2	1	258	2	6	5	18	1	2	2	1	0.69596693	47	19810.885	19811.485	19811.485	19811.685	19812.181
3	7	2	1	259	2	6	5	19	6	1	7	1	0.98890462	48	19813.502	19813.702	19813.702	19813.902	19814.691
3	7	2	1	260	2	6	5	20	5	1	6	1	0.91136932	49	19815.719	19815.919	19815.919	19816.119	19816.83
3	7	2	1	261	2	6	5	21	2	2	3	1	0.72644067	50	19817.935	19818.535	19818.535	19818.735	19819.261
3	7	2	1	262	2	6	5	22	6	2	6	0	0.66141267	50	19820.552	19821.152	19821.152	19821.352	19821.814
3	7	2	1	263	2	6	5	23	3	2	4	1	0.86860497	51	19823.17	19823.77	19823.77	19823.97	19824.638
3	7	2	1	264	2	6	5	24	3	1	4	1	0.54330523	52	19825.786	19825.986	19825.986	19826.186	19826.53
3	7	2	1	265	2	6	5	25	5	1	6	1	1.2551028	53	19828.003	19828.203	19828.203	19828.403	19829.458
3	7	2	1	266	2	6	5	26	4	1	5	1	1.9931749	54	19830.219	19830.419	19830.419	19830.619	19832.412
3	7	2	1	267	2	6	5	27	1	2	2	1	0.88101095	55	19832.436	19833.036	19833.036	19833.236	19833.917
3	7	2	1	268	2	6	5	28	5	1	6	1	0.8237731	56	19835.053	19835.253	19835.253	19835.453	19836.077
3	7	2	1	269	2	6	5	29	1	1	2	1	1.0317757	57	19837.274	19837.474	19837.474	19837.674	19838.506
3	7	2	1	270	2	6	5	30	2	1	3	1	1.0335527	58	19839.491	19839.691	19839.691	19839.891	19840.725
3	7	2	1	271	2	2	5	1	4	1	8	1	0.66014965	1	19869.767	19869.967	19869.967	19870.167	19870.627
3	7	2	1	272	2	2	5	2	2	1	1	1	0.5528771	2	19871.985	19872.185	19872.185	19872.385	19872.738
3	7	2	1	273	2	2	5	3	5	2	8	1	0.72861216	3	19874.203	19874.803	19874.803	19875.003	19875.531
3	7	2	1	274	2	2	5	4	3	1	1	1	0.62257846	4	19876.819	19877.019	19877.019	19877.219	19877.642
3	7	2	1	275	2	2	5	5	4	2	8	1	0.60418138	5	19879.04	19879.64	19879.64	19879.84	19880.244
3	7	2	1	276	2	2	5	6	1	2	1	1	0.57234444	6	19881.657	19882.257	19882.257	19882.457	19882.83
3	7	2	1	277	2	2	5	7	6	2	8	1	0.84921928	7	19884.274	19884.874	19884.874	19885.074	19885.724
3	7	2	1	278	2	2	5	8	5	2	8	1	0.53535996	8	19886.892	19887.492	19887.492	19887.692	19888.027
3	7	2	1	279	2	2	5	9	4	1	8	1	0.66274892	9	19889.509	19889.709	19889.709	19889.909	19890.372
3	7	2	1	280	2	2	5	10	6	2	8	1	0.61099633	10	19891.726	19892.326	19892.326	19892.526	19892.937
3	7	2	1	281	2	2	5	11	2	1	1	1	0.85969978	11	19894.343	19894.543	19894.543	19894.743	19895.403
3	7	2	1	282	2	2	5	12	3	2	1	1	0.48026745	12	19896.561	19897.161	19897.161	19897.361	19897.642
3	7	2	1	283	2	2	5	13	4	1	8	1	0.66590691	13	19899.179	19899.379	19899.379	19899.579	19900.045
3	7	2	1	284	2	2	5	14	2	2	1	1	0.62961478	14	19901.397	19901.997	19901.997	19902.197	19902.626
3	7	2	1	285	2	2	5	15	3	2	1	1	0.58235227	15	19904.014	19904.614	19904.614	19904.814	19905.197
3	7	2	1	286	2	2	5	16	2	2	1	1	0.56478734	16	19906.632	19907.232	19907.232	19907.432	19907.797
3	7	2	1	287	2	2	5	17	6	1	8	1	0.62434984	17	19909.25	19909.45	19909.45	19909.65	19910.074
3	7	2	1	288	2	2	5	18	3	2	1	1	0.54506243	18	19911.468	19912.068	19912.068	19912.268	19912.613
3	7	2	1	289	2	2	5	19	2	1	8	0	0.50795003	18	19914.086	19914.286	19914.286	19914.486	19914.794
3	7	2	1	290	2	2	5	20	3	1	1	1	0.64562474	19	19916.304	19916.504	19916.504	19916.704	19917.15
3	7	2	1	291	2	2	5	21	1	2	1	1	0.79500438	20	19918.521	19919.121	19919.121	19919.321	19919.916
3	7	2	1	292	2	2	5	22	1	2	1	1	0.51261582	21	19921.139	19921.739	19921.739	19921.939	19922.252
3	7	2	1	293	2	2	5	23	1	2	1	1	0.4062392	22	19923.758	19924.358	19924.358	19924.558	19924.764
3	7	2	1	294	2	2	5	24	5	1	8	1	0.64241375	23	19926.376	19926.576	19926.576	19926.776	19927.218
3	7	2	1	295	2	2	5	25	6	1	8	1	0.51148312	24	19928.594	19928.794	19928.795	19928.995	19929.306
3	7	2	1	296	2	2	5	26	4	1	8	1	0.75100742	25	19930.813	19931.013	19931.013	19931.213	19931.764
3	7	2	1	297	2	2	5	27	6	2	8	1	0.6715746	26	19933.084	19933.684	19933.684	19933.884	19934.356
3	7	2	1	298	2	2	5	28	5	1	8	1	0.55208736	27	19935.702	19935.902	19935.902	19936.102	19936.454
3	7	2	1	299	2	2	5	29	1	1	1	1	0.89235709	28	19937.92	19938.12	19938.12	19938.32	19939.013
3	7	2	1	300	2	2	5	30	5	1	8	1	0.88724545	29	19940.143	19940.343	19940.343	19940.543	19941.23
3	7	2	1	301	2	6	6	1	4	1	5	1	1.3380061	30	19970.436	19970.636	19970.636	19970.836	19971.974
3	7	2	1	302	2	6	6	2	2	1	3	1	0.97292438	31	19972.656	19972.856	19972.856	19973.056	19973.829
3	7	2	1	303	2	6	6	3	5	2	6	1	0.56800711	32	19974.874	19975.474	19975.474	19975.674	19976.042
3	7	2	1	304	2	6	6	4	3	1	4	1	0.79963902	33	19977.492	19977.692	19977.692	19977.892	19978.492
3	7	2	1	305	2	6	6	5	4	2	5	1	0.8677917	34	19979.71	19980.31	19980.31	19980.51	19981.178
3	7	2	1	306	2	6	6	6	1	2	2	1	0.67215168	35	19982.329	19982.929	19982.929	19983.129	19983.602
3	7	2	1	307	2	6	6	7	6	2	7	1	1.0866262	36	19984.948	19985.548	19985.548	19985.748	19986.635
3	7	2	1	308	2	6	6	8	5	2	6	1	1.4059789	37	19987.567	19988.167	19988.167	19988.367	19989.572
3	7	2	1	309	2	6	6	9	4	1	5	1	1.6332131	38	19990.188	19990.388	19990.388	19990.588	19992.021
3	7	2	1	310	2	6	6	10	6	2	4	0	1.1091541	38	19992.406	19993.006	19993.006	19993.206	19994.116
3	7	2	1	311	2	6	6	11	2	1	3	1	1.1289533	39	19995.025	19995.225	19995.225	19995.425	19996.354
3	7	2	1	312	2	6	6	12	3	2	4	1	1.0953301	40	19997.243	19997.843	19997.843	19998.043	19998.938
3	7	2	1	313	2	6	6	13	4	1	5	1	0.81612332	41	19999.862	20000.062	20000.062	20000.262	20000.878
3	7	2	1	314	2	6	6	14	2	2	3	1	1.0423529	42	20002.081	20002.681	20002.681	20002.881	20003.723
3	7	2	1	315	2	6	6	15	3	2	4	1	1.3038014	43	20004.7	20005.3	20005.3	20005.5	20006.604
3	7	2	1	316	2	6	6	16	2	2	3	1	0.89505709	44	20007.319	20007.919	20007.919	20008.119	20008.814
3	7	2	1	317	2	6	6	17	6	1	7	1	1.0590335	45	20009.939	20010.139	20010.139	20010.339	20011.198
3	7	2	1	318	2	6	6	18	3	2	4	1	0.90113723	46	20012.159	20012.759	20012.759	20012.959	20013.66
3	7	2	1	319	2	6	6	19	2	1	3	1	1.0023843	47	20014.778	20014.978	20014.978	20015.178	20015.981
3	7	2	1	320	2	6	6	20	3	1	7	0	0.94266857	47	20016.997	20017.197	20017.197	20017.397	20018.14
3	7	2	1	321	2	6	6	21	1	2	2	1	0.82982145	48	20019.217	20019.817	20019.817	20020.017	20020.646
3	7	2	1	322	2	6	6	22	1	2	2	1	0.63781079	49	20021.837	20022.437	20022.437	20022.637	20023.074
3	7	2	1	323	2	6	6	23	1	2	2	1	0.70262376	50	20024.455	20025.055	20025.055	20025.255	20025.758
3	7	2	1	324	2	6	6	24	5	1	6	1	0.95565802	51	20027.075	20027.275	20027.275	20027.475	20028.23
3	7	2	1	325	2	6	6	25	6	1	7	1	1.5359063	52	20029.294	20029.494	20029.494	20029.694	20031.03
3	7	2	1	326	2	6	6	26	4	1	5	1	0.97868865	53	20031.516	20031.716	20031.716	20031.916	20032.695
3	7	2	1	327	2	6	6	27	6	2	7	1	0.90288545	54	20033.735	20034.335	20034.335	20034.535	20035.238
3	7	2	1	328	2	6	6	28	5	1	6	1	1.0615714	55	20036.354	20036.554	20036.554	20036.754	20037.616
3	7	2	1	329	2	6	6	29	1	1	2	1	0.88626428	56	20038.574	20038.774	20038.774	20038.974	20039.66
3	7	2	1	330	2	6	6	30	5	1	6	1	0.75272052	57	20040.796	20040.996	20040.996	20041.196	20041.749
3	7	2	1	331	2	2	6	1	1	1	1	1	0.69249557	1	20071.286	20071.486	20071.486	20071.686	20072.178
3	7	2	1	332	2	2	6	2	4	1	8	1	0.45493293	2	20073.507	20073.707	20073.707	20073.907	20074.162
3	7	2	1	333	2	2	6	3	1	2	8	0	0.69020217	2	20075.728	20076.328	20076.328	20076.528	20077.018
3	7	2	1	334	2	2	6	4	5	1	1	0	0.53517586	2	20078.348	20078.548	20078.548	20078.748	20079.083
3	7	2	1	335	2	2	6	5	4	2	8	1	1.3111029	3	20080.567	20081.167	20081.167	20081.367	20082.478
3	7	2	1	336	2	2	6	6	1	2	1	1	0.92738372	4	20083.189	20083.789	20083.789	20083.989	20084.716
3	7	2	1	337	2	2	6	7	2	2	1	1	0.92256929	5	20085.808	20086.408	20086.408	20086.608	20087.33
3	7	2	1	338	2	2	6	8	3	2	1	1	0.53414958	6	20088.427	20089.027	20089.027	20089.227	20089.561
3	7	2	1	339	2	2	6	9	4	1	8	1	0.70182169	7	20091.047	20091.247	20091.247	20091.447	20091.949
3	7	2	1	340	2	2	6	10	6	2	8	1	0.392367	8	20093.267	20093.867	20093.867	20094.067	20094.259
3	7	2	1	341	2	2	6	11	3	1	1	1	0.62704894	9	20095.889	20096.089	20096.089	20096.289	20096.716
3	7	2	1	342	2	2	6	12	1	2	1	1	0.57231885	10	20098.111	20098.711	20098.711	20098.911	20099.284
3	7	2	1	343	2	2	6	13	5	1	8	1	0.56841175	11	20100.731	20100.931	20100.931	20101.131	20101.5
3	7	2	1	344	2	2	6	14	6	2	8	1	0.8919669	12	20102.952	20103.552	20103.552	20103.752	20104.444
3	7	2	1	345	2	2	6	15	1	2	1	1	0.71984729	13	20105.572	20106.172	20106.172	20106.372	20106.892
3	7	2	1	346	2	2	6	16	2	2	1	1	0.41278083	14	20108.192	20108.792	20108.792	20108.992	20109.205
3	7	2	1	347	2	2	6	17	4	1	8	1	0.54284401	15	20110.812	20111.012	20111.012	20111.212	20111.555
3	7	2	1	348	2	2	6	18	2	2	1	1	1.3539974	16	20113.033	20113.633	20113.633	20113.833	20114.987
3	7	2	1	349	2	2	6	19	3	1	1	1	0.62508039	17	20115.653	20115.853	20115.853	20116.053	20116.478
3	7	2	1	350	2	2	6	20	3	1	1	1	0.5007001	18	20117.873	20118.073	20118.073	20118.273	20118.574
3	7	2	1	351	2	2	6	21	6	2	8	1	0.46860217	19	20120.095	20120.695	20120.695	20120.895	20121.163
3	7	2	1	352	2	2	6	22	2	2	8	0	0.42419992	19	20122.715	20123.315	20123.315	20123.515	20123.74
3	7	2	1	353	2	2	6	23	6	2	8	1	0.88918846	20	20125.338	20125.938	20125.938	20126.138	20126.827
3	7	2	1	354	2	2	6	24	5	1	8	1	0.78413818	21	20127.958	20128.158	20128.158	20128.358	20128.942
3	7	2	1	355	2	2	6	25	5	1	8	1	0.70029695	22	20130.181	20130.381	20130.381	20130.581	20131.081
3	7	2	1	356	2	2	6	26	2	1	2	1	0.78884295	23	20132.401	20132.601	20132.601	20132.801	20133.39
3	7	2	1	357	2	2	6	27	3	2	1	1	0.72530348	24	20134.622	20135.222	20135.222	20135.422	20135.947
3	7	2	1	358	2	2	6	28	5	1	8	1	0.75997689	25	20137.245	20137.445	20137.445	20137.645	20138.205
3	7	2	1	359	2	2	6	29	6	1	8	1	0.73604325	26	20139.466	20139.666	20139.666	20139.866	20140.402
3	7	2	1	360	2	2	6	30	4	1	8	1	0.6920662	27	20141.686	20141.886	20141.886	20142.086	20142.578
3	7	2	1	361	3	6	7	1	1	1	2	1	0.81174105	28	21164.867	21165.067	21165.067	21165.267	21165.878
3	7	2	1	362	3	6	7	2	4	1	3	0	0.68990165	28	21167.088	21167.288	21167.288	21167.488	21167.978
3	7	2	1	363	3	6	7	3	1	2	2	1	1.1523479	29	21169.309	21169.909	21169.909	21170.109	21171.061
3	7	2	1	364	3	6	7	4	5	1	3	0	1.7860639	29	21171.929	21172.129	21172.129	21172.33	21173.916
3	7	2	1	365	3	6	7	5	4	2	5	1	1.2215851	30	21174.151	21174.751	21174.751	21174.951	21175.973
3	7	2	1	366	3	6	7	6	1	2	2	1	0.95647793	31	21176.776	21177.376	21177.376	21177.576	21178.333
3	7	2	1	367	3	6	7	7	2	2	3	1	0.838898	32	21179.398	21179.998	21179.998	21180.198	21180.837
3	7	2	1	368	3	6	7	8	3	2	5	0	1.0089902	32	21182.019	21182.619	21182.619	21182.819	21183.628
3	7	2	1	369	3	6	7	9	4	1	5	1	1.0526586	33	21184.64	21184.84	21184.84	21185.04	21185.893
3	7	2	1	370	3	6	7	10	6	2	7	1	1.1431763	34	21186.862	21187.462	21187.462	21187.662	21188.605
3	7	2	1	371	3	6	7	11	3	1	4	1	0.87291131	35	21189.515	21189.715	21189.715	21189.915	21190.588
3	7	2	1	372	3	6	7	12	1	2	2	1	0.75590059	36	21191.737	21192.337	21192.337	21192.537	21193.093
3	7	2	1	373	3	6	7	13	5	1	6	1	0.87692318	37	21194.358	21194.558	21194.558	21194.758	21195.435
3	7	2	1	374	3	6	7	14	6	2	7	1	0.85007353	38	21196.58	21197.18	21197.18	21197.38	21198.03
3	7	2	1	375	3	6	7	15	1	2	2	1	0.69711029	39	21199.201	21199.801	21199.801	21200.001	21200.498
3	7	2	1	376	3	6	7	16	2	2	3	1	1.3075395	40	21201.824	21202.424	21202.424	21202.624	21203.732
3	7	2	1	377	3	6	7	17	4	1	5	1	0.82106147	41	21204.446	21204.646	21204.646	21204.846	21205.467
3	7	2	1	378	3	6	7	18	2	2	3	1	0.87418514	42	21206.667	21207.267	21207.267	21207.467	21208.141
3	7	2	1	379	3	6	7	19	3	1	4	1	1.1634098	43	21209.288	21209.488	21209.488	21209.688	21210.652
3	7	2	1	380	3	6	7	20	3	1	4	1	0.61578714	44	21211.511	21211.711	21211.711	21211.911	21212.326
3	7	2	1	381	3	6	7	21	6	2	2	0	1.2377258	44	21213.732	21214.332	21214.332	21214.532	21215.57
3	7	2	1	382	3	6	7	22	2	2	3	1	1.0424344	45	21216.354	21216.954	21216.954	21217.154	21217.997
3	7	2	1	383	3	6	7	23	6	2	7	1	0.75626057	46	21218.976	21219.576	21219.576	21219.776	21220.333
3	7	2	1	384	3	6	7	24	5	1	6	1	0.86949092	47	21221.6	21221.8	21221.8	21222	21222.669
3	7	2	1	385	3	6	7	25	5	1	6	1	0.62510973	48	21223.822	21224.022	21224.022	21224.222	21224.647
3	7	2	1	386	3	6	7	26	2	1	3	1	0.94420175	49	21226.043	21226.243	21226.243	21226.443	21227.187
3	7	2	1	387	3	6	7	27	3	2	4	1	0.82500196	50	21228.266	21228.866	21228.866	21229.066	21229.691
3	7	2	1	388	3	6	7	28	5	1	7	0	1.516667	50	21230.888	21231.088	21231.088	21231.288	21232.604
3	7	2	1	389	3	6	7	29	6	1	7	1	1.8680164	51	21233.11	21233.31	21233.31	21233.51	21235.178
3	7	2	1	390	3	6	7	30	4	1	5	1	0.96503615	52	21235.334	21235.534	21235.534	21235.734	21236.499
3	7	2	1	391	3	2	7	1	4	1	8	1	0.64840868	1	21265.946	21266.146	21266.146	21266.346	21266.795
3	7	2	1	392	3	2	7	2	4	1	8	1	0.56885264	2	21268.169	21268.369	21268.369	21268.569	21268.938
3	7	2	1	393	3	2	7	3	6	2	8	1	0.57366613	3	21270.391	21270.991	21270.991	21271.191	21271.565
3	7	2	1	394	3	2	7	4	4	1	8	1	0.58023813	4	21273.014	21273.214	21273.214	21273.414	21273.794
3	7	2	1	395	3	2	7	5	5	2	8	1	0.63092478	5	21275.237	21275.837	21275.837	21276.037	21276.468
3	7	2	1	396	3	2	7	6	4	2	8	1	0.55447509	6	21277.86	21278.46	21278.46	21278.66	21279.014
3	7	2	1	397	3	2	7	7	6	2	0	0	-21281.082	6	21280.482	21281.082	21281.082	21281.282	0
3	7	2	1	398	3	2	7	8	3	2	1	1	0.7704492	7	21283.104	21283.704	21283.704	21283.904	21284.474
3	7	2	1	399	3	2	7	9	1	1	1	1	0.46636205	8	21285.728	21285.928	21285.928	21286.128	21286.395
3	7	2	1	400	3	2	7	10	5	2	8	1	0.65470784	9	21287.951	21288.551	21288.551	21288.751	21289.206
3	7	2	1	401	3	2	7	11	5	1	1	0	0.69598682	9	21290.574	21290.774	21290.774	21290.974	21291.47
3	7	2	1	402	3	2	7	12	3	2	1	1	0.9974723	10	21292.8	21293.4	21293.4	21293.6	21294.397
3	7	2	1	403	3	2	7	13	5	1	8	1	0.63710343	11	21295.422	21295.622	21295.622	21295.822	21296.259
3	7	2	1	404	3	2	7	14	3	2	1	1	0.76755016	12	21297.644	21298.244	21298.244	21298.444	21299.012
3	7	2	1	405	3	2	7	15	6	2	8	1	0.78802211	13	21300.266	21300.866	21300.866	21301.066	21301.654
3	7	2	1	406	3	2	7	16	5	2	8	1	0.71461846	14	21302.889	21303.489	21303.489	21303.689	21304.204
3	7	2	1	407	3	2	7	17	2	1	1	1	0.69481885	15	21305.511	21305.711	21305.711	21305.911	21306.406
3	7	2	1	408	3	2	7	18	4	2	8	1	1.0802093	16	21307.734	21308.334	21308.334	21308.534	21309.414
3	7	2	1	409	3	2	7	19	2	1	1	1	0.70412849	17	21310.357	21310.557	21310.557	21310.757	21311.261
3	7	2	1	410	3	2	7	20	6	1	8	1	0.57329505	18	21312.581	21312.781	21312.781	21312.981	21313.354
3	7	2	1	411	3	2	7	21	2	2	8	0	0.67239171	18	21314.804	21315.404	21315.404	21315.604	21316.076
3	7	2	1	412	3	2	7	22	1	2	8	0	1.3296189	18	21317.427	21318.027	21318.027	21318.227	21319.357
3	7	2	1	413	3	2	7	23	3	2	1	1	0.68993344	19	21320.05	21320.65	21320.65	21320.85	21321.34
3	7	2	1	414	3	2	7	24	2	1	1	1	0.44077129	20	21322.674	21322.874	21322.874	21323.074	21323.314
3	7	2	1	415	3	2	7	25	1	1	1	1	0.46011758	21	21324.897	21325.097	21325.097	21325.297	21325.557
3	7	2	1	416	3	2	7	26	1	1	1	1	0.69863022	22	21327.12	21327.32	21327.32	21327.52	21328.019
3	7	2	1	417	3	2	7	27	6	2	8	1	0.76068011	23	21329.345	21329.945	21329.945	21330.145	21330.706
3	7	2	1	418	3	2	7	28	3	1	8	0	0.74758585	23	21331.97	21332.17	21332.17	21332.37	21332.918
3	7	2	1	419	3	2	7	29	2	1	1	1	1.3232374	24	21334.194	21334.394	21334.394	21334.594	21335.717
3	7	2	1	420	3	2	7	30	1	1	1	1	0.81251496	25	21336.418	21336.618	21336.618	21336.818	21337.43
3	7	2	1	421	3	6	8	1	4	1	5	1	0.98044693	26	21366.706	21366.906	21366.906	21367.106	21367.886
3	7	2	1	422	3	6	8	2	4	1	5	1	0.45830897	27	21368.93	21369.13	21369.13	21369.33	21369.588
3	7	2	1	423	3	6	8	3	6	2	7	1	1.1872758	28	21371.153	21371.753	21371.753	21371.953	21372.94
3	7	2	1	424	3	6	8	4	4	1	5	1	0.6435199	29	21373.779	21373.979	21373.979	21374.179	21374.622
3	7	2	1	425	3	6	8	5	5	2	6	1	0.70369735	30	21376.003	21376.603	21376.603	21376.803	21377.307
3	7	2	1	426	3	6	8	6	4	2	5	1	1.0829724	31	21378.627	21379.227	21379.227	21379.427	21380.31
3	7	2	1	427	3	6	8	7	6	2	2	0	1.5918935	31	21381.253	21381.853	21381.853	21382.053	21383.445
3	7	2	1	428	3	6	8	8	3	2	4	1	1.0321036	32	21383.876	21384.476	21384.476	21384.676	21385.508
3	7	2	1	429	3	6	8	9	1	1	2	1	0.80122566	33	21386.5	21386.7	21386.7	21386.9	21387.501
3	7	2	1	430	3	6	8	10	5	2	6	1	0.71084326	34	21388.724	21389.324	21389.324	21389.524	21390.035
3	7	2	1	431	3	6	8	11	5	1	6	1	0.58686986	35	21391.347	21391.547	21391.547	21391.747	21392.134
3	7	2	1	432	3	6	8	12	3	2	4	1	0.9980633	36	21393.572	21394.172	21394.172	21394.372	21395.17
3	7	2	1	433	3	6	8	13	5	1	6	1	0.81455257	37	21396.198	21396.398	21396.398	21396.598	21397.212
3	7	2	1	434	3	6	8	14	3	2	4	1	0.82450177	38	21398.422	21399.022	21399.022	21399.222	21399.846
3	7	2	1	435	3	6	8	15	6	2	5	0	1.0132175	38	21401.046	21401.646	21401.646	21401.846	21402.66
3	7	2	1	436	3	6	8	16	5	2	6	1	1.2831683	39	21403.673	21404.273	21404.273	21404.473	21405.556
3	7	2	1	437	3	6	8	17	2	1	3	1	1.4092827	40	21406.297	21406.497	21406.497	21406.697	21407.906
3	7	2	1	438	3	6	8	18	4	2	5	1	1.5775716	41	21408.521	21409.121	21409.121	21409.321	21410.698
3	7	2	1	439	3	6	8	19	2	1	3	1	0.80887336	42	21411.145	21411.345	21411.345	21411.545	21412.154
3	7	2	1	440	3	6	8	20	6	1	7	1	1.0268896	43	21413.369	21413.569	21413.569	21413.769	21414.596
3	7	2	1	441	3	6	8	21	2	2	3	1	0.93639859	44	21415.593	21416.193	21416.193	21416.393	21417.13
3	7	2	1	442	3	6	8	22	1	2	2	1	1.2767954	45	21418.217	21418.817	21418.817	21419.017	21420.094
3	7	2	1	443	3	6	8	23	3	2	4	1	0.92259479	46	21420.841	21421.441	21421.441	21421.641	21422.364
3	7	2	1	444	3	6	8	24	2	1	0	0	-21423.666	46	21423.466	21423.666	21423.666	21423.866	0
3	7	2	1	445	3	6	8	25	1	1	2	1	1.1600639	47	21425.694	21425.894	21425.894	21426.094	21427.054
3	7	2	1	446	3	6	8	26	1	1	2	1	0.56414548	48	21427.92	21428.12	21428.12	21428.32	21428.684
3	7	2	1	447	3	6	8	27	6	2	7	1	0.89059062	49	21430.144	21430.744	21430.744	21430.944	21431.634
3	7	2	1	448	3	6	8	28	3	1	4	1	1.2021042	50	21432.77	21432.97	21432.97	21433.17	21434.172
3	7	2	1	449	3	6	8	29	2	1	3	1	1.0656566	51	21434.994	21435.194	21435.194	21435.394	21436.259
3	7	2	1	450	3	6	8	30	1	1	2	1	1.1540935	52	21437.219	21437.419	21437.419	21437.619	21438.573
3	7	2	1	451	3	2	8	1	3	1	1	1	0.65042064	1	21467.595	21467.795	21467.795	21467.995	21468.446
3	7	2	1	452	3	2	8	2	4	1	8	1	0.61426078	2	21469.82	21470.02	21470.02	21470.22	21470.635
3	7	2	1	453	3	2	8	3	2	2	1	1	0.61735588	3	21472.045	21472.645	21472.645	21472.845	21473.262
3	7	2	1	454	3	2	8	4	4	1	8	1	0.66344787	4	21474.67	21474.87	21474.87	21475.07	21475.533
3	7	2	1	455	3	2	8	5	5	2	8	1	0.50906351	5	21476.895	21477.495	21477.495	21477.695	21478.004
3	7	2	1	456	3	2	8	6	1	2	1	1	0.54844587	6	21479.52	21480.12	21480.12	21480.32	21480.668
3	7	2	1	457	3	2	8	7	5	2	8	1	0.97940929	7	21482.146	21482.746	21482.746	21482.946	21483.725
3	7	2	1	458	3	2	8	8	6	2	8	1	0.66366562	8	21484.771	21485.371	21485.371	21485.571	21486.035
3	7	2	1	459	3	2	8	9	2	1	1	1	0.92603456	9	21487.396	21487.596	21487.596	21487.796	21488.522
3	7	2	1	460	3	2	8	10	3	2	1	1	0.6860497	10	21489.621	21490.221	21490.221	21490.421	21490.907
3	7	2	1	461	3	2	8	11	3	1	1	1	0.61932751	11	21492.247	21492.447	21492.447	21492.647	21493.066
3	7	2	1	462	3	2	8	12	4	2	8	1	0.8435287	12	21494.472	21495.072	21495.072	21495.272	21495.916
3	7	2	1	463	3	2	8	13	1	1	1	1	0.64325306	13	21497.097	21497.297	21497.297	21497.497	21497.941
3	7	2	1	464	3	2	8	14	2	2	1	1	0.94354009	14	21499.323	21499.923	21499.923	21500.123	21500.866
3	7	2	1	465	3	2	8	15	2	2	1	1	0.57203879	15	21501.953	21502.553	21502.553	21502.754	21503.126
3	7	2	1	466	3	2	8	16	3	2	0	0	-21505.18	15	21504.58	21505.18	21505.18	21505.38	0
3	7	2	1	467	3	2	8	17	6	1	8	1	0.83918647	16	21507.205	21507.405	21507.405	21507.605	21508.244
3	7	2	1	468	3	2	8	18	3	2	1	1	0.59054807	17	21509.43	21510.03	21510.03	21510.23	21510.621
3	7	2	1	469	3	2	8	19	1	1	1	1	0.88988886	18	21512.056	21512.256	21512.256	21512.456	21513.146
3	7	2	1	470	3	2	8	20	5	1	8	1	0.77745026	19	21514.282	21514.482	21514.482	21514.682	21515.26
3	7	2	1	471	3	2	8	21	4	2	8	1	0.61597969	20	21516.508	21517.108	21517.108	21517.308	21517.724
3	7	2	1	472	3	2	8	22	6	2	8	1	0.62572985	21	21519.133	21519.733	21519.733	21519.933	21520.358
3	7	2	1	473	3	2	8	23	6	2	6	0	1.9999238	21	21521.758	21522.358	21522.358	21522.558	21524.358
3	7	2	1	474	3	2	8	24	5	1	6	0	1.9969531	21	21524.386	21524.586	21524.586	21524.786	21526.583
3	7	2	1	475	3	2	8	25	1	1	6	1	1.9832445	22	21526.614	21526.814	21526.814	21527.014	21528.797
3	7	2	1	476	3	2	8	26	4	1	6	0	1.9989843	22	21528.883	21529.083	21529.083	21529.283	21531.082
3	7	2	1	477	3	2	8	27	1	2	6	1	2.0003014	23	21531.115	21531.715	21531.715	21531.915	21533.715
3	7	2	1	478	3	2	8	28	6	1	8	1	0.71511532	24	21533.744	21533.944	21533.944	21534.144	21534.659
3	7	2	1	479	3	2	8	29	2	1	1	1	0.80326772	25	21535.969	21536.169	21536.169	21536.369	21536.972
3	7	2	1	480	3	2	8	30	5	1	8	1	0.56671937	26	21538.195	21538.395	21538.395	21538.595	21538.962
3	7	2	1	481	3	6	9	1	3	1	4	1	1.1574014	27	21568.485	21568.685	21568.685	21568.885	21569.842
3	7	2	1	482	3	6	9	2	4	1	5	1	0.68601753	28	21570.711	21570.911	21570.911	21571.111	21571.597
3	7	2	1	483	3	6	9	3	2	2	3	1	1.2001549	29	21572.94	21573.54	21573.54	21573.74	21574.74
3	7	2	1	484	3	6	9	4	4	1	5	1	0.89359528	30	21575.573	21575.773	21575.773	21575.973	21576.666
3	7	2	1	485	3	6	9	5	5	2	6	1	1.6777126	31	21577.801	21578.401	21578.401	21578.601	21580.078
3	7	2	1	486	3	6	9	6	1	2	2	1	1.5198565	32	21580.427	21581.027	21581.027	21581.227	21582.546
3	7	2	1	487	3	6	9	7	5	2	6	1	0.92685397	33	21583.053	21583.653	21583.653	21583.853	21584.58
3	7	2	1	488	3	6	9	8	6	2	4	0	1.3711908	33	21585.68	21586.28	21586.28	21586.48	21587.651
3	7	2	1	489	3	6	9	9	2	1	2	0	1.2404601	33	21588.306	21588.506	21588.506	21588.706	21589.747
3	7	2	1	490	3	6	9	10	3	2	4	1	1.3627824	34	21590.536	21591.136	21591.136	21591.336	21592.499
3	7	2	1	491	3	6	9	11	3	1	4	1	1.3823624	35	21593.163	21593.364	21593.364	21593.564	21594.746
3	7	2	1	492	3	6	9	12	4	2	5	1	1.4687126	36	21595.39	21595.99	21595.99	21596.19	21597.458
3	7	2	1	493	3	6	9	13	1	1	2	1	1.1701785	37	21598.017	21598.217	21598.217	21598.417	21599.387
3	7	2	1	494	3	6	9	14	2	2	3	1	1.1582797	38	21600.246	21600.846	21600.846	21601.046	21602.005
3	7	2	1	495	3	6	9	15	2	2	3	1	0.57853721	39	21602.874	21603.474	21603.474	21603.674	21604.053
3	7	2	1	496	3	6	9	16	3	2	5	0	1.2931457	39	21605.503	21606.103	21606.103	21606.303	21607.396
3	7	2	1	497	3	6	9	17	6	1	7	1	1.2019668	40	21608.131	21608.331	21608.331	21608.531	21609.533
3	7	2	1	498	3	6	9	18	3	2	4	1	0.91035611	41	21610.357	21610.957	21610.957	21611.157	21611.867
3	7	2	1	499	3	6	9	19	1	1	2	1	1.3629655	42	21612.983	21613.183	21613.183	21613.383	21614.546
3	7	2	1	500	3	6	9	20	5	1	6	1	0.78813952	43	21615.21	21615.41	21615.41	21615.61	21616.198
3	7	2	1	501	3	6	9	21	4	2	5	1	1.9448512	44	21617.437	21618.037	21618.037	21618.237	21619.982
3	7	2	1	502	3	6	9	22	6	2	7	1	1.447098	45	21620.066	21620.666	21620.666	21620.866	21622.113
3	7	2	1	503	3	6	9	23	6	2	7	1	0.62957295	46	21622.692	21623.292	21623.292	21623.492	21623.922
3	7	2	1	504	3	6	9	24	5	1	6	1	1.0057913	47	21625.319	21625.519	21625.519	21625.719	21626.525
3	7	2	1	505	3	6	9	25	1	1	4	0	1.040279	47	21627.546	21627.746	21627.746	21627.946	21628.787
3	7	2	1	506	3	6	9	26	4	1	5	1	1.3882183	48	21629.773	21629.973	21629.973	21630.173	21631.361
3	7	2	1	507	3	6	9	27	1	2	5	0	1.4667317	48	21632.001	21632.601	21632.601	21632.801	21634.068
3	7	2	1	508	3	6	9	28	6	1	7	1	1.181641	49	21634.629	21634.829	21634.829	21635.029	21636.01
3	7	2	1	509	3	6	9	29	2	1	3	1	1.4659143	50	21636.856	21637.056	21637.056	21637.256	21638.522
3	7	2	1	510	3	6	9	30	5	1	6	1	0.7624187	51	21639.083	21639.283	21639.283	21639.483	21640.045
3	7	2	1	511	3	2	9	1	6	1	8	1	1.0866837	1	21669.374	21669.574	21669.574	21669.774	21670.661
3	7	2	1	512	3	2	9	2	3	1	1	1	0.75575143	2	21671.602	21671.802	21671.802	21672.002	21672.558
3	7	2	1	513	3	2	9	3	1	2	1	1	0.90069317	3	21673.829	21674.429	21674.429	21674.629	21675.33
3	7	2	1	514	3	2	9	4	3	1	1	1	0.61225567	4	21676.456	21676.656	21676.656	21676.856	21677.268
3	7	2	1	515	3	2	9	5	2	2	1	1	0.50350756	5	21678.683	21679.283	21679.283	21679.483	21679.787
3	7	2	1	516	3	2	9	6	4	2	8	1	0.72497392	6	21681.311	21681.911	21681.911	21682.111	21682.636
3	7	2	1	517	3	2	9	7	1	2	1	1	0.622906	7	21683.939	21684.539	21684.539	21684.739	21685.161
3	7	2	1	518	3	2	9	8	1	2	1	1	0.50073528	8	21686.566	21687.166	21687.166	21687.366	21687.667
3	7	2	1	519	3	2	9	9	6	1	8	1	0.58577109	9	21689.193	21689.393	21689.393	21689.593	21689.979
3	7	2	1	520	3	2	9	10	3	2	1	1	0.80735272	10	21691.421	21692.021	21692.021	21692.221	21692.828
3	7	2	1	521	3	2	9	11	5	1	8	1	0.59149753	11	21694.052	21694.252	21694.252	21694.452	21694.843
3	7	2	1	522	3	2	9	12	5	2	8	1	0.59711486	12	21696.279	21696.879	21696.879	21697.079	21697.476
3	7	2	1	523	3	2	9	13	4	1	8	1	0.52150443	13	21698.908	21699.108	21699.108	21699.308	21699.629
3	7	2	1	524	3	2	9	14	4	2	8	1	0.5249298	14	21701.136	21701.736	21701.736	21701.936	21702.261
3	7	2	1	525	3	2	9	15	6	2	8	1	0.553269	15	21703.764	21704.364	21704.364	21704.564	21704.917
3	7	2	1	526	3	2	9	16	1	2	1	1	1.1170768	16	21706.398	21706.998	21706.998	21707.199	21708.116
3	7	2	1	527	3	2	9	17	5	1	1	0	1.07179	16	21709.06	21709.26	21709.26	21709.46	21710.332
3	7	2	1	528	3	2	9	18	5	2	8	1	0.85838166	17	21711.288	21711.888	21711.888	21712.088	21712.746
3	7	2	1	529	3	2	9	19	4	1	8	1	0.84808769	18	21713.916	21714.116	21714.116	21714.316	21714.964
3	7	2	1	530	3	2	9	20	6	1	8	1	0.53221236	19	21716.146	21716.346	21716.346	21716.546	21716.878
3	7	2	1	531	3	2	9	21	3	2	1	1	0.64272179	20	21718.375	21718.975	21718.975	21719.175	21719.618
3	7	2	1	532	3	2	9	22	1	2	1	1	0.48804492	21	21721.005	21721.605	21721.605	21721.805	21722.093
3	7	2	1	533	3	2	9	23	3	2	1	1	0.51136811	22	21723.634	21724.234	21724.234	21724.434	21724.746
3	7	2	1	534	3	2	9	24	2	1	1	1	0.51737389	23	21726.262	21726.462	21726.462	21726.662	21726.979
3	7	2	1	535	3	2	9	25	4	1	8	1	0.69668873	24	21728.49	21728.69	21728.69	21728.89	21729.386
3	7	2	1	536	3	2	9	26	6	1	8	1	0.43077873	25	21730.718	21730.918	21730.918	21731.118	21731.349
3	7	2	1	537	3	2	9	27	2	2	1	1	0.6637487	26	21732.949	21733.549	21733.549	21733.749	21734.213
3	7	2	1	538	3	2	9	28	5	1	8	1	0.57444419	27	21735.58	21735.78	21735.78	21735.98	21736.354
3	7	2	1	539	3	2	9	29	2	1	1	1	1.9974212	28	21737.808	21738.008	21738.008	21738.208	21740.006
3	7	2	1	540	3	2	9	30	2	1	1	1	0.71891214	29	21740.037	21740.237	21740.237	21740.437	21740.956
3	7	2	1	541	4	6	10	1	6	1	7	1	2.0005421	30	22319.9	22320.1	22320.1	22320.3	22322.101
3	7	2	1	542	4	6	10	2	3	1	6	0	1.4248861	30	22322.132	22322.332	22322.332	22322.532	22323.757
3	7	2	1	543	4	6	10	3	1	2	2	1	0.95644814	31	22324.362	22324.962	22324.962	22325.162	22325.918
3	7	2	1	544	4	6	10	4	3	1	4	1	0.65461532	32	22326.99	22327.19	22327.19	22327.39	22327.845
3	7	2	1	545	4	6	10	5	2	2	3	1	0.9214367	33	22329.219	22329.819	22329.819	22330.019	22330.741
3	7	2	1	546	4	6	10	6	4	2	5	1	0.82457495	34	22331.848	22332.448	22332.448	22332.648	22333.272
3	7	2	1	547	4	6	10	7	1	2	2	1	0.94979222	35	22334.476	22335.076	22335.076	22335.276	22336.026
3	7	2	1	548	4	6	10	8	1	2	2	1	0.66841532	36	22337.106	22337.706	22337.706	22337.906	22338.375
3	7	2	1	549	4	6	10	9	6	1	7	1	1.3501448	37	22339.735	22339.935	22339.935	22340.135	22341.285
3	7	2	1	550	4	6	10	10	3	2	4	1	0.80622009	38	22341.964	22342.564	22342.564	22342.764	22343.371
3	7	2	1	551	4	6	10	11	5	1	6	1	0.83630562	39	22344.594	22344.794	22344.794	22344.994	22345.63
3	7	2	1	552	4	6	10	12	5	2	6	1	0.66743799	40	22346.823	22347.423	22347.423	22347.623	22348.09
3	7	2	1	553	4	6	10	13	4	1	5	1	0.85446655	41	22349.451	22349.651	22349.651	22349.851	22350.506
3	7	2	1	554	4	6	10	14	4	2	5	1	0.50140281	42	22351.68	22352.28	22352.28	22352.48	22352.782
3	7	2	1	555	4	6	10	15	6	2	7	1	0.9964402	43	22354.309	22354.909	22354.909	22355.109	22355.906
3	7	2	1	556	4	6	10	16	1	2	2	1	1.5489116	44	22356.945	22357.545	22357.545	22357.745	22359.094
3	7	2	1	557	4	6	10	17	5	1	6	1	0.87160745	45	22359.575	22359.775	22359.775	22359.975	22360.646
3	7	2	1	558	4	6	10	18	5	2	6	1	0.63912798	46	22361.804	22362.404	22362.404	22362.604	22363.043
3	7	2	1	559	4	6	10	19	4	1	5	1	1.5646955	47	22364.432	22364.632	22364.632	22364.832	22366.197
3	7	2	1	560	4	6	10	20	6	1	7	1	1.1626958	48	22366.662	22366.862	22366.862	22367.062	22368.025
3	7	2	1	561	4	6	10	21	3	2	4	1	1.2724678	49	22368.89	22369.491	22369.491	22369.691	22370.763
3	7	2	1	562	4	6	10	22	1	2	2	1	1.1809199	50	22371.52	22372.12	22372.12	22372.32	22373.301
3	7	2	1	563	4	6	10	23	3	2	4	1	0.97509427	51	22374.149	22374.749	22374.749	22374.949	22375.724
3	7	2	1	564	4	6	10	24	2	1	3	1	1.5279213	52	22376.778	22376.978	22376.978	22377.178	22378.506
3	7	2	1	565	4	6	10	25	4	1	7	0	1.5076193	52	22379.008	22379.208	22379.208	22379.408	22380.715
3	7	2	1	566	4	6	10	26	6	1	7	1	1.9973234	53	22381.237	22381.437	22381.437	22381.637	22383.435
3	7	2	1	567	4	6	10	27	2	2	3	1	1.287674	54	22383.467	22384.067	22384.067	22384.267	22385.355
3	7	2	1	568	4	6	10	28	5	1	6	1	0.60793086	55	22386.101	22386.301	22386.301	22386.501	22386.909
3	7	2	1	569	4	6	10	29	2	1	3	1	0.79629135	56	22388.335	22388.535	22388.535	22388.735	22389.331
3	7	2	1	570	4	6	10	30	2	1	3	1	0.74207154	57	22390.564	22390.764	22390.764	22390.964	22391.506
3	7	2	1	571	4	2	10	1	3	1	1	1	0.50456474	1	22420.85	22421.05	22421.05	22421.25	22421.555
3	7	2	1	572	4	2	10	2	4	1	8	1	0.5308215	2	22423.08	22423.28	22423.28	22423.48	22423.811
3	7	2	1	573	4	2	10	3	1	2	1	1	0.62664165	3	22425.312	22425.912	22425.912	22426.112	22426.539
3	7	2	1	574	4	2	10	4	5	1	8	1	0.71231227	4	22427.942	22428.142	22428.142	22428.342	22428.854
3	7	2	1	575	4	2	10	5	6	2	8	1	0.55924795	5	22430.172	22430.772	22430.772	22430.972	22431.332
3	7	2	1	576	4	2	10	6	3	2	1	1	1.1422823	6	22432.805	22433.405	22433.405	22433.605	22434.548
3	7	2	1	577	4	2	10	7	5	2	8	1	0.63366018	7	22435.436	22436.036	22436.036	22436.236	22436.67
3	7	2	1	578	4	2	10	8	2	2	1	1	0.73029964	8	22438.067	22438.667	22438.667	22438.867	22439.397
3	7	2	1	579	4	2	10	9	2	1	1	1	0.60921515	9	22440.7	22440.9	22440.9	22441.1	22441.51
3	7	2	1	580	4	2	10	10	6	2	8	1	0.62322578	10	22442.931	22443.531	22443.531	22443.731	22444.154
3	7	2	1	581	4	2	10	11	2	1	1	1	0.55541012	11	22445.562	22445.762	22445.762	22445.962	22446.317
3	7	2	1	582	4	2	10	12	5	2	8	1	0.55452917	12	22447.792	22448.392	22448.392	22448.592	22448.947
3	7	2	1	583	4	2	10	13	3	1	1	1	0.68371556	13	22450.422	22450.622	22450.622	22450.822	22451.306
3	7	2	1	584	4	2	10	14	3	2	1	1	1.4545976	14	22452.655	22453.255	22453.255	22453.455	22454.71
3	7	2	1	585	4	2	10	15	1	2	1	1	0.69242925	15	22455.286	22455.886	22455.886	22456.086	22456.578
3	7	2	1	586	4	2	10	16	3	2	1	1	1.3144991	16	22457.916	22458.516	22458.516	22458.716	22459.83
3	7	2	1	587	4	2	10	17	4	1	8	1	0.71943695	17	22460.547	22460.747	22460.747	22460.947	22461.466
3	7	2	1	588	4	2	10	18	1	2	1	1	0.69201289	18	22462.777	22463.377	22463.377	22463.577	22464.069
3	7	2	1	589	4	2	10	19	5	1	8	1	0.83895785	19	22465.407	22465.607	22465.607	22465.807	22466.446
3	7	2	1	590	4	2	10	20	1	1	1	1	0.50278048	20	22467.636	22467.836	22467.836	22468.036	22468.339
3	7	2	1	591	4	2	10	21	5	2	8	1	0.68868623	21	22469.867	22470.467	22470.467	22470.667	22471.155
3	7	2	1	592	4	2	10	22	6	2	8	1	0.4561237	22	22472.498	22473.098	22473.098	22473.298	22473.554
3	7	2	1	593	4	2	10	23	2	2	1	1	0.65820179	23	22475.129	22475.729	22475.729	22475.929	22476.387
3	7	2	1	594	4	2	10	24	6	1	8	1	0.58561735	24	22477.762	22477.962	22477.962	22478.162	22478.548
3	7	2	1	595	4	2	10	25	4	1	8	1	0.54581727	25	22479.995	22480.195	22480.195	22480.395	22480.741
3	7	2	1	596	4	2	10	26	2	1	1	1	0.65913562	26	22482.225	22482.425	22482.425	22482.625	22483.085
3	7	2	1	597	4	2	10	27	1	2	1	1	0.63630862	27	22484.456	22485.056	22485.056	22485.257	22485.693
3	7	2	1	598	4	2	10	28	4	1	8	1	0.63005932	28	22487.087	22487.287	22487.287	22487.487	22487.917
3	7	2	1	599	4	2	10	29	6	1	8	1	0.61476823	29	22489.318	22489.518	22489.518	22489.718	22490.133
3	7	2	1	600	4	2	10	30	4	1	1	0	0.75345697	29	22491.548	22491.748	22491.748	22491.948	22492.502
3	7	2	1	601	4	6	11	1	3	1	4	1	0.75465932	30	22521.85	22522.05	22522.05	22522.25	22522.805
3	7	2	1	602	4	6	11	2	4	1	5	1	0.75303573	31	22524.081	22524.281	22524.281	22524.481	22525.034
3	7	2	1	603	4	6	11	3	1	2	2	1	0.99578745	32	22526.312	22526.912	22526.912	22527.112	22527.908
3	7	2	1	604	4	6	11	4	5	1	6	1	0.77804387	33	22528.944	22529.144	22529.144	22529.344	22529.922
3	7	2	1	605	4	6	11	5	6	2	7	1	0.93455421	34	22531.175	22531.775	22531.775	22531.975	22532.71
3	7	2	1	606	4	6	11	6	3	2	4	1	0.97173996	35	22533.808	22534.408	22534.408	22534.608	22535.38
3	7	2	1	607	4	6	11	7	5	2	6	1	0.81515822	36	22536.444	22537.044	22537.044	22537.244	22537.859
3	7	2	1	608	4	6	11	8	2	2	3	1	0.95190046	37	22539.076	22539.676	22539.676	22539.876	22540.628
3	7	2	1	609	4	6	11	9	2	1	3	1	0.6986222	38	22541.708	22541.908	22541.908	22542.108	22542.606
3	7	2	1	610	4	6	11	10	6	2	7	1	1.0498102	39	22543.939	22544.539	22544.539	22544.739	22545.589
3	7	2	1	611	4	6	11	11	2	1	3	1	0.74723013	40	22546.57	22546.77	22546.77	22546.97	22547.517
3	7	2	1	612	4	6	11	12	5	2	6	1	1.0504617	41	22548.801	22549.401	22549.401	22549.601	22550.452
3	7	2	1	613	4	6	11	13	3	1	4	1	1.0503327	42	22551.432	22551.632	22551.632	22551.832	22552.682
3	7	2	1	614	4	6	11	14	3	2	4	1	0.49876182	43	22553.663	22554.263	22554.263	22554.463	22554.762
3	7	2	1	615	4	6	11	15	1	2	2	1	1.1283819	44	22556.298	22556.898	22556.898	22557.098	22558.026
3	7	2	1	616	4	6	11	16	3	2	4	1	1.8113165	45	22558.931	22559.531	22559.531	22559.731	22561.342
3	7	2	1	617	4	6	11	17	4	1	5	1	0.82426352	46	22561.563	22561.763	22561.763	22561.963	22562.587
3	7	2	1	618	4	6	11	18	1	2	2	1	0.82461769	47	22563.795	22564.395	22564.395	22564.595	22565.22
3	7	2	1	619	4	6	11	19	5	1	6	1	0.99349371	48	22566.427	22566.627	22566.627	22566.827	22567.621
3	7	2	1	620	4	6	11	20	1	1	4	0	1.7534241	48	22568.66	22568.86	22568.86	22569.06	22570.614
3	7	2	1	621	4	6	11	21	5	2	6	1	1.2865073	49	22570.892	22571.492	22571.492	22571.692	22572.779
3	7	2	1	622	4	6	11	22	6	2	7	1	1.1593224	50	22573.524	22574.124	22574.124	22574.324	22575.284
3	7	2	1	623	4	6	11	23	2	2	3	1	0.89136749	51	22576.158	22576.758	22576.758	22576.958	22577.649
3	7	2	1	624	4	6	11	24	6	1	6	0	1.3729173	51	22578.79	22578.99	22578.99	22579.19	22580.363
3	7	2	1	625	4	6	11	25	4	1	5	1	1.2133696	52	22581.023	22581.223	22581.223	22581.423	22582.436
3	7	2	1	626	4	6	11	26	2	1	3	1	1.0133456	53	22583.255	22583.455	22583.455	22583.655	22584.468
3	7	2	1	627	4	6	11	27	1	2	2	1	1.3029476	54	22585.487	22586.087	22586.087	22586.287	22587.39
3	7	2	1	628	4	6	11	28	4	1	3	0	1.0195628	54	22588.122	22588.322	22588.322	22588.522	22589.341
3	7	2	1	629	4	6	11	29	6	1	5	0	1.7861842	54	22590.355	22590.555	22590.555	22590.755	22592.341
3	7	2	1	630	4	6	11	30	4	1	5	1	1.2464633	55	22592.589	22592.789	22592.789	22592.989	22594.035
3	7	2	1	631	4	2	11	1	5	1	8	1	0.61174401	1	22622.88	22623.08	22623.08	22623.28	22623.692
3	7	2	1	632	4	2	11	2	4	1	8	1	0.50007979	2	22625.112	22625.312	22625.312	22625.512	22625.812
3	7	2	1	633	4	2	11	3	6	2	8	1	0.56410282	3	22627.344	22627.944	22627.944	22628.144	22628.508
3	7	2	1	634	4	2	11	4	3	1	1	1	0.68183453	4	22629.977	22630.177	22630.177	22630.377	22630.858
3	7	2	1	635	4	2	11	5	2	2	1	1	0.48234752	5	22632.209	22632.809	22632.809	22633.009	22633.292
3	7	2	1	636	4	2	11	6	3	2	1	1	0.44952321	6	22634.843	22635.443	22635.443	22635.643	22635.892
3	7	2	1	637	4	2	11	7	2	2	1	1	0.92903593	7	22637.507	22638.107	22638.107	22638.307	22639.036
3	7	2	1	638	4	2	11	8	2	2	1	1	0.55209701	8	22640.141	22640.741	22640.741	22640.941	22641.293
3	7	2	1	639	4	2	11	9	3	1	8	0	0.90873924	8	22642.773	22642.973	22642.973	22643.173	22643.882
3	7	2	1	640	4	2	11	10	4	2	8	1	1.1822165	9	22645.006	22645.606	22645.606	22645.806	22646.788
3	7	2	1	641	4	2	11	11	5	1	8	1	0.75774232	10	22647.639	22647.839	22647.839	22648.039	22648.597
3	7	2	1	642	4	2	11	12	6	2	8	1	0.60959614	11	22649.872	22650.472	22650.472	22650.672	22651.082
3	7	2	1	643	4	2	11	13	1	1	1	1	0.63590467	12	22652.526	22652.726	22652.726	22652.926	22653.362
3	7	2	1	644	4	2	11	14	6	2	8	1	0.58886967	13	22654.76	22655.36	22655.36	22655.56	22655.948
3	7	2	1	645	4	2	11	15	3	2	1	1	0.6073327	14	22657.396	22657.996	22657.996	22658.196	22658.603
3	7	2	1	646	4	2	11	16	6	2	8	1	0.72025497	15	22660.028	22660.628	22660.628	22660.828	22661.348
3	7	2	1	647	4	2	11	17	5	1	8	1	0.65312837	16	22662.664	22662.864	22662.864	22663.064	22663.517
3	7	2	1	648	4	2	11	18	1	2	1	1	0.93728007	17	22664.897	22665.497	22665.497	22665.697	22666.434
3	7	2	1	649	4	2	11	19	2	1	1	1	0.63276952	18	22667.547	22667.747	22667.747	22667.947	22668.38
3	7	2	1	650	4	2	11	20	4	1	8	1	0.90142325	19	22669.783	22669.984	22669.984	22670.184	22670.885
3	7	2	1	651	4	2	11	21	3	2	8	0	0.68300593	19	22672.017	22672.617	22672.617	22672.817	22673.3
3	7	2	1	652	4	2	11	22	6	2	1	0	0.67391716	19	22674.65	22675.25	22675.25	22675.45	22675.924
3	7	2	1	653	4	2	11	23	1	2	1	1	1.5104743	20	22677.286	22677.886	22677.886	22678.086	22679.397
3	7	2	1	654	4	2	11	24	4	1	8	1	0.64253818	21	22679.919	22680.119	22680.119	22680.319	22680.762
3	7	2	1	655	4	2	11	25	5	1	8	1	0.61986025	22	22682.153	22682.353	22682.353	22682.553	22682.973
3	7	2	1	656	4	2	11	26	1	1	1	1	0.64775968	23	22684.39	22684.59	22684.59	22684.79	22685.238
3	7	2	1	657	4	2	11	27	5	2	8	1	0.53948219	24	22686.624	22687.224	22687.224	22687.424	22687.763
3	7	2	1	658	4	2	11	28	4	1	8	1	0.63377728	25	22689.256	22689.456	22689.456	22689.656	22690.09
3	7	2	1	659	4	2	11	29	2	1	1	1	0.62470072	26	22691.492	22691.692	22691.692	22691.892	22692.317
3	7	2	1	660	4	2	11	30	1	1	1	1	0.62901316	27	22693.726	22693.926	22693.926	22694.126	22694.555
3	7	2	1	661	4	6	12	1	5	1	6	1	1.2171042	28	22724.02	22724.22	22724.22	22724.42	22725.437
3	7	2	1	662	4	6	12	2	4	1	5	1	1.5973774	29	22726.253	22726.453	22726.453	22726.653	22728.051
3	7	2	1	663	4	6	12	3	6	2	7	1	1.4124581	30	22728.486	22729.086	22729.086	22729.286	22730.499
3	7	2	1	664	4	6	12	4	3	1	4	1	0.87608663	31	22731.121	22731.321	22731.321	22731.521	22732.197
3	7	2	1	665	4	6	12	5	2	2	3	1	0.88459891	32	22733.355	22733.955	22733.955	22734.155	22734.84
3	7	2	1	666	4	6	12	6	3	2	4	1	1.0053972	33	22735.989	22736.589	22736.589	22736.789	22737.594
3	7	2	1	667	4	6	12	7	2	2	3	1	0.74358333	34	22738.629	22739.229	22739.229	22739.429	22739.973
3	7	2	1	668	4	6	12	8	2	2	3	1	0.73906058	35	22741.263	22741.863	22741.863	22742.063	22742.602
3	7	2	1	669	4	6	12	9	3	1	4	1	0.88041394	36	22743.898	22744.098	22744.098	22744.298	22744.978
3	7	2	1	670	4	6	12	10	4	2	5	1	1.242544	37	22746.132	22746.732	22746.732	22746.932	22747.974
3	7	2	1	671	4	6	12	11	5	1	6	1	0.73441033	38	22748.767	22748.967	22748.967	22749.167	22749.701
3	7	2	1	672	4	6	12	12	6	2	7	1	1.073027	39	22751.004	22751.604	22751.604	22751.804	22752.678
3	7	2	1	673	4	6	12	13	1	1	2	1	0.77307153	40	22753.639	22753.839	22753.839	22754.039	22754.612
3	7	2	1	674	4	6	12	14	6	2	6	0	1.0186469	40	22755.871	22756.471	22756.471	22756.671	22757.49
3	7	2	1	675	4	6	12	15	3	2	4	1	1.944677	41	22758.506	22759.106	22759.106	22759.306	22761.051
3	7	2	1	676	4	6	12	16	6	2	7	1	1.5337755	42	22761.14	22761.74	22761.74	22761.94	22763.274
3	7	2	1	677	4	6	12	17	5	1	6	1	0.80920666	43	22763.779	22763.979	22763.979	22764.179	22764.788
3	7	2	1	678	4	6	12	18	1	2	2	1	1.2776464	44	22766.013	22766.613	22766.613	22766.813	22767.891
3	7	2	1	679	4	6	12	19	2	1	3	1	1.1556769	45	22768.647	22768.847	22768.847	22769.047	22770.003
3	7	2	1	680	4	6	12	20	4	1	3	0	0.87032156	45	22770.885	22771.085	22771.085	22771.285	22771.956
3	7	2	1	681	4	6	12	21	3	2	4	1	1.329335	46	22773.121	22773.721	22773.721	22773.921	22775.051
3	7	2	1	682	4	6	12	22	6	2	7	1	1.695469	47	22775.756	22776.356	22776.356	22776.556	22778.052
3	7	2	1	683	4	6	12	23	1	2	2	1	0.87171926	48	22778.39	22778.99	22778.99	22779.19	22779.862
3	7	2	1	684	4	6	12	24	4	1	7	0	1.1635963	48	22781.025	22781.225	22781.225	22781.425	22782.389
3	7	2	1	685	4	6	12	25	5	1	6	1	0.97615399	49	22783.26	22783.46	22783.46	22783.66	22784.436
3	7	2	1	686	4	6	12	26	1	1	2	1	1.2710565	50	22785.499	22785.699	22785.699	22785.899	22786.97
3	7	2	1	687	4	6	12	27	5	2	6	1	1.2772432	51	22787.737	22788.337	22788.337	22788.537	22789.614
3	7	2	1	688	4	6	12	28	4	1	3	0	1.9428835	51	22790.372	22790.572	22790.572	22790.772	22792.515
3	7	2	1	689	4	6	12	29	2	1	5	0	1.6954286	51	22792.607	22792.807	22792.807	22793.007	22794.502
3	7	2	1	690	4	6	12	30	1	1	2	1	1.0571313	52	22794.85	22795.05	22795.05	22795.25	22796.107
3	7	2	1	691	4	2	12	1	2	1	1	1	0.49436653	1	22825.15	22825.35	22825.35	22825.55	22825.844
3	7	2	1	692	4	2	12	2	6	1	8	1	0.59247403	2	22827.385	22827.585	22827.585	22827.785	22828.178
3	7	2	1	693	4	2	12	3	3	2	1	1	0.50242763	3	22829.621	22830.221	22830.221	22830.421	22830.723
3	7	2	1	694	4	2	12	4	6	1	8	1	0.4638449	4	22832.258	22832.458	22832.458	22832.658	22832.922
3	7	2	1	695	4	2	12	5	2	2	1	1	0.51971993	5	22834.494	22835.094	22835.094	22835.294	22835.613
3	7	2	1	696	4	2	12	6	6	2	8	1	0.53340921	6	22837.128	22837.728	22837.728	22837.928	22838.262
3	7	2	1	697	4	2	12	7	4	2	8	1	0.56651365	7	22839.764	22840.364	22840.364	22840.564	22840.931
3	7	2	1	698	4	2	12	8	3	2	1	1	0.51746972	8	22842.4	22843	22843	22843.2	22843.517
3	7	2	1	699	4	2	12	9	2	1	1	1	0.52306301	9	22845.035	22845.235	22845.235	22845.435	22845.758
3	7	2	1	700	4	2	12	10	5	2	8	1	0.67638916	10	22847.27	22847.87	22847.87	22848.07	22848.547
3	7	2	1	701	4	2	12	11	4	1	8	1	0.73031396	11	22849.906	22850.106	22850.106	22850.306	22850.836
3	7	2	1	702	4	2	12	12	4	2	8	1	0.89825285	12	22852.141	22852.741	22852.741	22852.941	22853.639
3	7	2	1	703	4	2	12	13	3	1	1	1	0.73008433	13	22854.784	22854.984	22854.984	22855.184	22855.714
3	7	2	1	704	4	2	12	14	6	2	8	1	0.69096557	14	22857.019	22857.619	22857.619	22857.819	22858.31
3	7	2	1	705	4	2	12	15	1	2	1	1	1.5677102	15	22859.66	22860.26	22860.26	22860.46	22861.828
3	7	2	1	706	4	2	12	16	6	2	8	1	1.5081138	16	22862.296	22862.896	22862.896	22863.096	22864.404
3	7	2	1	707	4	2	12	17	3	1	1	1	1.3371081	17	22864.931	22865.131	22865.131	22865.331	22866.468
3	7	2	1	708	4	2	12	18	4	2	8	1	0.88667757	18	22867.166	22867.766	22867.766	22867.966	22868.653
3	7	2	1	709	4	2	12	19	5	1	8	1	1.98845	19	22869.802	22870.002	22870.002	22870.202	22871.99
3	7	2	1	710	4	2	12	20	1	1	1	1	0.76744718	20	22872.04	22872.24	22872.24	22872.44	22873.008
3	7	2	1	711	4	2	12	21	5	2	8	1	0.87460594	21	22874.276	22874.876	22874.876	22875.076	22875.75
3	7	2	1	712	4	2	12	22	5	2	8	1	0.59466833	22	22876.912	22877.512	22877.512	22877.712	22878.107
3	7	2	1	713	4	2	12	23	5	2	8	1	0.51561469	23	22879.551	22880.151	22880.151	22880.351	22880.666
3	7	2	1	714	4	2	12	24	2	1	1	1	0.70146271	24	22882.19	22882.39	22882.39	22882.59	22883.091
3	7	2	1	715	4	2	12	25	2	1	1	1	0.69079336	25	22884.426	22884.626	22884.626	22884.826	22885.317
3	7	2	1	716	4	2	12	26	1	1	1	1	0.53215154	26	22886.662	22886.862	22886.862	22887.062	22887.394
3	7	2	1	717	4	2	12	27	3	2	1	1	0.56255388	27	22888.898	22889.498	22889.498	22889.698	22890.06
3	7	2	1	718	4	2	12	28	1	1	0	0	-22891.734	27	22891.534	22891.734	22891.734	22891.934	0
3	7	2	1	719	4	2	12	29	1	1	1	1	0.66410342	28	22893.77	22893.97	22893.97	22894.17	22894.634
3	7	2	1	720	4	2	12	30	4	1	8	1	0.54907218	29	22896.006	22896.206	22896.206	22896.406	22896.755
