255	48	65	151	30	119	220	36	0	0	0	0	0	0	0	0	0	0	0	0
1	47	2	1	1	1	6	1	1	3	2	4	1	1.9725299	1	11697.269	11697.869	11697.87	11698.07	11699.842
1	47	2	1	2	1	6	1	2	3	1	4	1	1.7274321	2	11699.886	11700.086	11700.087	11700.287	11701.814
1	47	2	1	3	1	6	1	3	2	2	3	1	1.9926739	3	11702.095	11702.695	11702.695	11702.895	11704.688
1	47	2	1	4	1	6	1	4	2	2	3	1	1.6850291	4	11704.702	11705.302	11705.302	11705.502	11706.987
1	47	2	1	5	1	6	1	5	1	1	0	0	-11707.508	4	11707.308	11707.508	11707.508	11707.708	0
1	47	2	1	6	1	6	1	6	4	2	0	0	-11710.414	4	11709.814	11710.414	11710.414	11710.614	0
1	47	2	1	7	1	6	1	7	4	2	6	0	0.62714556	4	11712.72	11713.32	11713.32	11713.52	11713.947
1	47	2	1	8	1	6	1	8	2	1	0	0	-11715.834	4	11715.634	11715.834	11715.834	11716.034	0
1	47	2	1	9	1	6	1	9	3	2	0	0	-11718.74	4	11718.14	11718.74	11718.74	11718.94	0
1	47	2	1	10	1	6	1	10	5	1	0	0	-11721.246	4	11721.046	11721.246	11721.246	11721.446	0
1	47	2	1	11	1	6	1	11	4	1	0	0	-11723.752	4	11723.552	11723.752	11723.752	11723.952	0
1	47	2	1	12	1	6	1	12	1	1	6	0	1.4486977	4	11726.057	11726.257	11726.257	11726.457	11727.706
1	47	2	1	13	1	6	1	13	6	1	7	1	1.9141076	5	11728.573	11728.773	11728.773	11728.974	11730.688
1	47	2	1	14	1	6	1	14	4	2	3	0	1.1967213	5	11730.78	11731.38	11731.38	11731.58	11732.576
1	47	2	1	15	1	6	1	15	6	1	6	0	0.52868672	5	11733.719	11733.919	11733.919	11734.119	11734.448
1	47	2	1	16	1	6	1	16	5	2	3	0	1.0214502	5	11736.228	11736.828	11736.828	11737.028	11737.849
1	47	2	1	17	1	6	1	17	1	2	2	1	1.0788555	6	11739.146	11739.746	11739.746	11739.946	11740.825
1	47	2	1	18	1	6	1	18	2	1	5	0	1.7270263	6	11741.752	11741.952	11741.952	11742.152	11743.679
1	47	2	1	19	1	6	1	19	5	1	6	1	0.97312822	7	11744.266	11744.466	11744.466	11744.666	11745.439
1	47	2	1	20	1	6	1	20	6	1	7	1	1.3134111	8	11746.474	11746.674	11746.674	11746.874	11747.987
1	47	2	1	21	1	6	1	21	3	2	4	1	0.90483748	9	11748.679	11749.279	11749.279	11749.48	11750.184
1	47	2	1	22	1	6	1	22	2	2	3	1	1.1457187	10	11751.286	11751.886	11751.886	11752.086	11753.032
1	47	2	1	23	1	6	1	23	5	2	6	1	1.0026743	11	11753.893	11754.493	11754.493	11754.693	11755.496
1	47	2	1	24	1	6	1	24	3	2	4	1	1.0304126	12	11756.499	11757.099	11757.099	11757.299	11758.13
1	47	2	1	25	1	6	1	25	6	1	7	1	0.83864603	13	11759.105	11759.305	11759.305	11759.506	11760.144
1	47	2	1	26	1	6	1	26	4	1	5	1	0.91216729	14	11761.311	11761.512	11761.512	11761.712	11762.424
1	47	2	1	27	1	6	1	27	6	2	7	1	1.1930104	15	11763.518	11764.118	11764.118	11764.318	11765.311
1	47	2	1	28	1	6	1	28	5	1	6	1	1.3709844	16	11766.125	11766.325	11766.325	11766.525	11767.696
1	47	2	1	29	1	6	1	29	1	2	2	1	1.2700567	17	11768.331	11768.931	11768.931	11769.131	11770.201
1	47	2	1	30	1	6	1	30	1	1	2	1	1.0476024	18	11770.938	11771.138	11771.138	11771.338	11772.185
1	47	2	1	31	1	2	1	1	2	2	1	1	0.70310478	1	11798.459	11799.059	11799.059	11799.259	11799.762
1	47	2	1	32	1	2	1	2	5	1	8	1	0.83691229	2	11801.069	11801.269	11801.269	11801.469	11802.106
1	47	2	1	33	1	2	1	3	6	2	8	1	1.0506113	3	11803.277	11803.877	11803.877	11804.077	11804.927
1	47	2	1	34	1	2	1	4	4	2	8	1	0.80526083	4	11805.883	11806.483	11806.483	11806.683	11807.289
1	47	2	1	35	1	2	1	5	5	1	8	1	0.95792033	5	11808.49	11808.69	11808.69	11808.89	11809.648
1	47	2	1	36	1	2	1	6	6	2	8	1	0.94358077	6	11810.697	11811.297	11811.297	11811.497	11812.241
1	47	2	1	37	1	2	1	7	1	2	1	1	1.4275673	7	11813.303	11813.903	11813.903	11814.103	11815.331
1	47	2	1	38	1	2	1	8	6	1	8	1	0.68227471	8	11815.911	11816.111	11816.111	11816.311	11816.793
1	47	2	1	39	1	2	1	9	5	2	8	1	1.9213489	9	11818.117	11818.717	11818.717	11818.917	11820.638
1	47	2	1	40	1	2	1	10	4	1	8	1	1.0590769	10	11820.724	11820.924	11820.924	11821.124	11821.984
1	47	2	1	41	1	2	1	11	3	1	1	1	0.60406764	11	11822.931	11823.131	11823.131	11823.331	11823.735
1	47	2	1	42	1	2	1	12	2	1	1	1	0.59945792	12	11825.138	11825.338	11825.338	11825.538	11825.937
1	47	2	1	43	1	2	1	13	2	1	1	1	0.44227108	13	11827.345	11827.545	11827.545	11827.745	11827.987
1	47	2	1	44	1	2	1	14	2	2	1	1	0.81508199	14	11829.552	11830.152	11830.152	11830.352	11830.967
1	47	2	1	45	1	2	1	15	5	1	8	1	0.88827022	15	11832.158	11832.358	11832.358	11832.558	11833.247
1	47	2	1	46	1	2	1	16	4	2	8	1	0.73039593	16	11834.365	11834.965	11834.966	11835.166	11835.696
1	47	2	1	47	1	2	1	17	3	2	1	1	0.63872659	17	11836.972	11837.573	11837.573	11837.773	11838.211
1	47	2	1	48	1	2	1	18	6	1	8	1	0.58941555	18	11839.579	11839.779	11839.779	11839.979	11840.369
1	47	2	1	49	1	2	1	19	4	1	8	1	0.89548613	19	11841.786	11841.986	11841.986	11842.186	11842.882
1	47	2	1	50	1	2	1	20	1	1	1	1	0.63930427	20	11843.993	11844.193	11844.193	11844.393	11844.833
1	47	2	1	51	1	2	1	21	3	2	8	0	0.82441209	20	11846.2	11846.8	11846.8	11847	11847.625
1	47	2	1	52	1	2	1	22	1	2	1	1	0.79255172	21	11849.118	11849.718	11849.718	11849.918	11850.51
1	47	2	1	53	1	2	1	23	1	2	1	1	0.79582131	22	11851.724	11852.324	11852.324	11852.524	11853.12
1	47	2	1	54	1	2	1	24	6	2	8	1	0.82685033	23	11854.332	11854.932	11854.932	11855.132	11855.759
1	47	2	1	55	1	2	1	25	3	1	1	1	1.1819396	24	11856.94	11857.14	11857.14	11857.34	11858.322
1	47	2	1	56	1	2	1	26	3	1	1	1	0.74095529	25	11859.147	11859.347	11859.347	11859.547	11860.088
1	47	2	1	57	1	2	1	27	2	2	1	1	1.0787583	26	11861.354	11861.954	11861.954	11862.154	11863.033
1	47	2	1	58	1	2	1	28	5	1	8	1	0.74483036	27	11863.962	11864.162	11864.162	11864.362	11864.907
1	47	2	1	59	1	2	1	29	4	2	8	1	0.93798514	28	11866.169	11866.769	11866.769	11866.969	11867.707
1	47	2	1	60	1	2	1	30	1	1	1	1	0.9037243	29	11868.777	11868.977	11868.977	11869.177	11869.881
1	47	2	1	61	1	6	2	1	2	2	3	1	1.4023434	30	11962.053	11962.653	11962.653	11962.853	11964.056
1	47	2	1	62	1	6	2	2	5	1	6	1	1.2269893	31	11964.661	11964.861	11964.861	11965.062	11966.088
1	47	2	1	63	1	6	2	3	6	2	7	1	1.0927024	32	11966.869	11967.469	11967.469	11967.669	11968.562
1	47	2	1	64	1	6	2	4	4	2	5	1	0.65478834	33	11969.476	11970.076	11970.076	11970.276	11970.731
1	47	2	1	65	1	6	2	5	5	1	6	1	0.77889757	34	11972.084	11972.284	11972.284	11972.484	11973.063
1	47	2	1	66	1	6	2	6	6	2	7	1	1.223499	35	11974.291	11974.891	11974.891	11975.091	11976.115
1	47	2	1	67	1	6	2	7	1	2	2	1	0.85309965	36	11976.899	11977.499	11977.499	11977.699	11978.352
1	47	2	1	68	1	6	2	8	6	1	7	1	0.98875756	37	11979.507	11979.707	11979.707	11979.907	11980.696
1	47	2	1	69	1	6	2	9	5	2	6	1	1.1103693	38	11981.715	11982.315	11982.315	11982.515	11983.426
1	47	2	1	70	1	6	2	10	4	1	5	1	0.83062365	39	11984.324	11984.524	11984.524	11984.724	11985.354
1	47	2	1	71	1	6	2	11	3	1	4	1	1.1581522	40	11986.532	11986.732	11986.732	11986.932	11987.89
1	47	2	1	72	1	6	2	12	2	1	3	1	1.0025767	41	11988.74	11988.94	11988.94	11989.14	11989.943
1	47	2	1	73	1	6	2	13	2	1	3	1	0.94818742	42	11990.948	11991.148	11991.148	11991.348	11992.096
1	47	2	1	74	1	6	2	14	2	2	3	1	0.70065951	43	11993.155	11993.755	11993.755	11993.955	11994.456
1	47	2	1	75	1	6	2	15	5	1	6	1	1.220488	44	11995.764	11995.964	11995.964	11996.164	11997.184
1	47	2	1	76	1	6	2	16	4	2	5	1	0.83760458	45	11997.972	11998.572	11998.572	11998.772	11999.41
1	47	2	1	77	1	6	2	17	3	2	4	1	0.83542898	46	12000.58	12001.18	12001.18	12001.38	12002.016
1	47	2	1	78	1	6	2	18	6	1	7	1	0.79819733	47	12003.188	12003.388	12003.388	12003.588	12004.187
1	47	2	1	79	1	6	2	19	4	1	5	1	1.2304036	48	12005.396	12005.596	12005.596	12005.796	12006.827
1	47	2	1	80	1	6	2	20	1	1	2	1	1.1546659	49	12007.604	12007.804	12007.804	12008.004	12008.959
1	47	2	1	81	1	6	2	21	3	2	4	1	1.054325	50	12009.813	12010.413	12010.413	12010.613	12011.467
1	47	2	1	82	1	6	2	22	1	2	2	1	1.04378	51	12012.421	12013.021	12013.021	12013.221	12014.065
1	47	2	1	83	1	6	2	23	1	2	2	1	0.85226967	52	12015.029	12015.629	12015.629	12015.829	12016.482
1	47	2	1	84	1	6	2	24	6	2	7	1	1.0921829	53	12017.638	12018.238	12018.238	12018.438	12019.33
1	47	2	1	85	1	6	2	25	3	1	4	1	0.82935233	54	12020.246	12020.446	12020.446	12020.646	12021.275
1	47	2	1	86	1	6	2	26	3	1	4	1	0.80007865	55	12022.454	12022.654	12022.654	12022.854	12023.454
1	47	2	1	87	1	6	2	27	2	2	3	1	0.79366187	56	12024.663	12025.263	12025.263	12025.463	12026.057
1	47	2	1	88	1	6	2	28	5	1	5	0	1.5643559	56	12027.271	12027.471	12027.471	12027.671	12029.035
1	47	2	1	89	1	6	2	29	4	2	5	1	0.88964861	57	12029.792	12030.392	12030.392	12030.592	12031.281
1	47	2	1	90	1	6	2	30	1	1	2	1	1.1670175	58	12032.4	12032.6	12032.6	12032.8	12033.767
1	47	2	1	91	1	2	2	1	3	2	1	1	0.66636658	1	12065.006	12065.606	12065.606	12065.806	12066.273
1	47	2	1	92	1	2	2	2	6	1	8	1	0.74763999	2	12067.615	12067.815	12067.815	12068.015	12068.562
1	47	2	1	93	1	2	2	3	3	2	1	1	1.3616228	3	12069.824	12070.424	12070.424	12070.624	12071.786
1	47	2	1	94	1	2	2	4	2	2	1	1	0.9051525	4	12072.432	12073.032	12073.032	12073.232	12073.938
1	47	2	1	95	1	2	2	5	4	1	8	1	0.80861532	5	12075.041	12075.241	12075.241	12075.441	12076.05
1	47	2	1	96	1	2	2	6	5	2	8	1	0.84140935	6	12077.25	12077.85	12077.85	12078.05	12078.691
1	47	2	1	97	1	2	2	7	4	2	8	1	0.68503603	7	12079.859	12080.459	12080.459	12080.659	12081.144
1	47	2	1	98	1	2	2	8	6	1	8	1	0.60642825	8	12082.468	12082.668	12082.668	12082.868	12083.274
1	47	2	1	99	1	2	2	9	1	2	1	1	0.54805599	9	12084.677	12085.277	12085.277	12085.477	12085.825
1	47	2	1	100	1	2	2	10	6	1	8	1	0.63670297	10	12087.286	12087.486	12087.486	12087.686	12088.123
1	47	2	1	101	1	2	2	11	5	1	8	1	1.3126452	11	12089.495	12089.695	12089.695	12089.895	12091.008
1	47	2	1	102	1	2	2	12	1	1	1	1	0.57548088	12	12091.705	12091.905	12091.905	12092.105	12092.481
1	47	2	1	103	1	2	2	13	2	1	1	1	0.65123017	13	12093.917	12094.117	12094.117	12094.317	12094.768
1	47	2	1	104	1	2	2	14	4	2	8	1	0.70498199	14	12096.126	12096.726	12096.726	12096.926	12097.431
1	47	2	1	105	1	2	2	15	2	1	1	1	0.68966802	15	12098.736	12098.936	12098.936	12099.136	12099.625
1	47	2	1	106	1	2	2	16	2	2	1	1	0.86359955	16	12100.945	12101.545	12101.545	12101.745	12102.408
1	47	2	1	107	1	2	2	17	4	2	8	1	0.97489991	17	12103.554	12104.154	12104.154	12104.354	12105.129
1	47	2	1	108	1	2	2	18	1	1	1	1	0.75552071	18	12106.164	12106.364	12106.364	12106.564	12107.119
1	47	2	1	109	1	2	2	19	4	1	8	1	0.57631003	19	12108.375	12108.575	12108.575	12108.775	12109.151
1	47	2	1	110	1	2	2	20	6	1	8	1	1.1296288	20	12110.584	12110.784	12110.784	12110.984	12111.914
1	47	2	1	111	1	2	2	21	6	2	8	1	0.86941995	21	12112.794	12113.394	12113.394	12113.594	12114.263
1	47	2	1	112	1	2	2	22	1	2	1	1	0.84752753	22	12115.403	12116.003	12116.003	12116.203	12116.851
1	47	2	1	113	1	2	2	23	5	2	8	1	0.78641243	23	12118.013	12118.613	12118.613	12118.813	12119.399
1	47	2	1	114	1	2	2	24	3	2	1	1	1.5209269	24	12120.622	12121.222	12121.222	12121.422	12122.743
1	47	2	1	115	1	2	2	25	1	1	1	1	1.9985035	25	12123.231	12123.431	12123.431	12123.631	12125.43
1	47	2	1	116	1	2	2	26	3	1	1	1	0.79155632	26	12125.442	12125.642	12125.642	12125.842	12126.434
1	47	2	1	117	1	2	2	27	5	2	8	1	0.6121457	27	12127.652	12128.252	12128.252	12128.452	12128.864
1	47	2	1	118	1	2	2	28	2	1	1	1	1.2112102	28	12130.262	12130.462	12130.462	12130.662	12131.673
1	47	2	1	119	1	2	2	29	3	2	1	1	1.2600748	29	12132.478	12133.078	12133.078	12133.278	12134.338
1	47	2	1	120	1	2	2	30	5	1	8	1	0.81693172	30	12135.088	12135.288	12135.288	12135.488	12136.105
1	47	2	1	121	1	6	3	1	3	2	4	1	0.9658888	31	12162.949	12163.549	12163.549	12163.749	12164.515
1	47	2	1	122	1	6	3	2	6	1	7	1	0.83996468	32	12165.559	12165.759	12165.759	12165.959	12166.599
1	47	2	1	123	1	6	3	3	3	2	4	1	0.76818543	33	12167.769	12168.369	12168.369	12168.569	12169.137
1	47	2	1	124	1	6	3	4	2	2	3	1	0.87877051	34	12170.379	12170.979	12170.979	12171.179	12171.858
1	47	2	1	125	1	6	3	5	4	1	5	1	0.89960384	35	12172.988	12173.188	12173.188	12173.388	12174.088
1	47	2	1	126	1	6	3	6	5	2	6	1	0.50768156	36	12175.198	12175.798	12175.798	12175.998	12176.306
1	47	2	1	127	1	6	3	7	4	2	5	1	0.77880601	37	12177.808	12178.408	12178.408	12178.608	12179.187
1	47	2	1	128	1	6	3	8	6	1	7	1	0.90045377	38	12180.419	12180.619	12180.619	12180.819	12181.52
1	47	2	1	129	1	6	3	9	1	2	2	1	0.85000732	39	12182.629	12183.229	12183.229	12183.429	12184.079
1	47	2	1	130	1	6	3	10	6	1	7	1	1.0983519	40	12185.24	12185.44	12185.44	12185.64	12186.538
1	47	2	1	131	1	6	3	11	5	1	6	1	1.0061756	41	12187.45	12187.65	12187.65	12187.85	12188.656
1	47	2	1	132	1	6	3	12	1	1	2	1	0.95400038	42	12189.66	12189.86	12189.86	12190.06	12190.814
1	47	2	1	133	1	6	3	13	2	1	3	1	0.78642937	43	12191.871	12192.071	12192.071	12192.271	12192.857
1	47	2	1	134	1	6	3	14	4	2	5	1	1.7084335	44	12194.085	12194.685	12194.685	12194.885	12196.393
1	47	2	1	135	1	6	3	15	2	1	3	1	0.84795274	45	12196.695	12196.895	12196.895	12197.095	12197.743
1	47	2	1	136	1	6	3	16	2	2	3	1	0.59811331	46	12198.906	12199.506	12199.506	12199.706	12200.104
1	47	2	1	137	1	6	3	17	4	2	5	1	1.1399376	47	12201.517	12202.117	12202.117	12202.317	12203.256
1	47	2	1	138	1	6	3	18	1	1	2	1	1.5714836	48	12204.127	12204.327	12204.327	12204.527	12205.898
1	47	2	1	139	1	6	3	19	4	1	5	1	0.80534943	49	12206.338	12206.538	12206.538	12206.738	12207.343
1	47	2	1	140	1	6	3	20	6	1	7	1	1.507395	50	12208.548	12208.748	12208.748	12208.948	12210.256
1	47	2	1	141	1	6	3	21	6	2	7	1	0.80092154	51	12210.759	12211.359	12211.359	12211.559	12212.16
1	47	2	1	142	1	6	3	22	1	2	2	1	1.0210943	52	12213.369	12213.969	12213.969	12214.17	12214.991
1	47	2	1	143	1	6	3	23	5	2	6	1	0.9245643	53	12215.98	12216.58	12216.58	12216.78	12217.504
1	47	2	1	144	1	6	3	24	3	2	4	1	0.92894635	54	12218.591	12219.191	12219.191	12219.391	12220.12
1	47	2	1	145	1	6	3	25	1	1	2	1	1.8458823	55	12221.202	12221.402	12221.402	12221.602	12223.248
1	47	2	1	146	1	6	3	26	3	1	4	1	0.8916378	56	12223.413	12223.613	12223.613	12223.813	12224.504
1	47	2	1	147	1	6	3	27	5	2	6	1	0.73573891	57	12225.624	12226.224	12226.224	12226.424	12226.96
1	47	2	1	148	1	6	3	28	2	1	3	1	1.0137905	58	12228.234	12228.434	12228.434	12228.634	12229.448
1	47	2	1	149	1	6	3	29	3	2	4	1	0.74710486	59	12230.445	12231.045	12231.045	12231.245	12231.792
1	47	2	1	150	1	6	3	30	5	1	6	1	1.0336539	60	12233.056	12233.256	12233.256	12233.456	12234.289
1	47	2	1	151	1	2	3	1	6	2	8	1	0.81871055	1	12256.623	12257.223	12257.223	12257.423	12258.042
1	47	2	1	152	1	2	3	2	2	1	1	1	0.82199923	2	12259.235	12259.435	12259.435	12259.635	12260.257
1	47	2	1	153	1	2	3	3	2	2	1	1	0.88278327	3	12261.446	12262.046	12262.046	12262.246	12262.929
1	47	2	1	154	1	2	3	4	6	2	8	1	0.60083414	4	12264.057	12264.657	12264.657	12264.857	12265.258
1	47	2	1	155	1	2	3	5	4	1	8	1	0.72540506	5	12266.668	12266.868	12266.868	12267.068	12267.593
1	47	2	1	156	1	2	3	6	5	2	8	1	0.96212596	6	12268.879	12269.479	12269.479	12269.679	12270.441
1	47	2	1	157	1	2	3	7	5	2	8	1	0.88886228	7	12271.491	12272.091	12272.091	12272.291	12272.979
1	47	2	1	158	1	2	3	8	3	1	1	1	0.51404802	8	12274.102	12274.302	12274.302	12274.502	12274.816
1	47	2	1	159	1	2	3	9	1	2	1	1	0.63931664	9	12276.313	12276.913	12276.913	12277.113	12277.552
1	47	2	1	160	1	2	3	10	2	1	1	1	0.57502193	10	12278.924	12279.124	12279.124	12279.324	12279.699
1	47	2	1	161	1	2	3	11	6	1	8	1	0.72758286	11	12281.136	12281.336	12281.336	12281.536	12282.063
1	47	2	1	162	1	2	3	12	4	1	8	1	0.61335673	12	12283.349	12283.549	12283.549	12283.749	12284.162
1	47	2	1	163	1	2	3	13	4	1	8	1	0.72196485	13	12285.561	12285.761	12285.761	12285.961	12286.483
1	47	2	1	164	1	2	3	14	3	2	1	1	0.65342727	14	12287.772	12288.372	12288.372	12288.572	12289.026
1	47	2	1	165	1	2	3	15	6	1	8	1	0.75100368	15	12290.384	12290.584	12290.584	12290.784	12291.335
1	47	2	1	166	1	2	3	16	5	2	8	1	0.69628891	16	12292.595	12293.195	12293.195	12293.395	12293.891
1	47	2	1	167	1	2	3	17	3	2	1	1	0.54870945	17	12295.206	12295.806	12295.806	12296.006	12296.355
1	47	2	1	168	1	2	3	18	1	1	1	1	0.54272173	18	12297.818	12298.018	12298.018	12298.218	12298.561
1	47	2	1	169	1	2	3	19	6	1	8	1	0.73675911	19	12300.03	12300.23	12300.23	12300.43	12300.967
1	47	2	1	170	1	2	3	20	1	1	1	1	0.69341632	20	12302.242	12302.442	12302.442	12302.642	12303.135
1	47	2	1	171	1	2	3	21	1	2	1	1	1.1217292	21	12304.454	12305.054	12305.054	12305.254	12306.176
1	47	2	1	172	1	2	3	22	2	2	1	1	0.85239847	22	12307.066	12307.666	12307.666	12307.866	12308.518
1	47	2	1	173	1	2	3	23	5	2	8	1	0.93933496	23	12309.679	12310.279	12310.279	12310.479	12311.218
1	47	2	1	174	1	2	3	24	2	2	1	1	0.74031999	24	12312.291	12312.891	12312.891	12313.091	12313.632
1	47	2	1	175	1	2	3	25	4	1	8	1	0.82441591	25	12314.903	12315.103	12315.103	12315.303	12315.928
1	47	2	1	176	1	2	3	26	3	1	1	1	1.124721	26	12317.116	12317.316	12317.316	12317.516	12318.44
1	47	2	1	177	1	2	3	27	5	2	8	1	0.79439699	27	12319.328	12319.928	12319.928	12320.128	12320.722
1	47	2	1	178	1	2	3	28	3	1	1	1	0.88350001	28	12321.941	12322.141	12322.141	12322.341	12323.024
1	47	2	1	179	1	2	3	29	4	2	8	1	0.6980119	29	12324.153	12324.753	12324.753	12324.953	12325.451
1	47	2	1	180	1	2	3	30	1	1	1	1	0.77023416	30	12326.765	12326.965	12326.965	12327.165	12327.735
1	47	2	1	181	2	6	4	1	6	2	0	0	-12647.243	30	12646.643	12647.243	12647.243	12647.443	0
1	47	2	1	182	2	6	4	2	2	1	3	1	0.96949909	31	12649.256	12649.456	12649.456	12649.656	12650.426
1	47	2	1	183	2	6	4	3	2	2	3	1	0.7467997	32	12651.468	12652.068	12652.068	12652.268	12652.815
1	47	2	1	184	2	6	4	4	6	2	7	1	1.342863	33	12654.081	12654.681	12654.681	12654.881	12656.024
1	47	2	1	185	2	6	4	5	4	1	5	1	0.82013627	34	12656.693	12656.893	12656.893	12657.093	12657.713
1	47	2	1	186	2	6	4	6	5	2	6	1	0.56987418	35	12658.905	12659.505	12659.505	12659.705	12660.075
1	47	2	1	187	2	6	4	7	5	2	6	1	0.6277182	36	12661.518	12662.118	12662.118	12662.318	12662.746
1	47	2	1	188	2	6	4	8	3	1	4	1	0.90003054	37	12664.133	12664.333	12664.333	12664.533	12665.233
1	47	2	1	189	2	6	4	9	1	2	2	1	1.2379112	38	12666.346	12666.946	12666.946	12667.146	12668.184
1	47	2	1	190	2	6	4	10	2	1	3	1	0.73330456	39	12668.958	12669.158	12669.158	12669.358	12669.891
1	47	2	1	191	2	6	4	11	6	1	7	1	1.3981108	40	12671.17	12671.37	12671.37	12671.57	12672.769
1	47	2	1	192	2	6	4	12	4	1	5	1	0.68735117	41	12673.386	12673.586	12673.586	12673.786	12674.273
1	47	2	1	193	2	6	4	13	4	1	5	1	0.57718826	42	12675.598	12675.798	12675.798	12675.998	12676.375
1	47	2	1	194	2	6	4	14	3	2	4	1	1.0722084	43	12677.811	12678.411	12678.411	12678.611	12679.483
1	47	2	1	195	2	6	4	15	6	1	7	1	0.87923492	44	12680.424	12680.624	12680.624	12680.824	12681.503
1	47	2	1	196	2	6	4	16	5	2	6	1	1.4984786	45	12682.639	12683.239	12683.239	12683.439	12684.738
1	47	2	1	197	2	6	4	17	3	2	4	1	1.0756278	46	12685.252	12685.852	12685.852	12686.052	12686.928
1	47	2	1	198	2	6	4	18	1	1	2	1	1.5335328	47	12687.865	12688.065	12688.065	12688.265	12689.599
1	47	2	1	199	2	6	4	19	6	1	7	1	1.1079734	48	12690.079	12690.279	12690.279	12690.479	12691.387
1	47	2	1	200	2	6	4	20	1	1	2	1	1.7165487	49	12692.292	12692.492	12692.492	12692.692	12694.208
1	47	2	1	201	2	6	4	21	1	2	2	1	0.75996	50	12694.506	12695.106	12695.106	12695.306	12695.866
1	47	2	1	202	2	6	4	22	2	2	3	1	1.02412	51	12697.12	12697.72	12697.72	12697.92	12698.744
1	47	2	1	203	2	6	4	23	5	2	6	1	1.6290804	52	12699.733	12700.333	12700.333	12700.533	12701.962
1	47	2	1	204	2	6	4	24	2	2	3	1	1.0471844	53	12702.346	12702.946	12702.946	12703.146	12703.993
1	47	2	1	205	2	6	4	25	4	1	5	1	0.96950685	54	12704.959	12705.159	12705.159	12705.359	12706.128
1	47	2	1	206	2	6	4	26	3	1	3	0	1.7007976	54	12707.172	12707.372	12707.372	12707.572	12709.073
1	47	2	1	207	2	6	4	27	5	2	6	1	1.2465066	55	12709.385	12709.985	12709.985	12710.185	12711.232
1	47	2	1	208	2	6	4	28	3	1	4	1	0.75526931	56	12711.999	12712.199	12712.199	12712.399	12712.954
1	47	2	1	209	2	6	4	29	4	2	5	1	0.81158362	57	12714.213	12714.813	12714.813	12715.013	12715.624
1	47	2	1	210	2	6	4	30	1	1	2	1	1.0328977	58	12716.826	12717.026	12717.026	12717.226	12718.059
1	47	2	1	211	2	2	4	1	1	2	1	1	0.83315935	1	12747.102	12747.702	12747.702	12747.902	12748.535
1	47	2	1	212	2	2	4	2	4	1	8	1	0.55806159	2	12749.715	12749.915	12749.916	12750.116	12750.474
1	47	2	1	213	2	2	4	3	3	2	1	1	0.83343978	3	12751.93	12752.53	12752.53	12752.73	12753.363
1	47	2	1	214	2	2	4	4	3	2	1	1	0.67559464	4	12754.543	12755.143	12755.143	12755.343	12755.819
1	47	2	1	215	2	2	4	5	4	1	8	1	0.79586147	5	12757.157	12757.357	12757.357	12757.557	12758.153
1	47	2	1	216	2	2	4	6	2	2	1	1	0.78169422	6	12759.371	12759.971	12759.971	12760.171	12760.752
1	47	2	1	217	2	2	4	7	6	2	8	1	0.72844263	7	12761.987	12762.587	12762.587	12762.787	12763.315
1	47	2	1	218	2	2	4	8	4	1	8	1	1.1310007	8	12764.6	12764.8	12764.8	12765	12765.931
1	47	2	1	219	2	2	4	9	5	2	8	1	1.0360481	9	12766.814	12767.414	12767.414	12767.614	12768.45
1	47	2	1	220	2	2	4	10	2	1	1	1	0.69467861	10	12769.427	12769.627	12769.627	12769.827	12770.322
1	47	2	1	221	2	2	4	11	5	1	8	1	0.88680072	11	12771.641	12771.841	12771.841	12772.041	12772.728
1	47	2	1	222	2	2	4	12	6	1	8	1	0.90526793	12	12773.855	12774.055	12774.055	12774.255	12774.96
1	47	2	1	223	2	2	4	13	1	1	1	1	0.97042499	13	12776.069	12776.269	12776.269	12776.469	12777.239
1	47	2	1	224	2	2	4	14	4	2	8	1	1.3816203	14	12778.365	12778.965	12778.965	12779.165	12780.347
1	47	2	1	225	2	2	4	15	6	1	8	1	1.0804149	15	12780.979	12781.179	12781.179	12781.379	12782.259
1	47	2	1	226	2	2	4	16	2	2	1	1	0.78312952	16	12783.193	12783.793	12783.793	12783.993	12784.576
1	47	2	1	227	2	2	4	17	5	2	8	1	0.87313812	17	12785.808	12786.408	12786.408	12786.608	12787.281
1	47	2	1	228	2	2	4	18	5	1	8	1	1.0124375	18	12788.422	12788.622	12788.622	12788.822	12789.634
1	47	2	1	229	2	2	4	19	6	1	8	1	0.78093401	19	12790.636	12790.836	12790.836	12791.036	12791.617
1	47	2	1	230	2	2	4	20	3	1	1	1	0.8791634	20	12792.849	12793.049	12793.049	12793.249	12793.929
1	47	2	1	231	2	2	4	21	2	2	1	1	1.3149738	21	12795.063	12795.663	12795.663	12795.863	12796.978
1	47	2	1	232	2	2	4	22	1	2	1	1	0.81190107	22	12797.677	12798.277	12798.277	12798.477	12799.089
1	47	2	1	233	2	2	4	23	3	2	1	1	0.85507003	23	12800.292	12800.892	12800.892	12801.092	12801.747
1	47	2	1	234	2	2	4	24	1	2	1	1	0.70404747	24	12802.906	12803.506	12803.506	12803.706	12804.21
1	47	2	1	235	2	2	4	25	2	1	1	1	0.89620362	25	12805.521	12805.721	12805.721	12805.921	12806.617
1	47	2	1	236	2	2	4	26	6	1	8	1	1.1453118	26	12807.735	12807.935	12807.935	12808.135	12809.08
1	47	2	1	237	2	2	4	27	3	2	1	1	1.1858897	27	12809.95	12810.55	12810.55	12810.75	12811.736
1	47	2	1	238	2	2	4	28	1	1	1	1	0.82019752	28	12812.564	12812.764	12812.764	12812.964	12813.584
1	47	2	1	239	2	2	4	29	5	2	8	1	0.67200006	29	12814.779	12815.379	12815.379	12815.579	12816.051
1	47	2	1	240	2	2	4	30	4	1	8	1	0.70895984	30	12817.394	12817.594	12817.594	12817.794	12818.303
1	47	2	1	241	2	6	5	1	1	2	2	1	0.78788041	31	12847.701	12848.301	12848.301	12848.501	12849.089
1	47	2	1	242	2	6	5	2	4	1	5	1	0.85896223	32	12850.315	12850.515	12850.515	12850.715	12851.374
1	47	2	1	243	2	6	5	3	3	2	4	1	0.97316709	33	12852.53	12853.13	12853.13	12853.33	12854.103
1	47	2	1	244	2	6	5	4	3	2	4	1	1.6325721	34	12855.144	12855.744	12855.744	12855.945	12857.377
1	47	2	1	245	2	6	5	5	4	1	5	1	0.9081157	35	12857.759	12857.959	12857.959	12858.159	12858.867
1	47	2	1	246	2	6	5	6	2	2	3	1	1.1223995	36	12859.974	12860.574	12860.574	12860.774	12861.697
1	47	2	1	247	2	6	5	7	6	2	7	1	1.0024975	37	12862.589	12863.189	12863.189	12863.389	12864.191
1	47	2	1	248	2	6	5	8	4	1	0	0	-12865.405	37	12865.205	12865.405	12865.405	12865.605	0
1	47	2	1	249	2	6	5	9	5	2	6	1	0.79041912	38	12867.421	12868.021	12868.021	12868.221	12868.811
1	47	2	1	250	2	6	5	10	2	1	3	1	0.99794732	39	12870.036	12870.236	12870.236	12870.436	12871.233
1	47	2	1	251	2	6	5	11	5	1	6	1	1.1599315	40	12872.25	12872.45	12872.45	12872.65	12873.61
1	47	2	1	252	2	6	5	12	6	1	7	1	1.8237037	41	12874.466	12874.666	12874.666	12874.866	12876.489
1	47	2	1	253	2	6	5	13	1	1	2	1	0.79757926	42	12876.684	12876.884	12876.884	12877.084	12877.681
1	47	2	1	254	2	6	5	14	4	2	5	1	1.0296183	43	12878.899	12879.499	12879.499	12879.699	12880.529
1	47	2	1	255	2	6	5	15	6	1	7	1	1.0255382	44	12881.517	12881.717	12881.717	12881.917	12882.743
1	47	2	1	256	2	6	5	16	2	2	3	1	1.9993917	45	12883.734	12884.334	12884.334	12884.534	12886.334
1	47	2	1	257	2	6	5	17	5	2	6	1	1.2978038	46	12886.351	12886.951	12886.951	12887.151	12888.249
1	47	2	1	258	2	6	5	18	5	1	6	1	0.88947412	47	12888.967	12889.167	12889.167	12889.367	12890.057
1	47	2	1	259	2	6	5	19	6	1	7	1	0.82360699	48	12891.183	12891.383	12891.383	12891.583	12892.206
1	47	2	1	260	2	6	5	20	3	1	4	1	0.91471502	49	12893.398	12893.598	12893.598	12893.798	12894.512
1	47	2	1	261	2	6	5	21	2	2	3	1	1.4781021	50	12895.613	12896.213	12896.213	12896.413	12897.691
1	47	2	1	262	2	6	5	22	1	2	2	1	0.64088424	51	12898.234	12898.834	12898.834	12899.034	12899.475
1	47	2	1	263	2	6	5	23	3	2	4	1	0.74383074	52	12900.85	12901.45	12901.45	12901.65	12902.194
1	47	2	1	264	2	6	5	24	1	2	2	1	1.1185379	53	12903.465	12904.065	12904.065	12904.265	12905.184
1	47	2	1	265	2	6	5	25	2	1	3	1	1.0713571	54	12906.081	12906.281	12906.281	12906.481	12907.353
1	47	2	1	266	2	6	5	26	6	1	7	1	1.3224494	55	12908.297	12908.497	12908.497	12908.697	12909.819
1	47	2	1	267	2	6	5	27	3	2	4	1	0.90485309	56	12910.512	12911.112	12911.112	12911.312	12912.017
1	47	2	1	268	2	6	5	28	1	1	2	1	1.6584834	57	12913.128	12913.329	12913.329	12913.529	12914.987
1	47	2	1	269	2	6	5	29	5	2	6	1	1.1191978	58	12915.344	12915.944	12915.944	12916.144	12917.063
1	47	2	1	270	2	6	5	30	4	1	5	1	0.70222526	59	12917.961	12918.161	12918.161	12918.361	12918.863
1	47	2	1	271	2	2	5	1	6	2	8	1	0.92770083	1	12948.25	12948.85	12948.85	12949.05	12949.777
1	47	2	1	272	2	2	5	2	2	1	1	1	0.66138683	2	12950.867	12951.067	12951.067	12951.267	12951.728
1	47	2	1	273	2	2	5	3	4	2	8	1	0.81288938	3	12953.083	12953.683	12953.683	12953.883	12954.496
1	47	2	1	274	2	2	5	4	2	2	1	1	0.82985163	4	12955.699	12956.299	12956.299	12956.499	12957.129
1	47	2	1	275	2	2	5	5	5	1	8	1	0.81138747	5	12958.316	12958.516	12958.516	12958.716	12959.327
1	47	2	1	276	2	2	5	6	1	2	1	1	0.75644913	6	12960.533	12961.133	12961.133	12961.333	12961.889
1	47	2	1	277	2	2	5	7	3	2	1	1	0.73988439	7	12963.149	12963.749	12963.749	12963.949	12964.489
1	47	2	1	278	2	2	5	8	4	1	8	1	0.81042542	8	12965.765	12965.965	12965.965	12966.165	12966.776
1	47	2	1	279	2	2	5	9	1	2	1	1	0.98774764	9	12967.982	12968.582	12968.582	12968.782	12969.57
1	47	2	1	280	2	2	5	10	1	1	1	1	0.67267976	10	12970.6	12970.8	12970.8	12971	12971.473
1	47	2	1	281	2	2	5	11	2	1	1	1	0.66589137	11	12972.817	12973.017	12973.017	12973.217	12973.683
1	47	2	1	282	2	2	5	12	3	1	1	1	0.51872875	12	12975.034	12975.234	12975.234	12975.434	12975.753
1	47	2	1	283	2	2	5	13	4	1	8	1	0.65321563	13	12977.251	12977.451	12977.451	12977.651	12978.105
1	47	2	1	284	2	2	5	14	5	2	8	1	0.82159918	14	12979.468	12980.068	12980.068	12980.268	12980.89
1	47	2	1	285	2	2	5	15	2	1	1	1	0.78794191	15	12982.089	12982.289	12982.289	12982.489	12983.077
1	47	2	1	286	2	2	5	16	3	2	1	1	1.253271	16	12984.309	12984.909	12984.909	12985.109	12986.163
1	47	2	1	287	2	2	5	17	1	2	1	1	0.87458618	17	12986.926	12987.526	12987.526	12987.726	12988.401
1	47	2	1	288	2	2	5	18	5	1	8	1	0.96597615	18	12989.546	12989.746	12989.746	12989.946	12990.712
1	47	2	1	289	2	2	5	19	3	1	1	1	0.94075909	19	12991.763	12991.963	12991.963	12992.163	12992.903
1	47	2	1	290	2	2	5	20	3	1	1	1	1.0378277	20	12993.98	12994.18	12994.18	12994.38	12995.217
1	47	2	1	291	2	2	5	21	6	2	8	1	1.0746869	21	12996.197	12996.797	12996.797	12996.997	12997.871
1	47	2	1	292	2	2	5	22	5	2	8	1	0.73804955	22	12998.814	12999.414	12999.414	12999.614	13000.152
1	47	2	1	293	2	2	5	23	5	2	8	1	0.77144731	23	13001.431	13002.031	13002.031	13002.231	13002.803
1	47	2	1	294	2	2	5	24	4	2	8	1	0.69407111	24	13004.053	13004.653	13004.653	13004.853	13005.347
1	47	2	1	295	2	2	5	25	4	1	8	1	0.69107778	25	13006.672	13006.872	13006.872	13007.072	13007.563
1	47	2	1	296	2	2	5	26	1	1	1	1	0.81354979	26	13008.891	13009.091	13009.091	13009.291	13009.904
1	47	2	1	297	2	2	5	27	6	2	8	1	0.75817526	27	13011.108	13011.708	13011.708	13011.908	13012.466
1	47	2	1	298	2	2	5	28	2	1	1	1	0.93971236	28	13013.725	13013.925	13013.925	13014.125	13014.865
1	47	2	1	299	2	2	5	29	6	2	8	1	0.74709516	29	13015.942	13016.542	13016.542	13016.742	13017.289
1	47	2	1	300	2	2	5	30	6	1	8	1	1.1525981	30	13018.561	13018.761	13018.761	13018.961	13019.914
1	47	2	1	301	2	6	6	1	6	2	7	1	0.98820427	31	13048.869	13049.469	13049.469	13049.669	13050.457
1	47	2	1	302	2	6	6	2	2	1	3	1	1.0313448	32	13051.487	13051.687	13051.687	13051.887	13052.719
1	47	2	1	303	2	6	6	3	4	2	5	1	0.90010876	33	13053.708	13054.308	13054.308	13054.508	13055.208
1	47	2	1	304	2	6	6	4	2	2	3	1	1.3945741	34	13056.327	13056.927	13056.927	13057.127	13058.321
1	47	2	1	305	2	6	6	5	5	1	6	1	1.2074742	35	13058.945	13059.145	13059.145	13059.345	13060.352
1	47	2	1	306	2	6	6	6	1	2	2	1	1.0528231	36	13061.162	13061.762	13061.762	13061.962	13062.815
1	47	2	1	307	2	6	6	7	3	2	4	1	1.8808973	37	13063.78	13064.38	13064.38	13064.58	13066.261
1	47	2	1	308	2	6	6	8	4	1	5	1	1.7288502	38	13066.402	13066.602	13066.602	13066.802	13068.331
1	47	2	1	309	2	6	6	9	1	2	2	1	1.1014456	39	13068.62	13069.22	13069.22	13069.42	13070.321
1	47	2	1	310	2	6	6	10	1	1	2	1	0.71403617	40	13071.238	13071.438	13071.438	13071.638	13072.152
1	47	2	1	311	2	6	6	11	2	1	3	1	0.98361966	41	13073.456	13073.656	13073.656	13073.856	13074.64
1	47	2	1	312	2	6	6	12	3	1	4	1	1.1735969	42	13075.674	13075.874	13075.874	13076.074	13077.047
1	47	2	1	313	2	6	6	13	4	1	5	1	1.5804779	43	13077.892	13078.092	13078.092	13078.292	13079.672
1	47	2	1	314	2	6	6	14	5	2	6	1	1.1066898	44	13080.11	13080.71	13080.71	13080.91	13081.816
1	47	2	1	315	2	6	6	15	2	1	3	1	1.5597963	45	13082.729	13082.929	13082.929	13083.129	13084.489
1	47	2	1	316	2	6	6	16	3	2	4	1	1.3343895	46	13084.953	13085.553	13085.553	13085.753	13086.887
1	47	2	1	317	2	6	6	17	1	2	2	1	1.6606518	47	13087.574	13088.174	13088.174	13088.374	13089.835
1	47	2	1	318	2	6	6	18	5	1	6	1	1.4627036	48	13090.193	13090.393	13090.393	13090.593	13091.855
1	47	2	1	319	2	6	6	19	3	1	4	1	0.9388019	49	13092.412	13092.612	13092.612	13092.812	13093.551
1	47	2	1	320	2	6	6	20	3	1	4	1	0.73447692	50	13094.634	13094.834	13094.834	13095.034	13095.568
1	47	2	1	321	2	6	6	21	6	2	7	1	0.85276305	51	13096.854	13097.454	13097.454	13097.654	13098.307
1	47	2	1	322	2	6	6	22	5	2	6	1	1.6850359	52	13099.475	13100.075	13100.075	13100.275	13101.76
1	47	2	1	323	2	6	6	23	5	2	6	1	0.88946211	53	13102.095	13102.695	13102.695	13102.895	13103.584
1	47	2	1	324	2	6	6	24	4	2	5	1	0.9658135	54	13104.713	13105.313	13105.313	13105.513	13106.279
1	47	2	1	325	2	6	6	25	4	1	5	1	0.77298375	55	13107.331	13107.531	13107.531	13107.731	13108.304
1	47	2	1	326	2	6	6	26	1	1	2	1	1.0250417	56	13109.551	13109.751	13109.751	13109.951	13110.776
1	47	2	1	327	2	6	6	27	6	2	7	1	1.4437913	57	13111.772	13112.372	13112.372	13112.572	13113.816
1	47	2	1	328	2	6	6	28	2	1	3	1	1.824381	58	13114.391	13114.591	13114.591	13114.791	13116.416
1	47	2	1	329	2	6	6	29	6	2	7	1	1.0038134	59	13116.612	13117.212	13117.212	13117.412	13118.216
1	47	2	1	330	2	6	6	30	6	1	7	1	0.66332762	60	13119.233	13119.433	13119.433	13119.633	13120.096
1	47	2	1	331	2	2	6	1	1	2	1	1	1.8024634	1	13149.517	13150.117	13150.117	13150.317	13151.92
1	47	2	1	332	2	2	6	2	5	1	8	1	0.76159027	2	13152.136	13152.336	13152.336	13152.536	13153.098
1	47	2	1	333	2	2	6	3	4	2	8	1	0.79613563	3	13154.358	13154.958	13154.958	13155.158	13155.754
1	47	2	1	334	2	2	6	4	1	2	1	1	0.83768104	4	13156.978	13157.578	13157.578	13157.778	13158.415
1	47	2	1	335	2	2	6	5	6	1	8	1	0.68463932	5	13159.596	13159.796	13159.796	13159.996	13160.481
1	47	2	1	336	2	2	6	6	1	2	1	1	1.441902	6	13161.815	13162.415	13162.415	13162.615	13163.857
1	47	2	1	337	2	2	6	7	5	2	8	1	0.71215597	7	13164.434	13165.034	13165.034	13165.234	13165.746
1	47	2	1	338	2	2	6	8	2	1	1	1	1.2137043	8	13167.053	13167.253	13167.253	13167.453	13168.466
1	47	2	1	339	2	2	6	9	4	2	8	1	0.64783555	9	13169.272	13169.872	13169.872	13170.072	13170.519
1	47	2	1	340	2	2	6	10	2	1	1	1	0.54007856	10	13171.893	13172.093	13172.093	13172.293	13172.633
1	47	2	1	341	2	2	6	11	6	1	8	1	0.47215032	11	13174.113	13174.313	13174.313	13174.513	13174.785
1	47	2	1	342	2	2	6	12	1	1	1	1	0.83167326	12	13176.331	13176.531	13176.531	13176.731	13177.363
1	47	2	1	343	2	2	6	13	3	1	1	1	0.74857188	13	13178.551	13178.751	13178.751	13178.951	13179.499
1	47	2	1	344	2	2	6	14	4	2	8	1	0.86107995	14	13180.77	13181.37	13181.37	13181.57	13182.231
1	47	2	1	345	2	2	6	15	4	1	8	1	1.0577619	15	13183.392	13183.592	13183.592	13183.792	13184.65
1	47	2	1	346	2	2	6	16	4	2	8	1	1.061618	16	13185.612	13186.212	13186.212	13186.412	13187.273
1	47	2	1	347	2	2	6	17	5	2	8	1	0.69891341	17	13188.231	13188.831	13188.831	13189.031	13189.53
1	47	2	1	348	2	2	6	18	3	1	1	1	0.85317457	18	13190.851	13191.051	13191.051	13191.251	13191.904
1	47	2	1	349	2	2	6	19	1	1	1	1	0.68731054	19	13193.073	13193.273	13193.273	13193.473	13193.96
1	47	2	1	350	2	2	6	20	2	1	1	1	0.48234095	20	13195.293	13195.493	13195.493	13195.693	13195.975
1	47	2	1	351	2	2	6	21	5	2	8	1	0.72757042	21	13197.512	13198.112	13198.112	13198.312	13198.84
1	47	2	1	352	2	2	6	22	6	2	8	1	1.0280202	22	13200.132	13200.732	13200.732	13200.932	13201.76
1	47	2	1	353	2	2	6	23	2	2	1	1	0.58349477	23	13202.752	13203.352	13203.352	13203.552	13203.935
1	47	2	1	354	2	2	6	24	6	2	8	1	0.60756331	24	13205.372	13205.972	13205.972	13206.172	13206.579
1	47	2	1	355	2	2	6	25	3	1	8	0	1.4639743	24	13207.992	13208.192	13208.192	13208.392	13209.656
1	47	2	1	356	2	2	6	26	3	1	1	1	0.70918401	25	13210.211	13210.411	13210.411	13210.611	13211.12
1	47	2	1	357	2	2	6	27	6	2	8	1	0.76026348	26	13212.431	13213.031	13213.031	13213.231	13213.791
1	47	2	1	358	2	2	6	28	2	1	1	1	1.2808966	27	13215.052	13215.252	13215.252	13215.452	13216.533
1	47	2	1	359	2	2	6	29	5	2	8	1	0.50902079	28	13217.274	13217.874	13217.874	13218.074	13218.383
1	47	2	1	360	2	2	6	30	3	1	1	1	0.7026606	29	13219.898	13220.098	13220.098	13220.298	13220.801
1	47	2	1	361	3	6	7	1	1	2	2	1	0.6707237	30	14143.009	14143.609	14143.609	14143.809	14144.28
1	47	2	1	362	3	6	7	2	5	1	6	1	1.1561173	31	14145.629	14145.829	14145.829	14146.029	14146.985
1	47	2	1	363	3	6	7	3	4	2	5	1	1.1987842	32	14147.851	14148.451	14148.451	14148.651	14149.65
1	47	2	1	364	3	6	7	4	1	2	2	1	1.1430666	33	14150.472	14151.072	14151.072	14151.272	14152.215
1	47	2	1	365	3	6	7	5	6	1	7	1	1.2844715	34	14153.092	14153.292	14153.292	14153.492	14154.576
1	47	2	1	366	3	6	7	6	1	2	2	1	1.7843218	35	14155.312	14155.912	14155.912	14156.112	14157.697
1	47	2	1	367	3	6	7	7	5	2	6	1	1.4118673	36	14157.932	14158.532	14158.532	14158.732	14159.944
1	47	2	1	368	3	6	7	8	2	1	3	1	1.1116233	37	14160.552	14160.752	14160.752	14160.952	14161.864
1	47	2	1	369	3	6	7	9	4	2	5	1	0.76538641	38	14162.772	14163.372	14163.372	14163.572	14164.138
1	47	2	1	370	3	6	7	10	2	1	3	1	0.97726337	39	14165.392	14165.592	14165.592	14165.792	14166.57
1	47	2	1	371	3	6	7	11	6	1	7	1	1.1703155	40	14167.615	14167.815	14167.815	14168.015	14168.986
1	47	2	1	372	3	6	7	12	1	1	2	1	1.1470136	41	14169.837	14170.037	14170.037	14170.237	14171.184
1	47	2	1	373	3	6	7	13	3	1	4	1	1.1177687	42	14172.058	14172.258	14172.258	14172.458	14173.376
1	47	2	1	374	3	6	7	14	4	2	5	1	1.0244513	43	14174.282	14174.882	14174.882	14175.082	14175.906
1	47	2	1	375	3	6	7	15	4	1	5	1	0.83300313	44	14176.902	14177.102	14177.102	14177.302	14177.935
1	47	2	1	376	3	6	7	16	4	2	5	1	0.65159712	45	14179.125	14179.725	14179.725	14179.925	14180.377
1	47	2	1	377	3	6	7	17	5	2	6	1	1.0158183	46	14181.746	14182.346	14182.346	14182.546	14183.362
1	47	2	1	378	3	6	7	18	3	1	4	1	1.0720212	47	14184.37	14184.57	14184.57	14184.77	14185.642
1	47	2	1	379	3	6	7	19	1	1	2	1	0.78549394	48	14186.591	14186.791	14186.791	14186.991	14187.576
1	47	2	1	380	3	6	7	20	2	1	3	1	0.75301892	49	14188.814	14189.014	14189.014	14189.214	14189.767
1	47	2	1	381	3	6	7	21	5	2	6	1	1.4967688	50	14191.038	14191.638	14191.638	14191.838	14193.135
1	47	2	1	382	3	6	7	22	6	2	7	1	0.91290597	51	14193.662	14194.262	14194.262	14194.462	14195.175
1	47	2	1	383	3	6	7	23	2	2	3	1	1.6535891	52	14196.286	14196.886	14196.886	14197.086	14198.539
1	47	2	1	384	3	6	7	24	6	2	7	1	0.86886684	53	14198.907	14199.507	14199.507	14199.707	14200.376
1	47	2	1	385	3	6	7	25	3	1	4	1	0.95228794	54	14201.531	14201.731	14201.731	14201.931	14202.683
1	47	2	1	386	3	6	7	26	3	1	4	1	0.64166633	55	14203.752	14203.952	14203.952	14204.152	14204.593
1	47	2	1	387	3	6	7	27	6	2	4	0	0.55844812	55	14205.973	14206.573	14206.573	14206.773	14207.131
1	47	2	1	388	3	6	7	28	2	1	3	1	0.98884854	56	14208.594	14208.794	14208.794	14208.994	14209.783
1	47	2	1	389	3	6	7	29	5	2	6	1	1.0957523	57	14210.816	14211.416	14211.416	14211.616	14212.511
1	47	2	1	390	3	6	7	30	3	1	4	1	1.035257	58	14213.438	14213.638	14213.638	14213.838	14214.674
1	47	2	1	391	3	2	7	1	5	2	8	1	0.65644152	1	14243.719	14244.319	14244.319	14244.519	14244.976
1	47	2	1	392	3	2	7	2	5	1	8	1	0.71055646	2	14246.34	14246.541	14246.541	14246.741	14247.251
1	47	2	1	393	3	2	7	3	4	2	8	1	0.69576416	3	14248.562	14249.162	14249.162	14249.362	14249.858
1	47	2	1	394	3	2	7	4	6	2	8	1	0.63018945	4	14251.186	14251.786	14251.786	14251.986	14252.416
1	47	2	1	395	3	2	7	5	3	1	1	1	0.55312092	5	14253.808	14254.008	14254.008	14254.208	14254.561
1	47	2	1	396	3	2	7	6	4	2	8	1	0.96301911	6	14256.03	14256.63	14256.63	14256.83	14257.593
1	47	2	1	397	3	2	7	7	5	2	8	1	1.0946492	7	14258.651	14259.251	14259.251	14259.451	14260.346
1	47	2	1	398	3	2	7	8	3	1	8	0	1.2262522	7	14261.273	14261.473	14261.473	14261.673	14262.699
1	47	2	1	399	3	2	7	9	5	2	8	1	0.77831993	8	14263.495	14264.095	14264.095	14264.295	14264.873
1	47	2	1	400	3	2	7	10	5	1	8	1	0.75807059	9	14266.116	14266.316	14266.316	14266.516	14267.074
1	47	2	1	401	3	2	7	11	2	1	1	1	0.73720376	10	14268.338	14268.538	14268.538	14268.738	14269.275
1	47	2	1	402	3	2	7	12	6	1	8	1	0.65929437	11	14270.56	14270.76	14270.76	14270.96	14271.419
1	47	2	1	403	3	2	7	13	2	1	1	1	0.67964553	12	14272.785	14272.985	14272.985	14273.185	14273.664
1	47	2	1	404	3	2	7	14	1	2	1	1	0.60118472	13	14275.006	14275.606	14275.606	14275.806	14276.208
1	47	2	1	405	3	2	7	15	6	1	8	1	0.6904953	14	14277.629	14277.829	14277.829	14278.029	14278.519
1	47	2	1	406	3	2	7	16	3	2	1	1	0.77260381	15	14279.854	14280.454	14280.454	14280.654	14281.227
1	47	2	1	407	3	2	7	17	1	2	1	1	0.76142962	16	14282.479	14283.079	14283.079	14283.279	14283.841
1	47	2	1	408	3	2	7	18	2	1	1	1	0.62674026	17	14285.102	14285.302	14285.302	14285.502	14285.929
1	47	2	1	409	3	2	7	19	1	1	1	1	0.73512864	18	14287.324	14287.524	14287.524	14287.724	14288.259
1	47	2	1	410	3	2	7	20	2	1	1	1	0.47117616	19	14289.553	14289.753	14289.753	14289.953	14290.224
1	47	2	1	411	3	2	7	21	2	2	1	1	0.65312832	20	14291.778	14292.378	14292.378	14292.578	14293.031
1	47	2	1	412	3	2	7	22	3	2	1	1	0.59730606	21	14294.401	14295.001	14295.001	14295.201	14295.598
1	47	2	1	413	3	2	7	23	6	2	8	1	0.63812219	22	14297.026	14297.626	14297.626	14297.826	14298.264
1	47	2	1	414	3	2	7	24	4	2	8	1	0.64904935	23	14299.649	14300.249	14300.249	14300.449	14300.898
1	47	2	1	415	3	2	7	25	4	1	8	1	0.57464716	24	14302.274	14302.474	14302.474	14302.674	14303.049
1	47	2	1	416	3	2	7	26	3	1	8	0	0.55985248	24	14304.497	14304.697	14304.697	14304.897	14305.257
1	47	2	1	417	3	2	7	27	6	2	8	1	0.87238882	25	14306.72	14307.32	14307.32	14307.52	14308.192
1	47	2	1	418	3	2	7	28	1	1	1	1	0.67960861	26	14309.344	14309.544	14309.544	14309.744	14310.223
1	47	2	1	419	3	2	7	29	4	2	8	1	1.455203	27	14311.569	14312.169	14312.169	14312.369	14313.625
1	47	2	1	420	3	2	7	30	1	1	1	1	1.3041596	28	14314.193	14314.393	14314.393	14314.593	14315.697
1	47	2	1	421	3	6	8	1	5	2	6	1	1.164132	29	14344.509	14345.109	14345.109	14345.309	14346.273
1	47	2	1	422	3	6	8	2	5	1	6	1	0.59770427	30	14347.132	14347.332	14347.332	14347.532	14347.93
1	47	2	1	423	3	6	8	3	4	2	5	1	0.78000229	31	14349.356	14349.956	14349.956	14350.156	14350.736
1	47	2	1	424	3	6	8	4	6	2	7	1	0.91071184	32	14351.979	14352.579	14352.579	14352.779	14353.49
1	47	2	1	425	3	6	8	5	3	1	4	1	1.0218883	33	14354.602	14354.802	14354.802	14355.002	14355.824
1	47	2	1	426	3	6	8	6	4	2	5	1	0.65508711	34	14356.825	14357.425	14357.425	14357.625	14358.08
1	47	2	1	427	3	6	8	7	5	2	6	1	0.77005328	35	14359.448	14360.048	14360.048	14360.248	14360.818
1	47	2	1	428	3	6	8	8	3	1	4	1	0.89148413	36	14362.07	14362.27	14362.27	14362.47	14363.162
1	47	2	1	429	3	6	8	9	5	2	6	1	1.6227981	37	14364.297	14364.897	14364.897	14365.097	14366.52
1	47	2	1	430	3	6	8	10	5	1	6	1	0.6953814	38	14366.92	14367.12	14367.12	14367.32	14367.816
1	47	2	1	431	3	6	8	11	2	1	3	1	1.0717088	39	14369.144	14369.344	14369.344	14369.544	14370.416
1	47	2	1	432	3	6	8	12	6	1	4	0	1.2284767	39	14371.367	14371.567	14371.567	14371.767	14372.795
1	47	2	1	433	3	6	8	13	2	1	3	1	1.0931747	40	14373.589	14373.789	14373.789	14373.989	14374.883
1	47	2	1	434	3	6	8	14	1	2	2	1	1.0191604	41	14375.813	14376.413	14376.413	14376.613	14377.433
1	47	2	1	435	3	6	8	15	6	1	7	1	1.1787463	42	14378.436	14378.636	14378.636	14378.836	14379.815
1	47	2	1	436	3	6	8	16	3	2	4	1	0.8621565	43	14380.66	14381.26	14381.26	14381.46	14382.122
1	47	2	1	437	3	6	8	17	1	2	2	1	1.3764767	44	14383.286	14383.886	14383.886	14384.086	14385.263
1	47	2	1	438	3	6	8	18	2	1	3	1	1.7196233	45	14385.913	14386.113	14386.113	14386.313	14387.832
1	47	2	1	439	3	6	8	19	1	1	2	1	0.86317963	46	14388.136	14388.336	14388.336	14388.536	14389.199
1	47	2	1	440	3	6	8	20	2	1	2	0	0.72054055	46	14390.36	14390.56	14390.56	14390.76	14391.28
1	47	2	1	441	3	6	8	21	2	2	3	1	0.68521941	47	14392.586	14393.186	14393.186	14393.386	14393.872
1	47	2	1	442	3	6	8	22	3	2	4	1	0.85606388	48	14395.21	14395.81	14395.81	14396.01	14396.666
1	47	2	1	443	3	6	8	23	6	2	7	1	0.79658423	49	14397.835	14398.435	14398.435	14398.635	14399.232
1	47	2	1	444	3	6	8	24	4	2	5	1	0.80897676	50	14400.458	14401.058	14401.058	14401.258	14401.867
1	47	2	1	445	3	6	8	25	4	1	5	1	0.94955915	51	14403.082	14403.282	14403.282	14403.482	14404.232
1	47	2	1	446	3	6	8	26	3	1	4	1	1.1117559	52	14405.306	14405.506	14405.506	14405.706	14406.617
1	47	2	1	447	3	6	8	27	6	2	7	1	0.73383493	53	14407.53	14408.13	14408.13	14408.33	14408.863
1	47	2	1	448	3	6	8	28	1	1	2	1	1.5679672	54	14410.154	14410.354	14410.354	14410.554	14411.922
1	47	2	1	449	3	6	8	29	4	2	0	0	-14412.978	54	14412.378	14412.978	14412.978	14413.178	0
1	47	2	1	450	3	6	8	30	1	1	2	1	1.3290329	55	14415.001	14415.201	14415.201	14415.401	14416.53
1	47	2	1	451	3	2	8	1	4	2	8	1	0.67320794	1	14445.287	14445.887	14445.887	14446.087	14446.56
1	47	2	1	452	3	2	8	2	4	1	8	1	0.68733037	2	14447.911	14448.111	14448.111	14448.311	14448.798
1	47	2	1	453	3	2	8	3	2	2	1	1	0.76491932	3	14450.138	14450.738	14450.738	14450.938	14451.503
1	47	2	1	454	3	2	8	4	6	2	8	1	1.1599855	4	14452.761	14453.361	14453.361	14453.561	14454.521
1	47	2	1	455	3	2	8	5	6	1	8	1	0.89922582	5	14455.389	14455.589	14455.589	14455.789	14456.488
1	47	2	1	456	3	2	8	6	6	2	8	1	0.68611229	6	14457.613	14458.213	14458.213	14458.413	14458.899
1	47	2	1	457	3	2	8	7	2	2	1	1	0.68298962	7	14460.237	14460.837	14460.837	14461.037	14461.52
1	47	2	1	458	3	2	8	8	1	1	1	1	0.64485078	8	14462.864	14463.064	14463.064	14463.264	14463.709
1	47	2	1	459	3	2	8	9	2	2	1	1	0.55899247	9	14465.089	14465.689	14465.689	14465.889	14466.248
1	47	2	1	460	3	2	8	10	3	1	1	1	0.65164691	10	14467.718	14467.918	14467.918	14468.118	14468.57
1	47	2	1	461	3	2	8	11	5	1	8	1	0.72096646	11	14469.946	14470.146	14470.146	14470.346	14470.867
1	47	2	1	462	3	2	8	12	3	1	1	1	0.8804893	12	14472.17	14472.37	14472.37	14472.57	14473.251
1	47	2	1	463	3	2	8	13	6	1	8	1	0.55823714	13	14474.395	14474.595	14474.595	14474.795	14475.153
1	47	2	1	464	3	2	8	14	2	2	1	1	0.73181579	14	14476.623	14477.223	14477.223	14477.423	14477.954
1	47	2	1	465	3	2	8	15	3	1	1	1	0.76843483	15	14479.247	14479.447	14479.447	14479.647	14480.215
1	47	2	1	466	3	2	8	16	2	2	1	1	0.61170882	16	14481.476	14482.076	14482.076	14482.276	14482.688
1	47	2	1	467	3	2	8	17	5	2	8	1	0.90701528	17	14484.101	14484.701	14484.701	14484.901	14485.608
1	47	2	1	468	3	2	8	18	4	1	1	0	0.81677101	17	14486.728	14486.928	14486.928	14487.128	14487.745
1	47	2	1	469	3	2	8	19	4	1	8	1	0.89490655	18	14488.953	14489.153	14489.153	14489.353	14490.048
1	47	2	1	470	3	2	8	20	6	1	8	1	0.73635011	19	14491.178	14491.378	14491.378	14491.578	14492.114
1	47	2	1	471	3	2	8	21	1	2	1	1	0.96821478	20	14493.407	14494.007	14494.007	14494.207	14494.975
1	47	2	1	472	3	2	8	22	3	2	1	1	0.66011416	21	14496.035	14496.635	14496.635	14496.835	14497.295
1	47	2	1	473	3	2	8	23	4	2	8	1	0.82104311	22	14498.66	14499.26	14499.26	14499.46	14500.081
1	47	2	1	474	3	2	8	24	5	2	8	1	0.65139611	23	14501.288	14501.888	14501.888	14502.088	14502.539
1	47	2	1	475	3	2	8	25	5	1	8	1	0.80057996	24	14503.913	14504.113	14504.113	14504.313	14504.914
1	47	2	1	476	3	2	8	26	5	1	8	1	0.7186456	25	14506.138	14506.338	14506.338	14506.538	14507.056
1	47	2	1	477	3	2	8	27	1	2	1	1	0.80947675	26	14508.366	14508.966	14508.966	14509.166	14509.775
1	47	2	1	478	3	2	8	28	1	1	1	1	1.2239816	27	14510.994	14511.194	14511.194	14511.394	14512.418
1	47	2	1	479	3	2	8	29	3	2	1	1	0.65197119	28	14513.222	14513.822	14513.822	14514.022	14514.474
1	47	2	1	480	3	2	8	30	1	1	1	1	0.71236299	29	14515.85	14516.05	14516.05	14516.25	14516.763
1	47	2	1	481	3	6	9	1	4	2	5	1	0.9695875	30	14546.168	14546.768	14546.768	14546.968	14547.737
1	47	2	1	482	3	6	9	2	4	1	5	1	0.53138589	31	14548.798	14548.998	14548.998	14549.198	14549.529
1	47	2	1	483	3	6	9	3	2	2	3	1	0.99264543	32	14551.026	14551.626	14551.626	14551.826	14552.619
1	47	2	1	484	3	6	9	4	6	2	7	1	1.2017831	33	14553.655	14554.255	14554.255	14554.455	14555.456
1	47	2	1	485	3	6	9	5	6	1	7	1	0.76435867	34	14556.283	14556.483	14556.483	14556.683	14557.247
1	47	2	1	486	3	6	9	6	6	2	7	1	0.7003479	35	14558.508	14559.108	14559.108	14559.308	14559.808
1	47	2	1	487	3	6	9	7	2	2	3	1	1.0986283	36	14561.134	14561.734	14561.734	14561.934	14562.832
1	47	2	1	488	3	6	9	8	1	1	2	1	1.0750517	37	14563.758	14563.958	14563.958	14564.158	14565.033
1	47	2	1	489	3	6	9	9	2	2	3	1	0.84503731	38	14565.988	14566.588	14566.588	14566.788	14567.433
1	47	2	1	490	3	6	9	10	3	1	4	1	0.77667317	39	14568.617	14568.817	14568.817	14569.017	14569.594
1	47	2	1	491	3	6	9	11	5	1	6	1	1.1415895	40	14570.843	14571.043	14571.043	14571.243	14572.185
1	47	2	1	492	3	6	9	12	3	1	4	1	0.8935796	41	14573.069	14573.269	14573.269	14573.469	14574.162
1	47	2	1	493	3	6	9	13	6	1	7	1	1.4127132	42	14575.294	14575.494	14575.494	14575.694	14576.907
1	47	2	1	494	3	6	9	14	2	2	3	1	1.3218412	43	14577.519	14578.119	14578.119	14578.32	14579.441
1	47	2	1	495	3	6	9	15	3	1	4	1	1.0062766	44	14580.146	14580.346	14580.346	14580.546	14581.353
1	47	2	1	496	3	6	9	16	2	2	3	1	1.0956338	45	14582.376	14582.976	14582.976	14583.176	14584.071
1	47	2	1	497	3	6	9	17	5	2	6	1	1.2134179	46	14585.002	14585.602	14585.602	14585.802	14586.815
1	47	2	1	498	3	6	9	18	4	1	5	1	0.71477299	47	14587.628	14587.828	14587.828	14588.028	14588.543
1	47	2	1	499	3	6	9	19	4	1	5	1	0.6957044	48	14589.857	14590.057	14590.057	14590.257	14590.753
1	47	2	1	500	3	6	9	20	6	1	7	1	1.1163321	49	14592.084	14592.284	14592.284	14592.484	14593.4
1	47	2	1	501	3	6	9	21	1	2	2	1	1.0513799	50	14594.31	14594.91	14594.91	14595.11	14595.962
1	47	2	1	502	3	6	9	22	3	2	4	1	0.72887226	51	14596.936	14597.536	14597.536	14597.736	14598.265
1	47	2	1	503	3	6	9	23	4	2	5	1	0.70228157	52	14599.563	14600.163	14600.163	14600.363	14600.865
1	47	2	1	504	3	6	9	24	5	2	6	1	0.7381212	53	14602.189	14602.789	14602.789	14602.989	14603.527
1	47	2	1	505	3	6	9	25	5	1	6	1	0.66619183	54	14604.819	14605.019	14605.019	14605.219	14605.685
1	47	2	1	506	3	6	9	26	5	1	6	1	0.7688079	55	14607.048	14607.249	14607.249	14607.449	14608.017
1	47	2	1	507	3	6	9	27	1	2	2	1	0.87617777	56	14609.275	14609.875	14609.875	14610.075	14610.751
1	47	2	1	508	3	6	9	28	1	1	2	1	0.79570751	57	14611.902	14612.102	14612.102	14612.302	14612.897
1	47	2	1	509	3	6	9	29	3	2	4	1	1.0973861	58	14614.129	14614.729	14614.729	14614.929	14615.826
1	47	2	1	510	3	6	9	30	1	1	2	1	1.7657119	59	14616.756	14616.956	14616.956	14617.156	14618.722
1	47	2	1	511	3	2	9	1	6	2	8	1	1.5303352	1	14647.046	14647.646	14647.646	14647.846	14649.176
1	47	2	1	512	3	2	9	2	6	1	8	1	0.750241	2	14649.675	14649.875	14649.875	14650.075	14650.625
1	47	2	1	513	3	2	9	3	1	2	1	1	0.75622583	3	14651.901	14652.501	14652.501	14652.701	14653.257
1	47	2	1	514	3	2	9	4	2	2	1	1	0.65337215	4	14654.527	14655.127	14655.127	14655.327	14655.78
1	47	2	1	515	3	2	9	5	4	1	8	1	0.66825214	5	14657.156	14657.356	14657.356	14657.556	14658.024
1	47	2	1	516	3	2	9	6	4	2	8	1	0.61615173	6	14659.384	14659.984	14659.984	14660.184	14660.6
1	47	2	1	517	3	2	9	7	3	2	1	1	0.75845678	7	14662.01	14662.61	14662.61	14662.81	14663.369
1	47	2	1	518	3	2	9	8	4	1	8	1	0.9065299	8	14664.637	14664.837	14664.837	14665.037	14665.744
1	47	2	1	519	3	2	9	9	1	2	1	1	0.71497617	9	14666.864	14667.464	14667.464	14667.664	14668.179
1	47	2	1	520	3	2	9	10	6	1	8	1	1.3766699	10	14669.495	14669.695	14669.695	14669.895	14671.071
1	47	2	1	521	3	2	9	11	2	1	1	1	0.83879574	11	14671.723	14671.923	14671.923	14672.123	14672.762
1	47	2	1	522	3	2	9	12	3	1	1	1	1.328147	12	14673.951	14674.151	14674.151	14674.351	14675.479
1	47	2	1	523	3	2	9	13	3	1	1	1	0.82219953	13	14676.181	14676.381	14676.381	14676.581	14677.203
1	47	2	1	524	3	2	9	14	1	2	1	1	0.76688896	14	14678.408	14679.008	14679.008	14679.208	14679.775
1	47	2	1	525	3	2	9	15	5	1	8	1	0.89849709	15	14681.037	14681.237	14681.237	14681.437	14682.135
1	47	2	1	526	3	2	9	16	5	2	8	1	0.73623702	16	14683.264	14683.864	14683.864	14684.064	14684.6
1	47	2	1	527	3	2	9	17	6	2	8	1	0.60870654	17	14685.894	14686.494	14686.494	14686.694	14687.103
1	47	2	1	528	3	2	9	18	3	1	1	1	0.75027536	18	14688.522	14688.722	14688.722	14688.922	14689.472
1	47	2	1	529	3	2	9	19	2	1	1	1	0.68233679	19	14690.749	14690.949	14690.949	14691.149	14691.632
1	47	2	1	530	3	2	9	20	4	1	8	1	0.82748209	20	14692.982	14693.182	14693.182	14693.382	14694.009
1	47	2	1	531	3	2	9	21	2	2	1	1	0.68067003	21	14695.209	14695.809	14695.809	14696.009	14696.489
1	47	2	1	532	3	2	9	22	1	2	1	1	0.66010434	22	14697.837	14698.437	14698.437	14698.637	14699.097
1	47	2	1	533	3	2	9	23	1	2	1	1	0.75085768	23	14700.468	14701.068	14701.068	14701.268	14701.819
1	47	2	1	534	3	2	9	24	6	2	8	1	0.70539779	24	14703.095	14703.695	14703.695	14703.895	14704.4
1	47	2	1	535	3	2	9	25	5	1	8	1	0.53287982	25	14705.724	14705.924	14705.924	14706.124	14706.457
1	47	2	1	536	3	2	9	26	5	1	8	1	0.57429936	26	14707.953	14708.153	14708.153	14708.353	14708.727
1	47	2	1	537	3	2	9	27	3	2	1	1	0.70369954	27	14710.184	14710.784	14710.784	14710.984	14711.488
1	47	2	1	538	3	2	9	28	5	1	8	1	0.86880579	28	14712.812	14713.012	14713.012	14713.212	14713.881
1	47	2	1	539	3	2	9	29	4	2	8	1	0.94031001	29	14715.043	14715.643	14715.643	14715.843	14716.583
1	47	2	1	540	3	2	9	30	2	1	1	1	0.94226931	30	14717.676	14717.876	14717.876	14718.076	14718.818
1	47	2	1	541	4	6	10	1	6	2	7	1	0.87468861	31	15284.855	15285.455	15285.455	15285.655	15286.33
1	47	2	1	542	4	6	10	2	6	1	7	1	0.95694168	32	15287.483	15287.683	15287.683	15287.883	15288.639
1	47	2	1	543	4	6	10	3	1	2	2	1	0.93374543	33	15289.714	15290.314	15290.314	15290.514	15291.248
1	47	2	1	544	4	6	10	4	2	2	3	1	0.80290118	34	15292.342	15292.942	15292.942	15293.142	15293.745
1	47	2	1	545	4	6	10	5	4	1	5	1	1.1697416	35	15294.975	15295.175	15295.175	15295.375	15296.345
1	47	2	1	546	4	6	10	6	4	2	5	1	0.76306622	36	15297.206	15297.806	15297.806	15298.006	15298.569
1	47	2	1	547	4	6	10	7	3	2	4	1	1.1724196	37	15299.837	15300.437	15300.437	15300.637	15301.609
1	47	2	1	548	4	6	10	8	4	1	5	1	0.95703579	38	15302.465	15302.665	15302.665	15302.865	15303.622
1	47	2	1	549	4	6	10	9	1	2	2	1	1.0348036	39	15304.694	15305.294	15305.294	15305.494	15306.329
1	47	2	1	550	4	6	10	10	6	1	7	1	1.0950385	40	15307.322	15307.522	15307.522	15307.722	15308.617
1	47	2	1	551	4	6	10	11	2	1	3	1	0.84411459	41	15309.551	15309.751	15309.751	15309.951	15310.595
1	47	2	1	552	4	6	10	12	3	1	4	1	0.80109133	42	15311.783	15311.983	15311.983	15312.183	15312.784
1	47	2	1	553	4	6	10	13	3	1	4	1	0.77288584	43	15314.014	15314.214	15314.214	15314.414	15314.987
1	47	2	1	554	4	6	10	14	1	2	2	1	0.86774615	44	15316.243	15316.843	15316.843	15317.043	15317.711
1	47	2	1	555	4	6	10	15	5	1	6	1	0.87904232	45	15318.872	15319.072	15319.072	15319.272	15319.951
1	47	2	1	556	4	6	10	16	5	2	6	1	0.68733142	46	15321.104	15321.704	15321.704	15321.904	15322.391
1	47	2	1	557	4	6	10	17	6	2	7	1	0.83850196	47	15323.733	15324.333	15324.333	15324.533	15325.171
1	47	2	1	558	4	6	10	18	3	1	4	1	1.0098691	48	15326.361	15326.561	15326.561	15326.761	15327.571
1	47	2	1	559	4	6	10	19	2	1	3	1	0.98558363	49	15328.594	15328.794	15328.794	15328.994	15329.779
1	47	2	1	560	4	6	10	20	4	1	5	1	0.96890673	50	15330.822	15331.022	15331.022	15331.222	15331.991
1	47	2	1	561	4	6	10	21	2	2	3	1	1.4428308	51	15333.055	15333.655	15333.655	15333.855	15335.098
1	47	2	1	562	4	6	10	22	1	2	2	1	1.3088992	52	15335.684	15336.284	15336.284	15336.484	15337.593
1	47	2	1	563	4	6	10	23	1	2	2	1	0.88619813	53	15338.313	15338.913	15338.913	15339.113	15339.799
1	47	2	1	564	4	6	10	24	6	2	7	1	0.92939753	54	15340.945	15341.545	15341.545	15341.745	15342.475
1	47	2	1	565	4	6	10	25	5	1	6	1	0.68995109	55	15343.575	15343.775	15343.775	15343.975	15344.465
1	47	2	1	566	4	6	10	26	5	1	6	1	1.004973	56	15345.804	15346.004	15346.004	15346.204	15347.009
1	47	2	1	567	4	6	10	27	3	2	4	1	0.94685078	57	15348.037	15348.637	15348.637	15348.837	15349.584
1	47	2	1	568	4	6	10	28	5	1	5	0	1.6131619	57	15350.666	15350.866	15350.866	15351.066	15352.479
1	47	2	1	569	4	6	10	29	4	2	5	1	1.0256736	58	15352.904	15353.504	15353.504	15353.704	15354.53
1	47	2	1	570	4	6	10	30	2	1	3	1	1.1000008	59	15355.534	15355.734	15355.734	15355.934	15356.834
1	47	2	1	571	4	2	10	1	6	2	8	1	1.270286	1	15385.834	15386.434	15386.434	15386.634	15387.704
1	47	2	1	572	4	2	10	2	2	1	1	1	0.73860349	2	15388.464	15388.664	15388.664	15388.864	15389.403
1	47	2	1	573	4	2	10	3	4	2	8	1	1.003328	3	15390.694	15391.294	15391.294	15391.494	15392.297
1	47	2	1	574	4	2	10	4	6	2	8	1	0.73382348	4	15393.322	15393.922	15393.922	15394.122	15394.656
1	47	2	1	575	4	2	10	5	6	1	8	1	0.77330031	5	15395.956	15396.156	15396.156	15396.356	15396.929
1	47	2	1	576	4	2	10	6	5	2	8	1	0.93519676	6	15398.185	15398.785	15398.785	15398.985	15399.72
1	47	2	1	577	4	2	10	7	2	2	1	1	0.72806601	7	15400.815	15401.415	15401.415	15401.615	15402.143
1	47	2	1	578	4	2	10	8	3	1	1	1	0.77055539	8	15403.448	15403.648	15403.648	15403.848	15404.419
1	47	2	1	579	4	2	10	9	3	2	1	1	0.74282557	9	15405.682	15406.282	15406.282	15406.482	15407.025
1	47	2	1	580	4	2	10	10	3	1	1	1	0.74173496	10	15408.315	15408.515	15408.515	15408.715	15409.257
1	47	2	1	581	4	2	10	11	1	1	1	1	0.60951098	11	15410.553	15410.753	15410.753	15410.953	15411.363
1	47	2	1	582	4	2	10	12	1	1	1	1	0.53837223	12	15412.784	15412.984	15412.984	15413.184	15413.522
1	47	2	1	583	4	2	10	13	2	1	1	1	0.53054716	13	15415.014	15415.214	15415.214	15415.414	15415.744
1	47	2	1	584	4	2	10	14	4	2	8	1	0.55823281	14	15417.243	15417.843	15417.843	15418.043	15418.401
1	47	2	1	585	4	2	10	15	5	1	8	1	0.78778997	15	15419.876	15420.076	15420.076	15420.276	15420.864
1	47	2	1	586	4	2	10	16	2	2	1	1	0.8047545	16	15422.109	15422.709	15422.709	15422.909	15423.514
1	47	2	1	587	4	2	10	17	6	2	8	1	0.74644173	17	15424.741	15425.341	15425.341	15425.541	15426.087
1	47	2	1	588	4	2	10	18	1	1	1	1	0.92019546	18	15427.371	15427.571	15427.571	15427.771	15428.491
1	47	2	1	589	4	2	10	19	2	1	1	1	0.7805521	19	15429.602	15429.802	15429.802	15430.002	15430.583
1	47	2	1	590	4	2	10	20	3	1	1	1	0.94402719	20	15431.834	15432.034	15432.034	15432.234	15432.978
1	47	2	1	591	4	2	10	21	1	2	1	1	0.8031054	21	15434.072	15434.672	15434.672	15434.872	15435.475
1	47	2	1	592	4	2	10	22	4	2	8	1	0.92254642	22	15436.705	15437.305	15437.305	15437.505	15438.227
1	47	2	1	593	4	2	10	23	5	2	8	1	0.57842891	23	15439.341	15439.941	15439.941	15440.141	15440.519
1	47	2	1	594	4	2	10	24	4	2	8	1	0.56959047	24	15441.974	15442.574	15442.574	15442.774	15443.144
1	47	2	1	595	4	2	10	25	1	1	1	1	0.78627743	25	15444.608	15444.808	15444.808	15445.008	15445.594
1	47	2	1	596	4	2	10	26	6	1	8	1	0.78791248	26	15446.838	15447.038	15447.038	15447.238	15447.826
1	47	2	1	597	4	2	10	27	5	2	8	1	0.81063052	27	15449.068	15449.668	15449.668	15449.868	15450.479
1	47	2	1	598	4	2	10	28	5	1	8	1	0.6022772	28	15451.702	15451.902	15451.902	15452.102	15452.505
1	47	2	1	599	4	2	10	29	4	2	8	1	0.6157763	29	15453.933	15454.533	15454.533	15454.733	15455.149
1	47	2	1	600	4	2	10	30	3	1	1	1	0.76452795	30	15456.566	15456.766	15456.766	15456.966	15457.531
1	47	2	1	601	4	6	11	1	6	2	7	1	1.3699347	31	15486.885	15487.485	15487.485	15487.685	15488.855
1	47	2	1	602	4	6	11	2	2	1	3	1	1.9816708	32	15489.516	15489.716	15489.716	15489.916	15491.698
1	47	2	1	603	4	6	11	3	4	2	5	1	1.4686132	33	15491.749	15492.349	15492.349	15492.549	15493.818
1	47	2	1	604	4	6	11	4	6	2	7	1	1.1938343	34	15494.383	15494.983	15494.983	15495.183	15496.177
1	47	2	1	605	4	6	11	5	6	1	7	1	0.73755013	35	15497.017	15497.217	15497.217	15497.417	15497.955
1	47	2	1	606	4	6	11	6	5	2	6	1	1.1631023	36	15499.248	15499.848	15499.848	15500.048	15501.011
1	47	2	1	607	4	6	11	7	2	2	3	1	1.2346488	37	15501.879	15502.479	15502.479	15502.679	15503.714
1	47	2	1	608	4	6	11	8	3	1	4	1	0.66927123	38	15504.509	15504.709	15504.709	15504.909	15505.379
1	47	2	1	609	4	6	11	9	3	2	4	1	0.81871946	39	15506.742	15507.342	15507.342	15507.542	15508.16
1	47	2	1	610	4	6	11	10	3	1	4	1	0.56375904	40	15509.375	15509.575	15509.575	15509.775	15510.138
1	47	2	1	611	4	6	11	11	1	1	2	1	0.9159008	41	15511.605	15511.805	15511.805	15512.005	15512.721
1	47	2	1	612	4	6	11	12	1	1	2	1	0.83162175	42	15513.839	15514.039	15514.039	15514.239	15514.871
1	47	2	1	613	4	6	11	13	2	1	3	1	1.2392036	43	15516.072	15516.272	15516.272	15516.472	15517.512
1	47	2	1	614	4	6	11	14	4	2	5	1	0.79243499	44	15518.305	15518.905	15518.905	15519.105	15519.697
1	47	2	1	615	4	6	11	15	5	1	6	1	0.55964331	45	15520.939	15521.139	15521.139	15521.339	15521.699
1	47	2	1	616	4	6	11	16	2	2	3	1	0.85019697	46	15523.175	15523.775	15523.775	15523.975	15524.625
1	47	2	1	617	4	6	11	17	6	2	7	1	1.403663	47	15525.806	15526.406	15526.406	15526.606	15527.81
1	47	2	1	618	4	6	11	18	1	1	2	1	1.2538912	48	15528.443	15528.643	15528.643	15528.843	15529.897
1	47	2	1	619	4	6	11	19	2	1	3	1	0.77266689	49	15530.674	15530.874	15530.874	15531.074	15531.647
1	47	2	1	620	4	6	11	20	3	1	4	1	0.89940752	50	15532.909	15533.109	15533.109	15533.309	15534.008
1	47	2	1	621	4	6	11	21	1	2	2	1	1.5361485	51	15535.143	15535.743	15535.743	15535.943	15537.279
1	47	2	1	622	4	6	11	22	4	2	5	1	0.8248731	52	15537.774	15538.374	15538.374	15538.574	15539.199
1	47	2	1	623	4	6	11	23	5	2	6	1	0.6911339	53	15540.413	15541.013	15541.013	15541.213	15541.704
1	47	2	1	624	4	6	11	24	4	2	5	1	1.1531905	54	15543.047	15543.647	15543.647	15543.847	15544.8
1	47	2	1	625	4	6	11	25	1	1	2	1	1.3239759	55	15545.679	15545.879	15545.879	15546.079	15547.203
1	47	2	1	626	4	6	11	26	6	1	7	1	1.4451085	56	15547.914	15548.114	15548.114	15548.314	15549.559
1	47	2	1	627	4	6	11	27	5	2	6	1	0.93511895	57	15550.146	15550.746	15550.746	15550.946	15551.681
1	47	2	1	628	4	6	11	28	5	1	6	1	0.83832788	58	15552.781	15552.981	15552.981	15553.181	15553.819
1	47	2	1	629	4	6	11	29	4	2	5	1	0.67824638	59	15555.013	15555.613	15555.613	15555.813	15556.291
1	47	2	1	630	4	6	11	30	3	1	4	1	1.0538952	60	15557.649	15557.849	15557.849	15558.049	15558.903
1	47	2	1	631	4	2	11	1	1	2	1	1	0.86683243	1	15587.945	15588.545	15588.545	15588.745	15589.411
1	47	2	1	632	4	2	11	2	1	1	1	1	0.79863389	2	15590.581	15590.781	15590.781	15590.981	15591.579
1	47	2	1	633	4	2	11	3	1	2	1	1	0.65611713	3	15592.816	15593.416	15593.416	15593.616	15594.072
1	47	2	1	634	4	2	11	4	1	2	1	1	0.65331072	4	15595.452	15596.052	15596.052	15596.252	15596.705
1	47	2	1	635	4	2	11	5	5	1	8	1	0.75024115	5	15598.084	15598.284	15598.284	15598.484	15599.034
1	47	2	1	636	4	2	11	6	6	2	8	1	0.69421894	6	15600.316	15600.916	15600.916	15601.116	15601.61
1	47	2	1	637	4	2	11	7	2	2	1	1	0.84262723	7	15602.951	15603.551	15603.551	15603.751	15604.394
1	47	2	1	638	4	2	11	8	2	1	1	1	0.61499956	8	15605.585	15605.785	15605.785	15605.985	15606.4
1	47	2	1	639	4	2	11	9	3	2	1	1	0.6637922	9	15607.819	15608.419	15608.419	15608.619	15609.083
1	47	2	1	640	4	2	11	10	3	1	1	1	0.76461374	10	15610.451	15610.651	15610.651	15610.851	15611.416
1	47	2	1	641	4	2	11	11	5	1	8	1	0.67063318	11	15612.683	15612.883	15612.883	15613.083	15613.554
1	47	2	1	642	4	2	11	12	2	1	1	1	0.93230146	12	15614.916	15615.116	15615.116	15615.316	15616.048
1	47	2	1	643	4	2	11	13	6	1	8	1	0.82888763	13	15617.149	15617.349	15617.349	15617.549	15618.177
1	47	2	1	644	4	2	11	14	3	2	1	1	0.79422579	14	15619.381	15619.981	15619.981	15620.181	15620.775
1	47	2	1	645	4	2	11	15	6	1	8	1	0.82037028	15	15622.013	15622.213	15622.213	15622.413	15623.034
1	47	2	1	646	4	2	11	16	4	2	1	0	0.67198618	15	15624.251	15624.851	15624.851	15625.051	15625.523
1	47	2	1	647	4	2	11	17	5	2	8	1	0.66079572	16	15626.883	15627.483	15627.483	15627.683	15628.144
1	47	2	1	648	4	2	11	18	5	1	8	1	0.5727671	17	15629.515	15629.715	15629.715	15629.915	15630.288
1	47	2	1	649	4	2	11	19	6	1	8	1	0.59724355	18	15631.748	15631.948	15631.948	15632.148	15632.545
1	47	2	1	650	4	2	11	20	1	1	1	1	0.81055958	19	15633.983	15634.183	15634.183	15634.383	15634.994
1	47	2	1	651	4	2	11	21	4	2	8	1	0.8304916	20	15636.218	15636.818	15636.818	15637.018	15637.649
1	47	2	1	652	4	2	11	22	4	2	1	0	0.50623569	20	15638.854	15639.454	15639.454	15639.654	15639.961
1	47	2	1	653	4	2	11	23	5	2	8	1	0.64421064	21	15641.491	15642.091	15642.091	15642.291	15642.736
1	47	2	1	654	4	2	11	24	3	2	1	1	0.79669547	22	15644.124	15644.724	15644.724	15644.924	15645.521
1	47	2	1	655	4	2	11	25	6	1	8	1	0.80348718	23	15646.757	15646.957	15646.957	15647.157	15647.76
1	47	2	1	656	4	2	11	26	3	1	1	1	0.69964859	24	15648.998	15649.198	15649.198	15649.398	15649.897
1	47	2	1	657	4	2	11	27	2	2	1	1	0.66521228	25	15651.234	15651.834	15651.834	15652.034	15652.499
1	47	2	1	658	4	2	11	28	2	1	1	1	0.75752641	26	15653.868	15654.068	15654.068	15654.268	15654.825
1	47	2	1	659	4	2	11	29	4	2	8	1	0.9643366	27	15656.1	15656.7	15656.7	15656.9	15657.665
1	47	2	1	660	4	2	11	30	4	1	8	1	0.72204701	28	15658.737	15658.937	15658.937	15659.137	15659.659
1	47	2	1	661	4	6	12	1	1	2	2	1	0.69939366	29	15689.055	15689.655	15689.655	15689.855	15690.355
1	47	2	1	662	4	6	12	2	1	1	2	1	0.7172777	30	15691.694	15691.894	15691.894	15692.094	15692.611
1	47	2	1	663	4	6	12	3	1	2	2	1	0.58759503	31	15693.927	15694.527	15694.527	15694.727	15695.115
1	47	2	1	664	4	6	12	4	1	2	2	1	0.67444687	32	15696.561	15697.161	15697.161	15697.361	15697.835
1	47	2	1	665	4	6	12	5	5	1	6	1	0.88907139	33	15699.194	15699.394	15699.394	15699.594	15700.283
1	47	2	1	666	4	6	12	6	6	2	7	1	1.13504	34	15701.428	15702.028	15702.028	15702.228	15703.163
1	47	2	1	667	4	6	12	7	2	2	3	1	1.2554619	35	15704.065	15704.665	15704.665	15704.865	15705.92
1	47	2	1	668	4	6	12	8	2	1	3	1	0.89924075	36	15706.701	15706.901	15706.901	15707.101	15707.8
1	47	2	1	669	4	6	12	9	3	2	4	1	0.99199965	37	15708.937	15709.537	15709.537	15709.737	15710.529
1	47	2	1	670	4	6	12	10	3	1	4	1	0.5984383	38	15711.57	15711.77	15711.77	15711.97	15712.368
1	47	2	1	671	4	6	12	11	5	1	6	1	0.71712501	39	15713.806	15714.006	15714.006	15714.206	15714.723
1	47	2	1	672	4	6	12	12	2	1	3	1	0.98919109	40	15716.042	15716.242	15716.242	15716.442	15717.231
1	47	2	1	673	4	6	12	13	6	1	7	1	1.1483389	41	15718.275	15718.475	15718.475	15718.675	15719.624
1	47	2	1	674	4	6	12	14	3	2	4	1	0.98279869	42	15720.508	15721.108	15721.108	15721.308	15722.091
1	47	2	1	675	4	6	12	15	6	1	7	1	0.79199431	43	15723.145	15723.345	15723.345	15723.545	15724.137
1	47	2	1	676	4	6	12	16	4	2	5	1	1.0364728	44	15725.382	15725.982	15725.982	15726.182	15727.018
1	47	2	1	677	4	6	12	17	5	2	6	1	0.80294249	45	15728.021	15728.621	15728.621	15728.821	15729.424
1	47	2	1	678	4	6	12	18	5	1	6	1	0.77175956	46	15730.653	15730.853	15730.853	15731.053	15731.625
1	47	2	1	679	4	6	12	19	6	1	7	1	1.1460389	47	15732.887	15733.087	15733.087	15733.287	15734.233
1	47	2	1	680	4	6	12	20	1	1	2	1	0.80486098	48	15735.124	15735.324	15735.324	15735.524	15736.129
1	47	2	1	681	4	6	12	21	4	2	5	1	0.90316027	49	15737.361	15737.961	15737.961	15738.161	15738.864
1	47	2	1	682	4	6	12	22	4	2	5	1	0.97341638	50	15739.997	15740.597	15740.597	15740.797	15741.571
1	47	2	1	683	4	6	12	23	5	2	6	1	0.86765745	51	15742.631	15743.231	15743.231	15743.431	15744.099
1	47	2	1	684	4	6	12	24	3	2	4	1	0.89135807	52	15745.264	15745.864	15745.864	15746.064	15746.755
1	47	2	1	685	4	6	12	25	6	1	7	1	0.91750005	53	15747.898	15748.098	15748.098	15748.298	15749.016
1	47	2	1	686	4	6	12	26	3	1	4	1	0.89550082	54	15750.136	15750.336	15750.336	15750.536	15751.231
1	47	2	1	687	4	6	12	27	2	2	6	0	1.4707205	54	15752.37	15752.97	15752.97	15753.17	15754.441
1	47	2	1	688	4	6	12	28	2	1	3	1	1.1374162	55	15755.009	15755.209	15755.209	15755.409	15756.346
1	47	2	1	689	4	6	12	29	4	2	5	1	1.3921007	56	15757.243	15757.843	15757.843	15758.043	15759.235
1	47	2	1	690	4	6	12	30	4	1	5	1	0.7382602	57	15759.877	15760.077	15760.077	15760.277	15760.815
1	47	2	1	691	4	2	12	1	6	2	8	1	0.73874008	1	15790.174	15790.774	15790.774	15790.974	15791.513
1	47	2	1	692	4	2	12	2	6	1	8	1	0.71852786	2	15792.809	15793.009	15793.009	15793.209	15793.727
1	47	2	1	693	4	2	12	3	2	2	1	1	0.65345601	3	15795.043	15795.643	15795.643	15795.843	15796.296
1	47	2	1	694	4	2	12	4	3	2	1	1	0.74721857	4	15797.68	15798.28	15798.28	15798.48	15799.027
1	47	2	1	695	4	2	12	5	3	1	1	1	0.76884565	5	15800.314	15800.514	15800.514	15800.714	15801.283
1	47	2	1	696	4	2	12	6	4	2	8	1	0.72562818	6	15802.555	15803.155	15803.155	15803.355	15803.881
1	47	2	1	697	4	2	12	7	2	2	1	1	0.93209331	7	15805.188	15805.788	15805.788	15805.988	15806.72
1	47	2	1	698	4	2	12	8	3	1	1	1	0.67496639	8	15807.823	15808.023	15808.023	15808.223	15808.697
1	47	2	1	699	4	2	12	9	5	2	8	1	0.66356964	9	15810.057	15810.657	15810.657	15810.857	15811.321
1	47	2	1	700	4	2	12	10	6	1	8	1	0.808047	10	15812.692	15812.892	15812.892	15813.092	15813.7
1	47	2	1	701	4	2	12	11	4	1	8	1	0.45627604	11	15814.927	15815.127	15815.127	15815.327	15815.583
1	47	2	1	702	4	2	12	12	5	1	8	1	0.69482139	12	15817.161	15817.361	15817.361	15817.561	15818.056
1	47	2	1	703	4	2	12	13	1	1	1	1	0.68812348	13	15819.4	15819.6	15819.6	15819.8	15820.288
1	47	2	1	704	4	2	12	14	2	2	1	1	1.2528777	14	15821.635	15822.235	15822.235	15822.435	15823.488
1	47	2	1	705	4	2	12	15	4	1	8	1	0.74723489	15	15824.269	15824.469	15824.469	15824.669	15825.217
1	47	2	1	706	4	2	12	16	1	2	1	1	0.87590214	16	15826.507	15827.107	15827.107	15827.307	15827.983
1	47	2	1	707	4	2	12	17	3	2	1	1	0.91642383	17	15829.143	15829.743	15829.743	15829.943	15830.659
1	47	2	1	708	4	2	12	18	6	1	8	1	0.76809864	18	15831.779	15831.979	15831.979	15832.179	15832.747
1	47	2	1	709	4	2	12	19	5	1	8	1	0.68290099	19	15834.016	15834.216	15834.216	15834.416	15834.899
1	47	2	1	710	4	2	12	20	1	1	1	1	0.82974133	20	15836.251	15836.451	15836.451	15836.651	15837.281
1	47	2	1	711	4	2	12	21	5	2	8	1	0.72008664	21	15838.489	15839.089	15839.089	15839.289	15839.809
1	47	2	1	712	4	2	12	22	4	2	8	1	0.76021465	22	15841.128	15841.728	15841.728	15841.928	15842.488
1	47	2	1	713	4	2	12	23	2	2	1	1	0.80022801	23	15843.766	15844.366	15844.366	15844.566	15845.167
1	47	2	1	714	4	2	12	24	5	2	8	1	0.73064016	24	15846.405	15847.005	15847.005	15847.205	15847.735
1	47	2	1	715	4	2	12	25	2	1	1	1	1.1349053	25	15849.042	15849.242	15849.242	15849.442	15850.377
1	47	2	1	716	4	2	12	26	1	1	1	1	0.68822617	26	15851.28	15851.48	15851.48	15851.68	15852.168
1	47	2	1	717	4	2	12	27	4	2	8	1	0.62157607	27	15853.515	15854.115	15854.115	15854.315	15854.737
1	47	2	1	718	4	2	12	28	3	1	1	1	0.8833895	28	15856.15	15856.35	15856.35	15856.55	15857.234
1	47	2	1	719	4	2	12	29	6	2	8	1	0.81698894	29	15858.386	15858.986	15858.986	15859.186	15859.803
1	47	2	1	720	4	2	12	30	1	1	1	1	1.0361423	30	15861.02	15861.22	15861.22	15861.42	15862.257
