0	5	2	6	3	1	7	4	0	0	0	0	0	0	0	0	0	0	0	0
3	29	1	1	1	1	6	1	1	3	1	3	1	1.2879457	1	10942.869	10943.069	10943.07	10943.27	10944.357
3	29	1	1	2	1	6	1	2	4	2	6	1	1.992203	2	10945.084	10945.684	10945.685	10945.885	10947.677
3	29	1	1	3	1	6	1	3	2	2	2	1	1.4596284	3	10947.693	10948.293	10948.293	10948.493	10949.753
3	29	1	1	4	1	6	1	4	6	2	8	1	1.3153992	4	10950.299	10950.899	10950.899	10951.099	10952.214
3	29	1	1	5	1	6	1	5	3	1	3	1	1.9988278	5	10952.905	10953.105	10953.105	10953.305	10955.104
3	29	1	1	6	1	6	1	6	6	1	8	1	1.1262615	6	10955.113	10955.313	10955.313	10955.513	10956.44
3	29	1	1	7	1	6	1	7	3	2	3	1	1.9990925	7	10957.319	10957.919	10957.919	10958.119	10959.918
3	29	1	1	8	1	6	1	8	4	2	6	1	1.4472243	8	10959.927	10960.527	10960.527	10960.727	10961.974
3	29	1	1	9	1	6	1	9	6	1	8	1	1.1754447	9	10962.533	10962.733	10962.733	10962.933	10963.909
3	29	1	1	10	1	6	1	10	2	1	2	1	1.3308659	10	10964.738	10964.938	10964.938	10965.138	10966.269
3	29	1	1	11	1	6	1	11	6	1	8	1	1.2845108	11	10966.944	10967.144	10967.144	10967.344	10968.429
3	29	1	1	12	1	6	1	12	6	1	8	1	0.74437857	12	10969.151	10969.351	10969.351	10969.551	10970.095
3	29	1	1	13	1	6	1	13	3	1	3	1	1.837625	13	10971.36	10971.56	10971.56	10971.76	10973.398
3	29	1	1	14	1	6	1	14	5	1	7	1	0.9626432	14	10973.566	10973.766	10973.766	10973.966	10974.729
3	29	1	1	15	1	6	1	15	1	2	1	1	0.69889509	15	10975.773	10976.373	10976.373	10976.573	10977.071
3	29	1	1	16	1	6	1	16	4	1	6	1	1.7628397	16	10978.379	10978.579	10978.579	10978.779	10980.342
3	29	1	1	17	1	6	1	17	4	1	6	1	0.71077286	17	10980.585	10980.785	10980.785	10980.985	10981.496
3	29	1	1	18	1	6	1	18	1	2	1	1	1.45475	18	10982.792	10983.392	10983.392	10983.592	10984.846
3	29	1	1	19	1	6	1	19	5	1	7	1	1.0062913	19	10985.398	10985.598	10985.598	10985.798	10986.604
3	29	1	1	20	1	6	1	20	4	2	1	0	1.8365728	19	10987.605	10988.205	10988.205	10988.405	10990.041
3	29	1	1	21	1	6	1	21	2	2	2	1	1.5686705	20	10990.517	10991.117	10991.117	10991.317	10992.686
3	29	1	1	22	1	6	1	22	1	2	0	0	-10993.723	20	10993.123	10993.723	10993.723	10993.923	0
3	29	1	1	23	1	6	1	23	2	2	2	1	1.6325426	21	10996.029	10996.629	10996.629	10996.829	10998.262
3	29	1	1	24	1	6	1	24	5	1	7	1	0.92457709	22	10998.636	10998.836	10998.836	10999.036	10999.76
3	29	1	1	25	1	6	1	25	1	1	8	0	1.2032171	22	11000.842	11001.042	11001.042	11001.242	11002.246
3	29	1	1	26	1	6	1	26	3	2	3	1	1.6431454	23	11003.357	11003.957	11003.957	11004.157	11005.6
3	29	1	1	27	1	6	1	27	1	2	3	0	0.76245028	23	11005.965	11006.565	11006.565	11006.765	11007.327
3	29	1	1	28	1	6	1	28	5	1	7	1	0.81840189	24	11008.879	11009.079	11009.079	11009.279	11009.897
3	29	1	1	29	1	6	1	29	5	2	7	1	0.77524979	25	11011.087	11011.687	11011.687	11011.887	11012.462
3	29	1	1	30	1	6	1	30	2	2	2	1	1.0648722	26	11013.696	11014.296	11014.296	11014.496	11015.361
3	29	1	1	31	1	2	1	1	5	1	5	1	0.53895726	1	11042.966	11043.166	11043.166	11043.366	11043.705
3	29	1	1	32	1	2	1	2	6	2	5	1	0.63693475	2	11045.177	11045.777	11045.777	11045.977	11046.414
3	29	1	1	33	1	2	1	3	4	2	5	1	0.41248529	3	11047.785	11048.385	11048.385	11048.585	11048.798
3	29	1	1	34	1	2	1	4	6	2	5	1	0.52507006	4	11050.392	11050.992	11050.992	11051.192	11051.517
3	29	1	1	35	1	2	1	5	5	1	5	1	0.4809109	5	11052.999	11053.199	11053.199	11053.399	11053.68
3	29	1	1	36	1	2	1	6	2	1	4	1	0.52554981	6	11055.209	11055.409	11055.409	11055.609	11055.935
3	29	1	1	37	1	2	1	7	5	2	4	0	0.45242043	6	11057.417	11058.017	11058.017	11058.217	11058.47
3	29	1	1	38	1	2	1	8	6	2	5	1	0.64976041	7	11060.332	11060.932	11060.932	11061.132	11061.582
3	29	1	1	39	1	2	1	9	5	1	5	1	0.56119569	8	11062.943	11063.143	11063.143	11063.343	11063.704
3	29	1	1	40	1	2	1	10	1	1	4	1	0.80978643	9	11065.149	11065.349	11065.35	11065.55	11066.159
3	29	1	1	41	1	2	1	11	1	1	4	1	0.67253957	10	11067.357	11067.557	11067.557	11067.757	11068.229
3	29	1	1	42	1	2	1	12	4	1	5	1	0.68135556	11	11069.563	11069.763	11069.763	11069.963	11070.445
3	29	1	1	43	1	2	1	13	2	1	4	1	0.98576943	12	11071.771	11071.971	11071.971	11072.171	11072.956
3	29	1	1	44	1	2	1	14	3	1	4	1	0.67660018	13	11073.978	11074.178	11074.178	11074.378	11074.855
3	29	1	1	45	1	2	1	15	6	2	5	1	0.5968534	14	11076.186	11076.786	11076.786	11076.986	11077.383
3	29	1	1	46	1	2	1	16	4	1	5	1	0.61916576	15	11078.794	11078.994	11078.994	11079.194	11079.613
3	29	1	1	47	1	2	1	17	2	1	4	1	0.71144964	16	11081	11081.2	11081.2	11081.4	11081.912
3	29	1	1	48	1	2	1	18	1	2	4	1	0.65276983	17	11083.208	11083.808	11083.808	11084.008	11084.461
3	29	1	1	49	1	2	1	19	1	1	4	1	0.65760148	18	11085.815	11086.015	11086.015	11086.215	11086.673
3	29	1	1	50	1	2	1	20	2	2	4	1	0.6315269	19	11088.023	11088.623	11088.623	11088.823	11089.254
3	29	1	1	51	1	2	1	21	3	2	4	1	0.5273683	20	11090.63	11091.23	11091.23	11091.43	11091.757
3	29	1	1	52	1	2	1	22	1	2	4	1	0.45317745	21	11093.24	11093.84	11093.84	11094.04	11094.293
3	29	1	1	53	1	2	1	23	3	2	4	1	0.58079788	22	11095.848	11096.448	11096.448	11096.648	11097.028
3	29	1	1	54	1	2	1	24	4	1	5	1	0.54221658	23	11098.456	11098.656	11098.656	11098.856	11099.198
3	29	1	1	55	1	2	1	25	4	1	5	1	0.53509683	24	11100.663	11100.863	11100.863	11101.063	11101.398
3	29	1	1	56	1	2	1	26	2	2	4	1	0.6378041	25	11102.871	11103.471	11103.471	11103.671	11104.109
3	29	1	1	57	1	2	1	27	3	2	4	1	0.59979583	26	11105.479	11106.079	11106.079	11106.279	11106.679
3	29	1	1	58	1	2	1	28	5	1	5	1	0.78378855	27	11108.087	11108.287	11108.287	11108.487	11109.071
3	29	1	1	59	1	2	1	29	6	2	5	1	0.55190621	28	11110.294	11110.894	11110.894	11111.094	11111.446
3	29	1	1	60	1	2	1	30	3	2	4	1	0.65483036	29	11112.902	11113.502	11113.502	11113.702	11114.157
3	29	1	1	61	1	6	2	1	5	1	7	1	0.86457583	30	11209.557	11209.757	11209.757	11209.957	11210.622
3	29	1	1	62	1	6	2	2	6	2	8	1	1.049189	31	11211.765	11212.365	11212.365	11212.565	11213.414
3	29	1	1	63	1	6	2	3	4	2	0	0	-11214.973	31	11214.373	11214.973	11214.973	11215.173	0
3	29	1	1	64	1	6	2	4	6	2	8	1	1.0229348	32	11217.278	11217.878	11217.878	11218.078	11218.901
3	29	1	1	65	1	6	2	5	5	1	7	1	0.89391432	33	11219.889	11220.089	11220.089	11220.289	11220.983
3	29	1	1	66	1	6	2	6	2	1	2	1	1.315072	34	11222.097	11222.297	11222.297	11222.497	11223.612
3	29	1	1	67	1	6	2	7	5	2	7	1	0.93892944	35	11224.306	11224.906	11224.906	11225.106	11225.845
3	29	1	1	68	1	6	2	8	6	2	8	1	0.98301366	36	11226.914	11227.514	11227.514	11227.714	11228.497
3	29	1	1	69	1	6	2	9	5	1	7	1	0.81815128	37	11229.522	11229.722	11229.723	11229.923	11230.541
3	29	1	1	70	1	6	2	10	1	1	6	0	1.3262443	37	11231.731	11231.931	11231.931	11232.131	11233.257
3	29	1	1	71	1	6	2	11	1	1	1	1	1.0966198	38	11234.252	11234.452	11234.452	11234.652	11235.549
3	29	1	1	72	1	6	2	12	4	1	6	1	1.9995903	39	11236.461	11236.661	11236.661	11236.861	11238.66
3	29	1	1	73	1	6	2	13	2	1	2	1	1.2977975	40	11238.671	11238.871	11238.871	11239.071	11240.169
3	29	1	1	74	1	6	2	14	3	1	3	1	0.72393905	41	11240.881	11241.081	11241.081	11241.281	11241.804
3	29	1	1	75	1	6	2	15	6	2	8	1	1.0074979	42	11243.089	11243.689	11243.689	11243.889	11244.696
3	29	1	1	76	1	6	2	16	4	1	1	0	0.57371891	42	11245.697	11245.897	11245.897	11246.097	11246.471
3	29	1	1	77	1	6	2	17	2	1	2	1	1.0184049	43	11248.212	11248.412	11248.412	11248.612	11249.431
3	29	1	1	78	1	6	2	18	1	2	6	0	0.93957288	43	11250.421	11251.021	11251.021	11251.221	11251.961
3	29	1	1	79	1	6	2	19	1	1	1	1	0.66108748	44	11253.343	11253.543	11253.543	11253.743	11254.205
3	29	1	1	80	1	6	2	20	2	2	2	1	0.85463428	45	11255.553	11256.153	11256.153	11256.353	11257.007
3	29	1	1	81	1	6	2	21	3	2	3	1	1.7095141	46	11258.161	11258.761	11258.761	11258.961	11260.471
3	29	1	1	82	1	6	2	22	1	2	1	1	1.1876774	47	11260.77	11261.37	11261.37	11261.57	11262.558
3	29	1	1	83	1	6	2	23	3	2	3	1	1.0859545	48	11263.379	11263.979	11263.979	11264.179	11265.065
3	29	1	1	84	1	6	2	24	4	1	0	0	-11266.188	48	11265.988	11266.188	11266.188	11266.388	0
3	29	1	1	85	1	6	2	25	4	1	6	1	0.877321	49	11268.497	11268.697	11268.697	11268.897	11269.575
3	29	1	1	86	1	6	2	26	2	2	2	1	0.92538991	50	11270.706	11271.306	11271.306	11271.506	11272.232
3	29	1	1	87	1	6	2	27	3	2	3	1	1.2324131	51	11273.316	11273.916	11273.916	11274.116	11275.148
3	29	1	1	88	1	6	2	28	5	1	7	1	0.83470225	52	11275.925	11276.125	11276.125	11276.325	11276.96
3	29	1	1	89	1	6	2	29	6	2	8	1	0.9764616	53	11278.134	11278.734	11278.734	11278.934	11279.711
3	29	1	1	90	1	6	2	30	3	2	3	1	1.3910785	54	11280.743	11281.343	11281.343	11281.543	11282.734
3	29	1	1	91	1	2	2	1	5	1	5	1	0.75082323	1	11294.634	11294.834	11294.834	11295.034	11295.585
3	29	1	1	92	1	2	2	2	6	2	5	1	0.52948663	2	11296.843	11297.443	11297.443	11297.643	11297.972
3	29	1	1	93	1	2	2	3	1	2	4	1	0.63593565	3	11299.452	11300.053	11300.053	11300.253	11300.688
3	29	1	1	94	1	2	2	4	4	2	5	1	0.65098716	4	11302.061	11302.661	11302.661	11302.861	11303.312
3	29	1	1	95	1	2	2	5	5	1	5	1	0.54286912	5	11304.671	11304.871	11304.871	11305.071	11305.414
3	29	1	1	96	1	2	2	6	1	1	5	0	0.60646901	5	11306.881	11307.081	11307.081	11307.281	11307.687
3	29	1	1	97	1	2	2	7	2	2	4	1	0.64835058	6	11309.397	11309.997	11309.997	11310.197	11310.645
3	29	1	1	98	1	2	2	8	6	2	5	1	0.58446918	7	11312.006	11312.606	11312.606	11312.806	11313.19
3	29	1	1	99	1	2	2	9	2	1	4	1	0.75211703	8	11314.616	11314.816	11314.816	11315.016	11315.568
3	29	1	1	100	1	2	2	10	2	1	4	1	0.94326299	9	11316.826	11317.026	11317.026	11317.226	11317.969
3	29	1	1	101	1	2	2	11	3	1	4	1	0.55182743	10	11319.04	11319.24	11319.24	11319.44	11319.791
3	29	1	1	102	1	2	2	12	5	1	5	1	0.60794833	11	11321.249	11321.449	11321.449	11321.649	11322.057
3	29	1	1	103	1	2	2	13	6	1	5	1	0.56225264	12	11323.458	11323.658	11323.658	11323.858	11324.221
3	29	1	1	104	1	2	2	14	4	1	5	1	0.56056087	13	11325.668	11325.868	11325.868	11326.068	11326.429
3	29	1	1	105	1	2	2	15	5	2	5	1	0.56652153	14	11327.878	11328.478	11328.478	11328.678	11329.044
3	29	1	1	106	1	2	2	16	3	1	4	1	0.70873813	15	11330.487	11330.687	11330.687	11330.887	11331.396
3	29	1	1	107	1	2	2	17	4	1	5	1	0.67073723	16	11332.698	11332.898	11332.898	11333.098	11333.568
3	29	1	1	108	1	2	2	18	3	2	4	1	0.73730146	17	11334.908	11335.508	11335.508	11335.708	11336.245
3	29	1	1	109	1	2	2	19	3	1	4	1	0.64710292	18	11337.518	11337.718	11337.718	11337.918	11338.365
3	29	1	1	110	1	2	2	20	6	2	5	1	0.66238829	19	11339.728	11340.328	11340.328	11340.528	11340.991
3	29	1	1	111	1	2	2	21	1	2	4	1	0.73829307	20	11342.338	11342.938	11342.938	11343.138	11343.676
3	29	1	1	112	1	2	2	22	4	2	5	1	1.0805451	21	11344.949	11345.549	11345.549	11345.749	11346.629
3	29	1	1	113	1	2	2	23	2	2	4	1	0.87898474	22	11347.559	11348.159	11348.159	11348.359	11349.038
3	29	1	1	114	1	2	2	24	6	1	5	1	0.84749801	23	11350.17	11350.37	11350.37	11350.57	11351.217
3	29	1	1	115	1	2	2	25	1	1	4	1	0.73663506	24	11352.379	11352.579	11352.579	11352.779	11353.316
3	29	1	1	116	1	2	2	26	4	2	5	1	0.71120964	25	11354.59	11355.19	11355.19	11355.39	11355.901
3	29	1	1	117	1	2	2	27	5	2	5	1	1.2222547	26	11357.2	11357.8	11357.8	11358	11359.023
3	29	1	1	118	1	2	2	28	2	1	4	1	0.75601355	27	11359.81	11360.01	11360.01	11360.21	11360.767
3	29	1	1	119	1	2	2	29	1	2	4	1	0.737642	28	11362.022	11362.622	11362.622	11362.822	11363.36
3	29	1	1	120	1	2	2	30	3	2	4	1	0.60677157	29	11364.632	11365.232	11365.232	11365.432	11365.839
3	29	1	1	121	1	6	3	1	5	1	2	0	1.4620847	29	11478.192	11478.392	11478.392	11478.592	11479.854
3	29	1	1	122	1	6	3	2	6	2	8	1	1.0596157	30	11480.71	11481.31	11481.31	11481.51	11482.369
3	29	1	1	123	1	6	3	3	1	2	1	1	0.86770945	31	11483.321	11483.921	11483.921	11484.121	11484.788
3	29	1	1	124	1	6	3	4	4	2	6	1	1.4922216	32	11485.931	11486.531	11486.531	11486.731	11488.023
3	29	1	1	125	1	6	3	5	5	1	7	1	0.83273396	33	11488.542	11488.742	11488.742	11488.942	11489.574
3	29	1	1	126	1	6	3	6	1	1	1	1	1.0039054	34	11490.752	11490.952	11490.952	11491.152	11491.956
3	29	1	1	127	1	6	3	7	2	2	2	1	1.1499147	35	11492.962	11493.562	11493.562	11493.762	11494.712
3	29	1	1	128	1	6	3	8	6	2	8	1	1.006597	36	11495.574	11496.174	11496.174	11496.374	11497.181
3	29	1	1	129	1	6	3	9	2	1	2	1	0.85329752	37	11498.185	11498.385	11498.385	11498.585	11499.238
3	29	1	1	130	1	6	3	10	2	1	2	1	0.75730952	38	11500.395	11500.595	11500.595	11500.795	11501.353
3	29	1	1	131	1	6	3	11	3	1	3	1	1.1283763	39	11502.606	11502.806	11502.806	11503.006	11503.934
3	29	1	1	132	1	6	3	12	5	1	7	1	0.93887225	40	11504.821	11505.021	11505.021	11505.221	11505.96
3	29	1	1	133	1	6	3	13	6	1	8	1	0.96614949	41	11507.032	11507.232	11507.232	11507.432	11508.198
3	29	1	1	134	1	6	3	14	4	1	6	1	0.85877245	42	11509.242	11509.442	11509.442	11509.642	11510.301
3	29	1	1	135	1	6	3	15	5	2	7	1	1.1057553	43	11511.454	11512.054	11512.054	11512.254	11513.159
3	29	1	1	136	1	6	3	16	3	1	3	1	0.98215482	44	11514.064	11514.264	11514.264	11514.464	11515.247
3	29	1	1	137	1	6	3	17	4	1	6	1	1.6283348	45	11516.275	11516.475	11516.475	11516.675	11518.103
3	29	1	1	138	1	6	3	18	3	2	3	1	1.1129556	46	11518.486	11519.086	11519.086	11519.286	11520.199
3	29	1	1	139	1	6	3	19	3	1	3	1	0.7407584	47	11521.097	11521.297	11521.297	11521.497	11522.038
3	29	1	1	140	1	6	3	20	6	2	8	1	1.0438355	48	11523.308	11523.908	11523.909	11524.109	11524.952
3	29	1	1	141	1	6	3	21	1	2	1	1	0.71375903	49	11525.92	11526.52	11526.52	11526.72	11527.233
3	29	1	1	142	1	6	3	22	4	2	6	1	1.0684916	50	11528.531	11529.131	11529.131	11529.331	11530.199
3	29	1	1	143	1	6	3	23	2	2	2	1	0.87316826	51	11531.142	11531.742	11531.742	11531.942	11532.615
3	29	1	1	144	1	6	3	24	6	1	8	1	0.86959317	52	11533.751	11533.951	11533.951	11534.151	11534.82
3	29	1	1	145	1	6	3	25	1	1	6	0	1.0771787	52	11535.962	11536.162	11536.162	11536.362	11537.239
3	29	1	1	146	1	6	3	26	4	2	6	1	0.85591721	53	11538.486	11539.086	11539.086	11539.286	11539.942
3	29	1	1	147	1	6	3	27	5	2	7	1	0.85553688	54	11541.097	11541.697	11541.697	11541.897	11542.553
3	29	1	1	148	1	6	3	28	2	1	2	1	1.0734421	55	11543.709	11543.909	11543.909	11544.109	11544.982
3	29	1	1	149	1	6	3	29	1	2	1	1	0.71626036	56	11545.92	11546.52	11546.52	11546.72	11547.236
3	29	1	1	150	1	6	3	30	3	2	3	1	1.4271832	57	11548.531	11549.131	11549.131	11549.331	11550.558
3	29	1	1	151	1	2	3	1	3	1	4	1	0.54725041	1	11560.821	11561.021	11561.021	11561.221	11561.568
3	29	1	1	152	1	2	3	2	5	2	5	1	0.72067464	2	11563.032	11563.632	11563.632	11563.832	11564.353
3	29	1	1	153	1	2	3	3	5	2	5	1	0.62492826	3	11565.646	11566.246	11566.246	11566.446	11566.871
3	29	1	1	154	1	2	3	4	3	2	4	1	0.62692252	4	11568.258	11568.858	11568.858	11569.058	11569.485
3	29	1	1	155	1	2	3	5	6	1	5	1	0.64096715	5	11570.87	11571.07	11571.07	11571.27	11571.711
3	29	1	1	156	1	2	3	6	2	1	4	1	0.71588835	6	11573.082	11573.282	11573.282	11573.482	11573.998
3	29	1	1	157	1	2	3	7	2	2	4	1	0.6172173	7	11575.294	11575.894	11575.894	11576.094	11576.511
3	29	1	1	158	1	2	3	8	4	2	5	1	0.49195561	8	11577.905	11578.505	11578.505	11578.705	11578.997
3	29	1	1	159	1	2	3	9	1	1	4	1	0.75389373	9	11580.519	11580.719	11580.719	11580.919	11581.473
3	29	1	1	160	1	2	3	10	4	1	5	1	0.62849163	10	11582.731	11582.931	11582.931	11583.131	11583.559
3	29	1	1	161	1	2	3	11	2	1	4	1	0.70148742	11	11584.943	11585.143	11585.143	11585.343	11585.845
3	29	1	1	162	1	2	3	12	4	1	5	1	0.71495477	12	11587.155	11587.355	11587.355	11587.555	11588.07
3	29	1	1	163	1	2	3	13	5	1	5	1	0.66737783	13	11589.368	11589.568	11589.568	11589.768	11590.235
3	29	1	1	164	1	2	3	14	4	1	5	1	0.66939084	14	11591.579	11591.779	11591.779	11591.979	11592.449
3	29	1	1	165	1	2	3	15	6	2	5	1	0.51187938	15	11593.792	11594.392	11594.392	11594.592	11594.904
3	29	1	1	166	1	2	3	16	4	1	5	1	0.50591613	16	11596.404	11596.604	11596.604	11596.804	11597.11
3	29	1	1	167	1	2	3	17	1	1	4	1	0.70070638	17	11598.616	11598.817	11598.817	11599.017	11599.517
3	29	1	1	168	1	2	3	18	2	2	4	1	0.60160098	18	11600.829	11601.429	11601.429	11601.629	11602.03
3	29	1	1	169	1	2	3	19	6	1	5	1	0.6931177	19	11603.441	11603.641	11603.641	11603.841	11604.334
3	29	1	1	170	1	2	3	20	1	2	5	0	0.65475485	19	11605.653	11606.253	11606.253	11606.453	11606.908
3	29	1	1	171	1	2	3	21	1	2	4	1	0.62820106	20	11608.57	11609.17	11609.17	11609.37	11609.799
3	29	1	1	172	1	2	3	22	5	2	5	1	0.91128382	21	11611.182	11611.782	11611.782	11611.982	11612.693
3	29	1	1	173	1	2	3	23	1	2	4	1	0.78189948	22	11613.796	11614.396	11614.396	11614.596	11615.178
3	29	1	1	174	1	2	3	24	2	1	4	1	0.86161097	23	11616.408	11616.608	11616.608	11616.808	11617.47
3	29	1	1	175	1	2	3	25	3	1	4	1	0.6275865	24	11618.621	11618.821	11618.821	11619.021	11619.449
3	29	1	1	176	1	2	3	26	3	2	4	1	0.84419462	25	11620.834	11621.434	11621.434	11621.634	11622.279
3	29	1	1	177	1	2	3	27	5	2	5	1	0.59153597	26	11623.447	11624.047	11624.047	11624.247	11624.639
3	29	1	1	178	1	2	3	28	6	1	5	1	0.65149681	27	11626.059	11626.259	11626.259	11626.459	11626.911
3	29	1	1	179	1	2	3	29	3	2	4	1	0.73251458	28	11628.272	11628.872	11628.872	11629.072	11629.605
3	29	1	1	180	1	2	3	30	6	2	5	1	0.81002075	29	11630.886	11631.486	11631.486	11631.686	11632.296
3	29	1	1	181	2	6	4	1	3	1	3	1	0.70277363	30	12029.182	12029.382	12029.382	12029.582	12030.085
3	29	1	1	182	2	6	4	2	5	2	7	1	0.74786195	31	12031.395	12031.995	12031.995	12032.195	12032.743
3	29	1	1	183	2	6	4	3	5	2	7	1	0.78420226	32	12034.008	12034.608	12034.608	12034.808	12035.392
3	29	1	1	184	2	6	4	4	3	2	3	1	0.77739762	33	12036.621	12037.221	12037.221	12037.421	12037.998
3	29	1	1	185	2	6	4	5	6	1	8	1	1.2952158	34	12039.234	12039.434	12039.434	12039.634	12040.729
3	29	1	1	186	2	6	4	6	2	1	2	1	1.2698712	35	12041.447	12041.647	12041.647	12041.847	12042.917
3	29	1	1	187	2	6	4	7	2	2	2	1	0.86390718	36	12043.662	12044.262	12044.262	12044.462	12045.126
3	29	1	1	188	2	6	4	8	4	2	6	1	1.4625653	37	12046.275	12046.875	12046.875	12047.075	12048.337
3	29	1	1	189	2	6	4	9	1	1	1	1	0.68616923	38	12048.888	12049.088	12049.088	12049.288	12049.774
3	29	1	1	190	2	6	4	10	4	1	6	1	0.80312227	39	12051.101	12051.301	12051.301	12051.501	12052.104
3	29	1	1	191	2	6	4	11	2	1	2	1	1.2443236	40	12053.314	12053.514	12053.514	12053.714	12054.758
3	29	1	1	192	2	6	4	12	4	1	6	1	0.88013842	41	12055.527	12055.727	12055.727	12055.927	12056.607
3	29	1	1	193	2	6	4	13	5	1	7	1	0.95591032	42	12057.741	12057.941	12057.941	12058.141	12058.897
3	29	1	1	194	2	6	4	14	4	1	6	1	1.1965698	43	12059.954	12060.154	12060.154	12060.354	12061.351
3	29	1	1	195	2	6	4	15	6	2	8	1	0.91777235	44	12062.167	12062.767	12062.768	12062.968	12063.685
3	29	1	1	196	2	6	4	16	4	1	6	1	1.1043799	45	12064.781	12064.981	12064.981	12065.181	12066.086
3	29	1	1	197	2	6	4	17	1	1	1	1	1.0264097	46	12066.995	12067.195	12067.195	12067.395	12068.222
3	29	1	1	198	2	6	4	18	2	2	2	1	0.88408276	47	12069.208	12069.808	12069.808	12070.008	12070.692
3	29	1	1	199	2	6	4	19	6	1	8	1	1.2226333	48	12071.822	12072.022	12072.022	12072.222	12073.244
3	29	1	1	200	2	6	4	20	1	2	1	1	0.87749281	49	12074.036	12074.636	12074.636	12074.836	12075.513
3	29	1	1	201	2	6	4	21	1	2	1	1	0.71769265	50	12076.649	12077.249	12077.249	12077.449	12077.967
3	29	1	1	202	2	6	4	22	5	2	7	1	0.86204782	51	12079.263	12079.863	12079.863	12080.063	12080.726
3	29	1	1	203	2	6	4	23	1	2	1	1	0.85261255	52	12081.878	12082.478	12082.478	12082.678	12083.33
3	29	1	1	204	2	6	4	24	2	1	2	1	0.93228483	53	12084.491	12084.691	12084.691	12084.891	12085.623
3	29	1	1	205	2	6	4	25	3	1	3	1	0.96319927	54	12086.709	12086.909	12086.909	12087.109	12087.872
3	29	1	1	206	2	6	4	26	3	2	2	0	0.73221691	54	12088.922	12089.522	12089.522	12089.722	12090.254
3	29	1	1	207	2	6	4	27	5	2	7	1	0.88599549	55	12091.536	12092.136	12092.136	12092.336	12093.022
3	29	1	1	208	2	6	4	28	6	1	8	1	1.1529879	56	12094.15	12094.35	12094.35	12094.55	12095.503
3	29	1	1	209	2	6	4	29	3	2	3	1	1.0244639	57	12096.364	12096.964	12096.964	12097.164	12097.989
3	29	1	1	210	2	6	4	30	6	2	8	1	1.0730925	58	12098.979	12099.579	12099.579	12099.779	12100.652
3	29	1	1	211	2	2	4	1	5	1	5	1	0.58373546	1	12130.001	12130.201	12130.201	12130.401	12130.784
3	29	1	1	212	2	2	4	2	4	2	5	1	0.59243158	2	12132.215	12132.815	12132.815	12133.015	12133.408
3	29	1	1	213	2	2	4	3	5	2	5	1	0.4817684	3	12134.83	12135.43	12135.43	12135.63	12135.911
3	29	1	1	214	2	2	4	4	2	2	4	1	0.653069	4	12137.443	12138.044	12138.044	12138.244	12138.697
3	29	1	1	215	2	2	4	5	3	1	4	1	0.69348884	5	12140.058	12140.258	12140.258	12140.458	12140.951
3	29	1	1	216	2	2	4	6	1	1	4	1	0.74424788	6	12142.272	12142.472	12142.472	12142.672	12143.216
3	29	1	1	217	2	2	4	7	2	2	4	1	0.64857152	7	12144.486	12145.086	12145.086	12145.286	12145.734
3	29	1	1	218	2	2	4	8	2	2	4	1	0.68939376	8	12147.101	12147.701	12147.701	12147.901	12148.39
3	29	1	1	219	2	2	4	9	1	1	4	1	0.46956428	9	12149.715	12149.915	12149.915	12150.115	12150.385
3	29	1	1	220	2	2	4	10	6	1	5	1	0.66876481	10	12151.93	12152.13	12152.13	12152.33	12152.799
3	29	1	1	221	2	2	4	11	3	1	4	1	0.7413782	11	12154.145	12154.345	12154.345	12154.545	12155.087
3	29	1	1	222	2	2	4	12	5	1	5	1	0.66346149	12	12156.36	12156.56	12156.56	12156.76	12157.223
3	29	1	1	223	2	2	4	13	2	1	4	1	0.75864439	13	12158.574	12158.774	12158.774	12158.974	12159.533
3	29	1	1	224	2	2	4	14	6	1	5	1	0.65763122	14	12160.789	12160.989	12160.989	12161.189	12161.646
3	29	1	1	225	2	2	4	15	4	2	5	1	0.64329371	15	12163.004	12163.604	12163.604	12163.804	12164.247
3	29	1	1	226	2	2	4	16	3	1	4	1	0.69275935	16	12165.618	12165.818	12165.818	12166.018	12166.511
3	29	1	1	227	2	2	4	17	3	1	4	1	1.0060234	17	12167.833	12168.033	12168.033	12168.233	12169.039
3	29	1	1	228	2	2	4	18	6	2	5	1	0.84722164	18	12170.047	12170.647	12170.647	12170.847	12171.495
3	29	1	1	229	2	2	4	19	4	1	5	1	0.72899011	19	12172.662	12172.862	12172.862	12173.062	12173.591
3	29	1	1	230	2	2	4	20	1	2	4	1	0.65934636	20	12174.877	12175.477	12175.477	12175.677	12176.136
3	29	1	1	231	2	2	4	21	6	2	5	1	0.65047372	21	12177.492	12178.092	12178.092	12178.292	12178.742
3	29	1	1	232	2	2	4	22	1	2	4	1	0.58804669	22	12180.107	12180.707	12180.707	12180.907	12181.295
3	29	1	1	233	2	2	4	23	5	2	5	1	0.61495576	23	12182.722	12183.322	12183.322	12183.522	12183.937
3	29	1	1	234	2	2	4	24	4	1	5	1	0.66337547	24	12185.338	12185.538	12185.538	12185.738	12186.201
3	29	1	1	235	2	2	4	25	3	1	4	1	0.75154089	25	12187.553	12187.753	12187.753	12187.953	12188.504
3	29	1	1	236	2	2	4	26	6	2	5	1	0.62373953	26	12189.767	12190.367	12190.367	12190.568	12190.991
3	29	1	1	237	2	2	4	27	1	2	4	1	0.69000912	27	12192.383	12192.983	12192.983	12193.183	12193.673
3	29	1	1	238	2	2	4	28	4	1	5	1	0.77508717	28	12194.999	12195.199	12195.199	12195.399	12195.974
3	29	1	1	239	2	2	4	29	5	2	5	1	0.61650235	29	12197.213	12197.813	12197.813	12198.013	12198.43
3	29	1	1	240	2	2	4	30	2	2	4	1	0.94822966	30	12199.833	12200.433	12200.433	12200.633	12201.382
3	29	1	1	241	2	6	5	1	5	1	7	1	0.79239536	31	12230.64	12230.84	12230.84	12231.04	12231.632
3	29	1	1	242	2	6	5	2	4	2	6	1	1.1679617	32	12232.855	12233.455	12233.455	12233.655	12234.623
3	29	1	1	243	2	6	5	3	5	2	7	1	0.87287903	33	12235.471	12236.071	12236.071	12236.271	12236.944
3	29	1	1	244	2	6	5	4	2	2	2	1	1.1286768	34	12238.086	12238.686	12238.686	12238.886	12239.815
3	29	1	1	245	2	6	5	5	3	1	3	1	1.287353	35	12240.704	12240.904	12240.904	12241.104	12242.191
3	29	1	1	246	2	6	5	6	1	1	1	1	1.187109	36	12242.922	12243.122	12243.122	12243.322	12244.309
3	29	1	1	247	2	6	5	7	2	2	2	1	0.95712189	37	12245.137	12245.737	12245.737	12245.937	12246.694
3	29	1	1	248	2	6	5	8	2	2	2	1	1.0441688	38	12247.753	12248.353	12248.353	12248.553	12249.397
3	29	1	1	249	2	6	5	9	1	1	1	1	1.1653506	39	12250.369	12250.569	12250.569	12250.769	12251.734
3	29	1	1	250	2	6	5	10	6	1	8	1	1.1230578	40	12252.586	12252.786	12252.786	12252.986	12253.909
3	29	1	1	251	2	6	5	11	3	1	3	1	1.8370638	41	12254.802	12255.002	12255.002	12255.202	12256.839
3	29	1	1	252	2	6	5	12	5	1	7	1	0.97839669	42	12257.019	12257.219	12257.219	12257.419	12258.198
3	29	1	1	253	2	6	5	13	2	1	2	1	0.92111864	43	12259.238	12259.438	12259.438	12259.638	12260.359
3	29	1	1	254	2	6	5	14	6	1	8	1	1.219159	44	12261.454	12261.654	12261.654	12261.854	12262.873
3	29	1	1	255	2	6	5	15	4	2	6	1	1.2151885	45	12263.67	12264.27	12264.27	12264.47	12265.485
3	29	1	1	256	2	6	5	16	3	1	3	1	1.3145024	46	12266.286	12266.486	12266.486	12266.687	12267.801
3	29	1	1	257	2	6	5	17	3	1	3	1	0.95251939	47	12268.502	12268.702	12268.702	12268.902	12269.655
3	29	1	1	258	2	6	5	18	6	2	8	1	0.99860596	48	12270.718	12271.318	12271.318	12271.518	12272.317
3	29	1	1	259	2	6	5	19	4	1	6	1	1.1707247	49	12273.335	12273.535	12273.535	12273.735	12274.705
3	29	1	1	260	2	6	5	20	1	2	1	1	1.2477701	50	12275.552	12276.152	12276.152	12276.352	12277.399
3	29	1	1	261	2	6	5	21	6	2	8	1	1.2605805	51	12278.168	12278.768	12278.768	12278.968	12280.029
3	29	1	1	262	2	6	5	22	1	2	1	1	1.4067599	52	12280.784	12281.384	12281.384	12281.584	12282.791
3	29	1	1	263	2	6	5	23	5	2	7	1	0.85219407	53	12283.4	12284	12284	12284.2	12284.853
3	29	1	1	264	2	6	5	24	4	1	6	1	1.2836833	54	12286.017	12286.217	12286.217	12286.417	12287.501
3	29	1	1	265	2	6	5	25	3	1	3	1	1.2375926	55	12288.234	12288.434	12288.434	12288.634	12289.671
3	29	1	1	266	2	6	5	26	6	2	8	1	1.2199324	56	12290.45	12291.05	12291.05	12291.25	12292.27
3	29	1	1	267	2	6	5	27	1	2	1	1	1.4993491	57	12293.067	12293.667	12293.667	12293.867	12295.166
3	29	1	1	268	2	6	5	28	4	1	6	1	0.96944207	58	12295.685	12295.885	12295.885	12296.085	12296.854
3	29	1	1	269	2	6	5	29	5	2	7	1	0.97001591	59	12297.902	12298.502	12298.502	12298.702	12299.472
3	29	1	1	270	2	6	5	30	2	2	2	1	1.495589	60	12300.52	12301.12	12301.12	12301.32	12302.616
3	29	1	1	271	2	2	5	1	1	1	4	1	0.84636772	1	12331.2	12331.4	12331.4	12331.6	12332.246
3	29	1	1	272	2	2	5	2	1	2	4	1	0.51168524	2	12333.417	12334.017	12334.017	12334.217	12334.529
3	29	1	1	273	2	2	5	3	2	2	4	1	0.81167345	3	12336.034	12336.634	12336.634	12336.834	12337.446
3	29	1	1	274	2	2	5	4	2	2	4	1	0.63487946	4	12338.652	12339.252	12339.252	12339.452	12339.887
3	29	1	1	275	2	2	5	5	1	1	4	1	0.66668908	5	12341.269	12341.469	12341.469	12341.669	12342.135
3	29	1	1	276	2	2	5	6	5	1	5	1	0.58284787	6	12343.486	12343.686	12343.686	12343.886	12344.269
3	29	1	1	277	2	2	5	7	6	2	5	1	0.71788736	7	12345.704	12346.304	12346.304	12346.504	12347.022
3	29	1	1	278	2	2	5	8	3	2	4	1	0.80030655	8	12348.321	12348.921	12348.921	12349.121	12349.721
3	29	1	1	279	2	2	5	9	6	1	5	1	0.74769551	9	12350.938	12351.138	12351.138	12351.338	12351.885
3	29	1	1	280	2	2	5	10	5	1	5	1	0.65364796	10	12353.155	12353.355	12353.355	12353.555	12354.009
3	29	1	1	281	2	2	5	11	1	1	4	1	0.68242823	11	12355.373	12355.573	12355.573	12355.773	12356.256
3	29	1	1	282	2	2	5	12	1	1	4	1	1.1060901	12	12357.591	12357.791	12357.791	12357.991	12358.897
3	29	1	1	283	2	2	5	13	6	1	5	1	0.67641455	13	12359.809	12360.009	12360.009	12360.209	12360.685
3	29	1	1	284	2	2	5	14	3	1	4	1	0.61851445	14	12362.027	12362.227	12362.227	12362.427	12362.845
3	29	1	1	285	2	2	5	15	2	2	4	1	0.59429227	15	12364.246	12364.846	12364.846	12365.046	12365.44
3	29	1	1	286	2	2	5	16	4	1	5	1	0.68689227	16	12366.864	12367.064	12367.064	12367.264	12367.751
3	29	1	1	287	2	2	5	17	4	1	5	1	0.66263029	17	12369.082	12369.282	12369.282	12369.482	12369.945
3	29	1	1	288	2	2	5	18	6	2	5	1	0.78638245	18	12371.3	12371.9	12371.9	12372.1	12372.687
3	29	1	1	289	2	2	5	19	4	1	5	1	0.62387896	19	12373.918	12374.118	12374.118	12374.318	12374.742
3	29	1	1	290	2	2	5	20	5	2	5	1	0.5415011	20	12376.136	12376.736	12376.736	12376.936	12377.277
3	29	1	1	291	2	2	5	21	2	2	4	1	0.6584537	21	12378.754	12379.354	12379.354	12379.554	12380.012
3	29	1	1	292	2	2	5	22	3	2	4	1	0.65006023	22	12381.371	12381.971	12381.971	12382.171	12382.621
3	29	1	1	293	2	2	5	23	5	2	5	1	0.72172235	23	12383.991	12384.591	12384.591	12384.791	12385.312
3	29	1	1	294	2	2	5	24	2	1	4	1	0.94415332	24	12386.608	12386.808	12386.808	12387.008	12387.752
3	29	1	1	295	2	2	5	25	6	1	5	1	0.65190803	25	12388.827	12389.027	12389.027	12389.227	12389.679
3	29	1	1	296	2	2	5	26	5	2	5	1	0.93593954	26	12391.045	12391.645	12391.645	12391.845	12392.581
3	29	1	1	297	2	2	5	27	3	2	4	1	0.66072651	27	12393.664	12394.264	12394.264	12394.464	12394.924
3	29	1	1	298	2	2	5	28	4	1	5	1	0.68660091	28	12396.282	12396.482	12396.482	12396.682	12397.169
3	29	1	1	299	2	2	5	29	3	2	4	1	1.107852	29	12398.501	12399.101	12399.101	12399.301	12400.209
3	29	1	1	300	2	2	5	30	4	2	5	1	0.51568631	30	12401.121	12401.721	12401.721	12401.921	12402.237
3	29	1	1	301	2	6	6	1	1	1	1	1	1.0798949	31	12432.31	12432.51	12432.51	12432.71	12433.589
3	29	1	1	302	2	6	6	2	1	2	1	1	0.69220288	32	12434.528	12435.128	12435.128	12435.328	12435.821
3	29	1	1	303	2	6	6	3	2	2	2	1	1.3420416	33	12437.147	12437.747	12437.747	12437.947	12439.089
3	29	1	1	304	2	6	6	4	2	2	2	1	0.67424553	34	12439.765	12440.365	12440.365	12440.565	12441.04
3	29	1	1	305	2	6	6	5	1	1	1	1	0.77531339	35	12442.384	12442.584	12442.584	12442.784	12443.36
3	29	1	1	306	2	6	6	6	5	1	7	1	0.92650084	36	12444.602	12444.802	12444.802	12445.002	12445.729
3	29	1	1	307	2	6	6	7	6	2	8	1	0.87250602	37	12446.821	12447.421	12447.421	12447.621	12448.293
3	29	1	1	308	2	6	6	8	3	2	3	1	1.3512638	38	12449.439	12450.04	12450.04	12450.24	12451.391
3	29	1	1	309	2	6	6	9	6	1	8	1	1.0260064	39	12452.062	12452.262	12452.262	12452.462	12453.288
3	29	1	1	310	2	6	6	10	5	1	7	1	1.5096347	40	12454.281	12454.481	12454.481	12454.681	12455.991
3	29	1	1	311	2	6	6	11	1	1	1	1	1.5382977	41	12456.5	12456.7	12456.7	12456.9	12458.238
3	29	1	1	312	2	6	6	12	1	1	1	1	0.78597202	42	12458.718	12458.918	12458.918	12459.118	12459.704
3	29	1	1	313	2	6	6	13	6	1	8	1	1.1450768	43	12460.934	12461.134	12461.134	12461.334	12462.279
3	29	1	1	314	2	6	6	14	3	1	3	1	1.0289347	44	12463.154	12463.354	12463.354	12463.554	12464.383
3	29	1	1	315	2	6	6	15	2	2	7	0	0.89445748	44	12465.377	12465.977	12465.977	12466.177	12466.872
3	29	1	1	316	2	6	6	16	4	1	6	1	1.0365391	45	12467.996	12468.196	12468.196	12468.396	12469.232
3	29	1	1	317	2	6	6	17	4	1	6	1	0.70594548	46	12470.215	12470.415	12470.415	12470.615	12471.12
3	29	1	1	318	2	6	6	18	6	2	8	1	1.1318367	47	12472.434	12473.034	12473.034	12473.234	12474.166
3	29	1	1	319	2	6	6	19	4	1	6	1	1.1153326	48	12475.053	12475.253	12475.253	12475.453	12476.368
3	29	1	1	320	2	6	6	20	5	2	7	1	0.97184405	49	12477.273	12477.873	12477.873	12478.073	12478.845
3	29	1	1	321	2	6	6	21	2	2	2	1	1.3110045	50	12479.892	12480.492	12480.492	12480.692	12481.803
3	29	1	1	322	2	6	6	22	3	2	3	1	1.7833623	51	12482.511	12483.111	12483.111	12483.311	12484.895
3	29	1	1	323	2	6	6	23	5	2	7	1	1.1164689	52	12485.13	12485.73	12485.73	12485.93	12486.847
3	29	1	1	324	2	6	6	24	2	1	2	1	1.3388419	53	12487.749	12487.949	12487.949	12488.149	12489.288
3	29	1	1	325	2	6	6	25	6	1	8	1	1.3594027	54	12489.968	12490.168	12490.168	12490.368	12491.527
3	29	1	1	326	2	6	6	26	5	2	7	1	1.0504576	55	12492.186	12492.786	12492.786	12492.986	12493.837
3	29	1	1	327	2	6	6	27	3	2	3	1	1.3703136	56	12494.806	12495.406	12495.406	12495.606	12496.776
3	29	1	1	328	2	6	6	28	4	1	0	0	-12497.627	56	12497.427	12497.627	12497.627	12497.827	0
3	29	1	1	329	2	6	6	29	3	2	3	1	1.7703069	57	12499.647	12500.247	12500.247	12500.447	12502.017
3	29	1	1	330	2	6	6	30	4	2	6	1	0.86761532	58	12502.267	12502.867	12502.867	12503.067	12503.734
3	29	1	1	331	2	2	6	1	4	1	5	1	0.95577866	1	12532.949	12533.149	12533.149	12533.349	12534.104
3	29	1	1	332	2	2	6	2	1	2	4	1	0.65317319	2	12535.17	12535.77	12535.77	12535.97	12536.423
3	29	1	1	333	2	2	6	3	2	2	4	1	0.59061388	3	12537.79	12538.39	12538.39	12538.59	12538.981
3	29	1	1	334	2	2	6	4	5	2	5	1	0.72614046	4	12540.409	12541.009	12541.009	12541.209	12541.735
3	29	1	1	335	2	2	6	5	6	1	5	1	0.83923447	5	12543.029	12543.229	12543.229	12543.429	12544.068
3	29	1	1	336	2	2	6	6	1	1	4	1	0.70961356	6	12545.248	12545.449	12545.449	12545.649	12546.158
3	29	1	1	337	2	2	6	7	6	2	5	1	0.89680413	7	12547.468	12548.068	12548.068	12548.268	12548.965
3	29	1	1	338	2	2	6	8	6	2	5	1	0.62964369	8	12550.089	12550.689	12550.689	12550.889	12551.318
3	29	1	1	339	2	2	6	9	2	1	4	1	0.76039903	9	12552.708	12552.908	12552.908	12553.108	12553.669
3	29	1	1	340	2	2	6	10	6	1	5	1	0.90271486	10	12554.928	12555.128	12555.128	12555.328	12556.031
3	29	1	1	341	2	2	6	11	1	1	4	1	1.0327634	11	12557.151	12557.351	12557.351	12557.551	12558.384
3	29	1	1	342	2	2	6	12	3	1	4	1	0.83058046	12	12559.37	12559.57	12559.57	12559.77	12560.401
3	29	1	1	343	2	2	6	13	5	1	5	1	0.65756746	13	12561.591	12561.791	12561.791	12561.991	12562.449
3	29	1	1	344	2	2	6	14	2	1	4	1	0.80338633	14	12563.812	12564.012	12564.012	12564.212	12564.815
3	29	1	1	345	2	2	6	15	2	2	4	1	0.75786169	15	12566.032	12566.632	12566.632	12566.832	12567.39
3	29	1	1	346	2	2	6	16	3	1	4	1	0.65824584	16	12568.652	12568.852	12568.852	12569.052	12569.51
3	29	1	1	347	2	2	6	17	5	1	5	1	0.61323582	17	12570.872	12571.072	12571.072	12571.272	12571.685
3	29	1	1	348	2	2	6	18	4	2	5	1	0.70308358	18	12573.094	12573.694	12573.694	12573.894	12574.397
3	29	1	1	349	2	2	6	19	1	1	4	1	0.64216703	19	12575.715	12575.915	12575.915	12576.115	12576.557
3	29	1	1	350	2	2	6	20	4	2	5	1	0.63023433	20	12577.935	12578.535	12578.535	12578.735	12579.165
3	29	1	1	351	2	2	6	21	3	2	4	1	0.93072799	21	12580.555	12581.155	12581.155	12581.355	12582.086
3	29	1	1	352	2	2	6	22	4	2	5	1	1.0717218	22	12583.175	12583.775	12583.775	12583.975	12584.847
3	29	1	1	353	2	2	6	23	6	2	5	1	0.69950795	23	12585.795	12586.395	12586.395	12586.595	12587.095
3	29	1	1	354	2	2	6	24	5	1	5	1	1.1271941	24	12588.416	12588.616	12588.616	12588.816	12589.743
3	29	1	1	355	2	2	6	25	5	1	5	1	0.69856271	25	12590.636	12590.836	12590.836	12591.036	12591.535
3	29	1	1	356	2	2	6	26	2	2	4	1	0.87417532	26	12592.861	12593.461	12593.461	12593.661	12594.335
3	29	1	1	357	2	2	6	27	1	2	4	1	0.81933225	27	12595.481	12596.081	12596.081	12596.281	12596.9
3	29	1	1	358	2	2	6	28	4	1	5	1	1.0731257	28	12598.101	12598.301	12598.301	12598.501	12599.374
3	29	1	1	359	2	2	6	29	3	2	4	1	1.2725987	29	12600.324	12600.924	12600.924	12601.124	12602.196
3	29	1	1	360	2	2	6	30	3	2	4	1	0.70022852	30	12602.944	12603.544	12603.544	12603.744	12604.244
3	29	1	1	361	3	6	7	1	4	1	6	1	1.6642085	31	13491.884	13492.084	13492.084	13492.284	13493.749
3	29	1	1	362	3	6	7	2	1	2	1	1	0.90924102	32	13494.106	13494.706	13494.706	13494.906	13495.615
3	29	1	1	363	3	6	7	3	2	2	2	1	1.0334041	33	13496.726	13497.326	13497.326	13497.526	13498.359
3	29	1	1	364	3	6	7	4	5	2	7	1	1.1031524	34	13499.346	13499.946	13499.946	13500.146	13501.049
3	29	1	1	365	3	6	7	5	6	1	8	1	0.89409171	35	13501.967	13502.167	13502.167	13502.367	13503.061
3	29	1	1	366	3	6	7	6	1	1	1	1	1.7288483	36	13504.189	13504.389	13504.389	13504.589	13506.118
3	29	1	1	367	3	6	7	7	6	2	8	1	1.2355453	37	13506.41	13507.01	13507.01	13507.21	13508.245
3	29	1	1	368	3	6	7	8	6	2	8	1	0.78006217	38	13509.035	13509.635	13509.635	13509.835	13510.415
3	29	1	1	369	3	6	7	9	2	1	2	1	1.100655	39	13511.656	13511.856	13511.856	13512.056	13512.957
3	29	1	1	370	3	6	7	10	6	1	8	1	0.86377929	40	13513.877	13514.077	13514.077	13514.277	13514.941
3	29	1	1	371	3	6	7	11	1	1	1	1	1.8376619	41	13516.099	13516.299	13516.299	13516.499	13518.137
3	29	1	1	372	3	6	7	12	3	1	3	1	1.150034	42	13518.32	13518.52	13518.52	13518.72	13519.67
3	29	1	1	373	3	6	7	13	5	1	7	1	0.82680759	43	13520.542	13520.742	13520.742	13520.942	13521.568
3	29	1	1	374	3	6	7	14	2	1	2	1	0.91637821	44	13522.764	13522.964	13522.964	13523.164	13523.881
3	29	1	1	375	3	6	7	15	2	2	2	1	1.5955306	45	13524.989	13525.589	13525.589	13525.789	13527.185
3	29	1	1	376	3	6	7	16	3	1	3	1	1.2388424	46	13527.61	13527.81	13527.81	13528.01	13529.049
3	29	1	1	377	3	6	7	17	5	1	7	1	0.98428716	47	13529.831	13530.031	13530.031	13530.231	13531.015
3	29	1	1	378	3	6	7	18	4	2	6	1	1.2731669	48	13532.052	13532.652	13532.652	13532.852	13533.926
3	29	1	1	379	3	6	7	19	1	1	1	1	1.430713	49	13534.675	13534.875	13534.875	13535.075	13536.305
3	29	1	1	380	3	6	7	20	4	2	6	1	1.0703355	50	13536.897	13537.497	13537.497	13537.697	13538.567
3	29	1	1	381	3	6	7	21	3	2	3	1	1.3198644	51	13539.518	13540.118	13540.118	13540.318	13541.438
3	29	1	1	382	3	6	7	22	4	2	6	1	0.77037072	52	13542.14	13542.74	13542.74	13542.94	13543.51
3	29	1	1	383	3	6	7	23	6	2	8	1	1.4605172	53	13544.762	13545.362	13545.362	13545.562	13546.822
3	29	1	1	384	3	6	7	24	5	1	7	1	0.82923986	54	13547.383	13547.583	13547.583	13547.783	13548.413
3	29	1	1	385	3	6	7	25	5	1	7	1	0.6671531	55	13549.605	13549.805	13549.805	13550.005	13550.472
3	29	1	1	386	3	6	7	26	2	2	2	1	1.4819724	56	13551.829	13552.429	13552.429	13552.629	13553.911
3	29	1	1	387	3	6	7	27	1	2	1	1	1.0612353	57	13554.451	13555.051	13555.051	13555.251	13556.112
3	29	1	1	388	3	6	7	28	4	1	6	1	1.1307872	58	13557.075	13557.275	13557.275	13557.475	13558.406
3	29	1	1	389	3	6	7	29	3	2	3	1	1.3579114	59	13559.297	13559.897	13559.897	13560.097	13561.255
3	29	1	1	390	3	6	7	30	3	2	3	1	0.79071049	60	13561.919	13562.519	13562.519	13562.719	13563.31
3	29	1	1	391	3	2	7	1	6	1	5	1	0.63589339	1	13592.604	13592.804	13592.804	13593.004	13593.44
3	29	1	1	392	3	2	7	2	3	2	4	1	0.64310283	2	13594.827	13595.427	13595.427	13595.627	13596.07
3	29	1	1	393	3	2	7	3	5	2	5	1	0.60329053	3	13597.449	13598.049	13598.049	13598.249	13598.652
3	29	1	1	394	3	2	7	4	2	2	4	1	0.71195778	4	13600.071	13600.671	13600.671	13600.871	13601.383
3	29	1	1	395	3	2	7	5	4	1	5	1	0.68925758	5	13602.693	13602.893	13602.893	13603.093	13603.582
3	29	1	1	396	3	2	7	6	5	1	5	1	0.70773882	6	13604.916	13605.116	13605.116	13605.316	13605.824
3	29	1	1	397	3	2	7	7	4	2	5	1	0.48844941	7	13607.141	13607.741	13607.741	13607.941	13608.229
3	29	1	1	398	3	2	7	8	6	2	5	1	0.47424279	8	13609.764	13610.364	13610.364	13610.564	13610.838
3	29	1	1	399	3	2	7	9	2	1	4	1	0.65663735	9	13612.388	13612.588	13612.588	13612.788	13613.245
3	29	1	1	400	3	2	7	10	6	1	5	1	0.62890869	10	13614.61	13614.81	13614.81	13615.01	13615.439
3	29	1	1	401	3	2	7	11	2	1	4	1	0.70437306	11	13616.832	13617.032	13617.032	13617.232	13617.737
3	29	1	1	402	3	2	7	12	1	1	4	1	0.65353937	12	13619.057	13619.257	13619.257	13619.457	13619.91
3	29	1	1	403	3	2	7	13	3	1	4	1	0.5109832	13	13621.278	13621.478	13621.478	13621.678	13621.989
3	29	1	1	404	3	2	7	14	6	1	5	1	0.60039609	14	13623.501	13623.701	13623.701	13623.901	13624.301
3	29	1	1	405	3	2	7	15	4	2	5	1	0.60476807	15	13625.724	13626.324	13626.324	13626.524	13626.928
3	29	1	1	406	3	2	7	16	2	1	4	1	0.69682737	16	13628.348	13628.548	13628.548	13628.748	13629.244
3	29	1	1	407	3	2	7	17	4	1	5	1	0.72987231	17	13630.571	13630.771	13630.771	13630.971	13631.5
3	29	1	1	408	3	2	7	18	6	2	5	1	0.54140085	18	13632.793	13633.393	13633.393	13633.593	13633.934
3	29	1	1	409	3	2	7	19	3	1	4	1	0.70350359	19	13635.415	13635.615	13635.615	13635.815	13636.319
3	29	1	1	410	3	2	7	20	3	2	4	1	0.52093219	20	13637.638	13638.238	13638.238	13638.438	13638.759
3	29	1	1	411	3	2	7	21	5	2	5	1	0.57739844	21	13640.262	13640.862	13640.862	13641.062	13641.439
3	29	1	1	412	3	2	7	22	1	2	4	1	0.6322116	22	13642.886	13643.486	13643.486	13643.686	13644.118
3	29	1	1	413	3	2	7	23	2	2	4	1	0.51437126	23	13645.509	13646.109	13646.109	13646.309	13646.623
3	29	1	1	414	3	2	7	24	5	1	5	1	0.68205943	24	13648.132	13648.332	13648.332	13648.532	13649.014
3	29	1	1	415	3	2	7	25	1	1	4	1	0.65766537	25	13650.355	13650.555	13650.555	13650.755	13651.213
3	29	1	1	416	3	2	7	26	5	2	5	1	0.63847549	26	13652.579	13653.179	13653.179	13653.379	13653.817
3	29	1	1	417	3	2	7	27	1	2	4	1	0.60466541	27	13655.201	13655.801	13655.801	13656.001	13656.406
3	29	1	1	418	3	2	7	28	1	1	4	1	0.55180407	28	13657.825	13658.025	13658.025	13658.225	13658.577
3	29	1	1	419	3	2	7	29	4	2	5	1	0.55934128	29	13660.05	13660.65	13660.65	13660.85	13661.209
3	29	1	1	420	3	2	7	30	3	2	4	1	0.94271427	30	13662.679	13663.279	13663.279	13663.479	13664.222
3	29	1	1	421	3	6	8	1	6	1	8	1	1.2278762	31	13693.715	13693.915	13693.915	13694.115	13695.143
3	29	1	1	422	3	6	8	2	3	2	3	1	1.0602389	32	13695.938	13696.538	13696.538	13696.738	13697.599
3	29	1	1	423	3	6	8	3	5	2	7	1	0.80738484	33	13698.562	13699.162	13699.162	13699.362	13699.969
3	29	1	1	424	3	6	8	4	2	2	2	1	0.9492724	34	13701.185	13701.785	13701.785	13701.985	13702.734
3	29	1	1	425	3	6	8	5	4	1	3	0	1.1528243	34	13703.808	13704.008	13704.008	13704.208	13705.161
3	29	1	1	426	3	6	8	6	5	1	7	1	0.92957623	35	13706.032	13706.232	13706.232	13706.432	13707.161
3	29	1	1	427	3	6	8	7	4	2	6	1	0.68620174	36	13708.256	13708.856	13708.856	13709.056	13709.542
3	29	1	1	428	3	6	8	8	6	2	8	1	1.198317	37	13710.879	13711.479	13711.479	13711.679	13712.678
3	29	1	1	429	3	6	8	9	2	1	2	1	1.1205162	38	13713.503	13713.703	13713.703	13713.903	13714.824
3	29	1	1	430	3	6	8	10	6	1	8	1	0.93552099	39	13715.727	13715.927	13715.927	13716.127	13716.863
3	29	1	1	431	3	6	8	11	2	1	2	1	1.0961239	40	13717.951	13718.151	13718.151	13718.351	13719.247
3	29	1	1	432	3	6	8	12	1	1	1	1	1.1343155	41	13720.175	13720.375	13720.375	13720.575	13721.509
3	29	1	1	433	3	6	8	13	3	1	3	1	1.3429289	42	13722.399	13722.599	13722.599	13722.799	13723.942
3	29	1	1	434	3	6	8	14	6	1	8	1	1.2736374	43	13724.623	13724.824	13724.824	13725.024	13726.097
3	29	1	1	435	3	6	8	15	4	2	6	1	1.2389227	44	13726.847	13727.447	13727.447	13727.647	13728.686
3	29	1	1	436	3	6	8	16	2	1	2	1	1.3660152	45	13729.472	13729.672	13729.672	13729.872	13731.038
3	29	1	1	437	3	6	8	17	4	1	6	1	0.96460376	46	13731.699	13731.899	13731.899	13732.099	13732.863
3	29	1	1	438	3	6	8	18	6	2	8	1	0.87761675	47	13733.923	13734.523	13734.523	13734.723	13735.4
3	29	1	1	439	3	6	8	19	3	1	3	1	1.088715	48	13736.548	13736.748	13736.748	13736.948	13737.837
3	29	1	1	440	3	6	8	20	3	2	3	1	1.0371087	49	13738.77	13739.37	13739.37	13739.57	13740.407
3	29	1	1	441	3	6	8	21	5	2	7	1	0.90334641	50	13741.399	13741.999	13741.999	13742.199	13742.902
3	29	1	1	442	3	6	8	22	1	2	1	1	1.3560056	51	13744.025	13744.625	13744.625	13744.825	13745.981
3	29	1	1	443	3	6	8	23	2	2	2	1	1.1112153	52	13746.648	13747.248	13747.248	13747.448	13748.359
3	29	1	1	444	3	6	8	24	5	1	7	1	0.94826023	53	13749.272	13749.472	13749.472	13749.672	13750.42
3	29	1	1	445	3	6	8	25	1	1	1	1	1.1406975	54	13751.497	13751.697	13751.697	13751.897	13752.837
3	29	1	1	446	3	6	8	26	5	2	7	1	0.91779343	55	13753.722	13754.322	13754.322	13754.522	13755.24
3	29	1	1	447	3	6	8	27	1	2	1	1	1.3705715	56	13756.35	13756.95	13756.95	13757.15	13758.32
3	29	1	1	448	3	6	8	28	1	1	1	1	0.82690155	57	13758.974	13759.174	13759.174	13759.374	13760.001
3	29	1	1	449	3	6	8	29	4	2	6	1	1.0500064	58	13761.198	13761.798	13761.798	13761.998	13762.848
3	29	1	1	450	3	6	8	30	3	2	3	1	1.5150839	59	13763.822	13764.422	13764.422	13764.622	13765.937
3	29	1	1	451	3	2	8	1	1	1	4	1	1.3232241	1	13794.514	13794.714	13794.714	13794.914	13796.037
3	29	1	1	452	3	2	8	2	5	2	5	1	0.53134766	2	13796.739	13797.339	13797.339	13797.539	13797.87
3	29	1	1	453	3	2	8	3	1	2	4	1	0.69008975	3	13799.364	13799.964	13799.964	13800.164	13800.654
3	29	1	1	454	3	2	8	4	6	2	5	1	0.61181183	4	13801.988	13802.588	13802.588	13802.788	13803.2
3	29	1	1	455	3	2	8	5	3	1	4	1	0.58720067	5	13804.613	13804.813	13804.813	13805.013	13805.4
3	29	1	1	456	3	2	8	6	1	1	4	1	0.55648583	6	13806.838	13807.038	13807.038	13807.238	13807.594
3	29	1	1	457	3	2	8	7	4	2	5	1	0.57709114	7	13809.064	13809.664	13809.664	13809.864	13810.241
3	29	1	1	458	3	2	8	8	3	2	4	1	0.664351	8	13811.689	13812.289	13812.289	13812.489	13812.953
3	29	1	1	459	3	2	8	9	2	1	4	1	0.62741485	9	13814.314	13814.514	13814.514	13814.714	13815.141
3	29	1	1	460	3	2	8	10	4	1	5	1	0.48220454	10	13816.539	13816.739	13816.739	13816.939	13817.221
3	29	1	1	461	3	2	8	11	3	1	4	1	0.78581247	11	13818.764	13818.964	13818.964	13819.164	13819.749
3	29	1	1	462	3	2	8	12	2	1	4	1	0.6846171	12	13820.988	13821.188	13821.188	13821.388	13821.873
3	29	1	1	463	3	2	8	13	1	1	4	1	0.58604587	13	13823.214	13823.414	13823.414	13823.614	13824
3	29	1	1	464	3	2	8	14	1	1	4	1	0.48632142	14	13825.438	13825.638	13825.638	13825.838	13826.125
3	29	1	1	465	3	2	8	15	5	2	5	1	0.51027123	15	13827.664	13828.264	13828.264	13828.464	13828.774
3	29	1	1	466	3	2	8	16	2	1	4	1	0.6436207	16	13830.289	13830.489	13830.489	13830.689	13831.133
3	29	1	1	467	3	2	8	17	5	1	5	1	0.66711458	17	13832.514	13832.714	13832.714	13832.914	13833.381
3	29	1	1	468	3	2	8	18	3	2	4	1	0.61367874	18	13834.744	13835.344	13835.344	13835.544	13835.958
3	29	1	1	469	3	2	8	19	4	1	5	1	0.64580661	19	13837.369	13837.569	13837.569	13837.769	13838.215
3	29	1	1	470	3	2	8	20	5	2	5	1	0.54000528	20	13839.594	13840.194	13840.194	13840.394	13840.734
3	29	1	1	471	3	2	8	21	2	2	4	1	0.55037462	21	13842.219	13842.819	13842.819	13843.019	13843.369
3	29	1	1	472	3	2	8	22	6	2	5	1	0.65717011	22	13844.844	13845.444	13845.444	13845.644	13846.101
3	29	1	1	473	3	2	8	23	3	2	4	1	0.71989099	23	13847.469	13848.069	13848.069	13848.269	13848.789
3	29	1	1	474	3	2	8	24	6	1	5	1	0.66385711	24	13850.095	13850.295	13850.295	13850.495	13850.959
3	29	1	1	475	3	2	8	25	6	1	5	1	0.66912987	25	13852.327	13852.527	13852.527	13852.727	13853.196
3	29	1	1	476	3	2	8	26	5	2	5	1	0.77957298	26	13854.553	13855.153	13855.153	13855.353	13855.933
3	29	1	1	477	3	2	8	27	2	2	4	1	0.98816206	27	13857.178	13857.778	13857.778	13857.978	13858.766
3	29	1	1	478	3	2	8	28	6	1	5	1	0.81716188	28	13859.805	13860.005	13860.005	13860.205	13860.822
3	29	1	1	479	3	2	8	29	4	2	5	1	1.2009686	29	13862.03	13862.63	13862.63	13862.83	13863.831
3	29	1	1	480	3	2	8	30	4	2	5	1	0.69397703	30	13864.656	13865.256	13865.256	13865.456	13865.95
3	29	1	1	481	3	6	9	1	1	1	1	1	0.89754339	31	13895.604	13895.804	13895.804	13896.004	13896.701
3	29	1	1	482	3	6	9	2	5	2	7	1	0.88868012	32	13897.83	13898.43	13898.43	13898.63	13899.319
3	29	1	1	483	3	6	9	3	1	2	1	1	0.98371403	33	13900.456	13901.056	13901.056	13901.256	13902.039
3	29	1	1	484	3	6	9	4	6	2	8	1	0.94070616	34	13903.082	13903.682	13903.682	13903.882	13904.623
3	29	1	1	485	3	6	9	5	3	1	3	1	0.91217211	35	13905.71	13905.91	13905.91	13906.11	13906.822
3	29	1	1	486	3	6	9	6	1	1	1	1	0.90556381	36	13907.936	13908.136	13908.136	13908.336	13909.041
3	29	1	1	487	3	6	9	7	4	2	6	1	0.67445099	37	13910.162	13910.762	13910.762	13910.962	13911.437
3	29	1	1	488	3	6	9	8	3	2	3	1	1.1484912	38	13912.788	13913.388	13913.388	13913.588	13914.536
3	29	1	1	489	3	6	9	9	2	1	2	1	0.83150336	39	13915.414	13915.614	13915.614	13915.814	13916.445
3	29	1	1	490	3	6	9	10	4	1	6	1	0.94949612	40	13917.64	13917.84	13917.84	13918.04	13918.79
3	29	1	1	491	3	6	9	11	3	1	3	1	1.0453476	41	13919.866	13920.066	13920.066	13920.266	13921.112
3	29	1	1	492	3	6	9	12	2	1	2	1	1.320907	42	13922.092	13922.292	13922.292	13922.492	13923.613
3	29	1	1	493	3	6	9	13	1	1	6	0	0.76725938	42	13924.318	13924.518	13924.518	13924.718	13925.286
3	29	1	1	494	3	6	9	14	1	1	1	1	0.73101195	43	13926.548	13926.748	13926.748	13926.948	13927.479
3	29	1	1	495	3	6	9	15	5	2	7	1	0.80060177	44	13928.774	13929.374	13929.374	13929.574	13930.175
3	29	1	1	496	3	6	9	16	2	1	2	1	1.2086944	45	13931.4	13931.6	13931.6	13931.8	13932.809
3	29	1	1	497	3	6	9	17	5	1	6	0	0.78207369	45	13933.627	13933.827	13933.827	13934.027	13934.609
3	29	1	1	498	3	6	9	18	3	2	3	1	1.0518029	46	13935.853	13936.453	13936.453	13936.653	13937.505
3	29	1	1	499	3	6	9	19	4	1	6	1	1.1475091	47	13938.483	13938.683	13938.683	13938.883	13939.83
3	29	1	1	500	3	6	9	20	5	2	7	1	1.0428644	48	13940.709	13941.309	13941.309	13941.509	13942.352
3	29	1	1	501	3	6	9	21	2	2	2	1	1.0653542	49	13943.335	13943.935	13943.935	13944.135	13945.001
3	29	1	1	502	3	6	9	22	6	2	8	1	1.0784726	50	13945.961	13946.561	13946.561	13946.761	13947.64
3	29	1	1	503	3	6	9	23	3	2	3	1	1.468046	51	13948.588	13949.188	13949.188	13949.388	13950.656
3	29	1	1	504	3	6	9	24	6	1	8	1	1.3844664	52	13951.215	13951.415	13951.415	13951.615	13952.8
3	29	1	1	505	3	6	9	25	6	1	8	1	0.76528305	53	13953.442	13953.642	13953.642	13953.842	13954.408
3	29	1	1	506	3	6	9	26	5	2	7	1	1.1895922	54	13955.672	13956.272	13956.272	13956.472	13957.462
3	29	1	1	507	3	6	9	27	2	2	3	0	1.2195124	54	13958.299	13958.899	13958.899	13959.099	13960.118
3	29	1	1	508	3	6	9	28	6	1	8	1	1.347267	55	13960.925	13961.125	13961.125	13961.325	13962.472
3	29	1	1	509	3	6	9	29	4	2	6	1	1.0180754	56	13963.155	13963.755	13963.755	13963.955	13964.773
3	29	1	1	510	3	6	9	30	4	2	6	1	0.60968161	57	13965.782	13966.382	13966.382	13966.582	13966.992
3	29	1	1	511	3	2	9	1	1	1	4	1	0.71160494	1	13996.474	13996.674	13996.674	13996.874	13997.385
3	29	1	1	512	3	2	9	2	3	2	4	1	0.59206598	2	13998.704	13999.304	13999.304	13999.504	13999.896
3	29	1	1	513	3	2	9	3	1	2	4	1	0.49209613	3	14001.331	14001.931	14001.932	14002.132	14002.424
3	29	1	1	514	3	2	9	4	2	2	4	1	0.58111179	4	14003.961	14004.561	14004.561	14004.761	14005.142
3	29	1	1	515	3	2	9	5	3	1	4	1	0.61053377	5	14006.588	14006.788	14006.788	14006.988	14007.398
3	29	1	1	516	3	2	9	6	3	1	4	1	0.51023388	6	14008.816	14009.016	14009.016	14009.216	14009.526
3	29	1	1	517	3	2	9	7	6	2	5	1	0.51362157	7	14011.043	14011.643	14011.643	14011.843	14012.157
3	29	1	1	518	3	2	9	8	6	2	5	1	0.52662447	8	14013.671	14014.271	14014.271	14014.471	14014.797
3	29	1	1	519	3	2	9	9	6	1	5	1	0.73187207	9	14016.3	14016.5	14016.5	14016.7	14017.231
3	29	1	1	520	3	2	9	10	4	1	5	1	0.64784866	10	14018.527	14018.727	14018.727	14018.927	14019.374
3	29	1	1	521	3	2	9	11	4	1	5	1	0.50192885	11	14020.754	14020.954	14020.954	14021.154	14021.456
3	29	1	1	522	3	2	9	12	1	1	4	1	0.90511776	12	14022.981	14023.181	14023.181	14023.381	14024.086
3	29	1	1	523	3	2	9	13	4	1	5	1	0.89237081	13	14025.209	14025.409	14025.409	14025.609	14026.301
3	29	1	1	524	3	2	9	14	5	1	5	1	0.73853818	14	14027.436	14027.636	14027.636	14027.836	14028.375
3	29	1	1	525	3	2	9	15	1	2	4	1	0.97514919	15	14029.664	14030.264	14030.264	14030.464	14031.239
3	29	1	1	526	3	2	9	16	6	1	5	1	0.70680904	16	14032.298	14032.498	14032.498	14032.698	14033.205
3	29	1	1	527	3	2	9	17	6	1	5	1	0.66918791	17	14034.528	14034.728	14034.728	14034.928	14035.397
3	29	1	1	528	3	2	9	18	2	2	4	1	0.69749696	18	14036.756	14037.356	14037.356	14037.556	14038.054
3	29	1	1	529	3	2	9	19	2	1	4	1	0.88930558	19	14039.384	14039.584	14039.584	14039.784	14040.473
3	29	1	1	530	3	2	9	20	3	2	4	1	0.75104068	20	14041.613	14042.213	14042.213	14042.413	14042.964
3	29	1	1	531	3	2	9	21	2	2	4	1	0.62363079	21	14044.242	14044.842	14044.842	14045.042	14045.465
3	29	1	1	532	3	2	9	22	5	2	5	1	0.76596301	22	14046.873	14047.473	14047.473	14047.673	14048.239
3	29	1	1	533	3	2	9	23	4	2	5	1	0.69710102	23	14049.5	14050.1	14050.1	14050.3	14050.797
3	29	1	1	534	3	2	9	24	1	1	4	1	0.92096814	24	14052.134	14052.334	14052.334	14052.534	14053.255
3	29	1	1	535	3	2	9	25	4	1	5	1	1.004954	25	14054.362	14054.562	14054.562	14054.762	14055.567
3	29	1	1	536	3	2	9	26	5	2	5	1	1.0420914	26	14056.59	14057.19	14057.19	14057.39	14058.233
3	29	1	1	537	3	2	9	27	3	2	4	1	1.3188104	27	14059.218	14059.818	14059.818	14060.018	14061.137
3	29	1	1	538	3	2	9	28	2	1	4	1	0.63559074	28	14061.847	14062.047	14062.047	14062.247	14062.682
3	29	1	1	539	3	2	9	29	5	2	5	1	1.0914991	29	14064.075	14064.675	14064.675	14064.875	14065.766
3	29	1	1	540	3	2	9	30	5	2	5	1	0.85838186	30	14066.702	14067.302	14067.302	14067.502	14068.161
3	29	1	1	541	4	6	10	1	1	1	1	1	0.79343532	31	14632.027	14632.227	14632.227	14632.427	14633.021
3	29	1	1	542	4	6	10	2	3	2	3	1	1.2086792	32	14634.256	14634.856	14634.856	14635.056	14636.065
3	29	1	1	543	4	6	10	3	1	2	1	1	0.74833993	33	14636.885	14637.485	14637.485	14637.685	14638.233
3	29	1	1	544	4	6	10	4	2	2	2	1	1.1107541	34	14639.514	14640.114	14640.114	14640.314	14641.224
3	29	1	1	545	4	6	10	5	3	1	3	1	1.0260319	35	14642.143	14642.343	14642.343	14642.543	14643.369
3	29	1	1	546	4	6	10	6	3	1	3	1	0.81212638	36	14644.372	14644.572	14644.572	14644.772	14645.384
3	29	1	1	547	4	6	10	7	6	2	8	1	1.0454692	37	14646.601	14647.201	14647.201	14647.401	14648.246
3	29	1	1	548	4	6	10	8	6	2	8	1	0.72846739	38	14649.229	14649.829	14649.829	14650.029	14650.558
3	29	1	1	549	4	6	10	9	6	1	8	1	0.71394334	39	14651.859	14652.059	14652.059	14652.259	14652.773
3	29	1	1	550	4	6	10	10	4	1	6	1	1.4721235	40	14654.087	14654.287	14654.287	14654.487	14655.76
3	29	1	1	551	4	6	10	11	4	1	6	1	0.71368828	41	14656.319	14656.519	14656.519	14656.719	14657.232
3	29	1	1	552	4	6	10	12	1	1	1	1	1.2413423	42	14658.547	14658.747	14658.747	14658.947	14659.988
3	29	1	1	553	4	6	10	13	4	1	6	1	0.93045596	43	14660.779	14660.979	14660.979	14661.179	14661.909
3	29	1	1	554	4	6	10	14	5	1	7	1	0.87549174	44	14663.008	14663.208	14663.208	14663.408	14664.083
3	29	1	1	555	4	6	10	15	1	2	1	1	1.1438067	45	14665.237	14665.837	14665.837	14666.037	14666.981
3	29	1	1	556	4	6	10	16	6	1	8	1	1.4681026	46	14667.866	14668.066	14668.066	14668.266	14669.534
3	29	1	1	557	4	6	10	17	6	1	8	1	1.0960346	47	14670.095	14670.295	14670.295	14670.495	14671.391
3	29	1	1	558	4	6	10	18	2	2	2	1	1.0315255	48	14672.324	14672.924	14672.924	14673.124	14673.956
3	29	1	1	559	4	6	10	19	2	1	2	1	0.76683931	49	14674.953	14675.153	14675.153	14675.353	14675.92
3	29	1	1	560	4	6	10	20	3	2	3	1	1.1932301	50	14677.182	14677.782	14677.782	14677.982	14678.975
3	29	1	1	561	4	6	10	21	2	2	2	1	1.1384357	51	14679.812	14680.412	14680.412	14680.612	14681.551
3	29	1	1	562	4	6	10	22	5	2	7	1	1.0949513	52	14682.443	14683.043	14683.043	14683.243	14684.138
3	29	1	1	563	4	6	10	23	4	2	6	1	1.5046418	53	14685.072	14685.672	14685.672	14685.872	14687.177
3	29	1	1	564	4	6	10	24	1	1	1	1	1.0270933	54	14687.701	14687.901	14687.901	14688.101	14688.929
3	29	1	1	565	4	6	10	25	4	1	6	1	0.90697032	55	14689.933	14690.133	14690.133	14690.333	14691.04
3	29	1	1	566	4	6	10	26	5	2	1	0	0.88530487	55	14692.163	14692.763	14692.763	14692.963	14693.648
3	29	1	1	567	4	6	10	27	3	2	3	1	1.1007335	56	14694.792	14695.392	14695.392	14695.592	14696.493
3	29	1	1	568	4	6	10	28	2	1	2	1	1.4735828	57	14697.422	14697.622	14697.622	14697.822	14699.095
3	29	1	1	569	4	6	10	29	5	2	7	1	0.93370097	58	14699.651	14700.251	14700.251	14700.451	14701.185
3	29	1	1	570	4	6	10	30	5	2	7	1	0.77716357	59	14702.28	14702.88	14702.88	14703.08	14703.658
3	29	1	1	571	4	2	10	1	1	1	4	1	0.6260367	1	14733.156	14733.356	14733.356	14733.556	14733.982
3	29	1	1	572	4	2	10	2	3	2	4	1	0.52001772	2	14735.389	14735.989	14735.989	14736.189	14736.509
3	29	1	1	573	4	2	10	3	2	2	4	1	0.68574513	3	14738.019	14738.619	14738.619	14738.819	14739.305
3	29	1	1	574	4	2	10	4	5	2	5	1	0.77825481	4	14740.649	14741.249	14741.249	14741.449	14742.027
3	29	1	1	575	4	2	10	5	4	1	5	1	0.81650446	5	14743.278	14743.478	14743.478	14743.678	14744.294
3	29	1	1	576	4	2	10	6	6	1	5	1	1.7049309	6	14745.51	14745.71	14745.71	14745.91	14747.415
3	29	1	1	577	4	2	10	7	3	2	4	1	0.71459318	7	14747.74	14748.34	14748.34	14748.54	14749.054
3	29	1	1	578	4	2	10	8	5	2	5	1	0.87797599	8	14750.369	14750.969	14750.969	14751.169	14751.847
3	29	1	1	579	4	2	10	9	4	1	5	1	0.92536148	9	14752.999	14753.199	14753.199	14753.399	14754.125
3	29	1	1	580	4	2	10	10	3	1	4	1	1.0409749	10	14755.229	14755.429	14755.429	14755.629	14756.47
3	29	1	1	581	4	2	10	11	2	1	4	1	0.88122501	11	14757.46	14757.66	14757.66	14757.86	14758.541
3	29	1	1	582	4	2	10	12	6	1	5	1	1.1066962	12	14759.69	14759.89	14759.89	14760.09	14760.997
3	29	1	1	583	4	2	10	13	2	1	4	1	1.1032106	13	14761.92	14762.12	14762.12	14762.32	14763.223
3	29	1	1	584	4	2	10	14	1	1	4	1	0.68825739	14	14764.151	14764.351	14764.351	14764.551	14765.039
3	29	1	1	585	4	2	10	15	3	2	4	1	0.71778222	15	14766.386	14766.986	14766.986	14767.186	14767.704
3	29	1	1	586	4	2	10	16	6	1	5	1	0.77487239	16	14769.015	14769.215	14769.215	14769.415	14769.99
3	29	1	1	587	4	2	10	17	6	1	5	1	0.79291523	17	14771.245	14771.445	14771.445	14771.645	14772.238
3	29	1	1	588	4	2	10	18	5	2	5	1	0.51644025	18	14773.475	14774.075	14774.075	14774.275	14774.591
3	29	1	1	589	4	2	10	19	4	1	5	1	0.78882	19	14776.105	14776.305	14776.305	14776.505	14777.094
3	29	1	1	590	4	2	10	20	1	2	4	1	1.0650323	20	14778.336	14778.936	14778.936	14779.136	14780.001
3	29	1	1	591	4	2	10	21	5	2	5	1	0.71248102	21	14780.966	14781.566	14781.566	14781.766	14782.279
3	29	1	1	592	4	2	10	22	5	2	5	1	0.73201655	22	14783.597	14784.197	14784.197	14784.397	14784.929
3	29	1	1	593	4	2	10	23	6	2	5	1	0.8147013	23	14786.226	14786.826	14786.826	14787.026	14787.641
3	29	1	1	594	4	2	10	24	4	1	5	1	1.3488489	24	14788.859	14789.059	14789.059	14789.259	14790.408
3	29	1	1	595	4	2	10	25	1	1	4	1	1.2672223	25	14791.09	14791.29	14791.29	14791.49	14792.557
3	29	1	1	596	4	2	10	26	4	2	5	1	0.77273865	26	14793.32	14793.92	14793.92	14794.12	14794.693
3	29	1	1	597	4	2	10	27	2	2	4	1	1.0079921	27	14795.952	14796.552	14796.552	14796.752	14797.56
3	29	1	1	598	4	2	10	28	2	1	4	1	0.88711837	28	14798.583	14798.783	14798.783	14798.983	14799.67
3	29	1	1	599	4	2	10	29	1	2	4	1	0.87162248	29	14800.815	14801.415	14801.415	14801.615	14802.286
3	29	1	1	600	4	2	10	30	3	2	4	1	0.48002941	30	14803.445	14804.045	14804.045	14804.245	14804.525
3	29	1	1	601	4	6	11	1	1	1	1	1	0.97145395	31	14834.317	14834.517	14834.517	14834.717	14835.488
3	29	1	1	602	4	6	11	2	3	2	3	1	1.410524	32	14836.548	14837.148	14837.148	14837.348	14838.559
3	29	1	1	603	4	6	11	3	2	2	2	1	1.747186	33	14839.179	14839.779	14839.779	14839.979	14841.527
3	29	1	1	604	4	6	11	4	5	2	7	1	1.0205518	34	14841.81	14842.41	14842.41	14842.61	14843.431
3	29	1	1	605	4	6	11	5	4	1	6	1	1.1695686	35	14844.445	14844.645	14844.645	14844.845	14845.814
3	29	1	1	606	4	6	11	6	6	1	0	0	-14846.876	35	14846.676	14846.876	14846.876	14847.076	0
3	29	1	1	607	4	6	11	7	3	2	3	1	1.8124515	36	14848.906	14849.506	14849.506	14849.706	14851.319
3	29	1	1	608	4	6	11	8	5	2	7	1	0.87782959	37	14851.538	14852.138	14852.138	14852.338	14853.016
3	29	1	1	609	4	6	11	9	4	1	6	1	1.9465902	38	14854.171	14854.371	14854.371	14854.571	14856.317
3	29	1	1	610	4	6	11	10	3	1	3	1	1.0597972	39	14856.402	14856.602	14856.602	14856.802	14857.662
3	29	1	1	611	4	6	11	11	2	1	2	1	1.1240055	40	14858.633	14858.833	14858.833	14859.033	14859.957
3	29	1	1	612	4	6	11	12	6	1	8	1	1.0511328	41	14860.866	14861.066	14861.066	14861.266	14862.117
3	29	1	1	613	4	6	11	13	2	1	2	1	1.2082575	42	14863.097	14863.297	14863.297	14863.497	14864.505
3	29	1	1	614	4	6	11	14	1	1	1	1	1.8254549	43	14865.328	14865.528	14865.528	14865.728	14867.353
3	29	1	1	615	4	6	11	15	3	2	3	1	1.6404072	44	14867.564	14868.164	14868.164	14868.364	14869.804
3	29	1	1	616	4	6	11	16	6	1	8	1	1.9974972	45	14870.194	14870.394	14870.394	14870.594	14872.392
3	29	1	1	617	4	6	11	17	6	1	8	1	0.65170542	46	14872.426	14872.626	14872.626	14872.826	14873.278
3	29	1	1	618	4	6	11	18	5	2	7	1	1.0047339	47	14874.658	14875.258	14875.258	14875.458	14876.263
3	29	1	1	619	4	6	11	19	4	1	6	1	1.4151155	48	14877.29	14877.49	14877.49	14877.69	14878.905
3	29	1	1	620	4	6	11	20	1	2	1	1	0.83435452	49	14879.525	14880.125	14880.125	14880.325	14880.96
3	29	1	1	621	4	6	11	21	5	2	7	1	0.84733805	50	14882.159	14882.759	14882.759	14882.959	14883.606
3	29	1	1	622	4	6	11	22	5	2	7	1	0.92830554	51	14884.79	14885.39	14885.39	14885.59	14886.318
3	29	1	1	623	4	6	11	23	6	2	8	1	1.0580141	52	14887.421	14888.021	14888.021	14888.221	14889.079
3	29	1	1	624	4	6	11	24	4	1	6	1	1.5783126	53	14890.053	14890.253	14890.253	14890.453	14891.832
3	29	1	1	625	4	6	11	25	1	1	2	0	1.6751248	53	14892.285	14892.485	14892.485	14892.685	14894.16
3	29	1	1	626	4	6	11	26	4	2	6	1	1.2650676	54	14894.518	14895.118	14895.118	14895.318	14896.383
3	29	1	1	627	4	6	11	27	2	2	3	0	1.9972349	54	14897.15	14897.75	14897.75	14897.95	14899.747
3	29	1	1	628	4	6	11	28	2	1	2	1	0.90083797	55	14899.782	14899.982	14899.982	14900.182	14900.883
3	29	1	1	629	4	6	11	29	1	2	1	1	1.8514863	56	14902.014	14902.614	14902.614	14902.814	14904.465
3	29	1	1	630	4	6	11	30	3	2	3	1	1.0923613	57	14904.648	14905.248	14905.248	14905.448	14906.34
3	29	1	1	631	4	2	11	1	6	1	5	1	0.87832638	1	14935.347	14935.547	14935.547	14935.747	14936.425
3	29	1	1	632	4	2	11	2	1	2	4	1	0.68587796	2	14937.579	14938.179	14938.179	14938.379	14938.865
3	29	1	1	633	4	2	11	3	2	2	4	1	1.1485793	3	14940.211	14940.811	14940.811	14941.011	14941.959
3	29	1	1	634	4	2	11	4	5	2	5	1	0.97101412	4	14942.842	14943.442	14943.442	14943.642	14944.413
3	29	1	1	635	4	2	11	5	1	1	4	1	0.87274761	5	14945.474	14945.674	14945.674	14945.874	14946.547
3	29	1	1	636	4	2	11	6	1	1	4	1	0.74252074	6	14947.707	14947.907	14947.907	14948.107	14948.65
3	29	1	1	637	4	2	11	7	4	2	5	1	0.61941978	7	14949.939	14950.539	14950.539	14950.739	14951.159
3	29	1	1	638	4	2	11	8	3	2	4	1	0.72143947	8	14952.571	14953.171	14953.171	14953.371	14953.893
3	29	1	1	639	4	2	11	9	5	1	5	1	0.93728035	9	14955.204	14955.404	14955.404	14955.604	14956.341
3	29	1	1	640	4	2	11	10	6	1	5	1	0.80048457	10	14957.437	14957.637	14957.637	14957.837	14958.437
3	29	1	1	641	4	2	11	11	4	1	5	1	0.70614162	11	14959.67	14959.87	14959.87	14960.07	14960.576
3	29	1	1	642	4	2	11	12	1	1	4	1	0.87880778	12	14961.902	14962.102	14962.102	14962.302	14962.981
3	29	1	1	643	4	2	11	13	6	1	5	1	0.77444396	13	14964.135	14964.335	14964.335	14964.535	14965.109
3	29	1	1	644	4	2	11	14	5	1	5	1	1.098983	14	14966.371	14966.571	14966.571	14966.771	14967.67
3	29	1	1	645	4	2	11	15	2	2	4	1	0.70607386	15	14968.603	14969.203	14969.203	14969.403	14969.909
3	29	1	1	646	4	2	11	16	4	1	5	1	0.82074112	16	14971.236	14971.436	14971.436	14971.636	14972.257
3	29	1	1	647	4	2	11	17	1	1	4	1	1.1805414	17	14973.469	14973.669	14973.669	14973.869	14974.849
3	29	1	1	648	4	2	11	18	2	2	4	1	0.91825146	18	14975.708	14976.308	14976.308	14976.508	14977.226
3	29	1	1	649	4	2	11	19	3	1	4	1	0.63476654	19	14978.341	14978.541	14978.541	14978.741	14979.176
3	29	1	1	650	4	2	11	20	4	2	5	1	0.7036332	20	14980.574	14981.174	14981.174	14981.374	14981.877
3	29	1	1	651	4	2	11	21	4	2	5	1	0.55865038	21	14983.21	14983.81	14983.81	14984.01	14984.369
3	29	1	1	652	4	2	11	22	3	2	4	1	0.97521245	22	14985.848	14986.448	14986.448	14986.648	14987.423
3	29	1	1	653	4	2	11	23	6	2	4	0	1.0050787	22	14988.482	14989.082	14989.082	14989.282	14990.087
3	29	1	1	654	4	2	11	24	5	1	5	1	0.84506833	23	14991.114	14991.314	14991.314	14991.514	14992.159
3	29	1	1	655	4	2	11	25	3	1	4	1	0.69619274	24	14993.348	14993.548	14993.548	14993.748	14994.244
3	29	1	1	656	4	2	11	26	3	2	4	1	0.95647939	25	14995.581	14996.181	14996.181	14996.381	14997.138
3	29	1	1	657	4	2	11	27	2	2	4	1	0.87191938	26	14998.214	14998.814	14998.814	14999.014	14999.686
3	29	1	1	658	4	2	11	28	5	1	5	1	1.0536291	27	15000.85	15001.05	15001.05	15001.25	15002.103
3	29	1	1	659	4	2	11	29	6	2	5	1	0.85206261	28	15003.083	15003.683	15003.683	15003.883	15004.535
3	29	1	1	660	4	2	11	30	2	2	4	1	0.85681861	29	15005.717	15006.317	15006.317	15006.517	15007.174
3	29	1	1	661	4	6	12	1	6	1	8	1	0.868107	30	15036.426	15036.626	15036.626	15036.826	15037.494
3	29	1	1	662	4	6	12	2	1	2	1	1	1.3241484	31	15038.659	15039.259	15039.259	15039.459	15040.583
3	29	1	1	663	4	6	12	3	2	2	2	1	1.2800872	32	15041.293	15041.893	15041.893	15042.093	15043.173
3	29	1	1	664	4	6	12	4	5	2	7	1	1.1859733	33	15043.926	15044.526	15044.526	15044.726	15045.712
3	29	1	1	665	4	6	12	5	1	1	1	1	1.3736977	34	15046.56	15046.76	15046.76	15046.96	15048.133
3	29	1	1	666	4	6	12	6	1	1	1	1	0.9290509	35	15048.795	15048.995	15048.995	15049.195	15049.924
3	29	1	1	667	4	6	12	7	4	2	6	1	0.95088465	36	15051.032	15051.632	15051.632	15051.832	15052.583
3	29	1	1	668	4	6	12	8	3	2	3	1	1.5189563	37	15053.665	15054.265	15054.265	15054.465	15055.784
3	29	1	1	669	4	6	12	9	5	1	7	1	1.003187	38	15056.302	15056.502	15056.502	15056.702	15057.505
3	29	1	1	670	4	6	12	10	6	1	8	1	0.94346469	39	15058.535	15058.735	15058.735	15058.935	15059.679
3	29	1	1	671	4	6	12	11	4	1	6	1	1.733669	40	15060.769	15060.969	15060.969	15061.169	15062.703
3	29	1	1	672	4	6	12	12	1	1	1	1	0.86872958	41	15063.003	15063.203	15063.203	15063.403	15064.072
3	29	1	1	673	4	6	12	13	6	1	8	1	1.1392424	42	15065.238	15065.438	15065.438	15065.638	15066.577
3	29	1	1	674	4	6	12	14	5	1	7	1	1.1870454	43	15067.476	15067.676	15067.676	15067.876	15068.863
3	29	1	1	675	4	6	12	15	2	2	2	1	1.5482861	44	15069.712	15070.312	15070.312	15070.512	15071.861
3	29	1	1	676	4	6	12	16	4	1	6	1	1.1100977	45	15072.345	15072.545	15072.545	15072.745	15073.655
3	29	1	1	677	4	6	12	17	1	1	1	1	1.1253035	46	15074.58	15074.78	15074.78	15074.98	15075.906
3	29	1	1	678	4	6	12	18	2	2	2	1	1.2145061	47	15076.815	15077.415	15077.415	15077.615	15078.63
3	29	1	1	679	4	6	12	19	3	1	2	0	1.9967923	47	15079.449	15079.649	15079.649	15079.849	15081.646
3	29	1	1	680	4	6	12	20	4	2	6	1	1.3087569	48	15081.683	15082.283	15082.283	15082.483	15083.592
3	29	1	1	681	4	6	12	21	4	2	6	1	0.77565295	49	15084.317	15084.917	15084.917	15085.117	15085.693
3	29	1	1	682	4	6	12	22	3	2	3	1	1.9646116	50	15086.952	15087.552	15087.552	15087.752	15089.516
3	29	1	1	683	4	6	12	23	6	2	8	1	1.0571703	51	15089.588	15090.188	15090.188	15090.388	15091.245
3	29	1	1	684	4	6	12	24	5	1	7	1	0.92698698	52	15092.222	15092.422	15092.422	15092.622	15093.349
3	29	1	1	685	4	6	12	25	3	1	3	1	1.5518877	53	15094.457	15094.657	15094.657	15094.857	15096.209
3	29	1	1	686	4	6	12	26	3	2	3	1	0.72617436	54	15096.691	15097.291	15097.291	15097.491	15098.017
3	29	1	1	687	4	6	12	27	2	2	7	0	1.7012073	54	15099.328	15099.928	15099.928	15100.128	15101.629
3	29	1	1	688	4	6	12	28	5	1	7	1	1.1110169	55	15101.966	15102.166	15102.166	15102.366	15103.277
3	29	1	1	689	4	6	12	29	6	2	8	1	1.34094	56	15104.2	15104.8	15104.8	15105	15106.141
3	29	1	1	690	4	6	12	30	2	2	2	1	1.7292852	57	15106.837	15107.437	15107.437	15107.638	15109.167
3	29	1	1	691	4	2	12	1	2	1	4	1	1.711981	1	15137.537	15137.737	15137.737	15137.937	15139.449
3	29	1	1	692	4	2	12	2	6	2	5	1	0.74860826	2	15139.772	15140.372	15140.372	15140.572	15141.12
3	29	1	1	693	4	2	12	3	2	2	4	1	0.64956851	3	15142.407	15143.007	15143.007	15143.207	15143.656
3	29	1	1	694	4	2	12	4	2	2	4	1	0.91680825	4	15145.041	15145.641	15145.641	15145.841	15146.558
3	29	1	1	695	4	2	12	5	3	1	4	1	0.7852439	5	15147.68	15147.88	15147.88	15148.08	15148.665
3	29	1	1	696	4	2	12	6	4	1	5	1	0.94138176	6	15149.914	15150.114	15150.114	15150.314	15151.056
3	29	1	1	697	4	2	12	7	4	2	5	1	0.77864574	7	15152.15	15152.75	15152.75	15152.95	15153.529
3	29	1	1	698	4	2	12	8	2	2	5	0	0.59001503	7	15154.785	15155.385	15155.385	15155.585	15155.975
3	29	1	1	699	4	2	12	9	6	1	5	1	0.99031554	8	15157.422	15157.622	15157.622	15157.822	15158.612
3	29	1	1	700	4	2	12	10	3	1	4	1	0.742916	9	15159.657	15159.857	15159.857	15160.057	15160.6
3	29	1	1	701	4	2	12	11	1	1	4	1	0.54785445	10	15161.893	15162.093	15162.093	15162.293	15162.641
3	29	1	1	702	4	2	12	12	6	1	5	1	0.64088211	11	15164.128	15164.328	15164.328	15164.528	15164.969
3	29	1	1	703	4	2	12	13	5	1	5	1	0.6142656	12	15166.363	15166.563	15166.563	15166.763	15167.177
3	29	1	1	704	4	2	12	14	2	1	4	1	0.71683389	13	15168.6	15168.8	15168.8	15169	15169.517
3	29	1	1	705	4	2	12	15	5	2	5	1	0.81765114	14	15170.836	15171.436	15171.436	15171.636	15172.253
3	29	1	1	706	4	2	12	16	5	1	5	1	0.95376824	15	15173.471	15173.671	15173.671	15173.871	15174.625
3	29	1	1	707	4	2	12	17	1	1	4	1	0.71791723	16	15175.706	15175.906	15175.906	15176.106	15176.624
3	29	1	1	708	4	2	12	18	6	2	5	1	0.68503736	17	15177.946	15178.546	15178.546	15178.746	15179.231
3	29	1	1	709	4	2	12	19	5	1	5	1	1.0985739	18	15180.58	15180.78	15180.78	15180.98	15181.879
3	29	1	1	710	4	2	12	20	1	2	4	1	0.8547891	19	15182.816	15183.416	15183.416	15183.616	15184.271
3	29	1	1	711	4	2	12	21	4	2	5	1	0.68067839	20	15185.455	15186.055	15186.055	15186.255	15186.735
3	29	1	1	712	4	2	12	22	5	2	5	1	1.2344483	21	15188.09	15188.69	15188.69	15188.89	15189.925
3	29	1	1	713	4	2	12	23	6	2	0	0	-15191.325	21	15190.725	15191.325	15191.325	15191.525	0
3	29	1	1	714	4	2	12	24	3	1	4	1	0.84701254	22	15193.361	15193.561	15193.561	15193.761	15194.408
3	29	1	1	715	4	2	12	25	1	1	4	1	0.61726177	23	15195.596	15195.796	15195.796	15195.996	15196.413
3	29	1	1	716	4	2	12	26	3	2	4	1	0.54362024	24	15197.832	15198.432	15198.432	15198.632	15198.976
3	29	1	1	717	4	2	12	27	4	2	5	1	0.64892065	25	15200.471	15201.071	15201.071	15201.271	15201.72
3	29	1	1	718	4	2	12	28	3	1	4	1	0.7643836	26	15203.106	15203.306	15203.306	15203.506	15204.071
3	29	1	1	719	4	2	12	29	4	2	5	1	1.0429711	27	15205.342	15205.942	15205.942	15206.142	15206.985
3	29	1	1	720	4	2	12	30	1	2	4	1	0.9711019	28	15207.979	15208.579	15208.579	15208.779	15209.551
