5	6	0	4	3	2	1	7	0	0	0	0	0	0	0	0	0	0	0	0
3	16	1	2	1	1	2	1	1	2	1	5	1	0.88586757	1	1483.5061	1483.7062	1483.7065	1483.9068	1484.5924
3	16	1	2	2	1	2	1	2	1	2	4	1	0.96047795	2	1485.7225	1486.3227	1486.3228	1486.5231	1487.2833
3	16	1	2	3	1	2	1	3	4	2	5	1	0.59360204	3	1488.3623	1488.9623	1488.9623	1489.1624	1489.5559
3	16	1	2	4	1	2	1	4	5	1	5	1	0.5683199	4	1490.9697	1491.1697	1491.1697	1491.3697	1491.738
3	16	1	2	5	1	2	1	5	5	1	5	1	0.49247582	5	1493.1755	1493.3755	1493.3755	1493.5755	1493.868
3	16	1	2	6	1	2	1	6	6	2	5	1	0.43856302	6	1495.3812	1495.9812	1495.9812	1496.1813	1496.4197
3	16	1	2	7	1	2	1	7	1	2	4	1	0.54721834	7	1497.9872	1498.5872	1498.5872	1498.7872	1499.1344
3	16	1	2	8	1	2	1	8	6	1	5	1	0.68292037	8	1500.5927	1500.7927	1500.7927	1500.9927	1501.4756
3	16	1	2	9	1	2	1	9	5	2	5	1	0.86024637	9	1502.7991	1503.3991	1503.3992	1503.5992	1504.2594
3	16	1	2	10	1	2	1	10	4	1	5	1	0.99918365	10	1505.4057	1505.6057	1505.6057	1505.8058	1506.6049
3	16	1	2	11	1	2	1	11	3	2	4	1	0.59766572	11	1507.6115	1508.2115	1508.2115	1508.4116	1508.8092
3	16	1	2	12	1	2	1	12	2	2	4	1	0.69798353	12	1510.2175	1510.8175	1510.8175	1511.0175	1511.5155
3	16	1	2	13	1	2	1	13	4	1	5	1	0.62023206	13	1512.8232	1513.0232	1513.0233	1513.2233	1513.6435
3	16	1	2	14	1	2	1	14	3	1	4	1	0.98132108	14	1515.029	1515.229	1515.229	1515.429	1516.2103
3	16	1	2	15	1	2	1	15	2	1	4	1	0.53065973	15	1517.2351	1517.4351	1517.4351	1517.6353	1517.9658
3	16	1	2	16	1	2	1	16	2	1	4	1	0.63555865	16	1519.4413	1519.6413	1519.6413	1519.8413	1520.2769
3	16	1	2	17	1	2	1	17	5	1	5	1	0.50669807	17	1521.647	1521.847	1521.847	1522.047	1522.3537
3	16	1	2	18	1	2	1	18	2	2	4	1	0.51965075	18	1523.8527	1524.4527	1524.4527	1524.6528	1524.9724
3	16	1	2	19	1	2	1	19	4	2	5	1	0.63158593	19	1526.459	1527.0591	1527.0591	1527.2591	1527.6906
3	16	1	2	20	1	2	1	20	3	1	4	1	0.7458411	20	1529.0655	1529.2655	1529.2655	1529.4655	1530.0113
3	16	1	2	21	1	2	1	21	6	2	5	1	0.46720521	21	1531.2712	1531.8712	1531.8712	1532.0713	1532.3384
3	16	1	2	22	1	2	1	22	1	1	4	1	0.62866434	22	1533.8774	1534.0774	1534.0774	1534.2774	1534.7061
3	16	1	2	23	1	2	1	23	1	2	4	1	0.47791808	23	1536.0833	1536.6833	1536.6833	1536.8833	1537.1612
3	16	1	2	24	1	2	1	24	3	2	4	1	0.47431971	24	1538.6897	1539.2897	1539.2897	1539.4897	1539.764
3	16	1	2	25	1	2	1	25	5	1	5	1	0.38737499	25	1541.2956	1541.4956	1541.4956	1541.6956	1541.883
3	16	1	2	26	1	2	1	26	6	2	5	1	0.67663851	26	1543.5017	1544.1017	1544.1018	1544.3018	1544.7784
3	16	1	2	27	1	2	1	27	4	2	5	1	0.63519998	27	1546.108	1546.708	1546.708	1546.908	1547.3432
3	16	1	2	28	1	2	1	28	1	1	4	1	0.44622539	28	1548.7146	1548.9146	1548.9146	1549.1146	1549.3609
3	16	1	2	29	1	2	1	29	3	2	4	1	0.7465084	29	1550.9212	1551.5212	1551.5212	1551.7212	1552.2677
3	16	1	2	30	1	2	1	30	6	1	5	1	0.53168184	30	1553.5278	1553.7278	1553.7278	1553.9278	1554.2595
3	16	1	2	31	1	6	1	1	4	1	8	0	1.1823401	0	1677.8705	1678.0706	1678.0707	1678.2709	1679.2531
3	16	1	2	32	1	6	1	2	3	2	3	1	1.0631464	1	1680.3943	1680.9944	1680.9944	1681.1944	1682.0575
3	16	1	2	33	1	6	1	3	5	2	7	1	0.83568295	2	1683.0014	1683.6014	1683.6015	1683.8015	1684.4371
3	16	1	2	34	1	6	1	4	3	1	2	0	1.0016896	2	1685.6082	1685.8082	1685.8082	1686.0082	1686.8099
3	16	1	2	35	1	6	1	5	4	1	8	0	1.0913287	2	1688.1286	1688.3286	1688.3286	1688.5287	1689.4199
3	16	1	2	36	1	6	1	6	3	2	3	1	1.1585316	3	1690.6456	1691.2456	1691.2456	1691.4456	1692.4041
3	16	1	2	37	1	6	1	7	4	2	8	0	1.4160889	3	1693.252	1693.852	1693.852	1694.052	1695.268
3	16	1	2	38	1	6	1	8	6	1	7	0	1.7710975	3	1696.1664	1696.3664	1696.3664	1696.5664	1698.1375
3	16	1	2	39	1	6	1	9	3	2	2	0	1.0560015	3	1698.6819	1699.2819	1699.2819	1699.4819	1700.3379
3	16	1	2	40	1	6	1	10	3	1	2	0	1.5544318	3	1701.5991	1701.7991	1701.7991	1701.9991	1703.3535
3	16	1	2	41	1	6	1	11	2	2	2	1	1.529956	4	1704.1143	1704.7143	1704.7143	1704.9144	1706.2443
3	16	1	2	42	1	6	1	12	1	2	1	1	1.1524158	5	1706.7216	1707.3216	1707.3216	1707.5216	1708.474
3	16	1	2	43	1	6	1	13	5	1	7	1	0.93181275	6	1709.3288	1709.5288	1709.5288	1709.7289	1710.4606
3	16	1	2	44	1	6	1	14	2	1	2	1	1.5789865	7	1711.5357	1711.7357	1711.7357	1711.9357	1713.3147
3	16	1	2	45	1	6	1	15	2	1	2	1	0.77848911	8	1713.7434	1713.9434	1713.9434	1714.1434	1714.7219
3	16	1	2	46	1	6	1	16	4	1	8	0	0.96591853	8	1715.9509	1716.1509	1716.1509	1716.3509	1717.1168
3	16	1	2	47	1	6	1	17	2	1	0	0	-1718.6657	8	1718.4657	1718.6657	1718.6657	1718.8657	0
3	16	1	2	48	1	6	1	18	2	2	2	1	0.8005901	9	1720.9734	1721.5734	1721.5734	1721.7735	1722.374
3	16	1	2	49	1	6	1	19	5	2	7	1	1.0702743	10	1723.5804	1724.1804	1724.1804	1724.3804	1725.2507
3	16	1	2	50	1	6	1	20	5	1	7	1	0.81675656	11	1726.1873	1726.3873	1726.3874	1726.5875	1727.2042
3	16	1	2	51	1	6	1	21	1	2	2	0	1.4159984	11	1728.3952	1728.9952	1728.9952	1729.1953	1730.4112
3	16	1	2	52	1	6	1	22	6	1	1	0	1.5865673	11	1731.3137	1731.5137	1731.5137	1731.7137	1733.1003
3	16	1	2	53	1	6	1	23	6	2	6	0	0.70997568	11	1733.8294	1734.4294	1734.4294	1734.6294	1735.1394
3	16	1	2	54	1	6	1	24	1	2	2	0	1.999962	11	1736.7453	1737.3453	1737.3453	1737.5453	1739.3453
3	16	1	2	55	1	6	1	25	1	1	1	1	1.5437678	12	1739.6632	1739.8632	1739.8633	1740.0633	1741.407
3	16	1	2	56	1	6	1	26	6	2	2	0	1.764775	12	1741.8708	1742.4708	1742.4708	1742.6708	1744.2356
3	16	1	2	57	1	6	1	27	1	2	6	0	1.4185417	12	1744.7836	1745.3836	1745.3836	1745.5836	1746.8022
3	16	1	2	58	1	6	1	28	6	1	7	0	1.2893889	12	1747.6997	1747.8997	1747.8997	1748.0997	1749.1891
3	16	1	2	59	1	6	1	29	4	2	2	0	1.5466455	12	1750.2159	1750.8159	1750.8159	1751.0159	1752.3625
3	16	1	2	60	1	6	1	30	5	1	7	1	1.0150477	13	1753.1324	1753.3324	1753.3324	1753.5324	1754.3474
3	16	1	2	61	1	2	2	1	2	1	4	1	0.63595465	1	1769.8492	1770.0492	1770.0493	1770.2493	1770.6853
3	16	1	2	62	1	2	2	2	5	2	5	1	0.48763504	2	1772.0577	1772.6578	1772.6578	1772.8578	1773.1454
3	16	1	2	63	1	2	2	3	4	2	5	1	0.64834325	3	1774.6661	1775.2661	1775.2661	1775.4661	1775.9144
3	16	1	2	64	1	2	2	4	4	1	5	1	0.4535368	4	1777.2739	1777.4739	1777.4739	1777.6739	1777.9274
3	16	1	2	65	1	2	2	5	3	1	4	1	0.53027542	5	1779.4822	1779.6822	1779.6822	1779.8822	1780.2125
3	16	1	2	66	1	2	2	6	6	2	5	1	0.7113462	6	1781.6902	1782.2902	1782.2902	1782.4902	1783.0015
3	16	1	2	67	1	2	2	7	3	2	5	0	0.55137104	6	1784.2984	1784.8984	1784.8985	1785.0985	1785.4499
3	16	1	2	68	1	2	2	8	2	1	4	1	0.68110045	7	1787.2185	1787.4186	1787.4186	1787.6186	1788.0997
3	16	1	2	69	1	2	2	9	5	2	5	1	0.4821421	8	1789.4267	1790.0267	1790.0268	1790.2268	1790.5089
3	16	1	2	70	1	2	2	10	3	1	4	1	0.49387233	9	1792.0346	1792.2347	1792.2347	1792.4347	1792.7286
3	16	1	2	71	1	2	2	11	6	2	6	1	0.73804319	10	1794.2431	1794.8432	1794.8432	1795.0432	1795.5812
3	16	1	2	72	1	2	2	12	1	2	4	1	0.41637943	11	1796.8511	1797.4511	1797.4512	1797.6512	1797.8676
3	16	1	2	73	1	2	2	13	4	1	5	1	1.1224618	12	1799.4593	1799.6594	1799.6594	1799.8594	1800.7818
3	16	1	2	74	1	2	2	14	6	1	5	1	0.53534711	13	1801.6681	1801.8681	1801.8681	1802.0681	1802.4034
3	16	1	2	75	1	2	2	15	1	1	4	1	0.50256547	14	1803.8768	1804.0768	1804.0768	1804.2768	1804.5794
3	16	1	2	76	1	2	2	16	5	1	5	1	1.0350138	15	1806.0864	1806.2864	1806.2865	1806.4865	1807.3215
3	16	1	2	77	1	2	2	17	2	1	4	1	0.65262595	16	1808.2947	1808.4948	1808.4948	1808.6948	1809.1474
3	16	1	2	78	1	2	2	18	3	2	4	1	0.49167784	17	1810.5033	1811.1033	1811.1033	1811.3033	1811.595
3	16	1	2	79	1	2	2	19	6	2	5	1	0.54024788	18	1813.1123	1813.7123	1813.7123	1813.9123	1814.2525
3	16	1	2	80	1	2	2	20	5	1	5	1	0.55935098	19	1815.7215	1815.9215	1815.9215	1816.1215	1816.4808
3	16	1	2	81	1	2	2	21	3	2	4	1	0.60269402	20	1817.9306	1818.5306	1818.5306	1818.7306	1819.1333
3	16	1	2	82	1	2	2	22	2	1	4	1	0.90965878	21	1820.5389	1820.7389	1820.739	1820.939	1821.6486
3	16	1	2	83	1	2	2	23	2	2	4	1	0.65404735	22	1822.7484	1823.3484	1823.3484	1823.5484	1824.0025
3	16	1	2	84	1	2	2	24	4	2	5	1	0.50617517	23	1825.3578	1825.9579	1825.9579	1826.1579	1826.464
3	16	1	2	85	1	2	2	25	1	1	4	1	0.45254234	24	1827.9671	1828.1671	1828.1671	1828.3671	1828.6197
3	16	1	2	86	1	2	2	26	6	2	5	1	0.33995752	25	1830.1766	1830.7766	1830.7766	1830.9766	1831.1166
3	16	1	2	87	1	2	2	27	4	2	5	1	0.47305476	26	1832.7875	1833.3875	1833.3875	1833.5875	1833.8605
3	16	1	2	88	1	2	2	28	1	1	4	1	0.38407627	27	1835.3973	1835.5973	1835.5973	1835.7973	1835.9814
3	16	1	2	89	1	2	2	29	5	2	5	1	0.47713096	28	1837.606	1838.206	1838.206	1838.406	1838.6832
3	16	1	2	90	1	2	2	30	1	1	5	0	0.65211067	28	1840.2146	1840.4146	1840.4146	1840.6147	1841.0668
3	16	1	2	91	1	6	2	1	6	1	8	1	1.9295959	1	1908.9622	1909.1622	1909.1622	1909.3622	1911.0918
3	16	1	2	92	1	6	2	2	1	2	1	1	1.6137935	2	1911.1724	1911.7724	1911.7724	1911.9725	1913.3862
3	16	1	2	93	1	6	2	3	1	2	1	1	0.6148185	3	1913.7812	1914.3812	1914.3813	1914.5813	1914.9961
3	16	1	2	94	1	6	2	4	4	1	7	0	1.5748491	3	1916.3909	1916.5909	1916.5909	1916.7909	1918.1658
3	16	1	2	95	1	6	2	5	4	1	6	1	0.57268789	4	1918.9032	1919.1032	1919.1033	1919.3033	1919.6759
3	16	1	2	96	1	6	2	6	1	2	1	1	0.86788045	5	1921.1121	1921.7122	1921.7122	1921.9122	1922.58
3	16	1	2	97	1	6	2	7	4	2	6	1	1.6875363	6	1923.7216	1924.3216	1924.3216	1924.5216	1926.0091
3	16	1	2	98	1	6	2	8	1	1	1	1	1.072627	7	1926.3311	1926.5311	1926.5312	1926.7312	1927.6038
3	16	1	2	99	1	6	2	9	2	2	3	0	0.759303	7	1928.5404	1929.1405	1929.1405	1929.3405	1929.8998
3	16	1	2	100	1	6	2	10	6	1	2	0	1.9385476	7	1931.4621	1931.6621	1931.6621	1931.8621	1933.6007
3	16	1	2	101	1	6	2	11	5	2	7	1	0.94670933	8	1933.9758	1934.5758	1934.5758	1934.7758	1935.5225
3	16	1	2	102	1	6	2	12	5	2	7	1	0.81396456	9	1936.5864	1937.1865	1937.1865	1937.3865	1938.0004
3	16	1	2	103	1	6	2	13	5	1	7	1	0.61830134	10	1939.1938	1939.3938	1939.3938	1939.5938	1940.0121
3	16	1	2	104	1	6	2	14	3	1	3	1	0.95104467	11	1941.4037	1941.6037	1941.6037	1941.8037	1942.5548
3	16	1	2	105	1	6	2	15	1	1	1	1	0.90132889	12	1943.6135	1943.8135	1943.8135	1944.0135	1944.7148
3	16	1	2	106	1	6	2	16	2	1	2	1	0.92275819	13	1945.8232	1946.0232	1946.0232	1946.2232	1946.9459
3	16	1	2	107	1	6	2	17	2	1	2	1	0.61033738	14	1948.0331	1948.2331	1948.2331	1948.4331	1948.8434
3	16	1	2	108	1	6	2	18	6	2	8	1	1.9606989	15	1950.2428	1950.8428	1950.8428	1951.0428	1952.8035
3	16	1	2	109	1	6	2	19	4	2	7	0	1.3167383	15	1952.8542	1953.4542	1953.4542	1953.6542	1954.771
3	16	1	2	110	1	6	2	20	2	1	2	1	0.79813074	16	1955.7777	1955.9777	1955.9777	1956.1777	1956.7758
3	16	1	2	111	1	6	2	21	3	2	3	1	1.4146683	17	1957.9877	1958.5877	1958.5877	1958.7877	1960.0024
3	16	1	2	112	1	6	2	22	3	1	3	1	0.71039815	18	1960.5978	1960.7978	1960.7978	1960.9979	1961.5082
3	16	1	2	113	1	6	2	23	3	2	3	1	0.56238534	19	1962.8082	1963.4082	1963.4082	1963.6082	1963.9706
3	16	1	2	114	1	6	2	24	6	2	7	0	1.7623869	19	1965.4183	1966.0183	1966.0184	1966.2184	1967.7807
3	16	1	2	115	1	6	2	25	4	1	7	0	1.0769398	19	1968.3319	1968.5319	1968.5319	1968.7319	1969.6089
3	16	1	2	116	1	6	2	26	5	2	7	1	1.016527	20	1970.8486	1971.4486	1971.4486	1971.6486	1972.4652
3	16	1	2	117	1	6	2	27	3	2	3	1	0.98291542	21	1973.4584	1974.0584	1974.0584	1974.2584	1975.0413
3	16	1	2	118	1	6	2	28	5	1	7	1	1.1256114	22	1976.0688	1976.2688	1976.2688	1976.4688	1977.3944
3	16	1	2	119	1	6	2	29	6	2	8	1	2.0000543	23	1978.2791	1978.8791	1978.8791	1979.0791	1980.8791
3	16	1	2	120	1	6	2	30	2	1	3	0	1.1748204	23	1980.8932	1981.0932	1981.0932	1981.2932	1982.268
3	16	1	2	121	1	2	3	1	2	1	4	1	0.60463256	1	1994.4384	1994.6384	1994.6384	1994.8384	1995.243
3	16	1	2	122	1	2	3	2	6	2	5	1	0.66367044	2	1996.6487	1997.2487	1997.2487	1997.4487	1997.9123
3	16	1	2	123	1	2	3	3	4	2	5	1	0.60223032	3	1999.259	1999.859	1999.859	2000.059	2000.4612
3	16	1	2	124	1	2	3	4	3	1	4	1	0.5417425	4	2001.8698	2002.0698	2002.0698	2002.2698	2002.6115
3	16	1	2	125	1	2	3	5	6	1	5	1	0.52056964	5	2004.0809	2004.2809	2004.2809	2004.4809	2004.8015
3	16	1	2	126	1	2	3	6	2	2	4	1	0.4870223	6	2006.2919	2006.8919	2006.8919	2007.0919	2007.3789
3	16	1	2	127	1	2	3	7	5	2	5	1	0.51466375	7	2008.903	2009.503	2009.503	2009.703	2010.0177
3	16	1	2	128	1	2	3	8	3	1	4	1	0.75429642	8	2011.5134	2011.7134	2011.7134	2011.9134	2012.4677
3	16	1	2	129	1	2	3	9	5	2	5	1	0.50859598	9	2013.7244	2014.3244	2014.3244	2014.5244	2014.833
3	16	1	2	130	1	2	3	10	1	1	4	1	0.73448552	10	2016.3348	2016.5348	2016.5348	2016.7348	2017.2693
3	16	1	2	131	1	2	3	11	3	2	4	1	0.81054681	11	2018.5455	2019.1455	2019.1455	2019.3455	2019.956
3	16	1	2	132	1	2	3	12	6	2	5	1	0.71308838	12	2021.156	2021.756	2021.756	2021.956	2022.4691
3	16	1	2	133	1	2	3	13	5	1	5	1	0.60278068	13	2023.7663	2023.9663	2023.9663	2024.1663	2024.5691
3	16	1	2	134	1	2	3	14	4	1	2	1	0.91447304	14	2025.9768	2026.1768	2026.1768	2026.3768	2027.0913
3	16	1	2	135	1	2	3	15	4	1	5	1	0.5091847	15	2028.1876	2028.3876	2028.3876	2028.5877	2028.8968
3	16	1	2	136	1	2	3	16	3	1	4	1	0.41467802	16	2030.3984	2030.5984	2030.5984	2030.7984	2031.0131
3	16	1	2	137	1	2	3	17	5	1	5	1	0.72243363	17	2032.6094	2032.8094	2032.8094	2033.0094	2033.5318
3	16	1	2	138	1	2	3	18	2	2	4	1	0.7320992	18	2034.8215	2035.4215	2035.4215	2035.6215	2036.1536
3	16	1	2	139	1	2	3	19	6	2	5	1	0.6730212	19	2037.4327	2038.0327	2038.0327	2038.2327	2038.7057
3	16	1	2	140	1	2	3	20	1	1	4	1	0.68480663	20	2040.0442	2040.2442	2040.2442	2040.4442	2040.929
3	16	1	2	141	1	2	3	21	1	2	4	1	0.5793397	21	2042.255	2042.855	2042.855	2043.055	2043.4343
3	16	1	2	142	1	2	3	22	6	1	5	1	0.59713493	22	2044.8683	2045.0683	2045.0683	2045.2683	2045.6655
3	16	1	2	143	1	2	3	23	2	2	4	1	0.62491477	23	2047.0796	2047.6796	2047.6796	2047.8796	2048.3045
3	16	1	2	144	1	2	3	24	1	2	4	1	0.79098349	24	2049.6912	2050.2912	2050.2912	2050.4912	2051.0822
3	16	1	2	145	1	2	3	25	4	1	5	1	0.55551277	25	2052.3038	2052.5038	2052.5038	2052.7038	2053.0593
3	16	1	2	146	1	2	3	26	3	2	4	1	0.74389539	26	2054.5153	2055.1153	2055.1153	2055.3153	2055.8592
3	16	1	2	147	1	2	3	27	2	2	4	1	0.73415173	27	2057.1265	2057.7265	2057.7265	2057.9265	2058.4606
3	16	1	2	148	1	2	3	28	5	1	4	0	0.57653288	27	2059.7379	2059.9379	2059.9379	2060.1379	2060.5144
3	16	1	2	149	1	2	3	29	1	2	4	1	0.79444431	28	2062.2584	2062.8584	2062.8584	2063.0584	2063.6529
3	16	1	2	150	1	2	3	30	4	1	5	1	0.56486629	29	2064.8701	2065.0701	2065.0701	2065.2701	2065.635
3	16	1	2	151	1	6	3	1	6	1	3	0	1.3422118	0	2093.1931	2093.3931	2093.3931	2093.5931	2094.7353
3	16	1	2	152	1	6	3	2	3	2	3	1	0.94062181	1	2095.7112	2096.3112	2096.3112	2096.5112	2097.2518
3	16	1	2	153	1	6	3	3	5	2	7	1	0.8943717	2	2098.3229	2098.9229	2098.9229	2099.1229	2099.8173
3	16	1	2	154	1	6	3	4	4	1	6	1	1.2341973	3	2100.9346	2101.1346	2101.1346	2101.3346	2102.3688
3	16	1	2	155	1	6	3	5	5	1	7	1	0.83260093	4	2103.1461	2103.3461	2103.3461	2103.5461	2104.1787
3	16	1	2	156	1	6	3	6	1	2	2	0	1.3245824	4	2105.3578	2105.9578	2105.9578	2106.1578	2107.2824
3	16	1	2	157	1	6	3	7	5	2	7	1	0.92198081	5	2108.2791	2108.8791	2108.8791	2109.0791	2109.8011
3	16	1	2	158	1	6	3	8	6	1	8	1	1.0315525	6	2110.8917	2111.0917	2111.0917	2111.2917	2112.1232
3	16	1	2	159	1	6	3	9	4	2	6	1	1.3290704	7	2113.1044	2113.7044	2113.7044	2113.9044	2115.0335
3	16	1	2	160	1	6	3	10	4	1	6	1	0.64610112	8	2115.717	2115.9171	2115.9171	2116.1171	2116.5632
3	16	1	2	161	1	6	3	11	1	2	1	1	1.2475971	9	2117.9289	2118.5289	2118.5289	2118.7289	2119.7765
3	16	1	2	162	1	6	3	12	3	2	3	1	0.94248674	10	2120.5413	2121.1413	2121.1413	2121.3413	2122.0838
3	16	1	2	163	1	6	3	13	1	1	1	1	1.6029899	11	2123.1528	2123.3528	2123.3528	2123.5528	2124.9558
3	16	1	2	164	1	6	3	14	2	1	3	0	1.5005166	11	2125.3653	2125.5653	2125.5653	2125.7653	2127.0658
3	16	1	2	165	1	6	3	15	1	1	1	1	1.1217958	12	2127.8829	2128.0829	2128.083	2128.283	2129.2047
3	16	1	2	166	1	6	3	16	3	1	3	1	0.84376666	13	2130.095	2130.295	2130.295	2130.495	2131.1388
3	16	1	2	167	1	6	3	17	4	1	6	1	1.2404335	14	2132.307	2132.507	2132.507	2132.707	2133.7474
3	16	1	2	168	1	6	3	18	2	2	0	0	-2135.1197	14	2134.5197	2135.1197	2135.1197	2135.3197	0
3	16	1	2	169	1	6	3	19	2	2	2	1	1.8266971	15	2137.4321	2138.0321	2138.0321	2138.2321	2139.8588
3	16	1	2	170	1	6	3	20	3	1	3	1	0.90410476	16	2140.0445	2140.2445	2140.2445	2140.4445	2141.1486
3	16	1	2	171	1	6	3	21	2	2	2	1	0.64790641	17	2142.2568	2142.8568	2142.8568	2143.0568	2143.5047
3	16	1	2	172	1	6	3	22	5	1	7	1	0.99823139	18	2144.8695	2145.0695	2145.0696	2145.2696	2146.0678
3	16	1	2	173	1	6	3	23	5	2	7	1	0.72048995	19	2147.0818	2147.6818	2147.6818	2147.8818	2148.4023
3	16	1	2	174	1	6	3	24	2	2	2	1	1.0000008	20	2149.6939	2150.2939	2150.2939	2150.4939	2151.2939
3	16	1	2	175	1	6	3	25	6	1	8	1	1.246963	21	2152.306	2152.506	2152.506	2152.706	2153.753
3	16	1	2	176	1	6	3	26	3	2	3	1	1.0462118	22	2154.519	2155.119	2155.119	2155.319	2156.1652
3	16	1	2	177	1	6	3	27	1	2	1	1	1.3584043	23	2157.1316	2157.7316	2157.7316	2157.9316	2159.09
3	16	1	2	178	1	6	3	28	6	1	8	1	1.0723687	24	2159.7443	2159.9443	2159.9443	2160.1443	2161.0166
3	16	1	2	179	1	6	3	29	6	2	8	1	0.77243401	25	2161.9605	2162.5605	2162.5605	2162.7605	2163.333
3	16	1	2	180	1	6	3	30	4	1	6	1	1.0770776	26	2164.5733	2164.7733	2164.7733	2164.9733	2165.8503
3	16	1	2	181	2	2	4	1	4	1	5	1	0.93599585	1	2426.5287	2426.7287	2426.7287	2426.9287	2427.6647
3	16	1	2	182	2	2	4	2	5	2	5	1	0.51149579	2	2428.7417	2429.3417	2429.3417	2429.5417	2429.8532
3	16	1	2	183	2	2	4	3	2	2	4	1	0.45394728	3	2431.3547	2431.9547	2431.9547	2432.1547	2432.4087
3	16	1	2	184	2	2	4	4	4	1	5	1	0.59257066	4	2433.968	2434.168	2434.168	2434.368	2434.7605
3	16	1	2	185	2	2	4	5	6	1	5	1	0.74581869	5	2436.1813	2436.3813	2436.3813	2436.5813	2437.1271
3	16	1	2	186	2	2	4	6	3	2	4	1	0.4858922	6	2438.3944	2438.9944	2438.9944	2439.1944	2439.4803
3	16	1	2	187	2	2	4	7	2	2	5	0	0.52594519	6	2441.0073	2441.6073	2441.6073	2441.8073	2442.1333
3	16	1	2	188	2	2	4	8	3	1	4	1	0.68725316	7	2443.6201	2443.8201	2443.8201	2444.0201	2444.5074
3	16	1	2	189	2	2	4	9	3	2	4	1	0.55280195	8	2445.8336	2446.4336	2446.4336	2446.6337	2446.9865
3	16	1	2	190	2	2	4	10	5	1	5	1	0.59612154	9	2448.4465	2448.6465	2448.6465	2448.8465	2449.2426
3	16	1	2	191	2	2	4	11	6	2	5	1	0.75946505	10	2450.6575	2451.2575	2451.2575	2451.4576	2452.017
3	16	1	2	192	2	2	4	12	1	2	4	1	0.74178227	11	2453.2712	2453.8712	2453.8712	2454.0712	2454.613
3	16	1	2	193	2	2	4	13	3	1	4	1	0.64685968	12	2455.8844	2456.0844	2456.0844	2456.2844	2456.7313
3	16	1	2	194	2	2	4	14	1	1	4	1	0.71087413	13	2458.0977	2458.2977	2458.2978	2458.4978	2459.0087
3	16	1	2	195	2	2	4	15	6	1	5	1	0.61799999	14	2460.3113	2460.5114	2460.5114	2460.7115	2461.1294
3	16	1	2	196	2	2	4	16	1	1	4	1	0.93925702	15	2462.5251	2462.7251	2462.7251	2462.9251	2463.6643
3	16	1	2	197	2	2	4	17	4	1	5	1	0.67711518	16	2464.7424	2464.9424	2464.9424	2465.1424	2465.6196
3	16	1	2	198	2	2	4	18	2	2	4	1	0.68789149	17	2466.9562	2467.5562	2467.5562	2467.7562	2468.2441
3	16	1	2	199	2	2	4	19	6	2	5	1	0.71952283	18	2469.5697	2470.1697	2470.1697	2470.3698	2470.8893
3	16	1	2	200	2	2	4	20	6	1	5	1	0.72486971	19	2472.1838	2472.3838	2472.3838	2472.5839	2473.1087
3	16	1	2	201	2	2	4	21	2	2	4	1	0.53769051	20	2474.3975	2474.9975	2474.9975	2475.1976	2475.5352
3	16	1	2	202	2	2	4	22	5	1	5	1	0.58543984	21	2477.0093	2477.2093	2477.2093	2477.4094	2477.7948
3	16	1	2	203	2	2	4	23	5	2	5	1	0.59425844	22	2479.2235	2479.8235	2479.8235	2480.0235	2480.4178
3	16	1	2	204	2	2	4	24	4	2	5	1	0.71554547	23	2481.8375	2482.4375	2482.4376	2482.6376	2483.1531
3	16	1	2	205	2	2	4	25	3	1	4	1	0.57336786	24	2484.4517	2484.6517	2484.6517	2484.8517	2485.2251
3	16	1	2	206	2	2	4	26	4	2	5	1	0.66476477	25	2486.6661	2487.2661	2487.2661	2487.4661	2487.9309
3	16	1	2	207	2	2	4	27	1	2	4	1	0.48413754	26	2489.2796	2489.8796	2489.8796	2490.0796	2490.3638
3	16	1	2	208	2	2	4	28	2	1	4	1	0.58045219	27	2491.8936	2492.0936	2492.0936	2492.2936	2492.674
3	16	1	2	209	2	2	4	29	1	2	4	1	0.59984426	28	2494.1084	2494.7084	2494.7084	2494.9085	2495.3083
3	16	1	2	210	2	2	4	30	5	1	5	1	0.58424587	29	2496.7229	2496.9229	2496.9229	2497.1229	2497.5071
3	16	1	2	211	2	6	4	1	3	1	3	1	1.0160497	1	2526.9968	2527.1968	2527.1968	2527.3968	2528.2129
3	16	1	2	212	2	6	4	2	5	2	7	1	0.88683295	2	2529.2116	2529.8116	2529.8116	2530.0116	2530.6984
3	16	1	2	213	2	6	4	3	4	2	6	1	1.1206536	3	2531.826	2532.426	2532.426	2532.626	2533.5467
3	16	1	2	214	2	6	4	4	2	1	2	1	1.5447329	4	2534.4404	2534.6404	2534.6404	2534.8404	2536.1851
3	16	1	2	215	2	6	4	5	2	1	2	1	0.62990985	5	2536.6552	2536.8552	2536.8552	2537.0552	2537.4851
3	16	1	2	216	2	6	4	6	6	2	8	1	1.2941104	6	2538.8698	2539.4698	2539.4698	2539.6698	2540.7639
3	16	1	2	217	2	6	4	7	5	2	7	1	0.9310239	7	2541.4858	2542.0858	2542.0859	2542.2859	2543.0169
3	16	1	2	218	2	6	4	8	2	1	2	1	0.84421269	8	2544.1002	2544.3002	2544.3002	2544.5003	2545.1445
3	16	1	2	219	2	6	4	9	4	2	6	1	0.94253148	9	2546.3151	2546.9151	2546.9151	2547.1151	2547.8576
3	16	1	2	220	2	6	4	10	6	1	8	1	1.6089036	10	2548.93	2549.13	2549.13	2549.33	2550.7389
3	16	1	2	221	2	6	4	11	5	2	7	1	1.2034787	11	2551.145	2551.745	2551.745	2551.945	2552.9485
3	16	1	2	222	2	6	4	12	2	2	2	1	0.82755177	12	2553.7602	2554.3602	2554.3602	2554.5602	2555.1877
3	16	1	2	223	2	6	4	13	4	1	6	1	0.9054958	13	2556.3753	2556.5753	2556.5753	2556.7753	2557.4808
3	16	1	2	224	2	6	4	14	4	1	6	1	0.75744698	14	2558.5908	2558.7909	2558.7909	2558.9909	2559.5483
3	16	1	2	225	2	6	4	15	2	1	2	1	0.94204563	15	2560.8063	2561.0064	2561.0064	2561.2064	2561.9484
3	16	1	2	226	2	6	4	16	1	1	1	1	1.6625358	16	2563.0211	2563.2211	2563.2211	2563.4212	2564.8836
3	16	1	2	227	2	6	4	17	5	1	7	1	0.81675382	17	2565.2359	2565.4359	2565.4359	2565.6359	2566.2527
3	16	1	2	228	2	6	4	18	6	2	8	1	1.2091081	18	2567.4509	2568.0509	2568.0509	2568.2509	2569.26
3	16	1	2	229	2	6	4	19	1	2	1	1	1.0899531	19	2570.0656	2570.6656	2570.6656	2570.8656	2571.7555
3	16	1	2	230	2	6	4	20	3	1	3	1	0.94682298	20	2572.6805	2572.8805	2572.8805	2573.0805	2573.8273
3	16	1	2	231	2	6	4	21	3	2	3	1	0.71554091	21	2574.8953	2575.4953	2575.4953	2575.6953	2576.2108
3	16	1	2	232	2	6	4	22	1	1	1	1	1.2270495	22	2577.51	2577.71	2577.71	2577.91	2578.937
3	16	1	2	233	2	6	4	23	6	2	8	1	1.0557818	23	2579.7248	2580.3248	2580.3248	2580.5248	2581.3806
3	16	1	2	234	2	6	4	24	4	2	6	1	1.0003184	24	2582.3402	2582.9402	2582.9402	2583.1402	2583.9405
3	16	1	2	235	2	6	4	25	1	1	1	1	0.91061532	25	2584.9553	2585.1553	2585.1553	2585.3553	2586.0659
3	16	1	2	236	2	6	4	26	6	2	8	1	1.5131708	26	2587.1706	2587.7706	2587.7706	2587.9706	2589.2837
3	16	1	2	237	2	6	4	27	3	2	3	1	0.84638504	27	2589.7863	2590.3863	2590.3863	2590.5863	2591.2327
3	16	1	2	238	2	6	4	28	3	1	3	1	0.67773986	28	2592.4028	2592.6029	2592.6029	2592.8029	2593.2806
3	16	1	2	239	2	6	4	29	1	2	1	1	1.1285713	29	2594.6177	2595.2177	2595.2177	2595.4177	2596.3463
3	16	1	2	240	2	6	4	30	5	1	7	1	0.89892178	30	2597.2332	2597.4332	2597.4332	2597.6332	2598.3322
3	16	1	2	241	2	2	5	1	1	1	4	1	0.70240388	1	2627.5263	2627.7263	2627.7263	2627.9263	2628.4287
3	16	1	2	242	2	2	5	2	1	2	4	1	0.58075324	2	2629.7421	2630.3421	2630.3421	2630.5421	2630.9229
3	16	1	2	243	2	2	5	3	4	2	5	1	0.58029698	3	2632.3583	2632.9583	2632.9583	2633.1583	2633.5386
3	16	1	2	244	2	2	5	4	3	1	4	1	0.54891499	4	2634.9749	2635.1749	2635.1749	2635.3749	2635.7238
3	16	1	2	245	2	2	5	5	5	1	5	1	0.54053289	5	2637.191	2637.391	2637.391	2637.591	2637.9315
3	16	1	2	246	2	2	5	6	3	2	4	1	0.58726442	6	2639.4064	2640.0064	2640.0064	2640.2064	2640.5936
3	16	1	2	247	2	2	5	7	4	2	5	1	0.57424584	7	2642.0216	2642.6216	2642.6216	2642.8216	2643.1958
3	16	1	2	248	2	2	5	8	4	1	5	1	0.57183436	8	2644.6377	2644.8377	2644.8377	2645.0377	2645.4096
3	16	1	2	249	2	2	5	9	1	2	4	1	0.41496229	9	2646.8533	2647.4533	2647.4533	2647.6533	2647.8682
3	16	1	2	250	2	2	5	10	2	1	4	1	0.52531377	10	2649.4692	2649.6692	2649.6692	2649.8692	2650.1945
3	16	1	2	251	2	2	5	11	3	2	4	1	0.52605067	11	2651.6859	2652.2859	2652.2859	2652.4859	2652.812
3	16	1	2	252	2	2	5	12	6	2	5	1	0.38978768	12	2654.3027	2654.9027	2654.9027	2655.1027	2655.2925
3	16	1	2	253	2	2	5	13	6	1	5	1	0.51521858	13	2656.9185	2657.1185	2657.1185	2657.3185	2657.6337
3	16	1	2	254	2	2	5	14	4	1	5	1	0.51688626	14	2659.1343	2659.3343	2659.3343	2659.5343	2659.8512
3	16	1	2	255	2	2	5	15	6	1	5	1	0.54884678	15	2661.3511	2661.5511	2661.5511	2661.7511	2662.1
3	16	1	2	256	2	2	5	16	1	1	4	1	0.52164042	16	2663.5679	2663.7679	2663.7679	2663.9679	2664.2895
3	16	1	2	257	2	2	5	17	5	1	5	1	0.7301483	17	2665.784	2665.984	2665.984	2666.184	2666.7141
3	16	1	2	258	2	2	5	18	2	2	4	1	0.60161427	18	2668.0008	2668.6008	2668.6008	2668.8008	2669.2024
3	16	1	2	259	2	2	5	19	5	2	4	0	0.52085777	18	2670.617	2671.217	2671.217	2671.417	2671.7379
3	16	1	2	260	2	2	5	20	2	1	4	1	0.59653183	19	2673.2331	2673.4331	2673.4331	2673.6331	2674.0296
3	16	1	2	261	2	2	5	21	1	2	4	1	0.54545078	20	2675.4499	2676.0499	2676.0499	2676.2499	2676.5954
3	16	1	2	262	2	2	5	22	6	1	5	1	0.76113898	21	2678.0665	2678.2665	2678.2665	2678.4665	2679.0276
3	16	1	2	263	2	2	5	23	2	2	4	1	0.75322568	22	2680.2827	2680.8827	2680.8827	2681.0827	2681.6359
3	16	1	2	264	2	2	5	24	3	2	4	1	0.59739295	23	2682.8992	2683.4993	2683.4993	2683.6993	2684.0966
3	16	1	2	265	2	2	5	25	5	1	5	1	0.5421922	24	2685.5159	2685.7159	2685.7159	2685.9159	2686.2581
3	16	1	2	266	2	2	5	26	4	2	5	1	0.62439183	25	2687.7324	2688.3324	2688.3325	2688.5325	2688.9568
3	16	1	2	267	2	2	5	27	3	2	4	1	0.7278104	26	2690.3495	2690.9495	2690.9495	2691.1495	2691.6773
3	16	1	2	268	2	2	5	28	6	1	5	1	0.71526245	27	2692.967	2693.167	2693.167	2693.367	2693.8823
3	16	1	2	269	2	2	5	29	5	2	5	1	0.63995218	28	2695.1844	2695.7844	2695.7844	2695.9844	2696.4244
3	16	1	2	270	2	2	5	30	2	1	4	1	0.62715662	29	2697.8021	2698.0021	2698.0021	2698.2021	2698.6293
3	16	1	2	271	2	6	5	1	6	1	8	1	1.302912	1	2728.0847	2728.2847	2728.2848	2728.4848	2729.5877
3	16	1	2	272	2	6	5	2	5	2	7	1	0.8049237	2	2730.3014	2730.9014	2730.9014	2731.1014	2731.7063
3	16	1	2	273	2	6	5	3	2	2	3	0	1.8293055	2	2732.9183	2733.5183	2733.5184	2733.7184	2735.3477
3	16	1	2	274	2	6	5	4	2	1	2	1	1.3940962	3	2735.5358	2735.7358	2735.7358	2735.9358	2737.1299
3	16	1	2	275	2	6	5	5	3	1	3	1	0.92879731	4	2737.7532	2737.9532	2737.9532	2738.1532	2738.882
3	16	1	2	276	2	6	5	6	4	2	6	1	0.86562489	5	2739.9706	2740.5706	2740.5706	2740.7706	2741.4362
3	16	1	2	277	2	6	5	7	5	2	7	1	0.89326458	6	2742.5882	2743.1882	2743.1883	2743.3883	2744.0815
3	16	1	2	278	2	6	5	8	3	1	3	1	1.1578689	7	2745.2054	2745.4055	2745.4055	2745.6055	2746.5634
3	16	1	2	279	2	6	5	9	2	2	2	1	1.8997519	8	2747.4227	2748.0227	2748.0227	2748.2227	2749.9224
3	16	1	2	280	2	6	5	10	4	1	6	1	0.85060852	9	2750.0401	2750.2401	2750.2401	2750.4401	2751.0908
3	16	1	2	281	2	6	5	11	3	2	3	1	0.96461302	10	2752.2612	2752.8612	2752.8612	2753.0612	2753.8258
3	16	1	2	282	2	6	5	12	6	2	8	1	1.2841795	11	2754.8784	2755.4784	2755.4784	2755.6784	2756.7626
3	16	1	2	283	2	6	5	13	4	1	6	1	0.84898894	12	2757.4956	2757.6956	2757.6956	2757.8956	2758.5446
3	16	1	2	284	2	6	5	14	5	1	7	1	0.69211264	13	2759.713	2759.913	2759.913	2760.113	2760.6051
3	16	1	2	285	2	6	5	15	2	1	2	1	0.94409506	14	2761.9307	2762.1307	2762.1307	2762.3307	2763.0748
3	16	1	2	286	2	6	5	16	5	1	7	1	1.1775379	15	2764.1487	2764.3488	2764.3488	2764.5488	2765.5263
3	16	1	2	287	2	6	5	17	4	1	6	1	0.88616634	16	2766.3668	2766.5668	2766.5668	2766.7668	2767.4529
3	16	1	2	288	2	6	5	18	4	2	6	1	0.96933579	17	2768.5846	2769.1846	2769.1846	2769.3846	2770.1539
3	16	1	2	289	2	6	5	19	3	2	3	1	0.78297312	18	2771.2045	2771.8045	2771.8045	2772.0045	2772.5875
3	16	1	2	290	2	6	5	20	6	1	0	0	-2774.0217	18	2773.8217	2774.0217	2774.0217	2774.2217	0
3	16	1	2	291	2	6	5	21	1	2	2	0	1.6204074	18	2776.0391	2776.6391	2776.6391	2776.8391	2778.2595
3	16	1	2	292	2	6	5	22	3	1	3	1	0.80761063	19	2778.6572	2778.8572	2778.8572	2779.0572	2779.6648
3	16	1	2	293	2	6	5	23	6	2	8	1	1.4644202	20	2780.8752	2781.4752	2781.4752	2781.6752	2782.9396
3	16	1	2	294	2	6	5	24	6	2	8	1	0.67693673	21	2783.4926	2784.0926	2784.0926	2784.2926	2784.7695
3	16	1	2	295	2	6	5	25	1	1	1	1	1.0269209	22	2786.1104	2786.3104	2786.3104	2786.5104	2787.3373
3	16	1	2	296	2	6	5	26	1	2	1	1	0.85985995	23	2788.3288	2788.9288	2788.9288	2789.1288	2789.7886
3	16	1	2	297	2	6	5	27	1	2	1	1	0.59849584	24	2790.9465	2791.5465	2791.5465	2791.7465	2792.145
3	16	1	2	298	2	6	5	28	2	1	2	1	1.5605109	25	2793.5699	2793.77	2793.77	2793.97	2795.3305
3	16	1	2	299	2	6	5	29	5	2	7	1	0.72676802	26	2795.7892	2796.3892	2796.3892	2796.5892	2797.1159
3	16	1	2	300	2	6	5	30	1	1	1	1	1.9635934	27	2798.4071	2798.6071	2798.6071	2798.8072	2800.5707
3	16	1	2	301	2	2	6	1	3	1	4	1	0.8022407	1	2829.0233	2829.2233	2829.2233	2829.4233	2830.0256
3	16	1	2	302	2	2	6	2	2	2	4	1	0.65509844	2	2831.2416	2831.8416	2831.8416	2832.0416	2832.4967
3	16	1	2	303	2	2	6	3	4	2	5	1	0.7365265	3	2833.8596	2834.4596	2834.4596	2834.6596	2835.1962
3	16	1	2	304	2	2	6	4	6	1	5	1	0.63685446	4	2836.4782	2836.6782	2836.6782	2836.8782	2837.315
3	16	1	2	305	2	2	6	5	6	1	5	1	0.79398062	5	2838.6963	2838.8963	2838.8963	2839.0963	2839.6903
3	16	1	2	306	2	2	6	6	2	2	4	1	0.49540928	6	2840.9152	2841.5152	2841.5152	2841.7152	2842.0106
3	16	1	2	307	2	2	6	7	6	2	5	1	0.51949952	7	2843.5376	2844.1376	2844.1376	2844.3376	2844.6571
3	16	1	2	308	2	2	6	8	6	1	5	1	0.45329472	8	2846.1563	2846.3563	2846.3563	2846.5563	2846.8096
3	16	1	2	309	2	2	6	9	3	2	4	1	0.44721155	9	2848.3787	2848.9787	2848.9787	2849.1787	2849.4259
3	16	1	2	310	2	2	6	10	2	1	4	1	0.6065228	10	2850.9981	2851.1981	2851.1981	2851.3981	2851.8046
3	16	1	2	311	2	2	6	11	4	2	5	1	0.48852846	11	2853.2194	2853.8194	2853.8194	2854.0194	2854.308
3	16	1	2	312	2	2	6	12	5	2	5	1	0.47512355	12	2855.8381	2856.4381	2856.4381	2856.6381	2856.9132
3	16	1	2	313	2	2	6	13	5	1	5	1	0.48154508	13	2858.4573	2858.6573	2858.6573	2858.8573	2859.1389
3	16	1	2	314	2	2	6	14	3	1	4	1	0.39870845	14	2860.6764	2860.8764	2860.8765	2861.0765	2861.2752
3	16	1	2	315	2	2	6	15	4	1	5	1	0.57043985	15	2862.8956	2863.0956	2863.0956	2863.2956	2863.6661
3	16	1	2	316	2	2	6	16	2	1	4	1	0.53565158	16	2865.1141	2865.3141	2865.3141	2865.5141	2865.8497
3	16	1	2	317	2	2	6	17	1	1	4	1	0.55575181	17	2867.3328	2867.5328	2867.5328	2867.7328	2868.0885
3	16	1	2	318	2	2	6	18	1	2	4	1	0.56529299	18	2869.5517	2870.1517	2870.1517	2870.3517	2870.717
3	16	1	2	319	2	2	6	19	4	2	5	1	0.34551592	19	2872.171	2872.771	2872.771	2872.971	2873.1165
3	16	1	2	320	2	2	6	20	3	1	4	1	0.84108409	20	2874.7901	2874.9901	2874.9901	2875.1901	2875.8312
3	16	1	2	321	2	2	6	21	1	2	4	1	0.58462466	21	2877.0095	2877.6095	2877.6095	2877.8095	2878.1942
3	16	1	2	322	2	2	6	22	1	1	4	1	0.56922332	22	2879.6293	2879.8293	2879.8293	2880.0293	2880.3985
3	16	1	2	323	2	2	6	23	5	2	5	1	0.42735777	23	2881.8487	2882.4487	2882.4487	2882.6487	2882.8761
3	16	1	2	324	2	2	6	24	1	2	4	1	0.61877655	24	2884.4703	2885.0703	2885.0703	2885.2703	2885.6891
3	16	1	2	325	2	2	6	25	2	1	4	1	0.54164347	25	2887.0927	2887.2928	2887.2928	2887.4928	2887.8344
3	16	1	2	326	2	2	6	26	4	2	5	1	0.56982854	26	2889.3119	2889.9119	2889.9119	2890.1119	2890.4818
3	16	1	2	327	2	2	6	27	5	2	5	1	0.73634188	27	2891.9311	2892.5311	2892.5311	2892.7311	2893.2674
3	16	1	2	328	2	2	6	28	3	1	4	1	0.62053376	28	2894.55	2894.75	2894.75	2894.95	2895.3705
3	16	1	2	329	2	2	6	29	5	2	5	1	0.63319548	29	2896.7718	2897.3718	2897.3718	2897.5718	2898.005
3	16	1	2	330	2	2	6	30	6	1	5	1	0.59166541	30	2899.3937	2899.5937	2899.5938	2899.7938	2900.1854
3	16	1	2	331	2	6	6	1	4	1	6	1	1.3160024	1	2929.6732	2929.8732	2929.8732	2930.0732	2931.1892
3	16	1	2	332	2	6	6	2	4	2	6	1	0.57483785	2	2931.8988	2932.4988	2932.4988	2932.6988	2933.0736
3	16	1	2	333	2	6	6	3	6	2	8	1	1.2108454	3	2934.5183	2935.1183	2935.1183	2935.3183	2936.3292
3	16	1	2	334	2	6	6	4	4	1	6	1	0.99228874	4	2937.1383	2937.3383	2937.3383	2937.5383	2938.3306
3	16	1	2	335	2	6	6	5	1	1	1	1	0.8431793	5	2939.363	2939.563	2939.563	2939.763	2940.4062
3	16	1	2	336	2	6	6	6	3	2	3	1	0.86229202	6	2941.5829	2942.1829	2942.1829	2942.3829	2943.0452
3	16	1	2	337	2	6	6	7	5	2	7	1	0.97666099	7	2944.2035	2944.8035	2944.8035	2945.0035	2945.7802
3	16	1	2	338	2	6	6	8	2	1	2	1	1.131945	8	2946.8233	2947.0233	2947.0233	2947.2233	2948.1553
3	16	1	2	339	2	6	6	9	4	2	6	1	1.2815795	9	2949.043	2949.643	2949.643	2949.843	2950.9246
3	16	1	2	340	2	6	6	10	5	1	7	1	0.76316803	10	2951.6629	2951.8629	2951.8629	2952.0629	2952.626
3	16	1	2	341	2	6	6	11	1	2	1	1	0.86395222	11	2953.8837	2954.4837	2954.4837	2954.6837	2955.3476
3	16	1	2	342	2	6	6	12	1	2	1	1	0.76349083	12	2956.5044	2957.1044	2957.1044	2957.3044	2957.8679
3	16	1	2	343	2	6	6	13	3	1	3	1	1.086346	13	2959.1248	2959.3248	2959.3248	2959.5248	2960.4111
3	16	1	2	344	2	6	6	14	4	1	6	1	1.0334894	14	2961.3452	2961.5452	2961.5452	2961.7452	2962.5787
3	16	1	2	345	2	6	6	15	6	1	8	1	2.000998	15	2963.5655	2963.7655	2963.7655	2963.9655	2965.7665
3	16	1	2	346	2	6	6	16	5	1	7	1	0.8125821	16	2965.7891	2965.9891	2965.9891	2966.1891	2966.8017
3	16	1	2	347	2	6	6	17	6	1	8	1	1.9971562	17	2968.0099	2968.2099	2968.2099	2968.4099	2970.207
3	16	1	2	348	2	6	6	18	3	2	3	1	0.9403223	18	2970.2302	2970.8302	2970.8302	2971.0302	2971.7705
3	16	1	2	349	2	6	6	19	3	2	3	1	1.0028779	19	2972.8497	2973.4498	2973.4498	2973.6498	2974.4526
3	16	1	2	350	2	6	6	20	2	1	2	1	1.3967244	20	2975.4713	2975.6713	2975.6713	2975.8713	2977.068
3	16	1	2	351	2	6	6	21	6	2	6	0	1.0320308	20	2977.6927	2978.2927	2978.2927	2978.4927	2979.3247
3	16	1	2	352	2	6	6	22	5	1	7	1	0.70768366	21	2980.3128	2980.5128	2980.5128	2980.7128	2981.2205
3	16	1	2	353	2	6	6	23	5	2	7	1	0.81418236	22	2982.5334	2983.1334	2983.1334	2983.3334	2983.9476
3	16	1	2	354	2	6	6	24	6	2	8	1	1.4232972	23	2985.1537	2985.7538	2985.7538	2985.9538	2987.1771
3	16	1	2	355	2	6	6	25	2	1	2	1	0.86096954	24	2987.7745	2987.9745	2987.9745	2988.1745	2988.8355
3	16	1	2	356	2	6	6	26	3	2	3	1	0.92590573	25	2989.9953	2990.5953	2990.5953	2990.7953	2991.5212
3	16	1	2	357	2	6	6	27	1	2	1	1	1.2974946	26	2992.6166	2993.2166	2993.2166	2993.4166	2994.5141
3	16	1	2	358	2	6	6	28	1	1	1	1	0.75809317	27	2995.2367	2995.4367	2995.4367	2995.6367	2996.1948
3	16	1	2	359	2	6	6	29	2	2	2	1	0.89812	28	2997.4577	2998.0577	2998.0577	2998.2577	2998.9558
3	16	1	2	360	2	6	6	30	2	1	2	1	0.71738252	29	3000.0784	3000.2784	3000.2784	3000.4785	3000.9958
3	16	1	2	361	3	2	7	1	4	1	5	1	0.53216162	1	4097.8052	4098.0052	4098.0052	4098.2052	4098.5374
3	16	1	2	362	3	2	7	2	3	2	4	1	0.49799159	2	4100.0259	4100.6259	4100.6259	4100.8259	4101.1239
3	16	1	2	363	3	2	7	3	3	2	4	1	0.57274368	3	4102.6471	4103.2471	4103.2471	4103.4471	4103.8198
3	16	1	2	364	3	2	7	4	5	1	5	1	0.70215166	4	4105.2679	4105.4679	4105.4679	4105.6679	4106.17
3	16	1	2	365	3	2	7	5	6	1	5	1	1.3921586	5	4107.4887	4107.6887	4107.6887	4107.8887	4109.0808
3	16	1	2	366	3	2	7	6	2	2	4	1	0.47491574	6	4109.7103	4110.3103	4110.3103	4110.5104	4110.7853
3	16	1	2	367	3	2	7	7	3	2	4	1	1.72753	7	4112.3318	4112.9318	4112.9318	4113.1318	4114.6593
3	16	1	2	368	3	2	7	8	5	1	5	1	0.56762605	8	4114.9532	4115.1532	4115.1532	4115.3532	4115.7208
3	16	1	2	369	3	2	7	9	2	2	4	1	1.005	9	4117.1768	4117.7768	4117.7768	4117.9768	4118.7818
3	16	1	2	370	3	2	7	10	2	1	4	1	0.53413015	10	4119.799	4119.999	4119.999	4120.199	4120.5332
3	16	1	2	371	3	2	7	11	5	2	5	1	0.66235159	11	4122.0206	4122.6206	4122.6206	4122.8206	4123.283
3	16	1	2	372	3	2	7	12	6	2	5	1	0.50562504	12	4124.6423	4125.2423	4125.2423	4125.4423	4125.7479
3	16	1	2	373	3	2	7	13	1	1	4	1	0.66716165	13	4127.2631	4127.4631	4127.4631	4127.6631	4128.1303
3	16	1	2	374	3	2	7	14	6	1	5	1	0.65307881	14	4129.4837	4129.6837	4129.6837	4129.8837	4130.3368
3	16	1	2	375	3	2	7	15	1	1	4	1	0.98790986	15	4131.705	4131.905	4131.905	4132.105	4132.8929
3	16	1	2	376	3	2	7	16	6	1	5	1	1.0137483	16	4133.926	4134.126	4134.126	4134.326	4135.1398
3	16	1	2	377	3	2	7	17	3	1	4	1	0.75503249	17	4136.1525	4136.3525	4136.3525	4136.5525	4137.1076
3	16	1	2	378	3	2	7	18	4	2	5	1	0.72404774	18	4138.3741	4138.9741	4138.9741	4139.1741	4139.6982
3	16	1	2	379	3	2	7	19	1	2	4	1	0.55789586	19	4140.9961	4141.5961	4141.5961	4141.7961	4142.154
3	16	1	2	380	3	2	7	20	4	1	5	1	1.3843211	20	4143.618	4143.818	4143.818	4144.018	4145.2023
3	16	1	2	381	3	2	7	21	1	2	4	1	0.5716292	21	4145.8403	4146.4403	4146.4403	4146.6403	4147.0119
3	16	1	2	382	3	2	7	22	6	1	5	1	0.55384403	22	4148.462	4148.662	4148.662	4148.862	4149.2158
3	16	1	2	383	3	2	7	23	5	2	5	1	0.77706694	23	4150.6837	4151.2837	4151.2837	4151.4837	4152.0608
3	16	1	2	384	3	2	7	24	3	2	4	1	0.40768291	24	4153.3056	4153.9056	4153.9056	4154.1056	4154.3133
3	16	1	2	385	3	2	7	25	4	1	5	1	0.55418315	25	4155.9299	4156.1299	4156.1299	4156.3299	4156.6841
3	16	1	2	386	3	2	7	26	5	2	5	1	0.50580247	26	4158.152	4158.752	4158.752	4158.952	4159.2578
3	16	1	2	387	3	2	7	27	4	2	5	1	0.71749362	27	4160.7747	4161.3747	4161.3747	4161.5747	4162.0922
3	16	1	2	388	3	2	7	28	1	1	4	1	0.51749379	28	4163.3971	4163.5971	4163.5971	4163.7971	4164.1146
3	16	1	2	389	3	2	7	29	2	2	4	1	0.62927678	29	4165.6196	4166.2196	4166.2196	4166.4196	4166.8489
3	16	1	2	390	3	2	7	30	2	1	4	1	0.77777095	30	4168.2413	4168.4413	4168.4413	4168.6413	4169.219
3	16	1	2	391	3	6	7	1	5	1	7	1	1.0618891	1	4198.7557	4198.9557	4198.9557	4199.1557	4200.0176
3	16	1	2	392	3	6	7	2	1	2	1	1	1.0831943	2	4200.9775	4201.5775	4201.5775	4201.7775	4202.6607
3	16	1	2	393	3	6	7	3	2	2	2	1	0.90056341	3	4203.5998	4204.1998	4204.1998	4204.3998	4205.1004
3	16	1	2	394	3	6	7	4	3	1	3	1	0.78681331	4	4206.2219	4206.4219	4206.4219	4206.6219	4207.2087
3	16	1	2	395	3	6	7	5	6	1	8	1	1.550365	5	4208.4439	4208.6439	4208.6439	4208.8439	4210.1943
3	16	1	2	396	3	6	7	6	1	2	1	1	1.8814788	6	4210.6674	4211.2674	4211.2674	4211.4674	4213.1489
3	16	1	2	397	3	6	7	7	5	2	7	1	1.0017757	7	4213.2898	4213.8898	4213.8898	4214.0898	4214.8916
3	16	1	2	398	3	6	7	8	5	1	7	1	0.75277561	8	4215.912	4216.112	4216.112	4216.312	4216.8648
3	16	1	2	399	3	6	7	9	6	2	8	1	0.90010968	9	4218.1345	4218.7345	4218.7345	4218.9345	4219.6346
3	16	1	2	400	3	6	7	10	2	1	3	0	1.9994998	9	4220.757	4220.957	4220.957	4221.157	4222.9565
3	16	1	2	401	3	6	7	11	4	2	6	1	1.1009854	10	4222.9818	4223.5818	4223.5818	4223.7818	4224.6828
3	16	1	2	402	3	6	7	12	5	2	7	1	0.89195604	11	4225.6078	4226.2078	4226.2078	4226.4078	4227.0997
3	16	1	2	403	3	6	7	13	6	1	8	1	1.0758158	12	4228.2302	4228.4302	4228.4302	4228.6302	4229.506
3	16	1	2	404	3	6	7	14	3	1	3	1	0.82289052	13	4230.4535	4230.6535	4230.6535	4230.8535	4231.4764
3	16	1	2	405	3	6	7	15	1	1	1	1	1.0618254	14	4232.6758	4232.8758	4232.8758	4233.0758	4233.9376
3	16	1	2	406	3	6	7	16	4	1	6	1	1.026018	15	4234.8986	4235.0986	4235.0986	4235.2987	4236.1247
3	16	1	2	407	3	6	7	17	2	1	2	1	1.9979959	16	4237.121	4237.321	4237.321	4237.521	4239.319
3	16	1	2	408	3	6	7	18	5	2	7	1	0.71831113	17	4239.3464	4239.9464	4239.9464	4240.1464	4240.6647
3	16	1	2	409	3	6	7	19	3	2	3	1	1.0006046	18	4241.9687	4242.5687	4242.5687	4242.7687	4243.5693
3	16	1	2	410	3	6	7	20	3	1	3	1	1.7866035	19	4244.5918	4244.7918	4244.7918	4244.9918	4246.5784
3	16	1	2	411	3	6	7	21	3	2	3	1	0.83611989	20	4246.8147	4247.4147	4247.4147	4247.6147	4248.2508
3	16	1	2	412	3	6	7	22	4	1	6	1	1.3639974	21	4249.4372	4249.6372	4249.6372	4249.8372	4251.0012
3	16	1	2	413	3	6	7	23	6	2	8	1	1.4408336	22	4251.6602	4252.2602	4252.2602	4252.4602	4253.7011
3	16	1	2	414	3	6	7	24	2	2	2	1	1.9263372	23	4254.2843	4254.8843	4254.8843	4255.0843	4256.8107
3	16	1	2	415	3	6	7	25	1	1	1	1	1.1313357	24	4256.9098	4257.1098	4257.1098	4257.3098	4258.2411
3	16	1	2	416	3	6	7	26	1	2	1	1	0.71732266	25	4259.1328	4259.7328	4259.7328	4259.9328	4260.4501
3	16	1	2	417	3	6	7	27	4	2	6	1	0.98581251	26	4261.762	4262.362	4262.362	4262.562	4263.3479
3	16	1	2	418	3	6	7	28	4	1	6	1	0.59103555	27	4264.386	4264.586	4264.586	4264.786	4265.177
3	16	1	2	419	3	6	7	29	2	2	2	1	1.5029182	28	4266.609	4267.209	4267.209	4267.409	4268.712
3	16	1	2	420	3	6	7	30	6	1	8	1	1.9820688	29	4269.2348	4269.4348	4269.4348	4269.6348	4271.4168
3	16	1	2	421	3	2	8	1	3	1	4	1	0.57232751	1	4299.5249	4299.7249	4299.7249	4299.9249	4300.2973
3	16	1	2	422	3	2	8	2	6	2	5	1	0.41523903	2	4301.7487	4302.3487	4302.3487	4302.5487	4302.7639
3	16	1	2	423	3	2	8	3	6	2	5	1	0.64713586	3	4304.3719	4304.9719	4304.9719	4305.1719	4305.619
3	16	1	2	424	3	2	8	4	1	1	4	1	0.52136185	4	4306.995	4307.195	4307.195	4307.395	4307.7163
3	16	1	2	425	3	2	8	5	6	1	5	1	0.63796864	5	4309.2184	4309.4184	4309.4184	4309.6184	4310.0564
3	16	1	2	426	3	2	8	6	2	2	4	1	0.70408694	6	4311.4422	4312.0422	4312.0422	4312.2422	4312.7463
3	16	1	2	427	3	2	8	7	6	2	5	1	0.53723109	7	4314.067	4314.667	4314.667	4314.867	4315.2042
3	16	1	2	428	3	2	8	8	4	1	5	1	0.60994476	8	4316.6906	4316.8906	4316.8906	4317.0906	4317.5006
3	16	1	2	429	3	2	8	9	1	2	4	1	0.55502903	9	4318.914	4319.514	4319.514	4319.714	4320.0691
3	16	1	2	430	3	2	8	10	5	1	5	1	0.59904934	10	4321.5396	4321.7396	4321.7396	4321.9396	4322.3386
3	16	1	2	431	3	2	8	11	5	2	5	1	0.62900929	11	4323.8945	4324.4945	4324.4945	4324.6945	4325.1235
3	16	1	2	432	3	2	8	12	2	2	4	1	0.54661086	12	4326.5183	4327.1184	4327.1184	4327.3184	4327.665
3	16	1	2	433	3	2	8	13	4	1	5	1	0.67295913	13	4329.1459	4329.3459	4329.3459	4329.5459	4330.0189
3	16	1	2	434	3	2	8	14	4	1	5	1	0.53876027	14	4331.3702	4331.5702	4331.5702	4331.7702	4332.109
3	16	1	2	435	3	2	8	15	3	1	4	1	0.64584236	15	4333.5969	4333.7969	4333.7969	4333.9969	4334.4427
3	16	1	2	436	3	2	8	16	5	1	5	1	0.6045842	16	4335.8203	4336.0203	4336.0203	4336.2203	4336.6249
3	16	1	2	437	3	2	8	17	6	1	5	1	0.57780465	17	4338.0469	4338.2469	4338.2469	4338.4469	4338.8247
3	16	1	2	438	3	2	8	18	1	2	4	1	0.54720152	18	4340.2711	4340.8711	4340.8711	4341.0711	4341.4183
3	16	1	2	439	3	2	8	19	3	2	4	1	0.62941402	19	4342.8955	4343.4956	4343.4956	4343.6956	4344.125
3	16	1	2	440	3	2	8	20	2	1	4	1	0.8495104	20	4345.5195	4345.7195	4345.7195	4345.9195	4346.569
3	16	1	2	441	3	2	8	21	3	2	4	1	0.63777218	21	4347.7475	4348.3475	4348.3475	4348.5475	4348.9853
3	16	1	2	442	3	2	8	22	4	1	5	1	0.535482	22	4350.3715	4350.5715	4350.5715	4350.7715	4351.107
3	16	1	2	443	3	2	8	23	1	2	4	1	0.61459812	23	4352.5955	4353.1955	4353.1955	4353.3955	4353.8101
3	16	1	2	444	3	2	8	24	2	2	4	1	0.58916011	24	4355.2199	4355.8199	4355.8199	4356.0199	4356.4091
3	16	1	2	445	3	2	8	25	5	1	5	1	0.52635145	25	4357.8439	4358.044	4358.044	4358.244	4358.5703
3	16	1	2	446	3	2	8	26	1	2	4	1	0.63263647	26	4360.0683	4360.6683	4360.6683	4360.8683	4361.3009
3	16	1	2	447	3	2	8	27	4	2	5	1	0.61660377	27	4362.6931	4363.2931	4363.2931	4363.4931	4363.9097
3	16	1	2	448	3	2	8	28	5	1	5	1	0.62251761	28	4365.3172	4365.5172	4365.5172	4365.7172	4366.1398
3	16	1	2	449	3	2	8	29	3	2	4	1	0.44548883	29	4367.5423	4368.1423	4368.1423	4368.3423	4368.5878
3	16	1	2	450	3	2	8	30	2	1	4	1	0.62871163	30	4370.1666	4370.3666	4370.3666	4370.5666	4370.9953
3	16	1	2	451	3	6	8	1	3	1	3	1	0.99880239	1	4400.9257	4401.1257	4401.1257	4401.3257	4402.1245
3	16	1	2	452	3	6	8	2	6	2	8	1	1.3312665	2	4403.1519	4403.7519	4403.7519	4403.9519	4405.0831
3	16	1	2	453	3	6	8	3	1	2	1	1	1.5898955	3	4405.78	4406.38	4406.38	4406.58	4407.9699
3	16	1	2	454	3	6	8	4	4	1	6	1	1.1413221	4	4408.4045	4408.6045	4408.6045	4408.8045	4409.7458
3	16	1	2	455	3	6	8	5	4	1	6	1	0.7675011	5	4410.6296	4410.8296	4410.8296	4411.0296	4411.5971
3	16	1	2	456	3	6	8	6	1	2	1	1	0.86732962	6	4412.8546	4413.4546	4413.4546	4413.6546	4414.3219
3	16	1	2	457	3	6	8	7	6	2	8	1	1.0499414	7	4415.4798	4416.0798	4416.0798	4416.2798	4417.1297
3	16	1	2	458	3	6	8	8	2	1	2	1	1.9988098	8	4418.1048	4418.3048	4418.3048	4418.5048	4420.3036
3	16	1	2	459	3	6	8	9	6	2	8	1	1.2701938	9	4420.3314	4420.9314	4420.9314	4421.1315	4422.2016
3	16	1	2	460	3	6	8	10	3	1	3	1	1.190442	10	4422.9558	4423.1558	4423.1558	4423.3558	4424.3462
3	16	1	2	461	3	6	8	11	2	2	2	1	0.91356935	11	4425.1919	4425.7919	4425.7919	4425.9919	4426.7054
3	16	1	2	462	3	6	8	12	5	2	7	1	1.0429938	12	4427.8167	4428.4167	4428.4167	4428.6167	4429.4597
3	16	1	2	463	3	6	8	13	6	1	8	1	0.99064516	13	4430.4427	4430.6427	4430.6427	4430.8427	4431.6334
3	16	1	2	464	3	6	8	14	5	1	7	1	0.77994298	14	4432.6695	4432.8695	4432.8695	4433.0695	4433.6494
3	16	1	2	465	3	6	8	15	3	1	3	1	0.90286585	15	4434.8942	4435.0942	4435.0942	4435.2942	4435.997
3	16	1	2	466	3	6	8	16	2	1	2	1	1.2412492	16	4437.1195	4437.3195	4437.3195	4437.5195	4438.5608
3	16	1	2	467	3	6	8	17	6	1	8	1	0.93784772	17	4439.3444	4439.5444	4439.5444	4439.7444	4440.4822
3	16	1	2	468	3	6	8	18	1	2	1	1	1.3947093	18	4441.5697	4442.1697	4442.1697	4442.3697	4443.5644
3	16	1	2	469	3	6	8	19	5	2	7	1	0.80057208	19	4444.1954	4444.7954	4444.7954	4444.9954	4445.596
3	16	1	2	470	3	6	8	20	3	1	3	1	1.1538341	20	4446.8234	4447.0234	4447.0234	4447.2234	4448.1772
3	16	1	2	471	3	6	8	21	5	2	7	1	1.1955592	21	4449.0487	4449.6487	4449.6487	4449.8487	4450.8443
3	16	1	2	472	3	6	8	22	3	1	3	1	0.9401116	22	4451.6765	4451.8765	4451.8765	4452.0765	4452.8166
3	16	1	2	473	3	6	8	23	4	2	6	1	1.0042044	23	4453.9016	4454.5016	4454.5016	4454.7016	4455.5058
3	16	1	2	474	3	6	8	24	1	2	1	1	1.831561	24	4456.529	4457.129	4457.129	4457.329	4458.9605
3	16	1	2	475	3	6	8	25	4	1	6	1	0.94381127	25	4459.1555	4459.3555	4459.3555	4459.5555	4460.2993
3	16	1	2	476	3	6	8	26	5	2	7	1	0.80672078	26	4461.3819	4461.9819	4461.9819	4462.1819	4462.7886
3	16	1	2	477	3	6	8	27	1	2	1	1	1.0588855	27	4464.0077	4464.6077	4464.6077	4464.8077	4465.6666
3	16	1	2	478	3	6	8	28	2	1	2	1	1.5080643	28	4466.633	4466.833	4466.833	4467.033	4468.3411
3	16	1	2	479	3	6	8	29	4	2	6	1	1.4430136	29	4468.8584	4469.4584	4469.4584	4469.6584	4470.9014
3	16	1	2	480	3	6	8	30	2	1	2	1	1.1925635	30	4471.4843	4471.6843	4471.6843	4471.8843	4472.8768
3	16	1	2	481	3	2	9	1	2	1	4	1	0.75300822	1	4501.7842	4501.9842	4501.9842	4502.1842	4502.7372
3	16	1	2	482	3	2	9	2	5	2	5	1	0.48107227	2	4504.0119	4504.6119	4504.6119	4504.812	4505.093
3	16	1	2	483	3	2	9	3	4	2	5	1	0.69176352	3	4506.6399	4507.2399	4507.2399	4507.4399	4507.9316
3	16	1	2	484	3	2	9	4	6	1	5	1	0.55565141	4	4509.2661	4509.4661	4509.4661	4509.6661	4510.0218
3	16	1	2	485	3	2	9	5	2	1	4	1	0.61410481	5	4511.4943	4511.6944	4511.6944	4511.8944	4512.3085
3	16	1	2	486	3	2	9	6	2	2	4	1	0.67252494	6	4513.7205	4514.3205	4514.3205	4514.5205	4514.993
3	16	1	2	487	3	2	9	7	6	2	5	1	0.54766771	7	4516.3504	4516.9504	4516.9504	4517.1504	4517.4981
3	16	1	2	488	3	2	9	8	6	1	5	1	0.54719902	8	4518.9765	4519.1765	4519.1765	4519.3765	4519.7237
3	16	1	2	489	3	2	9	9	3	2	4	1	0.42604275	9	4521.2021	4521.8021	4521.8021	4522.0021	4522.2282
3	16	1	2	490	3	2	9	10	4	1	5	1	0.57971684	10	4523.8297	4524.0297	4524.0297	4524.2297	4524.6094
3	16	1	2	491	3	2	9	11	3	2	4	1	0.7292844	11	4526.0559	4526.6559	4526.6559	4526.8559	4527.3852
3	16	1	2	492	3	2	9	12	5	2	5	1	0.47864331	12	4528.6823	4529.2823	4529.2823	4529.4824	4529.761
3	16	1	2	493	3	2	9	13	1	1	4	1	0.62727642	13	4531.3118	4531.5118	4531.5118	4531.7118	4532.1391
3	16	1	2	494	3	2	9	14	5	1	5	1	0.486334	14	4533.5398	4533.7398	4533.7398	4533.9398	4534.2262
3	16	1	2	495	3	2	9	15	3	1	4	1	0.56299392	15	4535.7664	4535.9664	4535.9664	4536.1664	4536.5294
3	16	1	2	496	3	2	9	16	6	1	5	1	0.50374444	16	4537.9929	4538.1929	4538.1929	4538.3929	4538.6967
3	16	1	2	497	3	2	9	17	1	1	4	1	0.55944875	17	4540.2208	4540.4208	4540.4208	4540.6208	4540.9802
3	16	1	2	498	3	2	9	18	1	2	4	1	0.63384155	18	4542.4477	4543.0477	4543.0477	4543.2477	4543.6815
3	16	1	2	499	3	2	9	19	4	2	5	1	0.50400854	19	4545.075	4545.675	4545.675	4545.875	4546.179
3	16	1	2	500	3	2	9	20	3	1	4	1	0.64532812	20	4547.7019	4547.9019	4547.9019	4548.1019	4548.5473
3	16	1	2	501	3	2	9	21	5	2	5	1	0.36410829	21	4549.9288	4550.5288	4550.5288	4550.7288	4550.8929
3	16	1	2	502	3	2	9	22	1	1	4	1	1.3259419	22	4552.5553	4552.7553	4552.7553	4552.9553	4554.0813
3	16	1	2	503	3	2	9	23	2	2	4	1	0.7303139	23	4554.7825	4555.3825	4555.3825	4555.5825	4556.1128
3	16	1	2	504	3	2	9	24	1	2	4	1	0.56813778	24	4557.4093	4558.0093	4558.0093	4558.2093	4558.5774
3	16	1	2	505	3	2	9	25	3	1	4	1	0.58326754	25	4560.0359	4560.2359	4560.2359	4560.4359	4560.8192
3	16	1	2	506	3	2	9	26	6	2	5	1	0.58431005	26	4562.2634	4562.8634	4562.8634	4563.0634	4563.4477
3	16	1	2	507	3	2	9	27	4	2	5	1	0.61687729	27	4564.8906	4565.4906	4565.4906	4565.6906	4566.1075
3	16	1	2	508	3	2	9	28	5	1	5	1	0.45974936	28	4567.5175	4567.7175	4567.7175	4567.9175	4568.1773
3	16	1	2	509	3	2	9	29	2	2	4	1	0.75382491	29	4569.7452	4570.3452	4570.3452	4570.5452	4571.099
3	16	1	2	510	3	2	9	30	4	1	5	1	0.59836858	30	4572.3726	4572.5726	4572.5726	4572.7726	4573.171
3	16	1	2	511	3	6	9	1	3	1	3	1	0.8576908	1	4602.6643	4602.8643	4602.8643	4603.0643	4603.722
3	16	1	2	512	3	6	9	2	5	2	7	1	0.76589739	2	4604.8919	4605.4919	4605.4919	4605.6919	4606.2578
3	16	1	2	513	3	6	9	3	3	2	3	1	0.82663085	3	4607.5187	4608.1187	4608.1187	4608.3187	4608.9453
3	16	1	2	514	3	6	9	4	3	1	3	1	1.1070034	4	4610.1462	4610.3462	4610.3462	4610.5462	4611.4532
3	16	1	2	515	3	6	9	5	6	1	8	1	0.8148047	5	4612.3778	4612.5778	4612.5778	4612.7778	4613.3926
3	16	1	2	516	3	6	9	6	1	2	1	1	0.82934404	6	4614.6052	4615.2052	4615.2052	4615.4052	4616.0346
3	16	1	2	517	3	6	9	7	1	2	1	1	0.73203702	7	4617.2326	4617.8326	4617.8326	4618.0326	4618.5646
3	16	1	2	518	3	6	9	8	5	1	7	1	0.88603724	8	4619.86	4620.06	4620.06	4620.26	4620.9461
3	16	1	2	519	3	6	9	9	2	2	0	0	-4622.6872	8	4622.0872	4622.6872	4622.6872	4622.8872	0
3	16	1	2	520	3	6	9	10	4	1	6	1	1.8881707	9	4624.7146	4624.9146	4624.9146	4625.1146	4626.8028
3	16	1	2	521	3	6	9	11	1	2	1	1	0.83839504	10	4626.9426	4627.5426	4627.5426	4627.7426	4628.381
3	16	1	2	522	3	6	9	12	6	2	8	1	1.5680676	11	4629.5701	4630.1701	4630.1702	4630.3702	4631.7382
3	16	1	2	523	3	6	9	13	6	1	8	1	0.62647053	12	4632.1982	4632.3982	4632.3982	4632.5982	4633.0247
3	16	1	2	524	3	6	9	14	4	1	6	1	1.2592565	13	4634.426	4634.626	4634.626	4634.826	4635.8853
3	16	1	2	525	3	6	9	15	1	1	1	1	0.86293539	14	4636.6539	4636.854	4636.854	4637.054	4637.7169
3	16	1	2	526	3	6	9	16	2	1	7	0	1.1935993	14	4638.8818	4639.0818	4639.0818	4639.2818	4640.2754
3	16	1	2	527	3	6	9	17	5	1	7	1	0.94837132	15	4641.1107	4641.3107	4641.3107	4641.5107	4642.2591
3	16	1	2	528	3	6	9	18	5	2	7	1	0.66474313	16	4643.3388	4643.9388	4643.9388	4644.1388	4644.6036
3	16	1	2	529	3	6	9	19	5	2	7	1	0.71409138	17	4645.9668	4646.5668	4646.5668	4646.7668	4647.2809
3	16	1	2	530	3	6	9	20	1	1	1	1	1.0818817	18	4648.5947	4648.7947	4648.7947	4648.9947	4649.8765
3	16	1	2	531	3	6	9	21	3	2	3	1	0.90848677	19	4650.8228	4651.4228	4651.4228	4651.6228	4652.3313
3	16	1	2	532	3	6	9	22	4	1	6	1	0.98988472	20	4653.4505	4653.6505	4653.6505	4653.8505	4654.6404
3	16	1	2	533	3	6	9	23	4	2	6	1	0.78774877	21	4655.678	4656.2781	4656.2781	4656.4781	4657.0658
3	16	1	2	534	3	6	9	24	3	2	3	1	0.91194346	22	4658.3063	4658.9063	4658.9063	4659.1063	4659.8183
3	16	1	2	535	3	6	9	25	6	1	8	1	1.0449536	23	4660.9344	4661.1344	4661.1344	4661.3344	4662.1794
3	16	1	2	536	3	6	9	26	2	2	2	1	1.8474624	24	4663.1628	4663.7628	4663.7629	4663.9629	4665.6103
3	16	1	2	537	3	6	9	27	2	2	2	1	0.62012723	25	4665.7925	4666.3925	4666.3925	4666.5925	4667.0127
3	16	1	2	538	3	6	9	28	4	1	6	1	0.70395744	26	4668.4213	4668.6213	4668.6213	4668.8213	4669.3252
3	16	1	2	539	3	6	9	29	2	2	2	1	0.74748278	27	4670.6494	4671.2494	4671.2494	4671.4494	4671.9969
3	16	1	2	540	3	6	9	30	6	1	6	0	1.6523896	27	4673.2775	4673.4775	4673.4775	4673.6775	4675.1299
3	16	1	2	541	4	2	10	1	6	1	5	1	0.63780672	1	5240.9036	5241.1036	5241.1036	5241.3036	5241.7414
3	16	1	2	542	4	2	10	2	1	2	4	1	0.55018902	2	5243.1317	5243.7317	5243.7317	5243.9317	5244.2819
3	16	1	2	543	4	2	10	3	4	2	5	1	0.43297759	3	5245.7637	5246.3637	5246.3637	5246.5637	5246.7967
3	16	1	2	544	4	2	10	4	2	1	4	1	0.56080398	4	5248.3941	5248.5941	5248.5941	5248.7941	5249.1549
3	16	1	2	545	4	2	10	5	5	1	5	1	0.54241844	5	5250.6227	5250.8227	5250.8227	5251.0227	5251.3651
3	16	1	2	546	4	2	10	6	5	2	5	1	0.44987688	6	5252.8511	5253.4511	5253.4511	5253.6511	5253.901
3	16	1	2	547	4	2	10	7	5	2	5	1	0.45886491	7	5255.4796	5256.0796	5256.0796	5256.2796	5256.5385
3	16	1	2	548	4	2	10	8	6	1	5	1	0.44697101	8	5258.1081	5258.3081	5258.3081	5258.5081	5258.7551
3	16	1	2	549	4	2	10	9	6	2	5	1	0.45855136	9	5260.3371	5260.9371	5260.9371	5261.1371	5261.3957
3	16	1	2	550	4	2	10	10	4	1	5	1	0.43605182	10	5262.9668	5263.1668	5263.1668	5263.3668	5263.6029
3	16	1	2	551	4	2	10	11	5	2	5	1	0.46889807	11	5265.1954	5265.7954	5265.7954	5265.9954	5266.2643
3	16	1	2	552	4	2	10	12	4	2	5	1	0.51995526	12	5267.8269	5268.4269	5268.4269	5268.6269	5268.9468
3	16	1	2	553	4	2	10	13	2	1	4	1	0.50864161	13	5270.4555	5270.6555	5270.6555	5270.8555	5271.1642
3	16	1	2	554	4	2	10	14	4	1	5	1	0.55690796	14	5272.6847	5272.8847	5272.8847	5273.0847	5273.4416
3	16	1	2	555	4	2	10	15	2	1	4	1	0.69673849	15	5274.9132	5275.1132	5275.1132	5275.3132	5275.81
3	16	1	2	556	4	2	10	16	6	1	5	1	0.75529712	16	5277.1425	5277.3425	5277.3425	5277.5425	5278.0978
3	16	1	2	557	4	2	10	17	3	1	4	1	0.61961389	17	5279.3741	5279.5741	5279.5741	5279.7741	5280.1937
3	16	1	2	558	4	2	10	18	1	2	4	1	0.75273334	18	5281.6033	5282.2033	5282.2033	5282.4033	5282.956
3	16	1	2	559	4	2	10	19	2	2	4	1	0.79572962	19	5284.2331	5284.8331	5284.8331	5285.0331	5285.6289
3	16	1	2	560	4	2	10	20	1	1	4	1	0.71776152	20	5286.8618	5287.0618	5287.0618	5287.2618	5287.7795
3	16	1	2	561	4	2	10	21	5	2	5	1	0.50677875	21	5289.0906	5289.6906	5289.6906	5289.8906	5290.1973
3	16	1	2	562	4	2	10	22	4	1	5	1	0.57759739	22	5291.7198	5291.9198	5291.9198	5292.1198	5292.4974
3	16	1	2	563	4	2	10	23	1	2	4	1	0.5853082	23	5293.9519	5294.5519	5294.5519	5294.7519	5295.1372
3	16	1	2	564	4	2	10	24	2	2	4	1	0.63042106	24	5296.5811	5297.1811	5297.1811	5297.3811	5297.8115
3	16	1	2	565	4	2	10	25	6	1	5	1	0.60916025	25	5299.2107	5299.4107	5299.4107	5299.6107	5300.0198
3	16	1	2	566	4	2	10	26	3	2	4	1	0.56986098	26	5301.4404	5302.0404	5302.0404	5302.2404	5302.6103
3	16	1	2	567	4	2	10	27	3	2	4	1	0.60709697	27	5304.0698	5304.6699	5304.6699	5304.8699	5305.277
3	16	1	2	568	4	2	10	28	3	1	4	1	0.55833127	28	5306.6998	5306.8998	5306.8998	5307.0998	5307.4581
3	16	1	2	569	4	2	10	29	1	2	4	1	0.50562149	29	5308.9298	5309.5298	5309.5298	5309.7298	5310.0354
3	16	1	2	570	4	2	10	30	3	1	4	1	0.52975961	30	5311.5591	5311.7591	5311.7591	5311.9591	5312.2889
3	16	1	2	571	4	6	10	1	6	1	8	1	1.0674081	1	5342.2634	5342.4634	5342.4634	5342.6634	5343.5308
3	16	1	2	572	4	6	10	2	4	2	6	1	0.90090906	2	5344.4932	5345.0932	5345.0932	5345.2933	5345.9942
3	16	1	2	573	4	6	10	3	1	2	1	1	1.093194	3	5347.1257	5347.7257	5347.7257	5347.9257	5348.8189
3	16	1	2	574	4	6	10	4	3	1	3	1	0.81344102	4	5349.7556	5349.9556	5349.9556	5350.1556	5350.769
3	16	1	2	575	4	6	10	5	3	1	3	1	0.67048405	5	5351.9856	5352.1856	5352.1856	5352.3856	5352.8561
3	16	1	2	576	4	6	10	6	3	2	3	1	0.54841376	6	5354.2156	5354.8156	5354.8156	5355.0156	5355.364
3	16	1	2	577	4	6	10	7	6	2	8	1	0.9163319	7	5356.8456	5357.4456	5357.4456	5357.6456	5358.3619
3	16	1	2	578	4	6	10	8	6	1	8	1	0.6707906	8	5359.4754	5359.6754	5359.6754	5359.8754	5360.3462
3	16	1	2	579	4	6	10	9	5	2	7	1	0.6812988	9	5361.7056	5362.3056	5362.3056	5362.5056	5362.9869
3	16	1	2	580	4	6	10	10	4	1	6	1	1.601274	10	5364.3355	5364.5355	5364.5355	5364.7355	5366.1368
3	16	1	2	581	4	6	10	11	5	2	7	1	0.69073834	11	5366.5676	5367.1676	5367.1676	5367.3676	5367.8584
3	16	1	2	582	4	6	10	12	2	2	2	1	1.3712831	12	5369.198	5369.798	5369.798	5369.998	5371.1693
3	16	1	2	583	4	6	10	13	2	1	2	1	0.82308093	13	5371.8285	5372.0285	5372.0285	5372.2285	5372.8516
3	16	1	2	584	4	6	10	14	5	1	7	1	0.7589914	14	5374.0587	5374.2587	5374.2587	5374.4587	5375.0177
3	16	1	2	585	4	6	10	15	4	1	6	1	0.84940636	15	5376.2916	5376.4916	5376.4916	5376.6916	5377.341
3	16	1	2	586	4	6	10	16	2	1	2	1	0.90206212	16	5378.5231	5378.7231	5378.7231	5378.9231	5379.6252
3	16	1	2	587	4	6	10	17	4	1	6	1	0.83383316	17	5380.754	5380.954	5380.954	5381.154	5381.7878
3	16	1	2	588	4	6	10	18	2	2	2	1	0.91335614	18	5382.9842	5383.5842	5383.5842	5383.7842	5384.4976
3	16	1	2	589	4	6	10	19	1	2	1	1	0.66873489	19	5385.6144	5386.2144	5386.2144	5386.4144	5386.8831
3	16	1	2	590	4	6	10	20	6	1	8	1	1.0754987	20	5388.2452	5388.4452	5388.4452	5388.6452	5389.5207
3	16	1	2	591	4	6	10	21	3	2	3	1	0.92409405	21	5390.4761	5391.0761	5391.0761	5391.2761	5392.0002
3	16	1	2	592	4	6	10	22	4	1	6	1	0.8963201	22	5393.1077	5393.3077	5393.3077	5393.5077	5394.204
3	16	1	2	593	4	6	10	23	3	2	3	1	0.86272633	23	5395.3386	5395.9386	5395.9386	5396.1386	5396.8013
3	16	1	2	594	4	6	10	24	5	2	7	1	0.72100818	24	5397.9693	5398.5693	5398.5693	5398.7693	5399.2903
3	16	1	2	595	4	6	10	25	6	1	8	1	0.87579342	25	5400.5996	5400.7996	5400.7996	5400.9996	5401.6754
3	16	1	2	596	4	6	10	26	1	2	1	1	0.91681623	26	5402.8299	5403.4299	5403.4299	5403.6299	5404.3467
3	16	1	2	597	4	6	10	27	5	2	7	1	0.7894215	27	5405.4606	5406.0606	5406.0606	5406.2606	5406.85
3	16	1	2	598	4	6	10	28	2	1	2	1	1.2480553	28	5408.0909	5408.2909	5408.2909	5408.4909	5409.539
3	16	1	2	599	4	6	10	29	1	2	1	1	0.96044864	29	5410.3219	5410.9219	5410.9219	5411.1219	5411.8823
3	16	1	2	600	4	6	10	30	1	1	1	1	0.73874994	30	5412.9538	5413.1538	5413.1538	5413.3539	5413.8926
3	16	1	2	601	4	2	11	1	4	1	5	1	0.86049128	1	5443.2531	5443.4531	5443.4531	5443.6531	5444.3136
3	16	1	2	602	4	2	11	2	4	2	5	1	0.5258748	2	5445.485	5446.085	5446.085	5446.285	5446.6109
3	16	1	2	603	4	2	11	3	3	2	4	1	0.51251859	3	5448.1168	5448.7168	5448.7168	5448.9169	5449.2294
3	16	1	2	604	4	2	11	4	4	1	5	1	0.56324747	4	5450.7499	5450.9499	5450.9499	5451.1499	5451.5131
3	16	1	2	605	4	2	11	5	2	1	4	1	0.57409072	5	5452.981	5453.181	5453.181	5453.381	5453.7551
3	16	1	2	606	4	2	11	6	5	2	5	1	0.46854727	6	5455.2125	5455.8125	5455.8125	5456.0125	5456.281
3	16	1	2	607	4	2	11	7	6	2	5	1	0.46497343	7	5457.8432	5458.4432	5458.4432	5458.6432	5458.9082
3	16	1	2	608	4	2	11	8	3	1	4	1	0.78198023	8	5460.4747	5460.6747	5460.6747	5460.8747	5461.4567
3	16	1	2	609	4	2	11	9	3	2	4	1	0.59351827	9	5462.7059	5463.3059	5463.3059	5463.5059	5463.8994
3	16	1	2	610	4	2	11	10	3	1	4	1	0.56875993	10	5465.3372	5465.5372	5465.5372	5465.7372	5466.106
3	16	1	2	611	4	2	11	11	5	2	5	1	0.60445785	11	5467.5688	5468.1688	5468.1688	5468.3688	5468.7733
3	16	1	2	612	4	2	11	12	1	2	4	1	0.64516807	12	5470.2	5470.8	5470.8	5471	5471.4452
3	16	1	2	613	4	2	11	13	2	1	4	1	0.65031285	13	5472.8312	5473.0312	5473.0312	5473.2312	5473.6816
3	16	1	2	614	4	2	11	14	6	1	5	1	0.51975446	14	5475.0649	5475.2649	5475.2649	5475.4649	5475.7846
3	16	1	2	615	4	2	11	15	6	1	5	1	0.55970956	15	5477.2966	5477.4966	5477.4966	5477.6966	5478.0563
3	16	1	2	616	4	2	11	16	1	1	4	1	0.62325139	16	5479.5314	5479.7314	5479.7314	5479.9314	5480.3547
3	16	1	2	617	4	2	11	17	6	1	5	1	0.62104173	17	5481.7664	5481.9664	5481.9664	5482.1665	5482.5875
3	16	1	2	618	4	2	11	18	2	2	4	1	0.46047814	18	5483.9983	5484.5983	5484.5983	5484.7983	5485.0588
3	16	1	2	619	4	2	11	19	2	2	4	1	0.56510062	19	5486.6364	5487.2364	5487.2364	5487.4364	5487.8015
3	16	1	2	620	4	2	11	20	3	1	4	1	0.54489081	20	5489.2675	5489.4675	5489.4675	5489.6675	5490.0124
3	16	1	2	621	4	2	11	21	1	2	4	1	0.60736173	21	5491.4991	5492.0991	5492.0991	5492.2991	5492.7064
3	16	1	2	622	4	2	11	22	1	1	4	1	0.60675344	22	5494.1312	5494.3312	5494.3312	5494.5312	5494.938
3	16	1	2	623	4	2	11	23	5	2	5	1	0.46548093	23	5496.3625	5496.9625	5496.9625	5497.1625	5497.4279
3	16	1	2	624	4	2	11	24	4	2	5	1	0.76724501	24	5498.9944	5499.5944	5499.5944	5499.7944	5500.3616
3	16	1	2	625	4	2	11	25	6	1	5	1	0.53593576	25	5501.6281	5501.8281	5501.8281	5502.0281	5502.364
3	16	1	2	626	4	2	11	26	5	2	5	1	0.61310061	26	5503.8634	5504.4634	5504.4634	5504.6634	5505.0765
3	16	1	2	627	4	2	11	27	2	2	4	1	0.45064705	27	5506.496	5507.096	5507.096	5507.296	5507.5466
3	16	1	2	628	4	2	11	28	1	1	4	1	0.71401169	28	5509.1283	5509.3283	5509.3283	5509.5283	5510.0423
3	16	1	2	629	4	2	11	29	5	2	5	1	0.54844923	29	5511.3605	5511.9605	5511.9605	5512.1605	5512.5089
3	16	1	2	630	4	2	11	30	4	1	5	1	0.44932841	30	5513.9923	5514.1923	5514.1923	5514.3923	5514.6417
3	16	1	2	631	4	6	11	1	2	1	2	1	0.95606879	1	5544.7039	5544.904	5544.904	5545.104	5545.86
3	16	1	2	632	4	6	11	2	4	2	6	1	0.86052832	2	5546.9365	5547.5365	5547.5365	5547.7365	5548.397
3	16	1	2	633	4	6	11	3	1	2	1	1	1.1955966	3	5549.5684	5550.1684	5550.1684	5550.3684	5551.364
3	16	1	2	634	4	6	11	4	1	1	1	1	0.85657605	4	5552.201	5552.401	5552.401	5552.601	5553.2576
3	16	1	2	635	4	6	11	5	3	1	3	1	0.89547886	5	5554.4346	5554.6346	5554.6346	5554.8346	5555.53
3	16	1	2	636	4	6	11	6	3	2	3	1	0.67884614	6	5556.6687	5557.2687	5557.2687	5557.4687	5557.9476
3	16	1	2	637	4	6	11	7	6	2	8	1	1.1184814	7	5559.3009	5559.9009	5559.9009	5560.1009	5561.0194
3	16	1	2	638	4	6	11	8	2	1	2	1	1.0170779	8	5561.9337	5562.1337	5562.1337	5562.3337	5563.1508
3	16	1	2	639	4	6	11	9	1	2	1	1	0.85239799	9	5564.1667	5564.7667	5564.7667	5564.9667	5565.6191
3	16	1	2	640	4	6	11	10	5	1	7	1	0.91402912	10	5566.7991	5566.9991	5566.9991	5567.1991	5567.9132
3	16	1	2	641	4	6	11	11	2	2	2	1	0.97835206	11	5569.0316	5569.6316	5569.6316	5569.8316	5570.6099
3	16	1	2	642	4	6	11	12	1	2	1	1	0.88505188	12	5571.6638	5572.2639	5572.2639	5572.4639	5573.1489
3	16	1	2	643	4	6	11	13	5	1	7	1	0.77557792	13	5574.2974	5574.4974	5574.4974	5574.6974	5575.273
3	16	1	2	644	4	6	11	14	2	1	2	1	0.7204061	14	5576.5301	5576.7301	5576.7301	5576.9301	5577.4505
3	16	1	2	645	4	6	11	15	4	1	6	1	0.80765259	15	5578.7625	5578.9625	5578.9626	5579.1626	5579.7702
3	16	1	2	646	4	6	11	16	6	1	8	1	0.78923209	16	5580.9973	5581.1973	5581.1973	5581.3973	5581.9865
3	16	1	2	647	4	6	11	17	5	1	7	1	0.73112836	17	5583.2302	5583.4302	5583.4302	5583.6302	5584.1613
3	16	1	2	648	4	6	11	18	6	2	8	1	0.93502872	18	5585.4673	5586.0674	5586.0674	5586.2674	5587.0024
3	16	1	2	649	4	6	11	19	6	2	8	1	0.90928164	19	5588.1002	5588.7002	5588.7002	5588.9002	5589.6095
3	16	1	2	650	4	6	11	20	2	1	2	1	1.0852236	20	5590.7327	5590.9327	5590.9327	5591.1327	5592.018
3	16	1	2	651	4	6	11	21	1	2	1	1	0.66220478	21	5592.9669	5593.5669	5593.5669	5593.7669	5594.2291
3	16	1	2	652	4	6	11	22	4	1	6	1	0.85158218	22	5595.5996	5595.7996	5595.7996	5595.9996	5596.6511
3	16	1	2	653	4	6	11	23	3	2	3	1	0.78114031	23	5597.8362	5598.4362	5598.4362	5598.6362	5599.2173
3	16	1	2	654	4	6	11	24	3	2	3	1	0.70707218	24	5600.4695	5601.0695	5601.0695	5601.2695	5601.7766
3	16	1	2	655	4	6	11	25	3	1	3	1	0.70613643	25	5603.1054	5603.3054	5603.3054	5603.5054	5604.0115
3	16	1	2	656	4	6	11	26	4	2	6	1	0.7600272	26	5605.3404	5605.9404	5605.9404	5606.1404	5606.7004
3	16	1	2	657	4	6	11	27	5	2	7	1	0.72046241	27	5607.9767	5608.5767	5608.5767	5608.7767	5609.2972
3	16	1	2	658	4	6	11	28	4	1	6	1	1.0315881	28	5610.6103	5610.8103	5610.8104	5611.0104	5611.8419
3	16	1	2	659	4	6	11	29	5	2	7	1	0.69070177	29	5612.8463	5613.4463	5613.4463	5613.6463	5614.137
3	16	1	2	660	4	6	11	30	6	1	8	1	0.95463572	30	5615.4799	5615.68	5615.68	5615.88	5616.6346
3	16	1	2	661	4	2	12	1	5	1	5	1	0.55027849	1	5645.9638	5646.1638	5646.1638	5646.3639	5646.7141
3	16	1	2	662	4	2	12	2	5	2	5	1	0.55126505	2	5648.198	5648.798	5648.798	5648.998	5649.3492
3	16	1	2	663	4	2	12	3	3	2	4	1	0.47782683	3	5650.8313	5651.4313	5651.4313	5651.6314	5651.9092
3	16	1	2	664	4	2	12	4	1	1	4	1	0.65721092	4	5653.465	5653.665	5653.6651	5653.8651	5654.3223
3	16	1	2	665	4	2	12	5	3	1	4	1	0.60147829	5	5655.6984	5655.8984	5655.8984	5656.0984	5656.4999
3	16	1	2	666	4	2	12	6	4	2	5	1	0.65348105	6	5657.9321	5658.5321	5658.5322	5658.7322	5659.1856
3	16	1	2	667	4	2	12	7	3	2	4	1	0.59116385	7	5660.5663	5661.1663	5661.1663	5661.3663	5661.7575
3	16	1	2	668	4	2	12	8	6	1	5	1	0.63386448	8	5663.1998	5663.3998	5663.3998	5663.5998	5664.0337
3	16	1	2	669	4	2	12	9	6	2	5	1	0.59304266	9	5665.4337	5666.0337	5666.0337	5666.2337	5666.6268
3	16	1	2	670	4	2	12	10	1	1	4	1	0.60715478	10	5668.0678	5668.2678	5668.2678	5668.4678	5668.875
3	16	1	2	671	4	2	12	11	4	2	5	1	0.45339748	11	5670.3022	5670.9022	5670.9022	5671.1022	5671.3556
3	16	1	2	672	4	2	12	12	6	2	5	1	0.65747574	12	5672.9356	5673.5356	5673.5356	5673.7356	5674.1931
3	16	1	2	673	4	2	12	13	5	1	5	1	0.60101169	13	5675.5699	5675.7699	5675.7699	5675.9699	5676.3709
3	16	1	2	674	4	2	12	14	5	1	5	1	0.55173048	14	5677.8038	5678.0038	5678.0038	5678.2038	5678.5555
3	16	1	2	675	4	2	12	15	3	1	4	1	0.44472833	15	5680.0379	5680.2379	5680.2379	5680.4379	5680.6827
3	16	1	2	676	4	2	12	16	2	1	4	1	0.87604733	16	5682.2715	5682.4715	5682.4715	5682.6715	5683.3475
3	16	1	2	677	4	2	12	17	1	1	4	1	0.64085771	17	5684.5071	5684.7071	5684.7071	5684.9071	5685.348
3	16	1	2	678	4	2	12	18	2	2	4	1	0.63998264	18	5686.7411	5687.3411	5687.3411	5687.5411	5687.9811
3	16	1	2	679	4	2	12	19	1	2	4	1	0.57999095	19	5689.3752	5689.9752	5689.9752	5690.1752	5690.5552
3	16	1	2	680	4	2	12	20	6	1	5	1	0.51238043	20	5692.0096	5692.2096	5692.2096	5692.4096	5692.7219
3	16	1	2	681	4	2	12	21	2	2	4	1	0.72072351	21	5694.2432	5694.8432	5694.8432	5695.0432	5695.5639
3	16	1	2	682	4	2	12	22	4	1	5	1	0.58789842	22	5696.8792	5697.0792	5697.0792	5697.2792	5697.6671
3	16	1	2	683	4	2	12	23	2	2	4	1	0.52888969	23	5699.1138	5699.7138	5699.7138	5699.9138	5700.2427
3	16	1	2	684	4	2	12	24	5	2	5	1	0.50259214	24	5701.7493	5702.3493	5702.3493	5702.5493	5702.8519
3	16	1	2	685	4	2	12	25	1	1	4	1	0.5624785	25	5704.3838	5704.5838	5704.5838	5704.7838	5705.1463
3	16	1	2	686	4	2	12	26	4	2	5	1	0.52708369	26	5706.6183	5707.2184	5707.2184	5707.4184	5707.7454
3	16	1	2	687	4	2	12	27	2	2	4	1	0.61548565	27	5709.2525	5709.8525	5709.8525	5710.0525	5710.468
3	16	1	2	688	4	2	12	28	6	1	5	1	0.41202702	28	5711.8868	5712.0868	5712.0868	5712.2868	5712.4988
3	16	1	2	689	4	2	12	29	4	2	5	1	0.58510122	29	5714.1219	5714.7219	5714.7219	5714.9219	5715.307
3	16	1	2	690	4	2	12	30	3	1	4	1	0.60230749	30	5716.7565	5716.9565	5716.9565	5717.1565	5717.5589
3	16	1	2	691	4	6	12	1	4	1	6	1	0.94735946	1	5747.0552	5747.2552	5747.2552	5747.4552	5748.2025
3	16	1	2	692	4	6	12	2	3	2	3	1	0.81556285	2	5749.2902	5749.8902	5749.8902	5750.0902	5750.7057
3	16	1	2	693	4	6	12	3	4	2	6	1	0.88595251	3	5751.9253	5752.5253	5752.5253	5752.7253	5753.4112
3	16	1	2	694	4	6	12	4	2	1	2	1	1.0564264	4	5754.5603	5754.7603	5754.7603	5754.9603	5755.8167
3	16	1	2	695	4	6	12	5	5	1	7	1	0.967061	5	5756.7952	5756.9953	5756.9953	5757.1953	5757.9623
3	16	1	2	696	4	6	12	6	5	2	7	1	0.64260147	6	5759.0335	5759.6335	5759.6335	5759.8335	5760.2761
3	16	1	2	697	4	6	12	7	2	2	2	1	0.79019942	7	5761.6689	5762.2689	5762.2689	5762.4689	5763.0591
3	16	1	2	698	4	6	12	8	4	1	6	1	0.87710474	8	5764.3038	5764.5038	5764.5038	5764.7038	5765.3809
3	16	1	2	699	4	6	12	9	3	2	3	1	0.77654878	9	5766.5362	5767.1362	5767.1362	5767.3362	5767.9127
3	16	1	2	700	4	6	12	10	4	1	6	1	1.1009474	10	5769.1723	5769.3723	5769.3723	5769.5723	5770.4733
3	16	1	2	701	4	6	12	11	6	2	8	1	0.87632879	11	5771.4071	5772.0071	5772.0071	5772.2071	5772.8834
3	16	1	2	702	4	6	12	12	6	2	8	1	0.7561961	12	5774.0465	5774.6465	5774.6465	5774.8465	5775.4027
3	16	1	2	703	4	6	12	13	6	1	8	1	0.72141752	13	5776.6825	5776.8825	5776.8825	5777.0825	5777.6039
3	16	1	2	704	4	6	12	14	5	1	7	1	0.7807969	14	5778.9181	5779.1181	5779.1181	5779.3181	5779.8989
3	16	1	2	705	4	6	12	15	2	1	2	1	1.161327	15	5781.1541	5781.3541	5781.3541	5781.5541	5782.5154
3	16	1	2	706	4	6	12	16	6	1	8	1	1.4192109	16	5783.3896	5783.5896	5783.5896	5783.7896	5785.0088
3	16	1	2	707	4	6	12	17	1	1	1	1	0.97185261	17	5785.6252	5785.8252	5785.8252	5786.0252	5786.797
3	16	1	2	708	4	6	12	18	1	2	1	1	0.92303834	18	5787.8635	5788.4635	5788.4635	5788.6635	5789.3865
3	16	1	2	709	4	6	12	19	3	2	3	1	0.71262002	19	5790.4997	5791.0997	5791.0997	5791.2997	5791.8123
3	16	1	2	710	4	6	12	20	4	1	6	1	0.80152113	20	5793.1356	5793.3356	5793.3356	5793.5356	5794.1371
3	16	1	2	711	4	6	12	21	2	2	2	1	1.4461889	21	5795.3733	5795.9733	5795.9733	5796.1733	5797.4195
3	16	1	2	712	4	6	12	22	6	1	8	1	0.94988294	22	5798.0088	5798.2088	5798.2088	5798.4089	5799.1587
3	16	1	2	713	4	6	12	23	2	2	2	1	1.1045525	23	5800.2448	5800.8448	5800.8448	5801.0448	5801.9494
3	16	1	2	714	4	6	12	24	1	2	1	1	1.9543485	24	5802.8803	5803.4803	5803.4803	5803.6803	5805.4347
3	16	1	2	715	4	6	12	25	5	1	7	1	0.72477792	25	5805.5184	5805.7184	5805.7184	5805.9184	5806.4432
3	16	1	2	716	4	6	12	26	5	2	7	1	0.7018486	26	5807.7552	5808.3552	5808.3552	5808.5552	5809.0571
3	16	1	2	717	4	6	12	27	3	2	3	1	0.8197764	27	5810.3911	5810.9911	5810.9911	5811.1911	5811.8109
3	16	1	2	718	4	6	12	28	3	1	3	1	0.53289448	28	5813.0309	5813.2309	5813.2309	5813.4309	5813.7638
3	16	1	2	719	4	6	12	29	1	2	1	1	1.1101554	29	5815.2664	5815.8664	5815.8664	5816.0664	5816.9765
3	16	1	2	720	4	6	12	30	1	1	1	1	0.61983093	30	5817.9027	5818.1027	5818.1027	5818.3027	5818.7225
