124	35	37	42	43	64	126	94	0	0	0	0	0	0	0	0	0	0	0	0
2	15	2	1	1	1	6	1	1	6	1	7	1	0.86263267	1	17614.158	17614.359	17614.359	17614.559	17615.221
2	15	2	1	2	1	6	1	2	2	1	3	1	1.3478752	2	17616.375	17616.575	17616.576	17616.776	17617.923
2	15	2	1	3	1	6	1	3	6	2	7	1	0.79368599	3	17618.586	17619.186	17619.186	17619.386	17619.979
2	15	2	1	4	1	6	1	4	1	1	2	1	0.68896753	4	17621.193	17621.393	17621.393	17621.593	17622.082
2	15	2	1	5	1	6	1	5	1	2	2	1	0.67261055	5	17623.401	17624.001	17624.001	17624.201	17624.673
2	15	2	1	6	1	6	1	6	3	1	4	1	0.90834775	6	17626.007	17626.207	17626.207	17626.407	17627.116
2	15	2	1	7	1	6	1	7	5	1	6	1	0.95613083	7	17628.214	17628.414	17628.414	17628.614	17629.37
2	15	2	1	8	1	6	1	8	3	1	4	1	1.2465992	8	17630.421	17630.621	17630.621	17630.821	17631.868
2	15	2	1	9	1	6	1	9	6	2	7	1	0.6958339	9	17632.628	17633.228	17633.228	17633.428	17633.924
2	15	2	1	10	1	6	1	10	5	1	6	1	1.2943688	10	17635.235	17635.435	17635.435	17635.635	17636.73
2	15	2	1	11	1	6	1	11	2	1	4	0	1.1922714	10	17637.442	17637.642	17637.642	17637.842	17638.834
2	15	2	1	12	1	6	1	12	3	1	0	0	-17640.162	10	17639.962	17640.162	17640.162	17640.362	0
2	15	2	1	13	1	6	1	13	4	2	5	1	0.74025432	11	17642.47	17643.07	17643.07	17643.27	17643.81
2	15	2	1	14	1	6	1	14	3	2	4	1	0.97496566	12	17645.077	17645.677	17645.677	17645.877	17646.652
2	15	2	1	15	1	6	1	15	2	2	3	1	0.73582051	13	17647.684	17648.284	17648.284	17648.484	17649.019
2	15	2	1	16	1	6	1	16	6	2	7	1	1.4707669	14	17650.291	17650.891	17650.891	17651.091	17652.362
2	15	2	1	17	1	6	1	17	2	1	3	1	0.95336459	15	17652.897	17653.097	17653.097	17653.297	17654.05
2	15	2	1	18	1	6	1	18	1	1	2	1	0.63596353	16	17655.104	17655.304	17655.304	17655.504	17655.94
2	15	2	1	19	1	6	1	19	1	2	2	1	0.58944966	17	17657.311	17657.911	17657.911	17658.111	17658.501
2	15	2	1	20	1	6	1	20	5	2	5	0	1.2906622	17	17659.919	17660.519	17660.519	17660.719	17661.809
2	15	2	1	21	1	6	1	21	2	1	3	1	0.94820156	18	17662.832	17663.032	17663.032	17663.232	17663.98
2	15	2	1	22	1	6	1	22	4	2	6	0	0.75667196	18	17665.039	17665.639	17665.639	17665.839	17666.395
2	15	2	1	23	1	6	1	23	5	2	6	1	1.0477042	19	17667.953	17668.553	17668.553	17668.753	17669.601
2	15	2	1	24	1	6	1	24	5	1	6	1	0.78501327	20	17670.561	17670.761	17670.761	17670.961	17671.546
2	15	2	1	25	1	6	1	25	3	2	4	1	0.9938595	21	17672.769	17673.369	17673.369	17673.569	17674.362
2	15	2	1	26	1	6	1	26	6	1	7	1	0.72347985	22	17675.377	17675.577	17675.577	17675.777	17676.301
2	15	2	1	27	1	6	1	27	4	2	6	0	1.0575206	22	17677.585	17678.185	17678.185	17678.385	17679.242
2	15	2	1	28	1	6	1	28	4	1	5	1	0.97801521	23	17680.505	17680.705	17680.705	17680.905	17681.683
2	15	2	1	29	1	6	1	29	1	2	2	1	0.64968881	24	17682.794	17683.394	17683.394	17683.594	17684.044
2	15	2	1	30	1	6	1	30	4	2	5	1	0.89551182	25	17685.402	17686.002	17686.002	17686.202	17686.898
2	15	2	1	31	1	2	1	1	5	1	1	0	0.76200801	0	17723.847	17724.047	17724.047	17724.247	17724.809
2	15	2	1	32	1	2	1	2	3	1	1	1	0.80208381	1	17726.363	17726.563	17726.563	17726.763	17727.365
2	15	2	1	33	1	2	1	3	2	2	1	1	0.71865538	2	17728.573	17729.173	17729.173	17729.373	17729.892
2	15	2	1	34	1	2	1	4	5	1	8	1	0.90858939	3	17731.181	17731.381	17731.381	17731.581	17732.289
2	15	2	1	35	1	2	1	5	1	2	1	1	0.74869577	4	17733.391	17733.991	17733.991	17734.191	17734.74
2	15	2	1	36	1	2	1	6	6	1	8	1	0.55302332	5	17736	17736.2	17736.2	17736.4	17736.753
2	15	2	1	37	1	2	1	7	4	1	1	0	0.67315469	5	17738.208	17738.408	17738.408	17738.608	17739.081
2	15	2	1	38	1	2	1	8	2	1	1	1	0.77956342	6	17740.721	17740.921	17740.921	17741.121	17741.7
2	15	2	1	39	1	2	1	9	6	2	8	1	0.64939623	7	17742.929	17743.529	17743.529	17743.729	17744.179
2	15	2	1	40	1	2	1	10	1	1	1	1	0.50739821	8	17745.536	17745.736	17745.736	17745.936	17746.243
2	15	2	1	41	1	2	1	11	2	1	1	1	0.53856188	9	17747.744	17747.944	17747.944	17748.144	17748.482
2	15	2	1	42	1	2	1	12	1	1	1	1	0.51355559	10	17749.953	17750.153	17750.153	17750.353	17750.666
2	15	2	1	43	1	2	1	13	3	2	1	1	0.43149887	11	17752.162	17752.762	17752.762	17752.962	17753.193
2	15	2	1	44	1	2	1	14	5	2	8	1	0.58446424	12	17754.769	17755.369	17755.369	17755.569	17755.954
2	15	2	1	45	1	2	1	15	3	2	1	1	0.44855662	13	17757.378	17757.978	17757.978	17758.178	17758.427
2	15	2	1	46	1	2	1	16	4	2	8	1	0.5589928	14	17759.989	17760.589	17760.589	17760.789	17761.148
2	15	2	1	47	1	2	1	17	6	1	1	0	0.42936418	14	17762.598	17762.798	17762.798	17762.998	17763.227
2	15	2	1	48	1	2	1	18	2	1	1	1	0.58819473	15	17765.116	17765.316	17765.316	17765.516	17765.905
2	15	2	1	49	1	2	1	19	6	2	8	1	0.77713346	16	17767.323	17767.923	17767.923	17768.123	17768.7
2	15	2	1	50	1	2	1	20	6	2	8	1	0.52788591	17	17769.932	17770.532	17770.532	17770.733	17771.06
2	15	2	1	51	1	2	1	21	5	1	8	1	0.47032081	18	17772.542	17772.742	17772.742	17772.942	17773.212
2	15	2	1	52	1	2	1	22	3	2	1	1	0.55045997	19	17774.751	17775.351	17775.351	17775.551	17775.901
2	15	2	1	53	1	2	1	23	4	2	8	1	0.53164238	20	17777.36	17777.96	17777.96	17778.16	17778.492
2	15	2	1	54	1	2	1	24	5	1	8	1	0.5057624	21	17779.97	17780.17	17780.17	17780.37	17780.675
2	15	2	1	55	1	2	1	25	3	2	1	1	0.45615664	22	17782.178	17782.778	17782.778	17782.978	17783.235
2	15	2	1	56	1	2	1	26	2	1	1	1	0.48091908	23	17784.787	17784.987	17784.987	17785.187	17785.468
2	15	2	1	57	1	2	1	27	1	2	2	1	0.9713234	24	17786.998	17787.598	17787.598	17787.798	17788.57
2	15	2	1	58	1	2	1	28	4	1	8	1	0.53110825	25	17789.608	17789.808	17789.808	17790.008	17790.339
2	15	2	1	59	1	2	1	29	1	2	1	1	0.42542053	26	17791.818	17792.418	17792.418	17792.618	17792.843
2	15	2	1	60	1	2	1	30	4	2	8	1	0.49789737	27	17794.427	17795.027	17795.027	17795.227	17795.525
2	15	2	1	61	1	6	2	1	5	1	5	0	1.5017828	27	17817.039	17817.239	17817.239	17817.439	17818.74
2	15	2	1	62	1	6	2	2	3	1	4	1	0.97615535	28	17819.556	17819.756	17819.756	17819.956	17820.732
2	15	2	1	63	1	6	2	3	2	2	3	1	1.172528	29	17821.765	17822.366	17822.366	17822.566	17823.538
2	15	2	1	64	1	6	2	4	5	1	6	1	1.38528	30	17824.376	17824.576	17824.576	17824.776	17825.961
2	15	2	1	65	1	6	2	5	1	2	2	1	0.70396494	31	17826.586	17827.186	17827.186	17827.386	17827.89
2	15	2	1	66	1	6	2	6	6	1	7	1	0.71219514	32	17829.196	17829.396	17829.396	17829.596	17830.108
2	15	2	1	67	1	6	2	7	4	1	5	1	1.1810626	33	17831.406	17831.606	17831.606	17831.806	17832.787
2	15	2	1	68	1	6	2	8	2	1	3	1	0.88853535	34	17833.616	17833.816	17833.816	17834.016	17834.704
2	15	2	1	69	1	6	2	9	6	2	7	1	0.95193458	35	17835.825	17836.425	17836.425	17836.625	17837.377
2	15	2	1	70	1	6	2	10	1	1	2	1	0.61377084	36	17838.436	17838.636	17838.636	17838.836	17839.25
2	15	2	1	71	1	6	2	11	2	1	3	1	0.74322172	37	17840.646	17840.846	17840.846	17841.046	17841.59
2	15	2	1	72	1	6	2	12	1	1	2	1	0.70669929	38	17842.856	17843.056	17843.056	17843.256	17843.763
2	15	2	1	73	1	6	2	13	3	2	4	1	1.0393187	39	17845.066	17845.666	17845.666	17845.866	17846.705
2	15	2	1	74	1	6	2	14	5	2	6	1	1.6481002	40	17847.676	17848.276	17848.276	17848.476	17849.924
2	15	2	1	75	1	6	2	15	3	2	4	1	0.72714966	41	17850.284	17850.884	17850.885	17851.085	17851.612
2	15	2	1	76	1	6	2	16	4	2	5	1	0.61099751	42	17852.895	17853.495	17853.495	17853.695	17854.106
2	15	2	1	77	1	6	2	17	6	1	7	1	0.62736321	43	17855.506	17855.706	17855.706	17855.906	17856.333
2	15	2	1	78	1	6	2	18	2	1	4	0	1.4969671	43	17857.714	17857.914	17857.914	17858.114	17859.411
2	15	2	1	79	1	6	2	19	6	2	7	1	0.72814454	44	17860.235	17860.835	17860.835	17861.035	17861.563
2	15	2	1	80	1	6	2	20	6	2	7	1	0.62009849	45	17862.845	17863.445	17863.445	17863.645	17864.065
2	15	2	1	81	1	6	2	21	5	1	6	1	1.0705896	46	17865.454	17865.654	17865.654	17865.854	17866.724
2	15	2	1	82	1	6	2	22	3	2	4	1	0.62777871	47	17867.663	17868.263	17868.263	17868.463	17868.89
2	15	2	1	83	1	6	2	23	4	2	5	1	0.60201645	48	17870.273	17870.873	17870.873	17871.073	17871.475
2	15	2	1	84	1	6	2	24	5	1	5	0	0.71774153	48	17872.884	17873.084	17873.084	17873.284	17873.802
2	15	2	1	85	1	6	2	25	3	2	4	1	0.73527816	49	17875.396	17875.996	17875.996	17876.196	17876.731
2	15	2	1	86	1	6	2	26	2	1	3	1	0.81670996	50	17878.018	17878.218	17878.218	17878.418	17879.035
2	15	2	1	87	1	6	2	27	1	2	2	1	0.70182414	51	17880.229	17880.829	17880.829	17881.029	17881.53
2	15	2	1	88	1	6	2	28	4	1	5	1	0.65221602	52	17882.838	17883.038	17883.038	17883.238	17883.69
2	15	2	1	89	1	6	2	29	1	2	2	1	0.60211994	53	17885.051	17885.651	17885.651	17885.851	17886.254
2	15	2	1	90	1	6	2	30	4	2	5	1	0.74906112	54	17887.663	17888.263	17888.263	17888.463	17889.012
2	15	2	1	91	1	2	2	1	1	1	1	1	0.62870202	1	17907.045	17907.245	17907.245	17907.445	17907.873
2	15	2	1	92	1	2	2	2	5	1	8	1	0.49865029	2	17909.257	17909.457	17909.457	17909.657	17909.956
2	15	2	1	93	1	2	2	3	3	2	1	1	0.52727597	3	17911.469	17912.069	17912.069	17912.269	17912.596
2	15	2	1	94	1	2	2	4	1	1	1	1	0.45571627	4	17914.081	17914.281	17914.281	17914.481	17914.736
2	15	2	1	95	1	2	2	5	2	2	1	1	0.45345079	5	17916.292	17916.892	17916.892	17917.092	17917.345
2	15	2	1	96	1	2	2	6	2	1	1	1	0.42643923	6	17918.903	17919.103	17919.103	17919.303	17919.53
2	15	2	1	97	1	2	2	7	6	1	8	1	0.46017851	7	17921.115	17921.315	17921.315	17921.515	17921.775
2	15	2	1	98	1	2	2	8	3	1	1	1	0.42048137	8	17923.324	17923.524	17923.524	17923.724	17923.945
2	15	2	1	99	1	2	2	9	2	2	1	1	0.44804708	9	17925.536	17926.136	17926.136	17926.337	17926.585
2	15	2	1	100	1	2	2	10	1	1	1	1	0.39931017	10	17928.149	17928.349	17928.349	17928.549	17928.748
2	15	2	1	101	1	2	2	11	4	1	8	1	0.45046252	11	17930.361	17930.561	17930.561	17930.761	17931.011
2	15	2	1	102	1	2	2	12	1	1	1	1	0.39208746	12	17932.572	17932.772	17932.772	17932.972	17933.165
2	15	2	1	103	1	2	2	13	3	2	1	1	0.38623804	13	17934.784	17935.384	17935.384	17935.584	17935.77
2	15	2	1	104	1	2	2	14	5	2	6	1	1.9420427	14	17937.396	17937.996	17937.996	17938.196	17939.938
2	15	2	1	105	1	2	2	15	4	2	8	1	1.0004109	15	17940.009	17940.609	17940.609	17940.809	17941.609
2	15	2	1	106	1	2	2	16	4	2	8	1	0.4693004	16	17942.621	17943.221	17943.221	17943.421	17943.691
2	15	2	1	107	1	2	2	17	4	1	8	1	0.41852729	17	17945.233	17945.433	17945.433	17945.633	17945.852
2	15	2	1	108	1	2	2	18	3	1	1	1	0.99896861	18	17947.445	17947.645	17947.645	17947.845	17948.644
2	15	2	1	109	1	2	2	19	5	2	8	1	0.56768923	19	17949.657	17950.257	17950.257	17950.457	17950.825
2	15	2	1	110	1	2	2	20	6	2	8	1	0.46894617	20	17952.269	17952.869	17952.869	17953.069	17953.338
2	15	2	1	111	1	2	2	21	6	1	8	1	0.42635531	21	17954.881	17955.081	17955.081	17955.281	17955.508
2	15	2	1	112	1	2	2	22	5	2	8	1	0.59198149	22	17957.094	17957.694	17957.694	17957.894	17958.286
2	15	2	1	113	1	2	2	23	2	2	1	1	0.56722145	23	17959.706	17960.306	17960.306	17960.506	17960.873
2	15	2	1	114	1	2	2	24	5	1	8	1	0.45693751	24	17962.315	17962.515	17962.515	17962.715	17962.972
2	15	2	1	115	1	2	2	25	4	2	8	1	0.4617457	25	17964.528	17965.128	17965.128	17965.328	17965.59
2	15	2	1	116	1	2	2	26	1	1	1	1	0.50263498	26	17967.14	17967.34	17967.34	17967.54	17967.843
2	15	2	1	117	1	2	2	27	6	2	8	1	0.44680397	27	17969.35	17969.95	17969.95	17970.15	17970.397
2	15	2	1	118	1	2	2	28	6	1	8	1	0.98534746	28	17971.962	17972.162	17972.162	17972.362	17973.148
2	15	2	1	119	1	2	2	29	2	2	1	1	0.51033118	29	17974.175	17974.775	17974.775	17974.975	17975.286
2	15	2	1	120	1	2	2	30	3	2	1	1	0.96795494	30	17976.787	17977.387	17977.387	17977.587	17978.355
2	15	2	1	121	1	6	3	1	1	1	2	1	0.75277127	31	17993.002	17993.202	17993.202	17993.402	17993.954
2	15	2	1	122	1	6	3	2	5	1	6	1	0.96683481	32	17995.214	17995.414	17995.414	17995.615	17996.381
2	15	2	1	123	1	6	3	3	3	2	4	1	0.69663796	33	17997.427	17998.027	17998.027	17998.227	17998.724
2	15	2	1	124	1	6	3	4	1	1	2	1	0.61288173	34	18000.04	18000.24	18000.24	18000.44	18000.853
2	15	2	1	125	1	6	3	5	2	2	3	1	0.80362775	35	18002.253	18002.853	18002.853	18003.053	18003.657
2	15	2	1	126	1	6	3	6	2	1	3	1	0.68940915	36	18004.867	18005.067	18005.067	18005.267	18005.756
2	15	2	1	127	1	6	3	7	6	1	4	1	1.9976455	37	18007.148	18007.348	18007.348	18007.548	18009.346
2	15	2	1	128	1	6	3	8	3	1	4	1	1.1465649	38	18009.359	18009.559	18009.559	18009.759	18010.705
2	15	2	1	129	1	6	3	9	2	2	3	1	0.58519164	39	18011.572	18012.172	18012.172	18012.372	18012.757
2	15	2	1	130	1	6	3	10	1	1	2	1	0.54730198	40	18014.185	18014.385	18014.385	18014.585	18014.932
2	15	2	1	131	1	6	3	11	4	1	5	1	0.80515114	41	18016.396	18016.596	18016.596	18016.796	18017.401
2	15	2	1	132	1	6	3	12	1	1	2	1	0.65009251	42	18018.609	18018.809	18018.809	18019.009	18019.459
2	15	2	1	133	1	6	3	13	3	2	4	1	0.98118845	43	18020.822	18021.422	18021.422	18021.622	18022.403
2	15	2	1	134	1	6	3	14	5	2	6	1	1.5767627	44	18023.435	18024.035	18024.035	18024.235	18025.612
2	15	2	1	135	1	6	3	15	4	2	5	1	0.67678253	45	18026.048	18026.648	18026.648	18026.848	18027.325
2	15	2	1	136	1	6	3	16	4	2	5	1	0.48561546	46	18028.661	18029.261	18029.261	18029.461	18029.747
2	15	2	1	137	1	6	3	17	4	1	5	1	0.54451058	47	18031.274	18031.474	18031.474	18031.674	18032.019
2	15	2	1	138	1	6	3	18	3	1	4	1	0.63406282	48	18033.491	18033.691	18033.691	18033.891	18034.325
2	15	2	1	139	1	6	3	19	5	2	6	1	1.2099076	49	18035.705	18036.305	18036.305	18036.505	18037.515
2	15	2	1	140	1	6	3	20	6	2	7	1	1.6842167	50	18038.318	18038.918	18038.918	18039.118	18040.603
2	15	2	1	141	1	6	3	21	6	1	7	1	0.90963259	51	18040.932	18041.132	18041.132	18041.332	18042.042
2	15	2	1	142	1	6	3	22	5	2	6	1	0.96626571	52	18043.189	18043.789	18043.789	18043.989	18044.755
2	15	2	1	143	1	6	3	23	2	2	3	1	1.0978745	53	18045.803	18046.403	18046.403	18046.603	18047.501
2	15	2	1	144	1	6	3	24	5	1	6	1	1.1629418	54	18048.417	18048.617	18048.617	18048.817	18049.78
2	15	2	1	145	1	6	3	25	4	2	5	1	0.73273998	55	18050.628	18051.228	18051.228	18051.428	18051.961
2	15	2	1	146	1	6	3	26	1	1	2	1	0.6234093	56	18053.242	18053.442	18053.442	18053.642	18054.066
2	15	2	1	147	1	6	3	27	6	2	7	1	0.84282983	57	18055.456	18056.056	18056.056	18056.256	18056.899
2	15	2	1	148	1	6	3	28	6	1	7	1	0.7632587	58	18058.07	18058.27	18058.27	18058.47	18059.033
2	15	2	1	149	1	6	3	29	2	2	3	1	0.81589655	59	18060.284	18060.884	18060.884	18061.084	18061.7
2	15	2	1	150	1	6	3	30	3	2	4	1	0.92184716	60	18062.898	18063.498	18063.498	18063.698	18064.42
2	15	2	1	151	1	2	3	1	5	1	8	1	0.77087957	1	18078.698	18078.898	18078.898	18079.098	18079.669
2	15	2	1	152	1	2	3	2	3	1	1	1	0.45888165	2	18080.912	18081.112	18081.112	18081.312	18081.571
2	15	2	1	153	1	2	3	3	2	2	1	1	0.66956594	3	18083.124	18083.724	18083.724	18083.924	18084.393
2	15	2	1	154	1	2	3	4	4	1	8	1	0.46657869	4	18085.735	18085.935	18085.935	18086.135	18086.401
2	15	2	1	155	1	2	3	5	5	2	8	1	0.39023629	5	18087.948	18088.548	18088.548	18088.748	18088.938
2	15	2	1	156	1	2	3	6	5	1	8	1	0.38705876	6	18090.562	18090.762	18090.762	18090.962	18091.149
2	15	2	1	157	1	2	3	7	6	1	8	1	0.41744972	7	18092.776	18092.976	18092.976	18093.176	18093.393
2	15	2	1	158	1	2	3	8	2	1	1	1	0.72067838	8	18094.988	18095.188	18095.188	18095.388	18095.908
2	15	2	1	159	1	2	3	9	1	2	1	1	1.1555086	9	18097.252	18097.852	18097.852	18098.052	18099.008
2	15	2	1	160	1	2	3	10	4	1	8	1	0.44710611	10	18099.867	18100.067	18100.067	18100.267	18100.514
2	15	2	1	161	1	2	3	11	1	1	1	1	0.61006881	11	18102.082	18102.282	18102.282	18102.482	18102.892
2	15	2	1	162	1	2	3	12	2	1	1	1	0.73448086	12	18104.296	18104.496	18104.496	18104.696	18105.23
2	15	2	1	163	1	2	3	13	6	2	8	1	0.46862898	13	18106.51	18107.11	18107.11	18107.31	18107.579
2	15	2	1	164	1	2	3	14	4	2	8	1	0.4394777	14	18109.124	18109.724	18109.724	18109.924	18110.164
2	15	2	1	165	1	2	3	15	6	2	8	1	0.59446457	15	18111.738	18112.338	18112.338	18112.538	18112.933
2	15	2	1	166	1	2	3	16	2	2	1	1	1.172571	16	18114.35	18114.95	18114.95	18115.15	18116.123
2	15	2	1	167	1	2	3	17	1	1	1	1	0.63745843	17	18116.965	18117.165	18117.165	18117.365	18117.802
2	15	2	1	168	1	2	3	18	5	1	8	1	0.69904817	18	18119.178	18119.378	18119.378	18119.578	18120.077
2	15	2	1	169	1	2	3	19	6	2	8	1	0.51271355	19	18121.391	18121.991	18121.991	18122.191	18122.504
2	15	2	1	170	1	2	3	20	3	2	1	1	0.68560837	20	18124.006	18124.606	18124.606	18124.806	18125.292
2	15	2	1	171	1	2	3	21	4	1	8	1	0.69484607	21	18126.621	18126.821	18126.821	18127.021	18127.516
2	15	2	1	172	1	2	3	22	2	2	1	1	0.61526804	22	18128.835	18129.435	18129.435	18129.635	18130.051
2	15	2	1	173	1	2	3	23	4	2	8	1	0.50220379	23	18131.451	18132.051	18132.051	18132.251	18132.553
2	15	2	1	174	1	2	3	24	3	1	1	1	0.89705021	24	18134.066	18134.266	18134.266	18134.466	18135.163
2	15	2	1	175	1	2	3	25	6	2	6	1	2.0001909	25	18136.301	18136.901	18136.901	18137.101	18138.902
2	15	2	1	176	1	2	3	26	5	1	8	1	1.4605615	26	18138.918	18139.118	18139.118	18139.318	18140.578
2	15	2	1	177	1	2	3	27	1	2	1	1	0.57135524	27	18141.133	18141.733	18141.733	18141.933	18142.304
2	15	2	1	178	1	2	3	28	1	1	1	1	0.67048989	28	18143.748	18143.948	18143.948	18144.148	18144.618
2	15	2	1	179	1	2	3	29	3	2	1	1	0.82625774	29	18145.963	18146.563	18146.563	18146.763	18147.389
2	15	2	1	180	1	2	3	30	3	2	1	1	0.88217471	30	18148.576	18149.176	18149.176	18149.376	18150.058
2	15	2	1	181	2	6	4	1	5	1	6	1	0.94903431	31	18641.653	18641.853	18641.853	18642.053	18642.802
2	15	2	1	182	2	6	4	2	3	1	4	1	0.70271167	32	18643.869	18644.069	18644.069	18644.269	18644.772
2	15	2	1	183	2	6	4	3	2	2	3	1	1.0952122	33	18646.084	18646.684	18646.684	18646.884	18647.779
2	15	2	1	184	2	6	4	4	4	1	5	1	0.73395881	34	18648.7	18648.9	18648.9	18649.1	18649.634
2	15	2	1	185	2	6	4	5	5	2	6	1	1.1185615	35	18650.915	18651.515	18651.515	18651.715	18652.634
2	15	2	1	186	2	6	4	6	5	1	6	1	1.161084	36	18653.531	18653.731	18653.731	18653.931	18654.892
2	15	2	1	187	2	6	4	7	6	1	7	1	0.63902605	37	18655.746	18655.946	18655.946	18656.146	18656.585
2	15	2	1	188	2	6	4	8	2	1	3	1	0.74398394	38	18657.962	18658.162	18658.162	18658.362	18658.906
2	15	2	1	189	2	6	4	9	1	2	2	1	0.63617249	39	18660.177	18660.777	18660.777	18660.977	18661.413
2	15	2	1	190	2	6	4	10	4	1	5	1	0.63481068	40	18662.793	18662.993	18662.993	18663.193	18663.628
2	15	2	1	191	2	6	4	11	1	1	2	1	0.60682597	41	18665.014	18665.214	18665.214	18665.414	18665.821
2	15	2	1	192	2	6	4	12	2	1	3	1	0.68616399	42	18667.23	18667.43	18667.43	18667.63	18668.116
2	15	2	1	193	2	6	4	13	6	2	7	1	0.63445222	43	18669.443	18670.043	18670.043	18670.243	18670.677
2	15	2	1	194	2	6	4	14	4	2	5	1	0.64800766	44	18672.059	18672.659	18672.659	18672.859	18673.307
2	15	2	1	195	2	6	4	15	6	2	7	1	0.53507966	45	18674.675	18675.275	18675.275	18675.475	18675.81
2	15	2	1	196	2	6	4	16	2	2	3	1	0.79877651	46	18677.291	18677.891	18677.891	18678.091	18678.69
2	15	2	1	197	2	6	4	17	1	1	2	1	0.60058364	47	18679.904	18680.104	18680.104	18680.304	18680.705
2	15	2	1	198	2	6	4	18	5	1	6	1	0.81107422	48	18682.12	18682.32	18682.32	18682.52	18683.131
2	15	2	1	199	2	6	4	19	6	2	7	1	0.60121639	49	18684.336	18684.936	18684.936	18685.136	18685.538
2	15	2	1	200	2	6	4	20	3	2	4	1	0.80250715	50	18686.953	18687.553	18687.553	18687.753	18688.355
2	15	2	1	201	2	6	4	21	4	1	5	1	1.5684485	51	18689.569	18689.769	18689.769	18689.969	18691.337
2	15	2	1	202	2	6	4	22	2	2	3	1	0.85946714	52	18691.785	18692.385	18692.385	18692.585	18693.244
2	15	2	1	203	2	6	4	23	4	2	5	1	0.6247493	53	18694.401	18695.001	18695.001	18695.201	18695.626
2	15	2	1	204	2	6	4	24	3	1	4	1	0.68805663	54	18697.018	18697.218	18697.218	18697.418	18697.906
2	15	2	1	205	2	6	4	25	6	2	7	1	0.62244541	55	18699.231	18699.831	18699.831	18700.031	18700.453
2	15	2	1	206	2	6	4	26	5	1	6	1	0.81057246	56	18701.847	18702.047	18702.047	18702.247	18702.858
2	15	2	1	207	2	6	4	27	1	2	2	1	0.66201184	57	18704.061	18704.661	18704.661	18704.861	18705.323
2	15	2	1	208	2	6	4	28	1	1	2	1	0.59684899	58	18706.677	18706.877	18706.877	18707.077	18707.474
2	15	2	1	209	2	6	4	29	3	2	4	1	0.76507907	59	18708.893	18709.493	18709.493	18709.693	18710.258
2	15	2	1	210	2	6	4	30	3	2	4	1	0.62327423	60	18711.51	18712.11	18712.11	18712.31	18712.733
2	15	2	1	211	2	2	4	1	5	1	8	1	0.60527305	1	18742.182	18742.382	18742.382	18742.582	18742.987
2	15	2	1	212	2	2	4	2	6	1	8	1	0.44463247	2	18744.398	18744.598	18744.598	18744.798	18745.043
2	15	2	1	213	2	2	4	3	6	2	8	1	0.44266043	3	18746.615	18747.215	18747.215	18747.415	18747.658
2	15	2	1	214	2	2	4	4	1	1	1	1	0.55027108	4	18749.229	18749.429	18749.429	18749.629	18749.979
2	15	2	1	215	2	2	4	5	2	2	1	1	0.40386392	5	18751.446	18752.046	18752.046	18752.246	18752.449
2	15	2	1	216	2	2	4	6	1	1	1	1	0.44375887	6	18754.062	18754.262	18754.262	18754.462	18754.706
2	15	2	1	217	2	2	4	7	2	1	1	1	0.47741805	7	18756.28	18756.48	18756.48	18756.68	18756.957
2	15	2	1	218	2	2	4	8	4	1	8	1	0.45172468	8	18758.497	18758.697	18758.697	18758.897	18759.148
2	15	2	1	219	2	2	4	9	4	2	8	1	0.49465861	9	18760.714	18761.314	18761.314	18761.514	18761.809
2	15	2	1	220	2	2	4	10	2	1	1	1	0.60428729	10	18763.329	18763.529	18763.529	18763.729	18764.133
2	15	2	1	221	2	2	4	11	3	1	1	1	0.44983548	11	18765.546	18765.746	18765.746	18765.946	18766.196
2	15	2	1	222	2	2	4	12	5	1	8	1	0.45420593	12	18767.764	18767.964	18767.964	18768.164	18768.418
2	15	2	1	223	2	2	4	13	5	2	8	1	0.95964016	13	18769.982	18770.582	18770.582	18770.782	18771.542
2	15	2	1	224	2	2	4	14	1	2	1	1	0.51371477	14	18772.6	18773.2	18773.2	18773.4	18773.714
2	15	2	1	225	2	2	4	15	5	2	8	1	0.4249493	15	18775.218	18775.818	18775.818	18776.018	18776.243
2	15	2	1	226	2	2	4	16	4	2	8	1	0.42322655	16	18777.836	18778.436	18778.436	18778.636	18778.859
2	15	2	1	227	2	2	4	17	3	1	1	1	0.76745029	17	18780.453	18780.653	18780.653	18780.853	18781.421
2	15	2	1	228	2	2	4	18	2	1	1	1	0.71423204	18	18782.671	18782.871	18782.871	18783.071	18783.585
2	15	2	1	229	2	2	4	19	2	2	1	1	0.45918547	19	18784.889	18785.489	18785.489	18785.689	18785.948
2	15	2	1	230	2	2	4	20	4	2	8	1	0.46393224	20	18787.506	18788.106	18788.106	18788.306	18788.57
2	15	2	1	231	2	2	4	21	3	1	1	1	0.5367611	21	18790.125	18790.325	18790.325	18790.525	18790.861
2	15	2	1	232	2	2	4	22	4	2	8	1	0.53535301	22	18792.339	18792.939	18792.939	18793.139	18793.474
2	15	2	1	233	2	2	4	23	1	2	1	1	0.47709856	23	18794.957	18795.557	18795.557	18795.757	18796.034
2	15	2	1	234	2	2	4	24	3	1	1	1	0.91761294	24	18797.572	18797.772	18797.772	18797.972	18798.689
2	15	2	1	235	2	2	4	25	5	2	8	1	0.47032726	25	18799.789	18800.389	18800.389	18800.589	18800.86
2	15	2	1	236	2	2	4	26	1	1	1	1	0.46598016	26	18802.407	18802.607	18802.607	18802.807	18803.073
2	15	2	1	237	2	2	4	27	6	2	8	1	0.49090783	27	18804.622	18805.222	18805.222	18805.422	18805.713
2	15	2	1	238	2	2	4	28	6	1	8	1	0.71274109	28	18807.24	18807.44	18807.44	18807.64	18808.153
2	15	2	1	239	2	2	4	29	6	2	8	1	0.47886124	29	18809.459	18810.059	18810.059	18810.259	18810.538
2	15	2	1	240	2	2	4	30	3	2	1	1	0.40933225	30	18812.073	18812.673	18812.673	18812.873	18813.083
2	15	2	1	241	2	6	5	1	5	1	6	1	0.89818781	31	18842.771	18842.971	18842.971	18843.171	18843.869
2	15	2	1	242	2	6	5	2	6	1	7	1	1.0860824	32	18844.99	18845.19	18845.19	18845.39	18846.276
2	15	2	1	243	2	6	5	3	6	2	7	1	0.61738701	33	18847.208	18847.808	18847.808	18848.008	18848.426
2	15	2	1	244	2	6	5	4	1	1	2	1	0.62391935	34	18849.827	18850.027	18850.027	18850.227	18850.651
2	15	2	1	245	2	6	5	5	2	2	3	1	1.0644949	35	18852.045	18852.645	18852.645	18852.845	18853.709
2	15	2	1	246	2	6	5	6	1	1	2	1	0.65819817	36	18854.663	18854.863	18854.863	18855.063	18855.522
2	15	2	1	247	2	6	5	7	2	1	3	1	0.84074129	37	18856.882	18857.082	18857.082	18857.282	18857.923
2	15	2	1	248	2	6	5	8	4	1	5	1	0.60919581	38	18859.1	18859.3	18859.3	18859.5	18859.909
2	15	2	1	249	2	6	5	9	4	2	5	1	0.6241307	39	18861.315	18861.915	18861.915	18862.115	18862.539
2	15	2	1	250	2	6	5	10	2	1	3	1	0.75172772	40	18863.934	18864.134	18864.134	18864.334	18864.885
2	15	2	1	251	2	6	5	11	3	1	4	1	0.64563176	41	18866.236	18866.436	18866.436	18866.636	18867.082
2	15	2	1	252	2	6	5	12	5	1	5	0	0.5905305	41	18868.455	18868.655	18868.655	18868.855	18869.245
2	15	2	1	253	2	6	5	13	5	2	5	0	0.60400573	41	18870.671	18871.271	18871.271	18871.471	18871.875
2	15	2	1	254	2	6	5	14	1	2	2	1	0.65056556	42	18873.289	18873.889	18873.889	18874.089	18874.54
2	15	2	1	255	2	6	5	15	5	2	6	1	0.93250553	43	18875.908	18876.508	18876.508	18876.708	18877.44
2	15	2	1	256	2	6	5	16	4	2	5	1	0.61183923	44	18878.528	18879.128	18879.128	18879.328	18879.74
2	15	2	1	257	2	6	5	17	3	1	4	1	0.73323755	45	18881.143	18881.343	18881.343	18881.543	18882.076
2	15	2	1	258	2	6	5	18	2	1	3	1	0.5900743	46	18883.362	18883.562	18883.562	18883.762	18884.152
2	15	2	1	259	2	6	5	19	2	2	3	1	0.82392838	47	18885.578	18886.178	18886.178	18886.378	18887.002
2	15	2	1	260	2	6	5	20	4	2	5	1	0.59740634	48	18888.197	18888.797	18888.797	18888.997	18889.395
2	15	2	1	261	2	6	5	21	3	1	4	1	0.60498667	49	18890.813	18891.013	18891.013	18891.213	18891.618
2	15	2	1	262	2	6	5	22	4	2	5	1	0.60178217	50	18893.032	18893.632	18893.632	18893.832	18894.234
2	15	2	1	263	2	6	5	23	1	2	2	1	0.65038125	51	18895.651	18896.251	18896.251	18896.451	18896.902
2	15	2	1	264	2	6	5	24	3	1	4	1	0.63975337	52	18898.267	18898.467	18898.467	18898.667	18899.107
2	15	2	1	265	2	6	5	25	5	2	6	1	0.98692727	53	18900.487	18901.087	18901.087	18901.287	18902.074
2	15	2	1	266	2	6	5	26	1	1	2	1	0.60206624	54	18903.106	18903.306	18903.306	18903.506	18903.908
2	15	2	1	267	2	6	5	27	6	2	7	1	0.64850714	55	18905.322	18905.922	18905.922	18906.122	18906.571
2	15	2	1	268	2	6	5	28	6	1	7	1	0.57163353	56	18907.942	18908.142	18908.142	18908.342	18908.713
2	15	2	1	269	2	6	5	29	6	2	7	1	0.55507608	57	18910.159	18910.759	18910.759	18910.959	18911.314
2	15	2	1	270	2	6	5	30	3	2	4	1	0.80639404	58	18912.779	18913.379	18913.379	18913.579	18914.185
2	15	2	1	271	2	2	5	1	1	1	1	1	0.59327517	1	18943.46	18943.66	18943.66	18943.86	18944.254
2	15	2	1	272	2	2	5	2	5	1	8	1	0.44472594	2	18945.68	18945.88	18945.88	18946.08	18946.325
2	15	2	1	273	2	2	5	3	1	2	1	1	0.3513848	3	18947.9	18948.5	18948.5	18948.7	18948.851
2	15	2	1	274	2	2	5	4	3	1	1	1	0.46856653	4	18950.52	18950.72	18950.72	18950.92	18951.188
2	15	2	1	275	2	2	5	5	5	2	8	1	0.44141768	5	18952.737	18953.337	18953.337	18953.537	18953.778
2	15	2	1	276	2	2	5	6	6	1	8	1	0.42410562	6	18955.354	18955.554	18955.554	18955.754	18955.978
2	15	2	1	277	2	2	5	7	5	1	8	1	0.40148345	7	18957.571	18957.771	18957.771	18957.971	18958.172
2	15	2	1	278	2	2	5	8	5	1	8	1	0.42898628	8	18959.79	18959.99	18959.99	18960.19	18960.419
2	15	2	1	279	2	2	5	9	1	2	1	1	0.56263198	9	18962.01	18962.61	18962.61	18962.81	18963.173
2	15	2	1	280	2	2	5	10	3	1	1	1	0.40415751	10	18964.627	18964.827	18964.827	18965.027	18965.231
2	15	2	1	281	2	2	5	11	3	1	1	1	0.44621393	11	18966.847	18967.047	18967.047	18967.247	18967.493
2	15	2	1	282	2	2	5	12	4	1	8	1	0.66622781	12	18969.064	18969.264	18969.264	18969.465	18969.931
2	15	2	1	283	2	2	5	13	2	2	1	1	0.45062731	13	18971.346	18971.946	18971.946	18972.146	18972.396
2	15	2	1	284	2	2	5	14	4	2	8	1	0.68968822	14	18973.963	18974.563	18974.563	18974.763	18975.253
2	15	2	1	285	2	2	5	15	4	2	8	1	0.49883211	15	18976.585	18977.185	18977.185	18977.385	18977.684
2	15	2	1	286	2	2	5	16	4	2	8	1	0.4231066	16	18979.205	18979.805	18979.805	18980.005	18980.228
2	15	2	1	287	2	2	5	17	6	1	8	1	0.44057914	17	18981.826	18982.026	18982.026	18982.226	18982.467
2	15	2	1	288	2	2	5	18	2	1	1	1	0.4589299	18	18984.047	18984.247	18984.247	18984.447	18984.705
2	15	2	1	289	2	2	5	19	6	2	8	1	0.52242707	19	18986.267	18986.867	18986.867	18987.067	18987.39
2	15	2	1	290	2	2	5	20	3	2	1	1	0.42767188	20	18988.887	18989.487	18989.487	18989.687	18989.915
2	15	2	1	291	2	2	5	21	1	1	1	1	0.54637328	21	18991.505	18991.705	18991.705	18991.905	18992.252
2	15	2	1	292	2	2	5	22	6	2	8	1	0.42242708	22	18993.726	18994.326	18994.326	18994.526	18994.749
2	15	2	1	293	2	2	5	23	5	2	8	1	0.43084508	23	18996.347	18996.947	18996.947	18997.147	18997.378
2	15	2	1	294	2	2	5	24	6	1	8	1	0.43596465	24	18998.967	18999.167	18999.167	18999.367	18999.603
2	15	2	1	295	2	2	5	25	3	2	1	1	0.4940571	25	19001.188	19001.788	19001.788	19001.988	19002.282
2	15	2	1	296	2	2	5	26	4	1	8	1	0.64369389	26	19003.808	19004.008	19004.008	19004.208	19004.651
2	15	2	1	297	2	2	5	27	2	2	1	1	0.4679802	27	19006.031	19006.631	19006.631	19006.831	19007.099
2	15	2	1	298	2	2	5	28	2	1	1	1	0.48893692	28	19008.651	19008.851	19008.851	19009.051	19009.34
2	15	2	1	299	2	2	5	29	2	2	6	1	1.999731	29	19010.872	19011.472	19011.472	19011.672	19013.471
2	15	2	1	300	2	2	5	30	1	2	1	1	0.4355452	30	19013.494	19014.094	19014.094	19014.294	19014.529
2	15	2	1	301	2	6	6	1	1	1	2	1	0.60543205	31	19044.19	19044.39	19044.39	19044.59	19044.995
2	15	2	1	302	2	6	6	2	5	1	6	1	0.95327165	32	19046.411	19046.611	19046.611	19046.811	19047.564
2	15	2	1	303	2	6	6	3	1	2	2	1	0.71533321	33	19048.632	19049.232	19049.232	19049.432	19049.947
2	15	2	1	304	2	6	6	4	3	1	4	1	0.87418473	34	19051.252	19051.452	19051.452	19051.652	19052.326
2	15	2	1	305	2	6	6	5	5	2	6	1	0.84820168	35	19053.473	19054.073	19054.073	19054.273	19054.921
2	15	2	1	306	2	6	6	6	6	1	6	0	0.81650225	35	19056.097	19056.297	19056.297	19056.497	19057.113
2	15	2	1	307	2	6	6	7	5	1	6	1	0.82303239	36	19058.317	19058.517	19058.517	19058.717	19059.34
2	15	2	1	308	2	6	6	8	5	1	0	0	-19060.739	36	19060.539	19060.739	19060.739	19060.939	0
2	15	2	1	309	2	6	6	9	1	2	2	1	0.61032295	37	19062.759	19063.359	19063.359	19063.559	19063.969
2	15	2	1	310	2	6	6	10	3	1	4	1	0.71262297	38	19065.379	19065.579	19065.579	19065.779	19066.292
2	15	2	1	311	2	6	6	11	3	1	4	1	0.58644321	39	19067.6	19067.8	19067.8	19068	19068.386
2	15	2	1	312	2	6	6	12	4	1	5	1	0.71832256	40	19069.822	19070.022	19070.022	19070.222	19070.74
2	15	2	1	313	2	6	6	13	2	2	3	1	0.70568706	41	19072.043	19072.643	19072.643	19072.843	19073.348
2	15	2	1	314	2	6	6	14	4	2	5	1	0.57302455	42	19074.664	19075.264	19075.264	19075.464	19075.837
2	15	2	1	315	2	6	6	15	4	2	5	1	0.7008496	43	19077.286	19077.886	19077.886	19078.086	19078.587
2	15	2	1	316	2	6	6	16	4	2	5	1	0.46478417	44	19079.908	19080.508	19080.508	19080.708	19080.972
2	15	2	1	317	2	6	6	17	6	1	7	1	0.5959482	45	19082.526	19082.726	19082.726	19082.926	19083.322
2	15	2	1	318	2	6	6	18	2	1	3	1	0.87059836	46	19084.747	19084.947	19084.947	19085.147	19085.818
2	15	2	1	319	2	6	6	19	6	2	7	1	0.62028439	47	19086.968	19087.568	19087.568	19087.768	19088.189
2	15	2	1	320	2	6	6	20	3	2	4	1	0.71920633	48	19089.59	19090.19	19090.19	19090.39	19090.91
2	15	2	1	321	2	6	6	21	1	1	2	1	0.65150532	49	19092.212	19092.412	19092.412	19092.612	19093.063
2	15	2	1	322	2	6	6	22	6	2	7	1	0.63309004	50	19094.483	19095.083	19095.083	19095.283	19095.716
2	15	2	1	323	2	6	6	23	5	2	6	1	0.78525277	51	19097.104	19097.704	19097.704	19097.904	19098.49
2	15	2	1	324	2	6	6	24	6	1	7	1	0.73073877	52	19099.727	19099.927	19099.927	19100.127	19100.657
2	15	2	1	325	2	6	6	25	3	2	4	1	1.0308155	53	19101.948	19102.548	19102.548	19102.748	19103.579
2	15	2	1	326	2	6	6	26	4	1	0	0	-19104.769	53	19104.569	19104.769	19104.769	19104.969	0
2	15	2	1	327	2	6	6	27	2	2	3	1	1.0992781	54	19106.791	19107.391	19107.391	19107.591	19108.49
2	15	2	1	328	2	6	6	28	2	1	3	1	1.0326419	55	19109.411	19109.611	19109.611	19109.811	19110.643
2	15	2	1	329	2	6	6	29	2	2	3	1	1.2573127	56	19111.631	19112.231	19112.231	19112.431	19113.489
2	15	2	1	330	2	6	6	30	1	2	2	1	1.0611514	57	19114.254	19114.854	19114.854	19115.054	19115.915
2	15	2	1	331	2	2	6	1	2	1	1	1	0.55186208	1	19144.939	19145.139	19145.139	19145.339	19145.691
2	15	2	1	332	2	2	6	2	5	1	8	1	0.56253264	2	19147.161	19147.361	19147.361	19147.561	19147.924
2	15	2	1	333	2	2	6	3	1	2	0	0	-19149.983	2	19149.383	19149.983	19149.983	19150.183	0
2	15	2	1	334	2	2	6	4	3	1	0	0	-19152.203	2	19152.003	19152.203	19152.203	19152.403	0
2	15	2	1	335	2	2	6	5	6	2	8	1	0.64283018	3	19154.225	19154.825	19154.825	19155.025	19155.468
2	15	2	1	336	2	2	6	6	1	1	1	1	0.5859057	4	19156.847	19157.047	19157.047	19157.247	19157.633
2	15	2	1	337	2	2	6	7	4	1	8	1	0.58209587	5	19159.07	19159.27	19159.27	19159.47	19159.852
2	15	2	1	338	2	2	6	8	6	1	8	1	0.50333649	6	19161.292	19161.492	19161.492	19161.692	19161.995
2	15	2	1	339	2	2	6	9	4	2	0	0	-19164.178	6	19163.578	19164.178	19164.178	19164.378	0
2	15	2	1	340	2	2	6	10	3	1	1	1	0.78710279	7	19166.2	19166.4	19166.4	19166.6	19167.188
2	15	2	1	341	2	2	6	11	2	1	1	1	0.69175537	8	19168.424	19168.624	19168.624	19168.824	19169.315
2	15	2	1	342	2	2	6	12	4	1	8	1	0.71231501	9	19170.649	19170.849	19170.849	19171.049	19171.561
2	15	2	1	343	2	2	6	13	1	2	1	1	0.51758523	10	19172.871	19173.471	19173.471	19173.671	19173.989
2	15	2	1	344	2	2	6	14	5	2	8	1	0.45194507	11	19175.496	19176.096	19176.096	19176.296	19176.548
2	15	2	1	345	2	2	6	15	6	2	8	1	0.69943963	12	19178.118	19178.718	19178.718	19178.918	19179.418
2	15	2	1	346	2	2	6	16	2	2	1	1	1.2245363	13	19180.741	19181.341	19181.341	19181.541	19182.565
2	15	2	1	347	2	2	6	17	5	1	8	1	0.45581106	14	19183.363	19183.563	19183.563	19183.763	19184.019
2	15	2	1	348	2	2	6	18	2	1	1	1	0.8665994	15	19185.586	19185.786	19185.786	19185.986	19186.652
2	15	2	1	349	2	2	6	19	3	2	1	1	0.60330571	16	19187.805	19188.405	19188.405	19188.605	19189.009
2	15	2	1	350	2	2	6	20	4	2	8	1	0.44604638	17	19190.428	19191.028	19191.028	19191.228	19191.474
2	15	2	1	351	2	2	6	21	2	1	1	1	0.47417473	18	19193.051	19193.251	19193.251	19193.451	19193.725
2	15	2	1	352	2	2	6	22	5	2	8	1	0.60894849	19	19195.274	19195.874	19195.874	19196.074	19196.483
2	15	2	1	353	2	2	6	23	6	2	8	1	0.73849922	20	19197.897	19198.497	19198.497	19198.697	19199.236
2	15	2	1	354	2	2	6	24	3	1	0	0	-19200.72	20	19200.52	19200.72	19200.72	19200.92	0
2	15	2	1	355	2	2	6	25	4	2	8	1	0.79950599	21	19202.74	19203.34	19203.34	19203.54	19204.139
2	15	2	1	356	2	2	6	26	1	1	1	1	0.53677196	22	19205.361	19205.561	19205.561	19205.761	19206.098
2	15	2	1	357	2	2	6	27	6	2	8	1	0.80251036	23	19207.584	19208.184	19208.184	19208.384	19208.986
2	15	2	1	358	2	2	6	28	5	1	8	1	0.5218593	24	19210.21	19210.41	19210.41	19210.61	19210.932
2	15	2	1	359	2	2	6	29	3	2	1	1	0.78740852	25	19212.433	19213.033	19213.033	19213.233	19213.821
2	15	2	1	360	2	2	6	30	1	2	1	1	0.78136566	26	19215.056	19215.656	19215.656	19215.856	19216.437
2	15	2	1	361	3	6	7	1	2	1	4	0	1.1802353	26	20290.903	20291.103	20291.103	20291.303	20292.284
2	15	2	1	362	3	6	7	2	5	1	6	1	0.82385768	27	20293.127	20293.327	20293.327	20293.527	20294.151
2	15	2	1	363	3	6	7	3	1	2	2	1	0.65323071	28	20295.35	20295.95	20295.95	20296.15	20296.603
2	15	2	1	364	3	6	7	4	3	1	4	1	0.79548031	29	20297.973	20298.173	20298.173	20298.373	20298.968
2	15	2	1	365	3	6	7	5	6	2	7	1	0.57636255	30	20300.193	20300.793	20300.793	20300.993	20301.369
2	15	2	1	366	3	6	7	6	1	1	2	1	0.57844135	31	20302.817	20303.017	20303.017	20303.217	20303.595
2	15	2	1	367	3	6	7	7	4	1	5	1	0.55246995	32	20305.041	20305.241	20305.241	20305.441	20305.793
2	15	2	1	368	3	6	7	8	6	1	7	1	0.58566527	33	20307.264	20307.464	20307.464	20307.664	20308.05
2	15	2	1	369	3	6	7	9	4	2	5	1	0.57046562	34	20309.488	20310.088	20310.088	20310.288	20310.658
2	15	2	1	370	3	6	7	10	3	1	4	1	0.65560338	35	20312.109	20312.309	20312.309	20312.509	20312.964
2	15	2	1	371	3	6	7	11	2	1	3	1	0.73127961	36	20314.362	20314.562	20314.562	20314.762	20315.293
2	15	2	1	372	3	6	7	12	4	1	5	1	0.64663302	37	20316.583	20316.783	20316.783	20316.983	20317.429
2	15	2	1	373	3	6	7	13	1	2	2	1	0.61127253	38	20318.806	20319.406	20319.406	20319.606	20320.018
2	15	2	1	374	3	6	7	14	5	2	6	1	0.91711037	39	20321.429	20322.029	20322.029	20322.229	20322.946
2	15	2	1	375	3	6	7	15	6	2	7	1	0.61783843	40	20324.05	20324.65	20324.65	20324.85	20325.268
2	15	2	1	376	3	6	7	16	2	2	3	1	0.68244263	41	20326.674	20327.274	20327.274	20327.474	20327.956
2	15	2	1	377	3	6	7	17	5	1	6	1	0.76995347	42	20329.376	20329.576	20329.576	20329.776	20330.346
2	15	2	1	378	3	6	7	18	2	1	3	1	0.73977266	43	20331.599	20331.799	20331.799	20331.999	20332.539
2	15	2	1	379	3	6	7	19	3	2	4	1	1.1329738	44	20333.82	20334.42	20334.42	20334.62	20335.553
2	15	2	1	380	3	6	7	20	4	2	5	1	0.70068544	45	20336.445	20337.045	20337.045	20337.245	20337.745
2	15	2	1	381	3	6	7	21	2	1	3	1	1.0289817	46	20339.069	20339.269	20339.269	20339.469	20340.298
2	15	2	1	382	3	6	7	22	5	2	6	1	0.9912489	47	20341.292	20341.892	20341.892	20342.092	20342.883
2	15	2	1	383	3	6	7	23	6	2	7	1	0.68326366	48	20343.92	20344.52	20344.52	20344.72	20345.203
2	15	2	1	384	3	6	7	24	3	1	4	1	0.6600108	49	20346.545	20346.745	20346.745	20346.945	20347.405
2	15	2	1	385	3	6	7	25	4	2	5	1	0.61116259	50	20348.769	20349.369	20349.369	20349.569	20349.98
2	15	2	1	386	3	6	7	26	1	1	2	1	0.62768476	51	20351.393	20351.593	20351.593	20351.793	20352.221
2	15	2	1	387	3	6	7	27	6	2	7	1	0.60300675	52	20353.618	20354.218	20354.218	20354.418	20354.821
2	15	2	1	388	3	6	7	28	5	1	6	1	0.73022312	53	20356.242	20356.442	20356.442	20356.642	20357.172
2	15	2	1	389	3	6	7	29	3	2	4	1	0.69002802	54	20358.463	20359.063	20359.063	20359.263	20359.753
2	15	2	1	390	3	6	7	30	1	2	2	1	0.60252286	55	20361.088	20361.688	20361.688	20361.888	20362.29
2	15	2	1	391	3	2	7	1	5	1	8	1	0.74067231	1	20391.773	20391.973	20391.973	20392.173	20392.714
2	15	2	1	392	3	2	7	2	1	1	1	1	0.46473404	2	20393.998	20394.198	20394.198	20394.398	20394.662
2	15	2	1	393	3	2	7	3	2	2	1	1	0.46746993	3	20396.221	20396.821	20396.821	20397.021	20397.289
2	15	2	1	394	3	2	7	4	2	1	1	1	0.41407394	4	20398.846	20399.046	20399.046	20399.246	20399.46
2	15	2	1	395	3	2	7	5	3	2	1	1	0.50121186	5	20401.07	20401.67	20401.67	20401.87	20402.171
2	15	2	1	396	3	2	7	6	3	1	1	1	0.43452551	6	20403.695	20403.895	20403.895	20404.095	20404.329
2	15	2	1	397	3	2	7	7	5	1	8	1	0.47224374	7	20405.923	20406.123	20406.123	20406.323	20406.596
2	15	2	1	398	3	2	7	8	3	1	1	1	0.40672342	8	20408.149	20408.349	20408.349	20408.549	20408.755
2	15	2	1	399	3	2	7	9	2	2	1	1	0.48389753	9	20410.378	20410.978	20410.978	20411.178	20411.461
2	15	2	1	400	3	2	7	10	4	1	8	1	0.48766269	10	20413.003	20413.203	20413.203	20413.403	20413.69
2	15	2	1	401	3	2	7	11	4	1	8	1	0.59064017	11	20415.229	20415.429	20415.429	20415.629	20416.019
2	15	2	1	402	3	2	7	12	3	1	1	1	0.41121854	12	20417.454	20417.654	20417.654	20417.854	20418.065
2	15	2	1	403	3	2	7	13	4	2	8	1	0.51538578	13	20419.679	20420.279	20420.279	20420.479	20420.794
2	15	2	1	404	3	2	7	14	4	2	8	1	0.51488017	14	20422.304	20422.904	20422.904	20423.104	20423.418
2	15	2	1	405	3	2	7	15	6	2	8	1	0.45103489	15	20424.929	20425.529	20425.529	20425.729	20425.98
2	15	2	1	406	3	2	7	16	2	2	1	1	0.41434913	16	20427.556	20428.156	20428.156	20428.356	20428.571
2	15	2	1	407	3	2	7	17	6	1	8	1	0.45266046	17	20430.182	20430.382	20430.382	20430.582	20430.835
2	15	2	1	408	3	2	7	18	2	1	1	1	0.44900375	18	20432.411	20432.611	20432.611	20432.811	20433.06
2	15	2	1	409	3	2	7	19	1	2	1	1	0.5254613	19	20434.637	20435.237	20435.237	20435.437	20435.762
2	15	2	1	410	3	2	7	20	5	2	8	1	0.43547401	20	20437.262	20437.862	20437.862	20438.062	20438.298
2	15	2	1	411	3	2	7	21	1	1	1	1	0.67567334	21	20439.887	20440.087	20440.087	20440.287	20440.763
2	15	2	1	412	3	2	7	22	3	2	1	1	0.46722889	22	20442.111	20442.711	20442.711	20442.911	20443.179
2	15	2	1	413	3	2	7	23	6	2	8	1	0.78263333	23	20444.741	20445.341	20445.341	20445.541	20446.123
2	15	2	1	414	3	2	7	24	1	1	1	1	0.56645383	24	20447.366	20447.566	20447.566	20447.766	20448.133
2	15	2	1	415	3	2	7	25	5	2	8	1	0.54982652	25	20449.592	20450.192	20450.192	20450.392	20450.742
2	15	2	1	416	3	2	7	26	6	1	8	1	0.61371232	26	20452.22	20452.42	20452.42	20452.62	20453.034
2	15	2	1	417	3	2	7	27	1	2	1	1	0.50895743	27	20454.446	20455.046	20455.046	20455.246	20455.555
2	15	2	1	418	3	2	7	28	6	1	8	1	0.50547639	28	20457.073	20457.273	20457.273	20457.473	20457.778
2	15	2	1	419	3	2	7	29	4	2	8	1	0.50844717	29	20459.299	20459.899	20459.899	20460.099	20460.408
2	15	2	1	420	3	2	7	30	5	2	8	1	0.52092233	30	20461.925	20462.525	20462.525	20462.725	20463.046
2	15	2	1	421	3	6	8	1	5	1	6	1	0.85276629	31	20492.623	20492.823	20492.823	20493.023	20493.675
2	15	2	1	422	3	6	8	2	1	1	2	1	0.64357901	32	20494.849	20495.049	20495.049	20495.249	20495.692
2	15	2	1	423	3	6	8	3	2	2	3	1	0.7210416	33	20497.075	20497.675	20497.675	20497.875	20498.396
2	15	2	1	424	3	6	8	4	2	1	3	1	0.55286158	34	20499.7	20499.9	20499.9	20500.1	20500.453
2	15	2	1	425	3	6	8	5	3	2	4	1	0.6585071	35	20501.927	20502.527	20502.527	20502.727	20503.185
2	15	2	1	426	3	6	8	6	3	1	4	1	0.63648917	36	20504.553	20504.753	20504.753	20504.953	20505.39
2	15	2	1	427	3	6	8	7	5	1	6	1	0.93439478	37	20506.78	20506.98	20506.98	20507.18	20507.914
2	15	2	1	428	3	6	8	8	3	1	4	1	0.72833586	38	20509.005	20509.205	20509.205	20509.405	20509.934
2	15	2	1	429	3	6	8	9	2	2	3	1	0.77744908	39	20511.232	20511.832	20511.832	20512.032	20512.61
2	15	2	1	430	3	6	8	10	4	1	5	1	0.6516184	40	20513.855	20514.055	20514.055	20514.255	20514.706
2	15	2	1	431	3	6	8	11	4	1	5	1	0.60251351	41	20516.081	20516.281	20516.281	20516.481	20516.884
2	15	2	1	432	3	6	8	12	3	1	4	1	0.5368086	42	20518.307	20518.507	20518.507	20518.707	20519.044
2	15	2	1	433	3	6	8	13	4	2	5	1	0.57350943	43	20520.533	20521.133	20521.133	20521.333	20521.706
2	15	2	1	434	3	6	8	14	4	2	5	1	0.54251557	44	20523.159	20523.759	20523.759	20523.959	20524.301
2	15	2	1	435	3	6	8	15	6	2	7	1	0.70529793	45	20525.785	20526.385	20526.385	20526.585	20527.091
2	15	2	1	436	3	6	8	16	2	2	3	1	0.72360733	46	20528.415	20529.015	20529.015	20529.215	20529.739
2	15	2	1	437	3	6	8	17	6	1	7	1	0.69062924	47	20531.042	20531.242	20531.242	20531.442	20531.932
2	15	2	1	438	3	6	8	18	2	1	3	1	0.8179342	48	20533.267	20533.467	20533.467	20533.667	20534.285
2	15	2	1	439	3	6	8	19	1	2	2	1	0.7227976	49	20535.491	20536.091	20536.091	20536.291	20536.814
2	15	2	1	440	3	6	8	20	5	2	6	1	1.1272413	50	20538.117	20538.717	20538.717	20538.917	20539.845
2	15	2	1	441	3	6	8	21	1	1	2	1	0.60926377	51	20540.744	20540.944	20540.944	20541.144	20541.554
2	15	2	1	442	3	6	8	22	3	2	4	1	1.7097555	52	20542.971	20543.571	20543.571	20543.771	20545.28
2	15	2	1	443	3	6	8	23	6	2	7	1	0.67139325	53	20545.622	20546.222	20546.222	20546.422	20546.893
2	15	2	1	444	3	6	8	24	1	1	2	1	0.57256493	54	20548.249	20548.449	20548.449	20548.649	20549.022
2	15	2	1	445	3	6	8	25	5	2	6	1	0.77788315	55	20550.475	20551.075	20551.075	20551.275	20551.853
2	15	2	1	446	3	6	8	26	6	1	7	1	0.61384248	56	20553.101	20553.301	20553.301	20553.501	20553.915
2	15	2	1	447	3	6	8	27	1	2	2	1	0.57874557	57	20555.328	20555.928	20555.928	20556.128	20556.507
2	15	2	1	448	3	6	8	28	6	1	7	1	0.59460883	58	20557.955	20558.155	20558.155	20558.355	20558.749
2	15	2	1	449	3	6	8	29	4	2	5	1	0.57971659	59	20560.182	20560.782	20560.782	20560.982	20561.362
2	15	2	1	450	3	6	8	30	5	2	6	1	0.6428643	60	20562.81	20563.41	20563.41	20563.61	20564.052
2	15	2	1	451	3	2	8	1	6	1	8	1	0.53932316	1	20593.502	20593.702	20593.702	20593.902	20594.241
2	15	2	1	452	3	2	8	2	1	1	1	1	0.57189105	2	20595.729	20595.929	20595.929	20596.129	20596.501
2	15	2	1	453	3	2	8	3	1	2	1	1	0.43835421	3	20597.957	20598.557	20598.557	20598.757	20598.995
2	15	2	1	454	3	2	8	4	6	1	8	1	0.50641967	4	20600.584	20600.784	20600.784	20600.984	20601.291
2	15	2	1	455	3	2	8	5	5	2	8	1	0.43510198	5	20602.808	20603.408	20603.408	20603.608	20603.844
2	15	2	1	456	3	2	8	6	5	1	8	1	0.73537063	6	20605.436	20605.636	20605.636	20605.836	20606.371
2	15	2	1	457	3	2	8	7	6	1	8	1	0.51381693	7	20607.665	20607.865	20607.865	20608.065	20608.378
2	15	2	1	458	3	2	8	8	6	1	0	0	-20610.093	7	20609.893	20610.093	20610.093	20610.293	0
2	15	2	1	459	3	2	8	9	2	2	1	1	0.45093664	8	20612.12	20612.72	20612.72	20612.92	20613.171
2	15	2	1	460	3	2	8	10	5	1	8	1	0.49370777	9	20614.748	20614.948	20614.948	20615.148	20615.442
2	15	2	1	461	3	2	8	11	4	1	8	1	0.41118796	10	20616.975	20617.175	20617.175	20617.375	20617.587
2	15	2	1	462	3	2	8	12	2	1	0	0	-20619.402	10	20619.202	20619.402	20619.402	20619.602	0
2	15	2	1	463	3	2	8	13	2	2	1	1	0.63958047	11	20621.426	20622.026	20622.026	20622.226	20622.665
2	15	2	1	464	3	2	8	14	3	2	1	1	0.49682059	12	20624.053	20624.653	20624.653	20624.853	20625.15
2	15	2	1	465	3	2	8	15	3	2	1	1	0.48255719	13	20626.707	20627.307	20627.307	20627.507	20627.79
2	15	2	1	466	3	2	8	16	3	2	1	1	0.44615961	14	20629.334	20629.934	20629.934	20630.134	20630.38
2	15	2	1	467	3	2	8	17	1	1	1	1	0.62458649	15	20631.962	20632.162	20632.162	20632.362	20632.786
2	15	2	1	468	3	2	8	18	6	1	8	1	0.62761924	16	20634.207	20634.407	20634.407	20634.607	20635.035
2	15	2	1	469	3	2	8	19	4	2	8	1	0.56217667	17	20636.439	20637.039	20637.039	20637.239	20637.602
2	15	2	1	470	3	2	8	20	5	2	8	1	0.6393779	18	20639.067	20639.667	20639.667	20639.867	20640.307
2	15	2	1	471	3	2	8	21	1	1	0	0	-20641.927	18	20641.727	20641.927	20641.927	20642.127	0
2	15	2	1	472	3	2	8	22	2	2	1	1	0.71177774	19	20643.955	20644.555	20644.555	20644.755	20645.266
2	15	2	1	473	3	2	8	23	3	2	1	1	0.43313344	20	20646.583	20647.183	20647.183	20647.383	20647.616
2	15	2	1	474	3	2	8	24	1	1	1	1	0.43442583	21	20649.211	20649.411	20649.411	20649.611	20649.845
2	15	2	1	475	3	2	8	25	4	2	8	1	0.50168272	22	20651.439	20652.039	20652.039	20652.239	20652.541
2	15	2	1	476	3	2	8	26	5	1	8	1	0.47043534	23	20654.068	20654.268	20654.268	20654.468	20654.738
2	15	2	1	477	3	2	8	27	2	2	1	1	0.41201424	24	20656.295	20656.895	20656.895	20657.095	20657.307
2	15	2	1	478	3	2	8	28	3	1	1	1	0.43920917	25	20658.924	20659.124	20659.124	20659.324	20659.563
2	15	2	1	479	3	2	8	29	4	2	8	1	0.48712017	26	20661.155	20661.755	20661.755	20661.955	20662.242
2	15	2	1	480	3	2	8	30	4	2	8	1	0.45110082	27	20663.783	20664.383	20664.383	20664.583	20664.834
2	15	2	1	481	3	6	9	1	6	1	7	1	0.75404936	28	20694.492	20694.692	20694.692	20694.892	20695.446
2	15	2	1	482	3	6	9	2	1	1	2	1	0.62080616	29	20696.72	20696.92	20696.92	20697.12	20697.541
2	15	2	1	483	3	6	9	3	1	2	2	1	0.62333353	30	20698.954	20699.554	20699.554	20699.754	20700.177
2	15	2	1	484	3	6	9	4	6	1	0	0	-20701.782	30	20701.582	20701.782	20701.782	20701.982	0
2	15	2	1	485	3	6	9	5	5	2	6	1	0.754178	31	20703.811	20704.411	20704.411	20704.611	20705.165
2	15	2	1	486	3	6	9	6	5	1	6	1	0.51366345	32	20706.44	20706.64	20706.64	20706.84	20707.154
2	15	2	1	487	3	6	9	7	6	1	7	1	0.73361294	33	20708.667	20708.867	20708.867	20709.067	20709.601
2	15	2	1	488	3	6	9	8	6	1	0	0	-20711.097	33	20710.897	20711.097	20711.097	20711.297	0
2	15	2	1	489	3	6	9	9	2	2	3	1	1.0318984	34	20713.125	20713.725	20713.725	20713.925	20714.757
2	15	2	1	490	3	6	9	10	5	1	0	0	-20715.954	34	20715.754	20715.954	20715.954	20716.154	0
2	15	2	1	491	3	6	9	11	4	1	0	0	-20718.183	34	20717.983	20718.183	20718.183	20718.383	0
2	15	2	1	492	3	6	9	12	2	1	3	1	0.76763488	35	20720.212	20720.412	20720.412	20720.612	20721.18
2	15	2	1	493	3	6	9	13	2	2	3	1	0.58499824	36	20722.441	20723.041	20723.041	20723.241	20723.626
2	15	2	1	494	3	6	9	14	3	2	6	0	1.0293587	36	20725.069	20725.669	20725.669	20725.869	20726.699
2	15	2	1	495	3	6	9	15	3	2	3	0	0.6713232	36	20727.698	20728.298	20728.298	20728.498	20728.97
2	15	2	1	496	3	6	9	16	3	2	0	0	-20730.927	36	20730.327	20730.927	20730.927	20731.127	0
2	15	2	1	497	3	6	9	17	1	1	2	1	0.64114697	37	20732.956	20733.156	20733.156	20733.356	20733.797
2	15	2	1	498	3	6	9	18	6	1	7	1	0.65732592	38	20735.185	20735.385	20735.385	20735.585	20736.043
2	15	2	1	499	3	6	9	19	4	2	5	1	0.63197763	39	20737.414	20738.014	20738.014	20738.214	20738.646
2	15	2	1	500	3	6	9	20	5	2	6	1	0.79839243	40	20740.044	20740.644	20740.644	20740.844	20741.442
2	15	2	1	501	3	6	9	21	1	1	2	1	0.56361618	41	20742.673	20742.873	20742.873	20743.073	20743.437
2	15	2	1	502	3	6	9	22	2	2	3	1	0.68430786	42	20744.902	20745.502	20745.502	20745.702	20746.186
2	15	2	1	503	3	6	9	23	3	2	4	1	0.71452148	43	20747.527	20748.127	20748.127	20748.327	20748.842
2	15	2	1	504	3	6	9	24	1	1	2	1	0.83008493	44	20750.156	20750.356	20750.356	20750.556	20751.186
2	15	2	1	505	3	6	9	25	4	2	0	0	-20752.986	44	20752.386	20752.986	20752.986	20753.186	0
2	15	2	1	506	3	6	9	26	5	1	6	1	0.8183648	45	20755.015	20755.215	20755.215	20755.415	20756.034
2	15	2	1	507	3	6	9	27	2	2	0	0	-20757.845	45	20757.245	20757.845	20757.845	20758.045	0
2	15	2	1	508	3	6	9	28	3	1	4	1	0.96832534	46	20759.875	20760.075	20760.075	20760.275	20761.043
2	15	2	1	509	3	6	9	29	4	2	5	1	0.6901383	47	20762.105	20762.705	20762.705	20762.905	20763.395
2	15	2	1	510	3	6	9	30	4	2	5	1	1.0545793	48	20764.734	20765.334	20765.334	20765.534	20766.388
2	15	2	1	511	3	2	9	1	3	1	1	1	0.58140764	1	20795.422	20795.622	20795.622	20795.822	20796.203
2	15	2	1	512	3	2	9	2	6	1	8	1	0.45610615	2	20797.651	20797.851	20797.851	20798.051	20798.307
2	15	2	1	513	3	2	9	3	1	2	1	1	0.53931604	3	20799.88	20800.48	20800.48	20800.68	20801.02
2	15	2	1	514	3	2	9	4	1	1	1	1	0.60480045	4	20802.51	20802.71	20802.71	20802.91	20803.315
2	15	2	1	515	3	2	9	5	6	2	2	1	2.0010737	5	20804.74	20805.34	20805.34	20805.54	20807.341
2	15	2	1	516	3	2	9	6	4	1	2	0	1.9986029	5	20807.374	20807.574	20807.574	20807.774	20809.572
2	15	2	1	517	3	2	9	7	2	1	2	1	0.52206376	6	20809.601	20809.801	20809.801	20810.001	20810.323
2	15	2	1	518	3	2	9	8	2	1	1	1	0.54129566	7	20811.832	20812.032	20812.032	20812.232	20812.573
2	15	2	1	519	3	2	9	9	5	2	0	0	-20814.661	7	20814.061	20814.661	20814.661	20814.861	0
2	15	2	1	520	3	2	9	10	3	1	0	0	-20816.89	7	20816.69	20816.89	20816.89	20817.09	0
2	15	2	1	521	3	2	9	11	6	1	8	1	0.54457424	8	20818.936	20819.136	20819.136	20819.336	20819.681
2	15	2	1	522	3	2	9	12	5	1	8	1	0.45083528	9	20821.167	20821.367	20821.367	20821.567	20821.817
2	15	2	1	523	3	2	9	13	5	2	8	1	0.46993882	10	20823.396	20823.996	20823.996	20824.196	20824.466
2	15	2	1	524	3	2	9	14	2	2	1	1	0.47115738	11	20826.027	20826.627	20826.627	20826.827	20827.098
2	15	2	1	525	3	2	9	15	2	2	1	1	1.5730757	12	20828.657	20829.257	20829.257	20829.457	20830.83
2	15	2	1	526	3	2	9	16	1	2	1	1	0.65357057	13	20831.286	20831.886	20831.886	20832.086	20832.54
2	15	2	1	527	3	2	9	17	5	1	8	1	0.70732642	14	20833.952	20834.152	20834.152	20834.352	20834.86
2	15	2	1	528	3	2	9	18	3	1	1	1	0.63669475	15	20836.182	20836.382	20836.382	20836.582	20837.018
2	15	2	1	529	3	2	9	19	4	2	8	1	0.52129745	16	20838.412	20839.012	20839.012	20839.212	20839.534
2	15	2	1	530	3	2	9	20	1	2	1	1	1.7744867	17	20841.045	20841.645	20841.645	20841.845	20843.42
2	15	2	1	531	3	2	9	21	1	1	1	1	0.70648133	18	20843.679	20843.879	20843.879	20844.079	20844.585
2	15	2	1	532	3	2	9	22	2	2	2	1	1.9972378	19	20845.974	20846.574	20846.574	20846.774	20848.572
2	15	2	1	533	3	2	9	23	6	2	2	0	1.9992596	19	20848.601	20849.201	20849.201	20849.401	20851.201
2	15	2	1	534	3	2	9	24	4	1	7	0	0.79724533	19	20851.231	20851.431	20851.431	20851.631	20852.228
2	15	2	1	535	3	2	9	25	6	2	8	1	0.6698113	20	20853.462	20854.062	20854.062	20854.262	20854.732
2	15	2	1	536	3	2	9	26	3	1	1	1	0.52177932	21	20856.099	20856.299	20856.299	20856.499	20856.821
2	15	2	1	537	3	2	9	27	5	2	8	1	0.58459825	22	20858.33	20858.93	20858.93	20859.13	20859.515
2	15	2	1	538	3	2	9	28	4	1	8	1	0.48803171	23	20860.993	20861.193	20861.193	20861.393	20861.681
2	15	2	1	539	3	2	9	29	3	2	0	0	-20863.824	23	20863.224	20863.824	20863.824	20864.024	0
2	15	2	1	540	3	2	9	30	4	2	0	0	-20866.454	23	20865.854	20866.454	20866.454	20866.654	0
2	15	2	1	541	4	6	10	1	3	1	4	1	0.96221277	24	21440.335	21440.535	21440.535	21440.735	21441.498
2	15	2	1	542	4	6	10	2	6	1	7	1	0.61054323	25	21442.57	21442.77	21442.77	21442.97	21443.38
2	15	2	1	543	4	6	10	3	1	2	2	1	0.6039337	26	21444.8	21445.4	21445.4	21445.6	21446.004
2	15	2	1	544	4	6	10	4	1	1	2	1	0.58725844	27	21447.431	21447.631	21447.631	21447.831	21448.218
2	15	2	1	545	4	6	10	5	6	2	7	1	0.5881428	28	21449.662	21450.262	21450.262	21450.462	21450.85
2	15	2	1	546	4	6	10	6	4	1	5	1	0.62418934	29	21452.292	21452.492	21452.492	21452.692	21453.116
2	15	2	1	547	4	6	10	7	2	1	3	1	0.71904423	30	21454.524	21454.724	21454.724	21454.924	21455.443
2	15	2	1	548	4	6	10	8	2	1	3	1	0.68286566	31	21456.754	21456.954	21456.954	21457.154	21457.637
2	15	2	1	549	4	6	10	9	5	2	6	1	1.0244845	32	21458.987	21459.587	21459.587	21459.787	21460.611
2	15	2	1	550	4	6	10	10	3	1	4	1	0.66936043	33	21461.622	21461.822	21461.822	21462.022	21462.491
2	15	2	1	551	4	6	10	11	6	1	7	1	0.62224997	34	21463.854	21464.054	21464.054	21464.254	21464.676
2	15	2	1	552	4	6	10	12	5	1	6	1	0.78311724	35	21466.092	21466.292	21466.292	21466.492	21467.075
2	15	2	1	553	4	6	10	13	5	2	6	1	0.84556837	36	21468.324	21468.924	21468.924	21469.124	21469.769
2	15	2	1	554	4	6	10	14	2	2	3	1	0.78342078	37	21470.955	21471.555	21471.555	21471.755	21472.338
2	15	2	1	555	4	6	10	15	2	2	3	1	0.5841598	38	21473.586	21474.186	21474.186	21474.386	21474.77
2	15	2	1	556	4	6	10	16	1	2	2	1	0.60198277	39	21476.217	21476.817	21476.817	21477.017	21477.419
2	15	2	1	557	4	6	10	17	5	1	6	1	0.69185658	40	21478.849	21479.049	21479.049	21479.249	21479.741
2	15	2	1	558	4	6	10	18	3	1	4	1	0.74035954	41	21481.081	21481.281	21481.281	21481.481	21482.021
2	15	2	1	559	4	6	10	19	4	2	5	1	0.6692697	42	21483.312	21483.912	21483.912	21484.112	21484.581
2	15	2	1	560	4	6	10	20	1	2	2	1	0.69944248	43	21485.944	21486.544	21486.544	21486.744	21487.243
2	15	2	1	561	4	6	10	21	1	1	2	1	0.60233779	44	21488.575	21488.775	21488.775	21488.975	21489.378
2	15	2	1	562	4	6	10	22	2	2	3	1	0.71504842	45	21490.807	21491.407	21491.407	21491.607	21492.122
2	15	2	1	563	4	6	10	23	6	2	7	1	0.61181868	46	21493.438	21494.038	21494.038	21494.238	21494.65
2	15	2	1	564	4	6	10	24	4	1	6	1	0.70104418	47	21496.07	21496.27	21496.27	21496.47	21496.971
2	15	2	1	565	4	6	10	25	6	2	7	1	0.57259427	48	21498.301	21498.901	21498.901	21499.101	21499.474
2	15	2	1	566	4	6	10	26	3	1	4	1	0.66479741	49	21500.929	21501.129	21501.13	21501.33	21501.794
2	15	2	1	567	4	6	10	27	5	2	6	1	0.92376914	50	21503.161	21503.761	21503.761	21503.961	21504.685
2	15	2	1	568	4	6	10	28	4	1	5	1	0.55743948	51	21505.797	21505.997	21505.997	21506.197	21506.554
2	15	2	1	569	4	6	10	29	3	2	4	1	0.79472988	52	21508.026	21508.626	21508.626	21508.826	21509.421
2	15	2	1	570	4	6	10	30	4	2	5	1	0.63323337	53	21510.658	21511.258	21511.258	21511.458	21511.891
2	15	2	1	571	4	2	10	1	2	1	1	1	0.56893521	1	21541.345	21541.545	21541.545	21541.745	21542.114
2	15	2	1	572	4	2	10	2	6	1	8	1	0.57837517	2	21543.577	21543.777	21543.777	21543.977	21544.355
2	15	2	1	573	4	2	10	3	4	2	8	1	0.50454944	3	21545.809	21546.409	21546.409	21546.609	21546.914
2	15	2	1	574	4	2	10	4	4	1	8	1	0.508079	4	21548.441	21548.641	21548.641	21548.841	21549.149
2	15	2	1	575	4	2	10	5	5	2	8	1	0.78536245	5	21550.675	21551.275	21551.275	21551.475	21552.06
2	15	2	1	576	4	2	10	6	6	1	8	1	0.4370147	6	21553.306	21553.506	21553.506	21553.706	21553.943
2	15	2	1	577	4	2	10	7	4	1	8	1	0.41903725	7	21555.543	21555.743	21555.743	21555.943	21556.162
2	15	2	1	578	4	2	10	8	6	1	8	1	0.47493756	8	21557.774	21557.974	21557.974	21558.174	21558.449
2	15	2	1	579	4	2	10	9	6	2	8	1	0.44324744	9	21560.007	21560.607	21560.607	21560.807	21561.05
2	15	2	1	580	4	2	10	10	6	1	8	1	0.49884308	10	21562.64	21562.84	21562.84	21563.04	21563.339
2	15	2	1	581	4	2	10	11	4	1	8	1	0.41873202	11	21564.873	21565.073	21565.073	21565.273	21565.492
2	15	2	1	582	4	2	10	12	2	1	1	1	0.54058676	12	21567.103	21567.303	21567.303	21567.503	21567.843
2	15	2	1	583	4	2	10	13	3	2	1	1	0.50798396	13	21569.334	21569.934	21569.935	21570.135	21570.442
2	15	2	1	584	4	2	10	14	2	2	1	1	0.53398911	14	21571.966	21572.566	21572.566	21572.766	21573.1
2	15	2	1	585	4	2	10	15	2	2	1	1	0.65172939	15	21574.6	21575.2	21575.2	21575.4	21575.852
2	15	2	1	586	4	2	10	16	3	2	1	1	1.4433588	16	21577.233	21577.833	21577.833	21578.033	21579.276
2	15	2	1	587	4	2	10	17	1	1	1	1	0.52104279	17	21579.865	21580.065	21580.065	21580.265	21580.586
2	15	2	1	588	4	2	10	18	1	1	1	1	0.47495267	18	21582.099	21582.299	21582.299	21582.499	21582.773
2	15	2	1	589	4	2	10	19	5	2	8	1	0.54829484	19	21584.331	21584.931	21584.931	21585.131	21585.479
2	15	2	1	590	4	2	10	20	5	2	8	1	0.49330889	20	21586.963	21587.563	21587.563	21587.763	21588.057
2	15	2	1	591	4	2	10	21	5	1	8	1	0.56475481	21	21589.597	21589.797	21589.797	21589.997	21590.361
2	15	2	1	592	4	2	10	22	5	2	8	1	0.51785134	22	21591.83	21592.43	21592.43	21592.63	21592.948
2	15	2	1	593	4	2	10	23	1	2	2	1	0.6074726	23	21594.466	21595.066	21595.066	21595.266	21595.674
2	15	2	1	594	4	2	10	24	3	1	1	1	0.50358111	24	21597.099	21597.299	21597.299	21597.499	21597.802
2	15	2	1	595	4	2	10	25	3	2	1	1	0.53229136	25	21599.329	21599.929	21599.929	21600.129	21600.461
2	15	2	1	596	4	2	10	26	1	1	1	1	0.48883128	26	21601.962	21602.162	21602.162	21602.362	21602.651
2	15	2	1	597	4	2	10	27	1	2	1	1	0.51045449	27	21604.196	21604.796	21604.796	21604.996	21605.307
2	15	2	1	598	4	2	10	28	3	1	1	1	0.53222179	28	21606.83	21607.03	21607.03	21607.23	21607.562
2	15	2	1	599	4	2	10	29	4	2	8	1	0.48562208	29	21609.062	21609.662	21609.662	21609.862	21610.148
2	15	2	1	600	4	2	10	30	2	2	1	1	0.45480778	30	21611.699	21612.299	21612.299	21612.499	21612.754
2	15	2	1	601	4	6	11	1	2	1	3	1	0.83245897	31	21642.395	21642.595	21642.595	21642.795	21643.428
2	15	2	1	602	4	6	11	2	6	1	7	1	1.0682221	32	21644.628	21644.828	21644.828	21645.028	21645.897
2	15	2	1	603	4	6	11	3	4	2	5	1	0.59713342	33	21646.863	21647.463	21647.463	21647.663	21648.06
2	15	2	1	604	4	6	11	4	4	1	5	1	0.56397283	34	21649.494	21649.694	21649.694	21649.894	21650.258
2	15	2	1	605	4	6	11	5	5	2	6	1	0.66842997	35	21651.727	21652.327	21652.327	21652.527	21652.996
2	15	2	1	606	4	6	11	6	6	1	7	1	0.60099244	36	21654.361	21654.561	21654.561	21654.761	21655.162
2	15	2	1	607	4	6	11	7	4	1	5	1	0.66424459	37	21656.594	21656.794	21656.794	21656.994	21657.458
2	15	2	1	608	4	6	11	8	6	1	7	1	0.58415537	38	21658.827	21659.027	21659.027	21659.227	21659.611
2	15	2	1	609	4	6	11	9	6	2	7	1	0.53369927	39	21661.061	21661.661	21661.661	21661.861	21662.194
2	15	2	1	610	4	6	11	10	6	1	7	1	0.51758133	40	21663.694	21663.894	21663.894	21664.094	21664.412
2	15	2	1	611	4	6	11	11	4	1	5	1	0.57723537	41	21665.931	21666.131	21666.131	21666.331	21666.708
2	15	2	1	612	4	6	11	12	2	1	3	1	0.78950323	42	21668.165	21668.365	21668.365	21668.565	21669.154
2	15	2	1	613	4	6	11	13	3	2	4	1	0.70485284	43	21670.396	21670.996	21670.996	21671.196	21671.701
2	15	2	1	614	4	6	11	14	2	2	3	1	0.86225198	44	21673.03	21673.63	21673.63	21673.83	21674.492
2	15	2	1	615	4	6	11	15	2	2	3	1	0.68128381	45	21675.664	21676.264	21676.264	21676.464	21676.945
2	15	2	1	616	4	6	11	16	3	2	4	1	0.62661201	46	21678.298	21678.898	21678.898	21679.098	21679.524
2	15	2	1	617	4	6	11	17	1	1	2	1	0.66502294	47	21680.932	21681.132	21681.132	21681.332	21681.797
2	15	2	1	618	4	6	11	18	1	1	2	1	0.53512926	48	21683.165	21683.365	21683.365	21683.565	21683.9
2	15	2	1	619	4	6	11	19	5	2	6	1	0.8025761	49	21685.399	21685.999	21685.999	21686.199	21686.802
2	15	2	1	620	4	6	11	20	5	2	6	1	0.63389962	50	21688.034	21688.634	21688.634	21688.834	21689.268
2	15	2	1	621	4	6	11	21	5	1	6	1	0.47372935	51	21690.668	21690.868	21690.868	21691.068	21691.342
2	15	2	1	622	4	6	11	22	5	2	6	1	0.54920188	52	21692.902	21693.502	21693.502	21693.702	21694.051
2	15	2	1	623	4	6	11	23	1	2	2	1	0.5903143	53	21695.537	21696.137	21696.137	21696.337	21696.727
2	15	2	1	624	4	6	11	24	3	1	4	1	0.61064696	54	21698.172	21698.372	21698.372	21698.572	21698.983
2	15	2	1	625	4	6	11	25	3	2	4	1	0.66884442	55	21700.406	21701.006	21701.006	21701.206	21701.675
2	15	2	1	626	4	6	11	26	1	1	2	1	0.60953545	56	21703.041	21703.241	21703.241	21703.441	21703.85
2	15	2	1	627	4	6	11	27	1	2	2	1	0.5714092	57	21705.272	21705.872	21705.872	21706.072	21706.444
2	15	2	1	628	4	6	11	28	3	1	4	1	0.81014431	58	21707.907	21708.107	21708.107	21708.307	21708.917
2	15	2	1	629	4	6	11	29	4	2	5	1	0.92438751	59	21710.141	21710.741	21710.741	21710.941	21711.665
2	15	2	1	630	4	6	11	30	2	2	3	1	0.7547117	60	21712.775	21713.375	21713.375	21713.575	21714.13
2	15	2	1	631	4	2	11	1	4	1	8	1	0.45456865	1	21743.475	21743.675	21743.675	21743.875	21744.13
2	15	2	1	632	4	2	11	2	1	1	0	0	-21745.91	1	21745.71	21745.91	21745.91	21746.11	0
2	15	2	1	633	4	2	11	3	6	2	8	1	0.4504059	2	21747.944	21748.544	21748.544	21748.744	21748.994
2	15	2	1	634	4	2	11	4	6	1	8	1	0.49970271	3	21750.586	21750.786	21750.786	21750.986	21751.286
2	15	2	1	635	4	2	11	5	3	2	1	1	0.60710824	4	21752.825	21753.425	21753.425	21753.625	21754.032
2	15	2	1	636	4	2	11	6	5	1	8	1	0.38275866	5	21755.459	21755.659	21755.659	21755.859	21756.042
2	15	2	1	637	4	2	11	7	5	1	8	1	0.4877305	6	21757.694	21757.894	21757.894	21758.094	21758.382
2	15	2	1	638	4	2	11	8	1	1	1	1	0.47165279	7	21759.93	21760.13	21760.13	21760.33	21760.602
2	15	2	1	639	4	2	11	9	6	2	8	1	0.63774033	8	21762.175	21762.775	21762.775	21762.975	21763.413
2	15	2	1	640	4	2	11	10	2	1	1	1	0.54157663	9	21764.81	21765.01	21765.01	21765.21	21765.552
2	15	2	1	641	4	2	11	11	4	1	8	1	0.52891567	10	21767.045	21767.245	21767.245	21767.445	21767.774
2	15	2	1	642	4	2	11	12	5	1	8	1	0.78037716	11	21769.281	21769.481	21769.481	21769.681	21770.262
2	15	2	1	643	4	2	11	13	1	2	1	1	0.31282432	12	21771.513	21772.113	21772.113	21772.313	21772.426
2	15	2	1	644	4	2	11	14	1	2	1	1	0.74603369	13	21774.194	21774.794	21774.794	21774.994	21775.54
2	15	2	1	645	4	2	11	15	3	2	1	1	0.52575885	14	21776.829	21777.429	21777.429	21777.629	21777.955
2	15	2	1	646	4	2	11	16	3	2	1	1	0.75545276	15	21779.465	21780.065	21780.065	21780.265	21780.82
2	15	2	1	647	4	2	11	17	5	1	0	0	-21782.302	15	21782.102	21782.302	21782.302	21782.502	0
2	15	2	1	648	4	2	11	18	2	1	6	1	1.7378267	16	21784.338	21784.538	21784.538	21784.738	21786.275
2	15	2	1	649	4	2	11	19	4	2	8	1	0.64523332	17	21786.574	21787.174	21787.174	21787.374	21787.819
2	15	2	1	650	4	2	11	20	6	2	8	1	1.0468553	18	21789.213	21789.813	21789.813	21790.013	21790.86
2	15	2	1	651	4	2	11	21	3	1	1	1	0.48163681	19	21791.848	21792.048	21792.048	21792.248	21792.53
2	15	2	1	652	4	2	11	22	4	2	8	1	1.5485549	20	21794.083	21794.683	21794.683	21794.883	21796.232
2	15	2	1	653	4	2	11	23	1	2	1	1	0.43484669	21	21796.72	21797.32	21797.32	21797.52	21797.755
2	15	2	1	654	4	2	11	24	3	1	1	1	0.51216303	22	21799.356	21799.556	21799.556	21799.756	21800.068
2	15	2	1	655	4	2	11	25	2	2	1	1	0.65239116	23	21801.591	21802.191	21802.191	21802.391	21802.844
2	15	2	1	656	4	2	11	26	2	1	8	0	1.6043744	23	21804.231	21804.431	21804.431	21804.631	21806.035
2	15	2	1	657	4	2	11	27	4	2	8	1	0.40881126	24	21806.466	21807.066	21807.066	21807.266	21807.475
2	15	2	1	658	4	2	11	28	5	1	8	1	0.72075221	25	21809.106	21809.306	21809.306	21809.506	21810.027
2	15	2	1	659	4	2	11	29	2	2	1	1	0.95711906	26	21811.342	21811.942	21811.942	21812.142	21812.899
2	15	2	1	660	4	2	11	30	6	2	8	1	0.55902058	27	21813.979	21814.579	21814.579	21814.779	21815.138
2	15	2	1	661	4	6	12	1	4	1	5	1	0.65137119	28	21844.695	21844.895	21844.895	21845.095	21845.547
2	15	2	1	662	4	6	12	2	1	1	2	1	0.65542466	29	21846.932	21847.132	21847.132	21847.332	21847.787
2	15	2	1	663	4	6	12	3	6	2	7	1	0.72311469	30	21849.169	21849.769	21849.769	21849.969	21850.492
2	15	2	1	664	4	6	12	4	6	1	7	1	0.68801176	31	21851.804	21852.004	21852.004	21852.204	21852.692
2	15	2	1	665	4	6	12	5	3	2	4	1	0.76345278	32	21854.04	21854.64	21854.64	21854.84	21855.404
2	15	2	1	666	4	6	12	6	5	1	7	0	1.461685	32	21856.677	21856.877	21856.877	21857.077	21858.339
2	15	2	1	667	4	6	12	7	5	1	6	1	0.89716156	33	21858.913	21859.113	21859.113	21859.313	21860.01
2	15	2	1	668	4	6	12	8	1	1	2	1	1.3755284	34	21861.148	21861.348	21861.348	21861.548	21862.724
2	15	2	1	669	4	6	12	9	6	2	7	1	1.9967987	35	21863.381	21863.981	21863.981	21864.181	21865.978
2	15	2	1	670	4	6	12	10	2	1	7	0	1.9975845	35	21866.016	21866.216	21866.216	21866.416	21868.213
2	15	2	1	671	4	6	12	11	4	1	5	1	1.4131	36	21868.253	21868.453	21868.453	21868.653	21869.866
2	15	2	1	672	4	6	12	12	5	1	6	1	0.6964807	37	21870.492	21870.692	21870.692	21870.892	21871.389
2	15	2	1	673	4	6	12	13	1	2	2	1	0.59880314	38	21872.726	21873.326	21873.326	21873.526	21873.924
2	15	2	1	674	4	6	12	14	1	2	2	1	0.55709262	39	21875.359	21875.959	21875.959	21876.159	21876.517
2	15	2	1	675	4	6	12	15	3	2	4	1	0.83011497	40	21877.995	21878.595	21878.595	21878.795	21879.426
2	15	2	1	676	4	6	12	16	3	2	4	1	0.60668552	41	21880.628	21881.228	21881.228	21881.428	21881.835
2	15	2	1	677	4	6	12	17	5	1	6	1	0.73150179	42	21883.264	21883.464	21883.464	21883.664	21884.195
2	15	2	1	678	4	6	12	18	2	1	3	1	0.76438496	43	21885.501	21885.701	21885.701	21885.901	21886.465
2	15	2	1	679	4	6	12	19	4	2	5	1	0.64711943	44	21887.734	21888.334	21888.334	21888.534	21888.982
2	15	2	1	680	4	6	12	20	6	2	7	1	0.67228158	45	21890.372	21890.972	21890.972	21891.172	21891.644
2	15	2	1	681	4	6	12	21	3	1	4	1	0.71339573	46	21893.008	21893.208	21893.208	21893.408	21893.922
2	15	2	1	682	4	6	12	22	4	2	5	1	0.64482258	47	21895.245	21895.845	21895.845	21896.045	21896.49
2	15	2	1	683	4	6	12	23	1	2	2	1	0.64527323	48	21897.879	21898.479	21898.479	21898.679	21899.124
2	15	2	1	684	4	6	12	24	3	1	4	1	0.70398228	49	21900.515	21900.715	21900.716	21900.916	21901.419
2	15	2	1	685	4	6	12	25	2	2	3	1	0.72511631	50	21902.756	21903.356	21903.356	21903.556	21904.081
2	15	2	1	686	4	6	12	26	2	1	3	1	0.625542	51	21905.393	21905.593	21905.593	21905.793	21906.218
2	15	2	1	687	4	6	12	27	4	2	5	1	0.58957414	52	21907.63	21908.23	21908.23	21908.43	21908.819
2	15	2	1	688	4	6	12	28	5	1	6	1	0.71744944	53	21910.27	21910.47	21910.47	21910.67	21911.187
2	15	2	1	689	4	6	12	29	2	2	7	1	1.671324	54	21912.507	21913.107	21913.107	21913.307	21914.778
2	15	2	1	690	4	6	12	30	6	2	6	1	1.9616553	55	21915.144	21915.744	21915.744	21915.944	21917.705
2	15	2	1	691	4	2	12	1	1	1	1	1	0.60600132	1	21945.835	21946.035	21946.035	21946.235	21946.641
2	15	2	1	692	4	2	12	2	1	1	1	1	0.52955301	2	21948.072	21948.272	21948.272	21948.472	21948.802
2	15	2	1	693	4	2	12	3	2	2	1	1	0.51748054	3	21950.307	21950.907	21950.907	21951.107	21951.424
2	15	2	1	694	4	2	12	4	2	1	1	1	0.4678028	4	21952.944	21953.144	21953.144	21953.344	21953.612
2	15	2	1	695	4	2	12	5	5	2	8	1	0.56518464	5	21955.181	21955.781	21955.781	21955.981	21956.346
2	15	2	1	696	4	2	12	6	4	1	8	1	0.65676117	6	21957.818	21958.018	21958.018	21958.218	21958.675
2	15	2	1	697	4	2	12	7	2	1	1	1	0.77087812	7	21960.056	21960.256	21960.256	21960.456	21961.027
2	15	2	1	698	4	2	12	8	1	1	0	0	-21962.49	7	21962.29	21962.49	21962.49	21962.69	0
2	15	2	1	699	4	2	12	9	4	2	8	1	0.55719916	8	21964.527	21965.127	21965.127	21965.327	21965.685
2	15	2	1	700	4	2	12	10	3	1	1	1	0.5257408	9	21967.166	21967.366	21967.366	21967.566	21967.891
2	15	2	1	701	4	2	12	11	1	1	1	1	0.78586259	10	21969.41	21969.61	21969.61	21969.81	21970.396
2	15	2	1	702	4	2	12	12	6	1	3	1	1.1985888	11	21971.647	21971.847	21971.847	21972.047	21973.046
2	15	2	1	703	4	2	12	13	3	2	1	1	0.80310014	12	21973.884	21974.484	21974.484	21974.684	21975.287
2	15	2	1	704	4	2	12	14	6	2	8	1	0.55217009	13	21976.522	21977.122	21977.122	21977.322	21977.674
2	15	2	1	705	4	2	12	15	5	2	8	1	0.49824577	14	21979.159	21979.759	21979.759	21979.959	21980.257
2	15	2	1	706	4	2	12	16	6	2	8	1	0.43877341	15	21981.796	21982.396	21982.396	21982.596	21982.835
2	15	2	1	707	4	2	12	17	3	1	1	1	0.48526316	16	21984.436	21984.636	21984.636	21984.836	21985.121
2	15	2	1	708	4	2	12	18	6	1	8	1	0.79362	17	21986.674	21986.874	21986.874	21987.074	21987.668
2	15	2	1	709	4	2	12	19	5	2	8	1	0.67270487	18	21988.913	21989.513	21989.513	21989.713	21990.185
2	15	2	1	710	4	2	12	20	4	2	8	1	0.48717754	19	21991.555	21992.155	21992.155	21992.355	21992.642
2	15	2	1	711	4	2	12	21	3	1	1	1	0.64455139	20	21994.193	21994.393	21994.393	21994.593	21995.038
2	15	2	1	712	4	2	12	22	4	2	8	1	0.50795761	21	21996.448	21997.048	21997.048	21997.248	21997.556
2	15	2	1	713	4	2	12	23	5	2	8	1	0.63061388	22	21999.086	21999.686	21999.686	21999.886	22000.316
2	15	2	1	714	4	2	12	24	2	1	6	1	2.0000777	23	22001.724	22001.924	22001.924	22002.124	22003.924
2	15	2	1	715	4	2	12	25	1	2	6	0	1.171608	23	22003.96	22004.56	22004.56	22004.76	22005.732
2	15	2	1	716	4	2	12	26	3	1	1	1	0.5504801	24	22006.599	22006.799	22006.799	22006.999	22007.349
2	15	2	1	717	4	2	12	27	5	2	8	1	0.46326231	25	22008.837	22009.437	22009.437	22009.637	22009.9
2	15	2	1	718	4	2	12	28	4	1	6	1	2.0004222	26	22011.472	22011.672	22011.672	22011.872	22013.673
2	15	2	1	719	4	2	12	29	6	2	6	0	1.998073	26	22013.71	22014.31	22014.31	22014.51	22016.308
2	15	2	1	720	4	2	12	30	2	2	6	0	1.9807859	26	22016.345	22016.945	22016.945	22017.145	22018.926
