5	3	7	4	2	0	1	6	0	0	0	0	0	0	0	0	0	0	0	0
3	19	2	1	1	1	6	1	1	5	2	0	0	-25883.327	0	25882.726	25883.326	25883.327	25883.527	0
3	19	2	1	2	1	6	1	2	4	2	2	0	1.6463835	0	25885.642	25886.242	25886.242	25886.443	25887.889
3	19	2	1	3	1	6	1	3	1	1	0	0	-25888.766	0	25888.566	25888.766	25888.766	25888.966	0
3	19	2	1	4	1	6	1	4	5	1	6	1	1.2963282	1	25891.073	25891.273	25891.273	25891.473	25892.569
3	19	2	1	5	1	6	1	5	6	1	7	1	1.4337976	2	25893.279	25893.479	25893.479	25893.679	25894.913
3	19	2	1	6	1	6	1	6	4	1	5	1	1.8675989	3	25895.485	25895.685	25895.685	25895.885	25897.552
3	19	2	1	7	1	6	1	7	2	2	3	1	1.997161	4	25897.691	25898.291	25898.291	25898.491	25900.288
3	19	2	1	8	1	6	1	8	6	1	7	1	1.1724216	5	25900.297	25900.497	25900.497	25900.697	25901.669
3	19	2	1	9	1	6	1	9	3	1	4	1	1.4282446	6	25902.503	25902.703	25902.703	25902.903	25904.131
3	19	2	1	10	1	6	1	10	1	1	2	1	1.2043549	7	25904.708	25904.908	25904.908	25905.108	25906.112
3	19	2	1	11	1	6	1	11	2	1	2	0	1.8132403	7	25906.914	25907.114	25907.114	25907.314	25908.927
3	19	2	1	12	1	6	1	12	1	1	2	1	1.647275	8	25909.43	25909.63	25909.63	25909.83	25911.278
3	19	2	1	13	1	6	1	13	3	2	4	1	1.2439419	9	25911.636	25912.236	25912.236	25912.436	25913.48
3	19	2	1	14	1	6	1	14	2	2	3	1	0.76655808	10	25914.241	25914.841	25914.841	25915.042	25915.608
3	19	2	1	15	1	6	1	15	3	2	4	1	0.90525072	11	25916.847	25917.447	25917.447	25917.647	25918.353
3	19	2	1	16	1	6	1	16	2	2	3	1	0.65065904	12	25919.453	25920.053	25920.053	25920.253	25920.704
3	19	2	1	17	1	6	1	17	6	1	7	1	1.4418586	13	25922.059	25922.259	25922.259	25922.459	25923.701
3	19	2	1	18	1	6	1	18	4	2	6	0	1.0526447	13	25924.273	25924.873	25924.873	25925.073	25925.926
3	19	2	1	19	1	6	1	19	6	2	7	1	0.97554901	14	25927.27	25927.87	25927.87	25928.07	25928.846
3	19	2	1	20	1	6	1	20	1	2	2	1	1.4340469	15	25929.876	25930.476	25930.476	25930.676	25931.91
3	19	2	1	21	1	6	1	21	3	2	4	1	1.1155357	16	25932.482	25933.082	25933.082	25933.282	25934.198
3	19	2	1	22	1	6	1	22	1	1	2	1	1.3488687	17	25935.088	25935.288	25935.288	25935.488	25936.637
3	19	2	1	23	1	6	1	23	4	1	5	1	1.2710228	18	25937.294	25937.494	25937.494	25937.694	25938.765
3	19	2	1	24	1	6	1	24	5	2	6	1	1.2575929	19	25939.5	25940.1	25940.1	25940.3	25941.357
3	19	2	1	25	1	6	1	25	4	2	5	1	0.77389905	20	25942.105	25942.705	25942.705	25942.905	25943.479
3	19	2	1	26	1	6	1	26	2	1	3	1	0.90348787	21	25944.711	25944.911	25944.911	25945.112	25945.815
3	19	2	1	27	1	6	1	27	5	1	6	1	1.4653095	22	25946.919	25947.119	25947.119	25947.319	25948.584
3	19	2	1	28	1	6	1	28	5	2	6	1	0.8920429	23	25949.125	25949.725	25949.725	25949.925	25950.618
3	19	2	1	29	1	6	1	29	6	1	7	1	0.61709715	24	25951.732	25951.932	25951.932	25952.132	25952.549
3	19	2	1	30	1	6	1	30	3	2	4	1	1.5781186	25	25953.939	25954.539	25954.539	25954.739	25956.117
3	19	2	1	31	1	2	1	1	5	2	8	1	0.90291817	1	25976.359	25976.959	25976.959	25977.16	25977.862
3	19	2	1	32	1	2	1	2	1	2	1	1	0.64458674	2	25978.969	25979.569	25979.569	25979.769	25980.214
3	19	2	1	33	1	2	1	3	5	1	1	0	1.2536984	2	25981.577	25981.777	25981.777	25981.977	25983.031
3	19	2	1	34	1	2	1	4	2	1	1	1	1.1200494	3	25984.093	25984.293	25984.293	25984.493	25985.413
3	19	2	1	35	1	2	1	5	4	1	8	1	0.69938021	4	25986.3	25986.5	25986.5	25986.7	25987.199
3	19	2	1	36	1	2	1	6	3	1	1	1	0.94258175	5	25988.507	25988.707	25988.707	25988.907	25989.649
3	19	2	1	37	1	2	1	7	5	2	8	1	0.7481242	6	25990.713	25991.313	25991.313	25991.513	25992.062
3	19	2	1	38	1	2	1	8	5	1	8	1	0.78794457	7	25993.347	25993.547	25993.547	25993.747	25994.335
3	19	2	1	39	1	2	1	9	4	1	8	1	0.79923116	8	25995.554	25995.754	25995.754	25995.954	25996.553
3	19	2	1	40	1	2	1	10	1	1	1	1	0.73230699	9	25997.761	25997.961	25997.961	25998.161	25998.693
3	19	2	1	41	1	2	1	11	3	1	1	1	0.75863103	10	25999.968	26000.168	26000.168	26000.368	26000.926
3	19	2	1	42	1	2	1	12	1	1	1	1	0.60080838	11	26002.175	26002.375	26002.375	26002.575	26002.976
3	19	2	1	43	1	2	1	13	6	2	8	1	0.88895518	12	26004.382	26004.982	26004.982	26005.182	26005.871
3	19	2	1	44	1	2	1	14	2	2	8	0	0.66981799	12	26006.989	26007.589	26007.589	26007.789	26008.259
3	19	2	1	45	1	2	1	15	1	2	1	1	0.65574407	13	26009.911	26010.511	26010.511	26010.711	26011.167
3	19	2	1	46	1	2	1	16	3	2	1	1	0.67371623	14	26012.518	26013.118	26013.118	26013.318	26013.792
3	19	2	1	47	1	2	1	17	6	1	8	1	0.82467362	15	26015.125	26015.325	26015.325	26015.525	26016.15
3	19	2	1	48	1	2	1	18	3	2	1	1	0.50566973	16	26017.376	26017.976	26017.976	26018.176	26018.481
3	19	2	1	49	1	2	1	19	3	2	1	1	0.68812929	17	26019.985	26020.585	26020.585	26020.785	26021.273
3	19	2	1	50	1	2	1	20	6	2	8	1	0.86448811	18	26022.592	26023.192	26023.192	26023.392	26024.057
3	19	2	1	51	1	2	1	21	2	2	1	1	0.82183392	19	26025.2	26025.8	26025.8	26026	26026.622
3	19	2	1	52	1	2	1	22	2	1	1	1	1.0503823	20	26027.807	26028.007	26028.007	26028.207	26029.057
3	19	2	1	53	1	2	1	23	6	1	8	1	0.90288398	21	26030.014	26030.214	26030.214	26030.414	26031.117
3	19	2	1	54	1	2	1	24	4	2	8	1	1.1057997	22	26032.221	26032.821	26032.821	26033.021	26033.927
3	19	2	1	55	1	2	1	25	1	2	1	1	0.7080831	23	26034.829	26035.429	26035.429	26035.629	26036.137
3	19	2	1	56	1	2	1	26	4	1	1	0	0.75574162	23	26037.436	26037.636	26037.636	26037.836	26038.392
3	19	2	1	57	1	2	1	27	4	1	8	1	0.95717758	24	26039.955	26040.155	26040.155	26040.355	26041.112
3	19	2	1	58	1	2	1	28	5	2	8	1	0.64409328	25	26042.163	26042.763	26042.763	26042.963	26043.407
3	19	2	1	59	1	2	1	29	2	1	1	1	0.74623277	26	26044.771	26044.971	26044.971	26045.171	26045.717
3	19	2	1	60	1	2	1	30	6	2	8	1	0.83824789	27	26046.978	26047.578	26047.578	26047.778	26048.417
3	19	2	1	61	1	6	2	1	5	2	6	1	1.1483719	28	26071.074	26071.674	26071.674	26071.874	26072.823
3	19	2	1	62	1	6	2	2	1	2	2	1	1.1655248	29	26073.682	26074.282	26074.282	26074.482	26075.448
3	19	2	1	63	1	6	2	3	5	1	5	0	1.2808693	29	26076.295	26076.495	26076.495	26076.695	26077.775
3	19	2	1	64	1	6	2	4	2	1	3	1	1.186151	30	26078.811	26079.011	26079.011	26079.211	26080.197
3	19	2	1	65	1	6	2	5	4	1	5	1	0.88045082	31	26081.016	26081.216	26081.216	26081.416	26082.097
3	19	2	1	66	1	6	2	6	3	1	4	1	0.86508058	32	26083.228	26083.428	26083.428	26083.628	26084.293
3	19	2	1	67	1	6	2	7	5	2	6	1	1.2690511	33	26085.436	26086.036	26086.036	26086.236	26087.305
3	19	2	1	68	1	6	2	8	5	1	6	1	0.84749722	34	26088.046	26088.246	26088.246	26088.446	26089.093
3	19	2	1	69	1	6	2	9	4	1	0	0	-26090.454	34	26090.254	26090.454	26090.454	26090.654	0
3	19	2	1	70	1	6	2	10	1	1	3	0	1.56477	34	26092.762	26092.962	26092.962	26093.162	26094.526
3	19	2	1	71	1	6	2	11	3	1	0	0	-26095.475	34	26095.275	26095.475	26095.475	26095.675	0
3	19	2	1	72	1	6	2	12	1	1	2	1	1.1017186	35	26097.783	26097.983	26097.983	26098.183	26099.085
3	19	2	1	73	1	6	2	13	6	2	7	1	0.89732343	36	26099.992	26100.592	26100.592	26100.792	26101.489
3	19	2	1	74	1	6	2	14	2	2	3	1	0.93903209	37	26102.6	26103.2	26103.2	26103.4	26104.139
3	19	2	1	75	1	6	2	15	1	2	3	0	0.83796202	37	26105.209	26105.809	26105.809	26106.009	26106.647
3	19	2	1	76	1	6	2	16	3	2	4	1	1.3009841	38	26108.123	26108.723	26108.723	26108.923	26110.024
3	19	2	1	77	1	6	2	17	6	1	7	1	1.0350523	39	26110.731	26110.931	26110.931	26111.131	26111.966
3	19	2	1	78	1	6	2	18	3	2	5	0	1.7549244	39	26112.94	26113.54	26113.54	26113.74	26115.295
3	19	2	1	79	1	6	2	19	3	2	4	1	0.6829723	40	26115.862	26116.462	26116.462	26116.662	26117.145
3	19	2	1	80	1	6	2	20	6	2	7	1	1.2938824	41	26118.471	26119.071	26119.071	26119.271	26120.365
3	19	2	1	81	1	6	2	21	2	2	2	0	1.0450004	41	26121.08	26121.68	26121.68	26121.88	26122.725
3	19	2	1	82	1	6	2	22	2	1	3	1	0.61944708	42	26124.003	26124.203	26124.203	26124.403	26124.823
3	19	2	1	83	1	6	2	23	6	1	7	1	1.3480779	43	26126.212	26126.412	26126.412	26126.612	26127.76
3	19	2	1	84	1	6	2	24	4	2	5	1	1.5571646	44	26128.488	26129.088	26129.088	26129.288	26130.645
3	19	2	1	85	1	6	2	25	1	2	2	1	1.2474155	45	26131.096	26131.696	26131.696	26131.896	26132.944
3	19	2	1	86	1	6	2	26	4	1	5	1	1.5480987	46	26133.706	26133.906	26133.906	26134.106	26135.454
3	19	2	1	87	1	6	2	27	4	1	5	1	0.74998255	47	26135.914	26136.114	26136.114	26136.314	26136.864
3	19	2	1	88	1	6	2	28	5	2	6	1	1.0650297	48	26138.124	26138.724	26138.724	26138.924	26139.789
3	19	2	1	89	1	6	2	29	2	1	2	0	1.2099029	48	26140.733	26140.933	26140.933	26141.133	26142.143
3	19	2	1	90	1	6	2	30	6	2	7	1	0.93929823	49	26143.253	26143.853	26143.853	26144.053	26144.793
3	19	2	1	91	1	2	2	1	6	2	8	1	1.3490361	1	26154.945	26155.545	26155.545	26155.745	26156.894
3	19	2	1	92	1	2	2	2	4	2	8	1	0.59777754	2	26157.555	26158.155	26158.155	26158.355	26158.752
3	19	2	1	93	1	2	2	3	1	1	1	1	0.91632951	3	26160.164	26160.364	26160.364	26160.564	26161.281
3	19	2	1	94	1	2	2	4	2	1	1	1	0.78700232	4	26162.373	26162.573	26162.573	26162.773	26163.36
3	19	2	1	95	1	2	2	5	5	1	8	1	0.83870867	5	26164.583	26164.783	26164.783	26164.983	26165.621
3	19	2	1	96	1	2	2	6	2	1	1	1	1.2394225	6	26166.792	26166.992	26166.992	26167.192	26168.232
3	19	2	1	97	1	2	2	7	6	2	8	1	0.69207212	7	26169.001	26169.601	26169.601	26169.801	26170.293
3	19	2	1	98	1	2	2	8	1	1	8	0	0.59483184	7	26171.611	26171.811	26171.811	26172.011	26172.406
3	19	2	1	99	1	2	2	9	5	1	8	1	1.1991732	8	26174.128	26174.328	26174.328	26174.528	26175.527
3	19	2	1	100	1	2	2	10	6	1	8	1	0.54003536	9	26176.337	26176.537	26176.537	26176.737	26177.077
3	19	2	1	101	1	2	2	11	4	1	8	1	0.59920471	10	26178.546	26178.746	26178.746	26178.946	26179.345
3	19	2	1	102	1	2	2	12	2	1	1	1	0.74052252	11	26180.756	26180.956	26180.956	26181.156	26181.696
3	19	2	1	103	1	2	2	13	2	2	1	1	0.69369694	12	26182.968	26183.568	26183.568	26183.768	26184.261
3	19	2	1	104	1	2	2	14	1	2	1	1	0.78139534	13	26185.577	26186.177	26186.177	26186.377	26186.958
3	19	2	1	105	1	2	2	15	6	2	1	0	1.0529808	13	26188.187	26188.787	26188.787	26188.987	26189.84
3	19	2	1	106	1	2	2	16	3	2	1	1	0.7703213	14	26191.107	26191.707	26191.707	26191.907	26192.477
3	19	2	1	107	1	2	2	17	3	1	1	1	0.53521921	15	26193.717	26193.917	26193.917	26194.117	26194.452
3	19	2	1	108	1	2	2	18	1	2	1	1	0.51267776	16	26195.927	26196.527	26196.527	26196.727	26197.039
3	19	2	1	109	1	2	2	19	5	2	8	1	0.80481707	17	26198.536	26199.136	26199.136	26199.336	26199.941
3	19	2	1	110	1	2	2	20	4	2	8	1	0.5568874	18	26201.146	26201.746	26201.746	26201.946	26202.303
3	19	2	1	111	1	2	2	21	3	2	8	0	0.66125175	18	26203.756	26204.356	26204.356	26204.556	26205.017
3	19	2	1	112	1	2	2	22	2	1	1	1	0.47545318	19	26206.68	26206.88	26206.88	26207.08	26207.356
3	19	2	1	113	1	2	2	23	4	1	8	1	0.5796585	20	26208.89	26209.09	26209.09	26209.29	26209.669
3	19	2	1	114	1	2	2	24	3	2	1	1	0.9215664	21	26211.1	26211.7	26211.7	26211.9	26212.622
3	19	2	1	115	1	2	2	25	4	2	8	1	1.1734141	22	26213.71	26214.31	26214.31	26214.51	26215.484
3	19	2	1	116	1	2	2	26	6	1	8	1	0.5187631	23	26216.321	26216.521	26216.521	26216.721	26217.039
3	19	2	1	117	1	2	2	27	5	1	8	1	0.53530784	24	26218.583	26218.783	26218.783	26218.983	26219.319
3	19	2	1	118	1	2	2	28	3	2	8	0	0.66398113	24	26220.793	26221.393	26221.393	26221.593	26222.057
3	19	2	1	119	1	2	2	29	5	1	8	1	0.77531101	25	26223.719	26223.919	26223.919	26224.119	26224.694
3	19	2	1	120	1	2	2	30	1	2	1	1	0.72812117	26	26225.929	26226.529	26226.529	26226.729	26227.257
3	19	2	1	121	1	6	3	1	6	2	7	1	1.3254407	27	26238.096	26238.696	26238.696	26238.896	26240.021
3	19	2	1	122	1	6	3	2	4	2	2	0	1.0208737	27	26240.706	26241.306	26241.306	26241.506	26242.327
3	19	2	1	123	1	6	3	3	1	1	0	0	-26243.821	27	26243.621	26243.821	26243.821	26244.021	0
3	19	2	1	124	1	6	3	4	2	1	3	1	1.596531	28	26246.132	26246.332	26246.332	26246.532	26247.929
3	19	2	1	125	1	6	3	5	5	1	6	1	1.5522984	29	26248.343	26248.543	26248.543	26248.743	26250.095
3	19	2	1	126	1	6	3	6	2	1	2	0	1.2366107	29	26250.554	26250.754	26250.754	26250.954	26251.99
3	19	2	1	127	1	6	3	7	6	2	7	1	1.1766951	30	26253.071	26253.671	26253.671	26253.871	26254.847
3	19	2	1	128	1	6	3	8	1	1	5	0	1.7483254	30	26255.681	26255.881	26255.881	26256.081	26257.629
3	19	2	1	129	1	6	3	9	5	1	6	1	0.74579518	31	26258.203	26258.403	26258.403	26258.603	26259.149
3	19	2	1	130	1	6	3	10	6	1	7	1	1.0519433	32	26260.413	26260.613	26260.613	26260.813	26261.665
3	19	2	1	131	1	6	3	11	4	1	6	0	1.4006989	32	26262.624	26262.824	26262.824	26263.024	26264.224
3	19	2	1	132	1	6	3	12	2	1	2	0	1.0696767	32	26265.136	26265.336	26265.336	26265.536	26266.406
3	19	2	1	133	1	6	3	13	2	2	3	1	0.61575838	33	26267.654	26268.254	26268.254	26268.454	26268.87
3	19	2	1	134	1	6	3	14	1	2	2	1	1.1497146	34	26270.265	26270.865	26270.865	26271.065	26272.015
3	19	2	1	135	1	6	3	15	6	2	7	1	1.2278818	35	26272.876	26273.476	26273.476	26273.676	26274.704
3	19	2	1	136	1	6	3	16	3	2	4	1	1.5927682	36	26275.487	26276.087	26276.087	26276.287	26277.68
3	19	2	1	137	1	6	3	17	3	1	4	1	0.78376093	37	26278.097	26278.297	26278.297	26278.497	26279.081
3	19	2	1	138	1	6	3	18	1	2	2	1	1.1418147	38	26280.312	26280.912	26280.912	26281.112	26282.053
3	19	2	1	139	1	6	3	19	5	2	6	1	1.1228892	39	26282.922	26283.522	26283.522	26283.722	26284.645
3	19	2	1	140	1	6	3	20	4	2	5	1	1.0908258	40	26285.534	26286.134	26286.134	26286.334	26287.225
3	19	2	1	141	1	6	3	21	3	2	2	0	1.6530045	40	26288.145	26288.745	26288.745	26288.945	26290.398
3	19	2	1	142	1	6	3	22	2	1	3	1	0.86628761	41	26291.064	26291.264	26291.264	26291.464	26292.13
3	19	2	1	143	1	6	3	23	4	1	0	0	-26293.475	41	26293.275	26293.475	26293.475	26293.675	0
3	19	2	1	144	1	6	3	24	3	2	5	0	0.54004536	41	26295.787	26296.387	26296.387	26296.587	26296.927
3	19	2	1	145	1	6	3	25	4	2	5	1	1.1061144	42	26298.715	26299.315	26299.315	26299.515	26300.421
3	19	2	1	146	1	6	3	26	6	1	7	1	0.90585382	43	26301.326	26301.526	26301.526	26301.726	26302.431
3	19	2	1	147	1	6	3	27	5	1	6	1	0.8615857	44	26303.537	26303.737	26303.737	26303.937	26304.599
3	19	2	1	148	1	6	3	28	3	2	4	1	0.85759427	45	26305.749	26306.349	26306.349	26306.549	26307.206
3	19	2	1	149	1	6	3	29	5	1	6	1	0.8247308	46	26308.36	26308.56	26308.56	26308.76	26309.385
3	19	2	1	150	1	6	3	30	1	2	3	0	1.5866457	46	26310.572	26311.172	26311.172	26311.372	26312.759
3	19	2	1	151	1	2	3	1	3	2	1	1	1.1708937	1	26323.171	26323.771	26323.771	26323.971	26324.942
3	19	2	1	152	1	2	3	2	3	2	1	1	0.61613823	2	26325.782	26326.382	26326.382	26326.582	26326.998
3	19	2	1	153	1	2	3	3	6	1	8	1	0.66699107	3	26328.394	26328.594	26328.594	26328.794	26329.261
3	19	2	1	154	1	2	3	4	1	1	1	1	0.74736911	4	26330.605	26330.805	26330.805	26331.005	26331.552
3	19	2	1	155	1	2	3	5	1	1	1	1	0.64518225	5	26332.816	26333.016	26333.016	26333.216	26333.661
3	19	2	1	156	1	2	3	6	2	1	1	1	0.65120211	6	26335.028	26335.228	26335.228	26335.428	26335.879
3	19	2	1	157	1	2	3	7	5	2	8	1	0.75918209	7	26337.24	26337.84	26337.84	26338.04	26338.599
3	19	2	1	158	1	2	3	8	6	1	8	1	0.52769156	8	26339.855	26340.055	26340.055	26340.255	26340.583
3	19	2	1	159	1	2	3	9	4	1	8	1	0.64186705	9	26342.067	26342.267	26342.267	26342.467	26342.909
3	19	2	1	160	1	2	3	10	5	1	8	1	0.5590623	10	26344.28	26344.48	26344.48	26344.68	26345.039
3	19	2	1	161	1	2	3	11	2	1	1	1	0.85341925	11	26346.492	26346.692	26346.692	26346.892	26347.545
3	19	2	1	162	1	2	3	12	4	1	8	1	1.0557892	12	26348.703	26348.903	26348.903	26349.103	26349.959
3	19	2	1	163	1	2	3	13	2	2	8	0	0.88872686	12	26350.916	26351.516	26351.516	26351.716	26352.405
3	19	2	1	164	1	2	3	14	5	2	8	1	0.99969185	13	26353.831	26354.431	26354.431	26354.631	26355.431
3	19	2	1	165	1	2	3	15	1	2	8	0	0.73626499	13	26356.443	26357.043	26357.043	26357.243	26357.779
3	19	2	1	166	1	2	3	16	4	2	8	1	0.74686623	14	26359.365	26359.965	26359.965	26360.165	26360.712
3	19	2	1	167	1	2	3	17	5	1	8	1	0.62249658	15	26361.976	26362.176	26362.176	26362.376	26362.799
3	19	2	1	168	1	2	3	18	6	2	8	1	0.77371481	16	26364.189	26364.789	26364.789	26364.989	26365.563
3	19	2	1	169	1	2	3	19	1	2	1	1	0.73965124	17	26366.801	26367.401	26367.401	26367.601	26368.141
3	19	2	1	170	1	2	3	20	2	2	1	1	0.6747982	18	26369.414	26370.014	26370.014	26370.214	26370.688
3	19	2	1	171	1	2	3	21	3	2	1	1	0.55456222	19	26372.026	26372.626	26372.626	26372.827	26373.181
3	19	2	1	172	1	2	3	22	2	1	1	1	0.48149513	20	26374.735	26374.935	26374.935	26375.135	26375.416
3	19	2	1	173	1	2	3	23	5	1	8	1	0.85195896	21	26376.947	26377.147	26377.147	26377.347	26377.999
3	19	2	1	174	1	2	3	24	3	2	8	0	0.66165778	21	26379.16	26379.76	26379.76	26379.96	26380.421
3	19	2	1	175	1	2	3	25	4	2	8	1	0.83969116	22	26382.085	26382.685	26382.685	26382.885	26383.525
3	19	2	1	176	1	2	3	26	1	1	1	1	0.63673141	23	26384.698	26384.898	26384.898	26385.098	26385.535
3	19	2	1	177	1	2	3	27	6	1	8	1	0.62281194	24	26386.91	26387.11	26387.11	26387.31	26387.733
3	19	2	1	178	1	2	3	28	3	2	1	1	0.93812745	25	26389.123	26389.723	26389.723	26389.923	26390.661
3	19	2	1	179	1	2	3	29	6	1	8	1	1.27875	26	26391.735	26391.935	26391.935	26392.135	26393.214
3	19	2	1	180	1	2	3	30	4	2	8	1	0.54817516	27	26393.948	26394.548	26394.548	26394.748	26395.096
3	19	2	1	181	2	6	4	1	3	2	4	1	1.3724337	28	26787.041	26787.641	26787.641	26787.841	26789.014
3	19	2	1	182	2	6	4	2	3	2	4	1	0.70088457	29	26789.656	26790.256	26790.256	26790.456	26790.957
3	19	2	1	183	2	6	4	3	6	1	7	1	0.8651279	30	26792.33	26792.53	26792.53	26792.73	26793.395
3	19	2	1	184	2	6	4	4	1	1	2	1	1.0540029	31	26794.543	26794.743	26794.743	26794.943	26795.797
3	19	2	1	185	2	6	4	5	1	1	2	1	0.699899	32	26796.756	26796.956	26796.956	26797.156	26797.656
3	19	2	1	186	2	6	4	6	2	1	3	1	0.6520032	33	26798.969	26799.169	26799.169	26799.369	26799.821
3	19	2	1	187	2	6	4	7	5	2	6	1	1.1378718	34	26801.182	26801.782	26801.782	26801.982	26802.92
3	19	2	1	188	2	6	4	8	6	1	7	1	0.87667649	35	26803.795	26803.995	26803.995	26804.195	26804.872
3	19	2	1	189	2	6	4	9	4	1	5	1	0.63967198	36	26806.009	26806.209	26806.209	26806.409	26806.849
3	19	2	1	190	2	6	4	10	5	1	6	1	1.0486763	37	26808.222	26808.422	26808.422	26808.622	26809.471
3	19	2	1	191	2	6	4	11	2	1	2	0	0.89204498	37	26810.435	26810.635	26810.635	26810.835	26811.527
3	19	2	1	192	2	6	4	12	4	1	5	1	1.9991267	38	26812.649	26812.849	26812.849	26813.049	26814.848
3	19	2	1	193	2	6	4	13	2	2	3	1	0.89289561	39	26814.864	26815.464	26815.464	26815.664	26816.357
3	19	2	1	194	2	6	4	14	5	2	6	1	0.86509947	40	26817.483	26818.083	26818.083	26818.283	26818.948
3	19	2	1	195	2	6	4	15	1	2	2	1	1.0789594	41	26820.096	26820.696	26820.696	26820.896	26821.775
3	19	2	1	196	2	6	4	16	4	2	5	1	0.88032258	42	26822.71	26823.31	26823.31	26823.51	26824.19
3	19	2	1	197	2	6	4	17	5	1	6	1	0.70939158	43	26825.37	26825.57	26825.57	26825.77	26826.28
3	19	2	1	198	2	6	4	18	6	2	7	1	0.93304552	44	26827.584	26828.184	26828.184	26828.384	26829.117
3	19	2	1	199	2	6	4	19	1	2	0	0	-26830.797	44	26830.197	26830.797	26830.797	26830.997	0
3	19	2	1	200	2	6	4	20	2	2	3	1	1.1957795	45	26832.811	26833.411	26833.411	26833.611	26834.607
3	19	2	1	201	2	6	4	21	3	2	4	1	1.518334	46	26835.424	26836.024	26836.024	26836.224	26837.543
3	19	2	1	202	2	6	4	22	2	1	3	1	1.2114601	47	26838.038	26838.238	26838.238	26838.438	26839.449
3	19	2	1	203	2	6	4	23	5	1	6	1	1.5072434	48	26840.251	26840.451	26840.451	26840.651	26841.959
3	19	2	1	204	2	6	4	24	3	2	4	1	1.6769525	49	26842.465	26843.065	26843.065	26843.265	26844.742
3	19	2	1	205	2	6	4	25	4	2	2	0	1.2418591	49	26845.079	26845.679	26845.679	26845.879	26846.921
3	19	2	1	206	2	6	4	26	1	1	2	1	1.8563047	50	26847.693	26847.893	26847.893	26848.093	26849.749
3	19	2	1	207	2	6	4	27	6	1	7	1	1.0098789	51	26849.908	26850.108	26850.108	26850.308	26851.118
3	19	2	1	208	2	6	4	28	3	2	0	0	-26852.722	51	26852.122	26852.722	26852.722	26852.922	0
3	19	2	1	209	2	6	4	29	6	1	7	1	1.2142976	52	26854.736	26854.936	26854.936	26855.136	26856.15
3	19	2	1	210	2	6	4	30	4	2	5	1	0.90591957	53	26856.95	26857.55	26857.55	26857.75	26858.456
3	19	2	1	211	2	2	4	1	5	2	8	1	1.306552	1	26887.63	26888.23	26888.23	26888.43	26889.537
3	19	2	1	212	2	2	4	2	5	2	8	1	0.48405091	2	26890.245	26890.845	26890.845	26891.045	26891.329
3	19	2	1	213	2	2	4	3	2	1	1	1	0.67690382	3	26892.859	26893.059	26893.059	26893.259	26893.736
3	19	2	1	214	2	2	4	4	2	1	1	1	0.80523352	4	26895.074	26895.274	26895.274	26895.474	26896.079
3	19	2	1	215	2	2	4	5	5	1	8	1	0.77602145	5	26897.288	26897.488	26897.488	26897.688	26898.264
3	19	2	1	216	2	2	4	6	3	1	8	0	1.0818922	5	26899.507	26899.707	26899.707	26899.907	26900.789
3	19	2	1	217	2	2	4	7	3	2	1	1	0.57473488	6	26901.722	26902.322	26902.322	26902.522	26902.897
3	19	2	1	218	2	2	4	8	4	1	8	1	0.66205674	7	26904.336	26904.536	26904.536	26904.736	26905.198
3	19	2	1	219	2	2	4	9	5	1	8	1	0.60077505	8	26906.551	26906.751	26906.751	26906.951	26907.352
3	19	2	1	220	2	2	4	10	6	1	8	1	0.39001111	9	26908.765	26908.965	26908.965	26909.165	26909.355
3	19	2	1	221	2	2	4	11	3	1	1	1	0.50134355	10	26910.98	26911.18	26911.18	26911.38	26911.681
3	19	2	1	222	2	2	4	12	4	1	8	1	0.76612235	11	26913.194	26913.394	26913.394	26913.594	26914.16
3	19	2	1	223	2	2	4	13	2	2	8	0	0.55482646	11	26915.468	26916.068	26916.068	26916.268	26916.622
3	19	2	1	224	2	2	4	14	6	2	8	1	0.60513531	12	26918.082	26918.682	26918.682	26918.882	26919.287
3	19	2	1	225	2	2	4	15	1	2	1	1	0.74202428	13	26920.697	26921.297	26921.297	26921.497	26922.039
3	19	2	1	226	2	2	4	16	1	2	1	1	0.92832182	14	26923.312	26923.912	26923.912	26924.112	26924.84
3	19	2	1	227	2	2	4	17	4	1	8	1	0.76918591	15	26925.926	26926.126	26926.126	26926.326	26926.895
3	19	2	1	228	2	2	4	18	1	2	1	1	0.64958895	16	26928.14	26928.74	26928.74	26928.94	26929.39
3	19	2	1	229	2	2	4	19	6	2	8	1	0.77951887	17	26930.755	26931.355	26931.355	26931.555	26932.135
3	19	2	1	230	2	2	4	20	4	2	8	1	0.70867627	18	26933.37	26933.97	26933.97	26934.17	26934.679
3	19	2	1	231	2	2	4	21	3	2	1	1	0.78053128	19	26935.985	26936.585	26936.585	26936.785	26937.365
3	19	2	1	232	2	2	4	22	2	1	1	1	0.95775901	20	26938.6	26938.8	26938.8	26939	26939.758
3	19	2	1	233	2	2	4	23	1	1	1	1	0.69557673	21	26940.815	26941.015	26941.015	26941.215	26941.711
3	19	2	1	234	2	2	4	24	6	2	8	1	0.8855209	22	26943.031	26943.631	26943.631	26943.831	26944.517
3	19	2	1	235	2	2	4	25	4	2	8	1	0.63057714	23	26945.647	26946.247	26946.247	26946.447	26946.877
3	19	2	1	236	2	2	4	26	5	1	8	1	0.64232448	24	26948.262	26948.462	26948.462	26948.662	26949.104
3	19	2	1	237	2	2	4	27	1	1	8	0	0.93416112	24	26950.48	26950.68	26950.68	26950.88	26951.614
3	19	2	1	238	2	2	4	28	6	2	8	1	0.51744992	25	26952.695	26953.295	26953.295	26953.495	26953.813
3	19	2	1	239	2	2	4	29	2	1	8	0	0.58425179	25	26955.311	26955.511	26955.511	26955.711	26956.095
3	19	2	1	240	2	2	4	30	3	2	8	0	0.5986992	25	26957.526	26958.126	26958.127	26958.327	26958.725
3	19	2	1	241	2	6	5	1	5	2	6	1	0.82224346	26	26988.411	26989.011	26989.011	26989.211	26989.833
3	19	2	1	242	2	6	5	2	5	2	6	1	0.6611996	27	26991.027	26991.627	26991.627	26991.827	26992.288
3	19	2	1	243	2	6	5	3	2	1	3	1	1.1075345	28	26993.643	26993.843	26993.843	26994.043	26994.951
3	19	2	1	244	2	6	5	4	2	1	3	1	0.69484115	29	26995.859	26996.059	26996.059	26996.259	26996.753
3	19	2	1	245	2	6	5	5	5	1	6	1	1.2740564	30	26998.075	26998.275	26998.275	26998.475	26999.549
3	19	2	1	246	2	6	5	6	3	1	4	1	1.9498122	31	27000.291	27000.491	27000.491	27000.691	27002.441
3	19	2	1	247	2	6	5	7	3	2	4	1	0.66872903	32	27002.554	27003.154	27003.154	27003.354	27003.823
3	19	2	1	248	2	6	5	8	4	1	5	1	1.1746972	33	27005.171	27005.371	27005.371	27005.571	27006.545
3	19	2	1	249	2	6	5	9	5	1	6	1	0.86621914	34	27007.386	27007.586	27007.586	27007.786	27008.452
3	19	2	1	250	2	6	5	10	6	1	7	1	1.1710773	35	27009.602	27009.802	27009.802	27010.002	27010.973
3	19	2	1	251	2	6	5	11	3	1	4	1	1.0838666	36	27011.818	27012.018	27012.018	27012.218	27013.101
3	19	2	1	252	2	6	5	12	4	1	5	1	1.3403216	37	27014.033	27014.233	27014.233	27014.433	27015.574
3	19	2	1	253	2	6	5	13	2	2	2	0	0.81086113	37	27016.251	27016.851	27016.851	27017.051	27017.662
3	19	2	1	254	2	6	5	14	6	2	7	1	0.97047997	38	27018.867	27019.467	27019.467	27019.667	27020.437
3	19	2	1	255	2	6	5	15	1	2	2	1	1.8350226	39	27021.482	27022.082	27022.082	27022.282	27023.917
3	19	2	1	256	2	6	5	16	1	2	2	1	0.78883207	40	27024.099	27024.699	27024.699	27024.899	27025.487
3	19	2	1	257	2	6	5	17	4	1	5	1	0.88555071	41	27026.714	27026.914	27026.914	27027.114	27027.8
3	19	2	1	258	2	6	5	18	1	2	2	1	2.0000159	42	27028.93	27029.53	27029.53	27029.73	27031.53
3	19	2	1	259	2	6	5	19	6	2	7	1	0.9800221	43	27031.549	27032.149	27032.149	27032.349	27033.129
3	19	2	1	260	2	6	5	20	4	2	5	1	0.92313953	44	27034.166	27034.766	27034.766	27034.966	27035.689
3	19	2	1	261	2	6	5	21	3	2	4	1	1.0076949	45	27036.782	27037.382	27037.382	27037.582	27038.39
3	19	2	1	262	2	6	5	22	2	1	3	1	0.87056979	46	27039.398	27039.598	27039.598	27039.798	27040.469
3	19	2	1	263	2	6	5	23	1	1	2	1	1.1215119	47	27041.614	27041.814	27041.814	27042.014	27042.936
3	19	2	1	264	2	6	5	24	6	2	0	0	-27044.43	47	27043.83	27044.43	27044.43	27044.63	0
3	19	2	1	265	2	6	5	25	4	2	5	1	1.5929117	48	27046.446	27047.046	27047.046	27047.246	27048.639
3	19	2	1	266	2	6	5	26	5	1	6	1	0.80113543	49	27049.063	27049.263	27049.263	27049.463	27050.064
3	19	2	1	267	2	6	5	27	1	1	2	1	1.1594762	50	27051.279	27051.479	27051.479	27051.679	27052.639
3	19	2	1	268	2	6	5	28	6	2	7	1	1.9995239	51	27053.496	27054.096	27054.096	27054.296	27056.096
3	19	2	1	269	2	6	5	29	2	1	3	1	1.1284833	52	27056.12	27056.32	27056.32	27056.52	27057.449
3	19	2	1	270	2	6	5	30	3	2	4	1	1.9810055	53	27058.337	27058.937	27058.937	27059.137	27060.918
3	19	2	1	271	2	2	5	1	5	2	8	1	1.5477361	1	27089.018	27089.618	27089.618	27089.818	27091.166
3	19	2	1	272	2	2	5	2	3	2	1	1	0.72394113	2	27091.635	27092.235	27092.235	27092.435	27092.959
3	19	2	1	273	2	2	5	3	1	1	1	1	0.98677752	3	27094.253	27094.453	27094.453	27094.653	27095.44
3	19	2	1	274	2	2	5	4	1	1	1	1	0.72966237	4	27096.469	27096.669	27096.669	27096.869	27097.399
3	19	2	1	275	2	2	5	5	2	1	1	1	0.60452257	5	27098.69	27098.89	27098.89	27099.09	27099.495
3	19	2	1	276	2	2	5	6	2	1	1	1	0.64158557	6	27100.91	27101.11	27101.11	27101.31	27101.752
3	19	2	1	277	2	2	5	7	1	2	1	1	0.61471411	7	27103.13	27103.73	27103.73	27103.93	27104.345
3	19	2	1	278	2	2	5	8	4	1	8	1	0.69609398	8	27105.749	27105.949	27105.949	27106.149	27106.645
3	19	2	1	279	2	2	5	9	6	1	8	1	0.95913651	9	27107.966	27108.166	27108.166	27108.366	27109.125
3	19	2	1	280	2	2	5	10	6	1	8	1	0.77304874	10	27110.183	27110.383	27110.383	27110.583	27111.156
3	19	2	1	281	2	2	5	11	4	1	8	1	0.81512271	11	27112.4	27112.6	27112.6	27112.8	27113.415
3	19	2	1	282	2	2	5	12	4	1	8	1	0.59170758	12	27114.617	27114.817	27114.817	27115.017	27115.409
3	19	2	1	283	2	2	5	13	5	2	8	1	0.5738161	13	27116.834	27117.434	27117.434	27117.634	27118.008
3	19	2	1	284	2	2	5	14	1	2	1	1	0.6821595	14	27119.451	27120.051	27120.051	27120.251	27120.733
3	19	2	1	285	2	2	5	15	5	2	8	1	1.0631164	15	27122.071	27122.671	27122.671	27122.871	27123.735
3	19	2	1	286	2	2	5	16	3	2	1	1	0.74357705	16	27124.688	27125.289	27125.289	27125.489	27126.032
3	19	2	1	287	2	2	5	17	3	1	1	1	0.89421395	17	27127.306	27127.506	27127.506	27127.706	27128.4
3	19	2	1	288	2	2	5	18	6	2	8	1	0.70730502	18	27129.523	27130.123	27130.123	27130.323	27130.831
3	19	2	1	289	2	2	5	19	4	2	8	1	0.56344344	19	27132.141	27132.741	27132.741	27132.941	27133.305
3	19	2	1	290	2	2	5	20	5	2	8	1	0.61920943	20	27134.759	27135.359	27135.359	27135.559	27135.978
3	19	2	1	291	2	2	5	21	1	2	1	1	1.005569	21	27137.376	27137.976	27137.976	27138.176	27138.981
3	19	2	1	292	2	2	5	22	3	1	1	1	0.79680054	22	27139.994	27140.194	27140.194	27140.394	27140.99
3	19	2	1	293	2	2	5	23	2	1	1	1	1.1728985	23	27142.212	27142.412	27142.412	27142.612	27143.585
3	19	2	1	294	2	2	5	24	6	2	8	1	0.72746894	24	27144.429	27145.029	27145.029	27145.229	27145.757
3	19	2	1	295	2	2	5	25	2	2	1	1	0.70611714	25	27147.047	27147.647	27147.647	27147.847	27148.353
3	19	2	1	296	2	2	5	26	5	1	1	0	0.62033057	25	27149.698	27149.898	27149.898	27150.098	27150.518
3	19	2	1	297	2	2	5	27	3	1	1	1	0.76370669	26	27151.916	27152.116	27152.116	27152.316	27152.879
3	19	2	1	298	2	2	5	28	4	2	8	1	0.70380797	27	27154.134	27154.734	27154.734	27154.934	27155.437
3	19	2	1	299	2	2	5	29	2	1	1	1	0.81644787	28	27156.751	27156.951	27156.951	27157.151	27157.768
3	19	2	1	300	2	2	5	30	6	2	8	1	2.0000417	29	27158.969	27159.569	27159.569	27159.769	27161.569
3	19	2	1	301	2	6	6	1	5	2	6	1	1.516047	30	27189.667	27190.267	27190.267	27190.467	27191.783
3	19	2	1	302	2	6	6	2	3	2	4	1	0.75276671	31	27192.285	27192.885	27192.885	27193.085	27193.638
3	19	2	1	303	2	6	6	3	1	1	2	1	0.97546627	32	27194.903	27195.103	27195.103	27195.303	27196.079
3	19	2	1	304	2	6	6	4	1	1	2	1	0.69490933	33	27197.122	27197.322	27197.322	27197.522	27198.017
3	19	2	1	305	2	6	6	5	2	1	3	1	0.80495163	34	27199.34	27199.54	27199.54	27199.74	27200.345
3	19	2	1	306	2	6	6	6	2	1	3	1	0.82597992	35	27201.559	27201.759	27201.759	27201.959	27202.585
3	19	2	1	307	2	6	6	7	1	2	0	0	-27204.377	35	27203.777	27204.377	27204.377	27204.577	0
3	19	2	1	308	2	6	6	8	4	1	5	1	1.3134571	36	27206.396	27206.596	27206.596	27206.796	27207.909
3	19	2	1	309	2	6	6	9	6	1	7	1	1.0738362	37	27208.614	27208.814	27208.814	27209.014	27209.888
3	19	2	1	310	2	6	6	10	6	1	7	1	0.70072835	38	27210.833	27211.033	27211.033	27211.233	27211.733
3	19	2	1	311	2	6	6	11	4	1	5	1	1.3661122	39	27213.051	27213.251	27213.251	27213.451	27214.617
3	19	2	1	312	2	6	6	12	4	1	5	1	0.64966248	40	27215.27	27215.47	27215.47	27215.67	27216.119
3	19	2	1	313	2	6	6	13	5	2	6	1	0.7303823	41	27217.491	27218.091	27218.091	27218.291	27218.821
3	19	2	1	314	2	6	6	14	1	2	2	1	0.81214142	42	27220.109	27220.709	27220.709	27220.909	27221.521
3	19	2	1	315	2	6	6	15	5	2	6	1	1.3425614	43	27222.728	27223.328	27223.328	27223.528	27224.67
3	19	2	1	316	2	6	6	16	3	2	4	1	1.1707281	44	27225.346	27225.946	27225.946	27226.146	27227.117
3	19	2	1	317	2	6	6	17	3	1	4	1	0.64095408	45	27227.965	27228.165	27228.165	27228.365	27228.806
3	19	2	1	318	2	6	6	18	6	2	7	1	0.75865755	46	27230.184	27230.784	27230.784	27230.984	27231.542
3	19	2	1	319	2	6	6	19	4	2	5	1	0.9954979	47	27232.803	27233.403	27233.403	27233.603	27234.398
3	19	2	1	320	2	6	6	20	5	2	6	1	0.78593167	48	27235.421	27236.021	27236.021	27236.221	27236.807
3	19	2	1	321	2	6	6	21	1	2	2	1	1.0395157	49	27238.041	27238.641	27238.641	27238.841	27239.681
3	19	2	1	322	2	6	6	22	3	1	4	1	1.217346	50	27240.66	27240.86	27240.86	27241.06	27242.078
3	19	2	1	323	2	6	6	23	2	1	3	1	0.8457839	51	27242.88	27243.08	27243.08	27243.28	27243.926
3	19	2	1	324	2	6	6	24	6	2	7	1	1.0947998	52	27245.098	27245.698	27245.698	27245.898	27246.793
3	19	2	1	325	2	6	6	25	2	2	3	1	0.90633126	53	27247.718	27248.318	27248.318	27248.518	27249.224
3	19	2	1	326	2	6	6	26	5	1	6	1	1.6514292	54	27250.337	27250.537	27250.537	27250.737	27252.189
3	19	2	1	327	2	6	6	27	3	1	4	1	1.1833734	55	27252.557	27252.757	27252.757	27252.957	27253.94
3	19	2	1	328	2	6	6	28	4	2	5	1	1.1511246	56	27254.808	27255.408	27255.408	27255.608	27256.559
3	19	2	1	329	2	6	6	29	2	1	3	1	0.93331808	57	27257.428	27257.628	27257.628	27257.828	27258.561
3	19	2	1	330	2	6	6	30	6	2	7	1	1.1984672	58	27259.647	27260.247	27260.247	27260.447	27261.445
3	19	2	1	331	2	2	6	1	6	2	8	1	1.9955537	1	27290.327	27290.927	27290.927	27291.127	27292.922
3	19	2	1	332	2	2	6	2	1	2	1	1	0.63615946	2	27292.947	27293.547	27293.547	27293.747	27294.183
3	19	2	1	333	2	2	6	3	4	1	8	1	0.87287394	3	27295.566	27295.766	27295.766	27295.966	27296.639
3	19	2	1	334	2	2	6	4	2	1	8	0	0.81854785	3	27297.786	27297.986	27297.986	27298.186	27298.804
3	19	2	1	335	2	2	6	5	5	1	8	1	0.98646388	4	27300.005	27300.205	27300.205	27300.405	27301.191
3	19	2	1	336	2	2	6	6	4	1	8	1	0.75825571	5	27302.225	27302.425	27302.425	27302.625	27303.183
3	19	2	1	337	2	2	6	7	4	2	8	1	0.63616359	6	27304.445	27305.045	27305.045	27305.245	27305.681
3	19	2	1	338	2	2	6	8	6	1	8	1	0.61091891	7	27307.068	27307.268	27307.268	27307.468	27307.879
3	19	2	1	339	2	2	6	9	2	1	1	1	0.78154009	8	27309.287	27309.487	27309.487	27309.687	27310.269
3	19	2	1	340	2	2	6	10	5	1	8	1	0.8277287	9	27311.51	27311.71	27311.71	27311.91	27312.537
3	19	2	1	341	2	2	6	11	3	1	1	1	0.76408203	10	27313.73	27313.93	27313.93	27314.13	27314.694
3	19	2	1	342	2	2	6	12	4	1	8	1	1.0971832	11	27315.949	27316.149	27316.149	27316.349	27317.246
3	19	2	1	343	2	2	6	13	5	2	8	1	0.72876415	12	27318.169	27318.769	27318.769	27318.969	27319.497
3	19	2	1	344	2	2	6	14	1	2	1	1	0.88602444	13	27320.888	27321.488	27321.488	27321.688	27322.374
3	19	2	1	345	2	2	6	15	5	2	8	1	1.9335412	14	27323.508	27324.108	27324.108	27324.308	27326.041
3	19	2	1	346	2	2	6	16	1	2	1	1	1.2163826	15	27326.128	27326.728	27326.728	27326.928	27327.944
3	19	2	1	347	2	2	6	17	4	1	8	1	0.63064269	16	27328.751	27328.951	27328.951	27329.151	27329.582
3	19	2	1	348	2	2	6	18	3	2	1	1	0.82808483	17	27330.971	27331.571	27331.571	27331.771	27332.399
3	19	2	1	349	2	2	6	19	1	2	1	1	1.1988481	18	27333.592	27334.192	27334.192	27334.392	27335.391
3	19	2	1	350	2	2	6	20	2	2	1	1	0.71406744	19	27336.213	27336.813	27336.813	27337.013	27337.527
3	19	2	1	351	2	2	6	21	6	2	8	1	0.75282345	20	27338.909	27339.509	27339.509	27339.709	27340.262
3	19	2	1	352	2	2	6	22	5	1	8	1	1.0797895	21	27341.529	27341.729	27341.729	27341.929	27342.809
3	19	2	1	353	2	2	6	23	3	1	1	1	0.73922048	22	27343.749	27343.949	27343.949	27344.149	27344.689
3	19	2	1	354	2	2	6	24	1	2	0	0	-27346.571	22	27345.971	27346.571	27346.571	27346.771	0
3	19	2	1	355	2	2	6	25	2	2	1	1	0.65576378	23	27348.592	27349.192	27349.192	27349.392	27349.847
3	19	2	1	356	2	2	6	26	6	1	8	1	0.92455081	24	27351.212	27351.412	27351.412	27351.612	27352.337
3	19	2	1	357	2	2	6	27	2	1	1	1	1.2222347	25	27353.433	27353.633	27353.633	27353.833	27354.855
3	19	2	1	358	2	2	6	28	3	2	1	1	0.66464061	26	27355.653	27356.253	27356.253	27356.453	27356.918
3	19	2	1	359	2	2	6	29	6	1	8	1	0.64273727	27	27358.274	27358.474	27358.474	27358.674	27359.117
3	19	2	1	360	2	2	6	30	3	2	1	1	0.85729835	28	27360.495	27361.095	27361.095	27361.295	27361.952
3	19	2	1	361	3	6	7	1	6	2	7	1	1.5598709	29	28303.621	28304.221	28304.221	28304.421	28305.781
3	19	2	1	362	3	6	7	2	1	2	2	1	1.0712772	30	28306.242	28306.842	28306.842	28307.042	28307.913
3	19	2	1	363	3	6	7	3	4	1	5	1	0.8662347	31	28308.862	28309.062	28309.062	28309.262	28309.929
3	19	2	1	364	3	6	7	4	2	1	3	1	0.74870566	32	28311.083	28311.283	28311.283	28311.483	28312.032
3	19	2	1	365	3	6	7	5	5	1	6	1	1.383884	33	28313.304	28313.504	28313.504	28313.704	28314.888
3	19	2	1	366	3	6	7	6	4	1	5	1	0.66686977	34	28315.525	28315.725	28315.725	28315.925	28316.392
3	19	2	1	367	3	6	7	7	4	2	5	1	0.90702873	35	28317.746	28318.346	28318.346	28318.546	28319.253
3	19	2	1	368	3	6	7	8	6	1	7	1	0.85043852	36	28320.367	28320.567	28320.567	28320.767	28321.417
3	19	2	1	369	3	6	7	9	2	1	3	1	1.1848452	37	28322.589	28322.789	28322.789	28322.989	28323.973
3	19	2	1	370	3	6	7	10	5	1	6	1	0.95791424	38	28324.81	28325.01	28325.01	28325.21	28325.968
3	19	2	1	371	3	6	7	11	3	1	4	1	1.0062316	39	28327.031	28327.231	28327.231	28327.431	28328.238
3	19	2	1	372	3	6	7	12	4	1	5	1	0.86450867	40	28329.252	28329.452	28329.452	28329.652	28330.317
3	19	2	1	373	3	6	7	13	5	2	6	1	1.0355338	41	28331.474	28332.074	28332.074	28332.274	28333.109
3	19	2	1	374	3	6	7	14	1	2	2	1	1.4330126	42	28334.095	28334.695	28334.695	28334.895	28336.128
3	19	2	1	375	3	6	7	15	5	2	6	1	1.0432184	43	28336.717	28337.317	28337.317	28337.517	28338.36
3	19	2	1	376	3	6	7	16	1	2	2	1	1.519488	44	28339.337	28339.937	28339.937	28340.137	28341.457
3	19	2	1	377	3	6	7	17	4	1	5	1	0.80038829	45	28341.958	28342.158	28342.158	28342.358	28342.958
3	19	2	1	378	3	6	7	18	3	2	4	1	1.5732469	46	28344.178	28344.778	28344.778	28344.978	28346.352
3	19	2	1	379	3	6	7	19	1	2	2	1	1.6152008	47	28346.8	28347.4	28347.4	28347.6	28349.016
3	19	2	1	380	3	6	7	20	2	2	3	1	1.050305	48	28349.421	28350.021	28350.021	28350.221	28351.072
3	19	2	1	381	3	6	7	21	6	2	7	1	0.87681587	49	28352.043	28352.643	28352.643	28352.843	28353.52
3	19	2	1	382	3	6	7	22	5	1	0	0	-28354.922	49	28354.722	28354.922	28354.922	28355.122	0
3	19	2	1	383	3	6	7	23	3	1	4	1	1.7658514	50	28356.943	28357.143	28357.143	28357.343	28358.909
3	19	2	1	384	3	6	7	24	1	2	0	0	-28359.765	50	28359.165	28359.765	28359.765	28359.965	0
3	19	2	1	385	3	6	7	25	2	2	3	1	1.3705409	51	28361.787	28362.387	28362.387	28362.587	28363.757
3	19	2	1	386	3	6	7	26	6	1	7	1	1.1343006	52	28364.409	28364.609	28364.609	28364.809	28365.743
3	19	2	1	387	3	6	7	27	2	1	3	1	0.88693711	53	28366.632	28366.832	28366.832	28367.032	28367.719
3	19	2	1	388	3	6	7	28	3	2	4	1	1.9417312	54	28368.855	28369.455	28369.455	28369.655	28371.397
3	19	2	1	389	3	6	7	29	6	1	7	1	0.94515491	55	28371.478	28371.678	28371.678	28371.878	28372.624
3	19	2	1	390	3	6	7	30	3	2	4	1	0.94666591	56	28373.7	28374.3	28374.3	28374.5	28375.247
3	19	2	1	391	3	2	7	1	6	2	8	1	1.2478894	1	28404.382	28404.982	28404.982	28405.182	28406.23
3	19	2	1	392	3	2	7	2	6	2	8	1	0.60423069	2	28407.005	28407.605	28407.605	28407.805	28408.209
3	19	2	1	393	3	2	7	3	3	1	1	1	0.7017052	3	28409.626	28409.826	28409.826	28410.026	28410.528
3	19	2	1	394	3	2	7	4	4	1	8	1	0.89747037	4	28411.848	28412.048	28412.048	28412.248	28412.945
3	19	2	1	395	3	2	7	5	1	1	1	1	0.62208401	5	28414.07	28414.27	28414.27	28414.47	28414.892
3	19	2	1	396	3	2	7	6	6	1	8	1	0.5370644	6	28416.293	28416.493	28416.493	28416.693	28417.03
3	19	2	1	397	3	2	7	7	2	2	1	1	0.73806897	7	28418.515	28419.115	28419.115	28419.315	28419.853
3	19	2	1	398	3	2	7	8	1	1	1	1	0.58247445	8	28421.137	28421.337	28421.337	28421.537	28421.92
3	19	2	1	399	3	2	7	9	3	1	1	1	0.63749154	9	28423.36	28423.56	28423.56	28423.76	28424.197
3	19	2	1	400	3	2	7	10	2	1	1	1	0.57921177	10	28425.582	28425.782	28425.782	28425.982	28426.361
3	19	2	1	401	3	2	7	11	6	1	8	1	0.63690027	11	28427.803	28428.003	28428.003	28428.203	28428.64
3	19	2	1	402	3	2	7	12	1	1	8	0	0.61275078	11	28430.026	28430.226	28430.226	28430.426	28430.839
3	19	2	1	403	3	2	7	13	3	2	1	1	0.76671761	12	28432.249	28432.849	28432.849	28433.049	28433.615
3	19	2	1	404	3	2	7	14	1	2	1	1	0.67295821	13	28434.871	28435.471	28435.471	28435.671	28436.144
3	19	2	1	405	3	2	7	15	5	2	8	1	0.7311337	14	28437.493	28438.093	28438.093	28438.293	28438.824
3	19	2	1	406	3	2	7	16	6	2	8	1	1.1670082	15	28440.121	28440.721	28440.721	28440.921	28441.888
3	19	2	1	407	3	2	7	17	5	1	8	1	0.60664006	16	28442.743	28442.943	28442.943	28443.143	28443.549
3	19	2	1	408	3	2	7	18	4	2	8	1	0.58506313	17	28444.965	28445.565	28445.565	28445.765	28446.15
3	19	2	1	409	3	2	7	19	2	2	1	1	0.68365637	18	28447.587	28448.187	28448.187	28448.387	28448.871
3	19	2	1	410	3	2	7	20	5	2	8	1	0.82138977	19	28450.21	28450.81	28450.81	28451.01	28451.631
3	19	2	1	411	3	2	7	21	3	2	1	1	1.0372208	20	28452.832	28453.432	28453.432	28453.632	28454.469
3	19	2	1	412	3	2	7	22	2	1	1	1	0.64704031	21	28455.456	28455.656	28455.656	28455.856	28456.303
3	19	2	1	413	3	2	7	23	4	1	8	1	0.72211545	22	28457.678	28457.878	28457.878	28458.078	28458.6
3	19	2	1	414	3	2	7	24	4	2	8	1	0.81907872	23	28459.901	28460.501	28460.501	28460.701	28461.32
3	19	2	1	415	3	2	7	25	2	2	1	1	0.82903497	24	28462.523	28463.123	28463.123	28463.323	28463.952
3	19	2	1	416	3	2	7	26	1	1	1	1	0.79484874	25	28465.151	28465.351	28465.351	28465.551	28466.145
3	19	2	1	417	3	2	7	27	4	1	8	1	1.3516245	26	28467.374	28467.574	28467.574	28467.774	28468.926
3	19	2	1	418	3	2	7	28	5	2	8	1	0.68388928	27	28469.597	28470.197	28470.197	28470.397	28470.881
3	19	2	1	419	3	2	7	29	5	1	8	1	0.64385126	28	28472.221	28472.421	28472.421	28472.621	28473.065
3	19	2	1	420	3	2	7	30	3	2	1	1	0.53691232	29	28474.445	28475.045	28475.045	28475.245	28475.582
3	19	2	1	421	3	6	8	1	6	2	7	1	1.0985567	30	28505.181	28505.781	28505.781	28505.981	28506.879
3	19	2	1	422	3	6	8	2	6	2	7	1	0.68997989	31	28507.805	28508.405	28508.405	28508.605	28509.095
3	19	2	1	423	3	6	8	3	3	1	4	1	1.1405233	32	28510.428	28510.628	28510.628	28510.828	28511.769
3	19	2	1	424	3	6	8	4	4	1	5	1	1.1008931	33	28512.651	28512.851	28512.851	28513.051	28513.952
3	19	2	1	425	3	6	8	5	1	1	2	1	1.0274247	34	28514.874	28515.074	28515.074	28515.274	28516.101
3	19	2	1	426	3	6	8	6	6	1	7	1	0.87660851	35	28517.098	28517.298	28517.298	28517.498	28518.174
3	19	2	1	427	3	6	8	7	2	2	3	1	0.80465351	36	28519.321	28519.921	28519.921	28520.121	28520.725
3	19	2	1	428	3	6	8	8	1	1	4	0	1.4607541	36	28521.944	28522.144	28522.144	28522.344	28523.605
3	19	2	1	429	3	6	8	9	3	1	4	1	1.1695838	37	28524.168	28524.368	28524.368	28524.568	28525.537
3	19	2	1	430	3	6	8	10	2	1	3	1	0.95271307	38	28526.391	28526.591	28526.591	28526.792	28527.544
3	19	2	1	431	3	6	8	11	6	1	7	1	0.91001618	39	28528.615	28528.815	28528.815	28529.015	28529.725
3	19	2	1	432	3	6	8	12	1	1	2	1	0.99737415	40	28530.841	28531.041	28531.041	28531.241	28532.038
3	19	2	1	433	3	6	8	13	3	2	4	1	0.99852011	41	28533.065	28533.665	28533.665	28533.865	28534.663
3	19	2	1	434	3	6	8	14	1	2	2	1	0.92464456	42	28535.691	28536.291	28536.291	28536.491	28537.216
3	19	2	1	435	3	6	8	15	5	2	5	0	0.94643141	42	28538.315	28538.915	28538.915	28539.115	28539.861
3	19	2	1	436	3	6	8	16	6	2	7	1	0.93995781	43	28540.938	28541.538	28541.538	28541.738	28542.478
3	19	2	1	437	3	6	8	17	5	1	6	1	0.59720848	44	28543.561	28543.761	28543.761	28543.961	28544.359
3	19	2	1	438	3	6	8	18	4	2	5	1	1.1046382	45	28545.789	28546.389	28546.389	28546.589	28547.493
3	19	2	1	439	3	6	8	19	2	2	3	1	0.78638988	46	28548.412	28549.012	28549.012	28549.212	28549.799
3	19	2	1	440	3	6	8	20	5	2	6	1	0.82650025	47	28551.036	28551.636	28551.636	28551.836	28552.462
3	19	2	1	441	3	6	8	21	3	2	4	1	1.5439372	48	28553.66	28554.26	28554.26	28554.46	28555.804
3	19	2	1	442	3	6	8	22	2	1	3	1	0.89362942	49	28556.283	28556.483	28556.483	28556.683	28557.377
3	19	2	1	443	3	6	8	23	4	1	5	1	1.104901	50	28558.512	28558.712	28558.712	28558.912	28559.816
3	19	2	1	444	3	6	8	24	4	2	5	1	0.75075237	51	28560.736	28561.336	28561.336	28561.536	28562.087
3	19	2	1	445	3	6	8	25	2	2	3	1	0.85384079	52	28563.36	28563.96	28563.96	28564.16	28564.814
3	19	2	1	446	3	6	8	26	1	1	2	1	1.7441449	53	28565.985	28566.185	28566.185	28566.385	28567.929
3	19	2	1	447	3	6	8	27	4	1	5	1	1.8144763	54	28568.209	28568.409	28568.409	28568.609	28570.223
3	19	2	1	448	3	6	8	28	5	2	6	1	0.8147679	55	28570.432	28571.032	28571.032	28571.232	28571.847
3	19	2	1	449	3	6	8	29	5	1	6	1	0.92741701	56	28573.057	28573.257	28573.257	28573.457	28574.185
3	19	2	1	450	3	6	8	30	3	2	4	1	1.8203777	57	28575.281	28575.881	28575.881	28576.081	28577.702
3	19	2	1	451	3	2	8	1	6	2	8	1	1.0856424	1	28605.969	28606.569	28606.569	28606.769	28607.655
3	19	2	1	452	3	2	8	2	4	2	8	1	0.66282937	2	28608.593	28609.193	28609.193	28609.393	28609.856
3	19	2	1	453	3	2	8	3	5	1	8	1	0.32972511	3	28611.217	28611.417	28611.417	28611.617	28611.747
3	19	2	1	454	3	2	8	4	1	1	1	1	0.51527474	4	28613.442	28613.642	28613.642	28613.842	28614.157
3	19	2	1	455	3	2	8	5	4	1	8	1	0.72249585	5	28615.666	28615.866	28615.866	28616.066	28616.589
3	19	2	1	456	3	2	8	6	2	1	1	1	0.73931108	6	28617.891	28618.091	28618.091	28618.291	28618.83
3	19	2	1	457	3	2	8	7	1	2	1	1	0.70543272	7	28620.115	28620.715	28620.715	28620.916	28621.421
3	19	2	1	458	3	2	8	8	6	1	8	1	1.0984304	8	28622.74	28622.94	28622.94	28623.14	28624.038
3	19	2	1	459	3	2	8	9	1	1	1	1	1.5874689	9	28624.995	28625.195	28625.195	28625.395	28626.783
3	19	2	1	460	3	2	8	10	6	1	8	1	0.76151714	10	28627.22	28627.42	28627.42	28627.62	28628.181
3	19	2	1	461	3	2	8	11	2	1	8	0	0.87676823	10	28629.445	28629.645	28629.645	28629.845	28630.521
3	19	2	1	462	3	2	8	12	2	1	1	1	0.77774768	11	28631.669	28631.869	28631.869	28632.069	28632.647
3	19	2	1	463	3	2	8	13	5	2	8	1	0.67088742	12	28633.895	28634.495	28634.495	28634.695	28635.166
3	19	2	1	464	3	2	8	14	3	2	1	1	0.76730783	13	28636.52	28637.12	28637.12	28637.32	28637.887
3	19	2	1	465	3	2	8	15	1	2	1	1	1.0486108	14	28639.145	28639.745	28639.745	28639.945	28640.793
3	19	2	1	466	3	2	8	16	3	2	1	1	0.73214068	15	28641.77	28642.37	28642.37	28642.57	28643.102
3	19	2	1	467	3	2	8	17	2	1	1	1	0.62781548	16	28644.396	28644.596	28644.596	28644.796	28645.224
3	19	2	1	468	3	2	8	18	2	2	1	1	0.54776993	17	28646.62	28647.22	28647.22	28647.42	28647.768
3	19	2	1	469	3	2	8	19	3	2	1	1	0.60300825	18	28649.245	28649.845	28649.845	28650.045	28650.448
3	19	2	1	470	3	2	8	20	4	2	8	1	0.8015205	19	28651.87	28652.47	28652.47	28652.67	28653.272
3	19	2	1	471	3	2	8	21	5	2	8	1	0.57493012	20	28654.496	28655.096	28655.096	28655.296	28655.671
3	19	2	1	472	3	2	8	22	3	1	1	1	0.73500655	21	28657.122	28657.322	28657.322	28657.522	28658.057
3	19	2	1	473	3	2	8	23	5	1	1	0	1.0655507	21	28659.347	28659.547	28659.547	28659.747	28660.613
3	19	2	1	474	3	2	8	24	6	2	8	1	0.68835678	22	28661.572	28662.172	28662.172	28662.372	28662.861
3	19	2	1	475	3	2	8	25	6	2	8	1	0.56884149	23	28664.197	28664.797	28664.797	28664.997	28665.366
3	19	2	1	476	3	2	8	26	4	1	8	1	0.57394721	24	28666.823	28667.023	28667.023	28667.223	28667.597
3	19	2	1	477	3	2	8	27	5	1	8	1	0.61390672	25	28669.049	28669.249	28669.249	28669.449	28669.863
3	19	2	1	478	3	2	8	28	1	2	1	1	0.82879247	26	28671.275	28671.875	28671.875	28672.075	28672.703
3	19	2	1	479	3	2	8	29	3	1	1	1	0.60353078	27	28673.901	28674.101	28674.101	28674.301	28674.704
3	19	2	1	480	3	2	8	30	4	2	8	1	0.73006977	28	28676.126	28676.726	28676.726	28676.926	28677.456
3	19	2	1	481	3	6	9	1	6	2	7	1	1.6464925	29	28706.831	28707.431	28707.431	28707.631	28709.077
3	19	2	1	482	3	6	9	2	4	2	5	1	0.8848742	30	28709.46	28710.06	28710.06	28710.26	28710.945
3	19	2	1	483	3	6	9	3	5	1	6	1	0.85646575	31	28712.097	28712.297	28712.297	28712.497	28713.153
3	19	2	1	484	3	6	9	4	1	1	2	1	1.3812205	32	28714.322	28714.522	28714.522	28714.722	28715.904
3	19	2	1	485	3	6	9	5	4	1	5	1	0.85936104	33	28716.548	28716.748	28716.748	28716.948	28717.607
3	19	2	1	486	3	6	9	6	2	1	3	1	0.75288977	34	28718.776	28718.976	28718.976	28719.176	28719.729
3	19	2	1	487	3	6	9	7	1	2	2	1	1.2257842	35	28721.004	28721.604	28721.604	28721.804	28722.829
3	19	2	1	488	3	6	9	8	6	1	7	1	0.95292756	36	28723.629	28723.829	28723.829	28724.029	28724.782
3	19	2	1	489	3	6	9	9	1	1	3	0	0.82317263	36	28725.855	28726.055	28726.055	28726.255	28726.879
3	19	2	1	490	3	6	9	10	6	1	7	1	1.0641055	37	28728.085	28728.285	28728.285	28728.485	28729.349
3	19	2	1	491	3	6	9	11	2	1	3	1	0.81394761	38	28730.311	28730.511	28730.511	28730.711	28731.325
3	19	2	1	492	3	6	9	12	2	1	3	1	0.70417369	39	28732.537	28732.737	28732.737	28732.937	28733.441
3	19	2	1	493	3	6	9	13	5	2	6	1	1.019433	40	28734.764	28735.364	28735.364	28735.564	28736.383
3	19	2	1	494	3	6	9	14	3	2	4	1	1.4818072	41	28737.39	28737.99	28737.99	28738.19	28739.472
3	19	2	1	495	3	6	9	15	1	2	3	0	1.509378	41	28740.02	28740.62	28740.62	28740.82	28742.129
3	19	2	1	496	3	6	9	16	3	2	4	1	1.1541951	42	28742.645	28743.245	28743.246	28743.446	28744.4
3	19	2	1	497	3	6	9	17	2	1	3	1	0.76898742	43	28745.272	28745.472	28745.472	28745.672	28746.241
3	19	2	1	498	3	6	9	18	2	2	3	1	0.73161605	44	28747.499	28748.099	28748.099	28748.299	28748.831
3	19	2	1	499	3	6	9	19	3	2	4	1	1.9524405	45	28750.128	28750.728	28750.728	28750.928	28752.68
3	19	2	1	500	3	6	9	20	4	2	5	1	1.0157495	46	28752.757	28753.357	28753.357	28753.557	28754.373
3	19	2	1	501	3	6	9	21	5	2	6	1	0.85479414	47	28755.384	28755.984	28755.984	28756.184	28756.839
3	19	2	1	502	3	6	9	22	3	1	4	1	1.3503834	48	28758.01	28758.21	28758.21	28758.41	28759.561
3	19	2	1	503	3	6	9	23	5	1	0	0	-28760.437	48	28760.237	28760.437	28760.437	28760.637	0
3	19	2	1	504	3	6	9	24	6	2	7	1	1.2318124	49	28762.463	28763.063	28763.063	28763.263	28764.295
3	19	2	1	505	3	6	9	25	6	2	7	1	0.71698509	50	28765.089	28765.689	28765.689	28765.889	28766.406
3	19	2	1	506	3	6	9	26	4	1	5	1	1.4132087	51	28767.72	28767.92	28767.92	28768.12	28769.333
3	19	2	1	507	3	6	9	27	5	1	6	1	1.2265069	52	28769.947	28770.147	28770.147	28770.347	28771.373
3	19	2	1	508	3	6	9	28	1	2	2	1	1.4617644	53	28772.176	28772.776	28772.776	28772.976	28774.238
3	19	2	1	509	3	6	9	29	3	1	4	1	0.98972262	54	28774.803	28775.003	28775.003	28775.203	28775.993
3	19	2	1	510	3	6	9	30	4	2	5	1	0.87511413	55	28777.03	28777.63	28777.63	28777.83	28778.505
3	19	2	1	511	3	2	9	1	6	2	8	1	1.2078515	1	28807.72	28808.32	28808.32	28808.52	28809.528
3	19	2	1	512	3	2	9	2	6	2	8	1	0.77439464	2	28810.347	28810.947	28810.947	28811.147	28811.721
3	19	2	1	513	3	2	9	3	5	1	8	1	0.65125049	3	28812.974	28813.174	28813.174	28813.374	28813.825
3	19	2	1	514	3	2	9	4	5	1	8	1	0.66496128	4	28815.2	28815.4	28815.4	28815.6	28816.065
3	19	2	1	515	3	2	9	5	5	1	8	1	0.5810761	5	28817.432	28817.632	28817.632	28817.832	28818.213
3	19	2	1	516	3	2	9	6	3	1	1	1	0.66599865	6	28819.659	28819.859	28819.859	28820.059	28820.525
3	19	2	1	517	3	2	9	7	2	2	1	1	1.1631329	7	28821.886	28822.486	28822.486	28822.686	28823.649
3	19	2	1	518	3	2	9	8	1	1	1	1	0.66040234	8	28824.514	28824.714	28824.714	28824.914	28825.374
3	19	2	1	519	3	2	9	9	6	1	8	1	0.68936033	9	28826.741	28826.941	28826.941	28827.141	28827.63
3	19	2	1	520	3	2	9	10	4	1	8	1	0.8385032	10	28828.968	28829.168	28829.168	28829.368	28830.006
3	19	2	1	521	3	2	9	11	2	1	1	1	0.71889554	11	28831.195	28831.395	28831.395	28831.595	28832.114
3	19	2	1	522	3	2	9	12	5	1	8	1	1.3221725	12	28833.423	28833.623	28833.623	28833.823	28834.945
3	19	2	1	523	3	2	9	13	6	2	8	1	0.85973376	13	28835.65	28836.25	28836.25	28836.45	28837.11
3	19	2	1	524	3	2	9	14	4	2	8	1	0.87866038	14	28838.278	28838.878	28838.878	28839.078	28839.756
3	19	2	1	525	3	2	9	15	2	2	1	1	0.73580272	15	28840.905	28841.505	28841.505	28841.705	28842.241
3	19	2	1	526	3	2	9	16	3	2	1	1	0.87395405	16	28843.533	28844.133	28844.133	28844.333	28845.007
3	19	2	1	527	3	2	9	17	4	1	8	1	0.76914116	17	28846.161	28846.361	28846.361	28846.561	28847.13
3	19	2	1	528	3	2	9	18	4	2	8	1	0.68927828	18	28848.388	28848.988	28848.988	28849.188	28849.678
3	19	2	1	529	3	2	9	19	5	2	8	1	0.80904207	19	28851.016	28851.616	28851.616	28851.816	28852.425
3	19	2	1	530	3	2	9	20	3	2	1	1	0.76276205	20	28853.644	28854.244	28854.244	28854.444	28855.006
3	19	2	1	531	3	2	9	21	3	2	1	1	0.74398522	21	28856.272	28856.872	28856.872	28857.072	28857.616
3	19	2	1	532	3	2	9	22	2	1	1	1	0.80352394	22	28858.901	28859.101	28859.101	28859.301	28859.905
3	19	2	1	533	3	2	9	23	3	1	1	1	0.48259506	23	28861.13	28861.33	28861.33	28861.53	28861.813
3	19	2	1	534	3	2	9	24	1	2	1	1	0.617519	24	28863.358	28863.958	28863.958	28864.158	28864.576
3	19	2	1	535	3	2	9	25	1	2	1	1	0.58920343	25	28865.987	28866.587	28866.587	28866.787	28867.176
3	19	2	1	536	3	2	9	26	1	1	1	1	0.560393	26	28868.615	28868.815	28868.815	28869.015	28869.376
3	19	2	1	537	3	2	9	27	4	1	8	1	0.76477592	27	28870.843	28871.043	28871.043	28871.243	28871.808
3	19	2	1	538	3	2	9	28	2	2	1	1	0.69416853	28	28873.071	28873.671	28873.671	28873.871	28874.365
3	19	2	1	539	3	2	9	29	1	1	1	1	0.70507978	29	28875.7	28875.9	28875.9	28876.1	28876.605
3	19	2	1	540	3	2	9	30	6	2	8	1	0.64770704	30	28877.928	28878.528	28878.528	28878.728	28879.176
3	19	2	1	541	4	6	10	1	6	2	7	1	0.95054856	31	29448.344	29448.944	29448.944	29449.144	29449.895
3	19	2	1	542	4	6	10	2	6	2	7	1	0.65720175	32	29450.973	29451.573	29451.573	29451.773	29452.23
3	19	2	1	543	4	6	10	3	5	1	6	1	1.3109456	33	29453.601	29453.801	29453.801	29454.001	29455.112
3	19	2	1	544	4	6	10	4	5	1	6	1	0.54483189	34	29455.831	29456.031	29456.031	29456.231	29456.575
3	19	2	1	545	4	6	10	5	5	1	6	1	0.60461111	35	29458.057	29458.257	29458.257	29458.457	29458.862
3	19	2	1	546	4	6	10	6	3	1	4	1	0.7829608	36	29460.311	29460.511	29460.511	29460.711	29461.294
3	19	2	1	547	4	6	10	7	2	2	3	1	0.78055639	37	29462.54	29463.14	29463.14	29463.34	29463.92
3	19	2	1	548	4	6	10	8	1	1	2	1	1.7764847	38	29465.168	29465.368	29465.368	29465.568	29467.145
3	19	2	1	549	4	6	10	9	6	1	7	1	1.042508	39	29467.398	29467.598	29467.598	29467.799	29468.641
3	19	2	1	550	4	6	10	10	4	1	5	1	0.95575046	40	29469.627	29469.827	29469.827	29470.027	29470.783
3	19	2	1	551	4	6	10	11	2	1	3	1	1.4150564	41	29471.855	29472.055	29472.055	29472.255	29473.47
3	19	2	1	552	4	6	10	12	5	1	5	0	1.9993824	41	29474.083	29474.283	29474.283	29474.483	29476.283
3	19	2	1	553	4	6	10	13	6	2	7	1	0.92275697	42	29476.315	29476.915	29476.915	29477.115	29477.838
3	19	2	1	554	4	6	10	14	4	2	5	1	1.078167	43	29478.944	29479.544	29479.544	29479.744	29480.622
3	19	2	1	555	4	6	10	15	2	2	3	1	1.0104543	44	29481.573	29482.173	29482.173	29482.373	29483.183
3	19	2	1	556	4	6	10	16	3	2	4	1	1.6151297	45	29484.202	29484.802	29484.802	29485.002	29486.417
3	19	2	1	557	4	6	10	17	4	1	5	1	1.0836415	46	29486.83	29487.03	29487.03	29487.23	29488.114
3	19	2	1	558	4	6	10	18	4	2	5	1	1.5098823	47	29489.058	29489.658	29489.658	29489.858	29491.168
3	19	2	1	559	4	6	10	19	5	2	6	1	1.8312196	48	29491.687	29492.287	29492.287	29492.487	29494.118
3	19	2	1	560	4	6	10	20	3	2	4	1	1.1374269	49	29494.316	29494.916	29494.916	29495.116	29496.053
3	19	2	1	561	4	6	10	21	3	2	4	1	0.72513263	50	29496.946	29497.546	29497.546	29497.746	29498.271
3	19	2	1	562	4	6	10	22	2	1	3	1	0.9987606	51	29499.576	29499.776	29499.776	29499.976	29500.774
3	19	2	1	563	4	6	10	23	3	1	4	1	1.1712523	52	29501.805	29502.005	29502.005	29502.205	29503.176
3	19	2	1	564	4	6	10	24	1	2	2	1	1.0145069	53	29504.034	29504.634	29504.634	29504.834	29505.649
3	19	2	1	565	4	6	10	25	1	2	2	1	0.73559488	54	29506.664	29507.264	29507.264	29507.464	29507.999
3	19	2	1	566	4	6	10	26	1	1	2	1	0.77401246	55	29509.295	29509.496	29509.496	29509.696	29510.27
3	19	2	1	567	4	6	10	27	4	1	5	1	0.97703734	56	29511.525	29511.725	29511.725	29511.925	29512.702
3	19	2	1	568	4	6	10	28	2	2	3	1	0.80198697	57	29513.76	29514.36	29514.36	29514.56	29515.162
3	19	2	1	569	4	6	10	29	1	1	4	0	1.512975	57	29516.389	29516.589	29516.589	29516.789	29518.102
3	19	2	1	570	4	6	10	30	6	2	7	1	1.4576504	58	29518.622	29519.222	29519.222	29519.422	29520.68
3	19	2	1	571	4	2	10	1	2	2	1	1	1.1251847	1	29549.312	29549.912	29549.912	29550.112	29551.037
3	19	2	1	572	4	2	10	2	2	2	1	1	0.61558613	2	29551.951	29552.551	29552.551	29552.751	29553.166
3	19	2	1	573	4	2	10	3	4	1	8	1	0.79420342	3	29554.581	29554.781	29554.781	29554.981	29555.575
3	19	2	1	574	4	2	10	4	4	1	8	1	0.75876697	4	29556.811	29557.011	29557.011	29557.211	29557.769
3	19	2	1	575	4	2	10	5	1	1	1	1	0.55810337	5	29559.04	29559.24	29559.24	29559.44	29559.798
3	19	2	1	576	4	2	10	6	6	1	8	1	0.82718973	6	29561.27	29561.47	29561.47	29561.67	29562.297
3	19	2	1	577	4	2	10	7	3	2	1	1	0.70783336	7	29563.499	29564.099	29564.099	29564.299	29564.807
3	19	2	1	578	4	2	10	8	5	1	8	1	0.64569542	8	29566.129	29566.329	29566.329	29566.529	29566.974
3	19	2	1	579	4	2	10	9	6	1	8	1	0.54817568	9	29568.427	29568.628	29568.628	29568.828	29569.176
3	19	2	1	580	4	2	10	10	2	1	1	1	0.71137689	10	29570.658	29570.858	29570.858	29571.058	29571.569
3	19	2	1	581	4	2	10	11	5	1	8	1	0.80781739	11	29572.888	29573.088	29573.088	29573.288	29573.895
3	19	2	1	582	4	2	10	12	1	1	1	1	0.77919734	12	29575.116	29575.316	29575.316	29575.516	29576.095
3	19	2	1	583	4	2	10	13	6	2	8	1	1.2171939	13	29577.439	29578.039	29578.039	29578.239	29579.256
3	19	2	1	584	4	2	10	14	5	2	8	1	0.67204574	14	29580.069	29580.669	29580.669	29580.869	29581.342
3	19	2	1	585	4	2	10	15	6	2	8	1	0.57193449	15	29582.699	29583.299	29583.299	29583.499	29583.871
3	19	2	1	586	4	2	10	16	4	2	8	1	0.39259937	16	29585.333	29585.933	29585.933	29586.133	29586.325
3	19	2	1	587	4	2	10	17	1	1	1	1	0.66677582	17	29587.963	29588.163	29588.163	29588.363	29588.83
3	19	2	1	588	4	2	10	18	3	2	1	1	0.72833667	18	29590.193	29590.793	29590.793	29590.993	29591.521
3	19	2	1	589	4	2	10	19	5	2	8	1	0.75215654	19	29592.823	29593.423	29593.423	29593.623	29594.176
3	19	2	1	590	4	2	10	20	2	2	1	1	0.64472042	20	29595.458	29596.058	29596.058	29596.258	29596.703
3	19	2	1	591	4	2	10	21	4	2	8	1	0.73382829	21	29598.088	29598.688	29598.688	29598.888	29599.421
3	19	2	1	592	4	2	10	22	1	1	1	1	0.5519802	22	29600.719	29600.919	29600.919	29601.119	29601.471
3	19	2	1	593	4	2	10	23	3	1	1	1	0.59259401	23	29602.949	29603.149	29603.149	29603.349	29603.741
3	19	2	1	594	4	2	10	24	6	2	8	1	0.77295955	24	29605.179	29605.779	29605.779	29605.979	29606.552
3	19	2	1	595	4	2	10	25	2	2	1	1	0.57459795	25	29607.809	29608.409	29608.409	29608.609	29608.983
3	19	2	1	596	4	2	10	26	1	1	1	1	0.54642522	26	29610.471	29610.671	29610.671	29610.871	29611.217
3	19	2	1	597	4	2	10	27	3	1	1	1	0.54629783	27	29612.701	29612.901	29612.901	29613.101	29613.448
3	19	2	1	598	4	2	10	28	3	2	1	1	0.63486155	28	29614.931	29615.531	29615.531	29615.731	29616.166
3	19	2	1	599	4	2	10	29	5	1	8	1	0.82805234	29	29617.562	29617.762	29617.762	29617.962	29618.59
3	19	2	1	600	4	2	10	30	4	2	8	1	0.61208714	30	29619.794	29620.394	29620.394	29620.594	29621.006
3	19	2	1	601	4	6	11	1	2	2	3	1	0.784638	31	29650.565	29651.165	29651.165	29651.365	29651.949
3	19	2	1	602	4	6	11	2	2	2	3	1	0.57876344	32	29653.195	29653.795	29653.795	29653.995	29654.374
3	19	2	1	603	4	6	11	3	4	1	5	1	1.3349607	33	29655.826	29656.026	29656.026	29656.226	29657.361
3	19	2	1	604	4	6	11	4	4	1	5	1	0.68652392	34	29658.057	29658.257	29658.257	29658.457	29658.943
3	19	2	1	605	4	6	11	5	1	1	2	1	1.6311545	35	29660.288	29660.488	29660.488	29660.688	29662.119
3	19	2	1	606	4	6	11	6	6	1	7	1	0.79926657	36	29662.518	29662.718	29662.718	29662.918	29663.517
3	19	2	1	607	4	6	11	7	3	2	4	1	1.258555	37	29664.749	29665.349	29665.349	29665.549	29666.607
3	19	2	1	608	4	6	11	8	5	1	6	1	0.82847412	38	29667.379	29667.579	29667.579	29667.779	29668.407
3	19	2	1	609	4	6	11	9	6	1	7	1	0.79222346	39	29669.614	29669.814	29669.814	29670.014	29670.606
3	19	2	1	610	4	6	11	10	2	1	3	1	1.2863302	40	29671.848	29672.048	29672.048	29672.248	29673.334
3	19	2	1	611	4	6	11	11	5	1	6	1	1.4061524	41	29674.079	29674.279	29674.279	29674.479	29675.686
3	19	2	1	612	4	6	11	12	1	1	0	0	-29676.51	41	29676.31	29676.51	29676.51	29676.71	0
3	19	2	1	613	4	6	11	13	6	2	7	1	0.89039894	42	29678.542	29679.142	29679.142	29679.342	29680.032
3	19	2	1	614	4	6	11	14	5	2	6	1	1.7229829	43	29681.173	29681.773	29681.773	29681.973	29683.496
3	19	2	1	615	4	6	11	15	6	2	7	1	0.80100986	44	29683.804	29684.404	29684.404	29684.604	29685.205
3	19	2	1	616	4	6	11	16	4	2	5	1	0.75481454	45	29686.435	29687.035	29687.035	29687.235	29687.79
3	19	2	1	617	4	6	11	17	1	1	2	1	1.4451688	46	29689.066	29689.266	29689.266	29689.466	29690.712
3	19	2	1	618	4	6	11	18	3	2	4	1	1.3487568	47	29691.305	29691.905	29691.905	29692.105	29693.253
3	19	2	1	619	4	6	11	19	5	2	6	1	0.80030283	48	29693.936	29694.536	29694.536	29694.736	29695.336
3	19	2	1	620	4	6	11	20	2	2	3	1	1.0398108	49	29696.567	29697.167	29697.167	29697.367	29698.207
3	19	2	1	621	4	6	11	21	4	2	5	1	1.6792596	50	29699.198	29699.798	29699.798	29699.998	29701.477
3	19	2	1	622	4	6	11	22	1	1	3	0	1.100025	50	29701.829	29702.029	29702.029	29702.229	29703.129
3	19	2	1	623	4	6	11	23	3	1	4	1	1.2309204	51	29704.062	29704.262	29704.262	29704.462	29705.493
3	19	2	1	624	4	6	11	24	6	2	7	1	0.81756318	52	29706.294	29706.894	29706.894	29707.094	29707.711
3	19	2	1	625	4	6	11	25	2	2	3	1	0.88079505	53	29708.925	29709.525	29709.525	29709.725	29710.406
3	19	2	1	626	4	6	11	26	1	1	2	1	1.2250252	54	29711.557	29711.757	29711.757	29711.957	29712.982
3	19	2	1	627	4	6	11	27	3	1	4	1	1.1125593	55	29713.789	29713.989	29713.989	29714.189	29715.101
3	19	2	1	628	4	6	11	28	3	2	4	1	0.67599703	56	29716.022	29716.622	29716.622	29716.822	29717.298
3	19	2	1	629	4	6	11	29	5	1	6	1	1.0538181	57	29718.658	29718.858	29718.858	29719.058	29719.912
3	19	2	1	630	4	6	11	30	4	2	5	1	1.4512281	58	29720.89	29721.49	29721.49	29721.69	29722.941
3	19	2	1	631	4	2	11	1	1	2	1	1	0.82166505	1	29751.594	29752.194	29752.194	29752.394	29753.015
3	19	2	1	632	4	2	11	2	6	2	8	1	0.83090135	2	29754.226	29754.826	29754.826	29755.026	29755.657
3	19	2	1	633	4	2	11	3	1	1	1	1	0.57433625	3	29756.858	29757.058	29757.058	29757.258	29757.632
3	19	2	1	634	4	2	11	4	1	1	1	1	0.95852015	4	29759.089	29759.289	29759.289	29759.489	29760.248
3	19	2	1	635	4	2	11	5	3	1	1	1	0.77579548	5	29761.321	29761.521	29761.521	29761.721	29762.297
3	19	2	1	636	4	2	11	6	4	1	1	0	0.45001857	5	29763.644	29763.844	29763.844	29764.044	29764.294
3	19	2	1	637	4	2	11	7	2	2	1	1	0.58740294	6	29765.877	29766.477	29766.477	29766.677	29767.064
3	19	2	1	638	4	2	11	8	6	1	8	1	0.76830926	7	29768.509	29768.709	29768.709	29768.909	29769.477
3	19	2	1	639	4	2	11	9	4	1	8	1	0.6184986	8	29770.741	29770.941	29770.941	29771.141	29771.56
3	19	2	1	640	4	2	11	10	4	1	8	1	0.63127572	9	29772.974	29773.174	29773.174	29773.374	29773.806
3	19	2	1	641	4	2	11	11	4	1	8	1	0.76037766	10	29775.207	29775.407	29775.407	29775.607	29776.167
3	19	2	1	642	4	2	11	12	1	1	1	1	0.67824139	11	29777.439	29777.639	29777.639	29777.839	29778.318
3	19	2	1	643	4	2	11	13	5	2	8	1	1.245907	12	29779.672	29780.272	29780.272	29780.472	29781.518
3	19	2	1	644	4	2	11	14	5	2	8	1	0.78323096	13	29782.304	29782.904	29782.904	29783.104	29783.687
3	19	2	1	645	4	2	11	15	6	2	1	0	0.62207693	13	29784.937	29785.537	29785.537	29785.737	29786.159
3	19	2	1	646	4	2	11	16	6	2	8	1	1.0093243	14	29787.572	29788.172	29788.172	29788.372	29789.182
3	19	2	1	647	4	2	11	17	2	1	1	1	1.4052975	15	29790.211	29790.411	29790.411	29790.611	29791.816
3	19	2	1	648	4	2	11	18	5	2	8	1	0.88066143	16	29792.447	29793.047	29793.047	29793.247	29793.927
3	19	2	1	649	4	2	11	19	3	2	8	0	0.5726358	16	29795.081	29795.681	29795.681	29795.881	29796.254
3	19	2	1	650	4	2	11	20	3	2	8	0	0.93328918	16	29797.714	29798.314	29798.314	29798.514	29799.248
3	19	2	1	651	4	2	11	21	4	2	1	0	0.98207295	16	29800.347	29800.947	29800.947	29801.147	29801.929
3	19	2	1	652	4	2	11	22	2	1	8	0	0.83298678	16	29802.981	29803.181	29803.181	29803.381	29804.014
3	19	2	1	653	4	2	11	23	1	1	8	0	0.5699084	16	29805.214	29805.414	29805.414	29805.614	29805.984
3	19	2	1	654	4	2	11	24	5	2	1	0	0.80262187	16	29807.451	29808.051	29808.051	29808.251	29808.853
3	19	2	1	655	4	2	11	25	5	2	8	1	0.8750989	17	29810.084	29810.684	29810.684	29810.884	29811.559
3	19	2	1	656	4	2	11	26	2	1	1	1	0.70579408	18	29812.716	29812.916	29812.916	29813.116	29813.622
3	19	2	1	657	4	2	11	27	3	1	1	1	0.66307233	19	29814.95	29815.15	29815.15	29815.35	29815.813
3	19	2	1	658	4	2	11	28	6	2	8	1	0.66027321	20	29817.187	29817.787	29817.787	29817.987	29818.447
3	19	2	1	659	4	2	11	29	2	1	8	0	0.72306995	20	29819.821	29820.021	29820.021	29820.221	29820.744
3	19	2	1	660	4	2	11	30	3	2	1	1	0.60171891	21	29822.054	29822.654	29822.654	29822.854	29823.255
3	19	2	1	661	4	6	12	1	1	2	2	1	1.0896785	22	29852.774	29853.374	29853.374	29853.574	29854.464
3	19	2	1	662	4	6	12	2	6	2	7	1	0.87032433	23	29855.408	29856.008	29856.008	29856.208	29856.878
3	19	2	1	663	4	6	12	3	1	1	2	1	1.5508641	24	29858.041	29858.241	29858.241	29858.441	29859.792
3	19	2	1	664	4	6	12	4	1	1	2	1	0.78262001	25	29860.274	29860.474	29860.474	29860.674	29861.257
3	19	2	1	665	4	6	12	5	3	1	4	1	1.4987418	26	29862.507	29862.707	29862.707	29862.907	29864.206
3	19	2	1	666	4	6	12	6	4	1	5	1	1.1686535	27	29864.743	29864.943	29864.943	29865.143	29866.112
3	19	2	1	667	4	6	12	7	2	2	3	1	0.73013677	28	29866.98	29867.58	29867.58	29867.78	29868.31
3	19	2	1	668	4	6	12	8	6	1	7	1	1.0635684	29	29869.613	29869.813	29869.813	29870.013	29870.877
3	19	2	1	669	4	6	12	9	4	1	5	1	1.1539272	30	29871.847	29872.047	29872.047	29872.247	29873.201
3	19	2	1	670	4	6	12	10	4	1	5	1	0.63642444	31	29874.08	29874.28	29874.28	29874.48	29874.917
3	19	2	1	671	4	6	12	11	4	1	5	1	0.65157601	32	29876.314	29876.514	29876.514	29876.714	29877.165
3	19	2	1	672	4	6	12	12	1	1	2	1	1.0377359	33	29878.548	29878.748	29878.748	29878.948	29879.785
3	19	2	1	673	4	6	12	13	5	2	6	1	0.9153846	34	29880.786	29881.386	29881.386	29881.586	29882.302
3	19	2	1	674	4	6	12	14	5	2	6	1	0.74873048	35	29883.42	29884.02	29884.02	29884.22	29884.769
3	19	2	1	675	4	6	12	15	6	2	7	1	1.3076327	36	29886.054	29886.654	29886.654	29886.854	29887.961
3	19	2	1	676	4	6	12	16	6	2	7	1	0.66528804	37	29888.687	29889.287	29889.287	29889.487	29889.952
3	19	2	1	677	4	6	12	17	2	1	3	1	0.93230906	38	29891.323	29891.531	29891.531	29891.731	29892.463
3	19	2	1	678	4	6	12	18	5	2	6	1	0.97752792	39	29893.564	29894.164	29894.164	29894.364	29895.142
3	19	2	1	679	4	6	12	19	3	2	4	1	1.4240717	40	29896.206	29896.806	29896.806	29897.006	29898.23
3	19	2	1	680	4	6	12	20	3	2	4	1	0.78833688	41	29898.845	29899.445	29899.445	29899.645	29900.233
3	19	2	1	681	4	6	12	21	4	2	6	0	0.90478304	41	29901.478	29902.078	29902.078	29902.278	29902.983
3	19	2	1	682	4	6	12	22	2	1	2	0	0.74238052	41	29904.112	29904.312	29904.312	29904.512	29905.055
3	19	2	1	683	4	6	12	23	1	1	4	0	1.6045	41	29906.346	29906.546	29906.546	29906.746	29908.151
3	19	2	1	684	4	6	12	24	5	2	6	1	1.0653002	42	29908.58	29909.18	29909.18	29909.38	29910.246
3	19	2	1	685	4	6	12	25	5	2	6	1	0.71301933	43	29911.215	29911.815	29911.815	29912.015	29912.528
3	19	2	1	686	4	6	12	26	2	1	3	1	1.0077257	44	29913.849	29914.049	29914.049	29914.249	29915.057
3	19	2	1	687	4	6	12	27	3	1	4	1	1.1471024	45	29916.083	29916.283	29916.283	29916.483	29917.43
3	19	2	1	688	4	6	12	28	6	2	7	1	0.89893641	46	29918.317	29918.917	29918.917	29919.117	29919.816
3	19	2	1	689	4	6	12	29	2	1	3	1	0.85479318	47	29920.95	29921.15	29921.15	29921.35	29922.005
3	19	2	1	690	4	6	12	30	3	2	4	1	1.1791477	48	29923.188	29923.788	29923.788	29923.988	29924.967
3	19	2	1	691	4	2	12	1	4	2	8	1	0.91663134	1	29953.885	29954.485	29954.485	29954.685	29955.401
3	19	2	1	692	4	2	12	2	1	2	1	1	0.63104299	2	29956.519	29957.119	29957.119	29957.319	29957.75
3	19	2	1	693	4	2	12	3	5	1	8	1	1.2445521	3	29959.161	29959.361	29959.361	29959.561	29960.605
3	19	2	1	694	4	2	12	4	3	1	1	1	0.54468373	4	29961.4	29961.6	29961.6	29961.8	29962.145
3	19	2	1	695	4	2	12	5	2	1	1	1	0.67790014	5	29963.635	29963.835	29963.835	29964.035	29964.513
3	19	2	1	696	4	2	12	6	2	1	1	1	0.64006385	6	29965.87	29966.07	29966.07	29966.27	29966.71
3	19	2	1	697	4	2	12	7	4	2	8	1	0.63698019	7	29968.104	29968.704	29968.704	29968.904	29969.341
3	19	2	1	698	4	2	12	8	1	1	1	1	0.65740393	8	29970.74	29970.94	29970.94	29971.14	29971.598
3	19	2	1	699	4	2	12	9	5	1	8	1	0.79439978	9	29972.975	29973.175	29973.175	29973.375	29973.969
3	19	2	1	700	4	2	12	10	1	1	1	1	0.69525413	10	29975.21	29975.41	29975.41	29975.61	29976.105
3	19	2	1	701	4	2	12	11	6	1	8	1	0.69126053	11	29977.446	29977.646	29977.646	29977.846	29978.337
3	19	2	1	702	4	2	12	12	2	1	1	1	0.75871348	12	29979.68	29979.88	29979.88	29980.08	29980.639
3	19	2	1	703	4	2	12	13	3	2	1	1	0.71817448	13	29981.915	29982.515	29982.515	29982.715	29983.233
3	19	2	1	704	4	2	12	14	6	2	8	1	0.92462505	14	29984.553	29985.153	29985.153	29985.353	29986.077
3	19	2	1	705	4	2	12	15	4	2	8	1	0.71574599	15	29987.188	29987.788	29987.788	29987.988	29988.503
3	19	2	1	706	4	2	12	16	2	2	1	1	0.89718879	16	29989.822	29990.422	29990.422	29990.622	29991.319
3	19	2	1	707	4	2	12	17	1	1	1	1	0.99041011	17	29992.457	29992.657	29992.657	29992.857	29993.647
3	19	2	1	708	4	2	12	18	5	2	8	1	0.89948692	18	29994.692	29995.292	29995.292	29995.492	29996.191
3	19	2	1	709	4	2	12	19	5	2	8	1	1.158297	19	29997.326	29997.926	29997.926	29998.126	29999.084
3	19	2	1	710	4	2	12	20	4	2	8	1	0.63700702	20	29999.961	30000.561	30000.561	30000.761	30001.198
3	19	2	1	711	4	2	12	21	3	2	1	1	0.93070744	21	30002.597	30003.197	30003.197	30003.397	30004.127
3	19	2	1	712	4	2	12	22	5	1	8	1	1.0791315	22	30005.232	30005.432	30005.432	30005.632	30006.511
3	19	2	1	713	4	2	12	23	6	1	8	1	0.57065093	23	30007.467	30007.667	30007.667	30007.867	30008.238
3	19	2	1	714	4	2	12	24	3	2	1	1	0.9107538	24	30009.704	30010.304	30010.304	30010.504	30011.215
3	19	2	1	715	4	2	12	25	3	2	8	0	0.56124519	24	30012.34	30012.94	30012.94	30013.14	30013.501
3	19	2	1	716	4	2	12	26	6	1	8	1	1.9375975	25	30014.975	30015.175	30015.175	30015.375	30017.113
3	19	2	1	717	4	2	12	27	6	1	8	1	0.77783837	26	30017.212	30017.412	30017.412	30017.612	30018.19
3	19	2	1	718	4	2	12	28	4	2	8	1	0.70403817	27	30019.448	30020.048	30020.048	30020.248	30020.752
3	19	2	1	719	4	2	12	29	2	1	1	1	0.885336	28	30022.083	30022.283	30022.283	30022.483	30023.168
3	19	2	1	720	4	2	12	30	1	2	1	1	0.8429619	29	30024.318	30024.918	30024.918	30025.118	30025.761
