119	65	36	220	151	255	48	30	0	0	0	0	0	0	0	0	0	0	0	0
1	45	1	1	1	1	6	1	1	2	2	2	1	1.125311	1	6094.5144	6095.1145	6095.1148	6095.3151	6096.2401
1	45	1	1	2	1	6	1	2	4	1	5	0	1.4982103	1	6097.1325	6097.3326	6097.3327	6097.533	6098.831
1	45	1	1	3	1	6	1	3	2	2	0	0	-6100.2979	1	6099.6979	6100.2979	6100.2979	6100.4979	0
1	45	1	1	4	1	6	1	4	5	1	7	1	1.7558581	2	6102.6045	6102.8045	6102.8046	6103.0046	6104.5604
1	45	1	1	5	1	6	1	5	2	2	2	1	1.2464009	3	6104.8118	6105.4119	6105.4119	6105.6119	6106.6583
1	45	1	1	6	1	6	1	6	5	2	7	1	0.8322688	4	6107.4185	6108.0185	6108.0185	6108.2185	6108.8507
1	45	1	1	7	1	6	1	7	6	2	8	1	0.82384964	5	6110.0241	6110.6241	6110.6241	6110.8241	6111.448
1	45	1	1	8	1	6	1	8	1	1	1	1	1.745894	6	6112.6313	6112.8313	6112.8313	6113.0313	6114.5772
1	45	1	1	9	1	6	1	9	4	1	6	1	1.5604945	7	6114.8382	6115.0382	6115.0382	6115.2382	6116.5987
1	45	1	1	10	1	6	1	10	6	1	8	1	1.2357071	8	6117.0441	6117.2441	6117.2441	6117.4442	6118.4798
1	45	1	1	11	1	6	1	11	4	1	1	0	1.0128171	8	6119.2496	6119.4496	6119.4496	6119.6497	6120.4624
1	45	1	1	12	1	6	1	12	6	2	8	1	1.1093201	9	6121.7698	6122.3698	6122.3698	6122.5698	6123.4791
1	45	1	1	13	1	6	1	13	1	2	2	0	0.95139721	9	6124.377	6124.977	6124.977	6125.1771	6125.9284
1	45	1	1	14	1	6	1	14	3	1	4	0	1.3002863	9	6127.2908	6127.4908	6127.4908	6127.6908	6128.7911
1	45	1	1	15	1	6	1	15	1	2	1	1	1.4921285	10	6129.8129	6130.413	6130.413	6130.613	6131.9051
1	45	1	1	16	1	6	1	16	5	2	7	1	1.3709254	11	6132.4186	6133.0186	6133.0186	6133.2186	6134.3895
1	45	1	1	17	1	6	1	17	3	2	3	1	1.9593276	12	6135.0258	6135.6258	6135.6259	6135.8259	6137.5852
1	45	1	1	18	1	6	1	18	3	1	3	1	1.2710376	13	6137.6316	6137.8317	6137.8317	6138.0317	6139.1027
1	45	1	1	19	1	6	1	19	5	2	7	1	0.9537322	14	6139.8372	6140.4372	6140.4372	6140.6373	6141.3909
1	45	1	1	20	1	6	1	20	3	2	3	1	1.5345534	15	6142.4432	6143.0432	6143.0433	6143.2434	6144.5778
1	45	1	1	21	1	6	1	21	1	1	1	1	1.2931252	16	6145.0504	6145.2504	6145.2504	6145.4504	6146.5436
1	45	1	1	22	1	6	1	22	2	2	2	1	0.8966031	17	6147.2566	6147.8566	6147.8566	6148.0567	6148.7533
1	45	1	1	23	1	6	1	23	4	2	6	1	1.0414254	18	6149.8614	6150.4615	6150.4615	6150.6615	6151.5029
1	45	1	1	24	1	6	1	24	2	1	2	1	1.3398179	19	6152.4674	6152.6674	6152.6674	6152.8674	6154.0072
1	45	1	1	25	1	6	1	25	6	1	8	1	0.83570897	20	6154.6757	6154.8757	6154.8758	6155.0758	6155.7115
1	45	1	1	26	1	6	1	26	5	1	7	1	1.3476889	21	6156.8835	6157.0836	6157.0836	6157.2836	6158.4312
1	45	1	1	27	1	6	1	27	1	1	1	1	1.1182512	22	6159.0895	6159.2895	6159.2895	6159.4895	6160.4078
1	45	1	1	28	1	6	1	28	3	1	3	1	0.92503747	23	6161.2971	6161.4971	6161.4971	6161.6972	6162.4222
1	45	1	1	29	1	6	1	29	4	1	6	1	0.96072484	24	6163.5032	6163.7032	6163.7032	6163.9032	6164.664
1	45	1	1	30	1	6	1	30	6	2	8	1	0.81074432	25	6165.7093	6166.3093	6166.3094	6166.5094	6167.1201
1	45	1	1	31	1	2	1	1	1	2	4	1	0.64494873	1	6187.8258	6188.4259	6188.426	6188.6262	6189.0709
1	45	1	1	32	1	2	1	2	6	1	8	1	0.6896663	2	6190.4381	6190.6381	6190.6382	6190.8382	6191.3278
1	45	1	1	33	1	2	1	3	5	2	5	1	0.71038721	3	6192.6478	6193.2478	6193.2478	6193.4478	6193.9582
1	45	1	1	34	1	2	1	4	2	1	4	1	0.73594263	4	6195.2543	6195.4544	6195.4544	6195.6544	6196.1903
1	45	1	1	35	1	2	1	5	1	2	4	1	0.49474977	5	6197.4637	6198.0637	6198.0637	6198.2637	6198.5584
1	45	1	1	36	1	2	1	6	4	2	5	1	0.59994516	6	6200.0704	6200.6704	6200.6704	6200.8704	6201.2704
1	45	1	1	37	1	2	1	7	1	2	4	1	0.45683626	7	6202.6806	6203.2806	6203.2806	6203.4806	6203.7375
1	45	1	1	38	1	2	1	8	6	1	5	1	0.39090227	8	6205.2887	6205.4887	6205.4887	6205.6887	6205.8796
1	45	1	1	39	1	2	1	9	4	1	4	0	0.40909672	8	6207.4971	6207.6971	6207.6972	6207.8972	6208.1062
1	45	1	1	40	1	2	1	10	6	1	5	1	0.74285598	9	6210.0119	6210.2119	6210.2119	6210.4119	6210.9547
1	45	1	1	41	1	2	1	11	3	1	4	1	0.7441948	10	6212.2663	6212.4663	6212.4663	6212.6663	6213.2105
1	45	1	1	42	1	2	1	12	4	2	5	1	0.70794026	11	6214.4758	6215.0758	6215.0758	6215.2758	6215.7837
1	45	1	1	43	1	2	1	13	4	2	5	1	0.65900547	12	6217.0844	6217.6844	6217.6844	6217.8844	6218.3434
1	45	1	1	44	1	2	1	14	1	1	4	1	0.71625273	13	6219.6927	6219.8927	6219.8928	6220.0928	6220.609
1	45	1	1	45	1	2	1	15	6	2	5	1	0.66856754	14	6221.8998	6222.4999	6222.4999	6222.6999	6223.1685
1	45	1	1	46	1	2	1	16	6	2	5	1	0.57875981	15	6224.5086	6225.1086	6225.1086	6225.3086	6225.6874
1	45	1	1	47	1	2	1	17	2	2	4	1	0.68194339	16	6227.117	6227.717	6227.717	6227.917	6228.3989
1	45	1	1	48	1	2	1	18	5	1	5	1	0.59276494	17	6229.7256	6229.9256	6229.9256	6230.1256	6230.5183
1	45	1	1	49	1	2	1	19	3	2	4	1	0.65627161	18	6231.9345	6232.5345	6232.5345	6232.7345	6233.1908
1	45	1	1	50	1	2	1	20	5	2	5	1	0.61471774	19	6234.5433	6235.1433	6235.1433	6235.3433	6235.758
1	45	1	1	51	1	2	1	21	4	1	5	1	0.59197602	20	6237.1527	6237.3527	6237.3527	6237.5527	6237.9447
1	45	1	1	52	1	2	1	22	2	2	4	1	0.49232311	21	6239.3617	6239.9617	6239.9617	6240.1617	6240.454
1	45	1	1	53	1	2	1	23	3	2	4	1	0.49309054	22	6241.9712	6242.5712	6242.5712	6242.7712	6243.0643
1	45	1	1	54	1	2	1	24	2	1	4	1	0.42393276	23	6244.5809	6244.7809	6244.7809	6244.9809	6245.2048
1	45	1	1	55	1	2	1	25	2	1	4	1	0.52072972	24	6246.79	6246.99	6246.99	6247.19	6247.5107
1	45	1	1	56	1	2	1	26	1	1	4	1	0.49040255	25	6248.9994	6249.1994	6249.1995	6249.3995	6249.6899
1	45	1	1	57	1	2	1	27	3	1	4	1	0.506041	26	6251.2068	6251.4069	6251.4069	6251.6069	6251.913
1	45	1	1	58	1	2	1	28	3	1	4	1	0.47295209	27	6253.4141	6253.6142	6253.6142	6253.8142	6254.0871
1	45	1	1	59	1	2	1	29	5	1	5	1	0.57573437	28	6255.6234	6255.8234	6255.8234	6256.0234	6256.3991
1	45	1	1	60	1	2	1	30	5	2	5	1	0.60052377	29	6257.8326	6258.4326	6258.4326	6258.6327	6259.0331
1	45	1	1	61	1	6	2	1	1	2	1	1	0.81596976	30	6287.6721	6288.2722	6288.2722	6288.4722	6289.0882
1	45	1	1	62	1	6	2	2	6	1	8	1	0.70081257	31	6290.2818	6290.4818	6290.4818	6290.6818	6291.1826
1	45	1	1	63	1	6	2	3	5	2	7	1	0.92572902	32	6292.4911	6293.0911	6293.0912	6293.2912	6294.0169
1	45	1	1	64	1	6	2	4	2	1	2	1	1.1461499	33	6295.1005	6295.3005	6295.3006	6295.5006	6296.4467
1	45	1	1	65	1	6	2	5	1	2	1	1	0.76779627	34	6297.3099	6297.91	6297.91	6298.11	6298.6778
1	45	1	1	66	1	6	2	6	4	2	6	1	0.89454363	35	6299.9199	6300.5199	6300.5199	6300.72	6301.4145
1	45	1	1	67	1	6	2	7	1	2	1	1	1.1642205	36	6302.5296	6303.1296	6303.1296	6303.3296	6304.2938
1	45	1	1	68	1	6	2	8	6	1	8	1	1.3174976	37	6305.1401	6305.3401	6305.3401	6305.5401	6306.6576
1	45	1	1	69	1	6	2	9	4	1	6	1	0.99629838	38	6307.3499	6307.5499	6307.5499	6307.7499	6308.5462
1	45	1	1	70	1	6	2	10	6	1	8	1	0.92174034	39	6309.5579	6309.7579	6309.7579	6309.9579	6310.6796
1	45	1	1	71	1	6	2	11	3	1	3	1	0.97317871	40	6311.7679	6311.9679	6311.9679	6312.1679	6312.9411
1	45	1	1	72	1	6	2	12	4	2	6	1	1.0598524	41	6313.9783	6314.5783	6314.5783	6314.7783	6315.6382
1	45	1	1	73	1	6	2	13	4	2	6	1	0.6299814	42	6316.5863	6317.1863	6317.1863	6317.3863	6317.8163
1	45	1	1	74	1	6	2	14	1	1	1	1	0.87167496	43	6319.198	6319.398	6319.3981	6319.5981	6320.2698
1	45	1	1	75	1	6	2	15	6	2	8	1	0.81468807	44	6321.4078	6322.0079	6322.0079	6322.2079	6322.8226
1	45	1	1	76	1	6	2	16	6	2	8	1	0.44947831	45	6324.0179	6324.6179	6324.618	6324.818	6325.0674
1	45	1	1	77	1	6	2	17	2	2	7	0	0.96346472	45	6326.628	6327.228	6327.228	6327.428	6328.1914
1	45	1	1	78	1	6	2	18	5	1	7	1	0.87462202	46	6329.5419	6329.7419	6329.7419	6329.9419	6330.6165
1	45	1	1	79	1	6	2	19	3	2	3	1	0.88102234	47	6331.7522	6332.3522	6332.3522	6332.5522	6333.2332
1	45	1	1	80	1	6	2	20	5	2	7	1	1.0035989	48	6334.3626	6334.9626	6334.9626	6335.1626	6335.9662
1	45	1	1	81	1	6	2	21	4	1	6	1	1.0827337	49	6336.9728	6337.1728	6337.1728	6337.3728	6338.2555
1	45	1	1	82	1	6	2	22	2	2	2	1	1.2654679	50	6339.1809	6339.7809	6339.7809	6339.9809	6341.0464
1	45	1	1	83	1	6	2	23	3	2	3	1	1.1433597	51	6341.7917	6342.3917	6342.3917	6342.5917	6343.5351
1	45	1	1	84	1	6	2	24	2	1	2	1	0.87037809	52	6344.4083	6344.6083	6344.6083	6344.8083	6345.4787
1	45	1	1	85	1	6	2	25	2	1	2	1	0.69151673	53	6346.6195	6346.8195	6346.8195	6347.0195	6347.511
1	45	1	1	86	1	6	2	26	1	1	1	1	0.61834827	54	6348.8304	6349.0304	6349.0304	6349.2304	6349.6488
1	45	1	1	87	1	6	2	27	3	1	3	1	0.68874658	55	6351.041	6351.241	6351.2411	6351.4411	6351.9298
1	45	1	1	88	1	6	2	28	3	1	3	1	0.86713448	56	6353.2518	6353.4518	6353.4518	6353.6518	6354.3189
1	45	1	1	89	1	6	2	29	5	1	7	1	1.9997174	57	6355.4624	6355.6624	6355.6624	6355.8624	6357.6622
1	45	1	1	90	1	6	2	30	5	2	7	1	0.71875552	58	6357.673	6358.273	6358.273	6358.473	6358.9918
1	45	1	1	91	1	2	2	1	6	2	5	1	0.69877546	1	6370.6833	6371.2833	6371.2833	6371.4833	6371.982
1	45	1	1	92	1	2	2	2	1	1	4	1	0.58707506	2	6373.2935	6373.4935	6373.4935	6373.6935	6374.0806
1	45	1	1	93	1	2	2	3	1	2	4	1	0.56880214	3	6375.5018	6376.1018	6376.1018	6376.3018	6376.6706
1	45	1	1	94	1	2	2	4	6	1	5	1	0.60000351	4	6378.1131	6378.3131	6378.3131	6378.5131	6378.9131
1	45	1	1	95	1	2	2	5	6	2	5	1	0.50083148	5	6380.3251	6380.9251	6380.9252	6381.1252	6381.426
1	45	1	1	96	1	2	2	6	3	2	4	1	0.68781522	6	6382.9371	6383.5372	6383.5372	6383.7372	6384.225
1	45	1	1	97	1	2	2	7	4	2	5	1	0.64561224	7	6385.5486	6386.1486	6386.1486	6386.3486	6386.7942
1	45	1	1	98	1	2	2	8	5	1	5	1	0.6312954	8	6388.1609	6388.3609	6388.3609	6388.5609	6388.9922
1	45	1	1	99	1	2	2	9	3	1	4	1	0.58960535	9	6390.3722	6390.5722	6390.5722	6390.7722	6391.1618
1	45	1	1	100	1	2	2	10	4	1	5	1	0.57535996	10	6392.5835	6392.7835	6392.7835	6392.9835	6393.3589
1	45	1	1	101	1	2	2	11	6	1	5	1	0.73969929	11	6394.7956	6394.9956	6394.9956	6395.1956	6395.7353
1	45	1	1	102	1	2	2	12	5	2	5	1	0.61625058	12	6397.007	6397.607	6397.607	6397.807	6398.2232
1	45	1	1	103	1	2	2	13	2	2	4	1	0.58993748	13	6399.6189	6400.2189	6400.2189	6400.4189	6400.8088
1	45	1	1	104	1	2	2	14	2	1	4	1	0.5841789	14	6402.2304	6402.4304	6402.4304	6402.6304	6403.0146
1	45	1	1	105	1	2	2	15	6	2	5	1	0.61936864	15	6404.4781	6405.0781	6405.0781	6405.2781	6405.6975
1	45	1	1	106	1	2	2	16	4	2	5	1	0.59710753	16	6407.0898	6407.6898	6407.6898	6407.8898	6408.2869
1	45	1	1	107	1	2	2	17	2	2	4	1	0.64996097	17	6409.7014	6410.3014	6410.3014	6410.5014	6410.9514
1	45	1	1	108	1	2	2	18	4	1	5	1	0.56639128	18	6412.3127	6412.5127	6412.5127	6412.7127	6413.0791
1	45	1	1	109	1	2	2	19	5	2	5	1	0.53200732	19	6414.5242	6415.1242	6415.1242	6415.3242	6415.6562
1	45	1	1	110	1	2	2	20	1	2	4	1	0.5818876	20	6417.1358	6417.7358	6417.7358	6417.9358	6418.3177
1	45	1	1	111	1	2	2	21	1	1	4	1	0.59675787	21	6419.7454	6419.9454	6419.9454	6420.1454	6420.5421
1	45	1	1	112	1	2	2	22	3	2	4	1	0.61077173	22	6421.9575	6422.5575	6422.5575	6422.7575	6423.1683
1	45	1	1	113	1	2	2	23	5	2	5	1	0.58592248	23	6424.5663	6425.1663	6425.1663	6425.3663	6425.7522
1	45	1	1	114	1	2	2	24	2	1	4	1	0.68549314	24	6427.1782	6427.3782	6427.3782	6427.5782	6428.0637
1	45	1	1	115	1	2	2	25	3	1	4	1	0.5670767	25	6429.3907	6429.5907	6429.5907	6429.7907	6430.1578
1	45	1	1	116	1	2	2	26	5	1	5	1	0.64409015	26	6431.6027	6431.8027	6431.8027	6432.0027	6432.4468
1	45	1	1	117	1	2	2	27	4	1	5	1	0.67307593	27	6433.8149	6434.0149	6434.0149	6434.2149	6434.688
1	45	1	1	118	1	2	2	28	1	1	4	1	0.61064799	28	6436.0271	6436.2271	6436.2271	6436.4271	6436.8378
1	45	1	1	119	1	2	2	29	3	1	4	1	0.65689313	29	6438.2397	6438.4397	6438.4397	6438.6397	6439.0966
1	45	1	1	120	1	2	2	30	2	2	4	1	0.63213198	30	6440.5222	6441.1222	6441.1222	6441.3222	6441.7543
1	45	1	1	121	1	6	3	1	6	2	7	0	1.089348	30	6454.785	6455.385	6455.385	6455.585	6456.4744
1	45	1	1	122	1	6	3	2	1	1	1	1	1.1823395	31	6457.7066	6457.9066	6457.9066	6458.1066	6459.0889
1	45	1	1	123	1	6	3	3	1	2	1	1	0.65486301	32	6459.9193	6460.5193	6460.5193	6460.7193	6461.1742
1	45	1	1	124	1	6	3	4	6	1	8	1	0.93368274	33	6462.5313	6462.7313	6462.7313	6462.9313	6463.665
1	45	1	1	125	1	6	3	5	6	2	8	1	0.92194981	34	6464.7426	6465.3426	6465.3427	6465.5427	6466.2646
1	45	1	1	126	1	6	3	6	3	2	3	1	1.191128	35	6467.3547	6467.9547	6467.9547	6468.1547	6469.1458
1	45	1	1	127	1	6	3	7	4	2	1	0	1.0804651	35	6469.9669	6470.5669	6470.5669	6470.7669	6471.6473
1	45	1	1	128	1	6	3	8	5	1	7	1	0.88622392	36	6472.8897	6473.0897	6473.0897	6473.2897	6473.976
1	45	1	1	129	1	6	3	9	3	1	3	1	1.069268	37	6475.1003	6475.3003	6475.3003	6475.5003	6476.3696
1	45	1	1	130	1	6	3	10	4	1	1	0	0.85841182	37	6477.3106	6477.5106	6477.5106	6477.7106	6478.369
1	45	1	1	131	1	6	3	11	6	1	8	1	0.98694902	38	6479.8348	6480.0348	6480.0348	6480.2349	6481.0218
1	45	1	1	132	1	6	3	12	5	2	7	1	0.89886961	39	6482.0455	6482.6455	6482.6455	6482.8455	6483.5444
1	45	1	1	133	1	6	3	13	2	2	2	1	1.0674256	40	6484.6588	6485.2588	6485.2588	6485.4588	6486.3262
1	45	1	1	134	1	6	3	14	2	1	2	1	0.76944647	41	6487.2718	6487.4718	6487.4718	6487.6718	6488.2412
1	45	1	1	135	1	6	3	15	6	2	8	1	1.0424007	42	6489.4851	6490.0851	6490.0851	6490.2851	6491.1275
1	45	1	1	136	1	6	3	16	4	2	6	1	1.5193266	43	6492.0984	6492.6984	6492.6984	6492.8984	6494.2178
1	45	1	1	137	1	6	3	17	2	2	2	1	1.2020759	44	6494.7116	6495.3116	6495.3116	6495.5116	6496.5136
1	45	1	1	138	1	6	3	18	4	1	6	1	1.3251021	45	6497.3242	6497.5242	6497.5242	6497.7242	6498.8493
1	45	1	1	139	1	6	3	19	5	2	7	1	0.67772488	46	6499.5376	6500.1376	6500.1376	6500.3376	6500.8153
1	45	1	1	140	1	6	3	20	1	2	1	1	1.0407098	47	6502.151	6502.751	6502.751	6502.951	6503.7917
1	45	1	1	141	1	6	3	21	1	1	1	1	0.66053601	48	6504.7625	6504.9625	6504.9625	6505.1625	6505.6231
1	45	1	1	142	1	6	3	22	3	2	3	1	0.7680225	49	6506.9766	6507.5766	6507.5766	6507.7766	6508.3446
1	45	1	1	143	1	6	3	23	5	2	7	1	0.93933928	50	6509.6047	6510.2047	6510.2047	6510.4048	6511.1441
1	45	1	1	144	1	6	3	24	2	1	2	1	1.1574822	51	6512.2187	6512.4187	6512.4187	6512.6187	6513.5762
1	45	1	1	145	1	6	3	25	3	1	3	1	1.4573891	52	6514.4324	6514.6324	6514.6324	6514.8324	6516.0898
1	45	1	1	146	1	6	3	26	5	1	7	1	1.4452566	53	6516.6435	6516.8435	6516.8435	6517.0435	6518.2888
1	45	1	1	147	1	6	3	27	4	1	6	1	1.2821409	54	6518.8547	6519.0547	6519.0547	6519.2547	6520.3369
1	45	1	1	148	1	6	3	28	1	1	1	1	1.3511336	55	6521.0658	6521.2658	6521.2658	6521.4658	6522.6169
1	45	1	1	149	1	6	3	29	3	1	3	1	1.0445437	56	6523.2792	6523.4792	6523.4792	6523.6792	6524.5237
1	45	1	1	150	1	6	3	30	2	2	2	1	0.97180011	57	6525.4912	6526.0912	6526.0912	6526.2912	6527.063
1	45	1	1	151	1	2	3	1	5	2	5	1	0.66380005	1	6537.3345	6537.9345	6537.9345	6538.1345	6538.5983
1	45	1	1	152	1	2	3	2	6	1	5	1	0.54898619	2	6539.948	6540.148	6540.148	6540.348	6540.6969
1	45	1	1	153	1	2	3	3	5	2	5	1	0.5651894	3	6542.1615	6542.7615	6542.7615	6542.9615	6543.3267
1	45	1	1	154	1	2	3	4	1	1	4	1	0.71335878	4	6544.7754	6544.9754	6544.9754	6545.1754	6545.6888
1	45	1	1	155	1	2	3	5	4	2	4	0	0.36925283	4	6546.9898	6547.5898	6547.5898	6547.7898	6547.9591
1	45	1	1	156	1	2	3	6	1	2	4	1	0.66298042	5	6549.906	6550.506	6550.506	6550.706	6551.169
1	45	1	1	157	1	2	3	7	5	2	5	1	0.95080885	6	6552.5196	6553.1196	6553.1196	6553.3196	6554.0704
1	45	1	1	158	1	2	3	8	5	1	5	1	0.65762978	7	6555.1333	6555.3333	6555.3333	6555.5333	6555.9909
1	45	1	1	159	1	2	3	9	3	1	4	1	0.86859079	8	6557.3475	6557.5475	6557.5475	6557.7475	6558.4161
1	45	1	1	160	1	2	3	10	4	1	5	1	0.69652339	9	6559.5618	6559.7618	6559.7618	6559.9618	6560.4584
1	45	1	1	161	1	2	3	11	2	1	4	1	0.65177508	10	6561.7735	6561.9735	6561.9735	6562.1735	6562.6253
1	45	1	1	162	1	2	3	12	2	2	4	1	0.58626788	11	6563.988	6564.588	6564.588	6564.788	6565.1743
1	45	1	1	163	1	2	3	13	5	2	5	1	0.61169973	12	6566.6615	6567.2616	6567.2616	6567.4616	6567.8733
1	45	1	1	164	1	2	3	14	3	1	4	1	0.64479766	13	6569.276	6569.476	6569.476	6569.676	6570.1208
1	45	1	1	165	1	2	3	15	3	2	4	1	0.48131873	14	6571.4905	6572.0905	6572.0905	6572.2905	6572.5718
1	45	1	1	166	1	2	3	16	3	2	4	1	0.57545214	15	6574.1057	6574.7057	6574.7057	6574.9057	6575.2811
1	45	1	1	167	1	2	3	17	1	2	4	1	0.52671087	16	6576.7203	6577.3203	6577.3203	6577.5203	6577.847
1	45	1	1	168	1	2	3	18	4	1	5	1	0.6409496	17	6579.3346	6579.5346	6579.5346	6579.7346	6580.1756
1	45	1	1	169	1	2	3	19	3	2	4	1	0.66672318	18	6581.549	6582.149	6582.149	6582.349	6582.8157
1	45	1	1	170	1	2	3	20	6	2	5	1	0.69141663	19	6584.1632	6584.7632	6584.7632	6584.9632	6585.4546
1	45	1	1	171	1	2	3	21	2	1	4	1	0.72947298	20	6586.7752	6586.9752	6586.9752	6587.1752	6587.7047
1	45	1	1	172	1	2	3	22	2	2	4	1	0.5695013	21	6588.9904	6589.5904	6589.5904	6589.7904	6590.1599
1	45	1	1	173	1	2	3	23	1	2	4	1	0.70025305	22	6591.6051	6592.2051	6592.2051	6592.4051	6592.9053
1	45	1	1	174	1	2	3	24	4	1	4	0	0.75571437	22	6594.22	6594.42	6594.42	6594.62	6595.1757
1	45	1	1	175	1	2	3	25	4	1	5	1	0.90122334	23	6596.7375	6596.9375	6596.9375	6597.1375	6597.8387
1	45	1	1	176	1	2	3	26	6	1	5	1	0.81617535	24	6598.9525	6599.1525	6599.1525	6599.3525	6599.9686
1	45	1	1	177	1	2	3	27	1	1	4	1	0.78441809	25	6601.1671	6601.3671	6601.3671	6601.5671	6602.1515
1	45	1	1	178	1	2	3	28	6	1	5	1	0.89041869	26	6603.3817	6603.5817	6603.5817	6603.7817	6604.4721
1	45	1	1	179	1	2	3	29	6	1	5	1	0.70689113	27	6605.5967	6605.7967	6605.7967	6605.9967	6606.5036
1	45	1	1	180	1	2	3	30	2	2	4	1	0.68629156	28	6607.8118	6608.4118	6608.4118	6608.6118	6609.0981
1	45	1	1	181	2	6	4	1	5	2	7	1	0.98617002	29	6995.4634	6996.0634	6996.0634	6996.2634	6997.0496
1	45	1	1	182	2	6	4	2	6	1	8	1	0.74765093	30	6998.0787	6998.2787	6998.2787	6998.4787	6999.0264
1	45	1	1	183	2	6	4	3	5	2	7	1	0.69112949	31	7000.2937	7000.8938	7000.8938	7001.0938	7001.5849
1	45	1	1	184	2	6	4	4	1	1	1	1	1.0493552	32	7002.9091	7003.1091	7003.1091	7003.3091	7004.1585
1	45	1	1	185	2	6	4	5	4	2	6	1	1.0071628	33	7005.1219	7005.7219	7005.7219	7005.9219	7006.7291
1	45	1	1	186	2	6	4	6	1	2	1	1	0.87968403	34	7007.7371	7008.3371	7008.3371	7008.5371	7009.2168
1	45	1	1	187	2	6	4	7	5	2	7	1	0.94482033	35	7010.3518	7010.9519	7010.9519	7011.1519	7011.8967
1	45	1	1	188	2	6	4	8	5	1	7	1	0.7285428	36	7012.9674	7013.1674	7013.1674	7013.3674	7013.896
1	45	1	1	189	2	6	4	9	3	1	3	1	1.209756	37	7015.1819	7015.3819	7015.3819	7015.5819	7016.5916
1	45	1	1	190	2	6	4	10	4	1	6	1	1.2120611	38	7017.3979	7017.5979	7017.5979	7017.7979	7018.81
1	45	1	1	191	2	6	4	11	2	1	2	1	1.2222292	39	7019.6102	7019.8102	7019.8102	7020.0102	7021.0324
1	45	1	1	192	2	6	4	12	2	2	2	1	0.72730341	40	7021.8254	7022.4254	7022.4254	7022.6254	7023.1527
1	45	1	1	193	2	6	4	13	5	2	7	1	0.91846106	41	7024.4415	7025.0415	7025.0415	7025.2415	7025.96
1	45	1	1	194	2	6	4	14	3	1	3	1	0.83963005	42	7027.0567	7027.2567	7027.2567	7027.4567	7028.0963
1	45	1	1	195	2	6	4	15	3	2	3	1	0.70443069	43	7029.2693	7029.8693	7029.8693	7030.0693	7030.5738
1	45	1	1	196	2	6	4	16	3	2	3	1	0.59777248	44	7031.8835	7032.4835	7032.4835	7032.6835	7033.0813
1	45	1	1	197	2	6	4	17	1	2	1	1	0.75858216	45	7034.4992	7035.0992	7035.0992	7035.2992	7035.8578
1	45	1	1	198	2	6	4	18	4	1	6	1	0.97286514	46	7037.1153	7037.3153	7037.3153	7037.5153	7038.2881
1	45	1	1	199	2	6	4	19	3	2	3	1	0.80725632	47	7039.3306	7039.9306	7039.9306	7040.1306	7040.7379
1	45	1	1	200	2	6	4	20	6	2	8	1	0.75214269	48	7041.9442	7042.5442	7042.5442	7042.7442	7043.2963
1	45	1	1	201	2	6	4	21	2	1	1	0	1.0010956	48	7044.5601	7044.7601	7044.7601	7044.9601	7045.7612
1	45	1	1	202	2	6	4	22	2	2	2	1	0.83396521	49	7046.776	7047.376	7047.376	7047.576	7048.21
1	45	1	1	203	2	6	4	23	1	2	1	1	0.74529674	50	7049.3923	7049.9923	7049.9923	7050.1923	7050.7376
1	45	1	1	204	2	6	4	24	4	1	6	1	0.91832157	51	7052.0082	7052.2082	7052.2082	7052.4082	7053.1266
1	45	1	1	205	2	6	4	25	4	1	6	1	0.62918439	52	7054.2248	7054.4248	7054.4248	7054.6248	7055.054
1	45	1	1	206	2	6	4	26	6	1	8	1	0.87761183	53	7056.4406	7056.6406	7056.6406	7056.8407	7057.5183
1	45	1	1	207	2	6	4	27	1	1	1	1	0.89638006	54	7058.6569	7058.8569	7058.8569	7059.0569	7059.7533
1	45	1	1	208	2	6	4	28	6	1	3	0	1.0931117	54	7060.8735	7061.0735	7061.0735	7061.2735	7062.1666
1	45	1	1	209	2	6	4	29	6	1	8	1	0.8053367	55	7063.0897	7063.2897	7063.2897	7063.4897	7064.0951
1	45	1	1	210	2	6	4	30	2	2	2	1	1.0708905	56	7065.3045	7065.9045	7065.9045	7066.1045	7066.9754
1	45	1	1	211	2	2	4	1	1	2	4	1	0.56717237	1	7095.9823	7096.5823	7096.5824	7096.7824	7097.1495
1	45	1	1	212	2	2	4	2	1	1	4	1	0.52476261	2	7098.5988	7098.7989	7098.7989	7098.9989	7099.3236
1	45	1	1	213	2	2	4	3	5	2	5	1	0.66494156	3	7100.815	7101.415	7101.415	7101.615	7102.0799
1	45	1	1	214	2	2	4	4	6	1	5	1	0.55936895	4	7103.4318	7103.6318	7103.6318	7103.8318	7104.1912
1	45	1	1	215	2	2	4	5	5	2	5	1	0.52191924	5	7105.6482	7106.2482	7106.2482	7106.4482	7106.7701
1	45	1	1	216	2	2	4	6	6	2	5	1	0.51399398	6	7108.2647	7108.8647	7108.8647	7109.0647	7109.3787
1	45	1	1	217	2	2	4	7	3	2	4	1	0.63124528	7	7110.8807	7111.4807	7111.4807	7111.6808	7112.112
1	45	1	1	218	2	2	4	8	1	1	4	1	0.64735409	8	7113.497	7113.6971	7113.6971	7113.8971	7114.3444
1	45	1	1	219	2	2	4	9	3	1	4	1	0.51328299	9	7115.711	7115.911	7115.911	7116.111	7116.4243
1	45	1	1	220	2	2	4	10	2	1	4	1	0.57285948	10	7117.9251	7118.1251	7118.1251	7118.3251	7118.698
1	45	1	1	221	2	2	4	11	6	1	5	1	0.63255877	11	7120.143	7120.343	7120.343	7120.543	7120.9755
1	45	1	1	222	2	2	4	12	2	2	4	1	0.72761562	12	7122.3605	7122.9605	7122.9605	7123.1605	7123.6882
1	45	1	1	223	2	2	4	13	4	2	5	1	0.63830296	13	7124.9777	7125.5777	7125.5777	7125.7777	7126.216
1	45	1	1	224	2	2	4	14	3	1	4	1	0.69506291	14	7127.5951	7127.7951	7127.7951	7127.9951	7128.4902
1	45	1	1	225	2	2	4	15	6	2	5	1	0.60347259	15	7129.8126	7130.4126	7130.4126	7130.6126	7131.016
1	45	1	1	226	2	2	4	16	5	2	5	1	0.72225392	16	7132.4299	7133.0299	7133.0299	7133.2299	7133.7522
1	45	1	1	227	2	2	4	17	6	2	5	1	0.63917651	17	7135.0476	7135.6476	7135.6476	7135.8476	7136.2868
1	45	1	1	228	2	2	4	18	1	1	4	1	0.6635161	18	7137.6647	7137.8647	7137.8647	7138.0647	7138.5282
1	45	1	1	229	2	2	4	19	2	2	4	1	0.63979832	19	7139.8818	7140.4818	7140.4818	7140.6818	7141.1216
1	45	1	1	230	2	2	4	20	4	2	5	1	0.62914535	20	7142.4998	7143.0998	7143.0998	7143.2998	7143.7289
1	45	1	1	231	2	2	4	21	5	1	5	1	0.60941354	21	7145.1162	7145.3162	7145.3162	7145.5162	7145.9256
1	45	1	1	232	2	2	4	22	3	2	4	1	0.62717719	22	7147.3335	7147.9335	7147.9335	7148.1335	7148.5607
1	45	1	1	233	2	2	4	23	4	2	5	1	0.61099779	23	7149.9491	7150.5491	7150.5491	7150.7491	7151.1601
1	45	1	1	234	2	2	4	24	3	1	4	1	0.72947992	24	7152.5671	7152.7671	7152.7671	7152.9671	7153.4966
1	45	1	1	235	2	2	4	25	4	1	5	1	0.67984885	25	7154.7847	7154.9847	7154.9847	7155.1847	7155.6645
1	45	1	1	236	2	2	4	26	5	1	5	1	0.67029478	26	7157.0022	7157.2022	7157.2022	7157.4022	7157.8725
1	45	1	1	237	2	2	4	27	2	1	4	1	0.70248861	27	7159.2196	7159.4197	7159.4197	7159.6197	7160.1221
1	45	1	1	238	2	2	4	28	4	1	5	1	0.70968184	28	7161.4345	7161.6345	7161.6345	7161.8345	7162.3442
1	45	1	1	239	2	2	4	29	2	1	4	1	0.62079109	29	7163.6519	7163.8519	7163.8519	7164.0519	7164.4727
1	45	1	1	240	2	2	4	30	1	2	4	1	0.55283982	30	7165.87	7166.47	7166.47	7166.67	7167.0229
1	45	1	1	241	2	6	5	1	1	2	1	1	1.1529619	31	7196.5902	7197.1902	7197.1902	7197.3902	7198.3432
1	45	1	1	242	2	6	5	2	1	1	1	1	0.70320794	32	7199.2085	7199.4085	7199.4085	7199.6085	7200.1117
1	45	1	1	243	2	6	5	3	5	2	7	1	1.0384207	33	7201.4264	7202.0264	7202.0264	7202.2264	7203.0649
1	45	1	1	244	2	6	5	4	6	1	8	1	0.92962173	34	7204.0451	7204.2451	7204.2451	7204.4451	7205.1747
1	45	1	1	245	2	6	5	5	5	2	7	1	0.88065039	35	7206.2634	7206.8634	7206.8634	7207.0634	7207.7441
1	45	1	1	246	2	6	5	6	6	2	8	1	1.5514023	36	7208.8815	7209.4815	7209.4815	7209.6816	7211.033
1	45	1	1	247	2	6	5	7	3	2	3	1	0.83956997	37	7211.4966	7212.0966	7212.0966	7212.2966	7212.9361
1	45	1	1	248	2	6	5	8	1	1	1	1	0.87755267	38	7214.1153	7214.3153	7214.3153	7214.5153	7215.1928
1	45	1	1	249	2	6	5	9	3	1	3	1	0.88857033	39	7216.3341	7216.5341	7216.5341	7216.7341	7217.4226
1	45	1	1	250	2	6	5	10	2	1	2	1	0.77616387	40	7218.5493	7218.7493	7218.7493	7218.9493	7219.5254
1	45	1	1	251	2	6	5	11	6	1	8	1	0.83475341	41	7220.7675	7220.9675	7220.9675	7221.1675	7221.8023
1	45	1	1	252	2	6	5	12	2	2	2	1	1.0326127	42	7222.9856	7223.5856	7223.5856	7223.7856	7224.6182
1	45	1	1	253	2	6	5	13	4	2	6	1	1.1236591	43	7225.6039	7226.2039	7226.2039	7226.4039	7227.3275
1	45	1	1	254	2	6	5	14	3	1	3	1	0.90765021	44	7228.2227	7228.4227	7228.4227	7228.6227	7229.3304
1	45	1	1	255	2	6	5	15	6	2	8	1	0.80705775	45	7230.4412	7231.0412	7231.0412	7231.2412	7231.8483
1	45	1	1	256	2	6	5	16	5	2	7	1	1.4661353	46	7233.0603	7233.6603	7233.6603	7233.8604	7235.1265
1	45	1	1	257	2	6	5	17	6	2	8	1	1.5678781	47	7235.6797	7236.2797	7236.2797	7236.4797	7237.8476
1	45	1	1	258	2	6	5	18	1	1	1	1	0.85200834	48	7238.2983	7238.4983	7238.4983	7238.6983	7239.3503
1	45	1	1	259	2	6	5	19	2	2	2	1	0.79782332	49	7240.5162	7241.1162	7241.1162	7241.3162	7241.9141
1	45	1	1	260	2	6	5	20	4	2	6	1	0.92953405	50	7243.1355	7243.7355	7243.7355	7243.9355	7244.6651
1	45	1	1	261	2	6	5	21	5	1	7	1	1.2205304	51	7245.754	7245.954	7245.954	7246.154	7247.1746
1	45	1	1	262	2	6	5	22	3	2	3	1	0.77224355	52	7247.9726	7248.5726	7248.5726	7248.7726	7249.3448
1	45	1	1	263	2	6	5	23	4	2	6	1	1.4330671	53	7250.5916	7251.1917	7251.1917	7251.3917	7252.6247
1	45	1	1	264	2	6	5	24	3	1	3	1	1.8600848	54	7253.2107	7253.4107	7253.4107	7253.6107	7255.2708
1	45	1	1	265	2	6	5	25	4	1	1	0	1.2479346	54	7255.4253	7255.6253	7255.6253	7255.8253	7256.8732
1	45	1	1	266	2	6	5	26	5	1	7	1	1.068377	55	7257.6437	7257.8437	7257.8438	7258.0438	7258.9121
1	45	1	1	267	2	6	5	27	2	1	2	1	0.95702608	56	7259.8602	7260.0602	7260.0602	7260.2602	7261.0172
1	45	1	1	268	2	6	5	28	4	1	6	1	0.82520922	57	7262.0787	7262.2787	7262.2787	7262.4788	7263.104
1	45	1	1	269	2	6	5	29	2	1	2	1	1.2681249	58	7264.298	7264.498	7264.498	7264.698	7265.7661
1	45	1	1	270	2	6	5	30	1	2	1	1	0.84590144	59	7266.5142	7267.1142	7267.1143	7267.3143	7267.9602
1	45	1	1	271	2	2	5	1	2	2	4	1	0.69675464	1	7297.1993	7297.7993	7297.7993	7297.9993	7298.4961
1	45	1	1	272	2	2	5	2	3	1	4	1	0.54280656	2	7299.8171	7300.0171	7300.0171	7300.2171	7300.5599
1	45	1	1	273	2	2	5	3	6	2	5	1	0.63189845	3	7302.0384	7302.6384	7302.6384	7302.8384	7303.2703
1	45	1	1	274	2	2	5	4	6	1	5	1	0.50427375	4	7304.6575	7304.8575	7304.8575	7305.0575	7305.3618
1	45	1	1	275	2	2	5	5	6	2	5	1	0.54762934	5	7306.8762	7307.4762	7307.4762	7307.6762	7308.0239
1	45	1	1	276	2	2	5	6	5	2	5	1	0.91294236	6	7309.4962	7310.0962	7310.0962	7310.2962	7311.0092
1	45	1	1	277	2	2	5	7	2	2	4	1	0.6189514	7	7312.1157	7312.7157	7312.7157	7312.9157	7313.3347
1	45	1	1	278	2	2	5	8	5	1	5	1	0.68359041	8	7314.7355	7314.9355	7314.9355	7315.1355	7315.6191
1	45	1	1	279	2	2	5	9	3	1	4	1	0.69452084	9	7316.9555	7317.1555	7317.1555	7317.3555	7317.85
1	45	1	1	280	2	2	5	10	6	1	5	1	0.70591834	10	7319.1751	7319.3751	7319.3751	7319.5751	7320.081
1	45	1	1	281	2	2	5	11	3	1	4	1	0.70064235	11	7321.3947	7321.5947	7321.5947	7321.7947	7322.2953
1	45	1	1	282	2	2	5	12	4	2	8	1	0.72389206	12	7323.6122	7324.2122	7324.2122	7324.4122	7324.9361
1	45	1	1	283	2	2	5	13	2	2	4	1	0.75212623	13	7326.2311	7326.8311	7326.8311	7327.0311	7327.5832
1	45	1	1	284	2	2	5	14	5	1	5	1	0.69859256	14	7328.851	7329.051	7329.051	7329.251	7329.7496
1	45	1	1	285	2	2	5	15	2	2	4	1	0.67591409	15	7331.0703	7331.6703	7331.6703	7331.8703	7332.3463
1	45	1	1	286	2	2	5	16	4	2	5	1	0.77314643	16	7333.6901	7334.2901	7334.2901	7334.4901	7335.0632
1	45	1	1	287	2	2	5	17	1	2	4	1	0.65203673	17	7336.3081	7336.9081	7336.9081	7337.1081	7337.5601
1	45	1	1	288	2	2	5	18	6	1	5	1	0.69110749	18	7338.9267	7339.1267	7339.1267	7339.3267	7339.8178
1	45	1	1	289	2	2	5	19	4	2	5	1	0.73222886	19	7341.1466	7341.7466	7341.7466	7341.9466	7342.4789
1	45	1	1	290	2	2	5	20	5	2	5	1	0.53648317	20	7343.7668	7344.3668	7344.3668	7344.5668	7344.9033
1	45	1	1	291	2	2	5	21	3	1	4	1	0.65174852	21	7346.387	7346.587	7346.587	7346.787	7347.2387
1	45	1	1	292	2	2	5	22	2	2	4	1	0.57760641	22	7348.607	7349.207	7349.207	7349.407	7349.7847
1	45	1	1	293	2	2	5	23	1	2	4	1	0.61990261	23	7351.227	7351.827	7351.827	7352.027	7352.4469
1	45	1	1	294	2	2	5	24	4	1	5	1	0.62944011	24	7353.8444	7354.0444	7354.0444	7354.2444	7354.6738
1	45	1	1	295	2	2	5	25	4	1	5	1	0.49860287	25	7356.0639	7356.2639	7356.2639	7356.4639	7356.7625
1	45	1	1	296	2	2	5	26	1	1	4	1	0.63571296	26	7358.2839	7358.4839	7358.4839	7358.6839	7359.1196
1	45	1	1	297	2	2	5	27	5	1	5	1	0.60143993	27	7360.5049	7360.7049	7360.7049	7360.9049	7361.3063
1	45	1	1	298	2	2	5	28	1	1	4	1	0.66829438	28	7362.7232	7362.9232	7362.9232	7363.1232	7363.5915
1	45	1	1	299	2	2	5	29	3	1	4	1	0.62387713	29	7364.9438	7365.1438	7365.1438	7365.3438	7365.7676
1	45	1	1	300	2	2	5	30	1	2	4	1	0.54676133	30	7367.1646	7367.7646	7367.7646	7367.9646	7368.3113
1	45	1	1	301	2	6	6	1	2	2	2	1	1.0153466	31	7397.8787	7398.4788	7398.4788	7398.6788	7399.4941
1	45	1	1	302	2	6	6	2	3	1	3	1	0.75507673	32	7400.4991	7400.6991	7400.6991	7400.8991	7401.4542
1	45	1	1	303	2	6	6	3	6	2	8	1	0.91438161	33	7402.7166	7403.3166	7403.3166	7403.5166	7404.231
1	45	1	1	304	2	6	6	4	6	1	8	1	0.82321946	34	7405.3368	7405.5368	7405.5368	7405.7368	7406.36
1	45	1	1	305	2	6	6	5	6	2	8	1	0.67114116	35	7407.6336	7408.2336	7408.2336	7408.4336	7408.9047
1	45	1	1	306	2	6	6	6	5	2	8	1	0.90046572	36	7410.2539	7410.8539	7410.8539	7411.0539	7411.7544
1	45	1	1	307	2	6	6	7	2	2	2	1	1.245015	37	7412.8746	7413.4746	7413.4746	7413.6746	7414.7196
1	45	1	1	308	2	6	6	8	5	1	7	1	0.83389348	38	7415.4958	7415.6958	7415.6958	7415.8958	7416.5297
1	45	1	1	309	2	6	6	9	3	1	3	1	1.3776333	39	7417.7171	7417.9171	7417.9171	7418.1171	7419.2947
1	45	1	1	310	2	6	6	10	6	1	8	1	1.0613781	40	7419.9384	7420.1384	7420.1384	7420.3384	7421.1998
1	45	1	1	311	2	6	6	11	3	1	3	1	1.30295	41	7422.1596	7422.3596	7422.3596	7422.5596	7423.6626
1	45	1	1	312	2	6	6	12	4	2	6	1	1.1851338	42	7424.3811	7424.9811	7424.9811	7425.1811	7426.1662
1	45	1	1	313	2	6	6	13	2	2	2	1	0.95229062	43	7427.0021	7427.6021	7427.6021	7427.8021	7428.5544
1	45	1	1	314	2	6	6	14	5	1	7	1	1.144665	44	7429.6235	7429.8235	7429.8235	7430.0235	7430.9681
1	45	1	1	315	2	6	6	15	2	2	2	1	1.0821379	45	7431.844	7432.444	7432.444	7432.644	7433.5261
1	45	1	1	316	2	6	6	16	4	2	6	1	0.7916807	46	7434.465	7435.065	7435.065	7435.265	7435.8567
1	45	1	1	317	2	6	6	17	1	2	1	1	0.91366231	47	7437.0862	7437.6862	7437.6862	7437.8862	7438.5998
1	45	1	1	318	2	6	6	18	6	1	8	1	1.1006603	48	7439.7074	7439.9074	7439.9074	7440.1074	7441.0081
1	45	1	1	319	2	6	6	19	4	2	6	1	1.342257	49	7441.928	7442.528	7442.528	7442.728	7443.8702
1	45	1	1	320	2	6	6	20	5	2	2	0	1.1688918	49	7444.5491	7445.1491	7445.1491	7445.3492	7446.318
1	45	1	1	321	2	6	6	21	3	1	3	1	0.94869177	50	7447.1701	7447.3701	7447.3701	7447.5701	7448.3188
1	45	1	1	322	2	6	6	22	2	2	7	0	1.4968698	50	7449.3906	7449.9906	7449.9906	7450.1906	7451.4874
1	45	1	1	323	2	6	6	23	1	2	6	0	1.5644682	50	7452.0115	7452.6115	7452.6115	7452.8115	7454.176
1	45	1	1	324	2	6	6	24	4	1	6	1	1.2539272	51	7454.636	7454.836	7454.836	7455.036	7456.0899
1	45	1	1	325	2	6	6	25	4	1	6	1	0.7809919	52	7456.8577	7457.0577	7457.0577	7457.2577	7457.8387
1	45	1	1	326	2	6	6	26	1	1	1	1	0.8641424	53	7459.0786	7459.2786	7459.2786	7459.4786	7460.1428
1	45	1	1	327	2	6	6	27	5	1	7	1	0.91708812	54	7461.2998	7461.4998	7461.4998	7461.6998	7462.4169
1	45	1	1	328	2	6	6	28	1	1	1	1	0.84834006	55	7463.5212	7463.7212	7463.7213	7463.9213	7464.5696
1	45	1	1	329	2	6	6	29	3	1	3	1	0.93340058	56	7465.7451	7465.9451	7465.9451	7466.1451	7466.8785
1	45	1	1	330	2	6	6	30	1	2	1	1	0.92965919	57	7467.967	7468.567	7468.567	7468.767	7469.4966
1	45	1	1	331	2	2	6	1	5	2	6	1	1.0016321	1	7498.6487	7499.2487	7499.2487	7499.4487	7500.2503
1	45	1	1	332	2	2	6	2	4	1	5	1	0.52854472	2	7501.2705	7501.4705	7501.4705	7501.6705	7501.9991
1	45	1	1	333	2	2	6	3	6	2	5	1	0.51476034	3	7503.492	7504.092	7504.092	7504.292	7504.6067
1	45	1	1	334	2	2	6	4	6	1	5	1	0.54824759	4	7506.1143	7506.3143	7506.3143	7506.5143	7506.8625
1	45	1	1	335	2	2	6	5	1	2	4	1	0.6489734	5	7508.337	7508.937	7508.937	7509.137	7509.586
1	45	1	1	336	2	2	6	6	4	2	5	1	0.70452883	6	7510.9597	7511.5597	7511.5597	7511.7597	7512.2642
1	45	1	1	337	2	2	6	7	3	2	4	1	0.69594404	7	7513.5826	7514.1827	7514.1827	7514.3827	7514.8786
1	45	1	1	338	2	2	6	8	3	1	4	1	0.58771692	8	7516.2043	7516.4043	7516.4043	7516.6043	7516.992
1	45	1	1	339	2	2	6	9	3	1	4	1	0.54837271	9	7518.4262	7518.6262	7518.6262	7518.8262	7519.1746
1	45	1	1	340	2	2	6	10	2	1	4	1	0.55836463	10	7520.6481	7520.8481	7520.8481	7521.0481	7521.4065
1	45	1	1	341	2	2	6	11	3	1	4	1	0.53843936	11	7522.8696	7523.0696	7523.0696	7523.2696	7523.6081
1	45	1	1	342	2	2	6	12	6	2	5	1	0.80216037	12	7525.0921	7525.6922	7525.6922	7525.8922	7526.4943
1	45	1	1	343	2	2	6	13	6	2	5	1	0.50288002	13	7527.7783	7528.3783	7528.3783	7528.5783	7528.8812
1	45	1	1	344	2	2	6	14	3	1	4	1	0.75833644	14	7530.4004	7530.6004	7530.6004	7530.8004	7531.3587
1	45	1	1	345	2	2	6	15	4	2	5	1	0.73661696	15	7532.6221	7533.2221	7533.2221	7533.4221	7533.9587
1	45	1	1	346	2	2	6	16	2	2	4	1	0.66678545	16	7535.2437	7535.8437	7535.8437	7536.0437	7536.5105
1	45	1	1	347	2	2	6	17	5	2	5	1	0.62773294	17	7537.8661	7538.4661	7538.4661	7538.6661	7539.0939
1	45	1	1	348	2	2	6	18	4	1	5	1	0.68835983	18	7540.4878	7540.6878	7540.6878	7540.8878	7541.3762
1	45	1	1	349	2	2	6	19	1	2	4	1	0.81947122	19	7542.7949	7543.3949	7543.3949	7543.5949	7544.2144
1	45	1	1	350	2	2	6	20	5	2	5	1	0.77605082	20	7545.4152	7546.0152	7546.0152	7546.2152	7546.7912
1	45	1	1	351	2	2	6	21	6	1	5	1	1.0586415	21	7548.0379	7548.2379	7548.2379	7548.4379	7549.2965
1	45	1	1	352	2	2	6	22	2	2	4	1	0.75476106	22	7550.26	7550.86	7550.86	7551.06	7551.6147
1	45	1	1	353	2	2	6	23	5	2	5	1	0.6525367	23	7552.8832	7553.4832	7553.4832	7553.6832	7554.1357
1	45	1	1	354	2	2	6	24	4	1	5	1	0.66365113	24	7555.5062	7555.7062	7555.7062	7555.9062	7556.3698
1	45	1	1	355	2	2	6	25	1	1	4	1	0.65175839	25	7557.8126	7558.0126	7558.0126	7558.2126	7558.6643
1	45	1	1	356	2	2	6	26	2	1	4	1	0.47335281	26	7560.0355	7560.2355	7560.2355	7560.4355	7560.7089
1	45	1	1	357	2	2	6	27	1	1	4	1	0.57097377	27	7562.2585	7562.4585	7562.4585	7562.6585	7563.0294
1	45	1	1	358	2	2	6	28	5	1	5	1	0.61636072	28	7564.4806	7564.6806	7564.6806	7564.8806	7565.297
1	45	1	1	359	2	2	6	29	1	1	4	1	0.73883357	29	7566.7034	7566.9034	7566.9034	7567.1034	7567.6422
1	45	1	1	360	2	2	6	30	2	2	4	1	0.67985255	30	7568.9267	7569.5267	7569.5267	7569.7268	7570.2066
1	45	1	1	361	3	6	7	1	5	2	7	1	0.97045444	31	8534.9632	8535.5632	8535.5632	8535.7632	8536.5336
1	45	1	1	362	3	6	7	2	4	1	6	1	0.96177933	32	8537.5895	8537.7895	8537.7895	8537.9895	8538.7513
1	45	1	1	363	3	6	7	3	6	2	8	1	0.72455935	33	8539.8098	8540.4098	8540.4098	8540.6098	8541.1344
1	45	1	1	364	3	6	7	4	6	1	8	1	0.59106493	34	8542.4337	8542.6337	8542.6337	8542.8337	8543.2247
1	45	1	1	365	3	6	7	5	1	2	1	1	0.85045522	35	8544.6538	8545.2538	8545.2538	8545.4539	8546.1043
1	45	1	1	366	3	6	7	6	4	2	6	1	1.3484189	36	8547.276	8547.876	8547.876	8548.076	8549.2244
1	45	1	1	367	3	6	7	7	3	2	3	1	0.86825946	37	8549.8997	8550.4997	8550.4997	8550.6997	8551.368
1	45	1	1	368	3	6	7	8	3	1	3	1	0.6068708	38	8552.5234	8552.7234	8552.7234	8552.9235	8553.3303
1	45	1	1	369	3	6	7	9	3	1	3	1	0.56380591	39	8554.7499	8554.9499	8554.9499	8555.1499	8555.5137
1	45	1	1	370	3	6	7	10	2	1	2	1	0.67275221	40	8556.9732	8557.1732	8557.1732	8557.3732	8557.846
1	45	1	1	371	3	6	7	11	3	1	3	1	0.75310925	41	8559.197	8559.397	8559.397	8559.597	8560.1501
1	45	1	1	372	3	6	7	12	6	2	8	1	0.77098783	42	8561.4203	8562.0203	8562.0203	8562.2203	8562.7913
1	45	1	1	373	3	6	7	13	6	2	8	1	0.65401594	43	8564.0435	8564.6435	8564.6435	8564.8435	8565.2975
1	45	1	1	374	3	6	7	14	3	1	3	1	0.80320623	44	8566.667	8566.867	8566.867	8567.067	8567.6702
1	45	1	1	375	3	6	7	15	4	2	6	1	1.7099036	45	8568.8905	8569.4905	8569.4905	8569.6905	8571.2004
1	45	1	1	376	3	6	7	16	2	2	2	1	1.269057	46	8571.5137	8572.1137	8572.1137	8572.3137	8573.3828
1	45	1	1	377	3	6	7	17	5	2	7	1	0.8612235	47	8574.1374	8574.7374	8574.7374	8574.9374	8575.5986
1	45	1	1	378	3	6	7	18	4	1	6	1	1.0708632	48	8576.7607	8576.9607	8576.9607	8577.1607	8578.0316
1	45	1	1	379	3	6	7	19	1	2	1	1	1.7177684	49	8578.9846	8579.5847	8579.5847	8579.7847	8581.3024
1	45	1	1	380	3	6	7	20	5	2	7	1	0.84012805	50	8581.6086	8582.2086	8582.2086	8582.4086	8583.0487
1	45	1	1	381	3	6	7	21	6	1	8	1	0.78966682	51	8584.2325	8584.4325	8584.4325	8584.6325	8585.2222
1	45	1	1	382	3	6	7	22	2	2	2	1	1.3497867	52	8586.4558	8587.0558	8587.0558	8587.2559	8588.4056
1	45	1	1	383	3	6	7	23	5	2	7	1	0.83221107	53	8589.0793	8589.6793	8589.6793	8589.8793	8590.5115
1	45	1	1	384	3	6	7	24	4	1	6	1	0.91257562	54	8591.703	8591.903	8591.903	8592.103	8592.8155
1	45	1	1	385	3	6	7	25	1	1	1	1	1.1295838	55	8593.9276	8594.1276	8594.1276	8594.3276	8595.2572
1	45	1	1	386	3	6	7	26	2	1	2	1	1.0827769	56	8596.151	8596.351	8596.351	8596.551	8597.4338
1	45	1	1	387	3	6	7	27	1	1	1	1	0.78570549	57	8598.3756	8598.5756	8598.5756	8598.7756	8599.3613
1	45	1	1	388	3	6	7	28	5	1	7	1	0.76176599	58	8600.5979	8600.7979	8600.7979	8600.9979	8601.5597
1	45	1	1	389	3	6	7	29	1	1	1	1	1.0925434	59	8602.8252	8603.0252	8603.0252	8603.2252	8604.1177
1	45	1	1	390	3	6	7	30	2	2	2	1	1.2215036	60	8605.049	8605.649	8605.649	8605.849	8606.8705
1	45	1	1	391	3	2	7	1	1	2	4	1	0.60292364	1	8635.7429	8636.3429	8636.3429	8636.5429	8636.9459
1	45	1	1	392	3	2	7	2	2	1	4	1	0.54759936	2	8638.3678	8638.5678	8638.5678	8638.7679	8639.1154
1	45	1	1	393	3	2	7	3	1	2	4	1	0.50395104	3	8640.5921	8641.1921	8641.1921	8641.3921	8641.696
1	45	1	1	394	3	2	7	4	3	1	4	1	0.52575685	4	8643.2183	8643.4183	8643.4183	8643.6183	8643.9441
1	45	1	1	395	3	2	7	5	2	2	4	1	0.53131675	5	8645.4704	8646.0705	8646.0705	8646.2705	8646.6018
1	45	1	1	396	3	2	7	6	3	2	4	1	0.50575109	6	8648.0948	8648.6948	8648.6948	8648.8948	8649.2006
1	45	1	1	397	3	2	7	7	2	2	4	1	0.47083587	7	8650.7202	8651.3202	8651.3202	8651.5202	8651.791
1	45	1	1	398	3	2	7	8	6	1	5	1	0.82337489	8	8653.3444	8653.5444	8653.5444	8653.7444	8654.3678
1	45	1	1	399	3	2	7	9	4	1	5	1	0.69412689	9	8655.5692	8655.7692	8655.7692	8655.9692	8656.4634
1	45	1	1	400	3	2	7	10	2	1	4	1	0.59679623	10	8657.7943	8657.9943	8657.9943	8658.1943	8658.5911
1	45	1	1	401	3	2	7	11	3	1	4	1	0.57205718	11	8660.0192	8660.2192	8660.2192	8660.4192	8660.7913
1	45	1	1	402	3	2	7	12	4	2	5	1	0.50668693	12	8662.2443	8662.8443	8662.8443	8663.0443	8663.351
1	45	1	1	403	3	2	7	13	5	2	5	1	0.68302465	13	8664.8694	8665.4694	8665.4694	8665.6694	8666.1525
1	45	1	1	404	3	2	7	14	1	1	4	1	0.69843369	14	8667.4944	8667.6944	8667.6944	8667.8944	8668.3929
1	45	1	1	405	3	2	7	15	1	2	4	1	0.52730021	15	8669.7192	8670.3192	8670.3192	8670.5193	8670.8465
1	45	1	1	406	3	2	7	16	5	2	5	1	0.70316357	16	8672.3443	8672.9443	8672.9443	8673.1443	8673.6475
1	45	1	1	407	3	2	7	17	5	2	5	1	0.56717292	17	8674.9702	8675.5702	8675.5702	8675.7702	8676.1374
1	45	1	1	408	3	2	7	18	3	1	4	1	0.78104513	18	8677.5947	8677.7947	8677.7947	8677.9947	8678.5757
1	45	1	1	409	3	2	7	19	6	2	5	1	0.73381944	19	8679.8192	8680.4192	8680.4192	8680.6192	8681.1531
1	45	1	1	410	3	2	7	20	5	2	5	1	0.85419931	20	8682.4413	8683.0413	8683.0414	8683.2414	8683.8956
1	45	1	1	411	3	2	7	21	6	1	5	1	0.62342334	21	8685.0658	8685.2658	8685.2658	8685.4658	8685.8893
1	45	1	1	412	3	2	7	22	6	2	5	1	0.70742663	22	8687.2906	8687.8906	8687.8906	8688.0906	8688.5981
1	45	1	1	413	3	2	7	23	4	2	5	1	0.66871272	23	8689.9157	8690.5157	8690.5157	8690.7157	8691.1845
1	45	1	1	414	3	2	7	24	2	1	4	1	0.55137469	24	8692.5443	8692.7443	8692.7443	8692.9443	8693.2956
1	45	1	1	415	3	2	7	25	3	1	4	1	0.51485084	25	8694.766	8694.966	8694.966	8695.166	8695.4808
1	45	1	1	416	3	2	7	26	5	1	5	1	0.69236801	26	8696.9948	8697.1948	8697.1948	8697.3948	8697.8872
1	45	1	1	417	3	2	7	27	4	1	5	1	0.62905629	27	8699.2197	8699.4197	8699.4197	8699.6197	8700.0487
1	45	1	1	418	3	2	7	28	6	1	5	1	0.5617699	28	8701.4443	8701.6443	8701.6443	8701.8443	8702.206
1	45	1	1	419	3	2	7	29	1	1	4	1	0.63176405	29	8703.674	8703.874	8703.874	8704.074	8704.5058
1	45	1	1	420	3	2	7	30	4	2	5	1	0.63345743	30	8705.9003	8706.5003	8706.5003	8706.7003	8707.1338
1	45	1	1	421	3	6	8	1	1	2	1	1	1.2652786	31	8736.6327	8737.2327	8737.2327	8737.4328	8738.498
1	45	1	1	422	3	6	8	2	2	1	2	1	0.6803664	32	8739.258	8739.458	8739.458	8739.6581	8740.1384
1	45	1	1	423	3	6	8	3	1	2	1	1	0.76437284	33	8741.482	8742.082	8742.082	8742.282	8742.8464
1	45	1	1	424	3	6	8	4	3	1	3	1	0.75866135	34	8744.1075	8744.3075	8744.3075	8744.5075	8745.0662
1	45	1	1	425	3	6	8	5	2	2	2	1	0.89264101	35	8746.3333	8746.9333	8746.9333	8747.1333	8747.8259
1	45	1	1	426	3	6	8	6	3	2	3	1	0.79224937	36	8748.9582	8749.5582	8749.5582	8749.7582	8750.3505
1	45	1	1	427	3	6	8	7	2	2	2	1	1.0965836	37	8751.5836	8752.1836	8752.1836	8752.3836	8753.2802
1	45	1	1	428	3	6	8	8	6	1	8	1	0.95136843	38	8754.2091	8754.4091	8754.4091	8754.6091	8755.3605
1	45	1	1	429	3	6	8	9	4	1	6	1	1.121995	39	8756.4346	8756.6346	8756.6346	8756.8346	8757.7566
1	45	1	1	430	3	6	8	10	2	1	2	1	0.97869446	40	8758.6602	8758.8602	8758.8602	8759.0602	8759.8389
1	45	1	1	431	3	6	8	11	3	1	3	1	1.0748626	41	8760.886	8761.086	8761.086	8761.286	8762.1608
1	45	1	1	432	3	6	8	12	4	2	6	1	1.1607456	42	8763.1112	8763.7112	8763.7112	8763.9112	8764.8719
1	45	1	1	433	3	6	8	13	5	2	7	1	0.76886523	43	8765.7368	8766.3368	8766.3368	8766.5368	8767.1057
1	45	1	1	434	3	6	8	14	1	1	1	1	0.99167604	44	8768.3621	8768.5621	8768.5621	8768.7621	8769.5538
1	45	1	1	435	3	6	8	15	1	2	1	1	0.92495509	45	8770.5882	8771.1882	8771.1882	8771.3882	8772.1132
1	45	1	1	436	3	6	8	16	5	2	7	1	1.0352251	46	8773.2138	8773.8138	8773.8138	8774.0138	8774.8491
1	45	1	1	437	3	6	8	17	5	2	7	1	0.6231519	47	8775.8394	8776.4394	8776.4394	8776.6394	8777.0626
1	45	1	1	438	3	6	8	18	3	1	3	1	0.88093403	48	8778.4654	8778.6654	8778.6654	8778.8654	8779.5464
1	45	1	1	439	3	6	8	19	6	2	8	1	0.99410465	49	8780.6927	8781.2927	8781.2927	8781.4927	8782.2868
1	45	1	1	440	3	6	8	20	5	2	8	0	0.6487816	49	8783.3183	8783.9183	8783.9183	8784.1183	8784.5671
1	45	1	1	441	3	6	8	21	6	1	8	1	0.8023511	50	8785.9438	8786.1438	8786.1438	8786.3438	8786.9462
1	45	1	1	442	3	6	8	22	6	2	8	1	0.73777668	51	8788.1696	8788.7696	8788.7696	8788.9696	8789.5074
1	45	1	1	443	3	6	8	23	4	2	6	1	0.86156912	52	8790.7955	8791.3955	8791.3955	8791.5955	8792.257
1	45	1	1	444	3	6	8	24	2	1	2	1	1.1867105	53	8793.422	8793.622	8793.622	8793.8221	8794.8088
1	45	1	1	445	3	6	8	25	3	1	3	1	0.93006082	54	8795.6484	8795.8484	8795.8484	8796.0484	8796.7785
1	45	1	1	446	3	6	8	26	5	1	7	1	0.89355912	55	8797.8746	8798.0746	8798.0747	8798.2747	8798.9682
1	45	1	1	447	3	6	8	27	4	1	6	1	0.85175833	56	8800.1004	8800.3004	8800.3004	8800.5004	8801.1521
1	45	1	1	448	3	6	8	28	6	1	8	1	0.95407731	57	8802.3267	8802.5267	8802.5267	8802.7267	8803.4808
1	45	1	1	449	3	6	8	29	1	1	1	1	1.5096107	58	8804.6346	8804.8346	8804.8346	8805.0346	8806.3442
1	45	1	1	450	3	6	8	30	4	2	6	1	1.1068373	59	8806.8629	8807.4629	8807.4629	8807.6629	8808.5698
1	45	1	1	451	3	2	8	1	1	2	4	1	0.78325822	1	8837.5523	8838.1523	8838.1524	8838.3524	8838.9356
1	45	1	1	452	3	2	8	2	4	1	5	1	0.71497204	2	8840.1802	8840.3802	8840.3802	8840.5802	8841.0952
1	45	1	1	453	3	2	8	3	4	2	5	1	0.88100149	3	8842.407	8843.007	8843.007	8843.207	8843.888
1	45	1	1	454	3	2	8	4	1	1	4	1	0.65597359	4	8845.034	8845.234	8845.2341	8845.4341	8845.89
1	45	1	1	455	3	2	8	5	5	2	5	1	0.68072902	5	8847.2603	8847.8603	8847.8603	8848.0603	8848.541
1	45	1	1	456	3	2	8	6	2	2	4	1	0.61880157	6	8849.8925	8850.4925	8850.4925	8850.6925	8851.1113
1	45	1	1	457	3	2	8	7	6	2	5	1	0.67855134	7	8852.5202	8853.1202	8853.1202	8853.3202	8853.7987
1	45	1	1	458	3	2	8	8	4	1	5	1	0.69350033	8	8855.1476	8855.3476	8855.3476	8855.5476	8856.0411
1	45	1	1	459	3	2	8	9	5	1	5	1	0.71290172	9	8857.3748	8857.5749	8857.5749	8857.7749	8858.2878
1	45	1	1	460	3	2	8	10	3	1	4	1	0.83208687	10	8859.6023	8859.8023	8859.8023	8860.0023	8860.6344
1	45	1	1	461	3	2	8	11	6	1	5	1	0.66682277	11	8861.8302	8862.0303	8862.0303	8862.2303	8862.6971
1	45	1	1	462	3	2	8	12	5	2	5	1	0.75662967	12	8864.0577	8864.6577	8864.6577	8864.8577	8865.4143
1	45	1	1	463	3	2	8	13	6	2	5	1	0.68417755	13	8866.6824	8867.2824	8867.2824	8867.4824	8867.9666
1	45	1	1	464	3	2	8	14	5	1	5	1	0.61678263	14	8869.3097	8869.5097	8869.5097	8869.7098	8870.1265
1	45	1	1	465	3	2	8	15	4	2	5	1	0.66107158	15	8871.5372	8872.1372	8872.1372	8872.3372	8872.7983
1	45	1	1	466	3	2	8	16	3	2	4	1	0.73384298	16	8874.1643	8874.7643	8874.7643	8874.9643	8875.4982
1	45	1	1	467	3	2	8	17	3	2	4	1	0.63348984	17	8876.7913	8877.3913	8877.3913	8877.5913	8878.0248
1	45	1	1	468	3	2	8	18	5	1	5	1	0.71959427	18	8879.418	8879.618	8879.618	8879.818	8880.3376
1	45	1	1	469	3	2	8	19	1	2	4	1	0.73368687	19	8881.6446	8882.2446	8882.2446	8882.4446	8882.9783
1	45	1	1	470	3	2	8	20	2	2	4	1	0.5860993	20	8884.2716	8884.8716	8884.8716	8885.0716	8885.4577
1	45	1	1	471	3	2	8	21	2	1	4	1	0.80270425	21	8886.9016	8887.1016	8887.1016	8887.3016	8887.9043
1	45	1	1	472	3	2	8	22	6	2	5	1	0.74870836	22	8889.1296	8889.7296	8889.7296	8889.9296	8890.4783
1	45	1	1	473	3	2	8	23	2	2	4	1	0.81804021	23	8891.7603	8892.3603	8892.3603	8892.5603	8893.1784
1	45	1	1	474	3	2	8	24	1	1	4	1	0.71606799	24	8894.3888	8894.5888	8894.5888	8894.7888	8895.3048
1	45	1	1	475	3	2	8	25	3	1	4	1	0.64124026	25	8896.613	8896.813	8896.813	8897.013	8897.4542
1	45	1	1	476	3	2	8	26	1	1	4	1	0.60555354	26	8898.8409	8899.0409	8899.0409	8899.2409	8899.6464
1	45	1	1	477	3	2	8	27	6	1	5	1	0.68138758	27	8901.0694	8901.2694	8901.2694	8901.4694	8901.9508
1	45	1	1	478	3	2	8	28	4	1	5	1	0.74214552	28	8903.2973	8903.4974	8903.4974	8903.6974	8904.2395
1	45	1	1	479	3	2	8	29	3	1	4	1	0.73090007	29	8905.5251	8905.7251	8905.7251	8905.9251	8906.456
1	45	1	1	480	3	2	8	30	2	2	4	1	0.54820312	30	8907.756	8908.356	8908.356	8908.556	8908.9042
1	45	1	1	481	3	6	9	1	1	2	1	1	0.78514813	31	8938.4812	8939.0812	8939.0812	8939.2812	8939.8663
1	45	1	1	482	3	6	9	2	4	1	6	1	0.94001824	32	8941.1084	8941.3084	8941.3084	8941.5084	8942.2485
1	45	1	1	483	3	6	9	3	4	2	6	1	0.87208143	33	8943.3357	8943.9357	8943.9357	8944.1357	8944.8078
1	45	1	1	484	3	6	9	4	1	1	0	0	-8946.1636	33	8945.9636	8946.1636	8946.1636	8946.3636	0
1	45	1	1	485	3	6	9	5	5	2	7	1	1.0159689	34	8948.1918	8948.7918	8948.7918	8948.9918	8949.8078
1	45	1	1	486	3	6	9	6	2	2	2	1	1.0362341	35	8950.8195	8951.4195	8951.4195	8951.6195	8952.4558
1	45	1	1	487	3	6	9	7	6	2	8	1	0.96812984	36	8953.4478	8954.0478	8954.0478	8954.2478	8955.0159
1	45	1	1	488	3	6	9	8	4	1	6	1	1.0791582	37	8956.0741	8956.2741	8956.2741	8956.4741	8957.3533
1	45	1	1	489	3	6	9	9	5	1	7	1	0.6719027	38	8958.3025	8958.5025	8958.5025	8958.7025	8959.1744
1	45	1	1	490	3	6	9	10	3	1	3	1	0.83835004	39	8960.5304	8960.7304	8960.7304	8960.9304	8961.5687
1	45	1	1	491	3	6	9	11	6	1	8	1	0.86654593	40	8962.7582	8962.9582	8962.9582	8963.1582	8963.8247
1	45	1	1	492	3	6	9	12	5	2	7	1	0.89402391	41	8964.987	8965.587	8965.587	8965.787	8966.481
1	45	1	1	493	3	6	9	13	6	2	8	1	0.81445776	42	8967.6199	8968.2199	8968.2199	8968.4199	8969.0343
1	45	1	1	494	3	6	9	14	5	1	7	1	0.66451528	43	8970.249	8970.449	8970.449	8970.649	8971.1135
1	45	1	1	495	3	6	9	15	4	2	6	1	0.97746482	44	8972.4781	8973.0781	8973.0781	8973.2781	8974.0556
1	45	1	1	496	3	6	9	16	3	2	3	1	1.0202424	45	8975.1066	8975.7066	8975.7066	8975.9066	8976.7269
1	45	1	1	497	3	6	9	17	3	2	3	1	0.83165695	46	8977.7347	8978.3347	8978.3347	8978.5347	8979.1663
1	45	1	1	498	3	6	9	18	5	1	7	1	0.94761242	47	8980.363	8980.563	8980.563	8980.763	8981.5106
1	45	1	1	499	3	6	9	19	1	2	1	1	1.498614	48	8982.5908	8983.1908	8983.1908	8983.3909	8984.6895
1	45	1	1	500	3	6	9	20	2	2	2	1	0.91147604	49	8985.2149	8985.8149	8985.8149	8986.0149	8986.7264
1	45	1	1	501	3	6	9	21	2	1	2	1	0.91620398	50	8987.8535	8988.0535	8988.0535	8988.2535	8988.9697
1	45	1	1	502	3	6	9	22	6	2	8	1	1.0838786	51	8990.0827	8990.6827	8990.6827	8990.8827	8991.7666
1	45	1	1	503	3	6	9	23	2	2	2	1	0.98536544	52	8992.7116	8993.3116	8993.3116	8993.5116	8994.297
1	45	1	1	504	3	6	9	24	1	1	1	1	0.91387588	53	8995.3414	8995.5414	8995.5414	8995.7414	8996.4553
1	45	1	1	505	3	6	9	25	3	1	3	1	0.83590865	54	8997.5705	8997.7705	8997.7705	8997.9705	8998.6064
1	45	1	1	506	3	6	9	26	1	1	1	1	0.98839418	55	8999.8593	9000.0593	9000.0594	9000.2594	9001.0477
1	45	1	1	507	3	6	9	27	6	1	8	1	1.0616455	56	9002.0888	9002.2888	9002.2888	9002.4888	9003.3504
1	45	1	1	508	3	6	9	28	4	1	6	1	1.368729	57	9004.3181	9004.5182	9004.5182	9004.7182	9005.8869
1	45	1	1	509	3	6	9	29	3	1	3	1	1.5632726	58	9006.5468	9006.7468	9006.7468	9006.9468	9008.31
1	45	1	1	510	3	6	9	30	2	2	2	1	1.41746	59	9008.7761	9009.3761	9009.3761	9009.5761	9010.7936
1	45	1	1	511	3	2	9	1	6	2	5	1	0.75156284	1	9039.4709	9040.0709	9040.0709	9040.2709	9040.8225
1	45	1	1	512	3	2	9	2	6	1	5	1	0.65773363	2	9042.1005	9042.3005	9042.3005	9042.5005	9042.9582
1	45	1	1	513	3	2	9	3	1	2	4	1	0.67594773	3	9044.3301	9044.9301	9044.9301	9045.1301	9045.606
1	45	1	1	514	3	2	9	4	4	1	5	1	0.64179245	4	9046.9557	9047.1557	9047.1558	9047.3558	9047.7975
1	45	1	1	515	3	2	9	5	6	2	5	1	0.59249638	5	9049.1848	9049.7848	9049.7848	9049.9848	9050.3773
1	45	1	1	516	3	2	9	6	1	2	4	1	0.64093167	6	9051.8142	9052.4142	9052.4142	9052.6142	9053.0551
1	45	1	1	517	3	2	9	7	6	2	5	1	0.64221958	7	9054.452	9055.052	9055.052	9055.252	9055.6942
1	45	1	1	518	3	2	9	8	4	1	5	1	0.72397097	8	9057.0831	9057.2831	9057.2831	9057.4831	9058.007
1	45	1	1	519	3	2	9	9	4	1	0	0	-9059.5129	8	9059.3129	9059.5129	9059.5129	9059.7129	0
1	45	1	1	520	3	2	9	10	6	1	5	1	0.74065427	9	9061.5423	9061.7423	9061.7423	9061.9423	9062.483
1	45	1	1	521	3	2	9	11	5	1	5	1	0.64993374	10	9063.7734	9063.9734	9063.9735	9064.1735	9064.6234
1	45	1	1	522	3	2	9	12	5	2	5	1	0.58945832	11	9066.0035	9066.6035	9066.6035	9066.8035	9067.193
1	45	1	1	523	3	2	9	13	5	2	5	1	0.56703571	12	9068.634	9069.234	9069.234	9069.434	9069.801
1	45	1	1	524	3	2	9	14	1	1	4	1	1.0328032	13	9071.2642	9071.4642	9071.4642	9071.6642	9072.497
1	45	1	1	525	3	2	9	15	2	2	4	1	0.68059324	14	9073.4936	9074.0936	9074.0936	9074.2936	9074.7742
1	45	1	1	526	3	2	9	16	2	2	4	1	0.57959112	15	9076.123	9076.723	9076.723	9076.923	9077.3026
1	45	1	1	527	3	2	9	17	5	2	5	1	0.7344844	16	9078.7526	9079.3526	9079.3526	9079.5526	9080.0871
1	45	1	1	528	3	2	9	18	1	1	4	1	0.69871806	17	9081.382	9081.582	9081.582	9081.782	9082.2808
1	45	1	1	529	3	2	9	19	3	2	4	1	0.69256958	18	9083.6108	9084.2108	9084.2108	9084.4108	9084.9034
1	45	1	1	530	3	2	9	20	1	2	4	1	0.5596322	19	9086.2408	9086.8408	9086.8408	9087.0408	9087.4004
1	45	1	1	531	3	2	9	21	3	1	4	1	0.66522271	20	9088.8704	9089.0704	9089.0704	9089.2704	9089.7356
1	45	1	1	532	3	2	9	22	4	2	5	1	0.84215385	21	9091.1002	9091.7002	9091.7002	9091.9002	9092.5424
1	45	1	1	533	3	2	9	23	3	2	4	1	0.75932018	22	9093.7272	9094.3272	9094.3272	9094.5272	9095.0865
1	45	1	1	534	3	2	9	24	3	1	4	1	0.59395436	23	9096.357	9096.557	9096.557	9096.757	9097.1509
1	45	1	1	535	3	2	9	25	2	1	4	1	0.70621345	24	9098.588	9098.788	9098.788	9098.988	9099.4942
1	45	1	1	536	3	2	9	26	5	1	5	1	0.72567916	25	9100.8183	9101.0183	9101.0183	9101.2183	9101.744
1	45	1	1	537	3	2	9	27	2	1	4	1	0.65404166	26	9103.0483	9103.2483	9103.2483	9103.4483	9103.9024
1	45	1	1	538	3	2	9	28	4	1	5	1	0.70534678	27	9105.2777	9105.4777	9105.4777	9105.6777	9106.1831
1	45	1	1	539	3	2	9	29	2	1	4	1	1.2318854	28	9107.5077	9107.7077	9107.7077	9107.9077	9108.9396
1	45	1	1	540	3	2	9	30	3	2	4	1	0.62576089	29	9109.7445	9110.3445	9110.3445	9110.5445	9110.9702
1	45	1	1	541	4	6	10	1	6	2	8	1	1.5545714	30	9684.5961	9685.1961	9685.1961	9685.3961	9686.7507
1	45	1	1	542	4	6	10	2	6	1	8	1	0.77594685	31	9687.2298	9687.4298	9687.4298	9687.6298	9688.2057
1	45	1	1	543	4	6	10	3	1	2	1	1	0.86879121	32	9689.4597	9690.0597	9690.0597	9690.2597	9690.9285
1	45	1	1	544	4	6	10	4	4	1	6	1	0.99945004	33	9692.0894	9692.2894	9692.2894	9692.4894	9693.2888
1	45	1	1	545	4	6	10	5	6	2	8	1	0.7742565	34	9694.324	9694.924	9694.924	9695.124	9695.6982
1	45	1	1	546	4	6	10	6	1	2	1	1	0.88429234	35	9696.9537	9697.5538	9697.5538	9697.7538	9698.438
1	45	1	1	547	4	6	10	7	6	2	8	1	0.68763872	36	9699.5839	9700.1839	9700.1839	9700.3839	9700.8715
1	45	1	1	548	4	6	10	8	4	1	6	1	0.88678269	37	9702.2183	9702.4183	9702.4183	9702.6183	9703.3051
1	45	1	1	549	4	6	10	9	4	1	6	1	0.6414737	38	9704.4487	9704.6487	9704.6487	9704.8487	9705.2902
1	45	1	1	550	4	6	10	10	6	1	8	1	0.97058319	39	9706.6795	9706.8795	9706.8795	9707.0795	9707.8501
1	45	1	1	551	4	6	10	11	5	1	7	1	0.7458513	40	9708.9092	9709.1092	9709.1092	9709.3092	9709.855
1	45	1	1	552	4	6	10	12	5	2	7	1	0.73701656	41	9711.1429	9711.743	9711.743	9711.943	9712.48
1	45	1	1	553	4	6	10	13	5	2	7	1	0.56109129	42	9713.7738	9714.3738	9714.3738	9714.5738	9714.9349
1	45	1	1	554	4	6	10	14	1	1	1	1	0.93956381	43	9716.4052	9716.6052	9716.6052	9716.8052	9717.5448
1	45	1	1	555	4	6	10	15	2	2	2	1	0.73155335	44	9718.6364	9719.2364	9719.2364	9719.4364	9719.968
1	45	1	1	556	4	6	10	16	2	2	2	1	0.81448588	45	9721.2678	9721.8678	9721.8678	9722.0678	9722.6823
1	45	1	1	557	4	6	10	17	5	2	7	1	0.73979726	46	9723.8995	9724.4995	9724.4995	9724.6995	9725.2393
1	45	1	1	558	4	6	10	18	1	1	1	1	1.0637202	47	9726.5286	9726.7286	9726.7286	9726.9286	9727.7923
1	45	1	1	559	4	6	10	19	3	2	3	1	0.7893964	48	9728.7634	9729.3634	9729.3634	9729.5634	9730.1528
1	45	1	1	560	4	6	10	20	1	2	1	1	0.76666849	49	9731.4009	9732.0009	9732.0009	9732.2009	9732.7675
1	45	1	1	561	4	6	10	21	3	1	3	1	0.93653358	50	9734.0329	9734.2329	9734.2329	9734.433	9735.1695
1	45	1	1	562	4	6	10	22	4	2	6	1	0.94433776	51	9736.265	9736.865	9736.865	9737.065	9737.8093
1	45	1	1	563	4	6	10	23	3	2	3	1	0.9287659	52	9738.9033	9739.5033	9739.5033	9739.7033	9740.432
1	45	1	1	564	4	6	10	24	3	1	3	1	0.59955018	53	9741.534	9741.734	9741.734	9741.934	9742.3336
1	45	1	1	565	4	6	10	25	2	1	2	1	1.0008167	54	9743.7646	9743.9646	9743.9646	9744.1646	9744.9654
1	45	1	1	566	4	6	10	26	5	1	7	1	0.74358947	55	9745.9917	9746.1917	9746.1917	9746.3917	9746.9353
1	45	1	1	567	4	6	10	27	2	1	2	1	1.1528678	56	9748.2225	9748.4225	9748.4225	9748.6225	9749.5754
1	45	1	1	568	4	6	10	28	4	1	6	1	1.005594	57	9750.4579	9750.6579	9750.6579	9750.8579	9751.6635
1	45	1	1	569	4	6	10	29	2	1	2	1	1.1104355	58	9752.689	9752.889	9752.889	9753.089	9753.9994
1	45	1	1	570	4	6	10	30	3	2	3	1	0.7999189	59	9754.9197	9755.5197	9755.5197	9755.7197	9756.3196
1	45	1	1	571	4	2	10	1	4	2	5	1	1.1509072	1	9785.6148	9786.2148	9786.2148	9786.4148	9787.3657
1	45	1	1	572	4	2	10	2	3	1	4	1	0.6170705	2	9788.2456	9788.4456	9788.4456	9788.6456	9789.0627
1	45	1	1	573	4	2	10	3	1	2	4	1	0.52111627	3	9790.4769	9791.077	9791.077	9791.277	9791.5981
1	45	1	1	574	4	2	10	4	3	1	4	1	0.58489299	4	9793.1048	9793.3048	9793.3048	9793.5048	9793.8897
1	45	1	1	575	4	2	10	5	6	2	5	1	0.71827093	5	9795.3362	9795.9362	9795.9363	9796.1363	9796.6545
1	45	1	1	576	4	2	10	6	1	2	4	1	0.92710191	6	9797.9671	9798.5671	9798.5671	9798.7671	9799.4942
1	45	1	1	577	4	2	10	7	6	2	5	1	0.63934814	7	9800.5991	9801.1991	9801.1991	9801.3992	9801.8385
1	45	1	1	578	4	2	10	8	3	1	4	1	0.6845596	8	9803.2306	9803.4306	9803.4306	9803.6306	9804.1151
1	45	1	1	579	4	2	10	9	1	1	4	1	0.63658469	9	9805.4601	9805.6601	9805.6601	9805.8601	9806.2967
1	45	1	1	580	4	2	10	10	5	1	5	1	0.73773569	10	9807.6926	9807.8926	9807.8926	9808.0926	9808.6304
1	45	1	1	581	4	2	10	11	5	1	5	1	0.92208145	11	9809.9242	9810.1243	9810.1243	9810.3243	9811.0463
1	45	1	1	582	4	2	10	12	6	2	5	1	0.68228577	12	9812.1567	9812.7567	9812.7567	9812.9568	9813.439
1	45	1	1	583	4	2	10	13	2	2	4	1	0.59725437	13	9814.7892	9815.3892	9815.3892	9815.5893	9815.9865
1	45	1	1	584	4	2	10	14	4	1	5	1	0.56389591	14	9817.4188	9817.6188	9817.6188	9817.8188	9818.1827
1	45	1	1	585	4	2	10	15	1	2	4	1	0.60183967	15	9819.6474	9820.2474	9820.2474	9820.4474	9820.8492
1	45	1	1	586	4	2	10	16	4	2	5	1	0.63160705	16	9822.2826	9822.8826	9822.8826	9823.0826	9823.5142
1	45	1	1	587	4	2	10	17	5	2	5	1	0.60821517	17	9824.914	9825.514	9825.514	9825.7141	9826.1223
1	45	1	1	588	4	2	10	18	6	1	5	1	0.59222329	18	9827.5461	9827.7461	9827.7461	9827.9461	9828.3383
1	45	1	1	589	4	2	10	19	4	2	5	1	0.57470191	19	9829.7779	9830.3779	9830.3779	9830.5779	9830.9526
1	45	1	1	590	4	2	10	20	2	2	4	1	0.62162798	20	9832.4094	9833.0094	9833.0094	9833.2094	9833.631
1	45	1	1	591	4	2	10	21	5	1	5	1	0.65535556	21	9835.0414	9835.2414	9835.2414	9835.4414	9835.8968
1	45	1	1	592	4	2	10	22	1	2	4	1	0.68742914	22	9837.2715	9837.8715	9837.8715	9838.0715	9838.5589
1	45	1	1	593	4	2	10	23	2	2	4	1	0.64939744	23	9839.9049	9840.5049	9840.5049	9840.7049	9841.1543
1	45	1	1	594	4	2	10	24	2	1	3	1	1.8303248	24	9842.5375	9842.7375	9842.7375	9842.9375	9844.5678
1	45	1	1	595	4	2	10	25	3	1	4	1	0.62310993	25	9844.7699	9844.9699	9844.9699	9845.17	9845.5931
1	45	1	1	596	4	2	10	26	4	1	5	1	0.62515845	26	9847.0075	9847.2075	9847.2075	9847.4075	9847.8326
1	45	1	1	597	4	2	10	27	3	1	4	1	0.71966487	27	9849.24	9849.44	9849.44	9849.64	9850.1597
1	45	1	1	598	4	2	10	28	2	1	4	1	0.68816292	28	9851.473	9851.673	9851.673	9851.873	9852.3612
1	45	1	1	599	4	2	10	29	6	1	5	1	0.80393907	29	9853.7054	9853.9054	9853.9054	9854.1054	9854.7093
1	45	1	1	600	4	2	10	30	5	2	5	1	0.58576388	30	9856.0245	9856.6245	9856.6245	9856.8245	9857.2103
1	45	1	1	601	4	6	11	1	4	2	1	0	0.95070701	30	9886.7459	9887.3459	9887.3459	9887.5459	9888.2966
1	45	1	1	602	4	6	11	2	3	1	3	1	1.0146788	31	9889.3777	9889.5777	9889.5777	9889.7777	9890.5924
1	45	1	1	603	4	6	11	3	1	2	1	1	0.82096724	32	9891.6099	9892.2099	9892.2099	9892.4099	9893.0309
1	45	1	1	604	4	6	11	4	3	1	3	1	0.75300045	33	9894.247	9894.447	9894.447	9894.647	9895.2
1	45	1	1	605	4	6	11	5	6	2	8	1	0.87015734	34	9896.4803	9897.0803	9897.0803	9897.2803	9897.9505
1	45	1	1	606	4	6	11	6	1	2	1	1	0.87193912	35	9899.1125	9899.7126	9899.7126	9899.9126	9900.5845
1	45	1	1	607	4	6	11	7	6	2	8	1	0.87250943	36	9901.7454	9902.3454	9902.3454	9902.5454	9903.2179
1	45	1	1	608	4	6	11	8	3	1	3	1	0.84436762	37	9904.3787	9904.5787	9904.5787	9904.7787	9905.4231
1	45	1	1	609	4	6	11	9	1	1	1	1	0.85900545	38	9906.6115	9906.8115	9906.8115	9907.0115	9907.6705
1	45	1	1	610	4	6	11	10	5	1	7	1	0.92091247	39	9908.845	9909.045	9909.045	9909.245	9909.9659
1	45	1	1	611	4	6	11	11	5	1	7	1	0.76903273	40	9911.0757	9911.2757	9911.2757	9911.4757	9912.0447
1	45	1	1	612	4	6	11	12	6	2	8	1	0.85391056	41	9913.3084	9913.9084	9913.9084	9914.1084	9914.7623
1	45	1	1	613	4	6	11	13	2	2	2	1	0.9620854	42	9915.9406	9916.5406	9916.5406	9916.7407	9917.5027
1	45	1	1	614	4	6	11	14	4	1	6	1	1.2436842	43	9918.5746	9918.7746	9918.7746	9918.9746	9920.0183
1	45	1	1	615	4	6	11	15	1	2	1	1	1.7999924	44	9920.8075	9921.4075	9921.4075	9921.6075	9923.2075
1	45	1	1	616	4	6	11	16	4	2	6	1	0.92707407	45	9923.4467	9924.0467	9924.0467	9924.2468	9924.9738
1	45	1	1	617	4	6	11	17	5	2	7	1	0.70417498	46	9926.0794	9926.6794	9926.6794	9926.8794	9927.3836
1	45	1	1	618	4	6	11	18	6	1	8	1	0.81496245	47	9928.7122	9928.9122	9928.9122	9929.1122	9929.7272
1	45	1	1	619	4	6	11	19	4	2	6	1	1.2932759	48	9930.946	9931.546	9931.546	9931.746	9932.8393
1	45	1	1	620	4	6	11	20	2	2	2	1	1.0763727	49	9933.5795	9934.1795	9934.1795	9934.3795	9935.2559
1	45	1	1	621	4	6	11	21	5	1	7	1	0.82475506	50	9936.2134	9936.4134	9936.4134	9936.6134	9937.2381
1	45	1	1	622	4	6	11	22	1	2	1	1	0.94495253	51	9938.4475	9939.0475	9939.0475	9939.2475	9939.9924
1	45	1	1	623	4	6	11	23	2	2	2	1	1.1941901	52	9941.0802	9941.6802	9941.6802	9941.8802	9942.8744
1	45	1	1	624	4	6	11	24	2	1	2	1	0.8149647	53	9943.7139	9943.9139	9943.9139	9944.1139	9944.7289
1	45	1	1	625	4	6	11	25	3	1	3	1	0.96353888	54	9945.9477	9946.1477	9946.1477	9946.3477	9947.1112
1	45	1	1	626	4	6	11	26	4	1	6	1	1.3399134	55	9948.1807	9948.3807	9948.3807	9948.5807	9949.7206
1	45	1	1	627	4	6	11	27	3	1	3	1	1.2427957	56	9950.4147	9950.6147	9950.6147	9950.8147	9951.8575
1	45	1	1	628	4	6	11	28	2	1	2	1	1.4716673	57	9952.648	9952.848	9952.848	9953.048	9954.3197
1	45	1	1	629	4	6	11	29	6	1	8	1	0.98181806	58	9954.881	9955.081	9955.081	9955.281	9956.0628
1	45	1	1	630	4	6	11	30	5	2	7	1	0.99917832	59	9957.1185	9957.7185	9957.7186	9957.9186	9958.7177
1	45	1	1	631	4	2	11	1	1	2	4	1	0.64172828	1	9987.8239	9988.4239	9988.4239	9988.6239	9989.0657
1	45	1	1	632	4	2	11	2	6	1	5	1	0.68399507	2	9990.4581	9990.6581	9990.6581	9990.8581	9991.3421
1	45	1	1	633	4	2	11	3	6	2	5	1	0.63523711	3	9992.6922	9993.2922	9993.2922	9993.4922	9993.9275
1	45	1	1	634	4	2	11	4	1	1	4	1	0.67586199	4	9995.3261	9995.5261	9995.5261	9995.7261	9996.202
1	45	1	1	635	4	2	11	5	2	2	4	1	0.57649556	5	9997.5598	9998.1598	9998.1598	9998.3598	9998.7363
1	45	1	1	636	4	2	11	6	1	2	4	1	0.5425935	6	10000.193	10000.793	10000.793	10000.993	10001.336
1	45	1	1	637	4	2	11	7	2	2	4	1	0.53189357	7	10002.828	10003.428	10003.428	10003.628	10003.96
1	45	1	1	638	4	2	11	8	6	1	5	1	0.63164803	8	10005.462	10005.662	10005.662	10005.862	10006.294
1	45	1	1	639	4	2	11	9	3	1	4	1	0.56996912	9	10007.703	10007.903	10007.903	10008.103	10008.473
1	45	1	1	640	4	2	11	10	2	1	4	1	0.73465953	10	10009.937	10010.137	10010.137	10010.337	10010.872
1	45	1	1	641	4	2	11	11	2	1	4	1	0.5508705	11	10012.2	10012.4	10012.4	10012.6	10012.951
1	45	1	1	642	4	2	11	12	3	2	4	1	0.50261037	12	10014.434	10015.034	10015.034	10015.234	10015.536
1	45	1	1	643	4	2	11	13	4	2	5	1	0.70674627	13	10017.068	10017.668	10017.668	10017.868	10018.375
1	45	1	1	644	4	2	11	14	4	1	5	1	0.71722462	14	10019.707	10019.907	10019.907	10020.107	10020.624
1	45	1	1	645	4	2	11	15	1	2	4	1	0.6049232	15	10021.941	10022.541	10022.541	10022.741	10023.146
1	45	1	1	646	4	2	11	16	5	2	5	1	0.60873228	16	10024.575	10025.175	10025.175	10025.375	10025.784
1	45	1	1	647	4	2	11	17	3	2	4	1	0.71499122	17	10027.219	10027.819	10027.819	10028.019	10028.534
1	45	1	1	648	4	2	11	18	5	1	5	1	0.60134993	18	10029.852	10030.053	10030.053	10030.253	10030.654
1	45	1	1	649	4	2	11	19	3	2	4	1	0.52116431	19	10032.087	10032.687	10032.687	10032.887	10033.208
1	45	1	1	650	4	2	11	20	4	2	5	1	0.59662849	20	10034.721	10035.321	10035.321	10035.521	10035.918
1	45	1	1	651	4	2	11	21	6	1	5	1	0.67875651	21	10037.356	10037.556	10037.556	10037.756	10038.234
1	45	1	1	652	4	2	11	22	2	2	4	1	0.64899661	22	10039.59	10040.19	10040.19	10040.39	10040.839
1	45	1	1	653	4	2	11	23	4	2	5	1	0.69940834	23	10042.238	10042.838	10042.838	10043.038	10043.537
1	45	1	1	654	4	2	11	24	5	1	5	1	0.77384042	24	10044.872	10045.072	10045.072	10045.272	10045.846
1	45	1	1	655	4	2	11	25	5	1	5	1	0.77411384	25	10047.107	10047.307	10047.307	10047.507	10048.081
1	45	1	1	656	4	2	11	26	3	1	4	1	1.1485191	26	10049.342	10049.542	10049.542	10049.742	10050.69
1	45	1	1	657	4	2	11	27	6	1	5	1	0.75077037	27	10051.577	10051.777	10051.777	10051.977	10052.528
1	45	1	1	658	4	2	11	28	1	1	4	1	0.88978188	28	10053.812	10054.012	10054.012	10054.212	10054.902
1	45	1	1	659	4	2	11	29	4	1	5	1	0.5648064	29	10056.05	10056.25	10056.25	10056.45	10056.815
1	45	1	1	660	4	2	11	30	5	2	5	1	0.64993454	30	10058.284	10058.884	10058.884	10059.084	10059.534
1	45	1	1	661	4	6	12	1	1	2	1	1	1.202018	31	10089.015	10089.615	10089.615	10089.815	10090.817
1	45	1	1	662	4	6	12	2	6	1	8	1	0.98075423	32	10091.65	10091.85	10091.85	10092.05	10092.831
1	45	1	1	663	4	6	12	3	6	2	8	1	0.69448192	33	10093.888	10094.488	10094.488	10094.688	10095.183
1	45	1	1	664	4	6	12	4	1	1	1	1	0.73871189	34	10096.523	10096.723	10096.723	10096.923	10097.462
1	45	1	1	665	4	6	12	5	2	2	2	1	0.78364901	35	10098.759	10099.359	10099.359	10099.559	10100.143
1	45	1	1	666	4	6	12	6	1	2	1	1	0.82384061	36	10101.394	10101.994	10101.994	10102.194	10102.818
1	45	1	1	667	4	6	12	7	2	2	2	1	0.54612544	37	10104.03	10104.63	10104.63	10104.83	10105.176
1	45	1	1	668	4	6	12	8	6	1	8	1	0.816713	38	10106.665	10106.865	10106.865	10107.065	10107.682
1	45	1	1	669	4	6	12	9	3	1	3	1	1.0283595	39	10108.901	10109.101	10109.101	10109.301	10110.129
1	45	1	1	670	4	6	12	10	2	1	2	1	0.99889394	40	10111.136	10111.336	10111.336	10111.536	10112.335
1	45	1	1	671	4	6	12	11	2	1	2	1	0.87797353	41	10113.371	10113.571	10113.571	10113.771	10114.449
1	45	1	1	672	4	6	12	12	3	2	3	1	1.1145076	42	10115.606	10116.206	10116.206	10116.406	10117.32
1	45	1	1	673	4	6	12	13	4	2	1	0	0.74331063	42	10118.24	10118.84	10118.84	10119.04	10119.583
1	45	1	1	674	4	6	12	14	4	1	6	1	0.84431589	43	10120.875	10121.075	10121.075	10121.275	10121.92
1	45	1	1	675	4	6	12	15	1	2	1	1	0.88916992	44	10123.113	10123.713	10123.713	10123.913	10124.602
1	45	1	1	676	4	6	12	16	5	2	7	1	0.75435942	45	10125.748	10126.348	10126.348	10126.548	10127.103
1	45	1	1	677	4	6	12	17	3	2	3	1	0.89855422	46	10128.388	10128.988	10128.988	10129.188	10129.887
1	45	1	1	678	4	6	12	18	5	1	7	1	1.3758188	47	10131.024	10131.224	10131.224	10131.424	10132.6
1	45	1	1	679	4	6	12	19	3	2	3	1	0.94101205	48	10133.26	10133.86	10133.86	10134.06	10134.801
1	45	1	1	680	4	6	12	20	4	2	6	1	0.99113405	49	10135.896	10136.496	10136.496	10136.696	10137.487
1	45	1	1	681	4	6	12	21	6	1	8	1	0.93088053	50	10138.532	10138.732	10138.732	10138.932	10139.663
1	45	1	1	682	4	6	12	22	2	2	2	1	1.2634079	51	10140.767	10141.367	10141.367	10141.567	10142.63
1	45	1	1	683	4	6	12	23	4	2	6	1	1.268466	52	10143.402	10144.002	10144.002	10144.202	10145.271
1	45	1	1	684	4	6	12	24	5	1	7	1	0.71345574	53	10146.039	10146.239	10146.239	10146.439	10146.952
1	45	1	1	685	4	6	12	25	5	1	7	1	0.64316782	54	10148.275	10148.475	10148.475	10148.675	10149.118
1	45	1	1	686	4	6	12	26	3	1	3	1	0.9233537	55	10150.51	10150.71	10150.71	10150.91	10151.634
1	45	1	1	687	4	6	12	27	6	1	8	1	0.75466845	56	10152.748	10152.948	10152.948	10153.148	10153.703
1	45	1	1	688	4	6	12	28	1	1	1	1	0.8098074	57	10154.988	10155.188	10155.188	10155.388	10155.998
1	45	1	1	689	4	6	12	29	4	1	6	1	0.74690928	58	10157.228	10157.428	10157.428	10157.628	10158.175
1	45	1	1	690	4	6	12	30	5	2	7	1	0.54371019	59	10159.464	10160.064	10160.064	10160.264	10160.607
1	45	1	1	691	4	2	12	1	3	2	4	1	0.75272649	1	10190.166	10190.766	10190.766	10190.966	10191.519
1	45	1	1	692	4	2	12	2	2	1	4	1	0.50197879	2	10192.802	10193.002	10193.002	10193.202	10193.504
1	45	1	1	693	4	2	12	3	4	2	5	1	0.70326288	3	10195.039	10195.639	10195.639	10195.839	10196.342
1	45	1	1	694	4	2	12	4	6	1	5	1	0.56286357	4	10197.675	10197.875	10197.875	10198.075	10198.438
1	45	1	1	695	4	2	12	5	6	2	5	1	1.5848493	5	10199.912	10200.512	10200.512	10200.712	10202.096
1	45	1	1	696	4	2	12	6	3	2	4	1	0.62698003	6	10202.548	10203.148	10203.148	10203.348	10203.775
1	45	1	1	697	4	2	12	7	4	2	5	1	0.50359629	7	10205.184	10205.784	10205.784	10205.984	10206.287
1	45	1	1	698	4	2	12	8	3	1	4	1	0.50620519	8	10207.821	10208.021	10208.021	10208.221	10208.527
1	45	1	1	699	4	2	12	9	3	1	4	1	0.53453525	9	10210.058	10210.258	10210.258	10210.458	10210.792
1	45	1	1	700	4	2	12	10	1	1	4	1	0.46485388	10	10212.295	10212.495	10212.495	10212.695	10212.959
1	45	1	1	701	4	2	12	11	5	1	5	1	0.60656288	11	10214.532	10214.732	10214.732	10214.932	10215.338
1	45	1	1	702	4	2	12	12	5	2	5	1	0.51195841	12	10216.768	10217.368	10217.368	10217.568	10217.88
1	45	1	1	703	4	2	12	13	1	2	4	1	0.84335475	13	10219.421	10220.021	10220.021	10220.221	10220.864
1	45	1	1	704	4	2	12	14	1	1	4	1	0.68874096	14	10222.055	10222.255	10222.255	10222.455	10222.943
1	45	1	1	705	4	2	12	15	6	2	5	1	0.65963161	15	10224.292	10224.892	10224.892	10225.092	10225.551
1	45	1	1	706	4	2	12	16	2	2	4	1	0.66084555	16	10226.932	10227.532	10227.532	10227.732	10228.193
1	45	1	1	707	4	2	12	17	6	2	5	1	0.67229225	17	10229.569	10230.169	10230.169	10230.369	10230.841
1	45	1	1	708	4	2	12	18	4	1	5	1	0.57939769	18	10232.207	10232.407	10232.407	10232.607	10232.986
1	45	1	1	709	4	2	12	19	2	2	4	1	0.56472664	19	10234.443	10235.043	10235.043	10235.243	10235.608
1	45	1	1	710	4	2	12	20	2	2	4	1	0.71146699	20	10237.08	10237.68	10237.68	10237.88	10238.392
1	45	1	1	711	4	2	12	21	2	1	4	1	0.56442062	21	10239.717	10239.917	10239.917	10240.117	10240.481
1	45	1	1	712	4	2	12	22	5	2	5	1	0.71572475	22	10241.955	10242.555	10242.555	10242.755	10243.27
1	45	1	1	713	4	2	12	23	6	2	5	1	0.55231292	23	10244.591	10245.191	10245.191	10245.391	10245.743
1	45	1	1	714	4	2	12	24	4	1	3	1	1.2816621	24	10247.229	10247.429	10247.429	10247.629	10248.71
1	45	1	1	715	4	2	12	25	3	1	4	1	0.67168689	25	10249.466	10249.666	10249.666	10249.866	10250.337
1	45	1	1	716	4	2	12	26	1	1	4	1	0.59537596	26	10251.703	10251.903	10251.903	10252.103	10252.498
1	45	1	1	717	4	2	12	27	1	1	4	1	0.26659899	27	10253.94	10254.14	10254.14	10254.34	10254.407
1	45	1	1	718	4	2	12	28	4	1	5	1	0.84408459	28	10256.178	10256.378	10256.378	10256.578	10257.222
1	45	1	1	719	4	2	12	29	5	1	5	1	0.76033503	29	10258.47	10258.67	10258.67	10258.87	10259.43
1	45	1	1	720	4	2	12	30	5	2	5	1	0.46103902	30	10260.707	10261.307	10261.307	10261.507	10261.769
