43	42	94	35	64	37	124	126	0	0	0	0	0	0	0	0	0	0	0	0
2	3	2	1	1	1	6	1	1	5	2	6	1	0.94728721	1	11570.949	11571.549	11571.55	11571.75	11572.497
2	3	2	1	2	1	6	1	2	6	1	7	1	0.78624644	2	11573.566	11573.766	11573.767	11573.967	11574.553
2	3	2	1	3	1	6	1	3	5	1	6	1	1.2013045	3	11575.776	11575.976	11575.976	11576.176	11577.178
2	3	2	1	4	1	6	1	4	4	1	5	1	0.93244731	4	11577.982	11578.182	11578.182	11578.382	11579.115
2	3	2	1	5	1	6	1	5	4	2	5	1	1.0164979	5	11580.19	11580.79	11580.79	11580.99	11581.807
2	3	2	1	6	1	6	1	6	5	1	6	1	1.1472017	6	11582.796	11582.996	11582.996	11583.196	11584.143
2	3	2	1	7	1	6	1	7	6	2	7	1	0.75890805	7	11585.002	11585.602	11585.602	11585.802	11586.361
2	3	2	1	8	1	6	1	8	2	1	3	1	1.2428472	8	11587.609	11587.809	11587.809	11588.009	11589.052
2	3	2	1	9	1	6	1	9	1	1	2	1	0.65857787	9	11589.816	11590.016	11590.016	11590.216	11590.675
2	3	2	1	10	1	6	1	10	3	2	4	1	0.6423802	10	11592.023	11592.623	11592.623	11592.823	11593.266
2	3	2	1	11	1	6	1	11	1	1	2	1	0.73025011	11	11594.63	11594.83	11594.83	11595.03	11595.56
2	3	2	1	12	1	6	1	12	6	1	7	1	1.4547462	12	11596.837	11597.037	11597.037	11597.237	11598.492
2	3	2	1	13	1	6	1	13	1	1	2	1	0.9479906	13	11599.044	11599.244	11599.244	11599.444	11600.192
2	3	2	1	14	1	6	1	14	6	2	7	1	1.41698	14	11601.251	11601.851	11601.851	11602.051	11603.268
2	3	2	1	15	1	6	1	15	3	2	4	1	1.5119024	15	11603.858	11604.458	11604.458	11604.658	11605.97
2	3	2	1	16	1	6	1	16	2	2	2	0	0.9417336	15	11606.465	11607.065	11607.065	11607.265	11608.007
2	3	2	1	17	1	6	1	17	1	2	2	1	0.71357912	16	11609.381	11609.981	11609.981	11610.181	11610.695
2	3	2	1	18	1	6	1	18	2	2	3	1	0.84594471	17	11611.988	11612.588	11612.588	11612.788	11613.434
2	3	2	1	19	1	6	1	19	5	2	6	1	1.9925822	18	11614.594	11615.194	11615.194	11615.394	11617.187
2	3	2	1	20	1	6	1	20	4	2	5	1	0.68891569	19	11617.2	11617.8	11617.8	11618	11618.489
2	3	2	1	21	1	6	1	21	3	2	4	1	0.88206248	20	11619.807	11620.407	11620.407	11620.607	11621.289
2	3	2	1	22	1	6	1	22	3	1	4	1	0.62737007	21	11622.415	11622.615	11622.615	11622.815	11623.242
2	3	2	1	23	1	6	1	23	2	1	3	1	1.2133704	22	11624.622	11624.822	11624.822	11625.022	11626.036
2	3	2	1	24	1	6	1	24	2	1	3	1	0.81069234	23	11626.83	11627.03	11627.03	11627.23	11627.841
2	3	2	1	25	1	6	1	25	6	1	7	1	1.3092579	24	11629.038	11629.238	11629.238	11629.438	11630.547
2	3	2	1	26	1	6	1	26	4	1	5	1	1.3516836	25	11631.244	11631.444	11631.444	11631.644	11632.796
2	3	2	1	27	1	6	1	27	3	2	4	1	0.78790675	26	11633.452	11634.052	11634.052	11634.252	11634.84
2	3	2	1	28	1	6	1	28	1	2	2	1	0.95036395	27	11636.06	11636.66	11636.66	11636.86	11637.611
2	3	2	1	29	1	6	1	29	4	1	5	1	1.2463772	28	11638.668	11638.868	11638.868	11639.068	11640.114
2	3	2	1	30	1	6	1	30	5	2	6	1	0.72958695	29	11640.874	11641.474	11641.474	11641.674	11642.204
2	3	2	1	31	1	2	1	1	1	2	1	1	0.63920456	1	11667.459	11668.059	11668.059	11668.259	11668.698
2	3	2	1	32	1	2	1	2	3	1	1	1	0.64426476	2	11670.072	11670.272	11670.272	11670.472	11670.916
2	3	2	1	33	1	2	1	3	6	1	8	1	0.5762912	3	11672.281	11672.481	11672.481	11672.681	11673.057
2	3	2	1	34	1	2	1	4	6	1	8	1	0.57444432	4	11674.491	11674.691	11674.691	11674.891	11675.265
2	3	2	1	35	1	2	1	5	3	2	1	1	0.5580623	5	11676.699	11677.299	11677.299	11677.499	11677.857
2	3	2	1	36	1	2	1	6	2	1	1	1	0.57336512	6	11679.308	11679.508	11679.508	11679.708	11680.081
2	3	2	1	37	1	2	1	7	1	2	1	1	0.54358277	7	11681.516	11682.116	11682.116	11682.316	11682.66
2	3	2	1	38	1	2	1	8	4	1	8	1	0.61558814	8	11684.124	11684.324	11684.324	11684.524	11684.94
2	3	2	1	39	1	2	1	9	1	1	1	1	0.60678738	9	11686.331	11686.531	11686.531	11686.731	11687.138
2	3	2	1	40	1	2	1	10	6	2	8	1	0.51598032	10	11688.54	11689.14	11689.14	11689.34	11689.656
2	3	2	1	41	1	2	1	11	1	1	1	1	0.55876691	11	11691.148	11691.348	11691.348	11691.548	11691.907
2	3	2	1	42	1	2	1	12	5	1	8	1	0.68286409	12	11693.357	11693.557	11693.557	11693.757	11694.24
2	3	2	1	43	1	2	1	13	3	1	1	1	0.48647528	13	11695.565	11695.765	11695.765	11695.965	11696.252
2	3	2	1	44	1	2	1	14	6	2	8	1	0.41328082	14	11697.774	11698.374	11698.374	11698.574	11698.787
2	3	2	1	45	1	2	1	15	4	2	8	1	0.56114771	15	11700.383	11700.983	11700.983	11701.183	11701.544
2	3	2	1	46	1	2	1	16	4	2	8	1	0.57930063	16	11702.991	11703.591	11703.591	11703.791	11704.17
2	3	2	1	47	1	2	1	17	3	2	1	1	0.60338085	17	11705.599	11706.199	11706.199	11706.399	11706.803
2	3	2	1	48	1	2	1	18	5	2	8	1	0.42718502	18	11708.208	11708.808	11708.808	11709.008	11709.235
2	3	2	1	49	1	2	1	19	5	2	8	1	0.5936688	19	11710.817	11711.417	11711.417	11711.617	11712.011
2	3	2	1	50	1	2	1	20	4	2	8	1	0.47994962	20	11713.426	11714.026	11714.026	11714.226	11714.506
2	3	2	1	51	1	2	1	21	2	2	1	1	0.59716815	21	11716.035	11716.635	11716.635	11716.835	11717.232
2	3	2	1	52	1	2	1	22	6	1	8	1	0.57199855	22	11718.644	11718.844	11718.844	11719.044	11719.416
2	3	2	1	53	1	2	1	23	3	1	1	1	0.64132463	23	11720.914	11721.114	11721.114	11721.314	11721.756
2	3	2	1	54	1	2	1	24	5	1	8	1	0.49756981	24	11723.123	11723.323	11723.323	11723.523	11723.821
2	3	2	1	55	1	2	1	25	1	1	1	1	0.57118261	25	11725.333	11725.533	11725.533	11725.733	11726.104
2	3	2	1	56	1	2	1	26	2	1	8	0	0.41723448	25	11727.543	11727.743	11727.743	11727.943	11728.16
2	3	2	1	57	1	2	1	27	5	2	8	1	0.57804601	26	11730.053	11730.653	11730.653	11730.853	11731.232
2	3	2	1	58	1	2	1	28	4	2	1	0	0.42870212	26	11732.663	11733.263	11733.263	11733.463	11733.691
2	3	2	1	59	1	2	1	29	2	1	1	1	0.65861881	27	11735.575	11735.775	11735.775	11735.975	11736.434
2	3	2	1	60	1	2	1	30	2	2	1	1	0.59182016	28	11737.784	11738.385	11738.385	11738.585	11738.976
2	3	2	1	61	1	6	2	1	1	2	2	1	0.63730585	29	11758.395	11758.995	11758.995	11759.195	11759.633
2	3	2	1	62	1	6	2	2	3	1	4	1	0.81189655	30	11761.005	11761.205	11761.205	11761.405	11762.017
2	3	2	1	63	1	6	2	3	6	1	7	1	0.6608562	31	11763.215	11763.415	11763.415	11763.615	11764.076
2	3	2	1	64	1	6	2	4	6	1	7	1	0.56400982	32	11765.422	11765.622	11765.622	11765.822	11766.186
2	3	2	1	65	1	6	2	5	3	2	4	1	0.60913664	33	11767.632	11768.232	11768.232	11768.432	11768.842
2	3	2	1	66	1	6	2	6	2	1	3	1	0.7137062	34	11770.242	11770.442	11770.442	11770.642	11771.156
2	3	2	1	67	1	6	2	7	1	2	2	1	0.57577015	35	11772.452	11773.052	11773.052	11773.252	11773.628
2	3	2	1	68	1	6	2	8	4	1	5	1	0.94988942	36	11775.06	11775.26	11775.26	11775.46	11776.21
2	3	2	1	69	1	6	2	9	1	1	2	1	0.76151124	37	11777.27	11777.47	11777.47	11777.67	11778.232
2	3	2	1	70	1	6	2	10	6	2	7	1	0.66548838	38	11779.48	11780.08	11780.08	11780.28	11780.746
2	3	2	1	71	1	6	2	11	1	1	2	1	0.68892601	39	11782.089	11782.289	11782.289	11782.489	11782.978
2	3	2	1	72	1	6	2	12	5	1	6	1	0.68153324	40	11784.299	11784.499	11784.499	11784.699	11785.181
2	3	2	1	73	1	6	2	13	3	1	4	1	0.82781462	41	11786.51	11786.71	11786.71	11786.91	11787.537
2	3	2	1	74	1	6	2	14	6	2	7	1	0.57681379	42	11788.719	11789.319	11789.319	11789.519	11789.895
2	3	2	1	75	1	6	2	15	4	2	5	1	1.2347997	43	11791.329	11791.929	11791.929	11792.129	11793.163
2	3	2	1	76	1	6	2	16	4	2	5	1	0.68551331	44	11793.939	11794.539	11794.539	11794.739	11795.225
2	3	2	1	77	1	6	2	17	3	2	4	1	0.70633297	45	11796.55	11797.15	11797.15	11797.35	11797.856
2	3	2	1	78	1	6	2	18	5	2	7	0	0.94529195	45	11799.161	11799.761	11799.761	11799.961	11800.706
2	3	2	1	79	1	6	2	19	5	2	6	1	0.86112945	46	11802.083	11802.683	11802.683	11802.883	11803.544
2	3	2	1	80	1	6	2	20	4	2	5	1	0.74984574	47	11804.694	11805.294	11805.294	11805.494	11806.044
2	3	2	1	81	1	6	2	21	2	2	3	1	1.2897188	48	11807.305	11807.905	11807.905	11808.105	11809.195
2	3	2	1	82	1	6	2	22	6	1	7	1	0.69294467	49	11809.916	11810.116	11810.116	11810.316	11810.809
2	3	2	1	83	1	6	2	23	3	1	4	1	0.67397685	50	11812.126	11812.326	11812.326	11812.526	11813
2	3	2	1	84	1	6	2	24	5	1	7	0	1.0661047	50	11814.335	11814.535	11814.535	11814.735	11815.601
2	3	2	1	85	1	6	2	25	1	1	2	1	1.5389292	51	11816.856	11817.056	11817.056	11817.256	11818.595
2	3	2	1	86	1	6	2	26	2	1	3	1	0.82709519	52	11819.067	11819.267	11819.267	11819.467	11820.094
2	3	2	1	87	1	6	2	27	5	2	6	1	0.58755966	53	11821.277	11821.877	11821.877	11822.077	11822.465
2	3	2	1	88	1	6	2	28	4	2	5	1	0.68086892	54	11823.888	11824.488	11824.488	11824.688	11825.169
2	3	2	1	89	1	6	2	29	2	1	2	0	0.90219976	54	11826.497	11826.697	11826.697	11826.897	11827.6
2	3	2	1	90	1	6	2	30	2	2	3	1	0.65564545	55	11829.032	11829.632	11829.632	11829.832	11830.288
2	3	2	1	91	1	2	2	1	2	2	1	1	0.64297275	1	11840.384	11840.984	11840.984	11841.184	11841.627
2	3	2	1	92	1	2	2	2	2	1	1	1	0.65231016	2	11842.996	11843.196	11843.196	11843.396	11843.848
2	3	2	1	93	1	2	2	3	4	1	8	1	0.55331124	3	11845.207	11845.407	11845.407	11845.607	11845.96
2	3	2	1	94	1	2	2	4	3	1	8	0	0.35019401	3	11847.418	11847.618	11847.618	11847.818	11847.968
2	3	2	1	95	1	2	2	5	6	2	8	1	0.57504044	4	11849.938	11850.538	11850.538	11850.738	11851.113
2	3	2	1	96	1	2	2	6	6	1	8	1	0.53918595	5	11852.549	11852.749	11852.749	11852.949	11853.288
2	3	2	1	97	1	2	2	7	1	2	1	1	0.46434813	6	11854.76	11855.36	11855.36	11855.56	11855.825
2	3	2	1	98	1	2	2	8	3	1	1	1	0.54534409	7	11857.37	11857.57	11857.57	11857.77	11858.115
2	3	2	1	99	1	2	2	9	3	1	1	1	0.48547596	8	11859.579	11859.779	11859.779	11859.979	11860.265
2	3	2	1	100	1	2	2	10	1	2	1	1	0.52103968	9	11861.791	11862.391	11862.391	11862.591	11862.912
2	3	2	1	101	1	2	2	11	2	1	1	1	0.51002284	10	11864.403	11864.603	11864.603	11864.803	11865.113
2	3	2	1	102	1	2	2	12	6	1	8	1	0.53080784	11	11866.615	11866.815	11866.815	11867.015	11867.345
2	3	2	1	103	1	2	2	13	3	1	1	1	0.62887974	12	11868.827	11869.027	11869.027	11869.227	11869.656
2	3	2	1	104	1	2	2	14	4	2	8	1	0.54566825	13	11871.079	11871.679	11871.679	11871.879	11872.225
2	3	2	1	105	1	2	2	15	4	2	8	1	0.5168823	14	11873.691	11874.291	11874.291	11874.491	11874.808
2	3	2	1	106	1	2	2	16	2	2	1	1	0.50722461	15	11876.303	11876.903	11876.903	11877.103	11877.41
2	3	2	1	107	1	2	2	17	5	2	8	1	0.6376427	16	11878.915	11879.515	11879.515	11879.715	11880.153
2	3	2	1	108	1	2	2	18	1	2	1	1	0.60198381	17	11881.527	11882.127	11882.127	11882.327	11882.729
2	3	2	1	109	1	2	2	19	5	2	8	1	0.60004356	18	11884.139	11884.739	11884.739	11884.939	11885.339
2	3	2	1	110	1	2	2	20	1	2	1	1	0.57126031	19	11886.748	11887.348	11887.348	11887.548	11887.92
2	3	2	1	111	1	2	2	21	2	2	1	1	0.79200436	20	11889.361	11889.961	11889.961	11890.161	11890.753
2	3	2	1	112	1	2	2	22	5	1	8	1	0.59774318	21	11891.973	11892.173	11892.173	11892.373	11892.77
2	3	2	1	113	1	2	2	23	3	1	1	1	0.61944784	22	11894.184	11894.384	11894.384	11894.584	11895.004
2	3	2	1	114	1	2	2	24	6	1	8	1	0.50187808	23	11896.397	11896.597	11896.597	11896.797	11897.099
2	3	2	1	115	1	2	2	25	4	1	8	1	0.424582	24	11898.609	11898.809	11898.809	11899.009	11899.234
2	3	2	1	116	1	2	2	26	5	1	8	1	0.45091025	25	11900.822	11901.022	11901.022	11901.222	11901.472
2	3	2	1	117	1	2	2	27	5	2	8	1	0.53432695	26	11903.034	11903.634	11903.634	11903.834	11904.168
2	3	2	1	118	1	2	2	28	4	2	8	1	0.47105264	27	11905.646	11906.246	11906.246	11906.446	11906.717
2	3	2	1	119	1	2	2	29	6	1	8	1	0.463709	28	11908.257	11908.457	11908.457	11908.657	11908.921
2	3	2	1	120	1	2	2	30	1	2	1	1	0.54041606	29	11910.468	11911.068	11911.068	11911.268	11911.608
2	3	2	1	121	1	6	3	1	2	2	3	1	0.76783122	30	11925.028	11925.628	11925.628	11925.828	11926.396
2	3	2	1	122	1	6	3	2	2	1	3	1	0.68233529	31	11927.641	11927.841	11927.841	11928.041	11928.523
2	3	2	1	123	1	6	3	3	4	1	5	1	1.187162	32	11929.854	11930.054	11930.054	11930.254	11931.241
2	3	2	1	124	1	6	3	4	3	1	4	1	0.68718184	33	11932.064	11932.264	11932.264	11932.464	11932.952
2	3	2	1	125	1	6	3	5	6	2	7	1	0.58719739	34	11934.277	11934.877	11934.877	11935.077	11935.464
2	3	2	1	126	1	6	3	6	6	1	7	1	0.5342234	35	11936.89	11937.09	11937.09	11937.29	11937.624
2	3	2	1	127	1	6	3	7	1	2	5	0	1.0709812	35	11939.103	11939.703	11939.703	11939.903	11940.774
2	3	2	1	128	1	6	3	8	3	1	4	1	0.75183095	36	11942.018	11942.218	11942.218	11942.418	11942.97
2	3	2	1	129	1	6	3	9	3	1	2	0	0.66675348	36	11944.231	11944.431	11944.431	11944.631	11945.097
2	3	2	1	130	1	6	3	10	1	2	2	1	0.98922811	37	11946.75	11947.35	11947.35	11947.55	11948.339
2	3	2	1	131	1	6	3	11	2	1	3	1	0.86634219	38	11949.361	11949.561	11949.561	11949.761	11950.427
2	3	2	1	132	1	6	3	12	6	1	7	1	0.70661694	39	11951.574	11951.774	11951.774	11951.974	11952.481
2	3	2	1	133	1	6	3	13	3	1	4	1	0.68628038	40	11953.785	11953.985	11953.985	11954.185	11954.671
2	3	2	1	134	1	6	3	14	4	2	5	1	1.1915655	41	11955.995	11956.595	11956.595	11956.795	11957.787
2	3	2	1	135	1	6	3	15	4	2	5	1	0.75114867	42	11958.608	11959.208	11959.208	11959.408	11959.959
2	3	2	1	136	1	6	3	16	2	2	3	1	1.1340378	43	11961.219	11961.819	11961.819	11962.019	11962.953
2	3	2	1	137	1	6	3	17	5	2	6	1	0.78710674	44	11963.833	11964.433	11964.433	11964.633	11965.22
2	3	2	1	138	1	6	3	18	1	2	2	1	0.77708804	45	11966.447	11967.047	11967.047	11967.247	11967.824
2	3	2	1	139	1	6	3	19	5	2	0	0	-11969.658	45	11969.058	11969.658	11969.658	11969.858	0
2	3	2	1	140	1	6	3	20	1	2	2	1	0.82409288	46	11971.972	11972.572	11972.572	11972.772	11973.396
2	3	2	1	141	1	6	3	21	2	2	3	1	0.78510813	47	11974.587	11975.187	11975.187	11975.387	11975.972
2	3	2	1	142	1	6	3	22	5	1	6	1	0.51956278	48	11977.2	11977.4	11977.4	11977.6	11977.92
2	3	2	1	143	1	6	3	23	3	1	4	1	0.66537131	49	11979.413	11979.613	11979.613	11979.814	11980.279
2	3	2	1	144	1	6	3	24	6	1	7	1	0.62951553	50	11981.627	11981.827	11981.827	11982.027	11982.457
2	3	2	1	145	1	6	3	25	4	1	5	1	1.05633	51	11983.84	11984.04	11984.04	11984.24	11985.097
2	3	2	1	146	1	6	3	26	5	1	6	1	0.60498078	52	11986.052	11986.252	11986.252	11986.452	11986.857
2	3	2	1	147	1	6	3	27	5	2	6	1	0.56669481	53	11988.265	11988.865	11988.865	11989.065	11989.432
2	3	2	1	148	1	6	3	28	4	2	5	1	0.63263184	54	11990.879	11991.479	11991.479	11991.679	11992.111
2	3	2	1	149	1	6	3	29	6	1	7	1	0.68398404	55	11993.493	11993.693	11993.693	11993.893	11994.377
2	3	2	1	150	1	6	3	30	1	2	2	1	0.68729038	56	11995.707	11996.307	11996.307	11996.507	11996.994
2	3	2	1	151	1	2	3	1	5	2	8	1	0.53280926	1	12008.079	12008.679	12008.679	12008.879	12009.212
2	3	2	1	152	1	2	3	2	5	1	8	1	0.4426693	2	12010.693	12010.893	12010.893	12011.093	12011.336
2	3	2	1	153	1	2	3	3	3	1	1	1	0.48783883	3	12012.907	12013.107	12013.107	12013.307	12013.595
2	3	2	1	154	1	2	3	4	4	1	8	1	0.59467384	4	12015.121	12015.321	12015.321	12015.521	12015.916
2	3	2	1	155	1	2	3	5	3	2	1	1	0.49878435	5	12017.335	12017.935	12017.935	12018.135	12018.434
2	3	2	1	156	1	2	3	6	6	1	8	1	0.51806578	6	12019.95	12020.15	12020.15	12020.35	12020.668
2	3	2	1	157	1	2	3	7	6	2	8	1	0.49170228	7	12022.164	12022.764	12022.764	12022.964	12023.256
2	3	2	1	158	1	2	3	8	4	1	8	1	0.43717143	8	12024.779	12024.979	12024.979	12025.179	12025.416
2	3	2	1	159	1	2	3	9	5	1	8	1	0.51912781	9	12026.993	12027.193	12027.193	12027.393	12027.712
2	3	2	1	160	1	2	3	10	2	2	1	1	0.55623722	10	12029.208	12029.808	12029.808	12030.008	12030.364
2	3	2	1	161	1	2	3	11	5	1	8	1	0.45700561	11	12031.823	12032.023	12032.023	12032.223	12032.48
2	3	2	1	162	1	2	3	12	3	1	1	1	0.61728691	12	12034.038	12034.238	12034.238	12034.438	12034.855
2	3	2	1	163	1	2	3	13	6	1	8	1	0.4291694	13	12036.261	12036.461	12036.461	12036.661	12036.89
2	3	2	1	164	1	2	3	14	1	2	1	1	0.51678625	14	12038.476	12039.076	12039.076	12039.276	12039.593
2	3	2	1	165	1	2	3	15	1	2	8	0	0.43024125	14	12041.09	12041.69	12041.69	12041.89	12042.121
2	3	2	1	166	1	2	3	16	5	2	8	1	0.53274182	15	12044.013	12044.613	12044.613	12044.813	12045.146
2	3	2	1	167	1	2	3	17	1	2	1	1	0.59872146	16	12046.625	12047.225	12047.225	12047.425	12047.824
2	3	2	1	168	1	2	3	18	6	2	8	1	0.50463124	17	12049.241	12049.841	12049.841	12050.041	12050.345
2	3	2	1	169	1	2	3	19	2	2	1	1	0.56951041	18	12051.856	12052.456	12052.456	12052.656	12053.025
2	3	2	1	170	1	2	3	20	1	2	1	1	0.57322271	19	12054.47	12055.07	12055.07	12055.27	12055.644
2	3	2	1	171	1	2	3	21	6	2	8	1	0.45975993	20	12057.085	12057.685	12057.685	12057.885	12058.145
2	3	2	1	172	1	2	3	22	3	1	1	1	0.52749149	21	12059.7	12059.9	12059.9	12060.1	12060.428
2	3	2	1	173	1	2	3	23	4	1	8	1	0.5031472	22	12061.915	12062.115	12062.115	12062.315	12062.618
2	3	2	1	174	1	2	3	24	1	1	1	1	0.56550653	23	12064.131	12064.331	12064.331	12064.531	12064.897
2	3	2	1	175	1	2	3	25	2	1	1	1	0.57370374	24	12066.346	12066.546	12066.546	12066.746	12067.12
2	3	2	1	176	1	2	3	26	3	1	1	1	0.62497966	25	12068.562	12068.762	12068.762	12068.962	12069.387
2	3	2	1	177	1	2	3	27	2	2	1	1	0.52202656	26	12070.776	12071.376	12071.376	12071.576	12071.899
2	3	2	1	178	1	2	3	28	4	2	8	1	0.59232924	27	12073.391	12073.991	12073.991	12074.191	12074.584
2	3	2	1	179	1	2	3	29	2	1	1	1	0.60784733	28	12076.004	12076.204	12076.204	12076.404	12076.811
2	3	2	1	180	1	2	3	30	4	2	8	1	0.4747502	29	12078.217	12078.817	12078.817	12079.017	12079.291
2	3	2	1	181	2	6	4	1	5	2	6	1	0.88935393	30	12515.834	12516.434	12516.434	12516.634	12517.323
2	3	2	1	182	2	6	4	2	5	1	6	1	0.58340863	31	12518.45	12518.65	12518.65	12518.85	12519.233
2	3	2	1	183	2	6	4	3	3	1	4	1	0.74491986	32	12520.663	12520.863	12520.863	12521.063	12521.607
2	3	2	1	184	2	6	4	4	4	1	5	1	1.2569023	33	12522.889	12523.089	12523.089	12523.289	12524.346
2	3	2	1	185	2	6	4	5	3	2	4	1	1.1368979	34	12525.105	12525.705	12525.705	12525.905	12526.842
2	3	2	1	186	2	6	4	6	6	1	7	1	0.807506	35	12527.72	12527.92	12527.92	12528.12	12528.728
2	3	2	1	187	2	6	4	7	6	2	7	1	0.62510885	36	12529.936	12530.536	12530.536	12530.736	12531.161
2	3	2	1	188	2	6	4	8	4	1	5	1	0.75537705	37	12532.549	12532.749	12532.749	12532.949	12533.505
2	3	2	1	189	2	6	4	9	5	1	6	1	0.69422905	38	12534.762	12534.962	12534.962	12535.162	12535.656
2	3	2	1	190	2	6	4	10	2	2	3	1	1.2892862	39	12536.978	12537.578	12537.578	12537.778	12538.868
2	3	2	1	191	2	6	4	11	5	1	6	1	0.62909311	40	12539.594	12539.795	12539.795	12539.995	12540.424
2	3	2	1	192	2	6	4	12	3	1	4	1	0.9740146	41	12541.811	12542.011	12542.011	12542.211	12542.985
2	3	2	1	193	2	6	4	13	6	1	7	1	0.89441368	42	12544.028	12544.228	12544.228	12544.428	12545.122
2	3	2	1	194	2	6	4	14	1	2	2	1	0.73242272	43	12546.244	12546.844	12546.844	12547.044	12547.576
2	3	2	1	195	2	6	4	15	1	2	2	1	0.91065072	44	12548.858	12549.458	12549.458	12549.658	12550.369
2	3	2	1	196	2	6	4	16	5	2	6	1	0.72835494	45	12551.471	12552.071	12552.071	12552.271	12552.8
2	3	2	1	197	2	6	4	17	1	2	2	1	0.88788049	46	12554.088	12554.688	12554.688	12554.888	12555.575
2	3	2	1	198	2	6	4	18	6	2	7	1	0.66818919	47	12556.701	12557.301	12557.301	12557.501	12557.969
2	3	2	1	199	2	6	4	19	2	2	3	1	1.1386428	48	12559.317	12559.917	12559.917	12560.117	12561.056
2	3	2	1	200	2	6	4	20	1	2	2	1	0.99790159	49	12561.932	12562.532	12562.532	12562.732	12563.53
2	3	2	1	201	2	6	4	21	6	2	7	1	0.7642032	50	12564.547	12565.147	12565.147	12565.347	12565.912
2	3	2	1	202	2	6	4	22	3	1	4	1	0.67818794	51	12567.161	12567.361	12567.361	12567.561	12568.039
2	3	2	1	203	2	6	4	23	4	1	7	0	0.97670561	51	12569.377	12569.577	12569.577	12569.777	12570.554
2	3	2	1	204	2	6	4	24	1	1	4	0	1.5838561	51	12571.594	12571.794	12571.794	12571.994	12573.378
2	3	2	1	205	2	6	4	25	2	1	3	1	0.98938607	52	12573.811	12574.011	12574.011	12574.211	12575.001
2	3	2	1	206	2	6	4	26	3	1	4	1	0.61667583	53	12576.028	12576.228	12576.228	12576.428	12576.845
2	3	2	1	207	2	6	4	27	2	2	3	1	0.90973225	54	12578.242	12578.842	12578.842	12579.042	12579.752
2	3	2	1	208	2	6	4	28	4	2	5	1	0.79880644	55	12580.859	12581.459	12581.459	12581.659	12582.258
2	3	2	1	209	2	6	4	29	2	1	3	1	0.87722273	56	12583.476	12583.676	12583.676	12583.876	12584.553
2	3	2	1	210	2	6	4	30	4	2	5	1	0.55800388	57	12585.692	12586.292	12586.292	12586.492	12586.85
2	3	2	1	211	2	2	4	1	6	2	8	1	0.59502319	1	12616.373	12616.973	12616.973	12617.173	12617.568
2	3	2	1	212	2	2	4	2	3	1	1	1	0.4708006	2	12618.991	12619.191	12619.191	12619.391	12619.661
2	3	2	1	213	2	2	4	3	1	1	1	1	0.69700151	3	12621.208	12621.408	12621.408	12621.608	12622.105
2	3	2	1	214	2	2	4	4	6	1	8	1	0.64796307	4	12623.425	12623.625	12623.625	12623.825	12624.273
2	3	2	1	215	2	2	4	5	3	2	1	1	0.62459101	5	12625.642	12626.242	12626.242	12626.442	12626.867
2	3	2	1	216	2	2	4	6	6	1	1	0	0.68749976	5	12628.26	12628.46	12628.46	12628.66	12629.148
2	3	2	1	217	2	2	4	7	5	2	8	1	0.39443468	6	12630.478	12631.078	12631.078	12631.278	12631.472
2	3	2	1	218	2	2	4	8	2	1	1	1	0.47535591	7	12633.095	12633.295	12633.295	12633.495	12633.77
2	3	2	1	219	2	2	4	9	4	1	8	1	0.42353532	8	12635.313	12635.513	12635.513	12635.713	12635.936
2	3	2	1	220	2	2	4	10	1	2	1	1	0.44485429	9	12637.53	12638.13	12638.13	12638.33	12638.575
2	3	2	1	221	2	2	4	11	4	1	8	1	0.51866925	10	12640.148	12640.348	12640.348	12640.548	12640.866
2	3	2	1	222	2	2	4	12	1	1	1	1	0.54606989	11	12642.366	12642.566	12642.566	12642.766	12643.112
2	3	2	1	223	2	2	4	13	6	1	8	1	0.45721225	12	12644.584	12644.784	12644.784	12644.984	12645.241
2	3	2	1	224	2	2	4	14	4	2	8	1	0.6746339	13	12646.799	12647.399	12647.399	12647.599	12648.074
2	3	2	1	225	2	2	4	15	2	2	1	1	0.5190234	14	12649.417	12650.017	12650.017	12650.217	12650.536
2	3	2	1	226	2	2	4	16	1	2	8	0	0.37405304	14	12652.05	12652.65	12652.65	12652.85	12653.024
2	3	2	1	227	2	2	4	17	4	2	8	1	0.46837492	15	12654.667	12655.267	12655.267	12655.467	12655.736
2	3	2	1	228	2	2	4	18	5	2	8	1	0.47288807	16	12657.282	12657.882	12657.882	12658.082	12658.354
2	3	2	1	229	2	2	4	19	3	2	1	1	0.44869828	17	12659.898	12660.498	12660.498	12660.698	12660.947
2	3	2	1	230	2	2	4	20	5	2	8	1	0.50272928	18	12662.516	12663.116	12663.116	12663.316	12663.619
2	3	2	1	231	2	2	4	21	2	2	1	1	0.53595546	19	12665.131	12665.731	12665.731	12665.931	12666.267
2	3	2	1	232	2	2	4	22	5	1	8	1	0.45825331	20	12667.749	12667.949	12667.949	12668.149	12668.407
2	3	2	1	233	2	2	4	23	2	1	1	1	0.55164649	21	12669.965	12670.165	12670.165	12670.365	12670.717
2	3	2	1	234	2	2	4	24	1	1	1	1	0.56996111	22	12672.183	12672.383	12672.383	12672.583	12672.953
2	3	2	1	235	2	2	4	25	2	1	1	1	0.56236009	23	12674.401	12674.601	12674.601	12674.801	12675.163
2	3	2	1	236	2	2	4	26	5	1	8	1	0.4389066	24	12676.619	12676.819	12676.819	12677.019	12677.258
2	3	2	1	237	2	2	4	27	3	2	1	1	0.50881651	25	12678.837	12679.437	12679.437	12679.637	12679.946
2	3	2	1	238	2	2	4	28	3	2	8	0	0.37103927	25	12681.455	12682.055	12682.055	12682.255	12682.426
2	3	2	1	239	2	2	4	29	4	1	1	0	0.48162605	25	12684.073	12684.273	12684.273	12684.473	12684.755
2	3	2	1	240	2	2	4	30	6	2	8	1	0.43588004	26	12686.292	12686.892	12686.892	12687.092	12687.328
2	3	2	1	241	2	6	5	1	6	2	7	1	0.77065953	27	12716.992	12717.592	12717.592	12717.792	12718.363
2	3	2	1	242	2	6	5	2	3	1	4	1	0.94909059	28	12719.611	12719.811	12719.811	12720.011	12720.761
2	3	2	1	243	2	6	5	3	1	1	2	1	0.76815298	29	12721.827	12722.027	12722.027	12722.227	12722.795
2	3	2	1	244	2	6	5	4	6	1	7	1	0.54329222	30	12724.131	12724.331	12724.331	12724.531	12724.874
2	3	2	1	245	2	6	5	5	3	2	4	1	0.71705895	31	12726.349	12726.949	12726.949	12727.149	12727.666
2	3	2	1	246	2	6	5	6	6	1	7	1	0.58365587	32	12728.968	12729.168	12729.168	12729.368	12729.751
2	3	2	1	247	2	6	5	7	5	2	6	1	0.67884882	33	12731.188	12731.788	12731.788	12731.988	12732.467
2	3	2	1	248	2	6	5	8	2	1	3	1	1.0333397	34	12733.806	12734.006	12734.006	12734.206	12735.039
2	3	2	1	249	2	6	5	9	4	1	5	1	0.67031076	35	12736.025	12736.225	12736.225	12736.425	12736.895
2	3	2	1	250	2	6	5	10	1	2	2	1	1.2381867	36	12738.244	12738.844	12738.844	12739.044	12740.082
2	3	2	1	251	2	6	5	11	4	1	5	1	0.8090962	37	12740.862	12741.062	12741.062	12741.262	12741.872
2	3	2	1	252	2	6	5	12	1	1	2	1	0.79927091	38	12743.081	12743.281	12743.281	12743.481	12744.08
2	3	2	1	253	2	6	5	13	6	1	7	1	0.69482936	39	12745.3	12745.5	12745.5	12745.7	12746.195
2	3	2	1	254	2	6	5	14	4	2	2	0	1.3285253	39	12747.52	12748.12	12748.12	12748.32	12749.449
2	3	2	1	255	2	6	5	15	2	2	2	0	0.91995012	39	12750.14	12750.74	12750.74	12750.94	12751.66
2	3	2	1	256	2	6	5	16	1	2	2	1	0.68054164	40	12752.759	12753.359	12753.359	12753.559	12754.04
2	3	2	1	257	2	6	5	17	4	2	5	1	0.78415152	41	12755.379	12755.979	12755.979	12756.179	12756.763
2	3	2	1	258	2	6	5	18	5	2	6	1	0.92587102	42	12757.997	12758.597	12758.597	12758.797	12759.523
2	3	2	1	259	2	6	5	19	3	2	3	0	0.96952913	42	12760.617	12761.217	12761.217	12761.417	12762.187
2	3	2	1	260	2	6	5	20	5	2	6	1	0.8724754	43	12763.233	12763.833	12763.833	12764.033	12764.705
2	3	2	1	261	2	6	5	21	2	2	3	1	0.98095925	44	12765.852	12766.452	12766.452	12766.652	12767.433
2	3	2	1	262	2	6	5	22	5	1	6	1	0.68276982	45	12768.472	12768.672	12768.672	12768.872	12769.354
2	3	2	1	263	2	6	5	23	2	1	3	1	1.8833549	46	12770.691	12770.891	12770.891	12771.091	12772.774
2	3	2	1	264	2	6	5	24	1	1	2	1	0.65744656	47	12772.911	12773.111	12773.111	12773.311	12773.768
2	3	2	1	265	2	6	5	25	2	1	3	1	0.68617725	48	12775.205	12775.405	12775.405	12775.605	12776.091
2	3	2	1	266	2	6	5	26	5	1	6	1	0.90257244	49	12777.424	12777.624	12777.624	12777.824	12778.527
2	3	2	1	267	2	6	5	27	3	2	4	1	0.74012757	50	12779.644	12780.244	12780.244	12780.444	12780.984
2	3	2	1	268	2	6	5	28	3	2	3	0	0.65247157	50	12782.263	12782.863	12782.863	12783.063	12783.515
2	3	2	1	269	2	6	5	29	4	1	5	1	0.8570159	51	12784.879	12785.079	12785.079	12785.279	12785.936
2	3	2	1	270	2	6	5	30	6	2	7	1	0.74999443	52	12787.099	12787.699	12787.699	12787.899	12788.449
2	3	2	1	271	2	2	5	1	6	2	8	1	0.60658511	1	12817.781	12818.381	12818.381	12818.581	12818.988
2	3	2	1	272	2	2	5	2	1	1	1	1	0.63283007	2	12820.402	12820.602	12820.602	12820.802	12821.235
2	3	2	1	273	2	2	5	3	6	1	8	1	0.61664608	3	12822.622	12822.822	12822.822	12823.022	12823.438
2	3	2	1	274	2	2	5	4	4	1	8	1	0.57609978	4	12824.842	12825.042	12825.042	12825.242	12825.618
2	3	2	1	275	2	2	5	5	5	2	8	1	0.50672742	5	12827.062	12827.662	12827.662	12827.862	12828.169
2	3	2	1	276	2	2	5	6	4	1	8	1	0.48441408	6	12829.678	12829.878	12829.878	12830.078	12830.363
2	3	2	1	277	2	2	5	7	1	2	1	1	0.76954835	7	12831.898	12832.498	12832.498	12832.698	12833.268
2	3	2	1	278	2	2	5	8	3	1	1	1	0.58542348	8	12834.518	12834.718	12834.718	12834.918	12835.304
2	3	2	1	279	2	2	5	9	1	1	1	1	0.52845381	9	12836.738	12836.938	12836.938	12837.138	12837.467
2	3	2	1	280	2	2	5	10	5	2	8	1	0.43503663	10	12838.959	12839.559	12839.559	12839.759	12839.994
2	3	2	1	281	2	2	5	11	3	1	1	1	0.57479863	11	12841.581	12841.781	12841.781	12841.981	12842.355
2	3	2	1	282	2	2	5	12	4	1	8	1	0.49544239	12	12843.802	12844.002	12844.002	12844.202	12844.497
2	3	2	1	283	2	2	5	13	6	1	8	1	0.58196067	13	12846.022	12846.222	12846.222	12846.422	12846.804
2	3	2	1	284	2	2	5	14	2	2	1	1	0.59256926	14	12848.242	12848.842	12848.842	12849.042	12849.435
2	3	2	1	285	2	2	5	15	5	2	8	1	0.62163462	15	12850.861	12851.461	12851.461	12851.661	12852.083
2	3	2	1	286	2	2	5	16	5	2	8	1	0.50405819	16	12853.483	12854.083	12854.083	12854.283	12854.587
2	3	2	1	287	2	2	5	17	4	2	8	1	0.55310346	17	12856.104	12856.704	12856.704	12856.904	12857.257
2	3	2	1	288	2	2	5	18	6	2	8	1	0.53345804	18	12858.724	12859.324	12859.324	12859.524	12859.858
2	3	2	1	289	2	2	5	19	2	2	1	1	0.59935451	19	12861.345	12861.945	12861.945	12862.145	12862.544
2	3	2	1	290	2	2	5	20	3	2	1	1	0.86918748	20	12863.965	12864.565	12864.565	12864.765	12865.435
2	3	2	1	291	2	2	5	21	2	2	1	1	0.51028232	21	12866.586	12867.186	12867.186	12867.386	12867.696
2	3	2	1	292	2	2	5	22	6	1	8	1	0.5578784	22	12869.209	12869.409	12869.409	12869.609	12869.966
2	3	2	1	293	2	2	5	23	1	1	2	1	0.58322159	23	12871.426	12871.626	12871.626	12871.826	12872.21
2	3	2	1	294	2	2	5	24	2	1	1	1	0.60466155	24	12873.647	12873.847	12873.847	12874.047	12874.452
2	3	2	1	295	2	2	5	25	1	1	1	1	0.58995572	25	12875.868	12876.068	12876.068	12876.268	12876.658
2	3	2	1	296	2	2	5	26	3	1	1	1	0.55393561	26	12878.088	12878.288	12878.288	12878.488	12878.842
2	3	2	1	297	2	2	5	27	5	2	8	1	0.46778103	27	12880.312	12880.912	12880.912	12881.112	12881.38
2	3	2	1	298	2	2	5	28	3	2	1	1	0.59417754	28	12882.935	12883.535	12883.535	12883.735	12884.129
2	3	2	1	299	2	2	5	29	2	1	1	1	0.5798851	29	12885.556	12885.756	12885.756	12885.956	12886.336
2	3	2	1	300	2	2	5	30	4	2	8	1	0.6208219	30	12887.777	12888.377	12888.377	12888.577	12888.998
2	3	2	1	301	2	6	6	1	6	2	7	1	0.63905939	31	12918.48	12919.08	12919.08	12919.28	12919.72
2	3	2	1	302	2	6	6	2	1	1	2	1	0.61156633	32	12921.102	12921.302	12921.302	12921.502	12921.913
2	3	2	1	303	2	6	6	3	6	1	2	0	0.59687295	32	12923.323	12923.523	12923.523	12923.723	12924.12
2	3	2	1	304	2	6	6	4	4	1	5	1	0.61265653	33	12925.544	12925.744	12925.744	12925.944	12926.357
2	3	2	1	305	2	6	6	5	5	2	6	1	0.714486	34	12927.766	12928.366	12928.366	12928.566	12929.08
2	3	2	1	306	2	6	6	6	4	1	5	1	1.0092549	35	12930.384	12930.584	12930.584	12930.784	12931.594
2	3	2	1	307	2	6	6	7	1	2	2	1	0.67450373	36	12932.606	12933.206	12933.206	12933.406	12933.881
2	3	2	1	308	2	6	6	8	3	1	4	1	0.68316424	37	12935.23	12935.43	12935.43	12935.63	12936.113
2	3	2	1	309	2	6	6	9	1	1	2	1	0.7506417	38	12937.451	12937.651	12937.651	12937.851	12938.402
2	3	2	1	310	2	6	6	10	5	2	7	0	0.61801741	38	12939.673	12940.273	12940.273	12940.473	12940.891
2	3	2	1	311	2	6	6	11	3	1	4	1	0.6505386	39	12942.296	12942.496	12942.496	12942.696	12943.147
2	3	2	1	312	2	6	6	12	4	1	5	1	0.67109187	40	12944.521	12944.721	12944.721	12944.921	12945.392
2	3	2	1	313	2	6	6	13	6	1	7	1	0.62897126	41	12946.741	12946.941	12946.941	12947.141	12947.57
2	3	2	1	314	2	6	6	14	2	2	3	1	0.83703246	42	12948.963	12949.563	12949.563	12949.763	12950.4
2	3	2	1	315	2	6	6	15	5	2	6	1	0.80736657	43	12951.584	12952.184	12952.184	12952.384	12952.991
2	3	2	1	316	2	6	6	16	5	2	6	1	0.58692847	44	12954.206	12954.806	12954.806	12955.006	12955.393
2	3	2	1	317	2	6	6	17	4	2	5	1	0.72629162	45	12956.827	12957.427	12957.427	12957.627	12958.154
2	3	2	1	318	2	6	6	18	6	2	7	1	0.71736221	46	12959.446	12960.046	12960.046	12960.246	12960.764
2	3	2	1	319	2	6	6	19	2	2	3	1	1.0461201	47	12962.068	12962.668	12962.668	12962.868	12963.714
2	3	2	1	320	2	6	6	20	3	2	4	1	0.62443678	48	12964.69	12965.29	12965.29	12965.49	12965.914
2	3	2	1	321	2	6	6	21	2	2	3	1	0.80947302	49	12967.312	12967.912	12967.912	12968.112	12968.722
2	3	2	1	322	2	6	6	22	6	1	7	1	0.59418769	50	12969.935	12970.135	12970.135	12970.335	12970.729
2	3	2	1	323	2	6	6	23	1	1	2	1	0.66932332	51	12972.157	12972.357	12972.357	12972.557	12973.026
2	3	2	1	324	2	6	6	24	2	1	3	1	0.75175649	52	12974.379	12974.579	12974.579	12974.779	12975.331
2	3	2	1	325	2	6	6	25	1	1	2	1	0.82209368	53	12976.601	12976.801	12976.801	12977.001	12977.624
2	3	2	1	326	2	6	6	26	3	1	4	1	0.69228632	54	12978.822	12979.022	12979.022	12979.222	12979.715
2	3	2	1	327	2	6	6	27	5	2	6	1	0.63100067	55	12981.044	12981.644	12981.644	12981.844	12982.275
2	3	2	1	328	2	6	6	28	3	2	4	1	0.67871008	56	12983.667	12984.267	12984.267	12984.467	12984.945
2	3	2	1	329	2	6	6	29	2	1	3	1	0.92170188	57	12986.288	12986.488	12986.488	12986.688	12987.41
2	3	2	1	330	2	6	6	30	4	2	5	1	1.186368	58	12988.512	12989.112	12989.112	12989.312	12990.298
2	3	2	1	331	2	2	6	1	5	2	8	1	0.54450254	1	13019.2	13019.8	13019.8	13020	13020.344
2	3	2	1	332	2	2	6	2	6	1	8	1	0.54723512	2	13021.823	13022.023	13022.023	13022.223	13022.57
2	3	2	1	333	2	2	6	3	1	1	8	0	0.41282059	2	13024.046	13024.246	13024.246	13024.446	13024.658
2	3	2	1	334	2	2	6	4	2	1	1	1	0.58979986	3	13026.268	13026.468	13026.468	13026.668	13027.058
2	3	2	1	335	2	2	6	5	4	2	8	1	0.5048241	4	13028.49	13029.09	13029.09	13029.29	13029.595
2	3	2	1	336	2	2	6	6	6	1	8	1	0.56204904	5	13031.113	13031.313	13031.313	13031.513	13031.875
2	3	2	1	337	2	2	6	7	3	2	1	1	0.77668648	6	13033.336	13033.936	13033.936	13034.136	13034.713
2	3	2	1	338	2	2	6	8	5	1	8	1	0.55471893	7	13035.959	13036.159	13036.159	13036.359	13036.713
2	3	2	1	339	2	2	6	9	5	1	1	0	0.54664722	7	13038.181	13038.381	13038.381	13038.581	13038.928
2	3	2	1	340	2	2	6	10	4	2	8	1	0.58627935	8	13040.41	13041.01	13041.01	13041.21	13041.596
2	3	2	1	341	2	2	6	11	3	1	1	1	0.58284657	9	13043.035	13043.235	13043.235	13043.435	13043.818
2	3	2	1	342	2	2	6	12	3	1	1	1	0.55974544	10	13045.258	13045.458	13045.458	13045.658	13046.018
2	3	2	1	343	2	2	6	13	6	1	8	1	0.56184887	11	13047.481	13047.681	13047.681	13047.881	13048.243
2	3	2	1	344	2	2	6	14	5	2	8	1	0.59936404	12	13049.704	13050.304	13050.304	13050.504	13050.904
2	3	2	1	345	2	2	6	15	6	2	8	1	0.5084147	13	13052.327	13052.927	13052.927	13053.127	13053.435
2	3	2	1	346	2	2	6	16	3	2	1	1	0.49967763	14	13054.951	13055.551	13055.551	13055.751	13056.051
2	3	2	1	347	2	2	6	17	4	2	8	1	0.5663693	15	13057.57	13058.17	13058.17	13058.37	13058.737
2	3	2	1	348	2	2	6	18	2	2	1	1	0.53787569	16	13060.194	13060.794	13060.794	13060.994	13061.332
2	3	2	1	349	2	2	6	19	4	2	8	1	0.48628688	17	13062.817	13063.417	13063.417	13063.617	13063.904
2	3	2	1	350	2	2	6	20	2	2	1	1	0.58952791	18	13065.44	13066.04	13066.04	13066.24	13066.63
2	3	2	1	351	2	2	6	21	1	2	1	1	0.60995551	19	13068.063	13068.663	13068.663	13068.863	13069.273
2	3	2	1	352	2	2	6	22	1	1	1	1	0.66038653	20	13070.686	13070.886	13070.886	13071.086	13071.547
2	3	2	1	353	2	2	6	23	6	1	8	1	0.49102367	21	13072.909	13073.109	13073.109	13073.309	13073.6
2	3	2	1	354	2	2	6	24	1	1	1	1	0.60811253	22	13075.129	13075.329	13075.33	13075.53	13075.938
2	3	2	1	355	2	2	6	25	5	1	8	1	0.63803359	23	13077.349	13077.549	13077.549	13077.749	13078.187
2	3	2	1	356	2	2	6	26	2	1	1	1	0.54724734	24	13079.574	13079.774	13079.774	13079.974	13080.322
2	3	2	1	357	2	2	6	27	4	2	8	1	0.60685168	25	13081.798	13082.398	13082.398	13082.598	13083.005
2	3	2	1	358	2	2	6	28	3	2	1	1	0.47419622	26	13084.421	13085.021	13085.021	13085.221	13085.495
2	3	2	1	359	2	2	6	29	2	1	1	1	0.65135235	27	13087.044	13087.244	13087.244	13087.444	13087.896
2	3	2	1	360	2	2	6	30	1	2	1	1	0.58398577	28	13089.268	13089.868	13089.868	13090.068	13090.452
2	3	2	1	361	3	6	7	1	5	2	6	1	1.0588112	29	14040.102	14040.702	14040.702	14040.902	14041.761
2	3	2	1	362	3	6	7	2	6	1	7	1	0.68916362	30	14042.729	14042.929	14042.929	14043.129	14043.618
2	3	2	1	363	3	6	7	3	1	1	2	1	0.70634169	31	14044.952	14045.152	14045.152	14045.352	14045.859
2	3	2	1	364	3	6	7	4	2	1	3	1	0.53051077	32	14047.176	14047.376	14047.376	14047.576	14047.907
2	3	2	1	365	3	6	7	5	4	2	5	1	0.72046754	33	14049.4	14050	14050	14050.2	14050.72
2	3	2	1	366	3	6	7	6	6	1	7	1	0.65646267	34	14052.049	14052.249	14052.249	14052.449	14052.905
2	3	2	1	367	3	6	7	7	3	2	4	1	0.73661668	35	14054.272	14054.872	14054.872	14055.072	14055.609
2	3	2	1	368	3	6	7	8	5	1	6	1	0.75973841	36	14056.896	14057.096	14057.096	14057.296	14057.856
2	3	2	1	369	3	6	7	9	5	1	6	1	0.64999401	37	14059.12	14059.32	14059.32	14059.52	14059.97
2	3	2	1	370	3	6	7	10	4	2	5	1	0.69701456	38	14061.343	14061.943	14061.943	14062.143	14062.64
2	3	2	1	371	3	6	7	11	3	1	4	1	0.68841129	39	14063.97	14064.17	14064.17	14064.37	14064.858
2	3	2	1	372	3	6	7	12	3	1	4	1	0.5592382	40	14066.195	14066.395	14066.395	14066.595	14066.954
2	3	2	1	373	3	6	7	13	6	1	7	1	1.1761946	41	14068.42	14068.62	14068.62	14068.82	14069.796
2	3	2	1	374	3	6	7	14	5	2	6	1	0.69965275	42	14070.644	14071.244	14071.244	14071.444	14071.944
2	3	2	1	375	3	6	7	15	6	2	7	1	0.71258877	43	14073.266	14073.866	14073.866	14074.066	14074.578
2	3	2	1	376	3	6	7	16	3	2	4	1	0.70061165	44	14075.891	14076.491	14076.491	14076.691	14077.192
2	3	2	1	377	3	6	7	17	4	2	5	1	0.67038793	45	14078.516	14079.116	14079.116	14079.316	14079.786
2	3	2	1	378	3	6	7	18	2	2	3	1	1.1719494	46	14081.14	14081.74	14081.74	14081.94	14082.912
2	3	2	1	379	3	6	7	19	4	2	5	1	0.59271282	47	14083.765	14084.365	14084.365	14084.565	14084.957
2	3	2	1	380	3	6	7	20	2	2	3	1	0.7469326	48	14086.389	14086.989	14086.989	14087.189	14087.736
2	3	2	1	381	3	6	7	21	1	2	2	1	0.82652104	49	14089.014	14089.614	14089.614	14089.814	14090.441
2	3	2	1	382	3	6	7	22	1	1	2	1	0.9615059	50	14091.639	14091.839	14091.839	14092.039	14092.801
2	3	2	1	383	3	6	7	23	6	1	7	1	0.72956861	51	14093.863	14094.063	14094.063	14094.263	14094.793
2	3	2	1	384	3	6	7	24	1	1	2	1	0.8170577	52	14096.091	14096.291	14096.291	14096.491	14097.108
2	3	2	1	385	3	6	7	25	5	1	6	1	0.75910987	53	14098.315	14098.515	14098.515	14098.715	14099.274
2	3	2	1	386	3	6	7	26	2	1	3	1	1.1365685	54	14100.537	14100.737	14100.737	14100.937	14101.874
2	3	2	1	387	3	6	7	27	4	2	5	1	0.66936024	55	14102.762	14103.362	14103.362	14103.562	14104.032
2	3	2	1	388	3	6	7	28	3	2	4	1	0.78404793	56	14105.388	14105.988	14105.988	14106.188	14106.772
2	3	2	1	389	3	6	7	29	2	1	3	1	0.67624675	57	14108.012	14108.212	14108.212	14108.412	14108.888
2	3	2	1	390	3	6	7	30	1	2	2	1	0.73865513	58	14110.237	14110.837	14110.837	14111.037	14111.576
2	3	2	1	391	3	2	7	1	6	2	8	1	0.50436112	1	14140.921	14141.521	14141.521	14141.721	14142.026
2	3	2	1	392	3	2	7	2	3	1	1	1	0.51047588	2	14143.546	14143.746	14143.746	14143.946	14144.257
2	3	2	1	393	3	2	7	3	5	1	8	1	0.44457101	3	14145.771	14145.971	14145.971	14146.171	14146.416
2	3	2	1	394	3	2	7	4	6	1	8	1	0.60423915	4	14147.997	14148.197	14148.197	14148.397	14148.801
2	3	2	1	395	3	2	7	5	1	2	1	1	0.429047	5	14150.223	14150.823	14150.823	14151.023	14151.252
2	3	2	1	396	3	2	7	6	4	1	8	1	0.57606252	6	14152.848	14153.048	14153.048	14153.248	14153.624
2	3	2	1	397	3	2	7	7	3	2	1	1	0.52714016	7	14155.073	14155.673	14155.673	14155.873	14156.2
2	3	2	1	398	3	2	7	8	5	1	8	1	0.60688089	8	14157.698	14157.898	14157.898	14158.098	14158.505
2	3	2	1	399	3	2	7	9	4	1	8	1	0.52027369	9	14159.924	14160.124	14160.124	14160.324	14160.644
2	3	2	1	400	3	2	7	10	6	2	8	1	0.50594053	10	14162.146	14162.746	14162.746	14162.946	14163.252
2	3	2	1	401	3	2	7	11	1	1	1	1	0.62026146	11	14164.772	14164.972	14164.972	14165.172	14165.593
2	3	2	1	402	3	2	7	12	2	1	1	1	0.48350565	12	14166.997	14167.197	14167.197	14167.397	14167.681
2	3	2	1	403	3	2	7	13	2	1	1	1	0.61793601	13	14169.223	14169.423	14169.423	14169.623	14170.041
2	3	2	1	404	3	2	7	14	5	2	8	1	0.45666936	14	14171.449	14172.049	14172.049	14172.249	14172.506
2	3	2	1	405	3	2	7	15	4	2	8	1	0.57234404	15	14174.072	14174.672	14174.672	14174.872	14175.244
2	3	2	1	406	3	2	7	16	3	2	8	0	0.39538818	15	14176.7	14177.3	14177.3	14177.5	14177.696
2	3	2	1	407	3	2	7	17	1	2	1	1	0.46608392	16	14179.326	14179.926	14179.926	14180.126	14180.392
2	3	2	1	408	3	2	7	18	5	2	8	1	0.43079306	17	14181.955	14182.555	14182.555	14182.755	14182.986
2	3	2	1	409	3	2	7	19	1	2	1	1	0.48930785	18	14184.578	14185.178	14185.178	14185.378	14185.667
2	3	2	1	410	3	2	7	20	6	2	8	1	0.40997302	19	14187.204	14187.804	14187.804	14188.004	14188.214
2	3	2	1	411	3	2	7	21	4	2	1	0	0.3798067	19	14189.83	14190.43	14190.43	14190.63	14190.81
2	3	2	1	412	3	2	7	22	4	1	8	1	0.41953768	20	14192.457	14192.657	14192.657	14192.857	14193.076
2	3	2	1	413	3	2	7	23	3	1	1	1	0.51864492	21	14194.682	14194.882	14194.882	14195.082	14195.401
2	3	2	1	414	3	2	7	24	5	1	8	1	0.53521883	22	14196.908	14197.108	14197.108	14197.308	14197.644
2	3	2	1	415	3	2	7	25	2	1	1	1	0.49408179	23	14199.202	14199.402	14199.402	14199.602	14199.896
2	3	2	1	416	3	2	7	26	1	1	1	1	0.46339249	24	14201.425	14201.625	14201.625	14201.825	14202.089
2	3	2	1	417	3	2	7	27	3	2	1	1	0.53538771	25	14203.652	14204.252	14204.252	14204.452	14204.788
2	3	2	1	418	3	2	7	28	2	2	1	1	0.54895772	26	14206.279	14206.879	14206.879	14207.079	14207.428
2	3	2	1	419	3	2	7	29	6	1	8	1	0.58325611	27	14208.905	14209.105	14209.105	14209.305	14209.688
2	3	2	1	420	3	2	7	30	2	2	1	1	0.55079425	28	14211.209	14211.809	14211.809	14212.009	14212.36
2	3	2	1	421	3	6	8	1	6	2	7	1	0.62072368	29	14241.911	14242.511	14242.511	14242.711	14243.132
2	3	2	1	422	3	6	8	2	3	1	4	1	0.67324642	30	14244.539	14244.739	14244.739	14244.939	14245.412
2	3	2	1	423	3	6	8	3	5	1	6	1	0.94111349	31	14246.765	14246.965	14246.965	14247.165	14247.907
2	3	2	1	424	3	6	8	4	6	1	7	1	0.75235331	32	14248.992	14249.192	14249.192	14249.392	14249.945
2	3	2	1	425	3	6	8	5	1	2	2	1	0.69292247	33	14251.219	14251.819	14251.819	14252.019	14252.512
2	3	2	1	426	3	6	8	6	4	1	5	1	0.61933672	34	14253.846	14254.046	14254.046	14254.246	14254.665
2	3	2	1	427	3	6	8	7	3	2	4	1	0.62784713	35	14256.075	14256.675	14256.675	14256.875	14257.303
2	3	2	1	428	3	6	8	8	5	1	6	1	0.60343747	36	14258.703	14258.903	14258.903	14259.103	14259.506
2	3	2	1	429	3	6	8	9	4	1	5	1	0.73715423	37	14260.93	14261.13	14261.13	14261.33	14261.867
2	3	2	1	430	3	6	8	10	6	2	7	1	0.72369231	38	14263.158	14263.758	14263.758	14263.958	14264.481
2	3	2	1	431	3	6	8	11	1	1	2	1	0.68129788	39	14265.785	14265.985	14265.985	14266.185	14266.667
2	3	2	1	432	3	6	8	12	2	1	3	1	0.82691971	40	14268.013	14268.213	14268.213	14268.413	14269.04
2	3	2	1	433	3	6	8	13	2	1	3	1	0.71661276	41	14270.244	14270.444	14270.444	14270.644	14271.161
2	3	2	1	434	3	6	8	14	5	2	6	1	0.64268031	42	14272.472	14273.072	14273.072	14273.272	14273.714
2	3	2	1	435	3	6	8	15	4	2	5	1	0.61617511	43	14275.099	14275.699	14275.699	14275.899	14276.315
2	3	2	1	436	3	6	8	16	3	2	4	1	0.73824457	44	14277.726	14278.326	14278.326	14278.526	14279.064
2	3	2	1	437	3	6	8	17	1	2	5	0	0.95144666	44	14280.353	14280.953	14280.953	14281.153	14281.905
2	3	2	1	438	3	6	8	18	5	2	6	1	0.65312749	45	14282.98	14283.58	14283.58	14283.78	14284.233
2	3	2	1	439	3	6	8	19	1	2	2	1	0.60840287	46	14285.608	14286.208	14286.208	14286.408	14286.816
2	3	2	1	440	3	6	8	20	6	2	7	1	0.63878011	47	14288.235	14288.835	14288.835	14289.035	14289.474
2	3	2	1	441	3	6	8	21	4	2	5	1	0.65544231	48	14290.86	14291.46	14291.46	14291.66	14292.115
2	3	2	1	442	3	6	8	22	4	1	5	1	0.63322646	49	14293.487	14293.687	14293.687	14293.887	14294.32
2	3	2	1	443	3	6	8	23	3	1	4	1	0.72967538	50	14295.718	14295.918	14295.918	14296.118	14296.647
2	3	2	1	444	3	6	8	24	5	1	6	1	0.64211961	51	14297.95	14298.15	14298.15	14298.35	14298.792
2	3	2	1	445	3	6	8	25	2	1	3	1	0.98218261	52	14300.178	14300.378	14300.378	14300.578	14301.36
2	3	2	1	446	3	6	8	26	1	1	2	1	0.67625845	53	14302.407	14302.607	14302.607	14302.807	14303.284
2	3	2	1	447	3	6	8	27	3	2	4	1	0.6558963	54	14304.633	14305.233	14305.233	14305.433	14305.889
2	3	2	1	448	3	6	8	28	2	2	3	1	0.84527576	55	14307.327	14307.927	14307.927	14308.127	14308.772
2	3	2	1	449	3	6	8	29	6	1	7	1	0.85553277	56	14309.955	14310.155	14310.155	14310.355	14311.011
2	3	2	1	450	3	6	8	30	2	2	3	1	0.7389619	57	14312.183	14312.783	14312.783	14312.983	14313.522
2	3	2	1	451	3	2	8	1	6	2	8	1	0.53836426	1	14342.871	14343.471	14343.471	14343.671	14344.009
2	3	2	1	452	3	2	8	2	2	1	1	1	0.55305743	2	14345.498	14345.698	14345.698	14345.898	14346.251
2	3	2	1	453	3	2	8	3	4	1	8	1	0.58296136	3	14347.73	14347.93	14347.93	14348.13	14348.513
2	3	2	1	454	3	2	8	4	2	1	1	1	0.41435634	4	14349.958	14350.158	14350.158	14350.358	14350.573
2	3	2	1	455	3	2	8	5	4	2	8	1	0.42037238	5	14352.187	14352.787	14352.787	14352.987	14353.207
2	3	2	1	456	3	2	8	6	6	1	8	1	0.56346694	6	14354.815	14355.015	14355.015	14355.215	14355.579
2	3	2	1	457	3	2	8	7	1	2	1	1	0.49987641	7	14357.044	14357.644	14357.644	14357.844	14358.143
2	3	2	1	458	3	2	8	8	3	1	1	1	0.7356734	8	14359.672	14359.872	14359.872	14360.072	14360.608
2	3	2	1	459	3	2	8	9	1	1	1	1	0.50984512	9	14361.901	14362.101	14362.101	14362.301	14362.611
2	3	2	1	460	3	2	8	10	5	2	8	1	0.55108584	10	14364.13	14364.73	14364.73	14364.93	14365.281
2	3	2	1	461	3	2	8	11	1	1	1	1	0.54591881	11	14366.758	14366.958	14366.958	14367.158	14367.504
2	3	2	1	462	3	2	8	12	5	1	8	1	0.47904473	12	14368.987	14369.187	14369.187	14369.387	14369.666
2	3	2	1	463	3	2	8	13	3	1	1	1	0.54177202	13	14371.212	14371.412	14371.412	14371.612	14371.954
2	3	2	1	464	3	2	8	14	5	2	8	1	0.44396911	14	14373.439	14374.039	14374.039	14374.239	14374.483
2	3	2	1	465	3	2	8	15	3	2	1	1	0.4450216	15	14376.069	14376.669	14376.669	14376.869	14377.114
2	3	2	1	466	3	2	8	16	5	2	8	1	0.36697053	16	14378.697	14379.297	14379.297	14379.497	14379.664
2	3	2	1	467	3	2	8	17	6	2	8	1	0.56502397	17	14381.325	14381.925	14381.925	14382.125	14382.49
2	3	2	1	468	3	2	8	18	5	2	8	1	0.470041	18	14383.953	14384.553	14384.553	14384.753	14385.023
2	3	2	1	469	3	2	8	19	4	2	8	1	0.45735795	19	14386.582	14387.182	14387.182	14387.382	14387.64
2	3	2	1	470	3	2	8	20	1	2	1	1	0.57868543	20	14389.208	14389.808	14389.808	14390.008	14390.387
2	3	2	1	471	3	2	8	21	2	2	1	1	0.62232908	21	14391.841	14392.441	14392.441	14392.641	14393.063
2	3	2	1	472	3	2	8	22	4	1	8	1	0.50189116	22	14394.467	14394.667	14394.667	14394.867	14395.168
2	3	2	1	473	3	2	8	23	6	1	8	1	0.4107959	23	14396.695	14396.895	14396.895	14397.095	14397.306
2	3	2	1	474	3	2	8	24	1	1	1	1	0.53942983	24	14398.924	14399.124	14399.124	14399.324	14399.664
2	3	2	1	475	3	2	8	25	2	1	8	0	0.40646313	24	14401.155	14401.355	14401.355	14401.555	14401.761
2	3	2	1	476	3	2	8	26	4	1	8	1	0.60879756	25	14403.434	14403.634	14403.634	14403.834	14404.243
2	3	2	1	477	3	2	8	27	6	2	8	1	0.53969685	26	14405.664	14406.264	14406.264	14406.464	14406.804
2	3	2	1	478	3	2	8	28	3	2	1	1	0.54269297	27	14408.293	14408.893	14408.893	14409.093	14409.436
2	3	2	1	479	3	2	8	29	3	1	8	0	0.544123	27	14410.922	14411.122	14411.122	14411.322	14411.666
2	3	2	1	480	3	2	8	30	2	2	1	1	0.52224298	28	14413.151	14413.751	14413.751	14413.951	14414.274
2	3	2	1	481	3	6	9	1	6	2	7	1	0.69485402	29	14443.861	14444.461	14444.461	14444.661	14445.156
2	3	2	1	482	3	6	9	2	2	1	3	1	0.9359609	30	14446.49	14446.691	14446.691	14446.891	14447.626
2	3	2	1	483	3	6	9	3	4	1	5	1	0.77196475	31	14448.719	14448.919	14448.919	14449.119	14449.691
2	3	2	1	484	3	6	9	4	2	1	3	1	1.1450182	32	14450.952	14451.152	14451.152	14451.352	14452.297
2	3	2	1	485	3	6	9	5	4	2	5	1	0.76608228	33	14453.181	14453.781	14453.781	14453.981	14454.547
2	3	2	1	486	3	6	9	6	6	1	7	1	0.65399114	34	14455.811	14456.011	14456.011	14456.211	14456.665
2	3	2	1	487	3	6	9	7	1	2	2	1	0.77232271	35	14458.039	14458.639	14458.639	14458.839	14459.411
2	3	2	1	488	3	6	9	8	3	1	4	1	0.70858039	36	14460.668	14460.868	14460.868	14461.068	14461.577
2	3	2	1	489	3	6	9	9	1	1	2	1	0.7598878	37	14462.897	14463.097	14463.097	14463.297	14463.857
2	3	2	1	490	3	6	9	10	5	2	6	1	0.6360363	38	14465.126	14465.726	14465.726	14465.926	14466.362
2	3	2	1	491	3	6	9	11	1	1	3	0	0.83805823	38	14467.754	14467.954	14467.954	14468.154	14468.792
2	3	2	1	492	3	6	9	12	5	1	6	1	0.83527769	39	14469.982	14470.182	14470.182	14470.382	14471.017
2	3	2	1	493	3	6	9	13	3	1	4	1	0.68054428	40	14472.208	14472.408	14472.408	14472.608	14473.088
2	3	2	1	494	3	6	9	14	5	2	6	1	0.62666912	41	14474.437	14475.037	14475.037	14475.237	14475.664
2	3	2	1	495	3	6	9	15	3	2	4	1	0.66253516	42	14477.069	14477.669	14477.669	14477.869	14478.332
2	3	2	1	496	3	6	9	16	5	2	6	1	0.88794104	43	14479.7	14480.3	14480.3	14480.5	14481.188
2	3	2	1	497	3	6	9	17	6	2	7	1	0.69491492	44	14482.331	14482.931	14482.931	14483.131	14483.626
2	3	2	1	498	3	6	9	18	5	2	6	1	1.1783684	45	14484.961	14485.561	14485.561	14485.761	14486.74
2	3	2	1	499	3	6	9	19	4	2	4	0	0.80930922	45	14487.592	14488.192	14488.192	14488.392	14489.001
2	3	2	1	500	3	6	9	20	1	2	2	1	0.74207938	46	14490.222	14490.822	14490.822	14491.022	14491.564
2	3	2	1	501	3	6	9	21	2	2	3	1	0.62999222	47	14492.852	14493.452	14493.452	14493.652	14494.082
2	3	2	1	502	3	6	9	22	4	1	5	1	0.69422116	48	14495.483	14495.683	14495.683	14495.883	14496.377
2	3	2	1	503	3	6	9	23	6	1	7	1	0.63141127	49	14497.713	14497.913	14497.913	14498.113	14498.545
2	3	2	1	504	3	6	9	24	1	1	2	1	0.63585317	50	14499.94	14500.14	14500.14	14500.341	14500.776
2	3	2	1	505	3	6	9	25	2	1	3	1	0.66210011	51	14502.171	14502.371	14502.371	14502.571	14503.033
2	3	2	1	506	3	6	9	26	4	1	5	1	0.79946842	52	14504.401	14504.601	14504.601	14504.801	14505.401
2	3	2	1	507	3	6	9	27	6	2	7	1	0.59518418	53	14506.637	14507.237	14507.237	14507.437	14507.833
2	3	2	1	508	3	6	9	28	3	2	4	1	0.71709109	54	14509.268	14509.868	14509.868	14510.068	14510.585
2	3	2	1	509	3	6	9	29	3	1	4	1	0.72152265	55	14511.897	14512.097	14512.097	14512.297	14512.819
2	3	2	1	510	3	6	9	30	2	2	3	1	0.81874022	56	14514.125	14514.725	14514.725	14514.925	14515.544
2	3	2	1	511	3	2	9	1	6	2	8	1	0.56242179	1	14544.821	14545.421	14545.421	14545.621	14545.983
2	3	2	1	512	3	2	9	2	3	1	1	1	0.57319362	2	14547.453	14547.653	14547.653	14547.853	14548.227
2	3	2	1	513	3	2	9	3	3	1	1	1	0.56338624	3	14549.684	14549.884	14549.884	14550.084	14550.447
2	3	2	1	514	3	2	9	4	6	1	8	1	0.56168746	4	14551.918	14552.118	14552.118	14552.318	14552.68
2	3	2	1	515	3	2	9	5	1	2	1	1	0.54895931	5	14554.149	14554.749	14554.749	14554.949	14555.298
2	3	2	1	516	3	2	9	6	5	1	8	1	0.57214055	6	14556.779	14556.979	14556.979	14557.179	14557.552
2	3	2	1	517	3	2	9	7	3	2	1	1	0.43758941	7	14559.011	14559.611	14559.611	14559.811	14560.048
2	3	2	1	518	3	2	9	8	1	1	1	1	0.62418854	8	14561.642	14561.842	14561.842	14562.042	14562.466
2	3	2	1	519	3	2	9	9	6	1	8	1	0.43947679	9	14563.876	14564.076	14564.076	14564.276	14564.516
2	3	2	1	520	3	2	9	10	5	2	8	1	0.52950796	10	14566.103	14566.703	14566.703	14566.903	14567.233
2	3	2	1	521	3	2	9	11	3	1	1	1	0.54558033	11	14568.734	14568.934	14568.934	14569.134	14569.479
2	3	2	1	522	3	2	9	12	1	1	2	1	0.6524443	12	14570.965	14571.165	14571.165	14571.365	14571.817
2	3	2	1	523	3	2	9	13	2	1	1	1	0.57322308	13	14573.196	14573.396	14573.396	14573.596	14573.969
2	3	2	1	524	3	2	9	14	6	2	8	1	0.54521177	14	14575.427	14576.027	14576.027	14576.227	14576.572
2	3	2	1	525	3	2	9	15	6	2	8	1	0.48111568	15	14578.058	14578.658	14578.658	14578.858	14579.139
2	3	2	1	526	3	2	9	16	2	2	1	1	0.51069884	16	14580.689	14581.289	14581.289	14581.489	14581.8
2	3	2	1	527	3	2	9	17	5	2	8	1	0.49726558	17	14583.32	14583.92	14583.92	14584.12	14584.418
2	3	2	1	528	3	2	9	18	4	2	8	1	0.5526266	18	14585.953	14586.553	14586.553	14586.753	14587.106
2	3	2	1	529	3	2	9	19	2	2	1	1	0.54447579	19	14588.585	14589.185	14589.185	14589.385	14589.729
2	3	2	1	530	3	2	9	20	5	2	8	1	0.62682034	20	14591.216	14591.816	14591.816	14592.016	14592.443
2	3	2	1	531	3	2	9	21	3	2	1	1	0.60223114	21	14593.848	14594.448	14594.448	14594.648	14595.05
2	3	2	1	532	3	2	9	22	4	1	8	1	0.57736352	22	14596.479	14596.679	14596.679	14596.879	14597.256
2	3	2	1	533	3	2	9	23	2	1	1	1	0.55550663	23	14598.708	14598.908	14598.908	14599.108	14599.463
2	3	2	1	534	3	2	9	24	1	1	8	0	0.3650848	23	14600.943	14601.143	14601.143	14601.343	14601.508
2	3	2	1	535	3	2	9	25	4	1	8	1	0.57382402	24	14603.172	14603.372	14603.372	14603.572	14603.945
2	3	2	1	536	3	2	9	26	1	1	1	1	0.58378761	25	14605.403	14605.603	14605.603	14605.803	14606.187
2	3	2	1	537	3	2	9	27	4	2	8	1	0.54758241	26	14607.639	14608.239	14608.239	14608.439	14608.786
2	3	2	1	538	3	2	9	28	4	2	8	1	0.57186754	27	14610.269	14610.869	14610.869	14611.069	14611.441
2	3	2	1	539	3	2	9	29	5	1	8	1	0.52654536	28	14612.9	14613.1	14613.1	14613.3	14613.627
2	3	2	1	540	3	2	9	30	2	2	1	1	0.44422515	29	14615.132	14615.732	14615.732	14615.932	14616.176
2	3	2	1	541	4	6	10	1	6	2	7	1	0.65866215	30	15185.375	15185.975	15185.975	15186.175	15186.634
2	3	2	1	542	4	6	10	2	3	1	4	1	0.7001789	31	15188.006	15188.206	15188.206	15188.406	15188.906
2	3	2	1	543	4	6	10	3	3	1	4	1	0.61870922	32	15190.238	15190.438	15190.438	15190.638	15191.056
2	3	2	1	544	4	6	10	4	6	1	7	1	0.60887333	33	15192.473	15192.673	15192.673	15192.873	15193.282
2	3	2	1	545	4	6	10	5	1	2	2	1	0.64840385	34	15194.704	15195.304	15195.304	15195.504	15195.952
2	3	2	1	546	4	6	10	6	5	1	6	1	0.63336329	35	15197.336	15197.536	15197.536	15197.736	15198.17
2	3	2	1	547	4	6	10	7	3	2	4	1	1.0756899	36	15199.567	15200.167	15200.167	15200.367	15201.242
2	3	2	1	548	4	6	10	8	1	1	2	1	1.2050226	37	15202.199	15202.399	15202.399	15202.599	15203.604
2	3	2	1	549	4	6	10	9	6	1	7	1	0.60889099	38	15204.431	15204.631	15204.631	15204.831	15205.24
2	3	2	1	550	4	6	10	10	5	2	6	1	0.61953012	39	15206.663	15207.263	15207.263	15207.463	15207.883
2	3	2	1	551	4	6	10	11	3	1	4	1	0.55925525	40	15209.295	15209.495	15209.495	15209.695	15210.054
2	3	2	1	552	4	6	10	12	1	1	2	1	0.89900137	41	15211.527	15211.727	15211.727	15211.927	15212.626
2	3	2	1	553	4	6	10	13	2	1	3	1	0.70774924	42	15213.76	15213.96	15213.96	15214.16	15214.668
2	3	2	1	554	4	6	10	14	6	2	7	1	0.64861847	43	15215.993	15216.593	15216.593	15216.793	15217.242
2	3	2	1	555	4	6	10	15	6	2	7	1	0.62286626	44	15218.625	15219.225	15219.225	15219.425	15219.848
2	3	2	1	556	4	6	10	16	2	2	3	1	0.68593061	45	15221.258	15221.858	15221.858	15222.058	15222.543
2	3	2	1	557	4	6	10	17	5	2	6	1	0.59789919	46	15223.892	15224.492	15224.492	15224.692	15225.089
2	3	2	1	558	4	6	10	18	4	2	5	1	0.73929767	47	15226.526	15227.126	15227.126	15227.326	15227.865
2	3	2	1	559	4	6	10	19	2	2	3	1	0.92393821	48	15229.158	15229.758	15229.758	15229.958	15230.682
2	3	2	1	560	4	6	10	20	5	2	7	0	0.66701521	48	15231.79	15232.39	15232.39	15232.59	15233.057
2	3	2	1	561	4	6	10	21	3	2	4	1	0.71888343	49	15234.427	15235.027	15235.027	15235.227	15235.746
2	3	2	1	562	4	6	10	22	4	1	5	1	0.69434398	50	15237.06	15237.26	15237.26	15237.46	15237.954
2	3	2	1	563	4	6	10	23	2	1	3	1	0.81392238	51	15239.293	15239.493	15239.493	15239.693	15240.307
2	3	2	1	564	4	6	10	24	1	1	2	1	1.0802893	52	15241.54	15241.74	15241.74	15241.94	15242.82
2	3	2	1	565	4	6	10	25	4	1	6	0	0.62960892	52	15243.773	15243.973	15243.973	15244.173	15244.602
2	3	2	1	566	4	6	10	26	1	1	2	1	0.75773826	53	15246.003	15246.203	15246.203	15246.403	15246.961
2	3	2	1	567	4	6	10	27	4	2	5	1	0.72181677	54	15248.234	15248.834	15248.834	15249.034	15249.556
2	3	2	1	568	4	6	10	28	4	2	5	1	0.88669816	55	15250.868	15251.468	15251.468	15251.668	15252.354
2	3	2	1	569	4	6	10	29	5	1	7	0	0.97781441	55	15253.554	15253.754	15253.754	15253.954	15254.732
2	3	2	1	570	4	6	10	30	2	2	3	1	0.74553049	56	15255.786	15256.386	15256.386	15256.586	15257.132
2	3	2	1	571	4	2	10	1	2	2	1	1	0.67148118	1	15286.475	15287.075	15287.075	15287.275	15287.746
2	3	2	1	572	4	2	10	2	5	1	8	1	0.56470354	2	15289.109	15289.309	15289.309	15289.509	15289.873
2	3	2	1	573	4	2	10	3	3	1	1	1	0.6199259	3	15291.341	15291.541	15291.541	15291.741	15292.161
2	3	2	1	574	4	2	10	4	5	1	8	1	0.49801599	4	15293.578	15293.778	15293.778	15293.978	15294.276
2	3	2	1	575	4	2	10	5	4	2	8	1	0.63418421	5	15295.807	15296.407	15296.407	15296.607	15297.042
2	3	2	1	576	4	2	10	6	6	1	8	1	0.61567627	6	15298.44	15298.64	15298.64	15298.84	15299.256
2	3	2	1	577	4	2	10	7	4	2	8	1	0.51007037	7	15300.674	15301.274	15301.274	15301.474	15301.784
2	3	2	1	578	4	2	10	8	4	1	8	1	0.51181193	8	15303.308	15303.508	15303.508	15303.708	15304.02
2	3	2	1	579	4	2	10	9	4	1	8	1	0.5072053	9	15305.542	15305.742	15305.742	15305.942	15306.249
2	3	2	1	580	4	2	10	10	5	2	8	1	0.51976121	10	15307.779	15308.379	15308.379	15308.579	15308.898
2	3	2	1	581	4	2	10	11	5	1	8	1	0.49146627	11	15310.413	15310.613	15310.613	15310.813	15311.104
2	3	2	1	582	4	2	10	12	2	1	1	1	0.5385941	12	15312.647	15312.847	15312.847	15313.047	15313.385
2	3	2	1	583	4	2	10	13	6	1	8	1	0.59159814	13	15314.88	15315.08	15315.08	15315.28	15315.672
2	3	2	1	584	4	2	10	14	3	2	1	1	0.48108091	14	15317.113	15317.713	15317.713	15317.913	15318.194
2	3	2	1	585	4	2	10	15	2	2	1	1	0.54460402	15	15319.747	15320.347	15320.347	15320.547	15320.891
2	3	2	1	586	4	2	10	16	1	2	1	1	0.56776642	16	15322.378	15322.978	15322.978	15323.178	15323.546
2	3	2	1	587	4	2	10	17	3	2	1	1	0.53071765	17	15325.012	15325.612	15325.612	15325.812	15326.143
2	3	2	1	588	4	2	10	18	4	2	8	1	0.71605834	18	15327.646	15328.246	15328.246	15328.446	15328.962
2	3	2	1	589	4	2	10	19	3	2	1	1	0.57786218	19	15330.279	15330.879	15330.879	15331.079	15331.457
2	3	2	1	590	4	2	10	20	1	2	1	1	0.47018257	20	15332.913	15333.513	15333.513	15333.713	15333.983
2	3	2	1	591	4	2	10	21	6	2	8	1	0.54641686	21	15335.553	15336.153	15336.153	15336.353	15336.699
2	3	2	1	592	4	2	10	22	3	1	1	1	0.6561558	22	15338.186	15338.386	15338.386	15338.586	15339.042
2	3	2	1	593	4	2	10	23	1	1	1	1	0.51425819	23	15340.424	15340.624	15340.624	15340.824	15341.138
2	3	2	1	594	4	2	10	24	6	1	8	1	0.51927273	24	15342.658	15342.858	15342.858	15343.058	15343.377
2	3	2	1	595	4	2	10	25	2	1	1	1	0.5580594	25	15344.892	15345.092	15345.092	15345.292	15345.65
2	3	2	1	596	4	2	10	26	6	1	8	1	0.63576118	26	15347.125	15347.325	15347.325	15347.525	15347.961
2	3	2	1	597	4	2	10	27	2	2	1	1	0.52169708	27	15349.36	15349.96	15349.96	15350.16	15350.482
2	3	2	1	598	4	2	10	28	5	2	8	1	0.61586253	28	15351.994	15352.594	15352.594	15352.794	15353.21
2	3	2	1	599	4	2	10	29	1	1	1	1	0.52671516	29	15354.628	15354.828	15354.828	15355.028	15355.355
2	3	2	1	600	4	2	10	30	1	2	1	1	0.52086074	30	15356.863	15357.463	15357.463	15357.663	15357.984
2	3	2	1	601	4	6	11	1	2	2	3	1	1.1234078	31	15387.575	15388.175	15388.175	15388.375	15389.298
2	3	2	1	602	4	6	11	2	5	1	6	1	0.64638012	32	15390.209	15390.409	15390.409	15390.609	15391.055
2	3	2	1	603	4	6	11	3	3	1	4	1	0.67023667	33	15392.442	15392.642	15392.642	15392.842	15393.313
2	3	2	1	604	4	6	11	4	5	1	6	1	0.77623597	34	15394.699	15394.899	15394.899	15395.099	15395.675
2	3	2	1	605	4	6	11	5	4	2	5	1	0.69743003	35	15396.934	15397.534	15397.534	15397.734	15398.231
2	3	2	1	606	4	6	11	6	6	1	7	1	0.57035862	36	15399.565	15399.765	15399.765	15399.965	15400.336
2	3	2	1	607	4	6	11	7	4	2	5	1	0.67465857	37	15401.8	15402.4	15402.4	15402.6	15403.075
2	3	2	1	608	4	6	11	8	4	1	5	1	0.65660394	38	15404.431	15404.631	15404.631	15404.831	15405.288
2	3	2	1	609	4	6	11	9	4	1	5	1	0.52004018	39	15406.721	15406.921	15406.921	15407.121	15407.441
2	3	2	1	610	4	6	11	10	5	2	6	1	0.68285493	40	15408.959	15409.559	15409.559	15409.759	15410.242
2	3	2	1	611	4	6	11	11	5	1	6	1	0.49796248	41	15411.594	15411.794	15411.794	15411.994	15412.292
2	3	2	1	612	4	6	11	12	2	1	3	1	0.90005408	42	15413.829	15414.029	15414.029	15414.229	15414.929
2	3	2	1	613	4	6	11	13	6	1	7	1	0.73049942	43	15416.063	15416.263	15416.263	15416.463	15416.994
2	3	2	1	614	4	6	11	14	3	2	3	0	1.3349058	43	15418.298	15418.898	15418.898	15419.098	15420.233
2	3	2	1	615	4	6	11	15	2	2	3	1	0.71461511	44	15420.933	15421.533	15421.533	15421.733	15422.248
2	3	2	1	616	4	6	11	16	1	2	2	1	0.66658601	45	15423.569	15424.169	15424.169	15424.369	15424.835
2	3	2	1	617	4	6	11	17	3	2	4	1	0.66642017	46	15426.208	15426.808	15426.808	15427.008	15427.474
2	3	2	1	618	4	6	11	18	4	2	5	1	0.52532585	47	15428.843	15429.443	15429.443	15429.643	15429.968
2	3	2	1	619	4	6	11	19	3	2	4	1	0.77063083	48	15431.478	15432.078	15432.078	15432.278	15432.848
2	3	2	1	620	4	6	11	20	1	2	2	1	0.83359917	49	15434.113	15434.713	15434.713	15434.913	15435.547
2	3	2	1	621	4	6	11	21	6	2	7	1	0.74513883	50	15436.751	15437.351	15437.351	15437.551	15438.096
2	3	2	1	622	4	6	11	22	3	1	4	1	0.76358641	51	15439.389	15439.589	15439.589	15439.789	15440.352
2	3	2	1	623	4	6	11	23	1	1	2	1	0.74711713	52	15441.623	15441.823	15441.823	15442.023	15442.571
2	3	2	1	624	4	6	11	24	6	1	7	1	0.56485091	53	15443.859	15444.059	15444.059	15444.259	15444.624
2	3	2	1	625	4	6	11	25	2	1	3	1	1.0926066	54	15446.094	15446.294	15446.294	15446.494	15447.387
2	3	2	1	626	4	6	11	26	6	1	6	0	0.7862271	54	15448.329	15448.529	15448.529	15448.729	15449.315
2	3	2	1	627	4	6	11	27	2	2	3	1	0.62898556	55	15450.565	15451.165	15451.165	15451.365	15451.794
2	3	2	1	628	4	6	11	28	5	2	7	0	0.57195038	55	15453.2	15453.8	15453.8	15454	15454.372
2	3	2	1	629	4	6	11	29	1	1	2	1	0.76399119	56	15455.835	15456.036	15456.036	15456.236	15456.799
2	3	2	1	630	4	6	11	30	1	2	4	0	0.68002992	56	15458.074	15458.674	15458.674	15458.874	15459.354
2	3	2	1	631	4	2	11	1	3	2	1	1	0.60506586	1	15488.835	15489.435	15489.435	15489.635	15490.04
2	3	2	1	632	4	2	11	2	3	1	1	1	0.5310897	2	15491.471	15491.671	15491.671	15491.871	15492.202
2	3	2	1	633	4	2	11	3	2	1	1	1	0.52453358	3	15493.708	15493.908	15493.908	15494.108	15494.433
2	3	2	1	634	4	2	11	4	2	1	1	1	0.52459239	4	15495.941	15496.141	15496.141	15496.341	15496.666
2	3	2	1	635	4	2	11	5	5	2	8	1	0.56692178	5	15498.177	15498.777	15498.777	15498.977	15499.344
2	3	2	1	636	4	2	11	6	2	1	1	1	0.54298068	6	15500.813	15501.013	15501.013	15501.213	15501.556
2	3	2	1	637	4	2	11	7	3	2	1	1	0.45374229	7	15503.049	15503.649	15503.649	15503.849	15504.103
2	3	2	1	638	4	2	11	8	4	1	8	1	0.65169627	8	15505.685	15505.885	15505.885	15506.085	15506.536
2	3	2	1	639	4	2	11	9	2	1	8	0	0.45931512	8	15507.92	15508.12	15508.12	15508.32	15508.579
2	3	2	1	640	4	2	11	10	6	2	8	1	0.46114037	9	15510.157	15510.757	15510.757	15510.957	15511.218
2	3	2	1	641	4	2	11	11	5	1	8	1	0.51505706	10	15512.789	15512.989	15512.989	15513.19	15513.505
2	3	2	1	642	4	2	11	12	4	1	8	1	0.55983494	11	15515.026	15515.226	15515.226	15515.426	15515.786
2	3	2	1	643	4	2	11	13	1	1	1	1	0.45917415	12	15517.263	15517.463	15517.463	15517.663	15517.922
2	3	2	1	644	4	2	11	14	6	2	8	1	0.54884855	13	15519.499	15520.099	15520.099	15520.299	15520.648
2	3	2	1	645	4	2	11	15	6	2	8	1	0.61602221	14	15522.136	15522.736	15522.736	15522.936	15523.352
2	3	2	1	646	4	2	11	16	1	2	1	1	0.43708386	15	15524.772	15525.372	15525.372	15525.572	15525.809
2	3	2	1	647	4	2	11	17	5	2	8	1	0.43985851	16	15527.408	15528.008	15528.008	15528.208	15528.448
2	3	2	1	648	4	2	11	18	4	2	8	1	0.53681778	17	15530.04	15530.64	15530.64	15530.84	15531.177
2	3	2	1	649	4	2	11	19	5	2	8	1	0.44533907	18	15532.676	15533.276	15533.276	15533.476	15533.721
2	3	2	1	650	4	2	11	20	3	2	1	1	0.55747427	19	15535.312	15535.912	15535.912	15536.112	15536.47
2	3	2	1	651	4	2	11	21	4	2	8	1	0.54304675	20	15537.948	15538.548	15538.548	15538.748	15539.091
2	3	2	1	652	4	2	11	22	4	1	8	1	0.65529772	21	15540.586	15540.786	15540.786	15540.986	15541.441
2	3	2	1	653	4	2	11	23	6	1	8	1	0.58686615	22	15542.824	15543.024	15543.024	15543.224	15543.611
2	3	2	1	654	4	2	11	24	6	1	8	1	0.45126879	23	15545.06	15545.26	15545.26	15545.46	15545.712
2	3	2	1	655	4	2	11	25	1	1	1	1	0.51814601	24	15547.298	15547.498	15547.498	15547.698	15548.016
2	3	2	1	656	4	2	11	26	2	1	8	0	0.44044829	24	15549.539	15549.739	15549.739	15549.939	15550.179
2	3	2	1	657	4	2	11	27	5	2	8	1	0.5547444	25	15551.775	15552.375	15552.375	15552.575	15552.93
2	3	2	1	658	4	2	11	28	1	2	1	1	0.45408802	26	15554.413	15555.013	15555.013	15555.213	15555.467
2	3	2	1	659	4	2	11	29	1	1	2	1	0.63858371	27	15557.05	15557.25	15557.25	15557.45	15557.889
2	3	2	1	660	4	2	11	30	3	2	1	1	0.58019318	28	15559.285	15559.885	15559.885	15560.085	15560.465
2	3	2	1	661	4	6	12	1	3	2	4	1	0.6852992	29	15589.996	15590.596	15590.596	15590.796	15591.281
2	3	2	1	662	4	6	12	2	3	1	4	1	0.58280003	30	15592.633	15592.833	15592.833	15593.033	15593.415
2	3	2	1	663	4	6	12	3	2	1	3	1	1.0127628	31	15594.87	15595.07	15595.07	15595.27	15596.082
2	3	2	1	664	4	6	12	4	2	1	3	1	0.59793221	32	15597.106	15597.306	15597.306	15597.506	15597.904
2	3	2	1	665	4	6	12	5	5	2	7	0	0.60225769	32	15599.343	15599.943	15599.943	15600.143	15600.545
2	3	2	1	666	4	6	12	6	2	1	3	1	0.7454403	33	15601.977	15602.177	15602.177	15602.377	15602.922
2	3	2	1	667	4	6	12	7	3	2	4	1	0.67980744	34	15604.214	15604.814	15604.814	15605.014	15605.494
2	3	2	1	668	4	6	12	8	4	1	5	1	0.72681717	35	15606.851	15607.051	15607.051	15607.251	15607.778
2	3	2	1	669	4	6	12	9	2	1	3	1	0.81907511	36	15609.088	15609.288	15609.288	15609.488	15610.107
2	3	2	1	670	4	6	12	10	6	2	7	1	0.5954545	37	15611.326	15611.926	15611.926	15612.126	15612.522
2	3	2	1	671	4	6	12	11	5	1	6	1	0.7270345	38	15613.963	15614.163	15614.163	15614.363	15614.89
2	3	2	1	672	4	6	12	12	4	1	5	1	1.1284262	39	15616.2	15616.4	15616.4	15616.6	15617.529
2	3	2	1	673	4	6	12	13	1	1	2	1	0.67347596	40	15618.438	15618.638	15618.638	15618.838	15619.311
2	3	2	1	674	4	6	12	14	6	2	7	1	0.70071493	41	15620.675	15621.275	15621.275	15621.475	15621.976
2	3	2	1	675	4	6	12	15	6	2	7	1	0.73015427	42	15623.318	15623.918	15623.918	15624.118	15624.648
2	3	2	1	676	4	6	12	16	1	2	2	1	0.65914339	43	15625.976	15626.576	15626.576	15626.776	15627.235
2	3	2	1	677	4	6	12	17	5	2	6	1	0.73829878	44	15628.613	15629.213	15629.213	15629.413	15629.952
2	3	2	1	678	4	6	12	18	4	2	5	1	0.65455435	45	15631.251	15631.851	15631.851	15632.051	15632.506
2	3	2	1	679	4	6	12	19	5	2	6	1	0.71961974	46	15633.891	15634.491	15634.491	15634.691	15635.211
2	3	2	1	680	4	6	12	20	3	2	4	1	0.69686648	47	15636.529	15637.129	15637.129	15637.329	15637.826
2	3	2	1	681	4	6	12	21	4	2	5	1	0.64764318	48	15639.164	15639.764	15639.764	15639.964	15640.412
2	3	2	1	682	4	6	12	22	4	1	5	1	0.65698173	49	15641.801	15642.001	15642.001	15642.201	15642.658
2	3	2	1	683	4	6	12	23	6	1	7	1	0.66085826	50	15644.039	15644.239	15644.239	15644.439	15644.9
2	3	2	1	684	4	6	12	24	6	1	7	1	0.74099359	51	15646.277	15646.477	15646.477	15646.677	15647.218
2	3	2	1	685	4	6	12	25	1	1	2	1	0.86971092	52	15648.515	15648.715	15648.715	15648.915	15649.584
2	3	2	1	686	4	6	12	26	2	1	3	1	1.2442005	53	15650.75	15650.95	15650.95	15651.15	15652.194
2	3	2	1	687	4	6	12	27	5	2	6	1	0.67691368	54	15653.014	15653.614	15653.614	15653.814	15654.291
2	3	2	1	688	4	6	12	28	1	2	1	0	1.2860548	54	15655.652	15656.252	15656.252	15656.452	15657.538
2	3	2	1	689	4	6	12	29	1	1	2	1	0.73706862	55	15658.286	15658.486	15658.486	15658.686	15659.223
2	3	2	1	690	4	6	12	30	3	2	4	1	0.71784346	56	15660.523	15661.123	15661.123	15661.323	15661.841
2	3	2	1	691	4	2	12	1	6	2	8	1	0.58179399	1	15691.226	15691.826	15691.826	15692.026	15692.408
2	3	2	1	692	4	2	12	2	4	1	8	1	0.48451083	2	15693.863	15694.063	15694.063	15694.263	15694.548
2	3	2	1	693	4	2	12	3	5	1	8	1	0.47427673	3	15696.102	15696.302	15696.302	15696.502	15696.776
2	3	2	1	694	4	2	12	4	2	1	1	1	0.55642503	4	15698.34	15698.54	15698.54	15698.74	15699.096
2	3	2	1	695	4	2	12	5	5	2	8	1	0.5182737	5	15700.578	15701.178	15701.178	15701.378	15701.696
2	3	2	1	696	4	2	12	6	5	1	8	1	0.51975567	6	15703.217	15703.417	15703.417	15703.617	15703.936
2	3	2	1	697	4	2	12	7	5	2	8	1	0.53884377	7	15705.455	15706.055	15706.055	15706.255	15706.593
2	3	2	1	698	4	2	12	8	3	1	1	1	0.548503	8	15708.091	15708.291	15708.291	15708.491	15708.84
2	3	2	1	699	4	2	12	9	1	1	1	1	0.57571485	9	15710.329	15710.529	15710.529	15710.729	15711.105
2	3	2	1	700	4	2	12	10	1	2	1	1	0.52111732	10	15712.568	15713.168	15713.168	15713.368	15713.689
2	3	2	1	701	4	2	12	11	5	1	8	1	0.65991333	11	15715.206	15715.406	15715.406	15715.606	15716.066
2	3	2	1	702	4	2	12	12	6	1	8	1	0.49833092	12	15717.446	15717.646	15717.646	15717.846	15718.144
2	3	2	1	703	4	2	12	13	6	1	8	1	0.58385421	13	15719.684	15719.884	15719.884	15720.084	15720.468
2	3	2	1	704	4	2	12	14	1	2	1	1	0.59662295	14	15721.926	15722.526	15722.526	15722.726	15723.123
2	3	2	1	705	4	2	12	15	2	2	1	1	0.67528502	15	15724.564	15725.164	15725.164	15725.364	15725.84
2	3	2	1	706	4	2	12	16	3	2	1	1	0.542142	16	15727.203	15727.803	15727.803	15728.003	15728.345
2	3	2	1	707	4	2	12	17	4	2	8	1	0.52694301	17	15729.84	15730.44	15730.44	15730.641	15730.967
2	3	2	1	708	4	2	12	18	2	2	1	1	0.54018023	18	15732.48	15733.08	15733.08	15733.28	15733.62
2	3	2	1	709	4	2	12	19	6	2	8	1	0.50202094	19	15735.115	15735.715	15735.715	15735.915	15736.217
2	3	2	1	710	4	2	12	20	1	2	1	1	0.46901338	20	15737.749	15738.349	15738.349	15738.549	15738.818
2	3	2	1	711	4	2	12	21	3	2	1	1	0.62905125	21	15740.388	15740.988	15740.988	15741.188	15741.617
2	3	2	1	712	4	2	12	22	3	1	1	1	0.57598466	22	15743.112	15743.312	15743.312	15743.512	15743.888
2	3	2	1	713	4	2	12	23	4	1	8	1	0.60671504	23	15745.354	15745.554	15745.554	15745.754	15746.161
2	3	2	1	714	4	2	12	24	1	1	1	1	0.54616795	24	15747.59	15747.79	15747.79	15747.99	15748.336
2	3	2	1	715	4	2	12	25	4	1	8	1	0.45392147	25	15749.826	15750.026	15750.026	15750.226	15750.48
2	3	2	1	716	4	2	12	26	3	1	1	1	0.52518388	26	15752.124	15752.324	15752.324	15752.524	15752.849
2	3	2	1	717	4	2	12	27	2	2	1	1	0.57724484	27	15754.363	15754.963	15754.963	15755.163	15755.54
2	3	2	1	718	4	2	12	28	6	2	8	1	0.54042933	28	15757.006	15757.606	15757.606	15757.806	15758.146
2	3	2	1	719	4	2	12	29	2	1	1	1	0.54917302	29	15759.645	15759.845	15759.845	15760.045	15760.394
2	3	2	1	720	4	2	12	30	4	2	8	1	0.32020092	30	15761.883	15762.483	15762.483	15762.683	15762.803
