30	255	151	65	119	48	36	220	0	0	0	0	0	0	0	0	0	0	0	0
1	27	2	1	1	1	6	1	1	4	2	3	0	1.2797814	0	2020.8353	2021.4355	2021.4357	2021.636	2022.7155
1	27	2	1	2	1	6	1	2	3	1	2	0	1.9101478	0	2023.7683	2023.9684	2023.9685	2024.1688	2025.8787
1	27	2	1	3	1	6	1	3	1	2	5	0	1.2706217	0	2026.3288	2026.9288	2026.9288	2027.1289	2028.1995
1	27	2	1	4	1	6	1	4	6	2	6	0	0.96414102	0	2029.2508	2029.8508	2029.8509	2030.0509	2030.815
1	27	2	1	5	1	6	1	5	1	1	7	0	1.5172343	0	2032.1673	2032.3673	2032.3673	2032.5673	2033.8846
1	27	2	1	6	1	6	1	6	2	2	2	0	1.244468	0	2034.6833	2035.2833	2035.2833	2035.4833	2036.5277
1	27	2	1	7	1	6	1	7	6	2	8	0	1.9999641	0	2037.5978	2038.1978	2038.1978	2038.3978	2040.1977
1	27	2	1	8	1	6	1	8	1	2	7	0	2.0005893	0	2040.5159	2041.1159	2041.1159	2041.3159	2043.1165
1	27	2	1	9	1	6	1	9	6	2	3	0	1.4162819	0	2043.4306	2044.0306	2044.0306	2044.2306	2045.4469
1	27	2	1	10	1	6	1	10	2	2	4	0	0.77612392	0	2046.3481	2046.9481	2046.9481	2047.1482	2047.7242
1	27	2	1	11	1	6	1	11	5	2	5	0	1.4326646	0	2049.2628	2049.8629	2049.8629	2050.0629	2051.2955
1	27	2	1	12	1	6	1	12	2	2	6	0	1.1376608	0	2052.1812	2052.7812	2052.7812	2052.9812	2053.9189
1	27	2	1	13	1	6	1	13	4	1	7	0	1.013581	0	2055.0971	2055.2971	2055.2971	2055.4972	2056.3107
1	27	2	1	14	1	6	1	14	6	1	8	0	0.53887239	0	2057.6123	2057.8123	2057.8123	2058.0123	2058.3511
1	27	2	1	15	1	6	1	15	4	1	2	0	1.3662328	0	2060.1533	2060.3533	2060.3534	2060.5534	2061.7196
1	27	2	1	16	1	6	1	16	3	1	3	0	0.99594802	0	2062.6737	2062.8737	2062.8737	2063.0737	2063.8696
1	27	2	1	17	1	6	1	17	2	1	4	0	0.71082526	0	2065.1888	2065.3888	2065.3888	2065.5888	2066.0996
1	27	2	1	18	1	6	1	18	5	2	5	0	1.0513387	0	2067.7056	2068.3056	2068.3056	2068.5056	2069.3569
1	27	2	1	19	1	6	1	19	2	2	7	0	1.3436983	0	2070.6207	2071.2207	2071.2208	2071.4208	2072.5645
1	27	2	1	20	1	6	1	20	3	2	8	0	1.0853044	0	2073.5372	2074.1372	2074.1372	2074.3372	2075.2225
1	27	2	1	21	1	6	1	21	4	1	7	0	1.8467404	0	2076.454	2076.6541	2076.6541	2076.8541	2078.5009
1	27	2	1	22	1	6	1	22	5	2	3	0	1.4546602	0	2078.9676	2079.5677	2079.5677	2079.7677	2081.0223
1	27	2	1	23	1	6	1	23	5	1	4	0	0.7607146	0	2081.8862	2082.0862	2082.0862	2082.2862	2082.8469
1	27	2	1	24	1	6	1	24	3	1	6	0	1.3361373	0	2084.4	2084.6	2084.6	2084.8	2085.9361
1	27	2	1	25	1	6	1	25	1	1	7	0	1.3368827	0	2086.9174	2087.1174	2087.1175	2087.3175	2088.4544
1	27	2	1	26	1	6	1	26	4	1	8	0	0.84465231	0	2089.4325	2089.6326	2089.6326	2089.8326	2090.4773
1	27	2	1	27	1	6	1	27	1	1	2	1	0.60955524	1	2091.9463	2092.1463	2092.1463	2092.3463	2092.7558
1	27	2	1	28	1	6	1	28	6	1	3	0	0.98972385	1	2094.1538	2094.3538	2094.3538	2094.5538	2095.3436
1	27	2	1	29	1	6	1	29	3	1	1	0	1.8021859	1	2096.6674	2096.8674	2096.8674	2097.0674	2098.6695
1	27	2	1	30	1	6	1	30	5	2	6	1	1.6235669	2	2099.1923	2099.7924	2099.7924	2099.9924	2101.4159
1	27	2	1	31	1	2	1	1	4	2	8	1	0.70135766	1	2116.2728	2116.8729	2116.873	2117.0732	2117.5744
1	27	2	1	32	1	2	1	2	2	1	1	1	0.94477197	2	2118.886	2119.086	2119.086	2119.286	2120.0308
1	27	2	1	33	1	2	1	3	4	2	8	1	0.91997973	3	2121.0932	2121.6932	2121.6933	2121.8933	2122.6133
1	27	2	1	34	1	2	1	4	3	2	1	1	0.96148362	4	2123.7026	2124.3027	2124.3027	2124.5027	2125.2642
1	27	2	1	35	1	2	1	5	6	1	8	1	1.1354488	5	2126.309	2126.509	2126.509	2126.7091	2127.6445
1	27	2	1	36	1	2	1	6	1	2	1	1	0.71520439	6	2128.5174	2129.1174	2129.1174	2129.3174	2129.8326
1	27	2	1	37	1	2	1	7	2	2	1	1	0.58630993	7	2131.1255	2131.7255	2131.7255	2131.9255	2132.3119
1	27	2	1	38	1	2	1	8	4	2	8	1	0.54336153	8	2133.7345	2134.3345	2134.3345	2134.5345	2134.8779
1	27	2	1	39	1	2	1	9	3	2	8	0	0.7689861	8	2136.343	2136.9431	2136.9431	2137.1431	2137.712
1	27	2	1	40	1	2	1	10	5	2	1	0	1.1222732	8	2139.2618	2139.8618	2139.8618	2140.0619	2140.9841
1	27	2	1	41	1	2	1	11	2	2	1	1	1.2376508	9	2142.1784	2142.7784	2142.7784	2142.9785	2144.0161
1	27	2	1	42	1	2	1	12	4	2	8	1	0.91792441	10	2144.7853	2145.3853	2145.3854	2145.5854	2146.3033
1	27	2	1	43	1	2	1	13	1	1	1	1	0.88194978	11	2147.3942	2147.5942	2147.5942	2147.7943	2148.4762
1	27	2	1	44	1	2	1	14	5	1	8	1	0.63330646	12	2149.6029	2149.8029	2149.8029	2150.0029	2150.4362
1	27	2	1	45	1	2	1	15	6	1	8	1	0.65711499	13	2151.8133	2152.0133	2152.0133	2152.2133	2152.6704
1	27	2	1	46	1	2	1	16	2	1	1	1	0.56988026	14	2154.0219	2154.2219	2154.2219	2154.4219	2154.7918
1	27	2	1	47	1	2	1	17	1	1	1	1	0.50861463	15	2156.249	2156.449	2156.449	2156.649	2156.9576
1	27	2	1	48	1	2	1	18	3	2	1	1	0.49936211	16	2158.4576	2159.0576	2159.0576	2159.2577	2159.557
1	27	2	1	49	1	2	1	19	6	2	8	1	0.48314222	17	2161.0663	2161.6664	2161.6664	2161.8664	2162.1495
1	27	2	1	50	1	2	1	20	5	2	8	1	0.79525408	18	2163.674	2164.274	2164.274	2164.474	2165.0692
1	27	2	1	51	1	2	1	21	4	1	8	1	1.4004457	19	2166.2831	2166.4831	2166.4831	2166.6832	2167.8836
1	27	2	1	52	1	2	1	22	1	2	1	1	0.54604432	20	2168.4923	2169.0923	2169.0923	2169.2923	2169.6384
1	27	2	1	53	1	2	1	23	3	1	1	1	0.57031886	21	2171.1018	2171.3018	2171.3018	2171.5018	2171.8721
1	27	2	1	54	1	2	1	24	6	1	8	1	0.5373258	22	2173.3108	2173.5108	2173.5108	2173.7108	2174.0482
1	27	2	1	55	1	2	1	25	1	1	1	1	0.61370666	23	2175.5195	2175.7195	2175.7195	2175.9196	2176.3332
1	27	2	1	56	1	2	1	26	3	1	1	1	0.77829564	24	2177.7288	2177.9288	2177.9289	2178.1289	2178.7072
1	27	2	1	57	1	2	1	27	5	1	8	1	0.63585018	25	2179.9382	2180.1383	2180.1383	2180.3383	2180.7741
1	27	2	1	58	1	2	1	28	2	1	1	1	0.80233502	26	2182.1473	2182.3473	2182.3474	2182.5474	2183.1497
1	27	2	1	59	1	2	1	29	5	1	8	1	0.82683489	27	2184.3573	2184.5574	2184.5574	2184.7574	2185.3842
1	27	2	1	60	1	2	1	30	6	2	8	1	0.6290359	28	2186.5691	2187.1691	2187.1691	2187.3691	2187.7981
1	27	2	1	61	1	6	2	1	4	2	5	1	1.4536722	29	2207.992	2208.592	2208.5921	2208.7921	2210.0458
1	27	2	1	62	1	6	2	2	2	1	3	1	1.9974189	30	2210.6018	2210.8019	2210.8019	2211.002	2212.7993
1	27	2	1	63	1	6	2	3	4	2	5	1	1.0989473	31	2212.8094	2213.4094	2213.4094	2213.6095	2214.5084
1	27	2	1	64	1	6	2	4	3	2	4	1	0.94745077	32	2215.4189	2216.0189	2216.0189	2216.2189	2216.9664
1	27	2	1	65	1	6	2	5	6	1	7	1	1.3845668	33	2218.0283	2218.2283	2218.2283	2218.4283	2219.6129
1	27	2	1	66	1	6	2	6	1	2	2	1	0.77608855	34	2220.2386	2220.8387	2220.8387	2221.0387	2221.6147
1	27	2	1	67	1	6	2	7	2	2	3	1	1.0877153	35	2222.8473	2223.4473	2223.4473	2223.6473	2224.535
1	27	2	1	68	1	6	2	8	4	2	5	1	1.1631999	36	2225.4573	2226.0573	2226.0573	2226.2573	2227.2205
1	27	2	1	69	1	6	2	9	3	2	6	0	1.075966	36	2228.0659	2228.6659	2228.6659	2228.866	2229.7419
1	27	2	1	70	1	6	2	10	5	2	3	0	1.6157225	36	2230.9825	2231.5825	2231.5825	2231.7825	2233.1982
1	27	2	1	71	1	6	2	11	2	2	4	0	1.8690053	36	2233.898	2234.498	2234.498	2234.698	2236.367
1	27	2	1	72	1	6	2	12	4	2	6	0	1.4378118	36	2236.8155	2237.4156	2237.4156	2237.6156	2238.8534
1	27	2	1	73	1	6	2	13	1	1	2	1	0.71366138	37	2239.7307	2239.9307	2239.9307	2240.1307	2240.6443
1	27	2	1	74	1	6	2	14	5	1	7	0	1.0598296	37	2241.9389	2242.1389	2242.1389	2242.3389	2243.1988
1	27	2	1	75	1	6	2	15	6	1	4	0	1.4639012	37	2244.4626	2244.6626	2244.6626	2244.8626	2246.1265
1	27	2	1	76	1	6	2	16	2	1	3	1	1.7985715	38	2246.9764	2247.1764	2247.1764	2247.3765	2248.975
1	27	2	1	77	1	6	2	17	1	1	3	0	1.909066	38	2249.1865	2249.3865	2249.3865	2249.5865	2251.2956
1	27	2	1	78	1	6	2	18	3	2	6	0	1.1912551	38	2251.7085	2252.3085	2252.3086	2252.5086	2253.4999
1	27	2	1	79	1	6	2	19	6	2	5	0	1.1695514	38	2254.6226	2255.2226	2255.2226	2255.4226	2256.3922
1	27	2	1	80	1	6	2	20	5	2	6	1	2.0000631	39	2257.5444	2258.1444	2258.1444	2258.3444	2260.1444
1	27	2	1	81	1	6	2	21	4	1	7	0	1.1475848	39	2260.1551	2260.3551	2260.3551	2260.5551	2261.5027
1	27	2	1	82	1	6	2	22	1	2	2	1	0.77340928	40	2262.6705	2263.2705	2263.2706	2263.4706	2264.044
1	27	2	1	83	1	6	2	23	3	1	7	0	1.3979861	40	2265.2809	2265.481	2265.481	2265.681	2266.879
1	27	2	1	84	1	6	2	24	6	1	4	0	1.7700668	40	2267.804	2268.0041	2268.0041	2268.2041	2269.7741
1	27	2	1	85	1	6	2	25	1	1	2	1	1.1232926	41	2270.316	2270.516	2270.516	2270.716	2271.6393
1	27	2	1	86	1	6	2	26	3	1	6	0	1.8085034	41	2272.5265	2272.7265	2272.7265	2272.9265	2274.535
1	27	2	1	87	1	6	2	27	5	1	5	0	1.1346764	41	2275.0494	2275.2494	2275.2494	2275.4494	2276.384
1	27	2	1	88	1	6	2	28	2	1	2	0	0.70460067	41	2277.5642	2277.7642	2277.7642	2277.9643	2278.4688
1	27	2	1	89	1	6	2	29	5	1	4	0	1.0081416	41	2280.0783	2280.2783	2280.2783	2280.4783	2281.2864
1	27	2	1	90	1	6	2	30	6	2	7	1	1.2592473	42	2282.5924	2283.1924	2283.1924	2283.3924	2284.4517
1	27	2	1	91	1	2	2	1	3	2	1	1	1.0182949	1	2297.4867	2298.0867	2298.0867	2298.2867	2299.105
1	27	2	1	92	1	2	2	2	2	1	1	1	0.5630127	2	2300.0979	2300.2979	2300.2979	2300.4979	2300.8609
1	27	2	1	93	1	2	2	3	6	2	8	1	0.51509693	3	2302.309	2302.909	2302.9091	2303.1091	2303.4242
1	27	2	1	94	1	2	2	4	4	2	8	1	0.56383588	4	2304.92	2305.5201	2305.5201	2305.7201	2306.0839
1	27	2	1	95	1	2	2	5	1	1	1	1	0.86766951	5	2307.5297	2307.7297	2307.7297	2307.9297	2308.5974
1	27	2	1	96	1	2	2	6	6	2	8	1	0.60848445	6	2309.7407	2310.3407	2310.3407	2310.5407	2310.9492
1	27	2	1	97	1	2	2	7	1	2	1	1	0.74858504	7	2312.3512	2312.9512	2312.9512	2313.1512	2313.6998
1	27	2	1	98	1	2	2	8	4	2	8	1	0.81939697	8	2314.9623	2315.5623	2315.5624	2315.7624	2316.3818
1	27	2	1	99	1	2	2	9	1	2	8	1	1.9971358	9	2317.5742	2318.1742	2318.1742	2318.3742	2320.1714
1	27	2	1	100	1	2	2	10	2	2	1	1	0.80731946	10	2320.1828	2320.7829	2320.7829	2320.9829	2321.5902
1	27	2	1	101	1	2	2	11	5	2	8	1	0.78805583	11	2322.7942	2323.3942	2323.3942	2323.5942	2324.1823
1	27	2	1	102	1	2	2	12	6	2	8	1	0.75349584	12	2325.4034	2326.0034	2326.0034	2326.2034	2326.7569
1	27	2	1	103	1	2	2	13	3	1	1	1	0.94092731	13	2328.0154	2328.2154	2328.2154	2328.4154	2329.1563
1	27	2	1	104	1	2	2	14	2	1	1	1	0.85089307	14	2330.2274	2330.4274	2330.4274	2330.6274	2331.2783
1	27	2	1	105	1	2	2	15	6	1	8	1	0.72796305	15	2332.439	2332.639	2332.639	2332.839	2333.367
1	27	2	1	106	1	2	2	16	6	1	8	1	0.76935998	16	2334.651	2334.851	2334.851	2335.051	2335.6204
1	27	2	1	107	1	2	2	17	4	1	8	1	0.87144434	17	2336.8626	2337.0626	2337.0626	2337.2626	2337.9341
1	27	2	1	108	1	2	2	18	3	2	1	1	0.84305868	18	2339.0746	2339.6746	2339.6746	2339.8747	2340.5177
1	27	2	1	109	1	2	2	19	2	2	1	1	0.70165698	19	2341.6867	2342.2867	2342.2868	2342.4868	2342.9884
1	27	2	1	110	1	2	2	20	5	2	8	1	0.94068817	20	2344.2992	2344.8992	2344.8992	2345.0992	2345.8399
1	27	2	1	111	1	2	2	21	1	1	1	1	0.71683079	21	2346.911	2347.111	2347.111	2347.311	2347.8278
1	27	2	1	112	1	2	2	22	5	2	8	1	0.64478248	22	2349.1207	2349.7207	2349.7207	2349.9207	2350.3655
1	27	2	1	113	1	2	2	23	5	1	8	1	0.72230344	23	2351.7327	2351.9327	2351.9327	2352.1327	2352.655
1	27	2	1	114	1	2	2	24	5	1	8	1	0.62353357	24	2353.9454	2354.1454	2354.1454	2354.3454	2354.769
1	27	2	1	115	1	2	2	25	4	1	8	1	0.65497307	25	2356.1575	2356.3575	2356.3575	2356.5575	2357.0125
1	27	2	1	116	1	2	2	26	4	1	8	1	0.54745282	26	2358.3698	2358.5698	2358.5698	2358.7698	2359.1173
1	27	2	1	117	1	2	2	27	3	1	1	1	0.58755289	27	2360.5794	2360.7794	2360.7794	2360.9794	2361.3669
1	27	2	1	118	1	2	2	28	2	1	1	1	0.61014354	28	2362.7894	2362.9894	2362.9894	2363.1894	2363.5996
1	27	2	1	119	1	2	2	29	3	1	1	1	0.50625054	29	2365.0016	2365.2016	2365.2016	2365.4016	2365.7079
1	27	2	1	120	1	2	2	30	1	2	1	1	0.53468203	30	2367.2142	2367.8142	2367.8142	2368.0142	2368.3488
1	27	2	1	121	1	6	3	1	3	2	6	0	0.8749819	30	2388.8037	2389.4037	2389.4037	2389.6037	2390.2787
1	27	2	1	122	1	6	3	2	2	1	3	1	1.4059962	31	2391.7238	2391.9238	2391.9238	2392.1238	2393.3298
1	27	2	1	123	1	6	3	3	6	2	7	1	1.7906712	32	2393.9362	2394.5362	2394.5362	2394.7362	2396.3269
1	27	2	1	124	1	6	3	4	4	2	6	0	1.4667223	32	2396.5483	2397.1483	2397.1483	2397.3483	2398.615
1	27	2	1	125	1	6	3	5	1	1	2	1	0.87475867	33	2399.5133	2399.7133	2399.7133	2399.9133	2400.5881
1	27	2	1	126	1	6	3	6	6	2	6	0	1.2948296	33	2401.7259	2402.3259	2402.3259	2402.5259	2403.6208
1	27	2	1	127	1	6	3	7	1	2	3	0	1.1472703	33	2404.6414	2405.2414	2405.2414	2405.4414	2406.3887
1	27	2	1	128	1	6	3	8	4	2	5	1	1.37535	34	2407.5579	2408.1579	2408.1579	2408.3579	2409.5332
1	27	2	1	129	1	6	3	9	1	2	3	0	1.2355626	34	2410.1707	2410.7707	2410.7707	2410.9707	2412.0063
1	27	2	1	130	1	6	3	10	2	2	3	1	1.9191142	35	2413.0931	2413.6931	2413.6931	2413.8931	2415.6122
1	27	2	1	131	1	6	3	11	5	2	5	0	1.7392513	35	2415.7057	2416.3057	2416.3057	2416.5057	2418.045
1	27	2	1	132	1	6	3	12	6	2	6	0	1.8624109	35	2418.6242	2419.2242	2419.2242	2419.4242	2421.0866
1	27	2	1	133	1	6	3	13	3	1	5	0	1.4402584	35	2421.5506	2421.7506	2421.7506	2421.9506	2423.1908
1	27	2	1	134	1	6	3	14	2	1	3	1	1.8018571	36	2424.0747	2424.2747	2424.2747	2424.4747	2426.0766
1	27	2	1	135	1	6	3	15	6	1	6	0	1.3118647	36	2426.2852	2426.4852	2426.4853	2426.6853	2427.7971
1	27	2	1	136	1	6	3	16	6	1	7	1	0.68502004	37	2428.8066	2429.0066	2429.0066	2429.2067	2429.6917
1	27	2	1	137	1	6	3	17	4	1	6	0	1.5141814	37	2431.02	2431.22	2431.22	2431.42	2432.7342
1	27	2	1	138	1	6	3	18	3	2	6	0	1.0098729	37	2433.5466	2434.1466	2434.1466	2434.3466	2435.1565
1	27	2	1	139	1	6	3	19	2	2	3	1	1.1641554	38	2436.4734	2437.0734	2437.0734	2437.2734	2438.2376
1	27	2	1	140	1	6	3	20	5	2	6	1	1.2803538	39	2439.0843	2439.6843	2439.6844	2439.8844	2440.9647
1	27	2	1	141	1	6	3	21	1	1	2	1	1.7989778	40	2441.695	2441.895	2441.895	2442.095	2443.6939
1	27	2	1	142	1	6	3	22	5	2	6	1	0.6747433	41	2443.9084	2444.5084	2444.5084	2444.7084	2445.1831
1	27	2	1	143	1	6	3	23	5	1	6	1	0.77304632	42	2446.5214	2446.7214	2446.7214	2446.9214	2447.4945
1	27	2	1	144	1	6	3	24	5	1	6	1	0.54886227	43	2448.7347	2448.9347	2448.9347	2449.1347	2449.4836
1	27	2	1	145	1	6	3	25	4	1	5	1	1.1912159	44	2450.9485	2451.1485	2451.1485	2451.3486	2452.3398
1	27	2	1	146	1	6	3	26	4	1	5	1	0.70044897	45	2453.1606	2453.3606	2453.3606	2453.5606	2454.0611
1	27	2	1	147	1	6	3	27	3	1	4	1	1.8995811	46	2455.374	2455.574	2455.574	2455.774	2457.4736
1	27	2	1	148	1	6	3	28	2	1	3	1	0.9732481	47	2457.5867	2457.7867	2457.7867	2457.9867	2458.76
1	27	2	1	149	1	6	3	29	3	1	5	0	1.0936564	47	2459.8007	2460.0007	2460.0007	2460.2007	2461.0944
1	27	2	1	150	1	6	3	30	1	2	3	0	1.0513206	47	2462.321	2462.921	2462.921	2463.121	2463.9723
1	27	2	1	151	1	2	3	1	6	2	8	1	0.70220499	1	2476.7352	2477.3352	2477.3352	2477.5352	2478.0374
1	27	2	1	152	1	2	3	2	5	1	8	1	0.51158024	2	2479.3488	2479.5488	2479.5488	2479.7488	2480.0603
1	27	2	1	153	1	2	3	3	1	2	1	1	0.50732126	3	2481.5626	2482.1626	2482.1626	2482.3626	2482.67
1	27	2	1	154	1	2	3	4	3	2	1	1	0.54858815	4	2484.1765	2484.7765	2484.7765	2484.9765	2485.3251
1	27	2	1	155	1	2	3	5	5	1	8	1	0.71920633	5	2486.7907	2486.9907	2486.9907	2487.1907	2487.7099
1	27	2	1	156	1	2	3	6	4	2	8	1	0.67932638	6	2489.0044	2489.6044	2489.6044	2489.8044	2490.2837
1	27	2	1	157	1	2	3	7	2	2	1	1	0.69903844	7	2491.6187	2492.2187	2492.2187	2492.4187	2492.9177
1	27	2	1	158	1	2	3	8	5	2	8	1	0.83283806	8	2494.2309	2494.8309	2494.8309	2495.0309	2495.6638
1	27	2	1	159	1	2	3	9	2	2	1	1	0.63163827	9	2496.8448	2497.4449	2497.4449	2497.6449	2498.0765
1	27	2	1	160	1	2	3	10	3	2	1	1	0.62454478	10	2499.4593	2500.0593	2500.0593	2500.2593	2500.6839
1	27	2	1	161	1	2	3	11	2	2	1	1	0.67423021	11	2502.0738	2502.6738	2502.6738	2502.8738	2503.348
1	27	2	1	162	1	2	3	12	3	2	1	1	0.66473176	12	2504.6854	2505.2854	2505.2854	2505.4854	2505.9501
1	27	2	1	163	1	2	3	13	6	1	8	1	0.61935864	13	2507.3	2507.5	2507.5	2507.7	2508.1194
1	27	2	1	164	1	2	3	14	4	1	8	1	0.98415873	14	2509.512	2509.712	2509.712	2509.912	2510.6961
1	27	2	1	165	1	2	3	15	3	1	1	1	0.68717864	15	2511.7265	2511.9265	2511.9265	2512.1265	2512.6137
1	27	2	1	166	1	2	3	16	1	1	1	1	0.77122437	16	2513.9406	2514.1406	2514.1406	2514.3406	2514.9118
1	27	2	1	167	1	2	3	17	6	1	8	1	0.63601831	17	2516.1531	2516.3531	2516.3531	2516.5531	2516.9891
1	27	2	1	168	1	2	3	18	5	2	8	1	0.71955825	18	2518.368	2518.968	2518.968	2519.168	2519.6875
1	27	2	1	169	1	2	3	19	6	2	8	1	0.59993081	19	2520.9823	2521.5823	2521.5823	2521.7823	2522.1822
1	27	2	1	170	1	2	3	20	2	2	1	1	0.87746906	20	2523.6147	2524.2147	2524.2147	2524.4147	2525.0921
1	27	2	1	171	1	2	3	21	1	1	1	1	0.89980193	21	2526.2294	2526.4294	2526.4294	2526.6294	2527.3292
1	27	2	1	172	1	2	3	22	1	2	1	1	0.50919852	22	2528.4439	2529.0439	2529.0439	2529.2439	2529.5531
1	27	2	1	173	1	2	3	23	4	1	8	1	0.69935357	23	2531.0585	2531.2585	2531.2585	2531.4586	2531.9579
1	27	2	1	174	1	2	3	24	6	1	8	1	0.59601604	24	2533.2736	2533.4736	2533.4736	2533.6736	2534.0696
1	27	2	1	175	1	2	3	25	2	1	1	1	0.73423257	25	2535.4881	2535.6881	2535.6881	2535.8881	2536.4224
1	27	2	1	176	1	2	3	26	5	1	8	1	0.6076424	26	2537.7011	2537.9011	2537.9011	2538.1011	2538.5087
1	27	2	1	177	1	2	3	27	4	1	8	1	0.54561716	27	2539.9163	2540.1163	2540.1163	2540.3163	2540.662
1	27	2	1	178	1	2	3	28	1	1	1	1	0.58630454	28	2542.132	2542.332	2542.332	2542.532	2542.9184
1	27	2	1	179	1	2	3	29	3	1	1	1	0.71313151	29	2544.3485	2544.5486	2544.5486	2544.7486	2545.2617
1	27	2	1	180	1	2	3	30	4	2	8	1	0.74487966	30	2546.5638	2547.1638	2547.1638	2547.3638	2547.9087
1	27	2	1	181	2	6	4	1	6	2	7	1	1.8928869	31	2865.7337	2866.3337	2866.3337	2866.5337	2868.2266
1	27	2	1	182	2	6	4	2	5	1	6	1	1.4874232	32	2868.3489	2868.5489	2868.5489	2868.7489	2870.0364
1	27	2	1	183	2	6	4	3	1	2	3	0	1.4980882	32	2870.5613	2871.1613	2871.1613	2871.3613	2872.6594
1	27	2	1	184	2	6	4	4	3	2	4	1	1.215749	33	2873.1764	2873.7764	2873.7764	2873.9764	2874.9921
1	27	2	1	185	2	6	4	5	5	1	5	0	1.0464769	33	2875.7919	2875.9919	2875.9919	2876.1919	2877.0384
1	27	2	1	186	2	6	4	6	4	2	5	1	1.4121128	34	2878.0074	2878.6074	2878.6074	2878.8074	2880.0196
1	27	2	1	187	2	6	4	7	2	2	2	0	1.0905518	34	2880.6216	2881.2216	2881.2216	2881.4216	2882.3121
1	27	2	1	188	2	6	4	8	5	2	5	0	1.0936079	34	2883.2345	2883.8345	2883.8345	2884.0345	2884.9281
1	27	2	1	189	2	6	4	9	2	2	7	0	1.7816586	34	2885.8502	2886.4502	2886.4502	2886.6502	2888.2318
1	27	2	1	190	2	6	4	10	3	2	6	0	1.470347	34	2888.4631	2889.0631	2889.0631	2889.2631	2890.5334
1	27	2	1	191	2	6	4	11	2	2	3	1	1.142666	35	2891.079	2891.679	2891.679	2891.879	2892.8217
1	27	2	1	192	2	6	4	12	3	2	5	0	1.832886	35	2893.6919	2894.2919	2894.2919	2894.4919	2896.1248
1	27	2	1	193	2	6	4	13	6	1	5	0	1.1637833	35	2896.3068	2896.5068	2896.5068	2896.7068	2897.6706
1	27	2	1	194	2	6	4	14	4	1	6	0	1.1901882	35	2898.5207	2898.7207	2898.7207	2898.9207	2899.9109
1	27	2	1	195	2	6	4	15	3	1	6	0	1.3726951	35	2900.7371	2900.9371	2900.9371	2901.1371	2902.3098
1	27	2	1	196	2	6	4	16	1	1	2	1	1.3003119	36	2902.9525	2903.1525	2903.1525	2903.3525	2904.4529
1	27	2	1	197	2	6	4	17	6	1	3	0	1.6051969	36	2905.1685	2905.3685	2905.3685	2905.5685	2906.9737
1	27	2	1	198	2	6	4	18	5	2	6	1	1.3631228	37	2907.3846	2907.9846	2907.9846	2908.1846	2909.3477
1	27	2	1	199	2	6	4	19	6	2	6	0	1.2211254	37	2909.9991	2910.5991	2910.5991	2910.7991	2911.8202
1	27	2	1	200	2	6	4	20	2	2	3	1	1.6052032	38	2912.6154	2913.2154	2913.2154	2913.4154	2914.8206
1	27	2	1	201	2	6	4	21	1	1	2	1	0.76077197	39	2915.2323	2915.4323	2915.4323	2915.6323	2916.1931
1	27	2	1	202	2	6	4	22	1	2	2	1	1.9970235	40	2917.4488	2918.0488	2918.0488	2918.2488	2920.0458
1	27	2	1	203	2	6	4	23	4	1	5	1	1.5518507	41	2920.0614	2920.2614	2920.2614	2920.4614	2921.8133
1	27	2	1	204	2	6	4	24	6	1	6	0	1.2531595	41	2922.2746	2922.4746	2922.4746	2922.6746	2923.7277
1	27	2	1	205	2	6	4	25	2	1	3	1	1.3177482	42	2924.4888	2924.6888	2924.6888	2924.8888	2926.0066
1	27	2	1	206	2	6	4	26	5	1	7	0	1.1729913	42	2926.7029	2926.9029	2926.9029	2927.1029	2928.0758
1	27	2	1	207	2	6	4	27	4	1	7	0	1.7824746	42	2928.9194	2929.1194	2929.1194	2929.3194	2930.9019
1	27	2	1	208	2	6	4	28	1	1	0	0	-2931.3356	42	2931.1355	2931.3356	2931.3356	2931.5356	0
1	27	2	1	209	2	6	4	29	3	1	6	0	1.043558	42	2933.3517	2933.5517	2933.5517	2933.7517	2934.5953
1	27	2	1	210	2	6	4	30	4	2	6	0	0.82186736	42	2935.5675	2936.1675	2936.1675	2936.3675	2936.9894
1	27	2	1	211	2	2	4	1	1	2	1	1	0.69554129	1	2966.2522	2966.8522	2966.8522	2967.0522	2967.5477
1	27	2	1	212	2	2	4	2	3	1	1	1	0.65871918	2	2968.8691	2969.0692	2969.0692	2969.2692	2969.7279
1	27	2	1	213	2	2	4	3	3	2	1	1	0.62035531	3	2971.0831	2971.6831	2971.6831	2971.8831	2972.3035
1	27	2	1	214	2	2	4	4	2	2	1	1	0.58434552	4	2973.7002	2974.3002	2974.3002	2974.5002	2974.8846
1	27	2	1	215	2	2	4	5	5	1	8	1	0.80162194	5	2976.3141	2976.5141	2976.5141	2976.7141	2977.3157
1	27	2	1	216	2	2	4	6	5	2	8	1	0.64549977	6	2978.5286	2979.1286	2979.1286	2979.3286	2979.7741
1	27	2	1	217	2	2	4	7	6	2	8	1	0.64559568	7	2981.1449	2981.7449	2981.7449	2981.9449	2982.3905
1	27	2	1	218	2	2	4	8	1	2	1	1	0.5558329	8	2983.7619	2984.3619	2984.3619	2984.5619	2984.9177
1	27	2	1	219	2	2	4	9	2	2	1	1	0.57789547	9	2986.3789	2986.9789	2986.9789	2987.1789	2987.5568
1	27	2	1	220	2	2	4	10	5	2	8	1	0.53650716	10	2988.9956	2989.5956	2989.5956	2989.7956	2990.1321
1	27	2	1	221	2	2	4	11	6	2	8	1	0.4976234	11	2991.6125	2992.2125	2992.2125	2992.4125	2992.7101
1	27	2	1	222	2	2	4	12	1	2	1	1	0.63374132	12	2994.2304	2994.8304	2994.8304	2995.0304	2995.4642
1	27	2	1	223	2	2	4	13	3	1	1	1	0.58448309	13	2996.8454	2997.0454	2997.0454	2997.2454	2997.6299
1	27	2	1	224	2	2	4	14	6	1	8	1	0.57239233	14	2999.0596	2999.2596	2999.2596	2999.4596	2999.832
1	27	2	1	225	2	2	4	15	4	1	8	1	0.58595801	15	3001.2773	3001.4773	3001.4773	3001.6773	3002.0633
1	27	2	1	226	2	2	4	16	1	1	1	1	0.72718363	16	3003.4947	3003.6947	3003.6947	3003.8947	3004.4219
1	27	2	1	227	2	2	4	17	5	1	8	1	0.50798665	17	3005.7119	3005.9119	3005.9119	3006.1119	3006.4199
1	27	2	1	228	2	2	4	18	6	2	8	1	0.540407	18	3007.9298	3008.5298	3008.5298	3008.7298	3009.0702
1	27	2	1	229	2	2	4	19	2	2	1	1	0.60636531	19	3010.5441	3011.1441	3011.1442	3011.3442	3011.7505
1	27	2	1	230	2	2	4	20	2	2	1	1	0.71838728	20	3013.1613	3013.7613	3013.7613	3013.9613	3014.4797
1	27	2	1	231	2	2	4	21	4	1	8	1	0.8283933	21	3015.7789	3015.9789	3015.9789	3016.1789	3016.8073
1	27	2	1	232	2	2	4	22	3	2	1	1	0.68870183	22	3017.9972	3018.5972	3018.5972	3018.7972	3019.2859
1	27	2	1	233	2	2	4	23	2	1	1	1	0.87985317	23	3020.6148	3020.8148	3020.8148	3021.0148	3021.6946
1	27	2	1	234	2	2	4	24	5	1	8	1	0.66148392	24	3022.8321	3023.0321	3023.0321	3023.2321	3023.6936
1	27	2	1	235	2	2	4	25	3	1	1	1	0.60192605	25	3025.0501	3025.2501	3025.2501	3025.4501	3025.852
1	27	2	1	236	2	2	4	26	4	1	8	1	1.2094094	26	3027.2675	3027.4675	3027.4675	3027.6675	3028.6769
1	27	2	1	237	2	2	4	27	4	1	8	1	0.84831684	27	3029.4854	3029.6854	3029.6854	3029.8854	3030.5337
1	27	2	1	238	2	2	4	28	6	1	8	1	0.58101048	28	3031.7032	3031.9032	3031.9032	3032.1032	3032.4842
1	27	2	1	239	2	2	4	29	4	1	8	1	0.51745449	29	3033.9216	3034.1217	3034.1217	3034.3217	3034.6391
1	27	2	1	240	2	2	4	30	1	2	1	1	0.57539192	30	3036.1888	3036.7888	3036.7888	3036.9888	3037.3642
1	27	2	1	241	2	6	5	1	1	2	3	0	1.999683	30	3066.9008	3067.5008	3067.5008	3067.7008	3069.5005
1	27	2	1	242	2	6	5	2	3	1	4	1	1.7427308	31	3069.5177	3069.7177	3069.7177	3069.9177	3071.4605
1	27	2	1	243	2	6	5	3	3	2	4	1	0.64665187	32	3071.736	3072.336	3072.336	3072.536	3072.9827
1	27	2	1	244	2	6	5	4	2	2	2	0	1.9984814	32	3074.3546	3074.9546	3074.9546	3075.1546	3076.953
1	27	2	1	245	2	6	5	5	5	1	6	1	1.970393	33	3076.9726	3077.1726	3077.1726	3077.3726	3079.143
1	27	2	1	246	2	6	5	6	5	2	6	1	0.62018159	34	3079.1869	3079.7869	3079.7869	3079.9869	3080.4071
1	27	2	1	247	2	6	5	7	6	2	7	1	0.99323154	35	3081.8062	3082.4062	3082.4062	3082.6062	3083.3994
1	27	2	1	248	2	6	5	8	1	2	2	1	1.3313362	36	3084.4252	3085.0252	3085.0252	3085.2252	3086.3566
1	27	2	1	249	2	6	5	9	2	2	3	1	1.1054345	37	3087.0445	3087.6445	3087.6445	3087.8445	3088.75
1	27	2	1	250	2	6	5	10	5	2	6	1	1.3765237	38	3089.6634	3090.2634	3090.2634	3090.4634	3091.6399
1	27	2	1	251	2	6	5	11	6	2	7	1	0.82576242	39	3092.2823	3092.8823	3092.8823	3093.0823	3093.708
1	27	2	1	252	2	6	5	12	1	2	2	1	1.2254584	40	3094.9003	3095.5003	3095.5003	3095.7003	3096.7258
1	27	2	1	253	2	6	5	13	3	1	6	0	1.7986505	40	3097.5187	3097.7187	3097.7187	3097.9187	3099.5173
1	27	2	1	254	2	6	5	14	6	1	7	1	1.0078286	41	3099.7339	3099.9339	3099.9339	3100.1339	3100.9417
1	27	2	1	255	2	6	5	15	4	1	5	1	1.0135232	42	3101.9527	3102.1527	3102.1527	3102.3527	3103.1663
1	27	2	1	256	2	6	5	16	1	1	2	1	0.80167161	43	3104.1729	3104.3729	3104.3729	3104.5729	3105.1745
1	27	2	1	257	2	6	5	17	5	1	6	1	1.3397013	44	3106.3931	3106.5931	3106.5932	3106.7932	3107.9329
1	27	2	1	258	2	6	5	18	6	2	7	1	1.2734558	45	3108.6122	3109.2122	3109.2122	3109.4122	3110.4856
1	27	2	1	259	2	6	5	19	2	2	3	1	1.6385641	46	3111.2708	3111.8708	3111.8708	3112.0708	3113.5094
1	27	2	1	260	2	6	5	20	2	2	3	1	0.64835257	47	3113.8867	3114.4868	3114.4868	3114.6868	3115.1351
1	27	2	1	261	2	6	5	21	4	1	5	1	1.3538841	48	3116.5059	3116.7059	3116.7059	3116.9059	3118.0597
1	27	2	1	262	2	6	5	22	3	2	4	1	0.95892785	49	3118.7252	3119.3252	3119.3252	3119.5252	3120.2841
1	27	2	1	263	2	6	5	23	2	1	3	1	1.2509396	50	3121.3464	3121.5464	3121.5465	3121.7465	3122.7974
1	27	2	1	264	2	6	5	24	5	1	6	1	1.2538425	51	3123.5658	3123.7658	3123.7658	3123.9658	3125.0196
1	27	2	1	265	2	6	5	25	3	1	7	0	1.0655509	51	3125.7819	3125.9819	3125.9819	3126.1819	3127.0475
1	27	2	1	266	2	6	5	26	4	1	5	1	0.99056416	52	3128.0009	3128.2009	3128.2009	3128.4009	3129.1914
1	27	2	1	267	2	6	5	27	4	1	5	1	1.9982642	53	3130.22	3130.42	3130.42	3130.62	3132.4183
1	27	2	1	268	2	6	5	28	6	1	7	1	1.1966514	54	3132.4354	3132.6354	3132.6354	3132.8354	3133.832
1	27	2	1	269	2	6	5	29	4	1	5	1	1.0004301	55	3134.655	3134.855	3134.8551	3135.0551	3135.8555
1	27	2	1	270	2	6	5	30	1	2	3	0	1.9619654	55	3136.8745	3137.4746	3137.4746	3137.6746	3139.4366
1	27	2	1	271	2	2	5	1	4	2	8	1	1.2284373	1	3167.5595	3168.1595	3168.1595	3168.3595	3169.388
1	27	2	1	272	2	2	5	2	6	1	8	1	0.52195189	2	3170.1794	3170.3794	3170.3794	3170.5794	3170.9014
1	27	2	1	273	2	2	5	3	4	2	8	1	0.51043335	3	3172.3992	3172.9992	3172.9992	3173.1992	3173.5096
1	27	2	1	274	2	2	5	4	2	2	1	1	0.62040387	4	3175.0185	3175.6185	3175.6185	3175.8185	3176.2389
1	27	2	1	275	2	2	5	5	5	1	8	1	0.61790406	5	3177.6381	3177.8381	3177.8382	3178.0382	3178.4561
1	27	2	1	276	2	2	5	6	1	2	1	1	0.6940989	6	3179.8578	3180.4578	3180.4578	3180.6578	3181.1519
1	27	2	1	277	2	2	5	7	6	2	8	1	0.67863932	7	3182.4774	3183.0774	3183.0774	3183.2774	3183.756
1	27	2	1	278	2	2	5	8	1	2	1	1	0.67539592	8	3185.0977	3185.6977	3185.6978	3185.8978	3186.3731
1	27	2	1	279	2	2	5	9	5	2	8	1	0.665198	9	3187.7178	3188.3178	3188.3178	3188.5178	3188.983
1	27	2	1	280	2	2	5	10	5	2	8	1	0.97383257	10	3190.3348	3190.9348	3190.9348	3191.1348	3191.9086
1	27	2	1	281	2	2	5	11	3	2	1	1	0.96481905	11	3192.9552	3193.5552	3193.5552	3193.7552	3194.52
1	27	2	1	282	2	2	5	12	1	2	1	1	1.4150992	12	3195.5727	3196.1727	3196.1727	3196.3727	3197.5878
1	27	2	1	283	2	2	5	13	4	1	8	1	0.6789749	13	3198.1921	3198.3921	3198.3921	3198.5921	3199.0711
1	27	2	1	284	2	2	5	14	2	1	1	1	1.879911	14	3200.4121	3200.6121	3200.6121	3200.8121	3202.4921
1	27	2	1	285	2	2	5	15	2	1	1	1	0.8356189	15	3202.6324	3202.8324	3202.8324	3203.0324	3203.668
1	27	2	1	286	2	2	5	16	6	1	8	1	0.94238892	16	3204.8518	3205.0518	3205.0518	3205.2518	3205.9942
1	27	2	1	287	2	2	5	17	2	1	1	1	0.67060081	17	3207.0722	3207.2722	3207.2722	3207.4722	3207.9428
1	27	2	1	288	2	2	5	18	2	2	1	1	0.74509782	18	3209.2917	3209.8917	3209.8917	3210.0917	3210.6368
1	27	2	1	289	2	2	5	19	5	2	8	1	0.61317154	19	3211.9118	3212.5118	3212.5118	3212.7118	3213.125
1	27	2	1	290	2	2	5	20	1	2	1	1	0.85793018	20	3214.5326	3215.1326	3215.1326	3215.3326	3215.9905
1	27	2	1	291	2	2	5	21	5	1	8	1	0.73118578	21	3217.1525	3217.3525	3217.3525	3217.5525	3218.0837
1	27	2	1	292	2	2	5	22	3	2	1	1	0.83711405	22	3219.409	3220.009	3220.009	3220.209	3220.8461
1	27	2	1	293	2	2	5	23	3	1	1	1	1.8550396	23	3222.0295	3222.2295	3222.2295	3222.4295	3224.0845
1	27	2	1	294	2	2	5	24	6	1	8	1	0.65124767	24	3224.2498	3224.4498	3224.4498	3224.6498	3225.101
1	27	2	1	295	2	2	5	25	6	1	8	1	0.66171267	25	3226.4701	3226.6701	3226.6701	3226.8701	3227.3318
1	27	2	1	296	2	2	5	26	1	1	1	1	0.93127388	26	3228.6902	3228.8902	3228.8902	3229.0902	3229.8215
1	27	2	1	297	2	2	5	27	3	1	1	1	0.8790862	27	3230.9095	3231.1095	3231.1095	3231.3095	3231.9886
1	27	2	1	298	2	2	5	28	3	1	1	1	0.93465274	28	3233.1269	3233.3269	3233.3269	3233.5269	3234.2616
1	27	2	1	299	2	2	5	29	4	1	8	1	0.76459707	29	3235.3463	3235.5463	3235.5463	3235.7463	3236.3109
1	27	2	1	300	2	2	5	30	4	2	8	1	0.67951991	30	3237.5652	3238.1652	3238.1652	3238.3652	3238.8447
1	27	2	1	301	2	6	6	1	4	2	5	1	0.93588045	31	3268.2788	3268.8788	3268.8788	3269.0788	3269.8146
1	27	2	1	302	2	6	6	2	6	1	7	1	1.0663635	32	3270.8992	3271.0992	3271.0992	3271.2992	3272.1656
1	27	2	1	303	2	6	6	3	4	2	5	1	1.6838464	33	3273.1199	3273.7199	3273.72	3273.92	3275.4038
1	27	2	1	304	2	6	6	4	2	2	3	1	1.6935883	34	3275.7372	3276.3372	3276.3372	3276.5372	3278.0308
1	27	2	1	305	2	6	6	5	5	1	6	1	1.5814498	35	3278.3584	3278.5584	3278.5584	3278.7584	3280.1399
1	27	2	1	306	2	6	6	6	1	2	2	1	1.2008288	36	3280.5797	3281.1797	3281.1797	3281.3797	3282.3805
1	27	2	1	307	2	6	6	7	6	2	7	1	1.3439592	37	3283.2	3283.8	3283.8	3284	3285.144
1	27	2	1	308	2	6	6	8	1	2	2	1	1.2187876	38	3285.8207	3286.4207	3286.4207	3286.6207	3287.6395
1	27	2	1	309	2	6	6	9	5	2	6	1	1.9442263	39	3288.4939	3289.0939	3289.0939	3289.2939	3291.0382
1	27	2	1	310	2	6	6	10	5	2	6	1	0.50879329	40	3291.1118	3291.7118	3291.7118	3291.9118	3292.2206
1	27	2	1	311	2	6	6	11	3	2	4	1	1.4505389	41	3293.7335	3294.3335	3294.3335	3294.5335	3295.784
1	27	2	1	312	2	6	6	12	1	2	2	1	0.80386892	42	3296.355	3296.955	3296.955	3297.155	3297.7589
1	27	2	1	313	2	6	6	13	4	1	5	1	1.2584376	43	3298.9761	3299.1761	3299.1761	3299.3761	3300.4346
1	27	2	1	314	2	6	6	14	2	1	3	1	1.9980227	44	3301.1974	3301.3974	3301.3974	3301.5974	3303.3954
1	27	2	1	315	2	6	6	15	2	1	3	1	0.77205917	45	3303.4159	3303.6159	3303.6159	3303.8159	3304.3879
1	27	2	1	316	2	6	6	16	6	1	7	1	0.96304857	46	3305.6337	3305.8337	3305.8337	3306.0337	3306.7968
1	27	2	1	317	2	6	6	17	2	1	3	1	1.9985937	47	3307.855	3308.055	3308.055	3308.255	3310.0536
1	27	2	1	318	2	6	6	18	2	2	3	1	0.76431316	48	3310.0759	3310.6759	3310.6759	3310.8759	3311.4402
1	27	2	1	319	2	6	6	19	5	2	6	1	0.95638203	49	3312.697	3313.297	3313.297	3313.497	3314.2534
1	27	2	1	320	2	6	6	20	1	2	2	1	0.87833374	50	3315.3191	3315.9191	3315.9191	3316.1191	3316.7974
1	27	2	1	321	2	6	6	21	5	1	6	1	2.0004036	51	3317.9404	3318.1404	3318.1404	3318.3404	3320.1408
1	27	2	1	322	2	6	6	22	3	2	0	0	-3320.7628	51	3320.1628	3320.7628	3320.7628	3320.9628	0
1	27	2	1	323	2	6	6	23	3	1	4	1	1.8818637	52	3322.787	3322.987	3322.987	3323.187	3324.8688
1	27	2	1	324	2	6	6	24	6	1	7	1	1.0204731	53	3325.009	3325.209	3325.209	3325.409	3326.2295
1	27	2	1	325	2	6	6	25	6	1	6	0	1.4485968	53	3327.2304	3327.4304	3327.4304	3327.6304	3328.879
1	27	2	1	326	2	6	6	26	1	1	2	1	1.233339	54	3329.4516	3329.6516	3329.6516	3329.8516	3330.8849
1	27	2	1	327	2	6	6	27	3	1	0	0	-3331.8761	54	3331.6761	3331.8761	3331.8761	3332.0761	0
1	27	2	1	328	2	6	6	28	3	1	4	1	0.74637264	55	3333.8982	3334.0982	3334.0982	3334.2982	3334.8446
1	27	2	1	329	2	6	6	29	4	1	5	1	1.1351843	56	3336.1207	3336.3207	3336.3207	3336.5208	3337.4559
1	27	2	1	330	2	6	6	30	4	2	4	0	1.0875557	56	3338.3426	3338.9427	3338.9427	3339.1427	3340.0302
1	27	2	1	331	2	2	6	1	2	2	1	1	0.73952471	1	3369.0279	3369.6279	3369.6279	3369.8279	3370.3674
1	27	2	1	332	2	2	6	2	1	1	1	1	0.6695961	2	3371.65	3371.85	3371.85	3372.05	3372.5196
1	27	2	1	333	2	2	6	3	5	2	8	1	0.56819676	3	3373.8689	3374.4689	3374.4689	3374.6689	3375.0371
1	27	2	1	334	2	2	6	4	4	2	8	1	0.5089092	4	3376.4906	3377.0906	3377.0906	3377.2906	3377.5995
1	27	2	1	335	2	2	6	5	1	1	1	1	0.51633635	5	3379.1127	3379.3127	3379.3127	3379.5127	3379.8291
1	27	2	1	336	2	2	6	6	3	2	1	1	0.64726982	6	3381.3343	3381.9343	3381.9343	3382.1343	3382.5816
1	27	2	1	337	2	2	6	7	4	2	8	1	0.7027452	7	3383.957	3384.557	3384.557	3384.757	3385.2597
1	27	2	1	338	2	2	6	8	6	2	8	1	0.84319787	8	3386.5794	3387.1794	3387.1794	3387.3794	3388.0226
1	27	2	1	339	2	2	6	9	3	2	1	1	0.63373339	9	3389.1984	3389.7984	3389.7984	3389.9984	3390.4321
1	27	2	1	340	2	2	6	10	2	2	1	1	0.61118171	10	3391.8207	3392.4207	3392.4207	3392.6207	3393.0319
1	27	2	1	341	2	2	6	11	5	2	8	1	0.7066774	11	3394.4434	3395.0434	3395.0434	3395.2434	3395.7501
1	27	2	1	342	2	2	6	12	5	2	8	1	0.65910051	12	3397.0653	3397.6653	3397.6653	3397.8653	3398.3244
1	27	2	1	343	2	2	6	13	1	1	1	1	0.68729738	13	3399.6875	3399.8875	3399.8875	3400.0875	3400.5748
1	27	2	1	344	2	2	6	14	3	1	1	1	1.1995993	14	3401.9125	3402.1125	3402.1125	3402.3125	3403.3121
1	27	2	1	345	2	2	6	15	4	1	8	1	0.69450891	15	3404.1373	3404.3373	3404.3373	3404.5373	3405.0318
1	27	2	1	346	2	2	6	16	1	1	1	1	0.60341905	16	3406.3605	3406.5605	3406.5605	3406.7605	3407.1639
1	27	2	1	347	2	2	6	17	2	1	1	1	0.61321154	17	3408.6338	3408.8338	3408.8338	3409.0338	3409.447
1	27	2	1	348	2	2	6	18	2	2	1	1	0.52756656	18	3410.8568	3411.4568	3411.4568	3411.6568	3411.9844
1	27	2	1	349	2	2	6	19	5	2	8	1	0.64659657	19	3413.4787	3414.0787	3414.0787	3414.2787	3414.7253
1	27	2	1	350	2	2	6	20	4	2	8	1	1.1738219	20	3416.1022	3416.7022	3416.7022	3416.9022	3417.876
1	27	2	1	351	2	2	6	21	4	1	8	1	0.77878712	21	3418.7221	3418.9221	3418.9221	3419.1221	3419.7009
1	27	2	1	352	2	2	6	22	5	2	8	1	0.85439551	22	3420.9423	3421.5423	3421.5423	3421.7423	3422.3967
1	27	2	1	353	2	2	6	23	2	1	1	1	1.042769	23	3423.5652	3423.7652	3423.7652	3423.9652	3424.808
1	27	2	1	354	2	2	6	24	3	1	1	1	0.67368454	24	3425.7891	3425.9891	3425.9891	3426.1891	3426.6628
1	27	2	1	355	2	2	6	25	6	1	8	1	1.3567127	25	3428.0127	3428.2128	3428.2128	3428.4128	3429.5695
1	27	2	1	356	2	2	6	26	6	1	8	1	0.7357218	26	3430.2382	3430.4382	3430.4382	3430.6382	3431.1739
1	27	2	1	357	2	2	6	27	3	1	1	1	1.3923849	27	3432.4606	3432.6606	3432.6606	3432.8606	3434.053
1	27	2	1	358	2	2	6	28	1	1	1	1	0.68964558	28	3434.6873	3434.8873	3434.8873	3435.0873	3435.577
1	27	2	1	359	2	2	6	29	6	1	8	1	0.60674306	29	3436.9105	3437.1105	3437.1105	3437.3105	3437.7172
1	27	2	1	360	2	2	6	30	6	2	8	1	0.67089874	30	3439.1343	3439.7343	3439.7343	3439.9343	3440.4052
1	27	2	1	361	3	6	7	1	2	2	3	1	0.7170094	31	4335.2709	4335.8709	4335.8709	4336.0709	4336.5879
1	27	2	1	362	3	6	7	2	1	1	2	1	0.71783872	32	4337.8944	4338.0944	4338.0944	4338.2944	4338.8122
1	27	2	1	363	3	6	7	3	5	2	6	1	0.64877639	33	4340.1149	4340.7149	4340.7149	4340.9149	4341.3637
1	27	2	1	364	3	6	7	4	4	2	5	1	0.74714745	34	4342.7383	4343.3383	4343.3383	4343.5384	4344.0855
1	27	2	1	365	3	6	7	5	1	1	2	1	0.74920853	35	4345.3617	4345.5617	4345.5617	4345.7617	4346.3109
1	27	2	1	366	3	6	7	6	3	2	4	1	0.99442961	36	4347.5883	4348.1883	4348.1883	4348.3883	4349.1827
1	27	2	1	367	3	6	7	7	4	2	5	1	0.76168436	37	4350.2112	4350.8112	4350.8112	4351.0112	4351.5729
1	27	2	1	368	3	6	7	8	6	2	7	1	0.76071865	38	4352.8351	4353.4351	4353.4351	4353.6351	4354.1958
1	27	2	1	369	3	6	7	9	3	2	3	0	1.4678404	38	4355.4599	4356.0599	4356.0599	4356.2599	4357.5277
1	27	2	1	370	3	6	7	10	2	2	3	1	1.8402623	39	4358.0835	4358.6835	4358.6835	4358.8835	4360.5237
1	27	2	1	371	3	6	7	11	5	2	6	1	1.1642377	40	4360.7068	4361.3068	4361.3068	4361.5068	4362.471
1	27	2	1	372	3	6	7	12	5	2	6	1	0.79666444	41	4363.3304	4363.9304	4363.9304	4364.1305	4364.7271
1	27	2	1	373	3	6	7	13	1	1	2	1	0.92612625	42	4365.9539	4366.1539	4366.1539	4366.3539	4367.08
1	27	2	1	374	3	6	7	14	3	1	4	1	0.84279152	43	4368.1784	4368.3784	4368.3784	4368.5784	4369.2212
1	27	2	1	375	3	6	7	15	4	1	5	1	0.87392174	44	4370.4021	4370.6021	4370.6021	4370.8021	4371.4761
1	27	2	1	376	3	6	7	16	1	1	2	1	0.70019581	45	4372.6258	4372.8258	4372.8258	4373.0258	4373.526
1	27	2	1	377	3	6	7	17	2	1	3	1	1.5019081	46	4374.8488	4375.0488	4375.0488	4375.2488	4376.5507
1	27	2	1	378	3	6	7	18	2	2	3	1	0.83669733	47	4377.0718	4377.6718	4377.6718	4377.8718	4378.5085
1	27	2	1	379	3	6	7	19	5	2	6	1	1.0370957	48	4379.6958	4380.2958	4380.2958	4380.4958	4381.3329
1	27	2	1	380	3	6	7	20	4	2	5	1	0.84416494	49	4382.3201	4382.9202	4382.9202	4383.1202	4383.7643
1	27	2	1	381	3	6	7	21	4	1	5	1	0.78656518	50	4384.9446	4385.1446	4385.1446	4385.3446	4385.9312
1	27	2	1	382	3	6	7	22	5	2	6	1	1.5481634	51	4387.1688	4387.7688	4387.7688	4387.9688	4389.3169
1	27	2	1	383	3	6	7	23	2	1	3	1	1.469289	52	4389.7926	4389.9926	4389.9926	4390.1926	4391.4619
1	27	2	1	384	3	6	7	24	3	1	0	0	-4392.2164	52	4392.0164	4392.2164	4392.2164	4392.4164	0
1	27	2	1	385	3	6	7	25	6	1	7	1	1.4357978	53	4394.2415	4394.4415	4394.4415	4394.6415	4395.8773
1	27	2	1	386	3	6	7	26	6	1	7	1	0.79450094	54	4396.4656	4396.6656	4396.6656	4396.8656	4397.4601
1	27	2	1	387	3	6	7	27	3	1	4	1	0.7784492	55	4398.6911	4398.8911	4398.8911	4399.0911	4399.6695
1	27	2	1	388	3	6	7	28	1	1	2	1	0.6486843	56	4400.9148	4401.1148	4401.1148	4401.3148	4401.7635
1	27	2	1	389	3	6	7	29	6	1	7	1	0.78555833	57	4403.1388	4403.3388	4403.3388	4403.5388	4404.1244
1	27	2	1	390	3	6	7	30	6	2	7	1	0.77810148	58	4405.3631	4405.9632	4405.9632	4406.1632	4406.7413
1	27	2	1	391	3	2	7	1	2	2	1	1	0.77353772	1	4436.0505	4436.6505	4436.6505	4436.8505	4437.424
1	27	2	1	392	3	2	7	2	1	1	1	1	0.63646058	2	4438.6746	4438.8746	4438.8746	4439.0746	4439.5111
1	27	2	1	393	3	2	7	3	6	2	8	1	0.73881988	3	4440.8993	4441.4993	4441.4993	4441.6994	4442.2382
1	27	2	1	394	3	2	7	4	3	2	1	1	0.71494837	4	4443.5245	4444.1245	4444.1245	4444.3245	4444.8395
1	27	2	1	395	3	2	7	5	6	1	8	1	0.64083937	5	4446.1491	4446.3491	4446.3491	4446.5491	4446.99
1	27	2	1	396	3	2	7	6	4	2	8	1	0.63303442	6	4448.3706	4448.9706	4448.9706	4449.1706	4449.6037
1	27	2	1	397	3	2	7	7	5	2	8	1	0.57616652	7	4450.9959	4451.596	4451.596	4451.796	4452.1721
1	27	2	1	398	3	2	7	8	5	2	8	1	0.59149759	8	4453.6214	4454.2214	4454.2214	4454.4214	4454.8129
1	27	2	1	399	3	2	7	9	6	2	8	1	0.55244731	9	4456.246	4456.846	4456.846	4457.046	4457.3984
1	27	2	1	400	3	2	7	10	5	2	8	1	0.48109083	10	4458.871	4459.471	4459.471	4459.671	4459.9521
1	27	2	1	401	3	2	7	11	3	2	1	1	0.66076704	11	4461.4955	4462.0955	4462.0955	4462.2955	4462.7563
1	27	2	1	402	3	2	7	12	5	2	8	1	0.72484483	12	4464.1232	4464.7232	4464.7232	4464.9232	4465.448
1	27	2	1	403	3	2	7	13	6	1	8	1	0.62554882	13	4466.7475	4466.9475	4466.9475	4467.1475	4467.573
1	27	2	1	404	3	2	7	14	4	1	8	1	0.51974691	14	4468.9725	4469.1725	4469.1725	4469.3725	4469.6923
1	27	2	1	405	3	2	7	15	1	1	1	1	0.74404306	15	4471.1967	4471.3967	4471.3967	4471.5967	4472.1407
1	27	2	1	406	3	2	7	16	2	1	1	1	0.63343366	16	4473.422	4473.622	4473.622	4473.822	4474.2554
1	27	2	1	407	3	2	7	17	3	1	1	1	0.59017447	17	4475.6465	4475.8465	4475.8465	4476.0465	4476.4367
1	27	2	1	408	3	2	7	18	6	2	8	1	0.48828596	18	4477.872	4478.472	4478.472	4478.672	4478.9603
1	27	2	1	409	3	2	7	19	3	2	1	1	0.54469089	19	4480.5	4481.1	4481.1	4481.3	4481.6447
1	27	2	1	410	3	2	7	20	1	2	1	1	0.64024742	20	4483.1248	4483.7248	4483.7248	4483.9248	4484.3651
1	27	2	1	411	3	2	7	21	2	1	1	1	0.66041648	21	4485.7539	4485.9539	4485.954	4486.154	4486.6144
1	27	2	1	412	3	2	7	22	4	2	8	1	0.45063936	22	4487.9793	4488.5793	4488.5793	4488.7793	4489.0299
1	27	2	1	413	3	2	7	23	1	1	1	1	0.62121296	23	4490.6018	4490.8018	4490.8018	4491.0018	4491.423
1	27	2	1	414	3	2	7	24	2	1	1	1	0.60148262	24	4492.8269	4493.0269	4493.0269	4493.2269	4493.6284
1	27	2	1	415	3	2	7	25	3	1	1	1	0.48163318	25	4495.0522	4495.2522	4495.2522	4495.4522	4495.7338
1	27	2	1	416	3	2	7	26	4	1	8	1	0.46305621	26	4497.278	4497.478	4497.478	4497.678	4497.9411
1	27	2	1	417	3	2	7	27	4	1	8	1	0.4472616	27	4499.504	4499.704	4499.704	4499.904	4500.1513
1	27	2	1	418	3	2	7	28	5	1	8	1	0.49530961	28	4501.7288	4501.9289	4501.9289	4502.1289	4502.4242
1	27	2	1	419	3	2	7	29	1	1	1	1	0.80945615	29	4503.9547	4504.1547	4504.1547	4504.3547	4504.9642
1	27	2	1	420	3	2	7	30	2	2	1	1	0.83260817	30	4506.1807	4506.7807	4506.7808	4506.9808	4507.6134
1	27	2	1	421	3	6	8	1	2	2	3	1	1.0263094	31	4536.8997	4537.4997	4537.4997	4537.6997	4538.5261
1	27	2	1	422	3	6	8	2	1	1	2	1	0.74770869	32	4539.5255	4539.7255	4539.7255	4539.9255	4540.4732
1	27	2	1	423	3	6	8	3	6	2	6	1	1.7506766	33	4541.752	4542.3521	4542.3521	4542.5521	4544.1027
1	27	2	1	424	3	6	8	4	3	2	4	1	0.91644472	34	4544.378	4544.978	4544.978	4545.178	4545.8945
1	27	2	1	425	3	6	8	5	6	1	7	1	1.4233736	35	4547.0006	4547.2006	4547.2007	4547.4007	4548.624
1	27	2	1	426	3	6	8	6	4	2	5	1	1.195544	36	4549.2264	4549.8264	4549.8264	4550.0264	4551.0219
1	27	2	1	427	3	6	8	7	5	2	6	1	0.93677437	37	4551.8521	4552.4521	4552.4521	4552.6521	4553.3889
1	27	2	1	428	3	6	8	8	5	2	6	1	0.89774805	38	4554.4774	4555.0774	4555.0774	4555.2774	4555.9751
1	27	2	1	429	3	6	8	9	6	2	7	1	0.65446346	39	4557.1034	4557.7034	4557.7034	4557.9034	4558.3579
1	27	2	1	430	3	6	8	10	5	2	6	1	0.98265554	40	4559.7293	4560.3293	4560.3293	4560.5293	4561.3119
1	27	2	1	431	3	6	8	11	3	2	4	1	0.92513821	41	4562.3526	4562.9526	4562.9526	4563.1526	4563.8777
1	27	2	1	432	3	6	8	12	5	2	6	1	1.3648108	42	4564.9782	4565.5783	4565.5783	4565.7783	4566.9431
1	27	2	1	433	3	6	8	13	6	1	4	0	1.3386397	42	4567.6042	4567.8042	4567.8042	4568.0042	4569.1429
1	27	2	1	434	3	6	8	14	4	1	5	1	1.2976374	43	4569.8294	4570.0294	4570.0294	4570.2294	4571.3271
1	27	2	1	435	3	6	8	15	1	1	2	1	1.1223246	44	4572.0523	4572.2523	4572.2523	4572.4523	4573.3746
1	27	2	1	436	3	6	8	16	2	1	3	1	1.2568449	45	4574.2787	4574.4787	4574.4787	4574.6787	4575.7356
1	27	2	1	437	3	6	8	17	3	1	5	0	1.9666191	45	4576.5054	4576.7054	4576.7054	4576.9054	4578.6721
1	27	2	1	438	3	6	8	18	6	2	6	1	1.5045185	46	4578.7317	4579.3317	4579.3317	4579.5317	4580.8362
1	27	2	1	439	3	6	8	19	3	2	7	0	1.2580781	46	4581.3577	4581.9577	4581.9577	4582.1577	4583.2158
1	27	2	1	440	3	6	8	20	1	2	2	1	1.7956906	47	4583.984	4584.5841	4584.5841	4584.7841	4586.3797
1	27	2	1	441	3	6	8	21	2	1	3	1	0.89151603	48	4586.6106	4586.8106	4586.8106	4587.0106	4587.7021
1	27	2	1	442	3	6	8	22	4	2	5	1	0.8395445	49	4588.837	4589.437	4589.437	4589.637	4590.2766
1	27	2	1	443	3	6	8	23	1	1	2	1	0.71616086	50	4591.4633	4591.6633	4591.6633	4591.8633	4592.3795
1	27	2	1	444	3	6	8	24	2	1	3	1	0.86004723	51	4593.6896	4593.8896	4593.8896	4594.0896	4594.7496
1	27	2	1	445	3	6	8	25	3	1	4	1	1.999913	52	4595.9144	4596.1144	4596.1144	4596.3144	4598.1143
1	27	2	1	446	3	6	8	26	4	1	5	1	1.8341187	53	4598.1453	4598.3453	4598.3453	4598.5453	4600.1794
1	27	2	1	447	3	6	8	27	4	1	5	1	0.70555172	54	4600.3719	4600.5719	4600.5719	4600.7719	4601.2775
1	27	2	1	448	3	6	8	28	5	1	6	1	0.8328713	55	4602.599	4602.799	4602.799	4602.999	4603.6319
1	27	2	1	449	3	6	8	29	1	1	2	1	1.4380712	56	4604.8254	4605.0254	4605.0254	4605.2254	4606.4634
1	27	2	1	450	3	6	8	30	2	2	3	1	1.1874311	57	4607.0527	4607.6527	4607.6527	4607.8527	4608.8401
1	27	2	1	451	3	2	8	1	2	2	1	1	0.73103206	1	4637.7397	4638.3397	4638.3397	4638.5397	4639.0708
1	27	2	1	452	3	2	8	2	5	1	8	1	0.55971438	2	4640.3667	4640.5667	4640.5667	4640.7667	4641.1264
1	27	2	1	453	3	2	8	3	2	2	1	1	0.61289691	3	4642.5939	4643.1939	4643.1939	4643.3939	4643.8068
1	27	2	1	454	3	2	8	4	6	2	8	1	0.64992391	4	4645.2218	4645.8218	4645.8218	4646.0218	4646.4718
1	27	2	1	455	3	2	8	5	2	1	1	1	0.77826832	5	4647.8491	4648.0491	4648.0491	4648.2491	4648.8273
1	27	2	1	456	3	2	8	6	2	2	1	1	0.59092344	6	4650.077	4650.677	4650.677	4650.877	4651.2679
1	27	2	1	457	3	2	8	7	2	2	1	1	0.68391968	7	4652.7047	4653.3047	4653.3047	4653.5047	4653.9886
1	27	2	1	458	3	2	8	8	3	2	1	1	0.66196697	8	4655.3289	4655.9289	4655.9289	4656.1289	4656.5909
1	27	2	1	459	3	2	8	9	6	2	8	1	0.8272449	9	4657.962	4658.562	4658.562	4658.762	4659.3893
1	27	2	1	460	3	2	8	10	1	2	1	1	0.60125263	10	4660.589	4661.189	4661.1891	4661.3891	4661.7903
1	27	2	1	461	3	2	8	11	3	2	1	1	0.65386432	11	4663.2163	4663.8163	4663.8163	4664.0163	4664.4702
1	27	2	1	462	3	2	8	12	4	2	8	1	0.5544398	12	4665.8434	4666.4434	4666.4434	4666.6434	4666.9979
1	27	2	1	463	3	2	8	13	3	1	1	1	0.67318631	13	4668.4694	4668.6694	4668.6694	4668.8694	4669.3426
1	27	2	1	464	3	2	8	14	6	1	8	1	0.65940721	14	4670.6963	4670.8963	4670.8963	4671.0963	4671.5557
1	27	2	1	465	3	2	8	15	6	1	8	1	0.56246257	15	4672.9232	4673.1232	4673.1232	4673.3232	4673.6856
1	27	2	1	466	3	2	8	16	5	1	8	1	0.680621	16	4675.1503	4675.3503	4675.3503	4675.5503	4676.0309
1	27	2	1	467	3	2	8	17	1	1	1	1	0.46629172	17	4677.3786	4677.5786	4677.5786	4677.7786	4678.0449
1	27	2	1	468	3	2	8	18	4	2	8	1	0.65049231	18	4679.6031	4680.2031	4680.2031	4680.4031	4680.8536
1	27	2	1	469	3	2	8	19	4	2	8	1	0.60099203	19	4682.2286	4682.8286	4682.8286	4683.0286	4683.4296
1	27	2	1	470	3	2	8	20	4	2	8	1	0.72373989	20	4684.8597	4685.4597	4685.4597	4685.6597	4686.1834
1	27	2	1	471	3	2	8	21	1	1	1	1	1.3100229	21	4687.4879	4687.6879	4687.6879	4687.8879	4688.9979
1	27	2	1	472	3	2	8	22	5	2	8	1	1.3700833	22	4689.7158	4690.3158	4690.3158	4690.5158	4691.6859
1	27	2	1	473	3	2	8	23	6	1	8	1	0.98334395	23	4692.3434	4692.5434	4692.5434	4692.7434	4693.5267
1	27	2	1	474	3	2	8	24	3	1	1	1	1.3902927	24	4694.5682	4694.7682	4694.7682	4694.9682	4696.1585
1	27	2	1	475	3	2	8	25	1	1	1	1	1.1298874	25	4696.7974	4696.9974	4696.9974	4697.1974	4698.1273
1	27	2	1	476	3	2	8	26	5	1	8	1	0.88318262	26	4699.0257	4699.2257	4699.2257	4699.4257	4700.1089
1	27	2	1	477	3	2	8	27	3	1	1	1	0.68622066	27	4701.254	4701.454	4701.4541	4701.6541	4702.1403
1	27	2	1	478	3	2	8	28	5	1	8	1	0.66840793	28	4703.4816	4703.6816	4703.6816	4703.8816	4704.35
1	27	2	1	479	3	2	8	29	4	1	8	1	0.67076865	29	4705.7104	4705.9104	4705.9104	4706.1104	4706.5812
1	27	2	1	480	3	2	8	30	1	2	1	1	0.62769337	30	4707.9382	4708.5382	4708.5382	4708.7382	4709.1659
1	27	2	1	481	3	6	9	1	2	2	3	1	0.86021846	31	4738.6589	4739.2589	4739.2589	4739.4589	4740.1191
1	27	2	1	482	3	6	9	2	5	1	6	1	1.1969878	32	4741.2888	4741.4888	4741.4888	4741.6888	4742.6858
1	27	2	1	483	3	6	9	3	2	2	3	1	0.73570942	33	4743.5174	4744.1174	4744.1174	4744.3174	4744.8531
1	27	2	1	484	3	6	9	4	6	2	7	1	1.4447683	34	4746.1455	4746.7455	4746.7455	4746.9455	4748.1903
1	27	2	1	485	3	6	9	5	2	1	6	0	1.0957791	34	4748.7734	4748.9734	4748.9734	4749.1734	4750.0692
1	27	2	1	486	3	6	9	6	2	2	2	0	0.55687228	34	4751.0013	4751.6013	4751.6013	4751.8013	4752.1582
1	27	2	1	487	3	6	9	7	2	2	3	1	0.72778363	35	4753.6285	4754.2285	4754.2285	4754.4285	4754.9563
1	27	2	1	488	3	6	9	8	3	2	7	0	1.62058	35	4756.2562	4756.8562	4756.8562	4757.0562	4758.4768
1	27	2	1	489	3	6	9	9	6	2	7	1	0.9353447	36	4758.884	4759.484	4759.484	4759.684	4760.4194
1	27	2	1	490	3	6	9	10	1	2	2	1	1.4593039	37	4761.5128	4762.1128	4762.1128	4762.3128	4763.5721
1	27	2	1	491	3	6	9	11	3	2	4	1	1.4114378	38	4764.1452	4764.7452	4764.7452	4764.9452	4766.1566
1	27	2	1	492	3	6	9	12	4	2	5	1	1.2057153	39	4766.7746	4767.3746	4767.3746	4767.5746	4768.5803
1	27	2	1	493	3	6	9	13	3	1	4	1	1.8670044	40	4769.4487	4769.6487	4769.6487	4769.8487	4771.5157
1	27	2	1	494	3	6	9	14	6	1	7	1	1.4168387	41	4771.6775	4771.8775	4771.8775	4772.0775	4773.2943
1	27	2	1	495	3	6	9	15	6	1	7	1	0.76657247	42	4773.9036	4774.1036	4774.1036	4774.3036	4774.8702
1	27	2	1	496	3	6	9	16	5	1	6	1	0.88599337	43	4776.1317	4776.3317	4776.3317	4776.5317	4777.2177
1	27	2	1	497	3	6	9	17	1	1	2	1	1.0847902	44	4778.3602	4778.5602	4778.5602	4778.7602	4779.645
1	27	2	1	498	3	6	9	18	4	2	5	1	1.9984789	45	4780.589	4781.189	4781.189	4781.389	4783.1874
1	27	2	1	499	3	6	9	19	4	2	5	1	0.68945526	46	4783.222	4783.822	4783.822	4784.022	4784.5115
1	27	2	1	500	3	6	9	20	4	2	5	1	1.8266989	47	4785.8504	4786.4504	4786.4504	4786.6504	4788.2771
1	27	2	1	501	3	6	9	21	1	1	2	1	1.6374102	48	4788.4787	4788.6787	4788.6787	4788.8787	4790.3161
1	27	2	1	502	3	6	9	22	5	2	6	1	0.92613193	49	4790.7042	4791.3042	4791.3042	4791.5042	4792.2303
1	27	2	1	503	3	6	9	23	6	1	7	1	0.86181517	50	4793.3366	4793.5366	4793.5366	4793.7366	4794.3984
1	27	2	1	504	3	6	9	24	3	1	4	1	1.2418741	51	4795.5659	4795.7659	4795.7659	4795.9659	4797.0077
1	27	2	1	505	3	6	9	25	1	1	2	1	1.3460649	52	4797.7943	4797.9943	4797.9943	4798.1943	4799.3404
1	27	2	1	506	3	6	9	26	5	1	6	1	1.103703	53	4800.023	4800.223	4800.223	4800.423	4801.3267
1	27	2	1	507	3	6	9	27	3	1	4	1	1.3068653	54	4802.2519	4802.4519	4802.4519	4802.6519	4803.7587
1	27	2	1	508	3	6	9	28	5	1	6	1	1.1870963	55	4804.4813	4804.6813	4804.6813	4804.8813	4805.8684
1	27	2	1	509	3	6	9	29	4	1	5	1	0.95831043	56	4806.7105	4806.9105	4806.9106	4807.1106	4807.8689
1	27	2	1	510	3	6	9	30	1	2	2	1	1.2012549	57	4808.9374	4809.5374	4809.5374	4809.7374	4810.7387
1	27	2	1	511	3	2	9	1	6	2	8	1	0.66415727	1	4839.6285	4840.2285	4840.2285	4840.4285	4840.8927
1	27	2	1	512	3	2	9	2	4	1	8	1	0.53177842	2	4842.2581	4842.4581	4842.4581	4842.6581	4842.9899
1	27	2	1	513	3	2	9	3	6	2	8	1	0.90917903	3	4844.5347	4845.1347	4845.1347	4845.3347	4846.0438
1	27	2	1	514	3	2	9	4	6	2	8	1	0.71263438	4	4847.1648	4847.7648	4847.7648	4847.9648	4848.4774
1	27	2	1	515	3	2	9	5	2	1	1	1	0.6978701	5	4849.7948	4849.9948	4849.9948	4850.1948	4850.6927
1	27	2	1	516	3	2	9	6	5	2	8	1	0.63805844	6	4852.0245	4852.6245	4852.6245	4852.8245	4853.2626
1	27	2	1	517	3	2	9	7	4	2	8	1	0.86390369	7	4854.6547	4855.2547	4855.2547	4855.4547	4856.1186
1	27	2	1	518	3	2	9	8	3	2	1	1	0.7317609	8	4857.2798	4857.8798	4857.8798	4858.0798	4858.6116
1	27	2	1	519	3	2	9	9	5	2	8	1	0.56056929	9	4859.9088	4860.5088	4860.5088	4860.7088	4861.0694
1	27	2	1	520	3	2	9	10	2	2	1	1	1.0903629	10	4862.5557	4863.1557	4863.1557	4863.3557	4864.2461
1	27	2	1	521	3	2	9	11	6	2	8	1	0.46159133	11	4865.1922	4865.7922	4865.7922	4865.9922	4866.2538
1	27	2	1	522	3	2	9	12	5	2	8	1	0.61349164	12	4867.8221	4868.4221	4868.4221	4868.6221	4869.0356
1	27	2	1	523	3	2	9	13	5	1	8	1	0.6642033	13	4870.4478	4870.6478	4870.6478	4870.8478	4871.312
1	27	2	1	524	3	2	9	14	4	1	8	1	0.66585591	14	4872.6779	4872.8779	4872.8779	4873.0779	4873.5437
1	27	2	1	525	3	2	9	15	1	1	1	1	0.74495297	15	4874.9072	4875.1072	4875.1072	4875.3072	4875.8522
1	27	2	1	526	3	2	9	16	1	1	1	1	0.61079676	16	4877.1371	4877.3371	4877.3371	4877.5371	4877.9479
1	27	2	1	527	3	2	9	17	2	1	1	1	0.58155288	17	4879.3672	4879.5673	4879.5673	4879.7673	4880.1488
1	27	2	1	528	3	2	9	18	1	2	1	1	0.50410421	18	4881.5959	4882.1959	4882.1959	4882.3959	4882.7
1	27	2	1	529	3	2	9	19	6	2	8	1	0.74093877	19	4884.2259	4884.8259	4884.8259	4885.0259	4885.5668
1	27	2	1	530	3	2	9	20	4	2	8	1	0.68652763	20	4886.8563	4887.4563	4887.4563	4887.6563	4888.1429
1	27	2	1	531	3	2	9	21	2	1	1	1	0.56963995	21	4889.4865	4889.6865	4889.6865	4889.8865	4890.2562
1	27	2	1	532	3	2	9	22	3	2	1	1	0.55136668	22	4891.7172	4892.3172	4892.3172	4892.5172	4892.8685
1	27	2	1	533	3	2	9	23	1	1	1	1	1.1776162	23	4894.348	4894.5481	4894.5481	4894.7481	4895.7257
1	27	2	1	534	3	2	9	24	1	1	1	1	1.3807533	24	4896.5788	4896.7788	4896.7788	4896.9788	4898.1595
1	27	2	1	535	3	2	9	25	3	1	1	1	0.55085736	25	4898.8093	4899.0093	4899.0093	4899.2093	4899.5602
1	27	2	1	536	3	2	9	26	2	1	1	1	0.48806396	26	4901.0394	4901.2394	4901.2394	4901.4394	4901.7275
1	27	2	1	537	3	2	9	27	3	1	1	1	0.58093441	27	4903.2669	4903.4669	4903.4669	4903.6669	4904.0479
1	27	2	1	538	3	2	9	28	4	1	8	1	0.70120307	28	4905.4976	4905.6976	4905.6976	4905.8976	4906.3988
1	27	2	1	539	3	2	9	29	3	1	1	1	0.8252056	29	4907.7267	4907.9267	4907.9268	4908.1268	4908.752
1	27	2	1	540	3	2	9	30	5	2	8	1	0.74854743	30	4909.9538	4910.5538	4910.5538	4910.7538	4911.3024
1	27	2	1	541	4	6	10	1	6	2	4	0	1.2224048	30	5476.1929	5476.7929	5476.7929	5476.9929	5478.0153
1	27	2	1	542	4	6	10	2	4	1	5	1	1.0294053	31	5478.8231	5479.0231	5479.0231	5479.2231	5480.0525
1	27	2	1	543	4	6	10	3	6	2	7	1	0.89285105	32	5481.0501	5481.6501	5481.6501	5481.8501	5482.543
1	27	2	1	544	4	6	10	4	6	2	3	1	0.84293409	33	5483.6813	5484.2813	5484.2813	5484.4813	5485.1242
1	27	2	1	545	4	6	10	5	2	1	3	1	0.98364243	34	5486.3116	5486.5116	5486.5116	5486.7116	5487.4952
1	27	2	1	546	4	6	10	6	5	2	6	1	0.8460757	35	5488.5433	5489.1433	5489.1433	5489.3433	5489.9894
1	27	2	1	547	4	6	10	7	4	2	0	0	-5491.7753	35	5491.1753	5491.7753	5491.7753	5491.9753	0
1	27	2	1	548	4	6	10	8	3	2	4	1	0.99235624	36	5493.8367	5494.4367	5494.4367	5494.6367	5495.429
1	27	2	1	549	4	6	10	9	5	2	6	1	0.79032872	37	5496.4646	5497.0646	5497.0646	5497.2646	5497.855
1	27	2	1	550	4	6	10	10	2	2	3	1	0.72566504	38	5499.0954	5499.6954	5499.6954	5499.8954	5500.4211
1	27	2	1	551	4	6	10	11	6	2	7	1	0.69589093	39	5501.7263	5502.3263	5502.3263	5502.5263	5503.0222
1	27	2	1	552	4	6	10	12	5	2	6	1	0.70926004	40	5504.3606	5504.9606	5504.9606	5505.1606	5505.6699
1	27	2	1	553	4	6	10	13	5	1	6	1	1.1890042	41	5506.9916	5507.1916	5507.1916	5507.3916	5508.3806
1	27	2	1	554	4	6	10	14	4	1	5	1	1.7711039	42	5509.2196	5509.4196	5509.4196	5509.6196	5511.1907
1	27	2	1	555	4	6	10	15	1	1	2	1	0.918628	43	5511.4772	5511.6772	5511.6772	5511.8773	5512.5959
1	27	2	1	556	4	6	10	16	1	1	5	0	1.0719455	43	5513.7154	5513.9154	5513.9154	5514.1154	5514.9873
1	27	2	1	557	4	6	10	17	2	1	3	1	1.2188548	44	5515.9463	5516.1463	5516.1463	5516.3463	5517.3651
1	27	2	1	558	4	6	10	18	1	2	2	1	0.74155943	45	5518.1773	5518.7774	5518.7774	5518.9774	5519.5189
1	27	2	1	559	4	6	10	19	6	2	7	1	0.78950757	46	5520.8082	5521.4082	5521.4082	5521.6082	5522.1977
1	27	2	1	560	4	6	10	20	4	2	5	1	1.1461275	47	5523.485	5524.085	5524.085	5524.285	5525.2312
1	27	2	1	561	4	6	10	21	2	1	2	0	0.88045042	47	5526.1162	5526.3162	5526.3162	5526.5162	5527.1967
1	27	2	1	562	4	6	10	22	3	2	4	1	1.6257867	48	5528.3474	5528.9474	5528.9474	5529.1474	5530.5731
1	27	2	1	563	4	6	10	23	1	1	2	1	0.77786594	49	5530.9787	5531.1787	5531.1787	5531.3787	5531.9566
1	27	2	1	564	4	6	10	24	1	1	2	1	0.91576322	50	5533.2099	5533.4099	5533.4099	5533.6099	5534.3256
1	27	2	1	565	4	6	10	25	3	1	4	1	1.3294941	51	5535.4403	5535.6403	5535.6403	5535.8403	5536.9698
1	27	2	1	566	4	6	10	26	2	1	3	1	1.1233916	52	5537.6725	5537.8725	5537.8725	5538.0725	5538.9959
1	27	2	1	567	4	6	10	27	3	1	4	1	1.1741305	53	5539.904	5540.104	5540.104	5540.304	5541.2782
1	27	2	1	568	4	6	10	28	4	1	5	1	1.115733	54	5542.138	5542.338	5542.338	5542.538	5543.4537
1	27	2	1	569	4	6	10	29	3	1	4	1	1.1056886	55	5544.3735	5544.5735	5544.5735	5544.7735	5545.6792
1	27	2	1	570	4	6	10	30	5	2	6	1	0.72683099	56	5546.6053	5547.2053	5547.2053	5547.4053	5547.9322
1	27	2	1	571	4	2	10	1	2	2	1	1	0.60666897	1	5577.3028	5577.9028	5577.9028	5578.1028	5578.5095
1	27	2	1	572	4	2	10	2	5	1	8	1	0.48796927	2	5579.9348	5580.1348	5580.1348	5580.3348	5580.6228
1	27	2	1	573	4	2	10	3	1	2	1	1	0.45581233	3	5582.1663	5582.7663	5582.7663	5582.9663	5583.2221
1	27	2	1	574	4	2	10	4	3	2	1	1	0.44673794	4	5584.7997	5585.3997	5585.3997	5585.5997	5585.8464
1	27	2	1	575	4	2	10	5	4	1	8	1	0.4848093	5	5587.4313	5587.6313	5587.6313	5587.8313	5588.1161
1	27	2	1	576	4	2	10	6	6	2	8	1	0.42909387	6	5589.6627	5590.2628	5590.2628	5590.4628	5590.6918
1	27	2	1	577	4	2	10	7	1	2	1	1	0.55017212	7	5592.2952	5592.8952	5592.8952	5593.0952	5593.4453
1	27	2	1	578	4	2	10	8	5	2	8	1	1.2475455	8	5594.9277	5595.5277	5595.5277	5595.7277	5596.7752
1	27	2	1	579	4	2	10	9	3	2	1	1	0.54055834	9	5597.5596	5598.1596	5598.1596	5598.3596	5598.7001
1	27	2	1	580	4	2	10	10	5	2	8	1	0.54091773	10	5600.1951	5600.7951	5600.7951	5600.9951	5601.336
1	27	2	1	581	4	2	10	11	4	2	8	1	0.53330523	11	5602.8241	5603.4241	5603.4241	5603.6241	5603.9574
1	27	2	1	582	4	2	10	12	4	2	8	1	0.56723295	12	5605.4557	5606.0557	5606.0557	5606.2557	5606.623
1	27	2	1	583	4	2	10	13	6	1	8	1	0.55016861	13	5608.0879	5608.2879	5608.2879	5608.4879	5608.838
1	27	2	1	584	4	2	10	14	4	1	8	1	0.50903749	14	5610.3197	5610.5197	5610.5197	5610.7197	5611.0288
1	27	2	1	585	4	2	10	15	1	1	1	1	0.60595856	15	5612.5519	5612.7519	5612.7519	5612.9519	5613.3578
1	27	2	1	586	4	2	10	16	4	1	8	1	0.56322808	16	5614.7867	5614.9867	5614.9867	5615.1867	5615.5499
1	27	2	1	587	4	2	10	17	3	1	1	1	0.65865809	17	5617.0214	5617.2214	5617.2214	5617.4214	5617.88
1	27	2	1	588	4	2	10	18	2	2	1	1	0.46314663	18	5619.2542	5619.8542	5619.8542	5620.0542	5620.3174
1	27	2	1	589	4	2	10	19	6	2	8	1	0.5673629	19	5621.8875	5622.4875	5622.4875	5622.6875	5623.0548
1	27	2	1	590	4	2	10	20	3	2	1	1	0.7215598	20	5624.5233	5625.1233	5625.1233	5625.3233	5625.8448
1	27	2	1	591	4	2	10	21	5	1	8	1	0.84952418	21	5627.1575	5627.3575	5627.3575	5627.5575	5628.2071
1	27	2	1	592	4	2	10	22	1	2	1	1	0.66116164	22	5629.391	5629.991	5629.991	5630.191	5630.6522
1	27	2	1	593	4	2	10	23	3	1	1	1	0.66274519	23	5632.023	5632.223	5632.223	5632.423	5632.8857
1	27	2	1	594	4	2	10	24	1	1	1	1	0.61294969	24	5634.2551	5634.4551	5634.4551	5634.6551	5635.068
1	27	2	1	595	4	2	10	25	6	1	8	1	1.1051984	25	5636.4846	5636.6846	5636.6846	5636.8846	5637.7898
1	27	2	1	596	4	2	10	26	2	1	1	1	0.76884101	26	5638.7171	5638.9171	5638.9171	5639.1171	5639.686
1	27	2	1	597	4	2	10	27	2	1	1	1	1.5995063	27	5640.9495	5641.1495	5641.1495	5641.3495	5642.749
1	27	2	1	598	4	2	10	28	2	1	1	1	0.7533111	28	5643.1821	5643.3821	5643.3821	5643.5821	5644.1355
1	27	2	1	599	4	2	10	29	6	1	8	1	0.79026119	29	5645.418	5645.618	5645.618	5645.818	5646.4082
1	27	2	1	600	4	2	10	30	5	2	1	0	0.88486778	29	5647.6509	5648.2509	5648.2509	5648.4509	5649.1358
1	27	2	1	601	4	6	11	1	2	2	3	1	0.85383859	30	5678.375	5678.975	5678.975	5679.175	5679.8289
1	27	2	1	602	4	6	11	2	5	1	6	1	0.67000051	31	5681.0076	5681.2076	5681.2076	5681.4076	5681.8776
1	27	2	1	603	4	6	11	3	1	2	2	1	0.68438003	32	5683.2411	5683.8411	5683.8412	5684.0412	5684.5255
1	27	2	1	604	4	6	11	4	3	2	4	1	0.83903858	33	5685.8714	5686.4714	5686.4714	5686.6715	5687.3105
1	27	2	1	605	4	6	11	5	4	1	5	1	1.2038428	34	5688.5045	5688.7046	5688.7046	5688.9046	5689.9084
1	27	2	1	606	4	6	11	6	6	2	7	1	0.8201877	35	5690.7377	5691.3377	5691.3377	5691.5377	5692.1579
1	27	2	1	607	4	6	11	7	1	2	2	1	0.68196762	36	5693.3713	5693.9713	5693.9713	5694.1713	5694.6532
1	27	2	1	608	4	6	11	8	5	2	6	1	0.803062	37	5696.0037	5696.6037	5696.6037	5696.8037	5697.4067
1	27	2	1	609	4	6	11	9	3	2	4	1	0.81450683	38	5698.6377	5699.2377	5699.2377	5699.4377	5700.0522
1	27	2	1	610	4	6	11	10	5	2	6	1	1.3120197	39	5701.2711	5701.8711	5701.8711	5702.0711	5703.1831
1	27	2	1	611	4	6	11	11	4	2	5	1	1.1819515	40	5703.9059	5704.5059	5704.5059	5704.7059	5705.6878
1	27	2	1	612	4	6	11	12	4	2	5	1	0.90054674	41	5706.536	5707.136	5707.136	5707.336	5708.0366
1	27	2	1	613	4	6	11	13	6	1	7	1	0.85112267	42	5709.1687	5709.3687	5709.3687	5709.5687	5710.2198
1	27	2	1	614	4	6	11	14	4	1	5	1	1.0060708	43	5711.4024	5711.6025	5711.6025	5711.8025	5712.6085
1	27	2	1	615	4	6	11	15	1	1	2	1	0.73644258	44	5713.6353	5713.8353	5713.8353	5714.0353	5714.5718
1	27	2	1	616	4	6	11	16	4	1	5	1	1.2728611	45	5715.8697	5716.0697	5716.0697	5716.2698	5717.3426
1	27	2	1	617	4	6	11	17	3	1	4	1	0.80015159	46	5718.1097	5718.3097	5718.3097	5718.5097	5719.1099
1	27	2	1	618	4	6	11	18	2	2	3	1	0.95454455	47	5720.3479	5720.9479	5720.9479	5721.1479	5721.9025
1	27	2	1	619	4	6	11	19	6	2	7	1	0.916982	48	5722.9855	5723.5855	5723.5855	5723.7855	5724.5025
1	27	2	1	620	4	6	11	20	3	2	4	1	1.0206157	49	5725.6191	5726.2191	5726.2191	5726.4191	5727.2397
1	27	2	1	621	4	6	11	21	5	1	6	1	0.77384297	50	5728.2496	5728.4496	5728.4496	5728.6496	5729.2234
1	27	2	1	622	4	6	11	22	1	2	2	1	1.0256499	51	5730.4829	5731.0829	5731.0829	5731.2829	5732.1085
1	27	2	1	623	4	6	11	23	3	1	4	1	1.0316828	52	5733.1172	5733.3172	5733.3172	5733.5172	5734.3489
1	27	2	1	624	4	6	11	24	1	1	2	1	0.75758447	53	5735.3514	5735.5514	5735.5514	5735.7514	5736.309
1	27	2	1	625	4	6	11	25	6	1	7	1	1.6150737	54	5737.5827	5737.7827	5737.7827	5737.9827	5739.3978
1	27	2	1	626	4	6	11	26	2	1	3	1	1.0401658	55	5739.824	5740.024	5740.024	5740.224	5741.0641
1	27	2	1	627	4	6	11	27	2	1	3	1	0.76938026	56	5742.059	5742.259	5742.259	5742.459	5743.0284
1	27	2	1	628	4	6	11	28	2	1	3	1	0.78092811	57	5744.2954	5744.4954	5744.4954	5744.6954	5745.2763
1	27	2	1	629	4	6	11	29	6	1	7	1	0.83479583	58	5746.5299	5746.7299	5746.7299	5746.9299	5747.5647
1	27	2	1	630	4	6	11	30	5	2	6	1	0.88228876	59	5748.7632	5749.3632	5749.3633	5749.5633	5750.2455
1	27	2	1	631	4	2	11	1	2	2	1	1	0.69537903	1	5779.4641	5780.0641	5780.0641	5780.2641	5780.7595
1	27	2	1	632	4	2	11	2	2	1	1	1	0.6600358	2	5782.0979	5782.2979	5782.2979	5782.4979	5782.958
1	27	2	1	633	4	2	11	3	3	2	1	1	0.5593766	3	5784.3314	5784.9314	5784.9314	5785.1314	5785.4908
1	27	2	1	634	4	2	11	4	5	2	8	1	0.53901213	4	5786.9651	5787.5651	5787.5651	5787.7651	5788.1041
1	27	2	1	635	4	2	11	5	4	1	8	1	0.67225317	5	5789.5999	5789.7999	5789.7999	5789.9999	5790.4721
1	27	2	1	636	4	2	11	6	6	2	8	1	0.61880017	6	5791.8411	5792.4411	5792.4411	5792.6411	5793.0599
1	27	2	1	637	4	2	11	7	2	2	1	1	0.63382369	7	5794.4751	5795.0751	5795.0751	5795.2751	5795.7089
1	27	2	1	638	4	2	11	8	6	2	8	1	0.627091	8	5797.1062	5797.7062	5797.7062	5797.9062	5798.3333
1	27	2	1	639	4	2	11	9	3	2	1	1	1.134812	9	5799.7897	5800.3897	5800.3897	5800.5897	5801.5245
1	27	2	1	640	4	2	11	10	3	2	1	1	0.65203543	10	5802.4242	5803.0242	5803.0242	5803.2242	5803.6762
1	27	2	1	641	4	2	11	11	1	2	1	1	0.82606405	11	5805.058	5805.658	5805.658	5805.858	5806.4841
1	27	2	1	642	4	2	11	12	2	2	1	1	0.93465779	12	5807.6924	5808.2924	5808.2924	5808.4924	5809.227
1	27	2	1	643	4	2	11	13	2	1	1	1	0.63119968	13	5810.3266	5810.5267	5810.5267	5810.7267	5811.1579
1	27	2	1	644	4	2	11	14	1	1	8	1	1.8267081	14	5812.561	5812.761	5812.761	5812.961	5814.5877
1	27	2	1	645	4	2	11	15	6	1	8	1	0.71080861	15	5814.8088	5815.0088	5815.0088	5815.2088	5815.7196
1	27	2	1	646	4	2	11	16	1	1	1	1	0.68049814	16	5817.0476	5817.2476	5817.2476	5817.4476	5817.9281
1	27	2	1	647	4	2	11	17	5	1	8	1	0.71714043	17	5819.2815	5819.4816	5819.4816	5819.6816	5820.1987
1	27	2	1	648	4	2	11	18	5	2	8	1	0.54310113	18	5821.5209	5822.1209	5822.1209	5822.3209	5822.664
1	27	2	1	649	4	2	11	19	3	2	1	1	0.6275056	19	5824.156	5824.756	5824.756	5824.956	5825.3835
1	27	2	1	650	4	2	11	20	5	2	8	1	0.71343166	20	5826.8213	5827.4213	5827.4213	5827.6213	5828.1347
1	27	2	1	651	4	2	11	21	4	1	8	1	0.70215582	21	5829.4559	5829.6559	5829.6559	5829.8559	5830.358
1	27	2	1	652	4	2	11	22	4	2	8	1	0.65351685	22	5831.695	5832.295	5832.295	5832.495	5832.9485
1	27	2	1	653	4	2	11	23	3	1	1	1	0.69214892	23	5834.3297	5834.5297	5834.5297	5834.7297	5835.2218
1	27	2	1	654	4	2	11	24	4	1	8	1	0.64382332	24	5836.5617	5836.7617	5836.7617	5836.9617	5837.4056
1	27	2	1	655	4	2	11	25	5	1	8	1	0.69014664	25	5838.8365	5839.0365	5839.0365	5839.2365	5839.7266
1	27	2	1	656	4	2	11	26	6	1	8	1	0.65742802	26	5841.0721	5841.2721	5841.2721	5841.4721	5841.9295
1	27	2	1	657	4	2	11	27	1	1	1	1	0.98774255	27	5843.3074	5843.5074	5843.5074	5843.7074	5844.4952
1	27	2	1	658	4	2	11	28	6	1	8	1	0.69621973	28	5845.5417	5845.7417	5845.7417	5845.9417	5846.4379
1	27	2	1	659	4	2	11	29	4	1	8	1	0.59413492	29	5847.7775	5847.9775	5847.9775	5848.1775	5848.5716
1	27	2	1	660	4	2	11	30	1	2	1	1	0.50348907	30	5850.0125	5850.6125	5850.6125	5850.8125	5851.116
1	27	2	1	661	4	6	12	1	2	2	3	1	0.98266012	31	5880.7356	5881.3356	5881.3356	5881.5356	5882.3183
1	27	2	1	662	4	6	12	2	2	1	3	1	0.78614475	32	5883.3711	5883.5711	5883.5711	5883.7711	5884.3572
1	27	2	1	663	4	6	12	3	3	2	4	1	0.82232109	33	5885.6081	5886.2081	5886.2081	5886.4081	5887.0304
1	27	2	1	664	4	6	12	4	5	2	6	1	0.73596582	34	5888.2442	5888.8442	5888.8442	5889.0442	5889.5801
1	27	2	1	665	4	6	12	5	4	1	5	1	0.79195508	35	5890.8764	5891.0764	5891.0764	5891.2764	5891.8683
1	27	2	1	666	4	6	12	6	6	2	7	1	0.69608698	36	5893.1122	5893.7122	5893.7122	5893.9122	5894.4083
1	27	2	1	667	4	6	12	7	2	2	3	1	0.73711266	37	5895.7473	5896.3473	5896.3473	5896.5473	5897.0844
1	27	2	1	668	4	6	12	8	6	2	6	1	1.3481531	38	5898.384	5898.984	5898.984	5899.184	5900.3322
1	27	2	1	669	4	6	12	9	3	2	4	1	0.91461305	39	5901.0198	5901.6198	5901.6198	5901.8198	5902.5344
1	27	2	1	670	4	6	12	10	3	2	4	1	1.320955	40	5903.6549	5904.2549	5904.2549	5904.4549	5905.5758
1	27	2	1	671	4	6	12	11	1	2	2	1	1.2011786	41	5906.2913	5906.8913	5906.8913	5907.0913	5908.0925
1	27	2	1	672	4	6	12	12	2	2	3	1	1.2941555	42	5908.9275	5909.5275	5909.5275	5909.7275	5910.8216
1	27	2	1	673	4	6	12	13	2	1	3	1	0.74703344	43	5911.5628	5911.7628	5911.7628	5911.9628	5912.5099
1	27	2	1	674	4	6	12	14	1	1	2	1	0.70806479	44	5913.8005	5914.0005	5914.0005	5914.2005	5914.7085
1	27	2	1	675	4	6	12	15	6	1	7	1	0.92342714	45	5916.0366	5916.2366	5916.2366	5916.4366	5917.16
1	27	2	1	676	4	6	12	16	1	1	2	1	0.74044032	46	5918.2727	5918.4727	5918.4727	5918.6727	5919.2132
1	27	2	1	677	4	6	12	17	5	1	6	1	0.7013072	47	5920.5063	5920.7063	5920.7063	5920.9063	5921.4076
1	27	2	1	678	4	6	12	18	5	2	6	1	0.65503361	48	5922.7419	5923.3419	5923.3419	5923.5419	5923.9969
1	27	2	1	679	4	6	12	19	3	2	4	1	1.2821148	49	5925.3781	5925.9782	5925.9782	5926.1782	5927.2603
1	27	2	1	680	4	6	12	20	5	2	6	1	1.2559467	50	5928.014	5928.614	5928.614	5928.814	5929.8699
1	27	2	1	681	4	6	12	21	4	1	5	1	0.67495637	51	5930.6496	5930.8496	5930.8496	5931.0496	5931.5246
1	27	2	1	682	4	6	12	22	4	2	5	1	0.79662552	52	5932.8824	5933.4824	5933.4824	5933.6824	5934.2791
1	27	2	1	683	4	6	12	23	3	1	4	1	1.2628456	53	5935.5193	5935.7193	5935.7193	5935.9193	5936.9821
1	27	2	1	684	4	6	12	24	4	1	5	1	0.78845537	54	5937.7527	5937.9527	5937.9527	5938.1527	5938.7411
1	27	2	1	685	4	6	12	25	5	1	6	1	0.92835493	55	5939.9891	5940.1891	5940.1891	5940.3891	5941.1175
1	27	2	1	686	4	6	12	26	6	1	7	1	0.68501659	56	5942.2259	5942.4259	5942.4259	5942.6259	5943.1109
1	27	2	1	687	4	6	12	27	1	1	2	1	0.70624818	57	5944.4593	5944.6593	5944.6593	5944.8593	5945.3656
1	27	2	1	688	4	6	12	28	6	1	7	1	0.86779255	58	5946.6955	5946.8955	5946.8955	5947.0955	5947.7633
1	27	2	1	689	4	6	12	29	4	1	5	1	0.92650125	59	5948.9356	5949.1356	5949.1356	5949.3356	5950.0621
1	27	2	1	690	4	6	12	30	1	2	2	1	0.68858662	60	5951.1722	5951.7722	5951.7722	5951.9722	5952.4608
1	27	2	1	691	4	2	12	1	5	2	8	1	1.11489	1	5981.8748	5982.4748	5982.4749	5982.6749	5983.5897
1	27	2	1	692	4	2	12	2	2	1	1	1	0.6305139	2	5984.5116	5984.7117	5984.7117	5984.9117	5985.3422
1	27	2	1	693	4	2	12	3	1	2	1	1	0.57655401	3	5986.7502	5987.3502	5987.3502	5987.5502	5987.9267
1	27	2	1	694	4	2	12	4	4	2	8	1	0.58618601	4	5989.3943	5989.9943	5989.9943	5990.1943	5990.5805
1	27	2	1	695	4	2	12	5	6	1	8	1	0.51481779	5	5992.0278	5992.2278	5992.2278	5992.4278	5992.7426
1	27	2	1	696	4	2	12	6	3	2	1	1	0.54179324	6	5994.2638	5994.8638	5994.8638	5995.0638	5995.4056
1	27	2	1	697	4	2	12	7	5	2	8	1	0.43299759	7	5996.9009	5997.5009	5997.5009	5997.7009	5997.9339
1	27	2	1	698	4	2	12	8	5	2	8	1	0.54014991	8	5999.5383	6000.1383	6000.1383	6000.3383	6000.6785
1	27	2	1	699	4	2	12	9	1	2	1	1	0.48777174	9	6002.1753	6002.7753	6002.7753	6002.9753	6003.263
1	27	2	1	700	4	2	12	10	2	2	1	1	1.0230419	10	6004.8159	6005.4159	6005.4159	6005.6159	6006.4389
1	27	2	1	701	4	2	12	11	4	2	8	1	0.49587781	11	6007.4527	6008.0527	6008.0527	6008.2527	6008.5486
1	27	2	1	702	4	2	12	12	6	2	8	1	0.59864424	12	6010.0935	6010.6935	6010.6935	6010.8935	6011.2921
1	27	2	1	703	4	2	12	13	1	1	1	1	0.65801038	13	6012.7298	6012.9298	6012.9298	6013.1298	6013.5878
1	27	2	1	704	4	2	12	14	2	1	1	1	0.59233582	14	6014.9639	6015.1639	6015.1639	6015.3639	6015.7562
1	27	2	1	705	4	2	12	15	3	1	1	1	0.5656009	15	6017.2018	6017.4018	6017.4018	6017.6018	6017.9674
1	27	2	1	706	4	2	12	16	4	1	8	1	0.55828781	16	6019.4382	6019.6382	6019.6382	6019.8382	6020.1965
1	27	2	1	707	4	2	12	17	6	1	8	1	0.61509125	17	6021.6756	6021.8756	6021.8756	6022.0756	6022.4907
1	27	2	1	708	4	2	12	18	5	2	8	1	0.58033922	18	6023.9129	6024.5129	6024.5129	6024.7129	6025.0933
1	27	2	1	709	4	2	12	19	4	2	1	1	1.8410577	19	6026.5498	6027.1498	6027.1498	6027.3498	6028.9908
1	27	2	1	710	4	2	12	20	3	2	1	1	0.6653126	20	6029.1869	6029.7869	6029.7869	6029.9869	6030.4522
1	27	2	1	711	4	2	12	21	6	1	8	1	0.64520657	21	6031.8241	6032.0241	6032.0241	6032.2241	6032.6693
1	27	2	1	712	4	2	12	22	5	2	8	1	0.66607425	22	6034.0658	6034.6658	6034.6658	6034.8658	6035.3319
1	27	2	1	713	4	2	12	23	4	1	8	1	1.9574973	23	6036.7034	6036.9034	6036.9034	6037.1034	6038.8609
1	27	2	1	714	4	2	12	24	1	1	1	1	0.62115821	24	6038.9377	6039.1377	6039.1377	6039.3377	6039.7589
1	27	2	1	715	4	2	12	25	1	1	1	1	0.70303289	25	6041.1772	6041.3772	6041.3772	6041.5772	6042.0802
1	27	2	1	716	4	2	12	26	3	1	1	1	0.57864456	26	6043.4185	6043.6185	6043.6185	6043.8185	6044.1972
1	27	2	1	717	4	2	12	27	2	1	1	1	0.56823061	27	6045.6557	6045.8557	6045.8557	6046.0557	6046.424
1	27	2	1	718	4	2	12	28	3	1	1	1	0.56755698	28	6047.8938	6048.0938	6048.0938	6048.2938	6048.6613
1	27	2	1	719	4	2	12	29	2	1	1	1	0.6985094	29	6050.1313	6050.3313	6050.3313	6050.5314	6051.0299
1	27	2	1	720	4	2	12	30	6	2	8	1	0.81190441	30	6052.3693	6052.9693	6052.9693	6053.1693	6053.7812
