1	4	6	5	0	3	2	7	0	0	0	0	0	0	0	0	0	0	0	0
3	11	2	1	1	1	6	1	1	2	2	3	1	1.050075	1	20092.14	20092.74	20092.74	20092.941	20093.791
3	11	2	1	2	1	6	1	2	3	1	4	1	1.392855	2	20094.755	20094.955	20094.955	20095.156	20096.348
3	11	2	1	3	1	6	1	3	2	2	3	1	1.3300878	3	20096.964	20097.564	20097.564	20097.764	20098.894
3	11	2	1	4	1	6	1	4	5	1	2	0	1.6991495	3	20099.569	20099.769	20099.769	20099.969	20101.469
3	11	2	1	5	1	6	1	5	3	2	3	0	1.5591245	3	20102.087	20102.687	20102.687	20102.887	20104.246
3	11	2	1	6	1	6	1	6	4	1	5	1	1.2163732	4	20105.005	20105.205	20105.205	20105.405	20106.421
3	11	2	1	7	1	6	1	7	4	2	5	1	0.65085939	5	20107.21	20107.81	20107.81	20108.01	20108.461
3	11	2	1	8	1	6	1	8	5	1	6	1	1.7200229	6	20109.816	20110.016	20110.016	20110.216	20111.736
3	11	2	1	9	1	6	1	9	4	2	5	1	1.1119805	7	20112.023	20112.623	20112.623	20112.823	20113.735
3	11	2	1	10	1	6	1	10	2	1	3	1	0.87504552	8	20114.628	20114.828	20114.828	20115.028	20115.703
3	11	2	1	11	1	6	1	11	3	2	4	1	1.114207	9	20116.833	20117.433	20117.433	20117.634	20118.548
3	11	2	1	12	1	6	1	12	4	1	5	1	1.2081582	10	20119.44	20119.64	20119.64	20119.84	20120.848
3	11	2	1	13	1	6	1	13	1	2	2	1	1.3912171	11	20121.646	20122.246	20122.246	20122.446	20123.637
3	11	2	1	14	1	6	1	14	6	1	7	1	0.95249993	12	20124.252	20124.452	20124.452	20124.652	20125.405
3	11	2	1	15	1	6	1	15	3	2	4	1	1.2291653	13	20126.458	20127.058	20127.058	20127.258	20128.287
3	11	2	1	16	1	6	1	16	6	2	7	1	1.0857138	14	20129.064	20129.664	20129.664	20129.864	20130.75
3	11	2	1	17	1	6	1	17	6	2	7	1	0.58476057	15	20131.67	20132.27	20132.27	20132.47	20132.855
3	11	2	1	18	1	6	1	18	4	2	5	1	1.0434751	16	20134.276	20134.876	20134.876	20135.076	20135.92
3	11	2	1	19	1	6	1	19	5	1	6	1	1.5497256	17	20136.882	20137.082	20137.082	20137.282	20138.632
3	11	2	1	20	1	6	1	20	3	1	4	1	1.1808124	18	20139.089	20139.289	20139.289	20139.489	20140.469
3	11	2	1	21	1	6	1	21	1	1	2	1	0.71901374	19	20141.294	20141.494	20141.494	20141.694	20142.213
3	11	2	1	22	1	6	1	22	1	1	2	1	0.5521953	20	20143.5	20143.7	20143.7	20143.9	20144.252
3	11	2	1	23	1	6	1	23	2	2	5	0	1.0057347	20	20145.706	20146.306	20146.306	20146.506	20147.312
3	11	2	1	24	1	6	1	24	2	1	3	1	0.5643573	21	20148.618	20148.818	20148.818	20149.018	20149.382
3	11	2	1	25	1	6	1	25	5	1	2	0	1.2444324	21	20150.824	20151.024	20151.024	20151.224	20152.268
3	11	2	1	26	1	6	1	26	1	1	2	1	0.84254583	22	20153.339	20153.539	20153.539	20153.739	20154.382
3	11	2	1	27	1	6	1	27	6	2	7	1	0.79511733	23	20155.545	20156.145	20156.145	20156.345	20156.94
3	11	2	1	28	1	6	1	28	5	2	5	0	1.300468	23	20158.151	20158.751	20158.751	20158.951	20160.052
3	11	2	1	29	1	6	1	29	6	1	7	1	0.92675607	24	20161.065	20161.265	20161.265	20161.465	20162.192
3	11	2	1	30	1	6	1	30	1	2	2	1	0.95870403	25	20163.271	20163.871	20163.871	20164.071	20164.83
3	11	2	1	31	1	2	1	1	5	2	8	1	0.75944923	1	20186.055	20186.655	20186.655	20186.856	20187.415
3	11	2	1	32	1	2	1	2	6	1	8	1	0.50055341	2	20188.666	20188.866	20188.866	20189.066	20189.366
3	11	2	1	33	1	2	1	3	6	2	8	1	0.58917934	3	20190.874	20191.474	20191.474	20191.674	20192.063
3	11	2	1	34	1	2	1	4	2	1	1	1	0.64137716	4	20193.483	20193.683	20193.683	20193.883	20194.324
3	11	2	1	35	1	2	1	5	6	2	8	1	0.62590547	5	20195.691	20196.291	20196.291	20196.491	20196.917
3	11	2	1	36	1	2	1	6	1	1	1	1	0.6945409	6	20198.297	20198.497	20198.497	20198.697	20199.192
3	11	2	1	37	1	2	1	7	1	2	8	0	0.48815358	6	20200.504	20201.104	20201.104	20201.304	20201.592
3	11	2	1	38	1	2	1	8	2	1	1	1	0.58720094	7	20203.419	20203.619	20203.619	20203.819	20204.207
3	11	2	1	39	1	2	1	9	2	2	1	1	0.65023158	8	20205.626	20206.226	20206.226	20206.426	20206.876
3	11	2	1	40	1	2	1	10	5	1	8	1	0.45377439	9	20208.232	20208.432	20208.432	20208.632	20208.886
3	11	2	1	41	1	2	1	11	5	2	8	1	0.49545478	10	20210.439	20211.039	20211.039	20211.239	20211.534
3	11	2	1	42	1	2	1	12	2	1	1	1	0.97504389	11	20213.045	20213.245	20213.245	20213.445	20214.221
3	11	2	1	43	1	2	1	13	4	2	1	0	1.3378113	11	20215.252	20215.852	20215.852	20216.052	20217.19
3	11	2	1	44	1	2	1	14	4	1	8	1	0.61632975	12	20218.168	20218.368	20218.368	20218.568	20218.984
3	11	2	1	45	1	2	1	15	1	2	1	1	0.59803412	13	20220.375	20220.975	20220.975	20221.175	20221.573
3	11	2	1	46	1	2	1	16	3	2	1	1	0.93827052	14	20222.982	20223.582	20223.582	20223.782	20224.52
3	11	2	1	47	1	2	1	17	1	2	1	1	0.51956492	15	20225.589	20226.189	20226.189	20226.389	20226.708
3	11	2	1	48	1	2	1	18	6	2	8	1	0.63436021	16	20228.196	20228.796	20228.796	20228.996	20229.431
3	11	2	1	49	1	2	1	19	4	1	8	1	0.69094688	17	20230.804	20231.004	20231.004	20231.204	20231.695
3	11	2	1	50	1	2	1	20	3	1	1	1	0.70507206	18	20233.011	20233.211	20233.211	20233.411	20233.916
3	11	2	1	51	1	2	1	21	4	1	8	1	1.1463032	19	20235.218	20235.419	20235.419	20235.619	20236.565
3	11	2	1	52	1	2	1	22	5	1	8	1	0.69920491	20	20237.426	20237.626	20237.626	20237.826	20238.325
3	11	2	1	53	1	2	1	23	2	2	1	1	0.99479842	21	20239.633	20240.233	20240.233	20240.433	20241.228
3	11	2	1	54	1	2	1	24	1	1	1	1	0.69197641	22	20242.241	20242.441	20242.441	20242.641	20243.133
3	11	2	1	55	1	2	1	25	3	1	1	1	0.59905366	23	20244.448	20244.648	20244.648	20244.848	20245.247
3	11	2	1	56	1	2	1	26	3	1	1	1	0.61641546	24	20246.655	20246.855	20246.855	20247.055	20247.471
3	11	2	1	57	1	2	1	27	6	2	8	1	0.74928583	25	20248.862	20249.462	20249.462	20249.662	20250.212
3	11	2	1	58	1	2	1	28	3	2	1	1	1.0397151	26	20251.47	20252.07	20252.07	20252.27	20253.11
3	11	2	1	59	1	2	1	29	5	1	8	1	0.53466679	27	20254.078	20254.278	20254.278	20254.478	20254.813
3	11	2	1	60	1	2	1	30	4	2	8	1	0.67200867	28	20256.286	20256.886	20256.886	20257.086	20257.558
3	11	2	1	61	1	6	2	1	5	2	5	0	1.8095254	28	20290.82	20291.42	20291.42	20291.62	20293.23
3	11	2	1	62	1	6	2	2	6	1	7	1	0.93856462	29	20293.739	20293.939	20293.939	20294.139	20294.878
3	11	2	1	63	1	6	2	3	6	2	7	1	0.64265753	30	20295.947	20296.547	20296.547	20296.747	20297.19
3	11	2	1	64	1	6	2	4	2	1	3	1	1.0257606	31	20298.555	20298.755	20298.756	20298.956	20299.781
3	11	2	1	65	1	6	2	5	6	2	7	1	0.75227199	32	20300.764	20301.364	20301.364	20301.564	20302.116
3	11	2	1	66	1	6	2	6	1	1	2	1	1.4269087	33	20303.372	20303.572	20303.572	20303.772	20304.999
3	11	2	1	67	1	6	2	7	1	2	2	1	0.78728524	34	20305.58	20306.18	20306.18	20306.38	20306.967
3	11	2	1	68	1	6	2	8	2	1	3	1	1.2880678	35	20308.188	20308.389	20308.389	20308.589	20309.677
3	11	2	1	69	1	6	2	9	2	2	3	1	0.5430976	36	20310.397	20310.997	20310.997	20311.197	20311.54
3	11	2	1	70	1	6	2	10	5	1	5	0	1.0008392	36	20313.005	20313.205	20313.205	20313.405	20314.206
3	11	2	1	71	1	6	2	11	5	2	6	1	0.64196026	37	20315.524	20316.124	20316.124	20316.324	20316.766
3	11	2	1	72	1	6	2	12	2	1	3	1	0.74297008	38	20318.133	20318.333	20318.333	20318.533	20319.076
3	11	2	1	73	1	6	2	13	4	2	5	1	0.5461988	39	20320.341	20320.941	20320.941	20321.141	20321.488
3	11	2	1	74	1	6	2	14	4	1	5	1	0.62454556	40	20322.95	20323.15	20323.15	20323.35	20323.774
3	11	2	1	75	1	6	2	15	1	2	2	1	0.92657556	41	20325.158	20325.758	20325.758	20325.958	20326.684
3	11	2	1	76	1	6	2	16	3	2	4	1	1.2052099	42	20327.767	20328.367	20328.367	20328.567	20329.572
3	11	2	1	77	1	6	2	17	1	2	2	1	0.70154689	43	20330.375	20330.975	20330.975	20331.175	20331.677
3	11	2	1	78	1	6	2	18	6	2	7	1	0.75410335	44	20332.986	20333.586	20333.586	20333.786	20334.34
3	11	2	1	79	1	6	2	19	4	1	5	1	1.172544	45	20335.595	20335.795	20335.795	20335.995	20336.968
3	11	2	1	80	1	6	2	20	3	1	4	1	1.047791	46	20337.804	20338.004	20338.004	20338.204	20339.052
3	11	2	1	81	1	6	2	21	4	1	5	1	0.88726528	47	20340.013	20340.213	20340.213	20340.413	20341.1
3	11	2	1	82	1	6	2	22	5	1	2	0	1.3507844	47	20342.221	20342.421	20342.421	20342.621	20343.772
3	11	2	1	83	1	6	2	23	2	2	3	1	1.3065224	48	20344.738	20345.338	20345.338	20345.538	20346.645
3	11	2	1	84	1	6	2	24	1	1	2	1	0.84246827	49	20347.347	20347.547	20347.547	20347.747	20348.389
3	11	2	1	85	1	6	2	25	3	1	4	1	0.80785703	50	20349.556	20349.756	20349.756	20349.956	20350.564
3	11	2	1	86	1	6	2	26	3	1	2	0	0.73007908	50	20351.765	20351.965	20351.965	20352.165	20352.695
3	11	2	1	87	1	6	2	27	6	2	7	1	0.80580622	51	20354.279	20354.879	20354.879	20355.079	20355.685
3	11	2	1	88	1	6	2	28	3	2	4	1	1.0295543	52	20356.888	20357.488	20357.488	20357.688	20358.517
3	11	2	1	89	1	6	2	29	5	1	2	0	1.2545701	52	20359.497	20359.697	20359.697	20359.897	20360.952
3	11	2	1	90	1	6	2	30	4	2	5	1	1.0021977	53	20362.016	20362.616	20362.616	20362.816	20363.618
3	11	2	1	91	1	2	2	1	2	2	1	1	0.76338116	1	20376.717	20377.317	20377.317	20377.517	20378.08
3	11	2	1	92	1	2	2	2	4	1	8	1	0.56788072	2	20379.326	20379.526	20379.526	20379.726	20380.094
3	11	2	1	93	1	2	2	3	5	2	8	1	0.58461789	3	20381.534	20382.134	20382.134	20382.334	20382.719
3	11	2	1	94	1	2	2	4	1	1	1	1	0.69131529	4	20384.145	20384.345	20384.345	20384.545	20385.036
3	11	2	1	95	1	2	2	5	1	2	1	1	0.63739474	5	20386.354	20386.954	20386.954	20387.154	20387.591
3	11	2	1	96	1	2	2	6	6	1	8	1	0.65211063	6	20388.963	20389.163	20389.163	20389.363	20389.815
3	11	2	1	97	1	2	2	7	3	2	1	1	0.89720686	7	20391.172	20391.772	20391.772	20391.972	20392.669
3	11	2	1	98	1	2	2	8	4	1	8	1	0.77072153	8	20393.781	20393.981	20393.981	20394.181	20394.752
3	11	2	1	99	1	2	2	9	3	2	1	1	0.70250994	9	20395.99	20396.59	20396.591	20396.791	20397.293
3	11	2	1	100	1	2	2	10	6	1	8	1	1.012632	10	20398.6	20398.8	20398.8	20399	20399.812
3	11	2	1	101	1	2	2	11	6	2	8	1	0.65259882	11	20400.809	20401.409	20401.409	20401.609	20402.062
3	11	2	1	102	1	2	2	12	3	1	1	1	0.49350408	12	20403.419	20403.619	20403.619	20403.819	20404.112
3	11	2	1	103	1	2	2	13	4	2	8	1	0.59943579	13	20405.629	20406.229	20406.229	20406.429	20406.828
3	11	2	1	104	1	2	2	14	4	1	8	1	0.62234961	14	20408.239	20408.439	20408.439	20408.639	20409.061
3	11	2	1	105	1	2	2	15	3	2	1	1	0.49210223	15	20410.451	20411.051	20411.051	20411.251	20411.543
3	11	2	1	106	1	2	2	16	2	2	1	1	0.53494512	16	20413.061	20413.661	20413.661	20413.861	20414.196
3	11	2	1	107	1	2	2	17	6	2	8	1	0.6382855	17	20415.67	20416.27	20416.27	20416.47	20416.909
3	11	2	1	108	1	2	2	18	5	2	8	1	0.60986082	18	20418.28	20418.88	20418.88	20419.08	20419.49
3	11	2	1	109	1	2	2	19	5	1	8	1	0.58846747	19	20420.89	20421.09	20421.09	20421.29	20421.678
3	11	2	1	110	1	2	2	20	6	1	8	1	0.51337585	20	20423.1	20423.3	20423.3	20423.5	20423.813
3	11	2	1	111	1	2	2	21	2	1	1	1	0.7986424	21	20425.31	20425.51	20425.51	20425.71	20426.309
3	11	2	1	112	1	2	2	22	5	1	1	0	0.88448939	21	20427.52	20427.72	20427.72	20427.92	20428.605
3	11	2	1	113	1	2	2	23	1	2	1	1	0.6481996	22	20430.036	20430.636	20430.636	20430.836	20431.284
3	11	2	1	114	1	2	2	24	1	1	1	1	0.67067341	23	20432.646	20432.846	20432.846	20433.046	20433.517
3	11	2	1	115	1	2	2	25	1	1	1	1	0.58115048	24	20434.857	20435.057	20435.057	20435.257	20435.638
3	11	2	1	116	1	2	2	26	5	1	8	1	0.60906829	25	20437.067	20437.267	20437.267	20437.467	20437.876
3	11	2	1	117	1	2	2	27	3	2	1	1	0.65883124	26	20439.277	20439.877	20439.877	20440.077	20440.536
3	11	2	1	118	1	2	2	28	2	2	1	1	0.63934935	27	20441.888	20442.488	20442.488	20442.688	20443.127
3	11	2	1	119	1	2	2	29	2	1	1	1	0.57913347	28	20444.499	20444.699	20444.699	20444.899	20445.278
3	11	2	1	120	1	2	2	30	4	2	8	1	0.48856509	29	20446.709	20447.309	20447.309	20447.509	20447.798
3	11	2	1	121	1	6	3	1	2	2	3	1	0.7430447	30	20467.565	20468.165	20468.165	20468.365	20468.908
3	11	2	1	122	1	6	3	2	4	1	5	1	0.98981636	31	20470.175	20470.375	20470.375	20470.575	20471.365
3	11	2	1	123	1	6	3	3	5	2	6	1	1.6440132	32	20472.386	20472.986	20472.986	20473.186	20474.63
3	11	2	1	124	1	6	3	4	1	1	2	1	1.0407554	33	20474.996	20475.196	20475.196	20475.396	20476.236
3	11	2	1	125	1	6	3	5	1	2	2	1	0.78624394	34	20477.206	20477.806	20477.806	20478.006	20478.592
3	11	2	1	126	1	6	3	6	6	1	7	1	0.89973825	35	20479.817	20480.017	20480.017	20480.217	20480.916
3	11	2	1	127	1	6	3	7	3	2	4	1	1.129448	36	20482.027	20482.627	20482.627	20482.827	20483.757
3	11	2	1	128	1	6	3	8	4	1	5	1	1.1534929	37	20484.637	20484.837	20484.837	20485.037	20485.991
3	11	2	1	129	1	6	3	9	3	2	4	1	1.3319331	38	20486.849	20487.449	20487.449	20487.649	20488.781
3	11	2	1	130	1	6	3	10	6	1	7	1	0.75266124	39	20489.459	20489.659	20489.659	20489.859	20490.412
3	11	2	1	131	1	6	3	11	6	2	7	1	0.61394811	40	20491.67	20492.27	20492.27	20492.47	20492.884
3	11	2	1	132	1	6	3	12	3	1	4	1	0.76486903	41	20494.282	20494.482	20494.482	20494.682	20495.247
3	11	2	1	133	1	6	3	13	4	2	5	1	1.12676	42	20496.493	20497.093	20497.093	20497.293	20498.22
3	11	2	1	134	1	6	3	14	4	1	5	1	0.57256122	43	20499.103	20499.303	20499.303	20499.503	20499.876
3	11	2	1	135	1	6	3	15	3	2	4	1	0.80742483	44	20501.314	20501.914	20501.914	20502.114	20502.721
3	11	2	1	136	1	6	3	16	2	2	3	1	0.59313813	45	20503.924	20504.524	20504.524	20504.724	20505.118
3	11	2	1	137	1	6	3	17	6	2	7	1	0.83663661	46	20506.536	20507.136	20507.136	20507.336	20507.972
3	11	2	1	138	1	6	3	18	5	2	6	1	0.6772584	47	20509.146	20509.746	20509.746	20509.946	20510.424
3	11	2	1	139	1	6	3	19	5	1	6	1	0.55846769	48	20511.759	20511.959	20511.959	20512.159	20512.517
3	11	2	1	140	1	6	3	20	6	1	7	1	0.84388894	49	20513.97	20514.17	20514.17	20514.37	20515.014
3	11	2	1	141	1	6	3	21	2	1	3	1	0.82094627	50	20516.186	20516.386	20516.386	20516.586	20517.207
3	11	2	1	142	1	6	3	22	5	1	2	0	0.97881946	50	20518.397	20518.597	20518.597	20518.797	20519.576
3	11	2	1	143	1	6	3	23	1	2	2	1	0.65060235	51	20520.913	20521.513	20521.513	20521.713	20522.164
3	11	2	1	144	1	6	3	24	1	1	5	0	0.59407058	51	20523.524	20523.724	20523.724	20523.924	20524.318
3	11	2	1	145	1	6	3	25	1	1	2	1	0.67434436	52	20526.045	20526.245	20526.245	20526.445	20526.919
3	11	2	1	146	1	6	3	26	5	1	6	1	0.76367029	53	20528.256	20528.456	20528.456	20528.656	20529.219
3	11	2	1	147	1	6	3	27	3	2	4	1	1.2447466	54	20530.467	20531.067	20531.067	20531.267	20532.312
3	11	2	1	148	1	6	3	28	2	2	3	1	0.65576153	55	20533.078	20533.678	20533.678	20533.878	20534.334
3	11	2	1	149	1	6	3	29	2	1	3	1	0.55498642	56	20535.69	20535.89	20535.89	20536.09	20536.445
3	11	2	1	150	1	6	3	30	4	2	5	1	0.86329958	57	20537.901	20538.501	20538.501	20538.701	20539.364
3	11	2	1	151	1	2	3	1	3	2	1	1	0.54401628	1	20551.468	20552.068	20552.068	20552.268	20552.612
3	11	2	1	152	1	2	3	2	3	1	1	1	0.52763143	2	20554.084	20554.284	20554.284	20554.484	20554.812
3	11	2	1	153	1	2	3	3	4	2	8	1	0.6023186	3	20556.298	20556.898	20556.898	20557.098	20557.501
3	11	2	1	154	1	2	3	4	5	1	8	1	0.52850409	4	20558.91	20559.11	20559.11	20559.31	20559.639
3	11	2	1	155	1	2	3	5	6	2	8	1	0.58020798	5	20561.122	20561.722	20561.722	20561.922	20562.302
3	11	2	1	156	1	2	3	6	3	1	1	1	0.67179215	6	20563.735	20563.935	20563.935	20564.135	20564.606
3	11	2	1	157	1	2	3	7	3	2	1	1	0.71356054	7	20565.948	20566.548	20566.548	20566.748	20567.261
3	11	2	1	158	1	2	3	8	1	1	1	1	0.74855719	8	20568.559	20568.759	20568.759	20568.959	20569.508
3	11	2	1	159	1	2	3	9	4	2	8	1	0.61950294	9	20570.771	20571.371	20571.371	20571.571	20571.99
3	11	2	1	160	1	2	3	10	1	1	1	1	0.5242103	10	20573.383	20573.583	20573.583	20573.783	20574.107
3	11	2	1	161	1	2	3	11	2	2	1	1	0.80913852	11	20575.595	20576.195	20576.195	20576.395	20577.004
3	11	2	1	162	1	2	3	12	1	1	1	1	0.89737045	12	20578.207	20578.407	20578.407	20578.607	20579.304
3	11	2	1	163	1	2	3	13	1	2	1	1	0.68560209	13	20580.418	20581.018	20581.018	20581.218	20581.704
3	11	2	1	164	1	2	3	14	2	1	1	1	0.54475377	14	20583.03	20583.23	20583.23	20583.43	20583.775
3	11	2	1	165	1	2	3	15	1	2	1	1	0.49190946	15	20585.243	20585.843	20585.843	20586.043	20586.335
3	11	2	1	166	1	2	3	16	4	2	8	1	0.56796387	16	20587.855	20588.455	20588.455	20588.655	20589.023
3	11	2	1	167	1	2	3	17	2	2	1	1	1.4450039	17	20590.467	20591.067	20591.067	20591.267	20592.512
3	11	2	1	168	1	2	3	18	2	2	1	1	0.49269469	18	20593.079	20593.679	20593.679	20593.879	20594.172
3	11	2	1	169	1	2	3	19	6	1	8	1	0.54455747	19	20595.692	20595.892	20595.892	20596.092	20596.436
3	11	2	1	170	1	2	3	20	6	1	8	1	0.55650168	20	20597.904	20598.104	20598.104	20598.304	20598.661
3	11	2	1	171	1	2	3	21	3	1	1	1	0.57538153	21	20600.117	20600.317	20600.317	20600.517	20600.893
3	11	2	1	172	1	2	3	22	5	1	8	1	0.61351575	22	20602.329	20602.529	20602.529	20602.729	20603.143
3	11	2	1	173	1	2	3	23	6	2	8	1	0.70278488	23	20604.542	20605.142	20605.142	20605.342	20605.845
3	11	2	1	174	1	2	3	24	5	1	8	1	0.52270635	24	20607.154	20607.354	20607.354	20607.554	20607.877
3	11	2	1	175	1	2	3	25	2	1	1	1	0.55763132	25	20609.367	20609.567	20609.567	20609.767	20610.125
3	11	2	1	176	1	2	3	26	5	1	8	1	0.48300098	26	20611.579	20611.779	20611.779	20611.979	20612.262
3	11	2	1	177	1	2	3	27	4	2	8	1	0.49342655	27	20613.792	20614.392	20614.392	20614.592	20614.886
3	11	2	1	178	1	2	3	28	5	2	8	1	0.67479981	28	20616.405	20617.005	20617.005	20617.205	20617.679
3	11	2	1	179	1	2	3	29	6	1	8	1	0.5898354	29	20619.018	20619.218	20619.218	20619.418	20619.808
3	11	2	1	180	1	2	3	30	4	2	8	1	0.61566676	30	20621.231	20621.831	20621.831	20622.031	20622.447
3	11	2	1	181	2	6	4	1	3	2	4	1	0.79716526	31	21013.904	21014.504	21014.504	21014.704	21015.301
3	11	2	1	182	2	6	4	2	3	1	4	1	0.6243254	32	21016.518	21016.718	21016.718	21016.918	21017.342
3	11	2	1	183	2	6	4	3	4	2	5	1	1.2811709	33	21018.731	21019.331	21019.331	21019.531	21020.612
3	11	2	1	184	2	6	4	4	5	1	6	1	1.5326221	34	21021.344	21021.544	21021.544	21021.744	21023.076
3	11	2	1	185	2	6	4	5	6	2	7	1	0.79515777	35	21023.557	21024.157	21024.157	21024.357	21024.952
3	11	2	1	186	2	6	4	6	3	1	4	1	1.2148182	36	21026.169	21026.369	21026.369	21026.569	21027.584
3	11	2	1	187	2	6	4	7	3	2	4	1	0.65239303	37	21028.383	21028.983	21028.983	21029.183	21029.635
3	11	2	1	188	2	6	4	8	1	1	2	1	1.1041241	38	21030.996	21031.196	21031.196	21031.396	21032.3
3	11	2	1	189	2	6	4	9	4	2	5	1	0.83788826	39	21033.209	21033.809	21033.809	21034.009	21034.647
3	11	2	1	190	2	6	4	10	1	1	2	1	0.78593669	40	21035.826	21036.026	21036.026	21036.226	21036.812
3	11	2	1	191	2	6	4	11	2	2	3	1	0.95922399	41	21038.04	21038.64	21038.64	21038.84	21039.599
3	11	2	1	192	2	6	4	12	1	1	2	1	1.2976202	42	21040.653	21040.853	21040.853	21041.053	21042.15
3	11	2	1	193	2	6	4	13	1	2	2	1	0.68461001	43	21042.866	21043.466	21043.466	21043.666	21044.15
3	11	2	1	194	2	6	4	14	2	1	3	1	1.6213469	44	21045.479	21045.679	21045.679	21045.879	21047.3
3	11	2	1	195	2	6	4	15	1	2	2	1	0.6714442	45	21047.693	21048.293	21048.293	21048.493	21048.964
3	11	2	1	196	2	6	4	16	4	2	5	1	1.3400303	46	21050.307	21050.907	21050.907	21051.107	21052.247
3	11	2	1	197	2	6	4	17	2	2	3	1	0.91648614	47	21052.921	21053.521	21053.521	21053.721	21054.438
3	11	2	1	198	2	6	4	18	2	2	3	1	0.83149645	48	21055.535	21056.135	21056.135	21056.335	21056.967
3	11	2	1	199	2	6	4	19	6	1	7	1	0.85851904	49	21058.149	21058.349	21058.349	21058.549	21059.208
3	11	2	1	200	2	6	4	20	6	1	7	1	0.61213421	50	21060.363	21060.563	21060.563	21060.763	21061.175
3	11	2	1	201	2	6	4	21	3	1	4	1	1.2214241	51	21062.577	21062.777	21062.777	21062.977	21063.998
3	11	2	1	202	2	6	4	22	5	1	6	1	1.2314064	52	21064.791	21064.991	21064.991	21065.191	21066.222
3	11	2	1	203	2	6	4	23	6	2	7	1	0.92790243	53	21067.004	21067.604	21067.604	21067.804	21068.532
3	11	2	1	204	2	6	4	24	5	1	6	1	0.65739639	54	21069.618	21069.818	21069.818	21070.018	21070.476
3	11	2	1	205	2	6	4	25	2	1	3	1	1.4536509	55	21071.832	21072.032	21072.032	21072.232	21073.486
3	11	2	1	206	2	6	4	26	5	1	6	1	0.99311083	56	21074.046	21074.246	21074.246	21074.446	21075.239
3	11	2	1	207	2	6	4	27	4	2	5	1	0.72408803	57	21076.26	21076.86	21076.86	21077.06	21077.584
3	11	2	1	208	2	6	4	28	5	2	6	1	0.63842605	58	21078.873	21079.473	21079.473	21079.673	21080.112
3	11	2	1	209	2	6	4	29	6	1	7	1	0.71664871	59	21081.488	21081.688	21081.688	21081.888	21082.404
3	11	2	1	210	2	6	4	30	4	2	5	1	0.86654978	60	21083.707	21084.307	21084.307	21084.507	21085.174
3	11	2	1	211	2	2	4	1	4	2	8	1	0.65469364	1	21114.384	21114.984	21114.984	21115.184	21115.639
3	11	2	1	212	2	2	4	2	5	1	8	1	0.55685511	2	21116.999	21117.199	21117.199	21117.399	21117.756
3	11	2	1	213	2	2	4	3	4	2	8	1	1.001113	3	21119.213	21119.813	21119.813	21120.013	21120.814
3	11	2	1	214	2	2	4	4	1	1	1	1	0.78714588	4	21121.827	21122.027	21122.027	21122.227	21122.814
3	11	2	1	215	2	2	4	5	4	2	8	1	1.3413069	5	21124.041	21124.641	21124.641	21124.841	21125.982
3	11	2	1	216	2	2	4	6	6	1	8	1	0.47032662	6	21126.655	21126.855	21126.856	21127.056	21127.326
3	11	2	1	217	2	2	4	7	5	2	8	1	0.48962118	7	21128.87	21129.47	21129.47	21129.67	21129.96
3	11	2	1	218	2	2	4	8	5	1	8	1	0.72160086	8	21131.484	21131.684	21131.684	21131.884	21132.406
3	11	2	1	219	2	2	4	9	6	2	8	1	0.73939967	9	21133.699	21134.299	21134.299	21134.499	21135.038
3	11	2	1	220	2	2	4	10	3	1	1	1	1.0136182	10	21136.313	21136.513	21136.513	21136.713	21137.527
3	11	2	1	221	2	2	4	11	1	2	1	1	0.83525805	11	21138.527	21139.127	21139.127	21139.327	21139.963
3	11	2	1	222	2	2	4	12	6	1	8	1	0.68955793	12	21141.142	21141.342	21141.342	21141.542	21142.031
3	11	2	1	223	2	2	4	13	5	2	8	1	1.0568496	13	21143.356	21143.956	21143.956	21144.156	21145.013
3	11	2	1	224	2	2	4	14	3	1	1	1	0.6358183	14	21145.971	21146.171	21146.171	21146.371	21146.807
3	11	2	1	225	2	2	4	15	4	2	8	1	0.75769555	15	21148.186	21148.786	21148.786	21148.986	21149.544
3	11	2	1	226	2	2	4	16	1	2	1	1	0.57214888	16	21150.801	21151.401	21151.401	21151.601	21151.973
3	11	2	1	227	2	2	4	17	2	2	1	1	0.98514789	17	21153.419	21154.019	21154.019	21154.219	21155.004
3	11	2	1	228	2	2	4	18	3	2	1	1	1.1062545	18	21156.034	21156.634	21156.634	21156.834	21157.741
3	11	2	1	229	2	2	4	19	3	1	1	1	0.86875865	19	21158.649	21158.849	21158.849	21159.049	21159.718
3	11	2	1	230	2	2	4	20	6	1	8	1	0.65444185	20	21160.864	21161.064	21161.064	21161.264	21161.719
3	11	2	1	231	2	2	4	21	2	1	1	1	0.72892144	21	21163.079	21163.279	21163.279	21163.479	21164.008
3	11	2	1	232	2	2	4	22	4	1	8	1	0.42142242	22	21165.294	21165.494	21165.494	21165.694	21165.916
3	11	2	1	233	2	2	4	23	1	2	1	1	0.71249727	23	21167.51	21168.11	21168.11	21168.31	21168.822
3	11	2	1	234	2	2	4	24	6	1	1	0	0.7687071	23	21170.124	21170.324	21170.324	21170.524	21171.093
3	11	2	1	235	2	2	4	25	1	1	1	1	1.2879695	24	21172.343	21172.543	21172.543	21172.743	21173.831
3	11	2	1	236	2	2	4	26	2	1	1	1	1.0047712	25	21174.559	21174.759	21174.759	21174.959	21175.764
3	11	2	1	237	2	2	4	27	2	2	1	1	0.66973011	26	21176.774	21177.374	21177.374	21177.574	21178.044
3	11	2	1	238	2	2	4	28	2	2	1	1	0.65096437	27	21179.389	21179.989	21179.989	21180.189	21180.64
3	11	2	1	239	2	2	4	29	5	1	8	1	0.79239165	28	21182.004	21182.204	21182.204	21182.404	21182.997
3	11	2	1	240	2	2	4	30	3	2	1	1	0.88748346	29	21184.22	21184.82	21184.82	21185.02	21185.708
3	11	2	1	241	2	6	5	1	4	2	5	1	1.3430218	30	21214.912	21215.512	21215.512	21215.712	21216.855
3	11	2	1	242	2	6	5	2	5	1	6	1	1.3803106	31	21217.528	21217.728	21217.728	21217.928	21219.108
3	11	2	1	243	2	6	5	3	4	2	5	1	0.631447	32	21219.743	21220.343	21220.343	21220.543	21220.975
3	11	2	1	244	2	6	5	4	1	1	2	1	1.0034991	33	21222.365	21222.565	21222.565	21222.765	21223.568
3	11	2	1	245	2	6	5	5	4	2	5	1	1.5456852	34	21224.58	21225.18	21225.18	21225.38	21226.726
3	11	2	1	246	2	6	5	6	6	1	7	1	0.84422561	35	21227.196	21227.396	21227.396	21227.596	21228.24
3	11	2	1	247	2	6	5	7	5	2	6	1	1.2966489	36	21229.412	21230.012	21230.012	21230.212	21231.308
3	11	2	1	248	2	6	5	8	5	1	6	1	0.59258975	37	21232.027	21232.227	21232.227	21232.427	21232.82
3	11	2	1	249	2	6	5	9	6	2	7	1	0.80772681	38	21234.245	21234.845	21234.845	21235.045	21235.652
3	11	2	1	250	2	6	5	10	3	1	4	1	0.6673995	39	21236.86	21237.06	21237.06	21237.26	21237.728
3	11	2	1	251	2	6	5	11	1	2	2	1	0.74602666	40	21239.076	21239.676	21239.676	21239.876	21240.422
3	11	2	1	252	2	6	5	12	6	1	7	1	0.76855366	41	21241.692	21241.892	21241.892	21242.092	21242.66
3	11	2	1	253	2	6	5	13	5	2	6	1	1.1498097	42	21243.91	21244.51	21244.51	21244.71	21245.66
3	11	2	1	254	2	6	5	14	3	1	4	1	0.7677102	43	21246.527	21246.727	21246.727	21246.927	21247.494
3	11	2	1	255	2	6	5	15	4	2	5	1	1.3811524	44	21248.743	21249.343	21249.343	21249.543	21250.724
3	11	2	1	256	2	6	5	16	1	2	2	1	0.79913089	45	21251.359	21251.959	21251.959	21252.159	21252.759
3	11	2	1	257	2	6	5	17	2	2	4	0	1.396507	45	21253.976	21254.576	21254.576	21254.776	21255.972
3	11	2	1	258	2	6	5	18	3	2	4	1	0.71426864	46	21256.596	21257.196	21257.196	21257.396	21257.91
3	11	2	1	259	2	6	5	19	3	1	4	1	0.67497007	47	21259.212	21259.412	21259.412	21259.612	21260.087
3	11	2	1	260	2	6	5	20	6	1	7	1	1.047396	48	21261.428	21261.628	21261.628	21261.828	21262.676
3	11	2	1	261	2	6	5	21	2	1	3	1	0.71067845	49	21263.645	21263.845	21263.845	21264.045	21264.555
3	11	2	1	262	2	6	5	22	4	1	5	1	1.1689831	50	21265.861	21266.061	21266.061	21266.261	21267.23
3	11	2	1	263	2	6	5	23	1	2	2	1	0.8959326	51	21268.078	21268.678	21268.678	21268.878	21269.574
3	11	2	1	264	2	6	5	24	6	1	7	1	1.0213501	52	21270.694	21270.894	21270.894	21271.094	21271.916
3	11	2	1	265	2	6	5	25	1	1	2	1	1.1354169	53	21272.911	21273.111	21273.111	21273.311	21274.247
3	11	2	1	266	2	6	5	26	2	1	3	1	1.1966869	54	21275.128	21275.328	21275.328	21275.528	21276.525
3	11	2	1	267	2	6	5	27	2	2	3	1	0.79726458	55	21277.345	21277.945	21277.945	21278.145	21278.742
3	11	2	1	268	2	6	5	28	2	2	3	1	0.78360642	56	21279.962	21280.562	21280.562	21280.762	21281.345
3	11	2	1	269	2	6	5	29	5	1	6	1	1.3387073	57	21282.578	21282.778	21282.778	21282.978	21284.117
3	11	2	1	270	2	6	5	30	3	2	4	1	1.2904272	58	21284.795	21285.395	21285.395	21285.595	21286.686
3	11	2	1	271	2	2	5	1	3	2	1	1	1.0762688	1	21315.482	21316.082	21316.082	21316.282	21317.158
3	11	2	1	272	2	2	5	2	4	1	8	1	0.73846973	2	21318.099	21318.299	21318.299	21318.499	21319.037
3	11	2	1	273	2	2	5	3	4	2	8	1	0.54399475	3	21320.316	21320.916	21320.916	21321.116	21321.46
3	11	2	1	274	2	2	5	4	4	1	8	1	0.57380665	4	21322.936	21323.136	21323.136	21323.336	21323.71
3	11	2	1	275	2	2	5	5	5	2	8	1	0.61961636	5	21325.153	21325.753	21325.753	21325.953	21326.373
3	11	2	1	276	2	2	5	6	5	1	8	1	0.6776996	6	21327.77	21327.97	21327.97	21328.17	21328.648
3	11	2	1	277	2	2	5	7	2	2	1	1	0.6125774	7	21329.987	21330.587	21330.587	21330.787	21331.199
3	11	2	1	278	2	2	5	8	4	1	8	1	0.89010631	8	21332.604	21332.804	21332.804	21333.004	21333.694
3	11	2	1	279	2	2	5	9	3	2	1	1	0.88907818	9	21334.822	21335.422	21335.422	21335.622	21336.311
3	11	2	1	280	2	2	5	10	4	1	8	1	0.75718629	10	21337.439	21337.639	21337.639	21337.839	21338.396
3	11	2	1	281	2	2	5	11	1	2	1	1	0.62683954	11	21339.657	21340.257	21340.257	21340.457	21340.884
3	11	2	1	282	2	2	5	12	6	1	8	1	0.67622625	12	21342.274	21342.474	21342.474	21342.674	21343.15
3	11	2	1	283	2	2	5	13	6	2	8	1	0.78606337	13	21344.492	21345.092	21345.092	21345.292	21345.878
3	11	2	1	284	2	2	5	14	6	1	8	1	0.57928725	14	21347.113	21347.313	21347.313	21347.513	21347.893
3	11	2	1	285	2	2	5	15	1	2	1	1	0.61956323	15	21349.331	21349.931	21349.931	21350.131	21350.551
3	11	2	1	286	2	2	5	16	2	2	1	1	0.72285849	16	21351.949	21352.549	21352.549	21352.749	21353.272
3	11	2	1	287	2	2	5	17	2	2	1	1	0.78106095	17	21354.567	21355.167	21355.167	21355.367	21355.948
3	11	2	1	288	2	2	5	18	6	2	8	1	0.66297022	18	21357.185	21357.785	21357.785	21357.985	21358.448
3	11	2	1	289	2	2	5	19	5	1	8	1	0.67516276	19	21359.802	21360.002	21360.002	21360.202	21360.677
3	11	2	1	290	2	2	5	20	5	1	8	1	0.88880286	20	21362.02	21362.22	21362.22	21362.42	21363.109
3	11	2	1	291	2	2	5	21	3	1	1	1	0.87969883	21	21364.238	21364.438	21364.438	21364.638	21365.318
3	11	2	1	292	2	2	5	22	1	1	1	1	0.75720842	22	21366.456	21366.656	21366.656	21366.856	21367.414
3	11	2	1	293	2	2	5	23	2	2	1	1	0.65598751	23	21368.676	21369.276	21369.276	21369.476	21369.932
3	11	2	1	294	2	2	5	24	5	1	8	1	0.8824332	24	21371.293	21371.493	21371.493	21371.693	21372.376
3	11	2	1	295	2	2	5	25	2	1	1	1	0.78168532	25	21373.511	21373.711	21373.711	21373.911	21374.493
3	11	2	1	296	2	2	5	26	3	1	1	1	0.74158417	26	21375.73	21375.93	21375.93	21376.13	21376.671
3	11	2	1	297	2	2	5	27	3	2	1	1	0.56916016	27	21377.947	21378.547	21378.547	21378.747	21379.117
3	11	2	1	298	2	2	5	28	1	2	1	1	0.51694274	28	21380.567	21381.167	21381.167	21381.367	21381.684
3	11	2	1	299	2	2	5	29	1	1	1	1	0.5144744	29	21383.186	21383.386	21383.386	21383.586	21383.9
3	11	2	1	300	2	2	5	30	6	2	8	1	0.50650574	30	21385.404	21386.004	21386.004	21386.204	21386.511
3	11	2	1	301	2	6	6	1	3	2	4	1	0.64134598	31	21416.1	21416.7	21416.7	21416.9	21417.341
3	11	2	1	302	2	6	6	2	4	1	5	1	0.79990178	32	21418.718	21418.918	21418.918	21419.118	21419.718
3	11	2	1	303	2	6	6	3	4	2	5	1	0.61428344	33	21420.937	21421.537	21421.537	21421.737	21422.151
3	11	2	1	304	2	6	6	4	4	1	5	1	0.53991006	34	21423.556	21423.756	21423.756	21423.956	21424.296
3	11	2	1	305	2	6	6	5	5	2	6	1	0.93489284	35	21425.774	21426.374	21426.374	21426.574	21427.309
3	11	2	1	306	2	6	6	6	5	1	6	1	0.53276708	36	21428.394	21428.594	21428.594	21428.794	21429.127
3	11	2	1	307	2	6	6	7	2	2	3	1	0.75296951	37	21430.612	21431.212	21431.212	21431.412	21431.965
3	11	2	1	308	2	6	6	8	4	1	5	1	1.3093703	38	21433.231	21433.431	21433.431	21433.631	21434.74
3	11	2	1	309	2	6	6	9	3	2	4	1	0.98507135	39	21435.45	21436.05	21436.05	21436.25	21437.035
3	11	2	1	310	2	6	6	10	4	1	5	1	1.5994863	40	21438.069	21438.269	21438.269	21438.469	21439.868
3	11	2	1	311	2	6	6	11	1	2	2	1	0.84564724	41	21440.287	21440.887	21440.887	21441.087	21441.733
3	11	2	1	312	2	6	6	12	6	1	7	1	0.75512842	42	21442.908	21443.108	21443.108	21443.308	21443.863
3	11	2	1	313	2	6	6	13	6	2	7	1	0.65451782	43	21445.127	21445.727	21445.727	21445.927	21446.381
3	11	2	1	314	2	6	6	14	6	1	7	1	0.69020806	44	21447.746	21447.946	21447.946	21448.146	21448.637
3	11	2	1	315	2	6	6	15	1	2	2	1	0.85609687	45	21449.965	21450.565	21450.565	21450.765	21451.422
3	11	2	1	316	2	6	6	16	2	2	3	1	1.1168895	46	21452.584	21453.184	21453.184	21453.384	21454.301
3	11	2	1	317	2	6	6	17	2	2	3	1	0.62895316	47	21455.203	21455.803	21455.803	21456.003	21456.432
3	11	2	1	318	2	6	6	18	6	2	7	1	0.93669167	48	21457.821	21458.421	21458.421	21458.621	21459.358
3	11	2	1	319	2	6	6	19	5	1	6	1	1.8928938	49	21460.44	21460.64	21460.64	21460.84	21462.533
3	11	2	1	320	2	6	6	20	5	1	6	1	0.59630756	50	21462.66	21462.86	21462.86	21463.06	21463.456
3	11	2	1	321	2	6	6	21	3	1	4	1	0.75683836	51	21464.879	21465.079	21465.079	21465.279	21465.836
3	11	2	1	322	2	6	6	22	1	1	2	1	0.87356133	52	21467.1	21467.3	21467.3	21467.5	21468.173
3	11	2	1	323	2	6	6	23	2	2	3	1	0.7441844	53	21469.319	21469.919	21469.919	21470.119	21470.663
3	11	2	1	324	2	6	6	24	5	1	6	1	0.85429797	54	21471.938	21472.138	21472.138	21472.338	21472.992
3	11	2	1	325	2	6	6	25	2	1	3	1	0.77636838	55	21474.158	21474.358	21474.358	21474.558	21475.134
3	11	2	1	326	2	6	6	26	3	1	4	1	0.95647697	56	21476.377	21476.577	21476.577	21476.777	21477.534
3	11	2	1	327	2	6	6	27	3	2	4	1	0.7824834	57	21478.597	21479.197	21479.197	21479.397	21479.98
3	11	2	1	328	2	6	6	28	1	2	2	1	0.79505892	58	21481.217	21481.817	21481.817	21482.017	21482.612
3	11	2	1	329	2	6	6	29	1	1	2	1	0.73865679	59	21483.837	21484.037	21484.037	21484.237	21484.775
3	11	2	1	330	2	6	6	30	6	2	7	1	0.65326715	60	21486.056	21486.656	21486.656	21486.856	21487.31
3	11	2	1	331	2	2	6	1	3	2	1	1	0.87399493	1	21516.739	21517.339	21517.339	21517.539	21518.213
3	11	2	1	332	2	2	6	2	4	1	8	1	0.80519035	2	21519.359	21519.559	21519.559	21519.759	21520.364
3	11	2	1	333	2	2	6	3	2	2	1	1	1.1697254	3	21521.579	21522.179	21522.179	21522.379	21523.348
3	11	2	1	334	2	2	6	4	4	1	8	1	0.84662546	4	21524.198	21524.398	21524.398	21524.598	21525.245
3	11	2	1	335	2	2	6	5	2	2	1	1	1.2280979	5	21526.418	21527.018	21527.018	21527.218	21528.246
3	11	2	1	336	2	2	6	6	6	1	8	1	0.48730467	6	21529.038	21529.238	21529.238	21529.438	21529.725
3	11	2	1	337	2	2	6	7	3	2	1	1	0.53002051	7	21531.262	21531.862	21531.862	21532.062	21532.392
3	11	2	1	338	2	2	6	8	1	1	1	1	0.66471143	8	21533.882	21534.082	21534.082	21534.282	21534.747
3	11	2	1	339	2	2	6	9	1	2	1	1	0.64909651	9	21536.102	21536.702	21536.702	21536.902	21537.351
3	11	2	1	340	2	2	6	10	6	1	8	1	0.85821824	10	21538.722	21538.922	21538.922	21539.122	21539.78
3	11	2	1	341	2	2	6	11	3	2	1	1	0.5854646	11	21540.942	21541.542	21541.542	21541.742	21542.127
3	11	2	1	342	2	2	6	12	5	1	8	1	1.0101487	12	21543.562	21543.762	21543.762	21543.962	21544.772
3	11	2	1	343	2	2	6	13	5	2	8	1	0.55793559	13	21545.784	21546.384	21546.384	21546.584	21546.942
3	11	2	1	344	2	2	6	14	6	1	8	1	0.56463315	14	21548.403	21548.603	21548.603	21548.804	21549.168
3	11	2	1	345	2	2	6	15	3	2	1	1	0.72440893	15	21550.624	21551.224	21551.224	21551.424	21551.948
3	11	2	1	346	2	2	6	16	2	2	1	1	0.69773171	16	21553.244	21553.844	21553.844	21554.044	21554.542
3	11	2	1	347	2	2	6	17	4	2	8	1	0.95566639	17	21555.864	21556.464	21556.464	21556.664	21557.42
3	11	2	1	348	2	2	6	18	1	2	1	1	0.81665737	18	21558.485	21559.085	21559.085	21559.285	21559.902
3	11	2	1	349	2	2	6	19	6	1	8	1	1.0387972	19	21561.105	21561.305	21561.305	21561.505	21562.344
3	11	2	1	350	2	2	6	20	2	1	1	1	0.87426713	20	21563.325	21563.525	21563.525	21563.725	21564.399
3	11	2	1	351	2	2	6	21	4	1	8	1	0.65053212	21	21565.545	21565.745	21565.745	21565.945	21566.396
3	11	2	1	352	2	2	6	22	1	1	1	1	0.64723188	22	21567.766	21567.966	21567.966	21568.166	21568.613
3	11	2	1	353	2	2	6	23	1	2	1	1	0.72051703	23	21569.987	21570.587	21570.587	21570.787	21571.308
3	11	2	1	354	2	2	6	24	5	1	8	1	1.1256041	24	21572.607	21572.807	21572.807	21573.007	21573.933
3	11	2	1	355	2	2	6	25	5	1	8	1	0.56021245	25	21574.828	21575.028	21575.028	21575.228	21575.588
3	11	2	1	356	2	2	6	26	6	1	8	1	0.51486195	26	21577.049	21577.249	21577.249	21577.449	21577.764
3	11	2	1	357	2	2	6	27	4	2	8	1	0.64152835	27	21579.269	21579.869	21579.869	21580.069	21580.511
3	11	2	1	358	2	2	6	28	5	2	8	1	0.57208087	28	21581.89	21582.49	21582.49	21582.69	21583.062
3	11	2	1	359	2	2	6	29	3	1	1	1	0.59178414	29	21584.512	21584.712	21584.712	21584.912	21585.304
3	11	2	1	360	2	2	6	30	2	2	1	1	0.65125754	30	21586.733	21587.333	21587.333	21587.533	21587.984
3	11	2	1	361	3	6	7	1	3	2	4	1	1.7985832	31	22564.87	22565.47	22565.47	22565.67	22567.269
3	11	2	1	362	3	6	7	2	4	1	5	1	1.0587853	32	22567.492	22567.692	22567.692	22567.892	22568.75
3	11	2	1	363	3	6	7	3	2	2	3	1	0.85318214	33	22569.713	22570.313	22570.313	22570.513	22571.167
3	11	2	1	364	3	6	7	4	4	1	5	1	1.0809006	34	22572.335	22572.535	22572.535	22572.735	22573.616
3	11	2	1	365	3	6	7	5	2	2	3	1	1.9664299	35	22574.558	22575.158	22575.158	22575.358	22577.124
3	11	2	1	366	3	6	7	6	6	1	7	1	0.97050373	36	22577.179	22577.379	22577.379	22577.579	22578.35
3	11	2	1	367	3	6	7	7	3	2	4	1	1.2042361	37	22579.401	22580.001	22580.001	22580.201	22581.205
3	11	2	1	368	3	6	7	8	1	1	2	1	1.5290168	38	22582.021	22582.221	22582.221	22582.421	22583.75
3	11	2	1	369	3	6	7	9	1	2	2	1	0.56281533	39	22584.242	22584.842	22584.842	22585.042	22585.405
3	11	2	1	370	3	6	7	10	6	1	7	1	0.71979971	40	22586.863	22587.063	22587.063	22587.263	22587.783
3	11	2	1	371	3	6	7	11	3	2	4	1	0.82295329	41	22589.085	22589.685	22589.685	22589.885	22590.508
3	11	2	1	372	3	6	7	12	5	1	6	1	1.4019104	42	22591.706	22591.906	22591.906	22592.106	22593.308
3	11	2	1	373	3	6	7	13	5	2	6	1	0.76446344	43	22593.928	22594.528	22594.528	22594.728	22595.292
3	11	2	1	374	3	6	7	14	6	1	7	1	1.8411521	44	22596.549	22596.749	22596.749	22596.949	22598.59
3	11	2	1	375	3	6	7	15	3	2	4	1	1.4013388	45	22598.771	22599.371	22599.371	22599.571	22600.772
3	11	2	1	376	3	6	7	16	2	2	2	0	1.6518762	45	22601.392	22601.992	22601.992	22602.192	22603.644
3	11	2	1	377	3	6	7	17	4	2	5	1	0.95010001	46	22604.014	22604.614	22604.614	22604.814	22605.564
3	11	2	1	378	3	6	7	18	1	2	2	1	1.3065581	47	22606.636	22607.236	22607.236	22607.436	22608.542
3	11	2	1	379	3	6	7	19	6	1	7	1	1.0179374	48	22609.257	22609.457	22609.457	22609.657	22610.475
3	11	2	1	380	3	6	7	20	2	1	3	1	1.2091687	49	22611.479	22611.679	22611.679	22611.879	22612.888
3	11	2	1	381	3	6	7	21	4	1	5	1	0.95564785	50	22613.7	22613.9	22613.9	22614.1	22614.855
3	11	2	1	382	3	6	7	22	1	1	2	1	1.2748249	51	22615.922	22616.122	22616.122	22616.322	22617.397
3	11	2	1	383	3	6	7	23	1	2	2	1	0.94216623	52	22618.144	22618.744	22618.744	22618.944	22619.686
3	11	2	1	384	3	6	7	24	5	1	5	0	0.72790182	52	22620.765	22620.965	22620.965	22621.165	22621.693
3	11	2	1	385	3	6	7	25	5	1	6	1	0.53682862	53	22622.987	22623.187	22623.187	22623.387	22623.724
3	11	2	1	386	3	6	7	26	6	1	7	1	0.77365364	54	22625.209	22625.409	22625.409	22625.609	22626.183
3	11	2	1	387	3	6	7	27	4	2	5	1	1.0473879	55	22627.431	22628.031	22628.031	22628.231	22629.078
3	11	2	1	388	3	6	7	28	5	2	6	1	1.3218759	56	22630.053	22630.653	22630.653	22630.853	22631.975
3	11	2	1	389	3	6	7	29	3	1	4	1	0.89884871	57	22632.675	22632.875	22632.875	22633.075	22633.773
3	11	2	1	390	3	6	7	30	2	2	3	1	0.74029764	58	22634.896	22635.496	22635.496	22635.696	22636.236
3	11	2	1	391	3	2	7	1	1	2	1	1	0.60417049	1	22665.58	22666.18	22666.18	22666.38	22666.784
3	11	2	1	392	3	2	7	2	3	1	1	1	0.40939994	2	22668.202	22668.402	22668.402	22668.602	22668.812
3	11	2	1	393	3	2	7	3	5	2	8	1	0.49200102	3	22670.425	22671.025	22671.025	22671.225	22671.517
3	11	2	1	394	3	2	7	4	3	1	1	1	0.63825008	4	22673.047	22673.247	22673.247	22673.447	22673.885
3	11	2	1	395	3	2	7	5	5	2	8	1	1.2232777	5	22675.27	22675.87	22675.87	22676.07	22677.093
3	11	2	1	396	3	2	7	6	5	1	8	1	0.54156859	6	22677.893	22678.093	22678.093	22678.293	22678.634
3	11	2	1	397	3	2	7	7	1	2	1	1	0.86022458	7	22680.116	22680.716	22680.716	22680.916	22681.576
3	11	2	1	398	3	2	7	8	6	1	8	1	0.89166246	8	22682.738	22682.938	22682.938	22683.138	22683.83
3	11	2	1	399	3	2	7	9	2	2	1	1	0.84220054	9	22684.961	22685.561	22685.561	22685.761	22686.404
3	11	2	1	400	3	2	7	10	2	1	1	1	0.68688642	10	22687.584	22687.784	22687.784	22687.984	22688.471
3	11	2	1	401	3	2	7	11	1	2	1	1	0.86294316	11	22689.806	22690.406	22690.406	22690.606	22691.269
3	11	2	1	402	3	2	7	12	3	1	8	0	0.70315431	11	22692.428	22692.628	22692.628	22692.828	22693.332
3	11	2	1	403	3	2	7	13	3	2	1	1	0.51786513	12	22694.656	22695.256	22695.256	22695.456	22695.773
3	11	2	1	404	3	2	7	14	6	1	8	1	0.55938703	13	22697.278	22697.478	22697.478	22697.678	22698.038
3	11	2	1	405	3	2	7	15	6	2	8	1	0.4739702	14	22699.501	22700.101	22700.101	22700.301	22700.575
3	11	2	1	406	3	2	7	16	6	2	8	1	0.54568453	15	22702.124	22702.724	22702.724	22702.924	22703.269
3	11	2	1	407	3	2	7	17	1	2	1	1	0.56486789	16	22704.751	22705.351	22705.351	22705.551	22705.916
3	11	2	1	408	3	2	7	18	4	2	8	1	0.88677551	17	22707.374	22707.974	22707.974	22708.174	22708.861
3	11	2	1	409	3	2	7	19	3	1	1	1	0.55894576	18	22709.998	22710.198	22710.198	22710.398	22710.757
3	11	2	1	410	3	2	7	20	2	1	1	1	0.88738993	19	22712.22	22712.42	22712.42	22712.62	22713.308
3	11	2	1	411	3	2	7	21	6	1	8	1	0.62423005	20	22714.443	22714.643	22714.643	22714.843	22715.267
3	11	2	1	412	3	2	7	22	4	1	8	1	0.49550348	21	22716.669	22716.869	22716.869	22717.069	22717.365
3	11	2	1	413	3	2	7	23	2	2	1	1	0.57606456	22	22718.892	22719.492	22719.492	22719.692	22720.068
3	11	2	1	414	3	2	7	24	5	1	8	1	0.53265903	23	22721.515	22721.715	22721.715	22721.915	22722.248
3	11	2	1	415	3	2	7	25	4	1	8	1	0.4588054	24	22723.739	22723.939	22723.939	22724.139	22724.398
3	11	2	1	416	3	2	7	26	1	1	1	1	0.40518539	25	22725.963	22726.163	22726.163	22726.363	22726.568
3	11	2	1	417	3	2	7	27	4	2	8	1	0.65025258	26	22728.186	22728.786	22728.786	22728.986	22729.436
3	11	2	1	418	3	2	7	28	5	2	8	1	0.52700071	27	22730.809	22731.409	22731.409	22731.609	22731.936
3	11	2	1	419	3	2	7	29	4	1	8	1	0.51674307	28	22733.432	22733.632	22733.632	22733.832	22734.149
3	11	2	1	420	3	2	7	30	2	2	1	1	0.47829154	29	22735.656	22736.256	22736.256	22736.456	22736.734
3	11	2	1	421	3	6	8	1	1	2	2	1	0.95167684	30	22766.359	22766.959	22766.959	22767.159	22767.911
3	11	2	1	422	3	6	8	2	3	1	6	0	0.78424564	30	22768.983	22769.183	22769.183	22769.383	22769.967
3	11	2	1	423	3	6	8	3	5	2	6	1	0.97585521	31	22771.207	22771.807	22771.807	22772.007	22772.782
3	11	2	1	424	3	6	8	4	3	1	4	1	0.91383862	32	22773.835	22774.035	22774.035	22774.235	22774.949
3	11	2	1	425	3	6	8	5	5	2	6	1	1.1160351	33	22776.059	22776.659	22776.659	22776.859	22777.775
3	11	2	1	426	3	6	8	6	5	1	6	1	0.68442714	34	22778.682	22778.882	22778.882	22779.082	22779.566
3	11	2	1	427	3	6	8	7	1	2	2	1	0.8677137	35	22780.905	22781.505	22781.505	22781.705	22782.373
3	11	2	1	428	3	6	8	8	6	1	7	1	0.79014048	36	22783.529	22783.729	22783.729	22783.929	22784.519
3	11	2	1	429	3	6	8	9	2	2	3	1	0.77044657	37	22785.755	22786.355	22786.355	22786.555	22787.125
3	11	2	1	430	3	6	8	10	2	1	3	1	0.72423217	38	22788.378	22788.578	22788.578	22788.778	22789.302
3	11	2	1	431	3	6	8	11	1	2	2	1	0.82007755	39	22790.602	22791.202	22791.202	22791.402	22792.022
3	11	2	1	432	3	6	8	12	3	1	4	1	1.234979	40	22793.226	22793.426	22793.426	22793.626	22794.661
3	11	2	1	433	3	6	8	13	3	2	4	1	0.62207906	41	22795.45	22796.05	22796.05	22796.25	22796.672
3	11	2	1	434	3	6	8	14	6	1	7	1	0.70841856	42	22798.074	22798.274	22798.274	22798.474	22798.982
3	11	2	1	435	3	6	8	15	6	2	7	1	0.63519877	43	22800.298	22800.898	22800.898	22801.098	22801.533
3	11	2	1	436	3	6	8	16	6	2	7	1	0.5535342	44	22802.923	22803.523	22803.523	22803.723	22804.077
3	11	2	1	437	3	6	8	17	1	2	4	0	1.1056532	44	22805.547	22806.147	22806.147	22806.347	22807.253
3	11	2	1	438	3	6	8	18	4	2	5	1	1.6828284	45	22808.177	22808.777	22808.777	22808.977	22810.46
3	11	2	1	439	3	6	8	19	3	1	4	1	1.2821741	46	22810.802	22811.002	22811.002	22811.202	22812.284
3	11	2	1	440	3	6	8	20	2	1	3	1	1.4345619	47	22813.027	22813.227	22813.227	22813.427	22814.661
3	11	2	1	441	3	6	8	21	6	1	7	1	0.89777278	48	22815.251	22815.451	22815.451	22815.651	22816.349
3	11	2	1	442	3	6	8	22	4	1	5	1	0.72401225	49	22817.475	22817.675	22817.675	22817.875	22818.399
3	11	2	1	443	3	6	8	23	2	2	3	1	0.92278325	50	22819.7	22820.3	22820.3	22820.5	22821.222
3	11	2	1	444	3	6	8	24	5	1	6	1	1.0565057	51	22822.324	22822.524	22822.524	22822.724	22823.581
3	11	2	1	445	3	6	8	25	4	1	5	1	0.8091238	52	22824.548	22824.748	22824.748	22824.948	22825.557
3	11	2	1	446	3	6	8	26	1	1	2	1	0.84328419	53	22826.772	22826.972	22826.972	22827.172	22827.816
3	11	2	1	447	3	6	8	27	4	2	5	1	1.3937613	54	22828.996	22829.596	22829.596	22829.796	22830.99
3	11	2	1	448	3	6	8	28	5	2	6	1	0.96669487	55	22831.621	22832.221	22832.221	22832.421	22833.188
3	11	2	1	449	3	6	8	29	4	1	5	1	0.65467283	56	22834.247	22834.447	22834.447	22834.647	22835.101
3	11	2	1	450	3	6	8	30	2	2	3	1	0.77576445	57	22836.471	22837.071	22837.071	22837.271	22837.847
3	11	2	1	451	3	2	8	1	6	2	8	1	0.50374219	1	22867.488	22868.088	22868.088	22868.288	22868.592
3	11	2	1	452	3	2	8	2	1	1	1	1	0.56264085	2	22870.113	22870.313	22870.313	22870.513	22870.875
3	11	2	1	453	3	2	8	3	4	2	8	1	0.59302492	3	22872.339	22872.939	22872.939	22873.139	22873.532
3	11	2	1	454	3	2	8	4	1	1	1	1	0.72138087	4	22874.964	22875.164	22875.164	22875.364	22875.885
3	11	2	1	455	3	2	8	5	1	2	1	1	0.56782373	5	22877.188	22877.788	22877.788	22877.988	22878.356
3	11	2	1	456	3	2	8	6	2	1	1	1	0.55802223	6	22879.814	22880.014	22880.014	22880.214	22880.572
3	11	2	1	457	3	2	8	7	5	2	8	1	0.71710775	7	22882.039	22882.639	22882.639	22882.839	22883.356
3	11	2	1	458	3	2	8	8	2	1	1	1	0.64022748	8	22884.664	22884.864	22884.864	22885.064	22885.504
3	11	2	1	459	3	2	8	9	6	2	8	1	1.0191036	9	22886.889	22887.489	22887.489	22887.689	22888.508
3	11	2	1	460	3	2	8	10	4	1	8	1	0.56201099	10	22889.514	22889.714	22889.714	22889.914	22890.276
3	11	2	1	461	3	2	8	11	5	2	8	1	0.77024551	11	22891.739	22892.339	22892.339	22892.539	22893.109
3	11	2	1	462	3	2	8	12	3	1	1	1	0.66753845	12	22894.364	22894.564	22894.564	22894.764	22895.232
3	11	2	1	463	3	2	8	13	4	2	8	1	0.9436218	13	22896.59	22897.19	22897.19	22897.39	22898.133
3	11	2	1	464	3	2	8	14	3	1	1	1	0.61332374	14	22899.215	22899.415	22899.415	22899.615	22900.028
3	11	2	1	465	3	2	8	15	2	2	1	1	0.94840404	15	22901.44	22902.04	22902.04	22902.24	22902.989
3	11	2	1	466	3	2	8	16	3	2	1	1	0.53953437	16	22904.065	22904.665	22904.665	22904.865	22905.205
3	11	2	1	467	3	2	8	17	4	2	8	1	0.54985888	17	22906.694	22907.294	22907.294	22907.494	22907.844
3	11	2	1	468	3	2	8	18	3	2	1	1	0.48575357	18	22909.32	22909.92	22909.92	22910.12	22910.406
3	11	2	1	469	3	2	8	19	6	1	8	1	0.64730449	19	22911.945	22912.145	22912.145	22912.345	22912.792
3	11	2	1	470	3	2	8	20	2	1	1	1	0.50015314	20	22914.17	22914.37	22914.37	22914.57	22914.87
3	11	2	1	471	3	2	8	21	1	1	8	0	0.63068194	20	22916.396	22916.596	22916.596	22916.796	22917.227
3	11	2	1	472	3	2	8	22	3	1	1	1	0.62050333	21	22918.624	22918.824	22918.824	22919.024	22919.444
3	11	2	1	473	3	2	8	23	5	2	8	1	0.63445953	22	22920.85	22921.45	22921.45	22921.65	22922.084
3	11	2	1	474	3	2	8	24	5	1	8	1	0.46407922	23	22923.476	22923.676	22923.676	22923.876	22924.141
3	11	2	1	475	3	2	8	25	4	1	8	1	0.4794442	24	22925.702	22925.902	22925.902	22926.102	22926.382
3	11	2	1	476	3	2	8	26	2	1	1	1	0.65333305	25	22927.935	22928.135	22928.135	22928.335	22928.788
3	11	2	1	477	3	2	8	27	1	2	1	1	0.68695298	26	22930.16	22930.76	22930.76	22930.96	22931.447
3	11	2	1	478	3	2	8	28	6	2	8	1	0.66804738	27	22932.786	22933.386	22933.386	22933.586	22934.054
3	11	2	1	479	3	2	8	29	6	1	8	1	0.55984725	28	22935.412	22935.612	22935.612	22935.812	22936.171
3	11	2	1	480	3	2	8	30	5	2	8	1	0.59374403	29	22937.638	22938.238	22938.238	22938.438	22938.831
3	11	2	1	481	3	6	9	1	6	2	7	1	0.75504739	30	22968.337	22968.937	22968.937	22969.137	22969.692
3	11	2	1	482	3	6	9	2	1	1	2	1	0.73890723	31	22970.963	22971.163	22971.163	22971.363	22971.902
3	11	2	1	483	3	6	9	3	4	2	5	1	0.92969285	32	22973.189	22973.789	22973.789	22973.989	22974.718
3	11	2	1	484	3	6	9	4	1	1	2	1	0.78231994	33	22975.815	22976.015	22976.015	22976.215	22976.797
3	11	2	1	485	3	6	9	5	1	2	2	1	0.67690099	34	22978.041	22978.641	22978.641	22978.841	22979.318
3	11	2	1	486	3	6	9	6	2	1	3	1	0.69917767	35	22980.667	22980.867	22980.867	22981.067	22981.566
3	11	2	1	487	3	6	9	7	5	2	6	1	0.83886154	36	22982.893	22983.493	22983.493	22983.693	22984.332
3	11	2	1	488	3	6	9	8	2	1	3	1	0.92713689	37	22985.52	22985.72	22985.72	22985.92	22986.647
3	11	2	1	489	3	6	9	9	6	2	7	1	1.0176741	38	22987.747	22988.347	22988.347	22988.547	22989.365
3	11	2	1	490	3	6	9	10	4	1	5	1	0.68756181	39	22990.373	22990.573	22990.573	22990.773	22991.261
3	11	2	1	491	3	6	9	11	5	2	6	1	0.91225595	40	22992.6	22993.2	22993.2	22993.4	22994.112
3	11	2	1	492	3	6	9	12	3	1	4	1	0.74641553	41	22995.226	22995.426	22995.426	22995.626	22996.173
3	11	2	1	493	3	6	9	13	4	2	5	1	0.73641264	42	22997.452	22998.052	22998.052	22998.252	22998.789
3	11	2	1	494	3	6	9	14	3	1	3	0	1.0711976	42	23000.079	23000.279	23000.279	23000.479	23001.35
3	11	2	1	495	3	6	9	15	2	2	3	1	0.88312525	43	23002.309	23002.909	23002.909	23003.109	23003.792
3	11	2	1	496	3	6	9	16	3	2	4	1	0.90751226	44	23004.938	23005.538	23005.538	23005.738	23006.445
3	11	2	1	497	3	6	9	17	4	2	5	1	0.77707299	45	23007.565	23008.165	23008.165	23008.365	23008.942
3	11	2	1	498	3	6	9	18	3	2	4	1	1.0878307	46	23010.191	23010.791	23010.791	23010.991	23011.879
3	11	2	1	499	3	6	9	19	6	1	7	1	0.8529865	47	23012.818	23013.018	23013.018	23013.218	23013.871
3	11	2	1	500	3	6	9	20	2	1	3	1	0.92220978	48	23015.044	23015.244	23015.244	23015.444	23016.166
3	11	2	1	501	3	6	9	21	1	1	2	1	1.0064078	49	23017.272	23017.472	23017.472	23017.672	23018.478
3	11	2	1	502	3	6	9	22	3	1	4	1	1.1483662	50	23019.499	23019.699	23019.699	23019.899	23020.847
3	11	2	1	503	3	6	9	23	5	2	6	1	0.90390123	51	23021.725	23022.325	23022.325	23022.525	23023.229
3	11	2	1	504	3	6	9	24	5	1	6	1	0.58926948	52	23024.352	23024.552	23024.552	23024.752	23025.142
3	11	2	1	505	3	6	9	25	4	1	5	1	0.80347086	53	23026.579	23026.779	23026.779	23026.979	23027.582
3	11	2	1	506	3	6	9	26	2	1	3	1	0.57701667	54	23028.806	23029.006	23029.006	23029.206	23029.583
3	11	2	1	507	3	6	9	27	1	2	4	0	0.85628864	54	23031.036	23031.636	23031.636	23031.836	23032.492
3	11	2	1	508	3	6	9	28	6	2	7	1	0.7169557	55	23033.663	23034.263	23034.263	23034.463	23034.98
3	11	2	1	509	3	6	9	29	6	1	7	1	0.68385868	56	23036.29	23036.49	23036.49	23036.69	23037.173
3	11	2	1	510	3	6	9	30	5	2	6	1	0.7759025	57	23038.52	23039.12	23039.12	23039.32	23039.896
3	11	2	1	511	3	2	9	1	1	2	1	1	0.51819815	1	23069.207	23069.807	23069.807	23070.007	23070.326
3	11	2	1	512	3	2	9	2	4	1	8	1	0.56253126	2	23071.834	23072.034	23072.034	23072.234	23072.597
3	11	2	1	513	3	2	9	3	3	2	1	1	0.51790819	3	23074.062	23074.662	23074.662	23074.862	23075.18
3	11	2	1	514	3	2	9	4	3	1	1	1	0.58158959	4	23076.689	23076.889	23076.889	23077.089	23077.471
3	11	2	1	515	3	2	9	5	4	2	8	1	0.77900758	5	23078.917	23079.517	23079.517	23079.717	23080.296
3	11	2	1	516	3	2	9	6	4	1	8	1	0.53440427	6	23081.544	23081.744	23081.744	23081.944	23082.278
3	11	2	1	517	3	2	9	7	2	2	1	1	0.46719147	7	23083.771	23084.371	23084.371	23084.571	23084.838
3	11	2	1	518	3	2	9	8	2	1	1	1	0.49635818	8	23086.399	23086.599	23086.599	23086.799	23087.095
3	11	2	1	519	3	2	9	9	3	2	1	1	0.5382618	9	23088.626	23089.226	23089.226	23089.426	23089.764
3	11	2	1	520	3	2	9	10	5	1	8	1	0.51019487	10	23091.254	23091.454	23091.454	23091.654	23091.964
3	11	2	1	521	3	2	9	11	1	2	1	1	0.86791525	11	23093.482	23094.082	23094.082	23094.282	23094.95
3	11	2	1	522	3	2	9	12	2	1	1	1	0.78548391	12	23096.109	23096.309	23096.309	23096.509	23097.095
3	11	2	1	523	3	2	9	13	6	2	8	1	0.57426341	13	23098.337	23098.937	23098.937	23099.137	23099.511
3	11	2	1	524	3	2	9	14	6	1	8	1	0.65602583	14	23100.965	23101.165	23101.165	23101.365	23101.821
3	11	2	1	525	3	2	9	15	4	2	8	1	0.58978937	15	23103.193	23103.793	23103.793	23103.993	23104.383
3	11	2	1	526	3	2	9	16	5	2	8	1	0.59164546	16	23105.822	23106.422	23106.422	23106.622	23107.013
3	11	2	1	527	3	2	9	17	5	2	8	1	0.52749068	17	23108.454	23109.054	23109.054	23109.254	23109.581
3	11	2	1	528	3	2	9	18	1	2	1	1	0.65879949	18	23111.082	23111.682	23111.682	23111.882	23112.341
3	11	2	1	529	3	2	9	19	6	1	8	1	0.82501658	19	23113.71	23113.91	23113.91	23114.11	23114.735
3	11	2	1	530	3	2	9	20	4	1	8	1	0.73327649	20	23115.938	23116.138	23116.138	23116.338	23116.871
3	11	2	1	531	3	2	9	21	5	1	8	1	0.82754788	21	23118.171	23118.371	23118.371	23118.571	23119.198
3	11	2	1	532	3	2	9	22	2	1	1	1	0.86795314	22	23120.403	23120.603	23120.603	23120.803	23121.471
3	11	2	1	533	3	2	9	23	2	2	1	1	0.66230494	23	23122.632	23123.232	23123.232	23123.432	23123.894
3	11	2	1	534	3	2	9	24	1	1	1	1	0.52827274	24	23125.259	23125.459	23125.459	23125.659	23125.988
3	11	2	1	535	3	2	9	25	1	1	1	1	0.50454816	25	23127.488	23127.688	23127.688	23127.888	23128.192
3	11	2	1	536	3	2	9	26	5	1	8	1	0.48055673	26	23129.718	23129.918	23129.918	23130.118	23130.398
3	11	2	1	537	3	2	9	27	3	2	1	1	0.61653528	27	23131.947	23132.547	23132.547	23132.747	23133.163
3	11	2	1	538	3	2	9	28	6	2	8	1	0.75751823	28	23134.575	23135.175	23135.175	23135.375	23135.933
3	11	2	1	539	3	2	9	29	3	1	1	1	0.54402414	29	23137.204	23137.404	23137.404	23137.604	23137.948
3	11	2	1	540	3	2	9	30	6	2	8	1	0.61963564	30	23139.432	23140.032	23140.032	23140.232	23140.652
3	11	2	1	541	4	6	10	1	1	2	2	1	0.75985817	31	23707.046	23707.646	23707.646	23707.846	23708.406
3	11	2	1	542	4	6	10	2	4	1	5	1	0.84334686	32	23709.675	23709.875	23709.875	23710.075	23710.718
3	11	2	1	543	4	6	10	3	3	2	4	1	0.87722149	33	23711.904	23712.504	23712.504	23712.704	23713.381
3	11	2	1	544	4	6	10	4	3	1	4	1	0.85196399	34	23714.532	23714.732	23714.732	23714.932	23715.584
3	11	2	1	545	4	6	10	5	4	2	5	1	1.1329547	35	23716.761	23717.361	23717.361	23717.561	23718.494
3	11	2	1	546	4	6	10	6	4	1	5	1	1.080479	36	23719.389	23719.589	23719.589	23719.789	23720.669
3	11	2	1	547	4	6	10	7	2	2	3	1	1.2278883	37	23721.619	23722.219	23722.219	23722.419	23723.446
3	11	2	1	548	4	6	10	8	2	1	3	1	0.92471757	38	23724.247	23724.447	23724.447	23724.647	23725.372
3	11	2	1	549	4	6	10	9	3	2	4	1	1.0658491	39	23726.476	23727.076	23727.076	23727.276	23728.142
3	11	2	1	550	4	6	10	10	5	1	6	1	1.193756	40	23729.106	23729.306	23729.306	23729.506	23730.499
3	11	2	1	551	4	6	10	11	1	2	2	1	1.0851278	41	23731.335	23731.935	23731.935	23732.135	23733.02
3	11	2	1	552	4	6	10	12	2	1	3	1	1.8483471	42	23733.964	23734.164	23734.164	23734.364	23736.012
3	11	2	1	553	4	6	10	13	6	2	0	0	-23736.792	42	23736.192	23736.792	23736.792	23736.992	0
3	11	2	1	554	4	6	10	14	6	1	7	1	0.76902564	43	23738.822	23739.022	23739.022	23739.222	23739.791
3	11	2	1	555	4	6	10	15	4	2	5	1	1.5150608	44	23741.052	23741.652	23741.652	23741.852	23743.167
3	11	2	1	556	4	6	10	16	5	2	6	1	0.81901989	45	23743.685	23744.285	23744.285	23744.485	23745.104
3	11	2	1	557	4	6	10	17	5	2	6	1	0.70174084	46	23746.314	23746.914	23746.914	23747.114	23747.616
3	11	2	1	558	4	6	10	18	1	2	4	0	1.1894224	46	23748.944	23749.544	23749.544	23749.744	23750.733
3	11	2	1	559	4	6	10	19	6	1	7	1	1.0711251	47	23751.573	23751.773	23751.773	23751.973	23752.844
3	11	2	1	560	4	6	10	20	4	1	5	1	0.77021222	48	23753.802	23754.002	23754.002	23754.202	23754.773
3	11	2	1	561	4	6	10	21	5	1	6	1	0.99120996	49	23756.032	23756.232	23756.232	23756.432	23757.223
3	11	2	1	562	4	6	10	22	2	1	3	1	1.0326451	50	23758.261	23758.461	23758.461	23758.661	23759.494
3	11	2	1	563	4	6	10	23	2	2	3	1	0.57179933	51	23760.491	23761.091	23761.091	23761.291	23761.662
3	11	2	1	564	4	6	10	24	1	1	2	1	0.82082586	52	23763.12	23763.32	23763.32	23763.52	23764.141
3	11	2	1	565	4	6	10	25	1	1	2	1	0.72023043	53	23765.35	23765.55	23765.55	23765.75	23766.27
3	11	2	1	566	4	6	10	26	5	1	6	1	1.0091526	54	23767.579	23767.779	23767.779	23767.979	23768.789
3	11	2	1	567	4	6	10	27	3	2	4	1	0.90037754	55	23769.809	23770.409	23770.409	23770.609	23771.31
3	11	2	1	568	4	6	10	28	6	2	7	1	0.99142164	56	23772.439	23773.039	23773.039	23773.239	23774.031
3	11	2	1	569	4	6	10	29	3	1	4	1	1.1388714	57	23775.069	23775.269	23775.269	23775.469	23776.408
3	11	2	1	570	4	6	10	30	6	2	7	1	0.72475619	58	23777.298	23777.898	23777.898	23778.098	23778.623
3	11	2	1	571	4	2	10	1	2	2	1	1	0.82635438	1	23808.006	23808.606	23808.606	23808.806	23809.432
3	11	2	1	572	4	2	10	2	1	1	1	1	0.63508575	2	23810.636	23810.836	23810.836	23811.036	23811.471
3	11	2	1	573	4	2	10	3	4	2	8	1	0.46915893	3	23812.866	23813.466	23813.466	23813.666	23813.935
3	11	2	1	574	4	2	10	4	2	1	1	1	0.96923142	4	23815.498	23815.698	23815.698	23815.898	23816.668
3	11	2	1	575	4	2	10	5	3	2	1	1	0.63482858	5	23817.729	23818.329	23818.329	23818.529	23818.964
3	11	2	1	576	4	2	10	6	6	1	8	1	1.2699049	6	23820.36	23820.56	23820.56	23820.76	23821.829
3	11	2	1	577	4	2	10	7	3	2	1	1	0.78253298	7	23822.589	23823.189	23823.189	23823.389	23823.972
3	11	2	1	578	4	2	10	8	2	1	1	1	1.0728588	8	23825.22	23825.42	23825.42	23825.62	23826.493
3	11	2	1	579	4	2	10	9	4	2	8	1	0.92542103	9	23827.45	23828.05	23828.05	23828.25	23828.976
3	11	2	1	580	4	2	10	10	1	1	1	1	1.4356947	10	23830.08	23830.28	23830.28	23830.48	23831.716
3	11	2	1	581	4	2	10	11	5	2	8	1	0.84503582	11	23832.311	23832.911	23832.911	23833.111	23833.756
3	11	2	1	582	4	2	10	12	3	1	1	1	0.86451739	12	23834.942	23835.142	23835.142	23835.342	23836.006
3	11	2	1	583	4	2	10	13	2	2	1	1	0.77962761	13	23837.172	23837.772	23837.772	23837.972	23838.552
3	11	2	1	584	4	2	10	14	4	1	8	1	0.93715474	14	23839.806	23840.006	23840.006	23840.206	23840.943
3	11	2	1	585	4	2	10	15	4	2	8	1	1.3304277	15	23842.036	23842.636	23842.636	23842.836	23843.967
3	11	2	1	586	4	2	10	16	1	2	1	1	0.91666866	16	23844.667	23845.267	23845.267	23845.467	23846.184
3	11	2	1	587	4	2	10	17	1	2	1	1	0.85021469	17	23847.298	23847.898	23847.898	23848.098	23848.748
3	11	2	1	588	4	2	10	18	5	2	8	1	0.79541147	18	23849.929	23850.529	23850.529	23850.729	23851.324
3	11	2	1	589	4	2	10	19	5	1	8	1	0.8070399	19	23852.559	23852.759	23852.759	23852.959	23853.566
3	11	2	1	590	4	2	10	20	3	1	1	1	0.80649483	20	23854.79	23854.99	23854.99	23855.19	23855.796
3	11	2	1	591	4	2	10	21	6	1	8	1	0.76866325	21	23857.02	23857.22	23857.22	23857.42	23857.989
3	11	2	1	592	4	2	10	22	5	1	8	1	0.5056536	22	23859.251	23859.451	23859.451	23859.651	23859.957
3	11	2	1	593	4	2	10	23	6	2	8	1	0.61970532	23	23861.482	23862.082	23862.082	23862.282	23862.702
3	11	2	1	594	4	2	10	24	6	1	8	1	0.75634211	24	23864.113	23864.313	23864.313	23864.513	23865.069
3	11	2	1	595	4	2	10	25	6	1	8	1	0.6225467	25	23866.343	23866.543	23866.543	23866.743	23867.165
3	11	2	1	596	4	2	10	26	1	1	1	1	0.69435646	26	23868.577	23868.777	23868.777	23868.977	23869.471
3	11	2	1	597	4	2	10	27	4	2	8	1	0.87561853	27	23870.808	23871.408	23871.408	23871.608	23872.284
3	11	2	1	598	4	2	10	28	3	2	1	1	0.5959809	28	23873.44	23874.04	23874.04	23874.24	23874.636
3	11	2	1	599	4	2	10	29	2	1	1	1	0.60781493	29	23876.071	23876.271	23876.271	23876.471	23876.879
3	11	2	1	600	4	2	10	30	5	2	8	1	0.86540869	30	23878.303	23878.903	23878.903	23879.103	23879.768
3	11	2	1	601	4	6	11	1	2	2	3	1	0.7012038	31	23909.335	23909.935	23909.935	23910.135	23910.636
3	11	2	1	602	4	6	11	2	1	1	2	1	0.8359311	32	23911.966	23912.166	23912.166	23912.366	23913.002
3	11	2	1	603	4	6	11	3	4	2	5	1	0.78261409	33	23914.197	23914.797	23914.797	23914.997	23915.58
3	11	2	1	604	4	6	11	4	2	1	3	1	0.80147476	34	23916.829	23917.029	23917.029	23917.229	23917.83
3	11	2	1	605	4	6	11	5	3	2	4	1	1.1202324	35	23919.06	23919.66	23919.66	23919.86	23920.78
3	11	2	1	606	4	6	11	6	6	1	7	1	0.8588352	36	23921.691	23921.891	23921.891	23922.091	23922.75
3	11	2	1	607	4	6	11	7	3	2	4	1	0.82538494	37	23923.923	23924.523	23924.523	23924.723	23925.349
3	11	2	1	608	4	6	11	8	2	1	3	1	0.71732197	38	23926.555	23926.755	23926.755	23926.955	23927.472
3	11	2	1	609	4	6	11	9	4	2	5	1	0.75377697	39	23928.786	23929.386	23929.386	23929.586	23930.14
3	11	2	1	610	4	6	11	10	1	1	2	1	0.77969814	40	23931.418	23931.618	23931.618	23931.818	23932.398
3	11	2	1	611	4	6	11	11	5	2	6	1	1.0496473	41	23933.653	23934.253	23934.253	23934.453	23935.303
3	11	2	1	612	4	6	11	12	3	1	4	1	1.064515	42	23936.284	23936.484	23936.484	23936.684	23937.549
3	11	2	1	613	4	6	11	13	2	2	3	1	1.4922596	43	23938.521	23939.121	23939.121	23939.321	23940.613
3	11	2	1	614	4	6	11	14	4	1	5	1	1.8373102	44	23941.154	23941.354	23941.354	23941.554	23943.191
3	11	2	1	615	4	6	11	15	4	2	5	1	0.64667992	45	23943.385	23943.985	23943.985	23944.185	23944.632
3	11	2	1	616	4	6	11	16	1	2	2	1	0.93965141	46	23946.017	23946.617	23946.617	23946.817	23947.557
3	11	2	1	617	4	6	11	17	1	2	2	1	0.74199321	47	23948.648	23949.248	23949.248	23949.449	23949.99
3	11	2	1	618	4	6	11	18	5	2	6	1	0.65994387	48	23951.281	23951.881	23951.881	23952.081	23952.541
3	11	2	1	619	4	6	11	19	5	1	6	1	0.57402049	49	23953.912	23954.112	23954.112	23954.312	23954.686
3	11	2	1	620	4	6	11	20	3	1	4	1	1.525082	50	23956.144	23956.344	23956.344	23956.544	23957.869
3	11	2	1	621	4	6	11	21	6	1	7	1	1.7268441	51	23958.376	23958.576	23958.576	23958.776	23960.302
3	11	2	1	622	4	6	11	22	5	1	6	1	0.81516315	52	23960.612	23960.812	23960.812	23961.012	23961.627
3	11	2	1	623	4	6	11	23	6	2	7	1	1.1379295	53	23962.844	23963.444	23963.444	23963.644	23964.582
3	11	2	1	624	4	6	11	24	6	1	7	1	0.7192612	54	23965.479	23965.679	23965.679	23965.879	23966.399
3	11	2	1	625	4	6	11	25	6	1	7	1	0.80163858	55	23967.715	23967.915	23967.915	23968.115	23968.717
3	11	2	1	626	4	6	11	26	1	1	4	0	1.5037951	55	23969.95	23970.15	23970.15	23970.35	23971.654
3	11	2	1	627	4	6	11	27	4	2	5	1	1.9728791	56	23972.183	23972.783	23972.783	23972.983	23974.755
3	11	2	1	628	4	6	11	28	3	2	4	1	1.1030792	57	23974.815	23975.415	23975.415	23975.615	23976.518
3	11	2	1	629	4	6	11	29	2	1	3	1	0.98110576	58	23977.447	23977.647	23977.647	23977.847	23978.628
3	11	2	1	630	4	6	11	30	5	2	2	0	1.3966805	58	23979.678	23980.278	23980.278	23980.478	23981.675
3	11	2	1	631	4	2	11	1	6	2	8	1	1.3403604	1	24010.377	24010.977	24010.977	24011.177	24012.317
3	11	2	1	632	4	2	11	2	1	1	1	1	0.61918997	2	24013.01	24013.21	24013.21	24013.41	24013.829
3	11	2	1	633	4	2	11	3	6	2	1	0	1.2109865	2	24015.242	24015.842	24015.842	24016.042	24017.053
3	11	2	1	634	4	2	11	4	5	1	8	1	0.59360785	3	24017.875	24018.075	24018.075	24018.275	24018.668
3	11	2	1	635	4	2	11	5	6	2	8	1	0.49191879	4	24020.107	24020.707	24020.707	24020.907	24021.199
3	11	2	1	636	4	2	11	6	5	1	8	1	0.50435133	5	24022.74	24022.94	24022.94	24023.14	24023.444
3	11	2	1	637	4	2	11	7	6	2	8	1	0.52715775	6	24024.973	24025.573	24025.573	24025.773	24026.1
3	11	2	1	638	4	2	11	8	5	1	8	1	0.48129449	7	24027.605	24027.805	24027.805	24028.005	24028.287
3	11	2	1	639	4	2	11	9	1	2	1	1	0.62267277	8	24029.838	24030.438	24030.438	24030.638	24031.06
3	11	2	1	640	4	2	11	10	2	1	1	1	0.4941147	9	24032.471	24032.671	24032.671	24032.871	24033.165
3	11	2	1	641	4	2	11	11	5	2	8	1	0.62089592	10	24034.704	24035.304	24035.304	24035.504	24035.925
3	11	2	1	642	4	2	11	12	6	1	8	1	0.50093686	11	24037.336	24037.536	24037.536	24037.736	24038.037
3	11	2	1	643	4	2	11	13	5	2	8	1	0.55826635	12	24039.569	24040.169	24040.169	24040.369	24040.727
3	11	2	1	644	4	2	11	14	4	1	8	1	0.75192901	13	24042.206	24042.406	24042.406	24042.606	24043.158
3	11	2	1	645	4	2	11	15	3	2	1	1	0.99517259	14	24044.443	24045.043	24045.043	24045.243	24046.039
3	11	2	1	646	4	2	11	16	1	2	1	1	0.93696246	15	24047.076	24047.676	24047.676	24047.876	24048.613
3	11	2	1	647	4	2	11	17	1	2	1	1	0.61480534	16	24049.71	24050.31	24050.31	24050.51	24050.924
3	11	2	1	648	4	2	11	18	2	2	1	1	0.5515878	17	24052.343	24052.943	24052.943	24053.143	24053.495
3	11	2	1	649	4	2	11	19	3	1	1	1	0.61391647	18	24054.976	24055.176	24055.176	24055.376	24055.79
3	11	2	1	650	4	2	11	20	3	1	1	1	0.70381445	19	24057.213	24057.413	24057.413	24057.613	24058.117
3	11	2	1	651	4	2	11	21	2	1	1	1	0.9514773	20	24059.447	24059.647	24059.647	24059.847	24060.598
3	11	2	1	652	4	2	11	22	2	1	1	1	0.63084462	21	24061.68	24061.88	24061.88	24062.08	24062.511
3	11	2	1	653	4	2	11	23	4	2	8	1	0.75788994	22	24063.914	24064.514	24064.514	24064.714	24065.272
3	11	2	1	654	4	2	11	24	4	1	8	1	0.95439901	23	24066.548	24066.748	24066.748	24066.948	24067.703
3	11	2	1	655	4	2	11	25	3	1	1	1	0.69541743	24	24068.782	24068.982	24068.982	24069.182	24069.677
3	11	2	1	656	4	2	11	26	2	1	1	1	1.630891	25	24071.015	24071.215	24071.215	24071.415	24072.846
3	11	2	1	657	4	2	11	27	3	2	1	1	0.53302642	26	24073.249	24073.849	24073.849	24074.049	24074.382
3	11	2	1	658	4	2	11	28	4	2	8	1	0.48914055	27	24075.886	24076.486	24076.486	24076.686	24076.975
3	11	2	1	659	4	2	11	29	4	1	8	1	0.57945579	28	24078.523	24078.723	24078.723	24078.923	24079.303
3	11	2	1	660	4	2	11	30	1	2	1	1	0.68384877	29	24080.756	24081.356	24081.356	24081.556	24082.04
3	11	2	1	661	4	6	12	1	6	2	7	1	0.71519215	30	24111.466	24112.066	24112.066	24112.266	24112.781
3	11	2	1	662	4	6	12	2	1	1	2	1	0.9201996	31	24114.1	24114.3	24114.3	24114.5	24115.22
3	11	2	1	663	4	6	12	3	6	2	7	1	1.0165959	32	24116.333	24116.933	24116.933	24117.133	24117.95
3	11	2	1	664	4	6	12	4	5	1	6	1	1.0218471	33	24118.967	24119.167	24119.167	24119.367	24120.189
3	11	2	1	665	4	6	12	5	6	2	2	0	0.76026015	33	24121.204	24121.804	24121.804	24122.004	24122.564
3	11	2	1	666	4	6	12	6	5	1	6	1	0.99041831	34	24123.838	24124.038	24124.038	24124.238	24125.029
3	11	2	1	667	4	6	12	7	6	2	7	1	0.51070616	35	24126.072	24126.672	24126.672	24126.872	24127.183
3	11	2	1	668	4	6	12	8	5	1	6	1	0.69136839	36	24128.706	24128.906	24128.906	24129.106	24129.597
3	11	2	1	669	4	6	12	9	1	2	2	1	0.7307241	37	24130.939	24131.539	24131.539	24131.739	24132.27
3	11	2	1	670	4	6	12	10	2	1	3	1	0.82255657	38	24133.577	24133.777	24133.777	24133.977	24134.6
3	11	2	1	671	4	6	12	11	5	2	6	1	0.95554415	39	24135.811	24136.411	24136.411	24136.611	24137.367
3	11	2	1	672	4	6	12	12	6	1	7	1	0.85865918	40	24138.445	24138.645	24138.645	24138.845	24139.504
3	11	2	1	673	4	6	12	13	5	2	6	1	0.8177429	41	24140.678	24141.278	24141.278	24141.478	24142.096
3	11	2	1	674	4	6	12	14	4	1	5	1	0.81094919	42	24143.317	24143.517	24143.517	24143.717	24144.328
3	11	2	1	675	4	6	12	15	3	2	4	1	0.79047743	43	24145.554	24146.154	24146.154	24146.354	24146.944
3	11	2	1	676	4	6	12	16	1	2	2	1	1.4397569	44	24148.188	24148.788	24148.788	24148.988	24150.228
3	11	2	1	677	4	6	12	17	1	2	2	1	0.62172153	45	24150.822	24151.422	24151.422	24151.622	24152.044
3	11	2	1	678	4	6	12	18	2	2	3	1	0.76179225	46	24153.459	24154.059	24154.059	24154.259	24154.82
3	11	2	1	679	4	6	12	19	3	1	4	1	1.2557601	47	24156.093	24156.293	24156.293	24156.493	24157.549
3	11	2	1	680	4	6	12	20	3	1	4	1	0.60378835	48	24158.329	24158.529	24158.529	24158.729	24159.132
3	11	2	1	681	4	6	12	21	2	1	3	1	1.2919806	49	24160.563	24160.763	24160.763	24160.963	24162.055
3	11	2	1	682	4	6	12	22	2	1	3	1	0.5203334	50	24162.797	24162.997	24162.997	24163.197	24163.517
3	11	2	1	683	4	6	12	23	4	2	5	1	0.98876794	51	24165.033	24165.633	24165.633	24165.833	24166.621
3	11	2	1	684	4	6	12	24	4	1	5	1	0.51985628	52	24167.668	24167.868	24167.868	24168.068	24168.388
3	11	2	1	685	4	6	12	25	3	1	4	1	0.9745499	53	24169.902	24170.102	24170.102	24170.302	24171.076
3	11	2	1	686	4	6	12	26	2	1	3	1	0.89282102	54	24172.136	24172.336	24172.336	24172.536	24173.229
3	11	2	1	687	4	6	12	27	3	2	4	1	1.2893947	55	24174.37	24174.97	24174.97	24175.17	24176.26
3	11	2	1	688	4	6	12	28	4	2	5	1	0.67857651	56	24177.005	24177.605	24177.605	24177.805	24178.284
3	11	2	1	689	4	6	12	29	4	1	5	1	0.92562963	57	24179.64	24179.84	24179.84	24180.04	24180.765
3	11	2	1	690	4	6	12	30	1	2	2	1	0.83536834	58	24181.875	24182.475	24182.475	24182.675	24183.31
3	11	2	1	691	4	2	12	1	2	2	1	1	0.66755192	1	24212.577	24213.177	24213.177	24213.377	24213.845
3	11	2	1	692	4	2	12	2	1	1	1	1	0.61019383	2	24215.212	24215.412	24215.412	24215.612	24216.023
3	11	2	1	693	4	2	12	3	4	2	8	1	0.63610319	3	24217.448	24218.048	24218.048	24218.248	24218.685
3	11	2	1	694	4	2	12	4	6	1	8	1	0.53662606	4	24220.084	24220.284	24220.284	24220.484	24220.821
3	11	2	1	695	4	2	12	5	6	2	8	1	0.64479098	5	24222.319	24222.919	24222.919	24223.119	24223.564
3	11	2	1	696	4	2	12	6	4	1	8	1	0.56486501	6	24224.954	24225.154	24225.154	24225.354	24225.719
3	11	2	1	697	4	2	12	7	3	2	1	1	0.48972384	7	24227.19	24227.79	24227.79	24227.99	24228.28
3	11	2	1	698	4	2	12	8	6	1	8	1	0.57830012	8	24229.826	24230.026	24230.026	24230.226	24230.604
3	11	2	1	699	4	2	12	9	6	2	8	1	0.55943174	9	24232.061	24232.661	24232.661	24232.861	24233.221
3	11	2	1	700	4	2	12	10	5	1	8	1	0.5745306	10	24234.696	24234.896	24234.896	24235.096	24235.47
3	11	2	1	701	4	2	12	11	3	2	1	1	0.47462727	11	24236.931	24237.531	24237.531	24237.731	24238.006
3	11	2	1	702	4	2	12	12	5	1	8	1	0.75866701	12	24239.569	24239.769	24239.769	24239.969	24240.528
3	11	2	1	703	4	2	12	13	2	2	1	1	0.86348855	13	24241.805	24242.405	24242.405	24242.605	24243.269
3	11	2	1	704	4	2	12	14	4	1	8	1	0.75016136	14	24244.441	24244.641	24244.641	24244.841	24245.391
3	11	2	1	705	4	2	12	15	3	2	1	1	0.94561372	15	24246.676	24247.276	24247.276	24247.476	24248.222
3	11	2	1	706	4	2	12	16	2	2	1	1	0.63697025	16	24249.311	24249.911	24249.911	24250.111	24250.548
3	11	2	1	707	4	2	12	17	1	2	1	1	0.87394904	17	24251.948	24252.548	24252.548	24252.748	24253.422
3	11	2	1	708	4	2	12	18	3	2	1	1	0.59889389	18	24254.583	24255.183	24255.183	24255.383	24255.782
3	11	2	1	709	4	2	12	19	3	1	1	1	0.67543222	19	24257.219	24257.419	24257.419	24257.619	24258.094
3	11	2	1	710	4	2	12	20	6	1	8	1	0.70939958	20	24259.455	24259.655	24259.655	24259.855	24260.365
3	11	2	1	711	4	2	12	21	2	1	1	1	0.80300183	21	24261.691	24261.891	24261.891	24262.091	24262.694
3	11	2	1	712	4	2	12	22	5	1	8	1	0.48072531	22	24263.927	24264.127	24264.127	24264.327	24264.608
3	11	2	1	713	4	2	12	23	1	2	1	1	1.2331993	23	24266.163	24266.763	24266.763	24266.963	24267.996
3	11	2	1	714	4	2	12	24	1	1	1	1	0.76666686	24	24268.799	24268.999	24268.999	24269.199	24269.766
3	11	2	1	715	4	2	12	25	2	1	1	1	0.76159363	25	24271.036	24271.236	24271.236	24271.436	24271.998
3	11	2	1	716	4	2	12	26	4	1	8	1	0.9004222	26	24273.272	24273.472	24273.472	24273.672	24274.372
3	11	2	1	717	4	2	12	27	4	2	8	1	0.61824636	27	24275.507	24276.107	24276.107	24276.307	24276.726
3	11	2	1	718	4	2	12	28	5	2	8	1	0.88861184	28	24278.143	24278.743	24278.743	24278.943	24279.632
3	11	2	1	719	4	2	12	29	5	1	8	1	0.59716009	29	24280.786	24280.986	24280.986	24281.186	24281.583
3	11	2	1	720	4	2	12	30	1	2	1	1	0.46381122	30	24283.022	24283.622	24283.622	24283.822	24284.086
