35	124	42	94	37	64	126	43	0	0	0	0	0	0	0	0	0	0	0	0
2	11	2	1	1	1	6	1	1	4	1	6	0	1.5810059	0	20563.734	20563.934	20563.934	20564.135	20565.515
2	11	2	1	2	1	6	1	2	3	2	4	1	1.1206643	1	20566.265	20566.865	20566.865	20567.065	20567.986
2	11	2	1	3	1	6	1	3	4	2	5	1	1.3915001	2	20568.873	20569.473	20569.473	20569.673	20570.865
2	11	2	1	4	1	6	1	4	5	1	6	1	0.84953367	3	20571.481	20571.681	20571.681	20571.881	20572.53
2	11	2	1	5	1	6	1	5	4	1	6	0	1.8579313	3	20573.688	20573.888	20573.888	20574.088	20575.746
2	11	2	1	6	1	6	1	6	6	1	7	1	1.1676695	4	20576.208	20576.408	20576.408	20576.608	20577.576
2	11	2	1	7	1	6	1	7	3	1	0	0	-20578.615	4	20578.415	20578.615	20578.615	20578.815	0
2	11	2	1	8	1	6	1	8	1	2	3	0	1.5913893	4	20580.92	20581.52	20581.52	20581.72	20583.112
2	11	2	1	9	1	6	1	9	2	2	3	1	0.92211777	5	20583.833	20584.433	20584.434	20584.634	20585.356
2	11	2	1	10	1	6	1	10	5	1	7	0	1.0564301	5	20586.44	20586.64	20586.64	20586.84	20587.697
2	11	2	1	11	1	6	1	11	4	2	6	0	1.3623604	5	20588.953	20589.553	20589.553	20589.753	20590.916
2	11	2	1	12	1	6	1	12	6	1	7	1	1.7069267	6	20591.871	20592.071	20592.071	20592.271	20593.778
2	11	2	1	13	1	6	1	13	1	1	2	1	1.7763412	7	20594.081	20594.281	20594.281	20594.481	20596.058
2	11	2	1	14	1	6	1	14	2	2	3	1	0.78878456	8	20596.291	20596.891	20596.891	20597.091	20597.679
2	11	2	1	15	1	6	1	15	3	1	4	1	1.3288492	9	20598.897	20599.097	20599.097	20599.297	20600.426
2	11	2	1	16	1	6	1	16	6	2	7	1	1.5386381	10	20601.103	20601.703	20601.703	20601.903	20603.242
2	11	2	1	17	1	6	1	17	6	1	7	1	0.6534501	11	20603.71	20603.91	20603.91	20604.11	20604.563
2	11	2	1	18	1	6	1	18	4	2	6	0	1.2534312	11	20605.918	20606.518	20606.518	20606.718	20607.771
2	11	2	1	19	1	6	1	19	2	2	3	1	0.84880862	12	20608.839	20609.439	20609.439	20609.639	20610.288
2	11	2	1	20	1	6	1	20	3	2	6	0	1.3508892	12	20611.446	20612.046	20612.046	20612.246	20613.397
2	11	2	1	21	1	6	1	21	1	2	2	1	1.3366333	13	20614.36	20614.96	20614.96	20615.16	20616.297
2	11	2	1	22	1	6	1	22	1	1	2	1	0.69605747	14	20616.968	20617.168	20617.168	20617.368	20617.864
2	11	2	1	23	1	6	1	23	3	1	4	1	1.8008493	15	20619.247	20619.447	20619.447	20619.647	20621.248
2	11	2	1	24	1	6	1	24	1	2	2	1	1.4176413	16	20621.454	20622.054	20622.054	20622.254	20623.471
2	11	2	1	25	1	6	1	25	5	2	6	1	1.3363049	17	20624.062	20624.662	20624.662	20624.862	20625.998
2	11	2	1	26	1	6	1	26	2	2	3	1	0.84114396	18	20626.67	20627.27	20627.27	20627.47	20628.111
2	11	2	1	27	1	6	1	27	5	2	6	1	1.5946039	19	20629.277	20629.877	20629.877	20630.077	20631.471
2	11	2	1	28	1	6	1	28	2	1	3	1	0.85543145	20	20631.882	20632.082	20632.082	20632.282	20632.938
2	11	2	1	29	1	6	1	29	6	1	7	1	0.84473732	21	20634.09	20634.29	20634.29	20634.49	20635.135
2	11	2	1	30	1	6	1	30	5	1	6	1	1.6632232	22	20636.298	20636.498	20636.498	20636.698	20638.161
2	11	2	1	31	1	2	1	1	4	1	1	0	1.4440927	0	20659.511	20659.711	20659.711	20659.912	20661.156
2	11	2	1	32	1	2	1	2	2	2	1	1	1.785082	1	20662.039	20662.639	20662.639	20662.839	20664.424
2	11	2	1	33	1	2	1	3	5	2	8	1	0.84329549	2	20664.648	20665.248	20665.248	20665.448	20666.091
2	11	2	1	34	1	2	1	4	3	1	1	1	0.82938292	3	20667.299	20667.499	20667.499	20667.699	20668.329
2	11	2	1	35	1	2	1	5	1	1	1	1	0.84057792	4	20669.506	20669.706	20669.706	20669.906	20670.546
2	11	2	1	36	1	2	1	6	4	1	8	1	0.58998426	5	20671.714	20671.914	20671.914	20672.114	20672.504
2	11	2	1	37	1	2	1	7	3	1	1	1	0.59845553	6	20673.923	20674.123	20674.123	20674.323	20674.721
2	11	2	1	38	1	2	1	8	4	2	8	1	0.61178022	7	20676.131	20676.731	20676.731	20676.931	20677.343
2	11	2	1	39	1	2	1	9	1	2	1	1	0.71811978	8	20678.739	20679.339	20679.339	20679.539	20680.057
2	11	2	1	40	1	2	1	10	2	1	1	1	0.66888466	9	20681.348	20681.548	20681.548	20681.748	20682.217
2	11	2	1	41	1	2	1	11	6	2	8	1	0.63629736	10	20683.557	20684.157	20684.157	20684.357	20684.793
2	11	2	1	42	1	2	1	12	6	1	8	1	0.56840895	11	20686.165	20686.365	20686.365	20686.565	20686.933
2	11	2	1	43	1	2	1	13	3	1	1	1	1.0309536	12	20688.371	20688.571	20688.571	20688.771	20689.602
2	11	2	1	44	1	2	1	14	5	2	8	1	0.6395517	13	20690.58	20691.18	20691.18	20691.38	20691.82
2	11	2	1	45	1	2	1	15	5	1	8	1	0.76498298	14	20693.188	20693.388	20693.388	20693.588	20694.153
2	11	2	1	46	1	2	1	16	6	2	8	1	0.57806299	15	20695.397	20695.997	20695.997	20696.197	20696.575
2	11	2	1	47	1	2	1	17	5	1	8	1	0.56182721	16	20698.005	20698.205	20698.205	20698.405	20698.767
2	11	2	1	48	1	2	1	18	6	2	8	1	0.58311209	17	20700.213	20700.813	20700.813	20701.013	20701.396
2	11	2	1	49	1	2	1	19	2	2	1	1	0.79837506	18	20702.821	20703.421	20703.421	20703.621	20704.22
2	11	2	1	50	1	2	1	20	1	2	1	1	0.85802056	19	20705.43	20706.03	20706.03	20706.23	20706.888
2	11	2	1	51	1	2	1	21	4	2	8	1	0.91907723	20	20708.041	20708.641	20708.641	20708.841	20709.56
2	11	2	1	52	1	2	1	22	2	1	1	1	0.69381613	21	20710.65	20710.85	20710.85	20711.05	20711.544
2	11	2	1	53	1	2	1	23	2	1	1	1	0.86937487	22	20712.859	20713.059	20713.059	20713.259	20713.928
2	11	2	1	54	1	2	1	24	3	2	1	1	0.70313793	23	20715.068	20715.668	20715.668	20715.868	20716.372
2	11	2	1	55	1	2	1	25	5	2	8	1	0.74992067	24	20717.677	20718.277	20718.277	20718.477	20719.027
2	11	2	1	56	1	2	1	26	1	2	1	1	0.70556528	25	20720.287	20720.887	20720.887	20721.087	20721.593
2	11	2	1	57	1	2	1	27	6	2	8	1	0.56707825	26	20722.897	20723.497	20723.497	20723.697	20724.064
2	11	2	1	58	1	2	1	28	4	1	8	1	0.54431601	27	20725.504	20725.704	20725.704	20725.904	20726.248
2	11	2	1	59	1	2	1	29	1	1	1	1	0.70805371	28	20727.711	20727.911	20727.911	20728.111	20728.619
2	11	2	1	60	1	2	1	30	3	1	1	1	0.64210408	29	20729.921	20730.121	20730.121	20730.321	20730.763
2	11	2	1	61	1	6	2	1	4	1	6	0	1.4519688	29	20740.366	20740.566	20740.566	20740.766	20742.018
2	11	2	1	62	1	6	2	2	2	2	3	1	0.78326698	30	20742.881	20743.481	20743.481	20743.681	20744.265
2	11	2	1	63	1	6	2	3	5	2	4	0	1.9995245	30	20745.489	20746.089	20746.089	20746.289	20748.088
2	11	2	1	64	1	6	2	4	3	1	4	1	1.9003238	31	20748.405	20748.605	20748.605	20748.805	20750.505
2	11	2	1	65	1	6	2	5	1	1	2	1	1.0581623	32	20750.613	20750.813	20750.813	20751.013	20751.871
2	11	2	1	66	1	6	2	6	4	1	5	1	1.2739756	33	20752.823	20753.023	20753.023	20753.223	20754.297
2	11	2	1	67	1	6	2	7	3	1	6	0	1.3930163	33	20755.033	20755.233	20755.233	20755.433	20756.626
2	11	2	1	68	1	6	2	8	4	2	5	1	1.3964736	34	20757.556	20758.156	20758.156	20758.356	20759.552
2	11	2	1	69	1	6	2	9	1	2	2	1	0.71096946	35	20760.163	20760.763	20760.763	20760.963	20761.474
2	11	2	1	70	1	6	2	10	2	1	3	1	0.73058	36	20762.774	20762.974	20762.974	20763.174	20763.704
2	11	2	1	71	1	6	2	11	6	2	8	0	0.7155395	36	20764.983	20765.583	20765.583	20765.783	20766.298
2	11	2	1	72	1	6	2	12	6	1	7	1	0.90803205	37	20767.896	20768.096	20768.096	20768.296	20769.004
2	11	2	1	73	1	6	2	13	3	1	5	0	1.6875088	37	20770.105	20770.305	20770.305	20770.505	20771.993
2	11	2	1	74	1	6	2	14	5	2	6	1	1.1330188	38	20772.629	20773.229	20773.229	20773.429	20774.362
2	11	2	1	75	1	6	2	15	5	1	4	0	1.6014099	38	20775.239	20775.439	20775.439	20775.639	20777.04
2	11	2	1	76	1	6	2	16	6	2	7	1	0.84998019	39	20777.761	20778.361	20778.361	20778.561	20779.211
2	11	2	1	77	1	6	2	17	5	1	6	1	0.49176253	40	20780.371	20780.572	20780.572	20780.772	20781.063
2	11	2	1	78	1	6	2	18	6	2	7	1	1.0298684	41	20782.582	20783.182	20783.182	20783.382	20784.212
2	11	2	1	79	1	6	2	19	2	2	3	1	0.78867759	42	20785.191	20785.791	20785.791	20785.991	20786.58
2	11	2	1	80	1	6	2	20	1	2	2	1	0.99966304	43	20787.802	20788.402	20788.402	20788.602	20789.402
2	11	2	1	81	1	6	2	21	4	2	0	0	-20791.044	43	20790.444	20791.044	20791.044	20791.244	0
2	11	2	1	82	1	6	2	22	2	1	3	1	1.144085	44	20793.379	20793.579	20793.579	20793.779	20794.723
2	11	2	1	83	1	6	2	23	2	1	3	1	0.76337696	45	20795.59	20795.79	20795.79	20795.99	20796.554
2	11	2	1	84	1	6	2	24	3	2	6	0	1.5743326	45	20797.801	20798.401	20798.401	20798.601	20799.975
2	11	2	1	85	1	6	2	25	5	2	6	1	1.6675946	46	20800.719	20801.319	20801.319	20801.519	20802.986
2	11	2	1	86	1	6	2	26	1	2	2	1	0.93805572	47	20803.329	20803.929	20803.929	20804.129	20804.867
2	11	2	1	87	1	6	2	27	6	2	7	1	1.0075298	48	20805.938	20806.538	20806.538	20806.738	20807.546
2	11	2	1	88	1	6	2	28	4	1	5	1	1.6369387	49	20808.547	20808.747	20808.747	20808.947	20810.384
2	11	2	1	89	1	6	2	29	1	1	2	1	0.96351061	50	20810.758	20810.958	20810.958	20811.158	20811.921
2	11	2	1	90	1	6	2	30	3	1	4	1	1.3548206	51	20812.969	20813.169	20813.169	20813.369	20814.524
2	11	2	1	91	1	2	2	1	1	1	1	1	0.81902819	1	20829.599	20829.799	20829.799	20829.999	20830.618
2	11	2	1	92	1	2	2	2	2	2	1	1	0.52714797	2	20831.81	20832.41	20832.41	20832.61	20832.937
2	11	2	1	93	1	2	2	3	4	2	8	1	0.71520512	3	20834.422	20835.022	20835.022	20835.222	20835.737
2	11	2	1	94	1	2	2	4	6	1	8	1	0.50712724	4	20837.03	20837.23	20837.23	20837.43	20837.737
2	11	2	1	95	1	2	2	5	3	1	1	1	0.66962009	5	20839.242	20839.442	20839.442	20839.642	20840.112
2	11	2	1	96	1	2	2	6	1	1	1	1	0.7477378	6	20841.5	20841.7	20841.7	20841.9	20842.448
2	11	2	1	97	1	2	2	7	4	1	8	1	0.60894803	7	20843.712	20843.912	20843.912	20844.112	20844.521
2	11	2	1	98	1	2	2	8	5	2	8	1	0.58876969	8	20845.923	20846.523	20846.523	20846.723	20847.112
2	11	2	1	99	1	2	2	9	3	2	1	1	0.74528952	9	20848.535	20849.135	20849.135	20849.335	20849.88
2	11	2	1	100	1	2	2	10	4	1	8	1	0.60034061	10	20851.146	20851.346	20851.346	20851.546	20851.947
2	11	2	1	101	1	2	2	11	3	2	1	1	0.6442396	11	20853.358	20853.958	20853.958	20854.158	20854.602
2	11	2	1	102	1	2	2	12	6	1	8	1	0.58072026	12	20855.97	20856.17	20856.17	20856.37	20856.751
2	11	2	1	103	1	2	2	13	1	1	1	1	0.64749171	13	20858.185	20858.385	20858.385	20858.585	20859.032
2	11	2	1	104	1	2	2	14	5	2	8	1	0.5810379	14	20860.394	20860.994	20860.994	20861.194	20861.576
2	11	2	1	105	1	2	2	15	1	1	1	1	0.67661277	15	20863.007	20863.207	20863.207	20863.407	20863.883
2	11	2	1	106	1	2	2	16	5	2	8	1	0.59801515	16	20865.216	20865.816	20865.816	20866.016	20866.414
2	11	2	1	107	1	2	2	17	2	1	1	1	0.5868443	17	20867.829	20868.029	20868.029	20868.229	20868.615
2	11	2	1	108	1	2	2	18	3	2	1	1	0.70784351	18	20870.038	20870.638	20870.638	20870.838	20871.346
2	11	2	1	109	1	2	2	19	4	2	8	1	0.86056056	19	20872.652	20873.252	20873.252	20873.452	20874.112
2	11	2	1	110	1	2	2	20	2	2	1	1	0.62566111	20	20875.263	20875.863	20875.863	20876.063	20876.489
2	11	2	1	111	1	2	2	21	1	2	1	1	0.66429979	21	20877.873	20878.473	20878.473	20878.673	20879.138
2	11	2	1	112	1	2	2	22	2	1	1	1	0.57683115	22	20880.561	20880.761	20880.761	20880.961	20881.338
2	11	2	1	113	1	2	2	23	6	1	8	1	0.63445974	23	20882.773	20882.973	20882.973	20883.173	20883.607
2	11	2	1	114	1	2	2	24	2	2	1	1	0.62690755	24	20884.985	20885.585	20885.585	20885.785	20886.212
2	11	2	1	115	1	2	2	25	6	2	8	1	0.60736123	25	20887.594	20888.194	20888.194	20888.394	20888.802
2	11	2	1	116	1	2	2	26	4	2	8	1	0.57937623	26	20890.207	20890.807	20890.807	20891.007	20891.386
2	11	2	1	117	1	2	2	27	5	2	8	1	0.91241779	27	20892.818	20893.418	20893.418	20893.618	20894.33
2	11	2	1	118	1	2	2	28	5	1	8	1	0.54102933	28	20895.43	20895.63	20895.63	20895.83	20896.171
2	11	2	1	119	1	2	2	29	6	1	8	1	0.46079797	29	20897.642	20897.842	20897.842	20898.042	20898.303
2	11	2	1	120	1	2	2	30	3	1	1	1	0.62924695	30	20899.854	20900.054	20900.054	20900.254	20900.684
2	11	2	1	121	1	6	3	1	1	1	2	1	1.0074211	31	20910.315	20910.515	20910.515	20910.715	20911.522
2	11	2	1	122	1	6	3	2	2	2	3	1	0.68920147	32	20912.527	20913.127	20913.127	20913.327	20913.816
2	11	2	1	123	1	6	3	3	4	2	5	1	1.3190369	33	20915.137	20915.737	20915.737	20915.937	20917.056
2	11	2	1	124	1	6	3	4	6	1	7	1	0.92651509	34	20917.747	20917.947	20917.947	20918.147	20918.874
2	11	2	1	125	1	6	3	5	3	1	4	1	0.55301505	35	20919.961	20920.161	20920.161	20920.361	20920.714
2	11	2	1	126	1	6	3	6	1	1	2	1	1.00389	36	20922.173	20922.373	20922.373	20922.573	20923.377
2	11	2	1	127	1	6	3	7	4	1	5	1	1.0204705	37	20924.385	20924.585	20924.585	20924.785	20925.606
2	11	2	1	128	1	6	3	8	5	2	6	1	0.73275313	38	20926.598	20927.198	20927.198	20927.398	20927.931
2	11	2	1	129	1	6	3	9	3	2	4	1	0.96522331	39	20929.211	20929.811	20929.811	20930.011	20930.776
2	11	2	1	130	1	6	3	10	4	1	5	1	0.92223679	40	20931.823	20932.023	20932.023	20932.223	20932.945
2	11	2	1	131	1	6	3	11	3	2	3	0	0.76964471	40	20934.033	20934.633	20934.633	20934.833	20935.403
2	11	2	1	132	1	6	3	12	6	1	7	1	0.9325954	41	20936.957	20937.157	20937.157	20937.357	20938.089
2	11	2	1	133	1	6	3	13	1	1	2	1	0.92055071	42	20939.17	20939.37	20939.37	20939.57	20940.291
2	11	2	1	134	1	6	3	14	5	2	6	1	1.4010545	43	20941.383	20941.983	20941.983	20942.183	20943.384
2	11	2	1	135	1	6	3	15	1	1	7	0	0.92462741	43	20943.994	20944.194	20944.194	20944.394	20945.118
2	11	2	1	136	1	6	3	16	5	2	6	1	0.98557313	44	20946.52	20947.12	20947.12	20947.32	20948.105
2	11	2	1	137	1	6	3	17	2	1	3	1	0.85330512	45	20949.133	20949.333	20949.333	20949.533	20950.186
2	11	2	1	138	1	6	3	18	3	2	4	1	1.1255777	46	20951.346	20951.946	20951.946	20952.146	20953.072
2	11	2	1	139	1	6	3	19	4	2	5	1	1.3303866	47	20953.96	20954.56	20954.56	20954.76	20955.89
2	11	2	1	140	1	6	3	20	2	2	3	1	0.65401189	48	20956.574	20957.174	20957.174	20957.374	20957.828
2	11	2	1	141	1	6	3	21	1	2	2	1	0.66111455	49	20959.187	20959.787	20959.787	20959.987	20960.448
2	11	2	1	142	1	6	3	22	2	1	3	1	0.96887217	50	20961.8	20962	20962	20962.2	20962.969
2	11	2	1	143	1	6	3	23	6	1	7	1	0.90153807	51	20964.012	20964.212	20964.212	20964.412	20965.113
2	11	2	1	144	1	6	3	24	2	2	3	1	0.69008215	52	20966.225	20966.825	20966.825	20967.025	20967.515
2	11	2	1	145	1	6	3	25	6	2	7	1	0.86452901	53	20968.84	20969.44	20969.44	20969.64	20970.304
2	11	2	1	146	1	6	3	26	4	2	6	0	0.89830713	53	20971.453	20972.053	20972.053	20972.253	20972.951
2	11	2	1	147	1	6	3	27	5	2	6	1	0.78206472	54	20974.381	20974.981	20974.981	20975.181	20975.763
2	11	2	1	148	1	6	3	28	5	1	6	1	0.79384895	55	20976.992	20977.192	20977.192	20977.392	20977.986
2	11	2	1	149	1	6	3	29	6	1	7	1	0.80419899	56	20979.205	20979.405	20979.405	20979.605	20980.209
2	11	2	1	150	1	6	3	30	3	1	4	1	0.9346614	57	20981.419	20981.619	20981.619	20981.819	20982.554
2	11	2	1	151	1	2	3	1	2	1	1	1	0.76150246	1	20997.775	20997.975	20997.975	20998.175	20998.736
2	11	2	1	152	1	2	3	2	5	2	8	1	0.58059484	2	20999.989	21000.589	21000.589	21000.789	21001.17
2	11	2	1	153	1	2	3	3	6	2	8	1	0.36344663	3	21002.602	21003.202	21003.202	21003.402	21003.565
2	11	2	1	154	1	2	3	4	6	1	8	1	0.45254268	4	21005.213	21005.413	21005.413	21005.613	21005.866
2	11	2	1	155	1	2	3	5	3	1	1	1	0.52837857	5	21007.427	21007.627	21007.627	21007.827	21008.156
2	11	2	1	156	1	2	3	6	4	1	8	1	0.43468873	6	21009.68	21009.88	21009.88	21010.08	21010.314
2	11	2	1	157	1	2	3	7	4	1	8	1	0.44227051	7	21011.894	21012.094	21012.094	21012.294	21012.536
2	11	2	1	158	1	2	3	8	1	2	8	0	0.43518833	7	21014.109	21014.709	21014.709	21014.909	21015.144
2	11	2	1	159	1	2	3	9	5	2	8	1	0.51155754	8	21017.035	21017.635	21017.635	21017.835	21018.147
2	11	2	1	160	1	2	3	10	5	1	8	1	0.5224703	9	21019.648	21019.848	21019.848	21020.048	21020.37
2	11	2	1	161	1	2	3	11	2	2	1	1	0.54596782	10	21021.862	21022.462	21022.462	21022.662	21023.008
2	11	2	1	162	1	2	3	12	2	1	1	1	0.5810008	11	21024.476	21024.676	21024.676	21024.876	21025.257
2	11	2	1	163	1	2	3	13	3	1	1	1	0.60303848	12	21026.691	21026.891	21026.891	21027.091	21027.494
2	11	2	1	164	1	2	3	14	5	2	8	1	0.60045895	13	21028.905	21029.505	21029.505	21029.705	21030.106
2	11	2	1	165	1	2	3	15	3	1	1	1	0.6348642	14	21031.519	21031.719	21031.719	21031.919	21032.354
2	11	2	1	166	1	2	3	16	5	2	8	1	0.59748038	15	21033.733	21034.333	21034.334	21034.534	21034.931
2	11	2	1	167	1	2	3	17	2	1	1	1	0.63995231	16	21036.345	21036.545	21036.545	21036.745	21037.185
2	11	2	1	168	1	2	3	18	4	2	8	1	0.77986704	17	21038.559	21039.159	21039.159	21039.359	21039.939
2	11	2	1	169	1	2	3	19	4	2	8	1	0.74666518	18	21041.174	21041.774	21041.774	21041.974	21042.521
2	11	2	1	170	1	2	3	20	3	2	1	1	0.65295364	19	21043.788	21044.388	21044.388	21044.588	21045.041
2	11	2	1	171	1	2	3	21	6	2	8	1	0.63690653	20	21046.403	21047.003	21047.003	21047.203	21047.64
2	11	2	1	172	1	2	3	22	6	1	8	1	0.55877781	21	21049.018	21049.218	21049.218	21049.418	21049.776
2	11	2	1	173	1	2	3	23	6	1	8	1	0.47284094	22	21051.233	21051.433	21051.433	21051.633	21051.905
2	11	2	1	174	1	2	3	24	2	2	1	1	0.57090729	23	21053.448	21054.048	21054.048	21054.248	21054.619
2	11	2	1	175	1	2	3	25	1	2	1	1	0.95006159	24	21056.063	21056.663	21056.663	21056.863	21057.613
2	11	2	1	176	1	2	3	26	1	2	1	1	0.59870168	25	21058.677	21059.277	21059.277	21059.477	21059.876
2	11	2	1	177	1	2	3	27	1	2	1	1	0.67605637	26	21061.292	21061.892	21061.892	21062.092	21062.568
2	11	2	1	178	1	2	3	28	4	1	8	1	0.59444924	27	21063.911	21064.111	21064.111	21064.311	21064.705
2	11	2	1	179	1	2	3	29	3	1	1	1	0.55492053	28	21066.125	21066.325	21066.325	21066.525	21066.88
2	11	2	1	180	1	2	3	30	1	1	1	1	0.84345799	29	21068.341	21068.541	21068.541	21068.741	21069.384
2	11	2	1	181	2	6	4	1	2	1	3	1	0.75379172	30	21627.688	21627.888	21627.888	21628.088	21628.642
2	11	2	1	182	2	6	4	2	5	2	5	0	1.3297659	30	21629.903	21630.503	21630.503	21630.703	21631.833
2	11	2	1	183	2	6	4	3	6	2	7	1	0.75492335	31	21632.518	21633.119	21633.119	21633.319	21633.873
2	11	2	1	184	2	6	4	4	6	1	7	1	0.6513611	32	21635.134	21635.334	21635.334	21635.534	21635.986
2	11	2	1	185	2	6	4	5	3	1	4	1	0.93809653	33	21637.349	21637.549	21637.549	21637.749	21638.488
2	11	2	1	186	2	6	4	6	4	1	5	1	0.54054597	34	21639.565	21639.765	21639.765	21639.965	21640.305
2	11	2	1	187	2	6	4	7	4	1	5	1	1.1862759	35	21641.78	21641.98	21641.98	21642.181	21643.167
2	11	2	1	188	2	6	4	8	1	2	2	1	0.95790508	36	21643.995	21644.595	21644.595	21644.795	21645.553
2	11	2	1	189	2	6	4	9	5	2	7	0	1.4708598	36	21646.608	21647.208	21647.208	21647.408	21648.679
2	11	2	1	190	2	6	4	10	5	1	6	1	0.82797553	37	21649.224	21649.424	21649.424	21649.624	21650.252
2	11	2	1	191	2	6	4	11	2	2	3	1	0.73006923	38	21651.44	21652.04	21652.04	21652.24	21652.77
2	11	2	1	192	2	6	4	12	2	1	3	1	0.76249036	39	21654.056	21654.256	21654.256	21654.456	21655.018
2	11	2	1	193	2	6	4	13	3	1	4	1	1.1789705	40	21656.271	21656.471	21656.471	21656.671	21657.65
2	11	2	1	194	2	6	4	14	5	2	6	1	1.020114	41	21658.485	21659.085	21659.085	21659.285	21660.105
2	11	2	1	195	2	6	4	15	3	1	4	1	0.80493449	42	21661.101	21661.301	21661.301	21661.501	21662.106
2	11	2	1	196	2	6	4	16	5	2	6	1	1.3725186	43	21663.317	21663.917	21663.917	21664.117	21665.289
2	11	2	1	197	2	6	4	17	2	1	3	1	0.7732496	44	21665.932	21666.132	21666.132	21666.332	21666.905
2	11	2	1	198	2	6	4	18	4	2	4	0	1.7420912	44	21668.148	21668.748	21668.748	21668.948	21670.49
2	11	2	1	199	2	6	4	19	4	2	5	1	0.71259003	45	21670.761	21671.361	21671.361	21671.561	21672.074
2	11	2	1	200	2	6	4	20	3	2	4	1	0.70273791	46	21673.377	21673.977	21673.977	21674.177	21674.679
2	11	2	1	201	2	6	4	21	6	2	7	1	0.6705877	47	21675.993	21676.593	21676.593	21676.793	21677.263
2	11	2	1	202	2	6	4	22	6	1	7	1	0.79041483	48	21678.609	21678.809	21678.809	21679.009	21679.599
2	11	2	1	203	2	6	4	23	6	1	7	1	0.6149863	49	21680.826	21681.026	21681.026	21681.226	21681.641
2	11	2	1	204	2	6	4	24	2	2	3	1	0.7251396	50	21683.042	21683.642	21683.642	21683.842	21684.368
2	11	2	1	205	2	6	4	25	1	2	2	1	1.1220958	51	21685.659	21686.259	21686.259	21686.459	21687.381
2	11	2	1	206	2	6	4	26	1	2	2	1	0.65422797	52	21688.275	21688.875	21688.875	21689.075	21689.529
2	11	2	1	207	2	6	4	27	1	2	2	1	0.62311704	53	21690.891	21691.491	21691.491	21691.691	21692.114
2	11	2	1	208	2	6	4	28	4	1	5	1	1.4469429	54	21693.508	21693.708	21693.708	21693.908	21695.155
2	11	2	1	209	2	6	4	29	3	1	4	1	0.62173311	55	21695.725	21695.925	21695.925	21696.125	21696.547
2	11	2	1	210	2	6	4	30	1	1	2	1	0.85042758	56	21697.942	21698.142	21698.142	21698.342	21698.992
2	11	2	1	211	2	2	4	1	6	1	8	1	0.61620867	1	21728.216	21728.416	21728.416	21728.616	21729.032
2	11	2	1	212	2	2	4	2	5	2	8	1	0.56225701	2	21730.432	21731.032	21731.032	21731.232	21731.595
2	11	2	1	213	2	2	4	3	1	2	1	1	0.70310028	3	21733.049	21733.649	21733.649	21733.849	21734.352
2	11	2	1	214	2	2	4	4	6	1	8	1	0.58139066	4	21735.666	21735.866	21735.866	21736.066	21736.447
2	11	2	1	215	2	2	4	5	2	1	1	1	0.6311846	5	21737.882	21738.082	21738.082	21738.282	21738.714
2	11	2	1	216	2	2	4	6	4	1	8	1	0.55062638	6	21740.1	21740.3	21740.3	21740.5	21740.85
2	11	2	1	217	2	2	4	7	1	1	1	1	0.73131841	7	21742.317	21742.517	21742.517	21742.717	21743.248
2	11	2	1	218	2	2	4	8	2	2	1	1	0.67604118	8	21744.534	21745.134	21745.134	21745.334	21745.81
2	11	2	1	219	2	2	4	9	5	2	8	1	0.48510656	9	21747.151	21747.751	21747.751	21747.951	21748.236
2	11	2	1	220	2	2	4	10	6	1	8	1	0.59469434	10	21749.766	21749.967	21749.967	21750.167	21750.561
2	11	2	1	221	2	2	4	11	4	2	8	1	0.59221727	11	21751.984	21752.584	21752.584	21752.784	21753.176
2	11	2	1	222	2	2	4	12	4	1	8	1	0.48020334	12	21754.6	21754.801	21754.801	21755.001	21755.281
2	11	2	1	223	2	2	4	13	2	1	1	1	0.67753681	13	21756.818	21757.018	21757.018	21757.218	21757.696
2	11	2	1	224	2	2	4	14	1	2	1	1	0.63095401	14	21759.036	21759.636	21759.636	21759.836	21760.267
2	11	2	1	225	2	2	4	15	1	1	1	1	0.68445304	15	21761.654	21761.854	21761.854	21762.054	21762.538
2	11	2	1	226	2	2	4	16	6	2	8	1	0.87326668	16	21763.871	21764.471	21764.471	21764.671	21765.344
2	11	2	1	227	2	2	4	17	2	1	1	1	0.6648586	17	21766.489	21766.689	21766.689	21766.889	21767.354
2	11	2	1	228	2	2	4	18	5	2	8	1	0.67765239	18	21768.707	21769.307	21769.307	21769.507	21769.984
2	11	2	1	229	2	2	4	19	4	2	8	1	0.80572402	19	21771.325	21771.925	21771.925	21772.125	21772.731
2	11	2	1	230	2	2	4	20	3	2	1	1	0.6626953	20	21773.943	21774.543	21774.543	21774.743	21775.205
2	11	2	1	231	2	2	4	21	2	2	1	1	0.47194176	21	21776.56	21777.16	21777.16	21777.36	21777.632
2	11	2	1	232	2	2	4	22	3	1	1	1	0.59785452	22	21779.179	21779.379	21779.379	21779.579	21779.976
2	11	2	1	233	2	2	4	23	6	1	8	1	0.62581925	23	21781.393	21781.593	21781.593	21781.793	21782.219
2	11	2	1	234	2	2	4	24	5	2	8	1	0.52619032	24	21783.612	21784.212	21784.212	21784.412	21784.738
2	11	2	1	235	2	2	4	25	3	2	1	1	0.62363138	25	21786.226	21786.826	21786.826	21787.026	21787.45
2	11	2	1	236	2	2	4	26	3	2	1	1	0.66290943	26	21788.844	21789.444	21789.444	21789.644	21790.106
2	11	2	1	237	2	2	4	27	3	2	1	1	0.55552343	27	21791.462	21792.062	21792.062	21792.262	21792.618
2	11	2	1	238	2	2	4	28	4	1	8	1	0.61887312	28	21794.08	21794.28	21794.28	21794.48	21794.899
2	11	2	1	239	2	2	4	29	5	1	8	1	0.46529177	29	21796.298	21796.498	21796.498	21796.698	21796.963
2	11	2	1	240	2	2	4	30	1	1	1	1	0.58632689	30	21798.516	21798.716	21798.716	21798.916	21799.302
2	11	2	1	241	2	6	5	1	6	1	2	0	0.88187143	30	21828.815	21829.015	21829.015	21829.215	21829.897
2	11	2	1	242	2	6	5	2	5	2	6	1	0.9965839	31	21831.033	21831.633	21831.633	21831.833	21832.63
2	11	2	1	243	2	6	5	3	1	2	2	1	1.3285775	32	21833.651	21834.251	21834.251	21834.451	21835.58
2	11	2	1	244	2	6	5	4	6	1	7	1	0.84574831	33	21836.266	21836.466	21836.466	21836.666	21837.312
2	11	2	1	245	2	6	5	5	2	1	3	1	0.66651471	34	21838.484	21838.684	21838.684	21838.884	21839.351
2	11	2	1	246	2	6	5	6	4	1	5	1	1.2318529	35	21840.704	21840.904	21840.904	21841.104	21842.135
2	11	2	1	247	2	6	5	7	1	1	2	1	0.75008382	36	21842.924	21843.124	21843.124	21843.324	21843.874
2	11	2	1	248	2	6	5	8	2	2	3	1	0.64209304	37	21845.143	21845.743	21845.743	21845.943	21846.385
2	11	2	1	249	2	6	5	9	5	2	6	1	1.3296017	38	21847.81	21848.41	21848.41	21848.61	21849.74
2	11	2	1	250	2	6	5	10	6	1	7	1	0.8283474	39	21850.429	21850.629	21850.629	21850.829	21851.457
2	11	2	1	251	2	6	5	11	4	2	5	1	1.266701	40	21852.647	21853.247	21853.247	21853.447	21854.514
2	11	2	1	252	2	6	5	12	4	1	5	1	0.52818886	41	21855.266	21855.466	21855.466	21855.666	21855.994
2	11	2	1	253	2	6	5	13	2	1	3	1	0.62954973	42	21857.484	21857.684	21857.684	21857.884	21858.314
2	11	2	1	254	2	6	5	14	1	2	2	1	1.201296	43	21859.703	21860.303	21860.303	21860.503	21861.504
2	11	2	1	255	2	6	5	15	1	1	2	1	0.58353773	44	21862.322	21862.522	21862.522	21862.722	21863.106
2	11	2	1	256	2	6	5	16	6	2	7	1	1.0742848	45	21864.542	21865.142	21865.142	21865.342	21866.216
2	11	2	1	257	2	6	5	17	2	1	3	1	0.75384404	46	21867.16	21867.36	21867.36	21867.56	21868.114
2	11	2	1	258	2	6	5	18	5	2	6	1	1.3088167	47	21869.38	21869.98	21869.98	21870.18	21871.289
2	11	2	1	259	2	6	5	19	4	2	5	1	1.4709747	48	21871.996	21872.596	21872.596	21872.796	21874.067
2	11	2	1	260	2	6	5	20	3	2	4	1	0.54409582	49	21874.61	21875.21	21875.21	21875.41	21875.754
2	11	2	1	261	2	6	5	21	2	2	3	1	0.65306445	50	21877.229	21877.829	21877.829	21878.029	21878.482
2	11	2	1	262	2	6	5	22	3	1	4	1	1.0891874	51	21879.848	21880.048	21880.048	21880.248	21881.137
2	11	2	1	263	2	6	5	23	6	1	7	1	0.77335726	52	21882.068	21882.268	21882.268	21882.468	21883.042
2	11	2	1	264	2	6	5	24	5	2	6	1	0.75346869	53	21884.288	21884.888	21884.888	21885.088	21885.641
2	11	2	1	265	2	6	5	25	3	2	4	1	0.89126791	54	21886.907	21887.507	21887.507	21887.707	21888.398
2	11	2	1	266	2	6	5	26	3	2	4	1	1.036572	55	21889.523	21890.123	21890.123	21890.323	21891.16
2	11	2	1	267	2	6	5	27	3	2	4	1	0.62860555	56	21892.142	21892.742	21892.742	21892.942	21893.371
2	11	2	1	268	2	6	5	28	4	1	5	1	1.2323968	57	21894.761	21894.961	21894.961	21895.161	21896.194
2	11	2	1	269	2	6	5	29	5	1	6	1	0.78807974	58	21896.981	21897.181	21897.181	21897.381	21897.969
2	11	2	1	270	2	6	5	30	1	1	2	1	1.1912078	59	21899.2	21899.401	21899.401	21899.601	21900.592
2	11	2	1	271	2	2	5	1	4	1	8	1	0.60559942	1	21929.485	21929.685	21929.685	21929.885	21930.29
2	11	2	1	272	2	2	5	2	6	2	8	1	0.46430144	2	21931.704	21932.304	21932.304	21932.504	21932.768
2	11	2	1	273	2	2	5	3	3	2	1	1	0.94153494	3	21934.323	21934.923	21934.923	21935.123	21935.865
2	11	2	1	274	2	2	5	4	6	1	8	1	0.67524646	4	21936.943	21937.143	21937.143	21937.343	21937.818
2	11	2	1	275	2	2	5	5	2	1	1	1	0.62463662	5	21939.159	21939.359	21939.359	21939.559	21939.983
2	11	2	1	276	2	2	5	6	2	1	1	1	0.51941018	6	21941.378	21941.578	21941.578	21941.778	21942.098
2	11	2	1	277	2	2	5	7	6	1	8	1	0.55926836	7	21943.601	21943.801	21943.801	21944.001	21944.36
2	11	2	1	278	2	2	5	8	6	2	8	1	0.67732215	8	21945.818	21946.418	21946.418	21946.618	21947.096
2	11	2	1	279	2	2	5	9	1	2	1	1	0.60807904	9	21948.436	21949.036	21949.036	21949.236	21949.644
2	11	2	1	280	2	2	5	10	3	1	1	1	0.71551595	10	21951.056	21951.256	21951.256	21951.456	21951.971
2	11	2	1	281	2	2	5	11	1	2	1	1	0.69146927	11	21953.276	21953.876	21953.876	21954.076	21954.567
2	11	2	1	282	2	2	5	12	4	1	8	1	0.53281753	12	21955.947	21956.147	21956.147	21956.347	21956.68
2	11	2	1	283	2	2	5	13	5	1	8	1	0.64998481	13	21958.169	21958.369	21958.369	21958.569	21959.019
2	11	2	1	284	2	2	5	14	6	2	8	1	0.63593291	14	21960.39	21960.99	21960.99	21961.19	21961.626
2	11	2	1	285	2	2	5	15	2	1	1	1	0.98186332	15	21963.01	21963.21	21963.21	21963.41	21964.192
2	11	2	1	286	2	2	5	16	1	2	1	1	0.80237882	16	21965.23	21965.83	21965.83	21966.03	21966.633
2	11	2	1	287	2	2	5	17	1	1	1	1	0.67479699	17	21967.849	21968.049	21968.049	21968.249	21968.724
2	11	2	1	288	2	2	5	18	5	2	8	1	0.47233419	18	21970.066	21970.666	21970.666	21970.866	21971.138
2	11	2	1	289	2	2	5	19	3	2	1	1	0.56842333	19	21972.683	21973.283	21973.283	21973.483	21973.851
2	11	2	1	290	2	2	5	20	5	2	8	1	0.606835	20	21975.301	21975.901	21975.901	21976.101	21976.508
2	11	2	1	291	2	2	5	21	3	2	1	1	0.6396506	21	21977.92	21978.52	21978.52	21978.72	21979.16
2	11	2	1	292	2	2	5	22	5	1	8	1	0.58539461	22	21980.544	21980.744	21980.744	21980.944	21981.329
2	11	2	1	293	2	2	5	23	3	1	1	1	0.63523908	23	21982.765	21982.965	21982.965	21983.165	21983.6
2	11	2	1	294	2	2	5	24	2	2	1	1	0.57528169	24	21984.985	21985.585	21985.585	21985.785	21986.16
2	11	2	1	295	2	2	5	25	5	2	8	1	0.48664383	25	21987.604	21988.204	21988.204	21988.404	21988.69
2	11	2	1	296	2	2	5	26	4	2	8	1	0.60278672	26	21990.225	21990.825	21990.825	21991.025	21991.428
2	11	2	1	297	2	2	5	27	2	2	1	1	0.86923243	27	21992.845	21993.445	21993.445	21993.645	21994.314
2	11	2	1	298	2	2	5	28	4	1	8	1	0.84220188	28	21995.465	21995.665	21995.665	21995.865	21996.508
2	11	2	1	299	2	2	5	29	4	1	8	1	0.96291087	29	21997.686	21997.886	21997.886	21998.086	21998.849
2	11	2	1	300	2	2	5	30	1	1	1	1	0.62891479	30	21999.908	22000.108	22000.108	22000.308	22000.737
2	11	2	1	301	2	6	6	1	4	1	5	1	1.0526087	31	22030.203	22030.403	22030.403	22030.603	22031.456
2	11	2	1	302	2	6	6	2	6	2	7	1	0.71195304	32	22032.424	22033.024	22033.024	22033.224	22033.736
2	11	2	1	303	2	6	6	3	3	2	4	1	0.69482219	33	22035.045	22035.645	22035.645	22035.845	22036.34
2	11	2	1	304	2	6	6	4	6	1	7	1	0.72883229	34	22037.664	22037.864	22037.864	22038.064	22038.593
2	11	2	1	305	2	6	6	5	2	1	3	1	0.58778858	35	22039.885	22040.085	22040.085	22040.285	22040.673
2	11	2	1	306	2	6	6	6	2	1	3	1	0.58139802	36	22042.106	22042.306	22042.306	22042.506	22042.887
2	11	2	1	307	2	6	6	7	6	1	7	1	0.67298108	37	22044.327	22044.527	22044.527	22044.727	22045.2
2	11	2	1	308	2	6	6	8	6	2	7	1	0.94824114	38	22046.549	22047.149	22047.149	22047.349	22048.097
2	11	2	1	309	2	6	6	9	1	2	2	1	0.86019878	39	22049.167	22049.767	22049.767	22049.967	22050.627
2	11	2	1	310	2	6	6	10	3	1	4	1	0.94342962	40	22051.788	22051.988	22051.988	22052.188	22052.931
2	11	2	1	311	2	6	6	11	1	2	2	1	0.83276188	41	22054.009	22054.609	22054.609	22054.809	22055.442
2	11	2	1	312	2	6	6	12	4	1	5	1	0.85442295	42	22056.629	22056.829	22056.829	22057.029	22057.683
2	11	2	1	313	2	6	6	13	5	1	6	1	0.86283915	43	22058.85	22059.05	22059.05	22059.25	22059.913
2	11	2	1	314	2	6	6	14	6	2	7	1	0.92796459	44	22061.072	22061.672	22061.672	22061.872	22062.6
2	11	2	1	315	2	6	6	15	2	1	3	1	0.67550159	45	22063.694	22063.894	22063.894	22064.094	22064.569
2	11	2	1	316	2	6	6	16	1	2	2	1	0.74013646	46	22065.915	22066.515	22066.515	22066.715	22067.256
2	11	2	1	317	2	6	6	17	1	1	2	1	0.61872069	47	22068.533	22068.733	22068.733	22068.933	22069.352
2	11	2	1	318	2	6	6	18	5	2	6	1	0.94983939	48	22070.754	22071.354	22071.354	22071.554	22072.304
2	11	2	1	319	2	6	6	19	3	2	4	1	1.0515413	49	22073.376	22073.976	22073.976	22074.176	22075.027
2	11	2	1	320	2	6	6	20	5	2	6	1	0.94647403	50	22076.062	22076.662	22076.662	22076.862	22077.609
2	11	2	1	321	2	6	6	21	3	2	4	1	1.0333136	51	22078.682	22079.282	22079.282	22079.482	22080.315
2	11	2	1	322	2	6	6	22	5	1	6	1	0.99262409	52	22081.304	22081.504	22081.504	22081.704	22082.496
2	11	2	1	323	2	6	6	23	3	1	4	1	0.90664955	53	22083.527	22083.727	22083.727	22083.927	22084.634
2	11	2	1	324	2	6	6	24	2	2	3	1	0.71432121	54	22085.749	22086.349	22086.349	22086.549	22087.063
2	11	2	1	325	2	6	6	25	5	2	6	1	1.5488945	55	22088.371	22088.971	22088.971	22089.171	22090.52
2	11	2	1	326	2	6	6	26	4	2	5	1	0.86914832	56	22091.083	22091.683	22091.683	22091.883	22092.552
2	11	2	1	327	2	6	6	27	2	2	3	1	0.65643629	57	22093.705	22094.305	22094.305	22094.505	22094.962
2	11	2	1	328	2	6	6	28	4	1	6	0	1.049307	57	22096.327	22096.527	22096.527	22096.727	22097.576
2	11	2	1	329	2	6	6	29	4	1	5	1	0.5712866	58	22098.549	22098.749	22098.749	22098.949	22099.32
2	11	2	1	330	2	6	6	30	1	1	2	1	0.68665745	59	22100.771	22100.971	22100.971	22101.171	22101.658
2	11	2	1	331	2	2	6	1	1	1	1	1	0.67231751	1	22131.143	22131.343	22131.343	22131.543	22132.016
2	11	2	1	332	2	2	6	2	2	2	1	1	0.48375824	2	22133.366	22133.966	22133.966	22134.166	22134.449
2	11	2	1	333	2	2	6	3	3	2	1	1	0.86722269	3	22135.988	22136.588	22136.588	22136.788	22137.455
2	11	2	1	334	2	2	6	4	6	1	8	1	0.66986632	4	22138.61	22138.81	22138.81	22139.01	22139.48
2	11	2	1	335	2	2	6	5	5	1	8	1	0.4397947	5	22140.835	22141.035	22141.035	22141.235	22141.475
2	11	2	1	336	2	2	6	6	2	1	1	1	1.1947363	6	22143.054	22143.254	22143.254	22143.454	22144.449
2	11	2	1	337	2	2	6	7	5	1	8	1	0.69880016	7	22145.277	22145.477	22145.477	22145.677	22146.176
2	11	2	1	338	2	2	6	8	1	2	1	1	0.54908144	8	22147.499	22148.099	22148.099	22148.299	22148.648
2	11	2	1	339	2	2	6	9	4	2	8	1	0.52431659	9	22150.123	22150.723	22150.723	22150.923	22151.247
2	11	2	1	340	2	2	6	10	2	1	1	1	0.58981963	10	22152.746	22152.946	22152.946	22153.146	22153.536
2	11	2	1	341	2	2	6	11	2	2	1	1	0.50326696	11	22154.969	22155.569	22155.569	22155.769	22156.072
2	11	2	1	342	2	2	6	12	4	1	8	1	0.52231684	12	22157.591	22157.791	22157.791	22157.991	22158.313
2	11	2	1	343	2	2	6	13	5	1	8	1	0.51451069	13	22159.813	22160.013	22160.013	22160.213	22160.528
2	11	2	1	344	2	2	6	14	1	2	1	1	0.59859189	14	22162.035	22162.635	22162.635	22162.835	22163.234
2	11	2	1	345	2	2	6	15	3	1	1	1	0.71062894	15	22164.658	22164.858	22164.858	22165.058	22165.569
2	11	2	1	346	2	2	6	16	5	2	8	1	0.4108584	16	22166.878	22167.478	22167.478	22167.678	22167.889
2	11	2	1	347	2	2	6	17	1	1	1	1	0.48449546	17	22169.5	22169.7	22169.7	22169.9	22170.185
2	11	2	1	348	2	2	6	18	2	2	1	1	0.61508908	18	22171.72	22172.32	22172.32	22172.52	22172.935
2	11	2	1	349	2	2	6	19	1	2	1	1	0.62503944	19	22174.343	22174.943	22174.943	22175.143	22175.568
2	11	2	1	350	2	2	6	20	6	2	8	1	0.49248236	20	22176.966	22177.566	22177.566	22177.766	22178.059
2	11	2	1	351	2	2	6	21	3	2	1	1	0.5577128	21	22179.589	22180.189	22180.189	22180.389	22180.747
2	11	2	1	352	2	2	6	22	6	1	8	1	0.58848869	22	22182.211	22182.411	22182.411	22182.611	22183
2	11	2	1	353	2	2	6	23	3	1	1	1	0.74098175	23	22184.435	22184.635	22184.635	22184.835	22185.376
2	11	2	1	354	2	2	6	24	6	2	8	1	0.44742643	24	22186.655	22187.255	22187.255	22187.455	22187.703
2	11	2	1	355	2	2	6	25	6	2	8	1	0.50079201	25	22189.279	22189.879	22189.879	22190.079	22190.38
2	11	2	1	356	2	2	6	26	4	2	8	1	0.44538865	26	22191.902	22192.502	22192.502	22192.702	22192.948
2	11	2	1	357	2	2	6	27	4	2	8	1	0.49835277	27	22194.526	22195.126	22195.126	22195.326	22195.624
2	11	2	1	358	2	2	6	28	5	1	8	1	0.55590675	28	22197.15	22197.35	22197.35	22197.55	22197.905
2	11	2	1	359	2	2	6	29	3	1	1	1	0.6284217	29	22199.373	22199.573	22199.573	22199.773	22200.202
2	11	2	1	360	2	2	6	30	4	1	8	1	0.52450372	30	22201.596	22201.796	22201.796	22201.996	22202.32
2	11	2	1	361	3	6	7	1	1	1	2	1	1.1406127	31	23225.846	23226.046	23226.046	23226.246	23227.186
2	11	2	1	362	3	6	7	2	2	2	3	1	0.89202001	32	23228.07	23228.67	23228.67	23228.87	23229.562
2	11	2	1	363	3	6	7	3	3	2	4	1	0.77758149	33	23230.694	23231.294	23231.294	23231.494	23232.071
2	11	2	1	364	3	6	7	4	6	1	7	1	0.82882112	34	23233.317	23233.517	23233.517	23233.717	23234.346
2	11	2	1	365	3	6	7	5	5	1	6	1	0.86650677	35	23235.541	23235.741	23235.741	23235.941	23236.607
2	11	2	1	366	3	6	7	6	2	1	3	1	0.86183305	36	23237.764	23237.964	23237.964	23238.164	23238.825
2	11	2	1	367	3	6	7	7	5	1	6	1	1.1069251	37	23239.99	23240.19	23240.19	23240.39	23241.297
2	11	2	1	368	3	6	7	8	1	2	2	1	0.84637412	38	23242.211	23242.811	23242.811	23243.011	23243.657
2	11	2	1	369	3	6	7	9	4	2	4	0	1.0641961	38	23244.831	23245.431	23245.431	23245.631	23246.496
2	11	2	1	370	3	6	7	10	2	1	3	1	0.69336577	39	23247.454	23247.654	23247.654	23247.854	23248.348
2	11	2	1	371	3	6	7	11	2	2	3	1	0.75324807	40	23249.679	23250.279	23250.279	23250.479	23251.032
2	11	2	1	372	3	6	7	12	4	1	5	1	0.85112274	41	23252.303	23252.503	23252.503	23252.703	23253.355
2	11	2	1	373	3	6	7	13	5	1	6	1	1.0497705	42	23254.528	23254.728	23254.729	23254.929	23255.778
2	11	2	1	374	3	6	7	14	1	2	2	1	1.1891614	43	23256.844	23257.444	23257.444	23257.644	23258.633
2	11	2	1	375	3	6	7	15	3	1	4	1	1.02884	44	23259.468	23259.668	23259.668	23259.868	23260.697
2	11	2	1	376	3	6	7	16	5	2	6	1	1.4301165	45	23261.691	23262.291	23262.291	23262.491	23263.722
2	11	2	1	377	3	6	7	17	1	1	2	1	0.98068506	46	23264.316	23264.516	23264.516	23264.716	23265.497
2	11	2	1	378	3	6	7	18	2	2	3	1	0.69250446	47	23266.54	23267.14	23267.14	23267.34	23267.833
2	11	2	1	379	3	6	7	19	1	2	2	1	1.1762342	48	23269.162	23269.762	23269.762	23269.962	23270.938
2	11	2	1	380	3	6	7	20	6	2	7	1	1.1056692	49	23271.858	23272.458	23272.458	23272.658	23273.564
2	11	2	1	381	3	6	7	21	3	2	6	0	1.6150467	49	23274.482	23275.082	23275.082	23275.282	23276.697
2	11	2	1	382	3	6	7	22	6	1	7	1	0.80585752	50	23277.106	23277.306	23277.306	23277.506	23278.112
2	11	2	1	383	3	6	7	23	3	1	4	1	0.92726977	51	23279.33	23279.53	23279.53	23279.73	23280.457
2	11	2	1	384	3	6	7	24	6	2	7	1	0.73305274	52	23281.551	23282.151	23282.151	23282.351	23282.884
2	11	2	1	385	3	6	7	25	6	2	7	1	0.57642396	53	23284.176	23284.776	23284.776	23284.976	23285.352
2	11	2	1	386	3	6	7	26	4	2	5	1	1.5167683	54	23286.876	23287.476	23287.476	23287.676	23288.993
2	11	2	1	387	3	6	7	27	4	2	5	1	0.66765269	55	23289.501	23290.101	23290.101	23290.301	23290.769
2	11	2	1	388	3	6	7	28	5	1	6	1	0.87352623	56	23292.126	23292.326	23292.326	23292.526	23293.2
2	11	2	1	389	3	6	7	29	3	1	4	1	0.6985194	57	23294.35	23294.55	23294.55	23294.75	23295.249
2	11	2	1	390	3	6	7	30	4	1	5	1	1.0577595	58	23296.575	23296.775	23296.775	23296.975	23297.833
2	11	2	1	391	3	2	7	1	2	1	1	1	0.73402231	1	23326.946	23327.146	23327.146	23327.346	23327.88
2	11	2	1	392	3	2	7	2	1	2	1	1	0.60823633	2	23329.171	23329.771	23329.771	23329.971	23330.379
2	11	2	1	393	3	2	7	3	3	2	1	1	0.58175875	3	23331.796	23332.396	23332.396	23332.596	23332.977
2	11	2	1	394	3	2	7	4	3	1	1	1	0.52041246	4	23334.417	23334.617	23334.617	23334.817	23335.137
2	11	2	1	395	3	2	7	5	5	1	8	1	0.61456075	5	23336.642	23336.842	23336.842	23337.042	23337.456
2	11	2	1	396	3	2	7	6	4	1	8	1	0.53592685	6	23338.866	23339.066	23339.066	23339.266	23339.602
2	11	2	1	397	3	2	7	7	2	1	1	1	0.66027277	7	23341.092	23341.292	23341.292	23341.492	23341.952
2	11	2	1	398	3	2	7	8	1	2	1	1	0.58378289	8	23343.32	23343.92	23343.92	23344.12	23344.504
2	11	2	1	399	3	2	7	9	3	2	1	1	0.58549824	9	23345.946	23346.546	23346.546	23346.746	23347.131
2	11	2	1	400	3	2	7	10	6	1	8	1	0.70099344	10	23348.571	23348.771	23348.771	23348.971	23349.472
2	11	2	1	401	3	2	7	11	2	2	1	1	0.58439318	11	23350.793	23351.393	23351.393	23351.593	23351.978
2	11	2	1	402	3	2	7	12	5	1	8	1	0.63090068	12	23353.419	23353.619	23353.619	23353.819	23354.25
2	11	2	1	403	3	2	7	13	6	1	8	1	0.59655898	13	23355.644	23355.844	23355.844	23356.044	23356.44
2	11	2	1	404	3	2	7	14	4	2	8	1	0.6448189	14	23357.869	23358.469	23358.469	23358.669	23359.114
2	11	2	1	405	3	2	7	15	1	1	1	1	0.76204383	15	23360.495	23360.695	23360.695	23360.895	23361.457
2	11	2	1	406	3	2	7	16	3	2	1	1	0.59521788	16	23362.725	23363.325	23363.325	23363.525	23363.92
2	11	2	1	407	3	2	7	17	4	1	8	1	0.6043281	17	23365.351	23365.551	23365.551	23365.751	23366.155
2	11	2	1	408	3	2	7	18	5	2	8	1	0.5113732	18	23367.576	23368.176	23368.176	23368.376	23368.688
2	11	2	1	409	3	2	7	19	2	2	1	1	0.59746873	19	23370.202	23370.802	23370.802	23371.002	23371.4
2	11	2	1	410	3	2	7	20	4	2	8	1	0.53380285	20	23372.828	23373.428	23373.428	23373.628	23373.962
2	11	2	1	411	3	2	7	21	6	2	8	1	0.73152199	21	23375.454	23376.054	23376.054	23376.254	23376.785
2	11	2	1	412	3	2	7	22	6	1	8	1	0.48704247	22	23378.08	23378.28	23378.28	23378.48	23378.767
2	11	2	1	413	3	2	7	23	5	1	8	1	0.5718137	23	23380.302	23380.502	23380.502	23380.702	23381.074
2	11	2	1	414	3	2	7	24	6	2	8	1	0.45684999	24	23382.528	23383.128	23383.128	23383.328	23383.585
2	11	2	1	415	3	2	7	25	5	2	8	1	0.74934494	25	23385.154	23385.754	23385.754	23385.954	23386.504
2	11	2	1	416	3	2	7	26	2	2	1	1	0.61992686	26	23387.781	23388.381	23388.381	23388.581	23389.001
2	11	2	1	417	3	2	7	27	3	2	1	1	0.76452946	27	23390.403	23391.003	23391.003	23391.203	23391.768
2	11	2	1	418	3	2	7	28	1	1	1	1	0.65109928	28	23393.03	23393.23	23393.23	23393.43	23393.881
2	11	2	1	419	3	2	7	29	4	1	8	1	0.59945728	29	23395.256	23395.456	23395.456	23395.656	23396.056
2	11	2	1	420	3	2	7	30	1	1	1	1	0.89460726	30	23397.483	23397.683	23397.683	23397.883	23398.578
2	11	2	1	421	3	6	8	1	2	1	3	1	0.71283305	31	23427.786	23427.986	23427.986	23428.186	23428.699
2	11	2	1	422	3	6	8	2	1	2	2	1	0.6925452	32	23430.012	23430.612	23430.612	23430.812	23431.305
2	11	2	1	423	3	6	8	3	3	2	4	1	0.68858054	33	23432.639	23433.239	23433.239	23433.439	23433.927
2	11	2	1	424	3	6	8	4	3	1	4	1	0.63471944	34	23435.269	23435.469	23435.469	23435.669	23436.103
2	11	2	1	425	3	6	8	5	5	1	6	1	0.99653782	35	23437.492	23437.692	23437.692	23437.892	23438.689
2	11	2	1	426	3	6	8	6	4	1	5	1	0.80744396	36	23439.719	23439.919	23439.919	23440.119	23440.727
2	11	2	1	427	3	6	8	7	2	1	3	1	0.62290302	37	23441.946	23442.146	23442.146	23442.346	23442.769
2	11	2	1	428	3	6	8	8	1	2	2	1	0.66481757	38	23444.175	23444.775	23444.775	23444.975	23445.44
2	11	2	1	429	3	6	8	9	3	2	4	1	0.86394502	39	23446.802	23447.402	23447.402	23447.602	23448.266
2	11	2	1	430	3	6	8	10	6	1	7	1	0.64664441	40	23449.428	23449.628	23449.628	23449.828	23450.275
2	11	2	1	431	3	6	8	11	2	2	3	1	0.68446987	41	23451.655	23452.255	23452.255	23452.455	23452.94
2	11	2	1	432	3	6	8	12	5	1	6	1	0.46985287	42	23454.282	23454.482	23454.482	23454.682	23454.952
2	11	2	1	433	3	6	8	13	6	1	7	1	0.83856137	43	23456.509	23456.709	23456.709	23456.909	23457.547
2	11	2	1	434	3	6	8	14	4	2	5	1	0.79808899	44	23458.74	23459.34	23459.34	23459.54	23460.138
2	11	2	1	435	3	6	8	15	1	1	2	1	0.70056411	45	23461.367	23461.567	23461.567	23461.767	23462.267
2	11	2	1	436	3	6	8	16	3	2	4	1	0.72727113	46	23463.595	23464.195	23464.195	23464.395	23464.922
2	11	2	1	437	3	6	8	17	4	1	5	1	0.77972237	47	23466.222	23466.422	23466.422	23466.622	23467.201
2	11	2	1	438	3	6	8	18	5	2	6	1	0.85296984	48	23468.452	23469.052	23469.052	23469.252	23469.905
2	11	2	1	439	3	6	8	19	2	2	3	1	0.63516614	49	23471.079	23471.679	23471.679	23471.879	23472.314
2	11	2	1	440	3	6	8	20	4	2	5	1	1.2420637	50	23473.703	23474.303	23474.303	23474.503	23475.546
2	11	2	1	441	3	6	8	21	6	2	7	1	0.65589015	51	23476.328	23476.928	23476.928	23477.128	23477.583
2	11	2	1	442	3	6	8	22	6	1	6	0	1.7289485	51	23478.955	23479.155	23479.155	23479.355	23480.884
2	11	2	1	443	3	6	8	23	5	1	6	1	0.97917551	52	23481.182	23481.382	23481.382	23481.582	23482.361
2	11	2	1	444	3	6	8	24	6	2	7	1	0.62982262	53	23483.409	23484.009	23484.009	23484.209	23484.639
2	11	2	1	445	3	6	8	25	5	2	6	1	0.74296797	54	23486.033	23486.633	23486.633	23486.833	23487.376
2	11	2	1	446	3	6	8	26	2	2	3	1	0.91421376	55	23488.661	23489.261	23489.261	23489.461	23490.175
2	11	2	1	447	3	6	8	27	3	2	4	1	1.0226691	56	23491.293	23491.893	23491.893	23492.093	23492.916
2	11	2	1	448	3	6	8	28	1	1	2	1	0.90423379	57	23493.922	23494.122	23494.122	23494.322	23495.026
2	11	2	1	449	3	6	8	29	4	1	5	1	0.95536131	58	23496.149	23496.349	23496.349	23496.549	23497.304
2	11	2	1	450	3	6	8	30	1	1	2	1	0.78313478	59	23498.376	23498.576	23498.576	23498.776	23499.359
2	11	2	1	451	3	2	8	1	2	1	1	1	0.53668485	1	23528.665	23528.865	23528.865	23529.065	23529.402
2	11	2	1	452	3	2	8	2	5	2	8	1	0.43431359	2	23530.893	23531.493	23531.493	23531.693	23531.928
2	11	2	1	453	3	2	8	3	2	2	1	1	0.55189836	3	23533.523	23534.123	23534.123	23534.323	23534.675
2	11	2	1	454	3	2	8	4	5	1	8	1	0.5211916	4	23536.168	23536.368	23536.368	23536.568	23536.889
2	11	2	1	455	3	2	8	5	1	1	1	1	0.82180853	5	23538.395	23538.595	23538.595	23538.795	23539.417
2	11	2	1	456	3	2	8	6	5	1	8	1	0.54643825	6	23540.623	23540.823	23540.823	23541.023	23541.369
2	11	2	1	457	3	2	8	7	6	1	8	1	0.58758015	7	23542.853	23543.053	23543.053	23543.253	23543.641
2	11	2	1	458	3	2	8	8	1	2	1	1	0.50563684	8	23545.083	23545.683	23545.683	23545.883	23546.189
2	11	2	1	459	3	2	8	9	6	2	8	1	0.47254418	9	23547.711	23548.311	23548.311	23548.511	23548.783
2	11	2	1	460	3	2	8	10	1	1	1	1	0.6394364	10	23550.339	23550.539	23550.539	23550.739	23551.178
2	11	2	1	461	3	2	8	11	3	2	1	1	0.59770989	11	23552.566	23553.166	23553.166	23553.366	23553.764
2	11	2	1	462	3	2	8	12	4	1	8	1	0.68273174	12	23555.197	23555.397	23555.397	23555.597	23556.08
2	11	2	1	463	3	2	8	13	3	1	1	1	0.63296542	13	23557.422	23557.622	23557.622	23557.822	23558.255
2	11	2	1	464	3	2	8	14	6	2	8	1	0.61509235	14	23559.651	23560.251	23560.251	23560.451	23560.866
2	11	2	1	465	3	2	8	15	1	1	1	1	0.63338805	15	23562.278	23562.478	23562.479	23562.679	23563.112
2	11	2	1	466	3	2	8	16	6	2	8	1	0.41401723	16	23564.506	23565.106	23565.106	23565.306	23565.52
2	11	2	1	467	3	2	8	17	5	1	8	1	0.48492144	17	23567.133	23567.333	23567.333	23567.533	23567.818
2	11	2	1	468	3	2	8	18	2	2	1	1	0.57509698	18	23569.361	23569.961	23569.961	23570.161	23570.536
2	11	2	1	469	3	2	8	19	3	2	1	1	0.64900827	19	23571.99	23572.59	23572.59	23572.79	23573.239
2	11	2	1	470	3	2	8	20	2	2	1	1	0.663308	20	23574.617	23575.217	23575.217	23575.417	23575.881
2	11	2	1	471	3	2	8	21	1	2	1	1	0.92524188	21	23577.246	23577.846	23577.846	23578.046	23578.771
2	11	2	1	472	3	2	8	22	2	1	1	1	1.0628729	22	23579.874	23580.074	23580.074	23580.274	23581.137
2	11	2	1	473	3	2	8	23	4	1	8	1	0.65787991	23	23582.102	23582.302	23582.302	23582.502	23582.96
2	11	2	1	474	3	2	8	24	6	2	8	1	0.53254924	24	23584.331	23584.931	23584.931	23585.131	23585.464
2	11	2	1	475	3	2	8	25	3	2	1	1	0.55146535	25	23586.96	23587.56	23587.56	23587.76	23588.111
2	11	2	1	476	3	2	8	26	3	2	1	1	0.63896584	26	23589.588	23590.188	23590.188	23590.388	23590.827
2	11	2	1	477	3	2	8	27	4	2	8	1	0.60389831	27	23592.216	23592.816	23592.816	23593.016	23593.42
2	11	2	1	478	3	2	8	28	4	1	8	1	0.57085685	28	23594.845	23595.045	23595.045	23595.245	23595.616
2	11	2	1	479	3	2	8	29	4	1	8	1	0.56433048	29	23597.071	23597.271	23597.271	23597.471	23597.835
2	11	2	1	480	3	2	8	30	5	1	8	1	0.44274914	30	23599.343	23599.543	23599.543	23599.743	23599.986
2	11	2	1	481	3	6	9	1	2	1	3	1	0.70855563	31	23629.654	23629.854	23629.854	23630.054	23630.563
2	11	2	1	482	3	6	9	2	5	2	6	1	0.751972	32	23631.886	23632.486	23632.486	23632.686	23633.238
2	11	2	1	483	3	6	9	3	2	2	3	1	0.77587592	33	23634.515	23635.115	23635.115	23635.315	23635.891
2	11	2	1	484	3	6	9	4	5	1	6	1	0.91246301	34	23637.145	23637.345	23637.345	23637.545	23638.257
2	11	2	1	485	3	6	9	5	1	1	2	1	0.75155721	35	23639.372	23639.572	23639.572	23639.772	23640.323
2	11	2	1	486	3	6	9	6	5	1	6	1	1.0000655	36	23641.599	23641.799	23641.799	23641.999	23642.799
2	11	2	1	487	3	6	9	7	6	1	7	1	1.099663	37	23643.829	23644.029	23644.029	23644.229	23645.129
2	11	2	1	488	3	6	9	8	1	2	2	1	0.82124823	38	23646.059	23646.659	23646.659	23646.859	23647.48
2	11	2	1	489	3	6	9	9	6	2	7	1	0.8467461	39	23648.689	23649.289	23649.289	23649.489	23650.136
2	11	2	1	490	3	6	9	10	1	1	2	1	1.31493	40	23651.319	23651.519	23651.519	23651.719	23652.834
2	11	2	1	491	3	6	9	11	3	2	4	1	1.318951	41	23653.548	23654.148	23654.148	23654.348	23655.467
2	11	2	1	492	3	6	9	12	4	1	5	1	0.82271277	42	23656.177	23656.377	23656.377	23656.577	23657.2
2	11	2	1	493	3	6	9	13	3	1	4	1	1.6039184	43	23658.406	23658.606	23658.606	23658.806	23660.21
2	11	2	1	494	3	6	9	14	6	2	7	1	0.8219257	44	23660.636	23661.236	23661.236	23661.436	23662.058
2	11	2	1	495	3	6	9	15	1	1	2	1	1.2249749	45	23663.266	23663.466	23663.466	23663.666	23664.691
2	11	2	1	496	3	6	9	16	6	2	7	1	0.81306836	46	23665.492	23666.092	23666.092	23666.292	23666.905
2	11	2	1	497	3	6	9	17	5	1	6	1	1.351097	47	23668.122	23668.322	23668.322	23668.522	23669.673
2	11	2	1	498	3	6	9	18	2	2	3	1	0.66490488	48	23670.355	23670.955	23670.955	23671.155	23671.62
2	11	2	1	499	3	6	9	19	3	2	4	1	0.66392156	49	23672.985	23673.585	23673.585	23673.785	23674.249
2	11	2	1	500	3	6	9	20	2	2	3	1	0.68973488	50	23675.615	23676.215	23676.215	23676.415	23676.904
2	11	2	1	501	3	6	9	21	1	2	2	1	1.1165841	51	23678.244	23678.844	23678.844	23679.044	23679.961
2	11	2	1	502	3	6	9	22	2	1	3	1	0.67774493	52	23680.872	23681.072	23681.072	23681.272	23681.75
2	11	2	1	503	3	6	9	23	4	1	4	0	0.81279625	52	23683.102	23683.302	23683.302	23683.502	23684.115
2	11	2	1	504	3	6	9	24	6	2	7	1	1.0606557	53	23685.332	23685.932	23685.932	23686.132	23686.992
2	11	2	1	505	3	6	9	25	3	2	4	1	0.92799972	54	23687.962	23688.562	23688.562	23688.762	23689.49
2	11	2	1	506	3	6	9	26	3	2	4	1	0.77434726	55	23690.588	23691.188	23691.188	23691.388	23691.962
2	11	2	1	507	3	6	9	27	4	2	5	1	1.0220704	56	23693.218	23693.818	23693.818	23694.018	23694.84
2	11	2	1	508	3	6	9	28	4	1	5	1	0.65665807	57	23695.848	23696.048	23696.048	23696.248	23696.704
2	11	2	1	509	3	6	9	29	4	1	5	1	0.59357266	58	23698.078	23698.278	23698.278	23698.478	23698.871
2	11	2	1	510	3	6	9	30	5	1	6	1	0.63634238	59	23700.307	23700.507	23700.507	23700.707	23701.143
2	11	2	1	511	3	2	9	1	6	1	8	1	0.71059157	1	23730.595	23730.795	23730.795	23730.995	23731.506
2	11	2	1	512	3	2	9	2	6	2	8	1	0.65134529	2	23732.825	23733.425	23733.425	23733.625	23734.076
2	11	2	1	513	3	2	9	3	1	2	1	1	0.6366009	3	23735.454	23736.054	23736.054	23736.254	23736.691
2	11	2	1	514	3	2	9	4	6	1	8	1	0.5577063	4	23738.084	23738.284	23738.284	23738.484	23738.842
2	11	2	1	515	3	2	9	5	4	1	8	1	0.51897147	5	23740.314	23740.514	23740.514	23740.714	23741.033
2	11	2	1	516	3	2	9	6	5	1	8	1	0.5025158	6	23742.544	23742.744	23742.744	23742.944	23743.247
2	11	2	1	517	3	2	9	7	3	1	1	1	0.63202941	7	23744.775	23744.975	23744.975	23745.175	23745.607
2	11	2	1	518	3	2	9	8	2	2	1	1	0.58061009	8	23747.005	23747.605	23747.605	23747.805	23748.186
2	11	2	1	519	3	2	9	9	4	2	8	1	0.59094111	9	23749.637	23750.237	23750.237	23750.437	23750.828
2	11	2	1	520	3	2	9	10	4	1	8	1	0.51595954	10	23752.267	23752.467	23752.467	23752.667	23752.983
2	11	2	1	521	3	2	9	11	1	2	1	1	0.65740914	11	23754.498	23755.098	23755.098	23755.298	23755.755
2	11	2	1	522	3	2	9	12	4	1	8	1	0.55024615	12	23757.129	23757.329	23757.329	23757.529	23757.88
2	11	2	1	523	3	2	9	13	4	1	8	1	0.5927846	13	23759.359	23759.559	23759.559	23759.759	23760.151
2	11	2	1	524	3	2	9	14	3	2	1	1	0.6274506	14	23761.589	23762.189	23762.189	23762.389	23762.817
2	11	2	1	525	3	2	9	15	3	1	1	1	0.80700111	15	23764.217	23764.417	23764.417	23764.617	23765.224
2	11	2	1	526	3	2	9	16	1	2	1	1	0.65172798	16	23766.447	23767.047	23767.047	23767.247	23767.698
2	11	2	1	527	3	2	9	17	1	1	1	1	0.67768134	17	23769.074	23769.274	23769.274	23769.474	23769.951
2	11	2	1	528	3	2	9	18	5	2	8	1	0.68755819	18	23771.304	23771.904	23771.904	23772.104	23772.592
2	11	2	1	529	3	2	9	19	6	2	8	1	0.4579035	19	23773.935	23774.535	23774.535	23774.735	23774.993
2	11	2	1	530	3	2	9	20	1	2	1	1	0.69477508	20	23776.563	23777.163	23777.163	23777.363	23777.858
2	11	2	1	531	3	2	9	21	6	2	8	1	0.64161244	21	23779.191	23779.791	23779.791	23779.991	23780.433
2	11	2	1	532	3	2	9	22	2	1	1	1	0.80246307	22	23781.822	23782.022	23782.022	23782.222	23782.824
2	11	2	1	533	3	2	9	23	2	1	1	1	0.64992963	23	23784.055	23784.255	23784.255	23784.455	23784.905
2	11	2	1	534	3	2	9	24	5	2	8	1	0.44953491	24	23786.286	23786.886	23786.886	23787.086	23787.336
2	11	2	1	535	3	2	9	25	3	2	1	1	0.61040261	25	23788.917	23789.517	23789.517	23789.717	23790.127
2	11	2	1	536	3	2	9	26	2	2	1	1	0.67571357	26	23791.558	23792.158	23792.158	23792.358	23792.834
2	11	2	1	537	3	2	9	27	3	2	1	1	0.51397237	27	23794.19	23794.79	23794.79	23794.99	23795.304
2	11	2	1	538	3	2	9	28	2	1	1	1	0.53764077	28	23796.822	23797.022	23797.022	23797.222	23797.56
2	11	2	1	539	3	2	9	29	5	1	8	1	0.78862849	29	23799.054	23799.254	23799.254	23799.454	23800.043
2	11	2	1	540	3	2	9	30	5	1	8	1	0.79070755	30	23801.285	23801.485	23801.485	23801.685	23802.275
2	11	2	1	541	4	6	10	1	6	1	7	1	1.0070202	31	24366.018	24366.218	24366.218	24366.418	24367.225
2	11	2	1	542	4	6	10	2	6	2	7	1	0.53538955	32	24368.258	24368.858	24368.858	24369.058	24369.393
2	11	2	1	543	4	6	10	3	1	2	2	1	1.0820204	33	24370.889	24371.489	24371.489	24371.689	24372.571
2	11	2	1	544	4	6	10	4	6	1	7	1	0.66109569	34	24373.521	24373.721	24373.721	24373.921	24374.382
2	11	2	1	545	4	6	10	5	4	1	4	0	0.9345934	34	24375.752	24375.952	24375.952	24376.152	24376.886
2	11	2	1	546	4	6	10	6	5	1	6	1	0.88107868	35	24377.984	24378.184	24378.184	24378.384	24379.065
2	11	2	1	547	4	6	10	7	3	1	4	1	0.68306237	36	24380.215	24380.415	24380.415	24380.615	24381.098
2	11	2	1	548	4	6	10	8	2	2	3	1	0.60434495	37	24382.447	24383.047	24383.047	24383.247	24383.651
2	11	2	1	549	4	6	10	9	4	2	5	1	0.88064902	38	24385.081	24385.681	24385.681	24385.881	24386.562
2	11	2	1	550	4	6	10	10	4	1	5	1	1.0719576	39	24387.713	24387.913	24387.913	24388.113	24388.985
2	11	2	1	551	4	6	10	11	1	2	2	1	0.79220057	40	24389.945	24390.545	24390.545	24390.745	24391.337
2	11	2	1	552	4	6	10	12	4	1	5	1	1.1349889	41	24392.579	24392.779	24392.779	24392.979	24393.914
2	11	2	1	553	4	6	10	13	4	1	5	1	0.78931403	42	24394.812	24395.012	24395.012	24395.212	24395.801
2	11	2	1	554	4	6	10	14	3	2	4	1	0.79337735	43	24397.046	24397.646	24397.646	24397.846	24398.44
2	11	2	1	555	4	6	10	15	3	1	5	0	0.61021316	43	24399.678	24399.878	24399.878	24400.078	24400.489
2	11	2	1	556	4	6	10	16	1	2	2	1	0.68418447	44	24401.91	24402.51	24402.51	24402.71	24403.194
2	11	2	1	557	4	6	10	17	1	1	2	1	0.69228169	45	24404.543	24404.743	24404.743	24404.943	24405.435
2	11	2	1	558	4	6	10	18	5	2	6	1	1.0567973	46	24406.775	24407.375	24407.375	24407.575	24408.432
2	11	2	1	559	4	6	10	19	6	2	7	1	0.87715033	47	24409.404	24410.004	24410.004	24410.204	24410.881
2	11	2	1	560	4	6	10	20	1	2	2	1	0.99685689	48	24412.036	24412.636	24412.636	24412.836	24413.633
2	11	2	1	561	4	6	10	21	6	2	7	1	0.77439123	49	24414.669	24415.269	24415.269	24415.469	24416.044
2	11	2	1	562	4	6	10	22	2	1	3	1	0.80934044	50	24417.302	24417.502	24417.502	24417.702	24418.312
2	11	2	1	563	4	6	10	23	2	1	3	1	0.74032249	51	24419.535	24419.735	24419.735	24419.935	24420.475
2	11	2	1	564	4	6	10	24	5	2	6	1	1.9610345	52	24421.768	24422.368	24422.368	24422.568	24424.329
2	11	2	1	565	4	6	10	25	3	2	4	1	1.1141309	53	24424.4	24425	24425	24425.2	24426.114
2	11	2	1	566	4	6	10	26	2	2	3	1	1.313274	54	24427.033	24427.633	24427.633	24427.833	24428.946
2	11	2	1	567	4	6	10	27	3	2	4	1	1.383537	55	24429.666	24430.266	24430.266	24430.466	24431.649
2	11	2	1	568	4	6	10	28	2	1	3	1	0.84674324	56	24432.298	24432.498	24432.498	24432.698	24433.345
2	11	2	1	569	4	6	10	29	5	1	6	1	1.1878918	57	24434.53	24434.73	24434.73	24434.93	24435.918
2	11	2	1	570	4	6	10	30	5	1	6	1	1.5055136	58	24436.762	24436.962	24436.962	24437.162	24438.468
2	11	2	1	571	4	2	10	1	6	1	8	1	0.6219256	1	24467.058	24467.258	24467.258	24467.458	24467.879
2	11	2	1	572	4	2	10	2	4	2	8	1	0.51510602	2	24469.29	24469.89	24469.89	24470.09	24470.405
2	11	2	1	573	4	2	10	3	2	2	1	1	0.61583147	3	24471.923	24472.523	24472.523	24472.723	24473.139
2	11	2	1	574	4	2	10	4	4	1	8	1	0.54129453	4	24474.555	24474.755	24474.755	24474.955	24475.297
2	11	2	1	575	4	2	10	5	6	1	8	1	0.48627166	5	24476.788	24476.988	24476.988	24477.188	24477.474
2	11	2	1	576	4	2	10	6	6	1	8	1	0.44300826	6	24479.02	24479.22	24479.22	24479.42	24479.663
2	11	2	1	577	4	2	10	7	3	1	1	1	0.54045043	7	24481.253	24481.453	24481.453	24481.653	24481.993
2	11	2	1	578	4	2	10	8	4	2	8	1	0.59365508	8	24483.486	24484.086	24484.086	24484.286	24484.68
2	11	2	1	579	4	2	10	9	1	2	1	1	0.65685197	9	24486.119	24486.719	24486.719	24486.919	24487.376
2	11	2	1	580	4	2	10	10	2	1	1	1	0.84921617	10	24488.751	24488.951	24488.951	24489.151	24489.8
2	11	2	1	581	4	2	10	11	4	2	8	1	0.77688636	11	24490.985	24491.585	24491.585	24491.785	24492.362
2	11	2	1	582	4	2	10	12	1	1	1	1	0.81462881	12	24493.617	24493.817	24493.817	24494.017	24494.632
2	11	2	1	583	4	2	10	13	1	1	1	1	0.65610493	13	24495.85	24496.05	24496.05	24496.25	24496.706
2	11	2	1	584	4	2	10	14	3	2	1	1	0.64138339	14	24498.082	24498.682	24498.682	24498.882	24499.324
2	11	2	1	585	4	2	10	15	4	1	8	1	0.49534352	15	24500.715	24500.915	24500.915	24501.115	24501.41
2	11	2	1	586	4	2	10	16	1	2	1	1	0.60138919	16	24502.951	24503.551	24503.551	24503.751	24504.152
2	11	2	1	587	4	2	10	17	5	1	8	1	0.64857813	17	24505.584	24505.784	24505.784	24505.984	24506.432
2	11	2	1	588	4	2	10	18	5	2	8	1	0.53507451	18	24507.817	24508.417	24508.417	24508.617	24508.952
2	11	2	1	589	4	2	10	19	3	2	1	1	0.59830561	19	24510.45	24511.05	24511.05	24511.25	24511.648
2	11	2	1	590	4	2	10	20	5	2	8	1	0.46055674	20	24513.083	24513.683	24513.683	24513.883	24514.144
2	11	2	1	591	4	2	10	21	2	2	1	1	0.67030522	21	24515.717	24516.317	24516.317	24516.517	24516.988
2	11	2	1	592	4	2	10	22	5	1	8	1	0.61786242	22	24518.351	24518.551	24518.551	24518.751	24519.169
2	11	2	1	593	4	2	10	23	1	1	1	1	0.62605266	23	24520.584	24520.784	24520.784	24520.984	24521.41
2	11	2	1	594	4	2	10	24	2	2	1	1	0.59887437	24	24522.818	24523.418	24523.418	24523.618	24524.017
2	11	2	1	595	4	2	10	25	5	2	8	1	0.65379587	25	24525.452	24526.052	24526.052	24526.252	24526.705
2	11	2	1	596	4	2	10	26	6	2	8	1	0.63511035	26	24528.085	24528.685	24528.685	24528.885	24529.321
2	11	2	1	597	4	2	10	27	2	2	1	1	0.92231924	27	24530.719	24531.319	24531.319	24531.519	24532.241
2	11	2	1	598	4	2	10	28	3	1	1	1	1.5042194	28	24533.35	24533.55	24533.55	24533.75	24535.054
2	11	2	1	599	4	2	10	29	3	1	1	1	0.70425949	29	24535.583	24535.783	24535.783	24535.983	24536.488
2	11	2	1	600	4	2	10	30	6	1	8	1	0.46475883	30	24537.817	24538.017	24538.017	24538.217	24538.482
2	11	2	1	601	4	6	11	1	6	1	7	1	0.92118258	31	24568.128	24568.328	24568.328	24568.528	24569.249
2	11	2	1	602	4	6	11	2	4	2	5	1	0.91985053	32	24570.362	24570.962	24570.962	24571.162	24571.882
2	11	2	1	603	4	6	11	3	2	2	3	1	0.7148072	33	24572.996	24573.596	24573.596	24573.796	24574.311
2	11	2	1	604	4	6	11	4	4	1	5	1	0.82933156	34	24575.66	24575.86	24575.86	24576.06	24576.689
2	11	2	1	605	4	6	11	5	6	1	7	1	0.65969626	35	24577.894	24578.094	24578.094	24578.294	24578.753
2	11	2	1	606	4	6	11	6	6	1	7	1	0.58715437	36	24580.128	24580.328	24580.328	24580.528	24580.916
2	11	2	1	607	4	6	11	7	3	1	4	1	1.1673893	37	24582.363	24582.563	24582.563	24582.763	24583.73
2	11	2	1	608	4	6	11	8	4	2	5	1	0.86586448	38	24584.665	24585.265	24585.265	24585.465	24586.13
2	11	2	1	609	4	6	11	9	1	2	2	1	1.0329928	39	24587.296	24587.896	24587.896	24588.096	24588.929
2	11	2	1	610	4	6	11	10	2	1	3	1	0.55090743	40	24589.93	24590.13	24590.13	24590.33	24590.681
2	11	2	1	611	4	6	11	11	4	2	5	1	1.4541875	41	24592.164	24592.764	24592.764	24592.964	24594.218
2	11	2	1	612	4	6	11	12	1	1	2	1	0.83631939	42	24594.798	24594.998	24594.998	24595.198	24595.835
2	11	2	1	613	4	6	11	13	1	1	2	1	0.80125554	43	24597.033	24597.233	24597.233	24597.433	24598.034
2	11	2	1	614	4	6	11	14	3	2	5	0	1.8306605	43	24599.266	24599.866	24599.866	24600.066	24601.697
2	11	2	1	615	4	6	11	15	4	1	5	1	0.7267654	44	24601.901	24602.101	24602.101	24602.301	24602.828
2	11	2	1	616	4	6	11	16	1	2	2	1	0.81027019	45	24604.135	24604.735	24604.735	24604.935	24605.545
2	11	2	1	617	4	6	11	17	5	1	6	1	1.0729917	46	24606.769	24606.969	24606.969	24607.169	24608.042
2	11	2	1	618	4	6	11	18	5	2	6	1	0.95013138	47	24609.003	24609.603	24609.603	24609.803	24610.553
2	11	2	1	619	4	6	11	19	3	2	4	1	0.95915217	48	24611.693	24612.293	24612.293	24612.493	24613.252
2	11	2	1	620	4	6	11	20	5	2	6	1	0.81852991	49	24614.325	24614.925	24614.925	24615.125	24615.744
2	11	2	1	621	4	6	11	21	2	2	3	1	0.69686286	50	24616.96	24617.56	24617.56	24617.76	24618.257
2	11	2	1	622	4	6	11	22	5	1	6	1	0.77908727	51	24619.595	24619.795	24619.795	24619.995	24620.574
2	11	2	1	623	4	6	11	23	1	1	2	1	0.80439871	52	24621.828	24622.028	24622.028	24622.228	24622.833
2	11	2	1	624	4	6	11	24	2	2	3	1	0.7411906	53	24624.066	24624.666	24624.666	24624.866	24625.407
2	11	2	1	625	4	6	11	25	5	2	6	1	0.79932925	54	24626.706	24627.306	24627.306	24627.506	24628.105
2	11	2	1	626	4	6	11	26	6	2	7	1	1.3734406	55	24629.341	24629.941	24629.941	24630.141	24631.314
2	11	2	1	627	4	6	11	27	2	2	3	1	0.71508274	56	24631.976	24632.576	24632.576	24632.776	24633.291
2	11	2	1	628	4	6	11	28	3	1	4	1	0.87426042	57	24634.611	24634.811	24634.811	24635.011	24635.685
2	11	2	1	629	4	6	11	29	3	1	4	1	0.77817138	58	24636.845	24637.045	24637.045	24637.245	24637.824
2	11	2	1	630	4	6	11	30	6	1	7	1	0.87233918	59	24639.08	24639.28	24639.28	24639.48	24640.153
2	11	2	1	631	4	2	11	1	1	1	1	1	0.65380335	1	24669.378	24669.578	24669.578	24669.778	24670.232
2	11	2	1	632	4	2	11	2	1	2	1	1	0.62380003	2	24671.624	24672.224	24672.224	24672.424	24672.848
2	11	2	1	633	4	2	11	3	3	2	1	1	0.66438499	3	24674.259	24674.859	24674.859	24675.059	24675.524
2	11	2	1	634	4	2	11	4	1	1	1	1	0.89727575	4	24676.894	24677.094	24677.094	24677.294	24677.991
2	11	2	1	635	4	2	11	5	6	1	8	1	0.58227084	5	24679.132	24679.332	24679.332	24679.532	24679.914
2	11	2	1	636	4	2	11	6	2	1	1	1	0.59524923	6	24681.368	24681.568	24681.568	24681.768	24682.163
2	11	2	1	637	4	2	11	7	4	1	8	1	0.61846145	7	24683.6	24683.8	24683.8	24684	24684.419
2	11	2	1	638	4	2	11	8	5	2	0	0	-24686.434	7	24685.834	24686.434	24686.434	24686.634	0
2	11	2	1	639	4	2	11	9	3	2	1	1	0.56683568	8	24688.47	24689.07	24689.07	24689.27	24689.637
2	11	2	1	640	4	2	11	10	3	1	1	1	0.62953732	9	24691.106	24691.306	24691.306	24691.506	24691.935
2	11	2	1	641	4	2	11	11	4	2	8	1	0.53012129	10	24693.341	24693.941	24693.941	24694.141	24694.471
2	11	2	1	642	4	2	11	12	6	1	8	1	0.89386386	11	24695.98	24696.18	24696.18	24696.38	24697.074
2	11	2	1	643	4	2	11	13	2	1	1	1	0.58397518	12	24698.216	24698.416	24698.416	24698.616	24699
2	11	2	1	644	4	2	11	14	2	2	1	1	0.597326	13	24700.451	24701.051	24701.051	24701.251	24701.648
2	11	2	1	645	4	2	11	15	5	1	8	1	0.67623833	14	24703.087	24703.287	24703.287	24703.487	24703.963
2	11	2	1	646	4	2	11	16	3	2	1	1	0.81250026	15	24705.323	24705.923	24705.923	24706.123	24706.735
2	11	2	1	647	4	2	11	17	2	1	1	1	0.71000302	16	24707.955	24708.155	24708.155	24708.355	24708.865
2	11	2	1	648	4	2	11	18	1	2	1	1	0.77722091	17	24710.192	24710.792	24710.792	24710.992	24711.569
2	11	2	1	649	4	2	11	19	4	2	8	1	0.61146858	18	24712.831	24713.431	24713.431	24713.631	24714.042
2	11	2	1	650	4	2	11	20	2	2	1	1	0.92596987	19	24715.466	24716.066	24716.066	24716.266	24716.992
2	11	2	1	651	4	2	11	21	6	2	1	0	1.5041677	19	24718.103	24718.703	24718.703	24718.903	24720.207
2	11	2	1	652	4	2	11	22	5	1	8	1	0.43699332	20	24720.738	24720.938	24720.938	24721.138	24721.375
2	11	2	1	653	4	2	11	23	5	1	8	1	0.66435486	21	24722.971	24723.171	24723.171	24723.371	24723.836
2	11	2	1	654	4	2	11	24	4	2	8	1	0.48012624	22	24725.211	24725.811	24725.811	24726.011	24726.291
2	11	2	1	655	4	2	11	25	6	2	8	1	0.51750738	23	24727.85	24728.45	24728.45	24728.65	24728.967
2	11	2	1	656	4	2	11	26	6	2	8	1	0.58942632	24	24730.486	24731.086	24731.086	24731.286	24731.676
2	11	2	1	657	4	2	11	27	3	2	1	1	0.54175023	25	24733.122	24733.722	24733.722	24733.922	24734.264
2	11	2	1	658	4	2	11	28	1	1	1	1	0.70768251	26	24735.758	24735.958	24735.958	24736.158	24736.666
2	11	2	1	659	4	2	11	29	5	1	8	1	0.64606595	27	24737.995	24738.195	24738.195	24738.395	24738.841
2	11	2	1	660	4	2	11	30	4	1	8	1	0.58832204	28	24740.231	24740.431	24740.431	24740.631	24741.019
2	11	2	1	661	4	6	12	1	1	1	2	1	0.77254786	29	24770.549	24770.749	24770.749	24770.949	24771.522
2	11	2	1	662	4	6	12	2	1	2	2	1	0.65916241	30	24772.791	24773.391	24773.391	24773.591	24774.05
2	11	2	1	663	4	6	12	3	3	2	4	1	0.83296743	31	24775.43	24776.03	24776.03	24776.23	24776.863
2	11	2	1	664	4	6	12	4	1	1	2	1	1.1441073	32	24778.063	24778.263	24778.263	24778.463	24779.407
2	11	2	1	665	4	6	12	5	6	1	7	1	0.5742441	33	24780.299	24780.499	24780.499	24780.699	24781.074
2	11	2	1	666	4	6	12	6	2	1	3	1	0.69528662	34	24782.536	24782.736	24782.736	24782.936	24783.431
2	11	2	1	667	4	6	12	7	4	1	5	1	0.77346372	35	24784.773	24784.973	24784.973	24785.173	24785.746
2	11	2	1	668	4	6	12	8	5	2	6	1	0.56105043	36	24787.009	24787.609	24787.609	24787.809	24788.17
2	11	2	1	669	4	6	12	9	3	2	4	1	0.83009454	37	24789.646	24790.246	24790.246	24790.446	24791.076
2	11	2	1	670	4	6	12	10	3	1	4	1	0.70702692	38	24792.279	24792.48	24792.48	24792.68	24793.187
2	11	2	1	671	4	6	12	11	4	2	5	1	0.79212278	39	24794.521	24795.121	24795.121	24795.321	24795.913
2	11	2	1	672	4	6	12	12	6	1	7	1	0.66327862	40	24797.162	24797.362	24797.362	24797.562	24798.025
2	11	2	1	673	4	6	12	13	2	1	3	1	0.7964879	41	24799.398	24799.598	24799.598	24799.798	24800.395
2	11	2	1	674	4	6	12	14	2	2	3	1	0.64781335	42	24801.634	24802.234	24802.234	24802.434	24802.882
2	11	2	1	675	4	6	12	15	5	1	6	1	0.5204009	43	24804.271	24804.471	24804.471	24804.671	24804.992
2	11	2	1	676	4	6	12	16	3	2	4	1	0.78997984	44	24806.511	24807.111	24807.111	24807.311	24807.901
2	11	2	1	677	4	6	12	17	2	1	3	1	0.69209851	45	24809.149	24809.349	24809.349	24809.549	24810.042
2	11	2	1	678	4	6	12	18	1	2	2	1	0.73377464	46	24811.387	24811.987	24811.987	24812.187	24812.72
2	11	2	1	679	4	6	12	19	4	2	5	1	1.3235097	47	24814.024	24814.624	24814.624	24814.824	24815.947
2	11	2	1	680	4	6	12	20	2	2	3	1	0.753299	48	24816.663	24817.263	24817.263	24817.463	24818.017
2	11	2	1	681	4	6	12	21	6	2	7	1	0.68696503	49	24819.3	24819.9	24819.9	24820.1	24820.587
2	11	2	1	682	4	6	12	22	5	1	6	1	1.0707938	50	24821.937	24822.137	24822.137	24822.337	24823.208
2	11	2	1	683	4	6	12	23	5	1	6	1	1.489953	51	24824.174	24824.374	24824.374	24824.574	24825.864
2	11	2	1	684	4	6	12	24	4	2	4	0	1.2136241	51	24826.41	24827.01	24827.01	24827.21	24828.224
2	11	2	1	685	4	6	12	25	6	2	7	1	0.74588305	52	24829.047	24829.647	24829.647	24829.847	24830.393
2	11	2	1	686	4	6	12	26	6	2	7	1	0.67783072	53	24831.684	24832.284	24832.284	24832.484	24832.962
2	11	2	1	687	4	6	12	27	3	2	4	1	1.2915375	54	24834.32	24834.92	24834.92	24835.12	24836.211
2	11	2	1	688	4	6	12	28	1	1	2	1	1.4148558	55	24836.954	24837.154	24837.154	24837.354	24838.568
2	11	2	1	689	4	6	12	29	5	1	7	0	1.2613992	55	24839.187	24839.387	24839.387	24839.587	24840.648
2	11	2	1	690	4	6	12	30	4	1	4	0	0.8588707	55	24841.425	24841.625	24841.625	24841.825	24842.483
2	11	2	1	691	4	2	12	1	6	1	8	1	0.62335596	1	24871.728	24871.928	24871.928	24872.128	24872.552
2	11	2	1	692	4	2	12	2	5	2	8	1	0.4662894	2	24873.966	24874.566	24874.566	24874.766	24875.032
2	11	2	1	693	4	2	12	3	3	2	1	1	0.51053653	3	24876.603	24877.203	24877.203	24877.403	24877.713
2	11	2	1	694	4	2	12	4	2	1	1	1	0.65672855	4	24879.241	24879.441	24879.441	24879.641	24880.098
2	11	2	1	695	4	2	12	5	5	1	8	1	0.48417812	5	24881.478	24881.678	24881.678	24881.878	24882.162
2	11	2	1	696	4	2	12	6	6	1	8	1	0.44134449	6	24883.714	24883.914	24883.914	24884.114	24884.356
2	11	2	1	697	4	2	12	7	2	1	1	1	0.57748867	7	24885.952	24886.152	24886.152	24886.352	24886.729
2	11	2	1	698	4	2	12	8	3	2	1	1	0.74268565	8	24888.194	24888.794	24888.794	24888.994	24889.537
2	11	2	1	699	4	2	12	9	5	2	8	1	1.086545	9	24890.829	24891.429	24891.429	24891.629	24892.515
2	11	2	1	700	4	2	12	10	1	1	1	1	1.277093	10	24893.467	24893.667	24893.667	24893.867	24894.944
2	11	2	1	701	4	2	12	11	1	2	1	1	0.54959616	11	24895.704	24896.304	24896.304	24896.504	24896.854
2	11	2	1	702	4	2	12	12	3	1	1	1	0.52535936	12	24898.342	24898.542	24898.542	24898.742	24899.067
2	11	2	1	703	4	2	12	13	1	1	1	1	0.8362923	13	24900.58	24900.78	24900.78	24900.98	24901.616
2	11	2	1	704	4	2	12	14	4	2	8	1	0.64723294	14	24902.818	24903.418	24903.418	24903.618	24904.065
2	11	2	1	705	4	2	12	15	3	1	1	1	0.71948009	15	24905.456	24905.656	24905.656	24905.856	24906.375
2	11	2	1	706	4	2	12	16	2	2	1	1	0.54075716	16	24907.694	24908.294	24908.294	24908.494	24908.835
2	11	2	1	707	4	2	12	17	4	1	1	0	0.55814374	16	24910.329	24910.529	24910.529	24910.729	24911.087
2	11	2	1	708	4	2	12	18	1	2	1	1	0.44746445	17	24912.568	24913.168	24913.168	24913.368	24913.616
2	11	2	1	709	4	2	12	19	5	2	8	1	0.46095847	18	24915.206	24915.806	24915.806	24916.006	24916.267
2	11	2	1	710	4	2	12	20	4	2	8	1	0.59780568	19	24917.844	24918.444	24918.444	24918.644	24919.042
2	11	2	1	711	4	2	12	21	2	2	1	1	0.51917541	20	24920.482	24921.082	24921.082	24921.282	24921.601
2	11	2	1	712	4	2	12	22	2	1	1	1	0.78775987	21	24923.118	24923.318	24923.318	24923.518	24924.106
2	11	2	1	713	4	2	12	23	1	1	1	1	0.71750389	22	24925.357	24925.557	24925.557	24925.757	24926.274
2	11	2	1	714	4	2	12	24	5	2	8	1	0.56306723	23	24927.595	24928.195	24928.195	24928.395	24928.758
2	11	2	1	715	4	2	12	25	6	2	8	1	0.53610341	24	24930.233	24930.833	24930.833	24931.033	24931.369
2	11	2	1	716	4	2	12	26	4	2	8	1	0.62718393	25	24932.872	24933.472	24933.472	24933.672	24934.099
2	11	2	1	717	4	2	12	27	3	2	1	1	0.55400713	26	24935.517	24936.117	24936.117	24936.317	24936.671
2	11	2	1	718	4	2	12	28	4	1	8	1	0.54568765	27	24938.156	24938.356	24938.356	24938.556	24938.901
2	11	2	1	719	4	2	12	29	6	1	8	1	0.57431127	28	24940.394	24940.594	24940.594	24940.794	24941.169
2	11	2	1	720	4	2	12	30	6	1	8	1	0.60064016	29	24942.633	24942.833	24942.833	24943.033	24943.434
