48	30	220	151	255	36	119	65	0	0	0	0	0	0	0	0	0	0	0	0
1	38	2	2	1	1	2	1	1	6	2	8	1	0.69241953	1	16790.009	16790.609	16790.609	16790.809	16791.301
1	38	2	2	2	1	2	1	2	4	1	8	1	0.73963443	2	16792.626	16792.826	16792.826	16793.026	16793.566
1	38	2	2	3	1	2	1	3	2	1	1	1	0.72037621	3	16794.837	16795.037	16795.037	16795.237	16795.757
1	38	2	2	4	1	2	1	4	6	2	8	1	0.55992408	4	16797.046	16797.646	16797.646	16797.846	16798.206
1	38	2	2	5	1	2	1	5	4	1	8	1	0.59218804	5	16799.653	16799.853	16799.853	16800.053	16800.445
1	38	2	2	6	1	2	1	6	3	2	1	1	0.54716814	6	16801.861	16802.461	16802.461	16802.661	16803.008
1	38	2	2	7	1	2	1	7	1	1	1	1	0.63306182	7	16804.47	16804.67	16804.67	16804.87	16805.303
1	38	2	2	8	1	2	1	8	5	2	8	1	0.53767326	8	16806.677	16807.277	16807.277	16807.477	16807.815
1	38	2	2	9	1	2	1	9	2	2	1	1	0.52864401	9	16809.284	16809.884	16809.884	16810.084	16810.412
1	38	2	2	10	1	2	1	10	2	2	8	0	0.40137635	9	16811.891	16812.491	16812.491	16812.691	16812.892
1	38	2	2	11	1	2	1	11	1	1	1	1	0.56524451	10	16814.811	16815.011	16815.011	16815.211	16815.576
1	38	2	2	12	1	2	1	12	3	1	1	1	0.43395549	11	16817.019	16817.219	16817.219	16817.419	16817.653
1	38	2	2	13	1	2	1	13	6	2	8	1	0.55825207	12	16819.225	16819.825	16819.825	16820.025	16820.383
1	38	2	2	14	1	2	1	14	2	2	1	1	0.52586192	13	16821.832	16822.432	16822.432	16822.632	16822.958
1	38	2	2	15	1	2	1	15	6	1	8	1	0.50981386	14	16824.439	16824.639	16824.639	16824.839	16825.149
1	38	2	2	16	1	2	1	16	1	2	1	1	0.49827822	15	16826.647	16827.247	16827.247	16827.447	16827.745
1	38	2	2	17	1	2	1	17	5	2	8	1	0.50378071	16	16829.254	16829.854	16829.854	16830.054	16830.358
1	38	2	2	18	1	2	1	18	2	1	1	1	0.50768558	17	16831.861	16832.061	16832.061	16832.261	16832.569
1	38	2	2	19	1	2	1	19	1	1	1	1	0.5523252	18	16834.069	16834.269	16834.269	16834.469	16834.821
1	38	2	2	20	1	2	1	20	3	1	1	1	0.44046728	19	16836.277	16836.477	16836.477	16836.677	16836.917
1	38	2	2	21	1	2	1	21	4	2	8	1	0.4827764	20	16838.484	16839.084	16839.084	16839.284	16839.567
1	38	2	2	22	1	2	1	22	3	2	1	1	0.56400646	21	16841.091	16841.691	16841.691	16841.891	16842.255
1	38	2	2	23	1	2	1	23	1	1	1	1	0.45399753	22	16843.697	16843.897	16843.897	16844.097	16844.351
1	38	2	2	24	1	2	1	24	4	2	8	1	0.39704875	23	16845.905	16846.505	16846.505	16846.705	16846.902
1	38	2	2	25	1	2	1	25	5	2	8	1	0.41617623	24	16848.513	16849.113	16849.113	16849.313	16849.529
1	38	2	2	26	1	2	1	26	6	1	8	1	0.469866	25	16851.122	16851.322	16851.322	16851.522	16851.792
1	38	2	2	27	1	2	1	27	5	1	8	1	0.44325553	26	16853.331	16853.531	16853.531	16853.731	16853.974
1	38	2	2	28	1	2	1	28	4	1	8	1	0.46044465	27	16855.538	16855.738	16855.738	16855.938	16856.199
1	38	2	2	29	1	2	1	29	3	2	1	1	0.41285981	28	16857.746	16858.346	16858.347	16858.547	16858.759
1	38	2	2	30	1	2	1	30	5	1	8	1	0.57023309	29	16860.355	16860.555	16860.555	16860.755	16861.125
1	38	2	2	31	1	6	1	1	5	2	3	0	1.9992955	0	16905.71	16906.311	16906.311	16906.511	16908.31
1	38	2	2	32	1	6	1	2	2	1	3	1	1.3306128	1	16908.627	16908.827	16908.827	16909.027	16910.158
1	38	2	2	33	1	6	1	3	6	1	7	1	1.8536977	2	16910.835	16911.035	16911.035	16911.235	16912.888
1	38	2	2	34	1	6	1	4	6	2	7	1	0.69789786	3	16913.043	16913.643	16913.643	16913.843	16914.341
1	38	2	2	35	1	6	1	5	4	1	5	1	1.1233658	4	16915.651	16915.851	16915.851	16916.051	16916.974
1	38	2	2	36	1	6	1	6	4	2	5	1	0.62090638	5	16917.859	16918.459	16918.459	16918.659	16919.08
1	38	2	2	37	1	6	1	7	1	1	2	1	0.99253966	6	16920.467	16920.667	16920.667	16920.867	16921.66
1	38	2	2	38	1	6	1	8	3	2	4	1	1.2960636	7	16922.676	16923.276	16923.276	16923.476	16924.572
1	38	2	2	39	1	6	1	9	2	2	3	1	1.3618818	8	16925.284	16925.884	16925.884	16926.084	16927.246
1	38	2	2	40	1	6	1	10	3	2	4	1	1.8488153	9	16927.892	16928.492	16928.492	16928.692	16930.341
1	38	2	2	41	1	6	1	11	2	1	3	1	1.2332436	10	16930.501	16930.701	16930.701	16930.901	16931.934
1	38	2	2	42	1	6	1	12	5	1	4	0	1.4485001	10	16932.708	16932.908	16932.908	16933.108	16934.356
1	38	2	2	43	1	6	1	13	1	2	2	1	1.5027355	11	16935.224	16935.824	16935.824	16936.024	16937.327
1	38	2	2	44	1	6	1	14	6	2	7	1	1.1858978	12	16937.832	16938.432	16938.432	16938.632	16939.618
1	38	2	2	45	1	6	1	15	3	1	4	1	1.7817011	13	16940.44	16940.64	16940.64	16940.84	16942.422
1	38	2	2	46	1	6	1	16	6	2	7	1	1.0489968	14	16942.647	16943.247	16943.247	16943.447	16944.296
1	38	2	2	47	1	6	1	17	3	2	4	1	1.2211877	15	16945.256	16945.856	16945.856	16946.056	16947.077
1	38	2	2	48	1	6	1	18	4	1	5	1	0.80285353	16	16947.863	16948.063	16948.063	16948.263	16948.866
1	38	2	2	49	1	6	1	19	2	1	3	1	1.2263811	17	16950.072	16950.272	16950.272	16950.472	16951.498
1	38	2	2	50	1	6	1	20	4	1	5	1	1.1105347	18	16952.28	16952.481	16952.481	16952.681	16953.591
1	38	2	2	51	1	6	1	21	1	2	2	1	1.1013749	19	16954.49	16955.09	16955.09	16955.29	16956.191
1	38	2	2	52	1	6	1	22	5	2	6	1	0.78380759	20	16957.164	16957.764	16957.764	16957.964	16958.548
1	38	2	2	53	1	6	1	23	3	1	4	1	1.1596176	21	16959.773	16959.973	16959.973	16960.173	16961.133
1	38	2	2	54	1	6	1	24	6	2	7	1	1.4368591	22	16961.982	16962.582	16962.582	16962.782	16964.019
1	38	2	2	55	1	6	1	25	1	2	2	1	1.0164952	23	16964.591	16965.191	16965.191	16965.391	16966.207
1	38	2	2	56	1	6	1	26	2	1	3	1	1.1104137	24	16967.2	16967.4	16967.4	16967.6	16968.511
1	38	2	2	57	1	6	1	27	5	1	6	1	1.8445558	25	16969.409	16969.609	16969.609	16969.809	16971.454
1	38	2	2	58	1	6	1	28	1	1	2	1	1.8184683	26	16971.618	16971.818	16971.818	16972.018	16973.637
1	38	2	2	59	1	6	1	29	4	2	5	1	1.1031709	27	16973.827	16974.427	16974.427	16974.627	16975.531
1	38	2	2	60	1	6	1	30	5	1	6	1	1.4098922	28	16976.435	16976.635	16976.635	16976.835	16978.045
1	38	2	2	61	1	2	2	1	4	2	8	1	0.5621507	1	16988.981	16989.581	16989.581	16989.781	16990.143
1	38	2	2	62	1	2	2	2	5	1	8	1	0.48899972	2	16991.591	16991.791	16991.791	16991.991	16992.28
1	38	2	2	63	1	2	2	3	3	1	1	1	0.47704372	3	16993.8	16994	16994	16994.2	16994.477
1	38	2	2	64	1	2	2	4	2	2	1	1	0.46924755	4	16996.008	16996.608	16996.608	16996.809	16997.078
1	38	2	2	65	1	2	2	5	5	1	8	1	0.54225318	5	16998.619	16998.819	16998.819	16999.019	16999.361
1	38	2	2	66	1	2	2	6	1	2	1	1	0.46297454	6	17000.828	17001.428	17001.428	17001.628	17001.891
1	38	2	2	67	1	2	2	7	5	1	8	1	0.56297703	7	17003.438	17003.638	17003.638	17003.838	17004.201
1	38	2	2	68	1	2	2	8	2	2	1	1	0.41450518	8	17005.648	17006.248	17006.248	17006.448	17006.663
1	38	2	2	69	1	2	2	9	3	2	1	1	0.46571152	9	17008.259	17008.859	17008.859	17009.059	17009.324
1	38	2	2	70	1	2	2	10	5	2	8	1	0.50478555	10	17010.869	17011.469	17011.469	17011.669	17011.974
1	38	2	2	71	1	2	2	11	3	1	1	1	0.40698847	11	17013.479	17013.679	17013.679	17013.879	17014.086
1	38	2	2	72	1	2	2	12	1	1	1	1	0.55729364	12	17015.689	17015.889	17015.889	17016.089	17016.447
1	38	2	2	73	1	2	2	13	6	2	8	1	0.46087614	13	17017.899	17018.499	17018.499	17018.699	17018.96
1	38	2	2	74	1	2	2	14	2	2	1	1	0.5201145	14	17020.51	17021.11	17021.11	17021.31	17021.63
1	38	2	2	75	1	2	2	15	2	1	1	1	0.54882859	15	17023.232	17023.432	17023.432	17023.632	17023.981
1	38	2	2	76	1	2	2	16	1	2	1	1	0.563443	16	17025.441	17026.041	17026.041	17026.241	17026.605
1	38	2	2	77	1	2	2	17	4	2	8	1	0.447051	17	17028.052	17028.652	17028.652	17028.852	17029.099
1	38	2	2	78	1	2	2	18	6	1	8	1	0.49040507	18	17030.662	17030.862	17030.862	17031.062	17031.353
1	38	2	2	79	1	2	2	19	4	1	8	1	0.56611723	19	17032.873	17033.073	17033.073	17033.273	17033.639
1	38	2	2	80	1	2	2	20	1	1	1	1	0.50137637	20	17035.083	17035.283	17035.283	17035.483	17035.785
1	38	2	2	81	1	2	2	21	1	2	1	1	0.48895474	21	17037.294	17037.894	17037.894	17038.094	17038.383
1	38	2	2	82	1	2	2	22	6	2	8	1	0.4724697	22	17039.904	17040.504	17040.504	17040.704	17040.977
1	38	2	2	83	1	2	2	23	6	1	8	1	0.5644096	23	17042.515	17042.715	17042.715	17042.915	17043.279
1	38	2	2	84	1	2	2	24	3	2	1	1	0.47391075	24	17044.723	17045.323	17045.323	17045.523	17045.797
1	38	2	2	85	1	2	2	25	4	2	8	1	0.47504965	25	17047.334	17047.934	17047.934	17048.134	17048.409
1	38	2	2	86	1	2	2	26	5	1	8	1	0.55162045	26	17049.945	17050.145	17050.145	17050.345	17050.697
1	38	2	2	87	1	2	2	27	4	1	8	1	0.46871027	27	17052.156	17052.356	17052.356	17052.556	17052.825
1	38	2	2	88	1	2	2	28	2	1	8	0	0.39821069	27	17054.367	17054.567	17054.567	17054.767	17054.965
1	38	2	2	89	1	2	2	29	3	2	1	1	0.51894665	28	17056.878	17057.479	17057.479	17057.679	17057.997
1	38	2	2	90	1	2	2	30	6	1	8	1	0.5086554	29	17059.49	17059.69	17059.69	17059.89	17060.198
1	38	2	2	91	1	6	2	1	1	2	2	1	0.73056692	1	17070.809	17071.409	17071.409	17071.609	17072.14
1	38	2	2	92	1	6	2	2	3	1	4	1	0.88147151	2	17073.421	17073.621	17073.621	17073.821	17074.502
1	38	2	2	93	1	6	2	3	6	1	7	1	0.89477944	3	17075.632	17075.832	17075.832	17076.032	17076.727
1	38	2	2	94	1	6	2	4	6	2	7	1	0.65824065	4	17077.843	17078.443	17078.443	17078.643	17079.102
1	38	2	2	95	1	6	2	5	4	1	5	1	0.80663658	5	17080.454	17080.654	17080.654	17080.854	17081.461
1	38	2	2	96	1	6	2	6	3	2	4	1	0.66547579	6	17082.667	17083.267	17083.267	17083.467	17083.933
1	38	2	2	97	1	6	2	7	5	1	6	1	0.68135153	7	17085.279	17085.479	17085.479	17085.679	17086.16
1	38	2	2	98	1	6	2	8	4	2	5	1	1.0688591	8	17087.49	17088.09	17088.09	17088.29	17089.159
1	38	2	2	99	1	6	2	9	4	2	5	1	0.60973575	9	17090.1	17090.7	17090.7	17090.9	17091.31
1	38	2	2	100	1	6	2	10	2	2	3	1	0.75059185	10	17092.712	17093.312	17093.312	17093.512	17094.062
1	38	2	2	101	1	6	2	11	5	1	6	1	0.95567547	11	17095.323	17095.523	17095.523	17095.723	17096.479
1	38	2	2	102	1	6	2	12	5	1	6	1	0.64128706	12	17097.535	17097.735	17097.735	17097.935	17098.376
1	38	2	2	103	1	6	2	13	2	2	3	1	1.0353932	13	17099.747	17100.347	17100.347	17100.547	17101.382
1	38	2	2	104	1	6	2	14	5	2	6	1	0.99769352	14	17102.359	17102.959	17102.959	17103.159	17103.957
1	38	2	2	105	1	6	2	15	3	1	4	1	0.96241475	15	17104.971	17105.171	17105.171	17105.371	17106.133
1	38	2	2	106	1	6	2	16	1	2	2	1	0.83318038	16	17107.181	17107.781	17107.781	17107.981	17108.614
1	38	2	2	107	1	6	2	17	6	2	7	1	0.54102171	17	17109.793	17110.393	17110.393	17110.593	17110.934
1	38	2	2	108	1	6	2	18	3	1	4	1	0.85777693	18	17112.405	17112.605	17112.605	17112.805	17113.463
1	38	2	2	109	1	6	2	19	3	1	4	1	0.57996879	19	17114.617	17114.817	17114.817	17115.017	17115.397
1	38	2	2	110	1	6	2	20	1	1	2	1	0.78518984	20	17116.831	17117.031	17117.031	17117.231	17117.816
1	38	2	2	111	1	6	2	21	4	2	5	1	0.86917124	21	17119.043	17119.643	17119.643	17119.843	17120.512
1	38	2	2	112	1	6	2	22	1	2	2	1	0.81770822	22	17121.655	17122.255	17122.255	17122.455	17123.073
1	38	2	2	113	1	6	2	23	2	1	3	1	0.66583326	23	17124.267	17124.467	17124.467	17124.667	17125.133
1	38	2	2	114	1	6	2	24	6	2	7	1	0.69320085	24	17126.48	17127.08	17127.08	17127.28	17127.773
1	38	2	2	115	1	6	2	25	2	2	3	1	0.78630821	25	17129.092	17129.692	17129.692	17129.892	17130.478
1	38	2	2	116	1	6	2	26	5	1	6	1	2.0001665	26	17131.704	17131.904	17131.904	17132.104	17133.904
1	38	2	2	117	1	6	2	27	4	1	5	1	1.2252914	27	17133.917	17134.117	17134.117	17134.317	17135.342
1	38	2	2	118	1	6	2	28	1	1	2	1	1.3359828	28	17136.127	17136.327	17136.327	17136.527	17137.662
1	38	2	2	119	1	6	2	29	6	2	7	1	0.96346394	29	17138.339	17138.939	17138.939	17139.139	17139.903
1	38	2	2	120	1	6	2	30	2	1	6	0	0.96068921	29	17140.952	17141.152	17141.152	17141.352	17142.112
1	38	2	2	121	1	2	3	1	2	2	1	1	0.53458815	1	17152.657	17153.257	17153.257	17153.457	17153.792
1	38	2	2	122	1	2	3	2	3	1	1	1	0.6032998	2	17155.269	17155.469	17155.469	17155.669	17156.073
1	38	2	2	123	1	2	3	3	1	1	1	1	0.4462669	3	17157.482	17157.682	17157.682	17157.882	17158.128
1	38	2	2	124	1	2	3	4	5	2	1	0	0.49482246	3	17159.694	17160.294	17160.294	17160.494	17160.789
1	38	2	2	125	1	2	3	5	1	1	1	1	0.69910517	4	17162.613	17162.813	17162.813	17163.013	17163.512
1	38	2	2	126	1	2	3	6	3	2	1	1	0.54885251	5	17164.823	17165.423	17165.423	17165.623	17165.972
1	38	2	2	127	1	2	3	7	3	1	1	1	0.50382678	6	17167.436	17167.636	17167.636	17167.836	17168.14
1	38	2	2	128	1	2	3	8	4	2	8	1	0.44388694	7	17169.649	17170.249	17170.249	17170.449	17170.693
1	38	2	2	129	1	2	3	9	5	2	8	1	0.39553928	8	17172.262	17172.862	17172.862	17173.062	17173.258
1	38	2	2	130	1	2	3	10	4	2	8	1	0.38465315	9	17174.872	17175.472	17175.472	17175.672	17175.857
1	38	2	2	131	1	2	3	11	6	1	8	1	0.44767157	10	17177.485	17177.685	17177.685	17177.885	17178.133
1	38	2	2	132	1	2	3	12	5	1	8	1	0.43081422	11	17179.696	17179.896	17179.896	17180.096	17180.327
1	38	2	2	133	1	2	3	13	6	2	8	1	0.49822683	12	17181.909	17182.509	17182.509	17182.709	17183.007
1	38	2	2	134	1	2	3	14	3	2	1	1	0.55799537	13	17184.522	17185.122	17185.122	17185.322	17185.68
1	38	2	2	135	1	2	3	15	6	1	8	1	0.46620624	14	17187.132	17187.332	17187.332	17187.532	17187.799
1	38	2	2	136	1	2	3	16	4	2	8	1	0.45418863	15	17189.346	17189.946	17189.946	17190.146	17190.4
1	38	2	2	137	1	2	3	17	2	2	1	1	0.50080575	16	17191.96	17192.56	17192.56	17192.76	17193.06
1	38	2	2	138	1	2	3	18	5	1	8	1	0.49966676	17	17194.573	17194.773	17194.773	17194.973	17195.273
1	38	2	2	139	1	2	3	19	2	1	1	1	0.47536274	18	17196.787	17196.987	17196.987	17197.187	17197.462
1	38	2	2	140	1	2	3	20	2	1	1	1	0.42995573	19	17199.001	17199.201	17199.201	17199.401	17199.631
1	38	2	2	141	1	2	3	21	4	2	8	1	0.4753107	20	17201.214	17201.814	17201.814	17202.014	17202.289
1	38	2	2	142	1	2	3	22	1	2	1	1	0.43609282	21	17203.827	17204.427	17204.427	17204.627	17204.863
1	38	2	2	143	1	2	3	23	2	1	1	1	0.51875729	22	17206.439	17206.639	17206.639	17206.839	17207.158
1	38	2	2	144	1	2	3	24	6	2	8	1	0.45909543	23	17208.652	17209.252	17209.252	17209.452	17209.711
1	38	2	2	145	1	2	3	25	6	2	8	1	0.42888401	24	17211.266	17211.866	17211.866	17212.066	17212.295
1	38	2	2	146	1	2	3	26	5	1	8	1	0.44730192	25	17213.879	17214.079	17214.079	17214.279	17214.527
1	38	2	2	147	1	2	3	27	1	1	1	1	0.45763834	26	17216.093	17216.293	17216.293	17216.493	17216.75
1	38	2	2	148	1	2	3	28	1	1	1	1	0.43878302	27	17218.305	17218.505	17218.505	17218.705	17218.943
1	38	2	2	149	1	2	3	29	3	2	1	1	0.40888645	28	17220.518	17221.118	17221.118	17221.318	17221.527
1	38	2	2	150	1	2	3	30	4	1	8	1	0.57142489	29	17223.131	17223.331	17223.331	17223.531	17223.902
1	38	2	2	151	1	6	3	1	4	2	5	1	0.92509581	1	17234.144	17234.744	17234.744	17234.944	17235.67
1	38	2	2	152	1	6	3	2	6	1	7	1	0.62014883	2	17236.756	17236.956	17236.956	17237.156	17237.576
1	38	2	2	153	1	6	3	3	6	1	7	1	0.57416782	3	17238.969	17239.169	17239.169	17239.369	17239.744
1	38	2	2	154	1	6	3	4	6	2	7	1	0.55309922	4	17241.183	17241.783	17241.783	17241.983	17242.336
1	38	2	2	155	1	6	3	5	1	1	2	1	0.87186625	5	17243.797	17243.997	17243.997	17244.197	17244.869
1	38	2	2	156	1	6	3	6	5	2	6	1	0.99782114	6	17246.011	17246.611	17246.611	17246.811	17247.608
1	38	2	2	157	1	6	3	7	3	1	4	1	0.78187156	7	17248.624	17248.824	17248.824	17249.024	17249.606
1	38	2	2	158	1	6	3	8	3	2	4	1	0.67140984	8	17250.839	17251.439	17251.439	17251.639	17252.11
1	38	2	2	159	1	6	3	9	3	2	4	1	0.5919002	9	17253.453	17254.053	17254.053	17254.253	17254.645
1	38	2	2	160	1	6	3	10	2	2	3	1	0.61722714	10	17256.067	17256.667	17256.667	17256.867	17257.284
1	38	2	2	161	1	6	3	11	5	1	6	1	1.2798247	11	17258.681	17258.881	17258.881	17259.081	17260.161
1	38	2	2	162	1	6	3	12	5	1	6	1	0.76905445	12	17260.895	17261.095	17261.095	17261.295	17261.864
1	38	2	2	163	1	6	3	13	1	2	2	1	0.73976343	13	17263.109	17263.709	17263.709	17263.909	17264.449
1	38	2	2	164	1	6	3	14	1	2	2	1	0.61178675	14	17265.724	17266.324	17266.324	17266.524	17266.935
1	38	2	2	165	1	6	3	15	3	1	4	1	1.6830595	15	17268.338	17268.538	17268.538	17268.738	17270.221
1	38	2	2	166	1	6	3	16	3	2	4	1	0.59659032	16	17270.553	17271.153	17271.153	17271.353	17271.749
1	38	2	2	167	1	6	3	17	2	2	3	1	0.75646414	17	17273.164	17273.764	17273.764	17273.964	17274.521
1	38	2	2	168	1	6	3	18	5	1	6	1	0.79003836	18	17275.775	17275.975	17275.975	17276.175	17276.765
1	38	2	2	169	1	6	3	19	6	1	7	1	0.68037402	19	17277.99	17278.19	17278.19	17278.39	17278.871
1	38	2	2	170	1	6	3	20	4	1	5	1	0.96982534	20	17280.203	17280.403	17280.403	17280.603	17281.372
1	38	2	2	171	1	6	3	21	2	2	3	1	0.87359381	21	17282.418	17283.018	17283.018	17283.218	17283.892
1	38	2	2	172	1	6	3	22	2	2	3	1	0.59933159	22	17285.032	17285.632	17285.632	17285.832	17286.231
1	38	2	2	173	1	6	3	23	4	1	5	1	0.84183091	23	17287.646	17287.846	17287.846	17288.046	17288.688
1	38	2	2	174	1	6	3	24	1	2	2	1	1.0493741	24	17289.861	17290.461	17290.461	17290.661	17291.511
1	38	2	2	175	1	6	3	25	6	2	7	1	0.85251752	25	17292.476	17293.076	17293.076	17293.276	17293.929
1	38	2	2	176	1	6	3	26	1	1	2	1	0.78714241	26	17295.091	17295.291	17295.291	17295.491	17296.078
1	38	2	2	177	1	6	3	27	4	1	5	1	0.80397566	27	17297.305	17297.505	17297.505	17297.705	17298.309
1	38	2	2	178	1	6	3	28	4	1	5	1	0.54421025	28	17299.534	17299.734	17299.734	17299.934	17300.279
1	38	2	2	179	1	6	3	29	2	2	3	1	0.69735645	29	17301.749	17302.349	17302.349	17302.549	17303.046
1	38	2	2	180	1	6	3	30	5	1	6	1	0.83543641	30	17304.364	17304.564	17304.564	17304.764	17305.4
1	38	2	2	181	2	2	4	1	4	2	8	1	0.56648269	1	17592.304	17592.904	17592.904	17593.104	17593.47
1	38	2	2	182	2	2	4	2	3	1	1	1	0.49442768	2	17594.919	17595.12	17595.12	17595.32	17595.614
1	38	2	2	183	2	2	4	3	5	1	8	1	0.45710078	3	17597.135	17597.335	17597.335	17597.535	17597.792
1	38	2	2	184	2	2	4	4	4	2	8	1	0.64989843	4	17599.349	17599.949	17599.949	17600.149	17600.599
1	38	2	2	185	2	2	4	5	3	1	1	1	0.5386156	5	17601.965	17602.165	17602.165	17602.365	17602.703
1	38	2	2	186	2	2	4	6	2	2	1	1	0.46145286	6	17604.177	17604.777	17604.777	17604.977	17605.239
1	38	2	2	187	2	2	4	7	1	1	1	1	0.53360787	7	17606.793	17606.993	17606.993	17607.193	17607.526
1	38	2	2	188	2	2	4	8	3	2	1	1	0.45749458	8	17609.006	17609.606	17609.606	17609.806	17610.064
1	38	2	2	189	2	2	4	9	1	2	1	1	0.57640953	9	17611.622	17612.222	17612.222	17612.422	17612.799
1	38	2	2	190	2	2	4	10	4	2	8	1	0.39472011	10	17614.238	17614.838	17614.838	17615.038	17615.233
1	38	2	2	191	2	2	4	11	6	1	8	1	0.4914804	11	17616.853	17617.053	17617.053	17617.253	17617.545
1	38	2	2	192	2	2	4	12	6	1	8	1	0.43247386	12	17619.069	17619.269	17619.269	17619.469	17619.702
1	38	2	2	193	2	2	4	13	2	2	1	1	0.53443115	13	17621.282	17621.882	17621.882	17622.082	17622.416
1	38	2	2	194	2	2	4	14	1	2	1	1	0.42240399	14	17623.895	17624.495	17624.495	17624.695	17624.917
1	38	2	2	195	2	2	4	15	6	1	8	1	0.47087951	15	17626.511	17626.711	17626.711	17626.911	17627.181
1	38	2	2	196	2	2	4	16	3	2	8	0	0.37568452	15	17628.727	17629.327	17629.327	17629.527	17629.702
1	38	2	2	197	2	2	4	17	2	2	1	1	0.56875079	16	17631.342	17631.942	17631.942	17632.142	17632.511
1	38	2	2	198	2	2	4	18	5	1	8	1	0.52210984	17	17633.958	17634.158	17634.158	17634.358	17634.68
1	38	2	2	199	2	2	4	19	3	1	1	1	0.51067403	18	17636.174	17636.374	17636.374	17636.574	17636.884
1	38	2	2	200	2	2	4	20	5	1	8	1	0.50731002	19	17638.387	17638.587	17638.587	17638.787	17639.095
1	38	2	2	201	2	2	4	21	4	2	8	1	0.70907986	20	17640.604	17641.204	17641.204	17641.404	17641.913
1	38	2	2	202	2	2	4	22	5	2	8	1	0.55537324	21	17643.22	17643.82	17643.82	17644.02	17644.375
1	38	2	2	203	2	2	4	23	2	1	1	1	0.53680864	22	17645.836	17646.036	17646.036	17646.236	17646.573
1	38	2	2	204	2	2	4	24	6	2	8	1	0.52402113	23	17648.052	17648.652	17648.652	17648.852	17649.176
1	38	2	2	205	2	2	4	25	1	2	1	1	0.45757199	24	17650.668	17651.268	17651.268	17651.468	17651.725
1	38	2	2	206	2	2	4	26	6	1	8	1	0.49145598	25	17653.284	17653.484	17653.484	17653.684	17653.975
1	38	2	2	207	2	2	4	27	5	1	8	1	0.57229067	26	17655.5	17655.7	17655.7	17655.9	17656.272
1	38	2	2	208	2	2	4	28	2	1	1	1	0.49594468	27	17657.717	17657.917	17657.917	17658.117	17658.412
1	38	2	2	209	2	2	4	29	1	2	1	1	0.53242677	28	17659.93	17660.53	17660.53	17660.73	17661.063
1	38	2	2	210	2	2	4	30	4	1	8	1	0.55908706	29	17662.544	17662.744	17662.744	17662.944	17663.303
1	38	2	2	211	2	6	4	1	4	2	5	1	0.86457079	1	17692.823	17693.423	17693.423	17693.623	17694.287
1	38	2	2	212	2	6	4	2	3	1	4	1	0.76481228	2	17695.44	17695.64	17695.64	17695.84	17696.405
1	38	2	2	213	2	6	4	3	5	1	6	1	1.2288233	3	17697.656	17697.856	17697.856	17698.056	17699.085
1	38	2	2	214	2	6	4	4	3	2	4	1	0.78021813	4	17699.873	17700.473	17700.473	17700.673	17701.253
1	38	2	2	215	2	6	4	5	4	1	5	1	0.63732157	5	17702.488	17702.688	17702.688	17702.888	17703.326
1	38	2	2	216	2	6	4	6	1	2	2	1	0.61529192	6	17704.705	17705.305	17705.305	17705.505	17705.921
1	38	2	2	217	2	6	4	7	2	1	3	1	0.46593524	7	17707.322	17707.522	17707.522	17707.722	17707.988
1	38	2	2	218	2	6	4	8	5	2	6	1	0.69410177	8	17709.539	17710.139	17710.139	17710.339	17710.833
1	38	2	2	219	2	6	4	9	4	2	5	1	0.78040287	9	17712.152	17712.752	17712.752	17712.952	17713.533
1	38	2	2	220	2	6	4	10	3	2	4	1	0.4781702	10	17714.77	17715.37	17715.37	17715.57	17715.848
1	38	2	2	221	2	6	4	11	2	1	3	1	0.65180041	11	17717.383	17717.583	17717.583	17717.783	17718.235
1	38	2	2	222	2	6	4	12	6	1	6	0	0.51157916	11	17719.6	17719.8	17719.8	17720	17720.312
1	38	2	2	223	2	6	4	13	4	2	5	1	1.0283418	12	17721.818	17722.418	17722.418	17722.618	17723.446
1	38	2	2	224	2	6	4	14	2	2	3	1	0.75637207	13	17724.435	17725.035	17725.035	17725.235	17725.792
1	38	2	2	225	2	6	4	15	2	1	3	1	0.59303846	14	17727.053	17727.253	17727.253	17727.453	17727.846
1	38	2	2	226	2	6	4	16	3	2	4	1	1.0394039	15	17729.27	17729.87	17729.87	17730.07	17730.91
1	38	2	2	227	2	6	4	17	2	2	3	1	0.67381371	16	17731.981	17732.581	17732.581	17732.781	17733.255
1	38	2	2	228	2	6	4	18	5	1	6	1	0.75206526	17	17734.6	17734.8	17734.8	17735	17735.552
1	38	2	2	229	2	6	4	19	1	1	2	1	0.75662488	18	17736.817	17737.017	17737.017	17737.217	17737.774
1	38	2	2	230	2	6	4	20	6	1	7	1	0.66045781	19	17739.033	17739.233	17739.233	17739.433	17739.893
1	38	2	2	231	2	6	4	21	5	2	6	1	1.3023401	20	17741.247	17741.847	17741.847	17742.047	17743.15
1	38	2	2	232	2	6	4	22	6	2	7	1	0.75411573	21	17743.863	17744.463	17744.463	17744.663	17745.217
1	38	2	2	233	2	6	4	23	1	1	2	1	0.68876363	22	17746.478	17746.678	17746.678	17746.878	17747.367
1	38	2	2	234	2	6	4	24	6	2	7	1	0.74753812	23	17748.697	17749.297	17749.297	17749.497	17750.045
1	38	2	2	235	2	6	4	25	5	2	6	1	0.50046607	24	17751.315	17751.915	17751.915	17752.115	17752.415
1	38	2	2	236	2	6	4	26	1	1	2	1	0.75160617	25	17753.934	17754.134	17754.134	17754.334	17754.885
1	38	2	2	237	2	6	4	27	6	1	7	1	0.8012279	26	17756.148	17756.348	17756.348	17756.548	17757.149
1	38	2	2	238	2	6	4	28	4	1	5	1	0.97041318	27	17758.366	17758.566	17758.566	17758.766	17759.537
1	38	2	2	239	2	6	4	29	1	2	2	1	0.82045124	28	17760.584	17761.184	17761.184	17761.384	17762.004
1	38	2	2	240	2	6	4	30	3	1	4	1	0.93901988	29	17763.202	17763.402	17763.402	17763.602	17764.341
1	38	2	2	241	2	2	5	1	4	2	8	1	0.52498988	1	17793.492	17794.092	17794.092	17794.292	17794.617
1	38	2	2	242	2	2	5	2	3	1	1	1	0.62400456	2	17796.111	17796.311	17796.311	17796.511	17796.935
1	38	2	2	243	2	2	5	3	5	1	8	1	0.47568117	3	17798.33	17798.53	17798.53	17798.73	17799.006
1	38	2	2	244	2	2	5	4	5	2	8	1	0.42516733	4	17800.548	17801.148	17801.148	17801.348	17801.573
1	38	2	2	245	2	2	5	5	6	1	8	1	0.50363594	5	17803.167	17803.367	17803.367	17803.567	17803.871
1	38	2	2	246	2	2	5	6	2	2	1	1	0.47094636	6	17805.385	17805.985	17805.985	17806.185	17806.456
1	38	2	2	247	2	2	5	7	2	1	1	1	0.41187774	7	17808.004	17808.204	17808.204	17808.404	17808.615
1	38	2	2	248	2	2	5	8	4	2	8	1	0.61928534	8	17810.221	17810.821	17810.821	17811.021	17811.441
1	38	2	2	249	2	2	5	9	2	2	1	1	0.52452395	9	17812.84	17813.44	17813.44	17813.64	17813.965
1	38	2	2	250	2	2	5	10	4	2	8	1	0.51668776	10	17815.458	17816.058	17816.058	17816.258	17816.575
1	38	2	2	251	2	2	5	11	5	1	8	1	0.5038155	11	17818.077	17818.277	17818.277	17818.477	17818.781
1	38	2	2	252	2	2	5	12	4	1	8	1	0.43994546	12	17820.295	17820.495	17820.495	17820.695	17820.935
1	38	2	2	253	2	2	5	13	6	2	8	1	0.47572764	13	17822.514	17823.114	17823.114	17823.314	17823.589
1	38	2	2	254	2	2	5	14	1	2	1	1	0.46033557	14	17825.13	17825.73	17825.73	17825.93	17826.19
1	38	2	2	255	2	2	5	15	3	1	1	1	0.40973846	15	17827.749	17827.949	17827.949	17828.149	17828.358
1	38	2	2	256	2	2	5	16	5	2	8	1	0.59197185	16	17829.968	17830.568	17830.568	17830.768	17831.16
1	38	2	2	257	2	2	5	17	2	2	1	1	0.55394143	17	17832.583	17833.183	17833.183	17833.383	17833.737
1	38	2	2	258	2	2	5	18	5	1	8	1	0.46831559	18	17835.202	17835.402	17835.402	17835.602	17835.87
1	38	2	2	259	2	2	5	19	1	1	1	1	0.46300977	19	17837.418	17837.618	17837.618	17837.818	17838.081
1	38	2	2	260	2	2	5	20	1	1	1	1	0.43599603	20	17839.633	17839.833	17839.833	17840.033	17840.269
1	38	2	2	261	2	2	5	21	3	2	1	1	0.49984906	21	17841.853	17842.453	17842.453	17842.653	17842.953
1	38	2	2	262	2	2	5	22	6	2	8	1	0.45038814	22	17844.474	17845.074	17845.074	17845.274	17845.525
1	38	2	2	263	2	2	5	23	6	1	8	1	0.43218835	23	17847.093	17847.293	17847.293	17847.493	17847.725
1	38	2	2	264	2	2	5	24	4	2	8	1	0.49210074	24	17849.314	17849.914	17849.914	17850.114	17850.406
1	38	2	2	265	2	2	5	25	1	2	1	1	0.45952446	25	17851.933	17852.533	17852.533	17852.733	17852.993
1	38	2	2	266	2	2	5	26	1	1	1	1	0.48710788	26	17854.553	17854.753	17854.753	17854.953	17855.24
1	38	2	2	267	2	2	5	27	3	1	1	1	0.5235069	27	17856.772	17856.972	17856.972	17857.172	17857.496
1	38	2	2	268	2	2	5	28	6	1	8	1	0.43878099	28	17858.991	17859.191	17859.191	17859.391	17859.63
1	38	2	2	269	2	2	5	29	2	2	1	1	0.58226196	29	17861.207	17861.807	17861.807	17862.007	17862.39
1	38	2	2	270	2	2	5	30	3	1	1	1	0.63362992	30	17863.827	17864.027	17864.027	17864.227	17864.661
1	38	2	2	271	2	6	5	1	3	2	4	1	1.2252836	1	17894.111	17894.711	17894.711	17894.911	17895.936
1	38	2	2	272	2	6	5	2	6	1	7	1	0.82755654	2	17896.731	17896.931	17896.931	17897.131	17897.758
1	38	2	2	273	2	6	5	3	1	1	2	1	0.73724963	3	17898.95	17899.15	17899.15	17899.35	17899.887
1	38	2	2	274	2	6	5	4	4	2	5	1	0.76441543	4	17901.169	17901.769	17901.769	17901.969	17902.534
1	38	2	2	275	2	6	5	5	2	1	3	1	0.89155446	5	17903.785	17903.985	17903.985	17904.185	17904.877
1	38	2	2	276	2	6	5	6	5	2	6	1	0.83776409	6	17906.007	17906.607	17906.607	17906.807	17907.445
1	38	2	2	277	2	6	5	7	6	1	7	1	0.71554077	7	17908.627	17908.827	17908.827	17909.027	17909.542
1	38	2	2	278	2	6	5	8	2	2	3	1	0.73658301	8	17910.846	17911.446	17911.446	17911.646	17912.183
1	38	2	2	279	2	6	5	9	5	2	6	1	0.85462498	9	17913.466	17914.066	17914.066	17914.266	17914.92
1	38	2	2	280	2	6	5	10	1	2	2	1	0.88816669	10	17916.085	17916.685	17916.685	17916.885	17917.574
1	38	2	2	281	2	6	5	11	2	1	3	1	1.2204704	11	17918.705	17918.905	17918.905	17919.105	17920.126
1	38	2	2	282	2	6	5	12	3	1	4	1	0.88355625	12	17920.925	17921.125	17921.125	17921.325	17922.009
1	38	2	2	283	2	6	5	13	3	2	4	1	0.67040038	13	17923.145	17923.745	17923.745	17923.945	17924.416
1	38	2	2	284	2	6	5	14	2	2	3	1	0.96903831	14	17925.765	17926.365	17926.365	17926.565	17927.334
1	38	2	2	285	2	6	5	15	6	1	7	1	0.67755023	15	17928.385	17928.585	17928.585	17928.785	17929.262
1	38	2	2	286	2	6	5	16	4	2	5	1	0.80863472	16	17930.605	17931.205	17931.205	17931.405	17932.014
1	38	2	2	287	2	6	5	17	6	2	7	1	0.76222054	17	17933.222	17933.822	17933.822	17934.022	17934.584
1	38	2	2	288	2	6	5	18	2	1	3	1	1.300752	18	17935.844	17936.044	17936.044	17936.244	17937.345
1	38	2	2	289	2	6	5	19	5	1	6	1	0.61635866	19	17938.064	17938.264	17938.264	17938.464	17938.88
1	38	2	2	290	2	6	5	20	4	1	5	1	0.92064072	20	17940.284	17940.484	17940.484	17940.684	17941.405
1	38	2	2	291	2	6	5	21	5	2	6	1	0.73408883	21	17942.505	17943.105	17943.105	17943.305	17943.839
1	38	2	2	292	2	6	5	22	1	2	2	1	0.68935334	22	17945.221	17945.821	17945.821	17946.021	17946.51
1	38	2	2	293	2	6	5	23	4	1	5	1	0.76691826	23	17947.842	17948.042	17948.042	17948.242	17948.809
1	38	2	2	294	2	6	5	24	1	2	2	1	0.88816375	24	17950.062	17950.662	17950.662	17950.862	17951.55
1	38	2	2	295	2	6	5	25	3	2	4	1	0.75508842	25	17952.683	17953.283	17953.283	17953.483	17954.038
1	38	2	2	296	2	6	5	26	1	1	2	1	0.99216914	26	17955.303	17955.503	17955.503	17955.703	17956.495
1	38	2	2	297	2	6	5	27	5	1	7	0	0.65265562	26	17957.524	17957.724	17957.724	17957.924	17958.376
1	38	2	2	298	2	6	5	28	6	1	6	0	0.67974502	26	17959.744	17959.944	17959.944	17960.144	17960.624
1	38	2	2	299	2	6	5	29	3	2	4	1	0.89256718	27	17961.964	17962.564	17962.564	17962.764	17963.457
1	38	2	2	300	2	6	5	30	4	1	5	1	0.58156712	28	17964.585	17964.785	17964.785	17964.985	17965.367
1	38	2	2	301	2	2	6	1	5	2	8	1	0.49805506	1	17994.87	17995.47	17995.47	17995.67	17995.968
1	38	2	2	302	2	2	6	2	4	1	8	1	0.50670416	2	17997.49	17997.69	17997.69	17997.89	17998.197
1	38	2	2	303	2	2	6	3	1	1	1	1	0.49786974	3	17999.708	17999.908	17999.908	18000.108	18000.406
1	38	2	2	304	2	2	6	4	6	2	8	1	0.46721232	4	18001.929	18002.529	18002.529	18002.729	18002.997
1	38	2	2	305	2	2	6	5	4	1	8	1	0.39618366	5	18004.553	18004.753	18004.753	18004.953	18005.149
1	38	2	2	306	2	2	6	6	1	2	1	1	0.60110183	6	18006.773	18007.373	18007.373	18007.573	18007.974
1	38	2	2	307	2	2	6	7	3	1	1	1	0.45922304	7	18009.394	18009.594	18009.594	18009.794	18010.053
1	38	2	2	308	2	2	6	8	3	2	1	1	0.40725995	8	18011.614	18012.214	18012.214	18012.414	18012.622
1	38	2	2	309	2	2	6	9	5	2	8	1	0.5517186	9	18014.304	18014.904	18014.904	18015.104	18015.456
1	38	2	2	310	2	2	6	10	3	2	1	1	0.52890977	10	18016.925	18017.525	18017.525	18017.725	18018.054
1	38	2	2	311	2	2	6	11	3	1	1	1	0.60620033	11	18019.544	18019.744	18019.744	18019.944	18020.351
1	38	2	2	312	2	2	6	12	4	1	8	1	0.57401355	12	18021.762	18021.962	18021.962	18022.162	18022.536
1	38	2	2	313	2	2	6	13	3	2	1	1	0.5424013	13	18023.984	18024.584	18024.584	18024.784	18025.126
1	38	2	2	314	2	2	6	14	5	2	8	1	0.58468283	14	18026.605	18027.205	18027.205	18027.405	18027.789
1	38	2	2	315	2	2	6	15	5	1	8	1	0.64195647	15	18029.316	18029.516	18029.516	18029.716	18030.158
1	38	2	2	316	2	2	6	16	2	2	1	1	0.4707324	16	18031.538	18032.138	18032.138	18032.338	18032.608
1	38	2	2	317	2	2	6	17	1	2	1	1	0.41773771	17	18034.159	18034.759	18034.759	18034.959	18035.176
1	38	2	2	318	2	2	6	18	2	1	1	1	0.4272151	18	18036.78	18036.98	18036.98	18037.18	18037.407
1	38	2	2	319	2	2	6	19	4	1	8	1	0.4836248	19	18039.002	18039.202	18039.202	18039.402	18039.685
1	38	2	2	320	2	2	6	20	6	1	8	1	0.55339288	20	18041.327	18041.527	18041.527	18041.727	18042.081
1	38	2	2	321	2	2	6	21	4	2	8	1	0.55700379	21	18043.545	18044.145	18044.145	18044.345	18044.702
1	38	2	2	322	2	2	6	22	2	2	1	1	0.73469328	22	18046.166	18046.766	18046.766	18046.966	18047.501
1	38	2	2	323	2	2	6	23	6	1	8	1	0.63789285	23	18048.787	18048.987	18048.987	18049.187	18049.625
1	38	2	2	324	2	2	6	24	6	2	8	1	0.50424013	24	18051.009	18051.609	18051.609	18051.809	18052.113
1	38	2	2	325	2	2	6	25	2	2	1	1	0.62213709	25	18053.631	18054.231	18054.231	18054.431	18054.853
1	38	2	2	326	2	2	6	26	2	1	1	1	0.46307582	26	18056.345	18056.545	18056.545	18056.745	18057.008
1	38	2	2	327	2	2	6	27	6	1	8	1	0.43608601	27	18058.567	18058.767	18058.767	18058.967	18059.203
1	38	2	2	328	2	2	6	28	5	1	1	0	0.48344156	27	18060.788	18060.988	18060.988	18061.188	18061.472
1	38	2	2	329	2	2	6	29	1	2	1	1	0.42151453	28	18063.009	18063.609	18063.609	18063.809	18064.031
1	38	2	2	330	2	2	6	30	1	1	1	1	0.4538245	29	18065.631	18065.831	18065.831	18066.031	18066.285
1	38	2	2	331	2	6	6	1	3	2	4	1	0.77414023	1	18095.91	18096.51	18096.51	18096.71	18097.284
1	38	2	2	332	2	6	6	2	4	1	5	1	0.4980596	2	18098.532	18098.732	18098.732	18098.932	18099.23
1	38	2	2	333	2	6	6	3	1	1	2	1	0.81983788	3	18100.754	18100.954	18100.954	18101.154	18101.773
1	38	2	2	334	2	6	6	4	4	2	5	1	0.93468382	4	18102.975	18103.575	18103.575	18103.775	18104.51
1	38	2	2	335	2	6	6	5	3	1	4	1	0.64641494	5	18105.598	18105.798	18105.798	18105.998	18106.444
1	38	2	2	336	2	6	6	6	1	2	2	1	0.9894566	6	18107.819	18108.419	18108.419	18108.619	18109.409
1	38	2	2	337	2	6	6	7	5	1	6	1	0.77799613	7	18110.442	18110.642	18110.642	18110.842	18111.42
1	38	2	2	338	2	6	6	8	3	2	4	1	0.81516654	8	18112.664	18113.264	18113.264	18113.464	18114.079
1	38	2	2	339	2	6	6	9	1	2	2	1	0.71890458	9	18115.286	18115.886	18115.886	18116.086	18116.605
1	38	2	2	340	2	6	6	10	4	2	5	1	0.93794734	10	18117.908	18118.508	18118.508	18118.708	18119.446
1	38	2	2	341	2	6	6	11	5	1	6	1	0.76510776	11	18120.531	18120.731	18120.731	18120.931	18121.496
1	38	2	2	342	2	6	6	12	6	1	7	1	0.54016128	12	18122.753	18122.953	18122.953	18123.153	18123.493
1	38	2	2	343	2	6	6	13	5	2	6	1	0.75739097	13	18124.976	18125.576	18125.576	18125.776	18126.333
1	38	2	2	344	2	6	6	14	1	2	2	1	0.73735386	14	18127.598	18128.198	18128.198	18128.398	18128.936
1	38	2	2	345	2	6	6	15	5	1	6	1	0.79482519	15	18130.22	18130.42	18130.42	18130.62	18131.215
1	38	2	2	346	2	6	6	16	6	2	7	1	0.74745105	16	18132.442	18133.042	18133.042	18133.242	18133.79
1	38	2	2	347	2	6	6	17	2	2	3	1	0.92498683	17	18135.065	18135.665	18135.665	18135.865	18136.59
1	38	2	2	348	2	6	6	18	2	1	3	1	0.60151107	18	18137.687	18137.887	18137.887	18138.087	18138.489
1	38	2	2	349	2	6	6	19	3	1	4	1	0.81788724	19	18139.91	18140.11	18140.11	18140.31	18140.928
1	38	2	2	350	2	6	6	20	6	1	2	0	0.60367159	19	18142.133	18142.333	18142.333	18142.533	18142.936
1	38	2	2	351	2	6	6	21	6	2	7	1	0.83557199	20	18144.355	18144.955	18144.955	18145.155	18145.791
1	38	2	2	352	2	6	6	22	2	2	3	1	0.75100329	21	18146.978	18147.578	18147.578	18147.778	18148.329
1	38	2	2	353	2	6	6	23	4	1	5	1	1.1412739	22	18149.6	18149.8	18149.8	18150	18150.942
1	38	2	2	354	2	6	6	24	2	2	3	1	0.84537577	23	18151.823	18152.423	18152.423	18152.623	18153.268
1	38	2	2	355	2	6	6	25	2	2	3	1	0.63202416	24	18154.446	18155.046	18155.046	18155.246	18155.678
1	38	2	2	356	2	6	6	26	4	1	5	1	0.77775254	25	18157.068	18157.268	18157.268	18157.468	18158.045
1	38	2	2	357	2	6	6	27	3	1	4	1	1.1740607	26	18159.29	18159.49	18159.49	18159.69	18160.665
1	38	2	2	358	2	6	6	28	6	1	7	1	0.7821056	27	18161.511	18161.711	18161.711	18161.911	18162.493
1	38	2	2	359	2	6	6	29	1	2	2	1	0.99451846	28	18163.733	18164.333	18164.333	18164.533	18165.328
1	38	2	2	360	2	6	6	30	5	1	6	1	0.71289897	29	18166.358	18166.558	18166.558	18166.758	18167.271
1	38	2	2	361	3	2	7	1	3	2	1	1	0.60552338	1	19064.889	19065.489	19065.489	19065.689	19066.095
1	38	2	2	362	3	2	7	2	5	1	8	1	0.50406056	2	19067.513	19067.713	19067.713	19067.913	19068.217
1	38	2	2	363	3	2	7	3	4	1	8	1	0.51972546	3	19069.736	19069.936	19069.936	19070.136	19070.455
1	38	2	2	364	3	2	7	4	1	2	1	1	0.46461623	4	19071.959	19072.559	19072.559	19072.759	19073.024
1	38	2	2	365	3	2	7	5	4	1	8	1	0.46290319	5	19074.582	19074.782	19074.782	19074.982	19075.245
1	38	2	2	366	3	2	7	6	5	2	8	1	0.68439525	6	19076.803	19077.403	19077.403	19077.603	19078.087
1	38	2	2	367	3	2	7	7	3	1	1	1	0.47372272	7	19079.427	19079.627	19079.627	19079.827	19080.1
1	38	2	2	368	3	2	7	8	6	2	8	1	0.62444166	8	19081.647	19082.247	19082.247	19082.447	19082.871
1	38	2	2	369	3	2	7	9	4	2	8	1	0.62510165	9	19084.271	19084.871	19084.871	19085.071	19085.496
1	38	2	2	370	3	2	7	10	3	2	1	1	0.50223668	10	19086.894	19087.494	19087.494	19087.694	19087.996
1	38	2	2	371	3	2	7	11	3	1	1	1	0.59389743	11	19089.517	19089.717	19089.717	19089.917	19090.311
1	38	2	2	372	3	2	7	12	6	1	8	1	0.55364105	12	19091.741	19091.941	19091.941	19092.141	19092.494
1	38	2	2	373	3	2	7	13	2	2	1	1	0.44047878	13	19093.964	19094.564	19094.564	19094.764	19095.005
1	38	2	2	374	3	2	7	14	6	2	8	1	0.50882125	14	19096.587	19097.187	19097.187	19097.387	19097.696
1	38	2	2	375	3	2	7	15	5	1	8	1	0.50977312	15	19099.211	19099.411	19099.411	19099.611	19099.921
1	38	2	2	376	3	2	7	16	3	2	1	1	0.42085963	16	19101.434	19102.034	19102.034	19102.234	19102.455
1	38	2	2	377	3	2	7	17	4	2	1	0	0.39184752	16	19104.057	19104.657	19104.657	19104.857	19105.049
1	38	2	2	378	3	2	7	18	2	1	1	1	0.65303067	17	19106.68	19106.88	19106.88	19107.08	19107.533
1	38	2	2	379	3	2	7	19	2	1	1	1	0.52962064	18	19108.904	19109.104	19109.104	19109.304	19109.634
1	38	2	2	380	3	2	7	20	1	1	1	1	0.52110878	19	19111.128	19111.328	19111.328	19111.528	19111.849
1	38	2	2	381	3	2	7	21	1	2	1	1	0.54231236	20	19113.352	19113.952	19113.952	19114.152	19114.494
1	38	2	2	382	3	2	7	22	2	2	1	1	0.57570579	21	19115.976	19116.576	19116.576	19116.776	19117.152
1	38	2	2	383	3	2	7	23	1	1	1	1	0.49762923	22	19118.6	19118.8	19118.8	19119	19119.297
1	38	2	2	384	3	2	7	24	6	2	8	1	0.53619965	23	19120.824	19121.424	19121.424	19121.624	19121.96
1	38	2	2	385	3	2	7	25	2	2	1	1	0.49672264	24	19123.445	19124.045	19124.045	19124.245	19124.542
1	38	2	2	386	3	2	7	26	5	1	8	1	0.55199481	25	19126.069	19126.269	19126.269	19126.469	19126.821
1	38	2	2	387	3	2	7	27	1	1	1	1	0.53963329	26	19128.291	19128.491	19128.491	19128.691	19129.031
1	38	2	2	388	3	2	7	28	5	1	8	1	0.4136238	27	19130.514	19130.714	19130.714	19130.914	19131.127
1	38	2	2	389	3	2	7	29	6	2	8	1	0.55655055	28	19132.738	19133.338	19133.338	19133.538	19133.894
1	38	2	2	390	3	2	7	30	4	1	8	1	0.45042141	29	19135.362	19135.562	19135.562	19135.762	19136.013
1	38	2	2	391	3	6	7	1	5	2	6	1	0.70902264	1	19165.648	19166.248	19166.248	19166.448	19166.958
1	38	2	2	392	3	6	7	2	2	1	3	1	0.77886398	2	19168.274	19168.474	19168.474	19168.674	19169.253
1	38	2	2	393	3	6	7	3	3	1	4	1	0.74708381	3	19170.499	19170.699	19170.699	19170.899	19171.446
1	38	2	2	394	3	6	7	4	1	2	2	1	0.74012316	4	19172.724	19173.324	19173.324	19173.524	19174.064
1	38	2	2	395	3	6	7	5	6	1	7	1	0.488128	5	19175.348	19175.549	19175.549	19175.749	19176.037
1	38	2	2	396	3	6	7	6	4	2	5	1	0.80824368	6	19177.573	19178.173	19178.173	19178.373	19178.982
1	38	2	2	397	3	6	7	7	3	1	4	1	0.5043761	7	19180.198	19180.398	19180.398	19180.598	19180.902
1	38	2	2	398	3	6	7	8	4	2	5	1	1.0253395	8	19182.423	19183.023	19183.023	19183.223	19184.049
1	38	2	2	399	3	6	7	9	1	2	2	1	0.7132802	9	19185.045	19185.645	19185.645	19185.845	19186.358
1	38	2	2	400	3	6	7	10	6	2	7	1	0.66977914	10	19187.672	19188.272	19188.272	19188.472	19188.942
1	38	2	2	401	3	6	7	11	5	1	6	1	0.67815857	11	19190.298	19190.498	19190.498	19190.698	19191.176
1	38	2	2	402	3	6	7	12	6	1	7	1	0.91480779	12	19192.523	19192.723	19192.723	19192.923	19193.638
1	38	2	2	403	3	6	7	13	3	2	4	1	1.0008866	13	19194.748	19195.348	19195.348	19195.548	19196.349
1	38	2	2	404	3	6	7	14	1	2	2	1	0.67157197	14	19197.369	19197.969	19197.969	19198.169	19198.641
1	38	2	2	405	3	6	7	15	2	1	3	1	0.61622874	15	19199.994	19200.194	19200.194	19200.394	19200.811
1	38	2	2	406	3	6	7	16	5	2	6	1	0.55300974	16	19202.219	19202.819	19202.819	19203.019	19203.372
1	38	2	2	407	3	6	7	17	1	2	2	1	0.65198358	17	19204.844	19205.444	19205.444	19205.644	19206.096
1	38	2	2	408	3	6	7	18	5	1	6	1	0.64877443	18	19207.469	19207.669	19207.669	19207.87	19208.318
1	38	2	2	409	3	6	7	19	2	1	3	1	0.69367373	19	19209.695	19209.895	19209.895	19210.095	19210.588
1	38	2	2	410	3	6	7	20	2	1	3	1	0.69515754	20	19211.92	19212.12	19212.12	19212.32	19212.815
1	38	2	2	411	3	6	7	21	3	2	4	1	0.63783791	21	19214.145	19214.745	19214.745	19214.945	19215.383
1	38	2	2	412	3	6	7	22	6	2	7	1	0.67954475	22	19216.771	19217.371	19217.371	19217.571	19218.05
1	38	2	2	413	3	6	7	23	4	1	5	1	0.83675428	23	19219.396	19219.596	19219.596	19219.796	19220.433
1	38	2	2	414	3	6	7	24	4	2	5	1	0.74370664	24	19221.621	19222.221	19222.221	19222.421	19222.965
1	38	2	2	415	3	6	7	25	4	2	5	1	0.56517406	25	19224.247	19224.847	19224.847	19225.047	19225.412
1	38	2	2	416	3	6	7	26	6	1	7	1	0.64283459	26	19226.875	19227.075	19227.075	19227.275	19227.718
1	38	2	2	417	3	6	7	27	2	1	3	1	0.72343611	27	19229.101	19229.301	19229.301	19229.501	19230.025
1	38	2	2	418	3	6	7	28	1	1	2	1	0.64986568	28	19231.324	19231.524	19231.524	19231.724	19232.173
1	38	2	2	419	3	6	7	29	3	2	4	1	0.47156859	29	19233.553	19234.153	19234.153	19234.353	19234.625
1	38	2	2	420	3	6	7	30	5	1	6	1	0.74122475	30	19236.179	19236.379	19236.379	19236.579	19237.12
1	38	2	2	421	3	2	8	1	1	2	1	1	0.54804305	1	19266.468	19267.068	19267.068	19267.268	19267.616
1	38	2	2	422	3	2	8	2	3	1	1	1	0.44791279	2	19269.094	19269.294	19269.294	19269.494	19269.742
1	38	2	2	423	3	2	8	3	6	1	8	1	0.46426688	3	19271.319	19271.519	19271.519	19271.719	19271.983
1	38	2	2	424	3	2	8	4	2	2	1	1	0.50912642	4	19273.545	19274.145	19274.145	19274.345	19274.654
1	38	2	2	425	3	2	8	5	1	1	1	1	0.52078325	5	19276.167	19276.367	19276.367	19276.567	19276.888
1	38	2	2	426	3	2	8	6	4	2	8	1	0.46816951	6	19278.393	19278.993	19278.993	19279.193	19279.461
1	38	2	2	427	3	2	8	7	3	1	1	1	0.50700077	7	19281.019	19281.219	19281.219	19281.419	19281.726
1	38	2	2	428	3	2	8	8	4	2	8	1	0.41755241	8	19283.244	19283.844	19283.844	19284.044	19284.261
1	38	2	2	429	3	2	8	9	6	2	8	1	0.43367979	9	19285.87	19286.47	19286.47	19286.67	19286.904
1	38	2	2	430	3	2	8	10	2	2	1	1	0.46343287	10	19288.495	19289.095	19289.095	19289.295	19289.559
1	38	2	2	431	3	2	8	11	4	1	8	1	0.56793266	11	19291.118	19291.318	19291.318	19291.518	19291.886
1	38	2	2	432	3	2	8	12	3	1	1	1	0.37732687	12	19293.344	19293.544	19293.544	19293.744	19293.921
1	38	2	2	433	3	2	8	13	1	2	1	1	0.53014927	13	19295.571	19296.171	19296.171	19296.371	19296.701
1	38	2	2	434	3	2	8	14	3	2	1	1	0.48097551	14	19298.197	19298.797	19298.797	19298.997	19299.278
1	38	2	2	435	3	2	8	15	5	1	8	1	0.51012784	15	19300.823	19301.023	19301.023	19301.223	19301.533
1	38	2	2	436	3	2	8	16	1	2	1	1	0.49529347	16	19303.08	19303.68	19303.68	19303.88	19304.175
1	38	2	2	437	3	2	8	17	3	2	1	1	0.44997961	17	19305.707	19306.307	19306.307	19306.507	19306.757
1	38	2	2	438	3	2	8	18	5	1	8	1	0.40155092	18	19308.33	19308.53	19308.53	19308.73	19308.931
1	38	2	2	439	3	2	8	19	6	1	8	1	0.42925866	19	19310.555	19310.755	19310.755	19310.955	19311.184
1	38	2	2	440	3	2	8	20	2	1	1	1	0.48506572	20	19312.787	19312.987	19312.987	19313.187	19313.472
1	38	2	2	441	3	2	8	21	2	2	1	1	0.40319647	21	19315.083	19315.683	19315.683	19315.883	19316.086
1	38	2	2	442	3	2	8	22	4	2	8	1	0.47900647	22	19317.709	19318.309	19318.309	19318.509	19318.788
1	38	2	2	443	3	2	8	23	5	1	8	1	0.40257451	23	19320.336	19320.536	19320.536	19320.736	19320.938
1	38	2	2	444	3	2	8	24	6	2	8	1	0.55497678	24	19322.563	19323.163	19323.163	19323.363	19323.718
1	38	2	2	445	3	2	8	25	5	2	8	1	0.51210771	25	19325.187	19325.787	19325.787	19325.987	19326.299
1	38	2	2	446	3	2	8	26	5	1	8	1	0.46144776	26	19327.813	19328.013	19328.013	19328.213	19328.475
1	38	2	2	447	3	2	8	27	4	1	8	1	0.51359889	27	19330.093	19330.293	19330.293	19330.493	19330.806
1	38	2	2	448	3	2	8	28	2	1	1	1	0.42811842	28	19332.319	19332.519	19332.519	19332.719	19332.947
1	38	2	2	449	3	2	8	29	6	2	8	1	0.55647907	29	19334.547	19335.147	19335.147	19335.347	19335.703
1	38	2	2	450	3	2	8	30	1	1	1	1	0.6309099	30	19337.173	19337.373	19337.373	19337.573	19338.004
1	38	2	2	451	3	6	8	1	3	2	4	1	1.0129304	1	19367.458	19368.058	19368.058	19368.258	19369.071
1	38	2	2	452	3	6	8	2	4	1	5	1	0.57219032	2	19370.085	19370.285	19370.285	19370.485	19370.857
1	38	2	2	453	3	6	8	3	6	1	7	1	0.62275854	3	19372.311	19372.511	19372.511	19372.711	19373.134
1	38	2	2	454	3	6	8	4	5	2	6	1	0.56426167	4	19374.538	19375.138	19375.138	19375.338	19375.702
1	38	2	2	455	3	6	8	5	2	1	3	1	0.61765568	5	19377.165	19377.365	19377.365	19377.565	19377.983
1	38	2	2	456	3	6	8	6	2	2	3	1	0.65523004	6	19379.391	19379.991	19379.991	19380.191	19380.647
1	38	2	2	457	3	6	8	7	3	1	4	1	0.94800579	7	19382.019	19382.219	19382.219	19382.419	19383.167
1	38	2	2	458	3	6	8	8	5	2	6	1	0.89379765	8	19384.247	19384.847	19384.847	19385.047	19385.741
1	38	2	2	459	3	6	8	9	1	2	2	1	0.64207159	9	19386.874	19387.474	19387.474	19387.674	19388.116
1	38	2	2	460	3	6	8	10	5	2	6	1	0.70158719	10	19389.503	19390.103	19390.103	19390.303	19390.804
1	38	2	2	461	3	6	8	11	6	1	7	1	0.58041257	11	19392.13	19392.33	19392.33	19392.53	19392.911
1	38	2	2	462	3	6	8	12	5	1	6	1	0.64654365	12	19394.358	19394.558	19394.558	19394.758	19395.204
1	38	2	2	463	3	6	8	13	6	2	7	1	0.73517069	13	19396.585	19397.185	19397.185	19397.385	19397.92
1	38	2	2	464	3	6	8	14	1	2	2	1	0.82350254	14	19399.216	19399.816	19399.816	19400.016	19400.64
1	38	2	2	465	3	6	8	15	2	1	3	1	0.45979407	15	19401.844	19402.044	19402.044	19402.244	19402.503
1	38	2	2	466	3	6	8	16	2	2	3	1	0.69155862	16	19404.074	19404.674	19404.674	19404.874	19405.366
1	38	2	2	467	3	6	8	17	5	2	6	1	0.73148802	17	19406.701	19407.301	19407.301	19407.501	19408.033
1	38	2	2	468	3	6	8	18	1	1	2	1	0.68415916	18	19409.329	19409.529	19409.529	19409.729	19410.213
1	38	2	2	469	3	6	8	19	4	1	5	1	1.0914787	19	19411.556	19411.756	19411.756	19411.956	19412.848
1	38	2	2	470	3	6	8	20	3	1	4	1	0.72439523	20	19413.785	19413.985	19413.985	19414.185	19414.709
1	38	2	2	471	3	6	8	21	2	2	3	1	0.85011236	21	19416.013	19416.613	19416.613	19416.813	19417.463
1	38	2	2	472	3	6	8	22	6	2	7	1	0.69197334	22	19418.641	19419.241	19419.241	19419.441	19419.933
1	38	2	2	473	3	6	8	23	4	1	5	1	0.83480675	23	19421.269	19421.469	19421.469	19421.669	19422.303
1	38	2	2	474	3	6	8	24	1	2	2	1	0.84163488	24	19423.499	19424.099	19424.099	19424.3	19424.941
1	38	2	2	475	3	6	8	25	3	2	4	1	1.0685617	25	19426.201	19426.801	19426.801	19427.001	19427.87
1	38	2	2	476	3	6	8	26	3	1	4	1	0.57596975	26	19428.829	19429.029	19429.029	19429.229	19429.605
1	38	2	2	477	3	6	8	27	4	1	5	1	0.67835695	27	19431.056	19431.256	19431.256	19431.456	19431.935
1	38	2	2	478	3	6	8	28	4	1	5	1	0.52235579	28	19433.284	19433.484	19433.484	19433.684	19434.006
1	38	2	2	479	3	6	8	29	1	2	2	1	0.69928672	29	19435.508	19436.108	19436.108	19436.308	19436.808
1	38	2	2	480	3	6	8	30	6	1	7	1	0.65775081	30	19438.198	19438.398	19438.398	19438.598	19439.056
1	38	2	2	481	3	2	9	1	4	2	8	1	0.54528558	1	19468.487	19469.087	19469.087	19469.287	19469.633
1	38	2	2	482	3	2	9	2	4	1	8	1	0.51442423	2	19471.115	19471.315	19471.315	19471.515	19471.829
1	38	2	2	483	3	2	9	3	3	1	1	1	0.53400569	3	19473.344	19473.544	19473.544	19473.744	19474.078
1	38	2	2	484	3	2	9	4	4	2	8	1	0.51225457	4	19475.572	19476.172	19476.172	19476.372	19476.685
1	38	2	2	485	3	2	9	5	5	1	8	1	0.52622782	5	19478.199	19478.399	19478.399	19478.599	19478.925
1	38	2	2	486	3	2	9	6	1	2	1	1	0.50798177	6	19480.427	19481.027	19481.027	19481.227	19481.535
1	38	2	2	487	3	2	9	7	1	1	8	0	0.45201426	6	19483.056	19483.256	19483.256	19483.456	19483.708
1	38	2	2	488	3	2	9	8	6	2	8	1	0.51833449	7	19485.289	19485.889	19485.889	19486.089	19486.407
1	38	2	2	489	3	2	9	9	1	2	1	1	0.49050588	8	19487.918	19488.518	19488.518	19488.718	19489.008
1	38	2	2	490	3	2	9	10	1	2	1	1	0.46505724	9	19490.546	19491.146	19491.146	19491.346	19491.611
1	38	2	2	491	3	2	9	11	5	1	8	1	0.6724282	10	19493.174	19493.374	19493.374	19493.574	19494.047
1	38	2	2	492	3	2	9	12	3	1	1	1	0.61939029	11	19495.402	19495.602	19495.602	19495.802	19496.222
1	38	2	2	493	3	2	9	13	3	2	1	1	0.60285983	12	19497.63	19498.23	19498.23	19498.43	19498.833
1	38	2	2	494	3	2	9	14	4	2	8	1	0.56361599	13	19500.259	19500.859	19500.859	19501.059	19501.422
1	38	2	2	495	3	2	9	15	5	1	8	1	0.63330173	14	19502.888	19503.088	19503.088	19503.288	19503.721
1	38	2	2	496	3	2	9	16	2	2	1	1	0.59488943	15	19505.116	19505.716	19505.716	19505.916	19506.311
1	38	2	2	497	3	2	9	17	6	2	8	1	0.47905288	16	19507.744	19508.344	19508.344	19508.544	19508.823
1	38	2	2	498	3	2	9	18	2	1	1	1	0.48637972	17	19510.374	19510.574	19510.574	19510.774	19511.06
1	38	2	2	499	3	2	9	19	2	1	1	1	0.51851357	18	19512.6	19512.8	19512.8	19513	19513.318
1	38	2	2	500	3	2	9	20	3	1	1	1	0.56474875	19	19514.836	19515.036	19515.036	19515.236	19515.601
1	38	2	2	501	3	2	9	21	2	2	1	1	0.4449728	20	19517.065	19517.665	19517.665	19517.865	19518.11
1	38	2	2	502	3	2	9	22	1	2	1	1	0.5224244	21	19519.694	19520.294	19520.294	19520.494	19520.816
1	38	2	2	503	3	2	9	23	5	1	8	1	0.502932	22	19522.319	19522.519	19522.519	19522.719	19523.022
1	38	2	2	504	3	2	9	24	6	2	8	1	0.48096448	23	19524.549	19525.149	19525.149	19525.349	19525.63
1	38	2	2	505	3	2	9	25	3	2	1	1	0.64179097	24	19527.179	19527.779	19527.779	19527.979	19528.421
1	38	2	2	506	3	2	9	26	6	1	8	1	0.56478044	25	19529.808	19530.008	19530.008	19530.208	19530.573
1	38	2	2	507	3	2	9	27	5	1	8	1	0.44327077	26	19532.037	19532.237	19532.237	19532.437	19532.681
1	38	2	2	508	3	2	9	28	4	1	8	1	0.38677995	27	19534.31	19534.51	19534.51	19534.71	19534.897
1	38	2	2	509	3	2	9	29	2	2	1	1	0.59762498	28	19536.539	19537.139	19537.139	19537.339	19537.737
1	38	2	2	510	3	2	9	30	6	1	8	1	0.61049532	29	19539.171	19539.371	19539.371	19539.571	19539.982
1	38	2	2	511	3	6	9	1	3	2	4	1	1.0311716	1	19569.457	19570.057	19570.057	19570.257	19571.088
1	38	2	2	512	3	6	9	2	6	1	7	1	0.66518175	2	19572.087	19572.287	19572.287	19572.487	19572.952
1	38	2	2	513	3	6	9	3	3	1	4	1	1.1078841	3	19574.316	19574.516	19574.516	19574.716	19575.624
1	38	2	2	514	3	6	9	4	6	2	7	1	0.65168354	4	19576.546	19577.146	19577.146	19577.346	19577.798
1	38	2	2	515	3	6	9	5	6	1	7	1	0.55742515	5	19579.176	19579.376	19579.376	19579.576	19579.933
1	38	2	2	516	3	6	9	6	3	2	4	1	0.75237668	6	19581.406	19582.006	19582.006	19582.206	19582.758
1	38	2	2	517	3	6	9	7	5	1	6	1	0.62624778	7	19584.035	19584.235	19584.235	19584.435	19584.862
1	38	2	2	518	3	6	9	8	2	2	3	1	0.76728083	8	19586.264	19586.864	19586.864	19587.064	19587.632
1	38	2	2	519	3	6	9	9	4	2	5	1	0.82361917	9	19588.894	19589.494	19589.494	19589.694	19590.317
1	38	2	2	520	3	6	9	10	1	2	2	1	0.72387772	10	19591.524	19592.124	19592.124	19592.324	19592.848
1	38	2	2	521	3	6	9	11	4	1	5	1	0.81082113	11	19594.154	19594.354	19594.354	19594.554	19595.165
1	38	2	2	522	3	6	9	12	1	1	2	1	0.83782618	12	19596.383	19596.583	19596.583	19596.783	19597.421
1	38	2	2	523	3	6	9	13	4	2	5	1	0.75516513	13	19598.613	19599.213	19599.213	19599.413	19599.969
1	38	2	2	524	3	6	9	14	2	2	3	1	0.81202467	14	19601.243	19601.843	19601.843	19602.043	19602.655
1	38	2	2	525	3	6	9	15	1	1	2	1	0.97305991	15	19603.872	19604.072	19604.072	19604.272	19605.045
1	38	2	2	526	3	6	9	16	2	2	3	1	0.8329613	16	19606.102	19606.702	19606.702	19606.902	19607.535
1	38	2	2	527	3	6	9	17	4	2	6	0	0.74469723	16	19608.736	19609.336	19609.336	19609.536	19610.08
1	38	2	2	528	3	6	9	18	3	1	4	1	0.81060082	17	19611.366	19611.566	19611.566	19611.766	19612.376
1	38	2	2	529	3	6	9	19	5	1	6	1	0.65160604	18	19613.594	19613.794	19613.794	19613.994	19614.445
1	38	2	2	530	3	6	9	20	2	1	3	1	0.94037208	19	19615.824	19616.024	19616.024	19616.224	19616.964
1	38	2	2	531	3	6	9	21	5	2	6	1	0.67061215	20	19618.055	19618.655	19618.655	19618.855	19619.325
1	38	2	2	532	3	6	9	22	1	2	2	1	0.72979844	21	19620.685	19621.285	19621.285	19621.485	19622.015
1	38	2	2	533	3	6	9	23	6	1	7	1	0.7133511	22	19623.318	19623.518	19623.518	19623.718	19624.231
1	38	2	2	534	3	6	9	24	4	2	5	1	0.71783495	23	19625.545	19626.145	19626.145	19626.345	19626.863
1	38	2	2	535	3	6	9	25	2	2	3	1	0.70461187	24	19628.176	19628.776	19628.776	19628.976	19629.48
1	38	2	2	536	3	6	9	26	5	1	6	1	0.78784207	25	19630.805	19631.005	19631.005	19631.205	19631.793
1	38	2	2	537	3	6	9	27	5	1	6	1	0.6171244	26	19633.036	19633.236	19633.236	19633.436	19633.853
1	38	2	2	538	3	6	9	28	3	1	4	1	1.195202	27	19635.266	19635.466	19635.466	19635.666	19636.661
1	38	2	2	539	3	6	9	29	6	2	7	1	0.68121033	28	19637.5	19638.1	19638.1	19638.3	19638.781
1	38	2	2	540	3	6	9	30	1	1	2	1	0.74014322	29	19640.131	19640.331	19640.331	19640.531	19641.071
1	38	2	2	541	4	2	10	1	3	2	1	1	0.47704084	1	20212.777	20213.377	20213.377	20213.577	20213.854
1	38	2	2	542	4	2	10	2	4	1	8	1	0.67716868	2	20215.411	20215.611	20215.611	20215.811	20216.288
1	38	2	2	543	4	2	10	3	6	1	8	1	0.44140572	3	20217.641	20217.841	20217.841	20218.041	20218.283
1	38	2	2	544	4	2	10	4	1	2	1	1	0.46259528	4	20219.872	20220.472	20220.472	20220.672	20220.935
1	38	2	2	545	4	2	10	5	1	1	1	1	0.48571791	5	20222.503	20222.703	20222.703	20222.903	20223.189
1	38	2	2	546	4	2	10	6	1	2	1	1	0.50437716	6	20224.734	20225.334	20225.334	20225.534	20225.838
1	38	2	2	547	4	2	10	7	5	1	8	1	0.51335258	7	20227.365	20227.565	20227.565	20227.765	20228.078
1	38	2	2	548	4	2	10	8	6	2	8	1	0.46591025	8	20229.596	20230.196	20230.196	20230.396	20230.662
1	38	2	2	549	4	2	10	9	2	2	1	1	0.47420918	9	20232.227	20232.827	20232.827	20233.027	20233.301
1	38	2	2	550	4	2	10	10	3	2	1	1	0.51846112	10	20234.857	20235.457	20235.457	20235.657	20235.975
1	38	2	2	551	4	2	10	11	2	1	1	1	0.47830274	11	20237.488	20237.688	20237.688	20237.888	20238.166
1	38	2	2	552	4	2	10	12	6	1	8	1	0.50108903	12	20239.716	20239.916	20239.916	20240.116	20240.417
1	38	2	2	553	4	2	10	13	5	2	8	1	0.50790174	13	20241.947	20242.547	20242.547	20242.747	20243.055
1	38	2	2	554	4	2	10	14	4	2	8	1	0.51769318	14	20244.578	20245.178	20245.178	20245.378	20245.696
1	38	2	2	555	4	2	10	15	3	1	1	1	0.49318349	15	20247.209	20247.409	20247.409	20247.609	20247.902
1	38	2	2	556	4	2	10	16	2	2	1	1	0.48875122	16	20249.44	20250.04	20250.04	20250.24	20250.529
1	38	2	2	557	4	2	10	17	5	2	8	1	0.5889053	17	20252.072	20252.672	20252.672	20252.872	20253.261
1	38	2	2	558	4	2	10	18	6	1	8	1	0.46993648	18	20254.703	20254.903	20254.903	20255.103	20255.373
1	38	2	2	559	4	2	10	19	6	1	8	1	0.50193987	19	20256.938	20257.138	20257.138	20257.338	20257.64
1	38	2	2	560	4	2	10	20	4	1	8	1	0.46146378	20	20259.169	20259.369	20259.369	20259.569	20259.831
1	38	2	2	561	4	2	10	21	4	2	8	1	0.42720667	21	20261.398	20261.998	20261.998	20262.198	20262.425
1	38	2	2	562	4	2	10	22	1	2	1	1	0.40115553	22	20264.029	20264.629	20264.629	20264.829	20265.03
1	38	2	2	563	4	2	10	23	3	1	1	1	0.64556452	23	20266.659	20266.859	20266.859	20267.059	20267.505
1	38	2	2	564	4	2	10	24	5	2	8	1	0.48575581	24	20268.891	20269.491	20269.491	20269.691	20269.977
1	38	2	2	565	4	2	10	25	5	2	8	1	0.45969066	25	20271.522	20272.122	20272.122	20272.322	20272.582
1	38	2	2	566	4	2	10	26	1	1	1	1	0.51741483	26	20274.154	20274.354	20274.354	20274.554	20274.871
1	38	2	2	567	4	2	10	27	3	1	1	1	0.42311948	27	20276.384	20276.584	20276.584	20276.784	20277.008
1	38	2	2	568	4	2	10	28	2	1	1	1	0.33557374	28	20278.616	20278.816	20278.816	20279.016	20279.151
1	38	2	2	569	4	2	10	29	4	2	8	1	0.44898775	29	20280.848	20281.448	20281.448	20281.648	20281.897
1	38	2	2	570	4	2	10	30	2	1	1	1	0.51144251	30	20283.48	20283.68	20283.68	20283.88	20284.191
1	38	2	2	571	4	6	10	1	6	2	7	1	0.50963942	1	20313.777	20314.377	20314.377	20314.577	20314.887
1	38	2	2	572	4	6	10	2	2	1	3	1	0.70452573	2	20316.414	20316.614	20316.614	20316.814	20317.319
1	38	2	2	573	4	6	10	3	5	1	6	1	0.87486248	3	20318.646	20318.846	20318.846	20319.046	20319.721
1	38	2	2	574	4	6	10	4	4	2	5	1	0.73987761	4	20320.881	20321.481	20321.481	20321.681	20322.221
1	38	2	2	575	4	6	10	5	4	1	5	1	0.64388591	5	20323.513	20323.713	20323.713	20323.913	20324.357
1	38	2	2	576	4	6	10	6	1	2	2	1	0.4922221	6	20325.745	20326.345	20326.345	20326.545	20326.837
1	38	2	2	577	4	6	10	7	4	1	5	1	0.80947886	7	20328.381	20328.581	20328.581	20328.781	20329.391
1	38	2	2	578	4	6	10	8	2	2	3	1	0.76006861	8	20330.613	20331.213	20331.213	20331.413	20331.973
1	38	2	2	579	4	6	10	9	3	2	4	1	0.81198107	9	20333.363	20333.963	20333.963	20334.163	20334.775
1	38	2	2	580	4	6	10	10	1	2	2	1	0.72180884	10	20335.996	20336.596	20336.596	20336.796	20337.318
1	38	2	2	581	4	6	10	11	1	1	2	1	0.60165036	11	20338.628	20338.828	20338.828	20339.028	20339.429
1	38	2	2	582	4	6	10	12	6	1	7	1	0.63566616	12	20340.866	20341.066	20341.066	20341.266	20341.702
1	38	2	2	583	4	6	10	13	2	2	3	1	0.75426171	13	20343.099	20343.699	20343.699	20343.899	20344.453
1	38	2	2	584	4	6	10	14	1	2	2	1	0.88917589	14	20345.728	20346.328	20346.328	20346.528	20347.217
1	38	2	2	585	4	6	10	15	5	1	6	1	1.0106443	15	20348.397	20348.597	20348.597	20348.797	20349.607
1	38	2	2	586	4	6	10	16	2	2	3	1	0.72806089	16	20350.629	20351.229	20351.229	20351.429	20351.957
1	38	2	2	587	4	6	10	17	5	2	6	1	0.73748155	17	20353.261	20353.861	20353.861	20354.061	20354.599
1	38	2	2	588	4	6	10	18	3	1	4	1	1.0938706	18	20355.894	20356.094	20356.094	20356.294	20357.188
1	38	2	2	589	4	6	10	19	5	1	6	1	0.76090794	19	20358.124	20358.324	20358.324	20358.524	20359.085
1	38	2	2	590	4	6	10	20	3	1	4	1	1.0522697	20	20360.402	20360.602	20360.602	20360.802	20361.654
1	38	2	2	591	4	6	10	21	1	2	2	1	0.72632216	21	20362.634	20363.234	20363.234	20363.434	20363.96
1	38	2	2	592	4	6	10	22	3	2	4	1	1.372514	22	20365.266	20365.866	20365.866	20366.066	20367.239
1	38	2	2	593	4	6	10	23	2	1	3	1	1.1531444	23	20367.898	20368.098	20368.098	20368.298	20369.251
1	38	2	2	594	4	6	10	24	6	2	7	1	0.67508173	24	20370.131	20370.731	20370.731	20370.931	20371.406
1	38	2	2	595	4	6	10	25	3	2	4	1	0.76716663	25	20372.76	20373.36	20373.36	20373.56	20374.128
1	38	2	2	596	4	6	10	26	6	1	7	1	0.75788627	26	20375.418	20375.618	20375.618	20375.818	20376.376
1	38	2	2	597	4	6	10	27	4	1	5	1	0.7852198	27	20377.652	20377.852	20377.852	20378.052	20378.637
1	38	2	2	598	4	6	10	28	4	1	5	1	0.58700552	28	20379.884	20380.084	20380.084	20380.284	20380.671
1	38	2	2	599	4	6	10	29	5	2	6	1	0.62337882	29	20382.119	20382.719	20382.719	20382.919	20383.342
1	38	2	2	600	4	6	10	30	6	1	7	1	0.70103848	30	20384.752	20384.952	20384.952	20385.152	20385.653
1	38	2	2	601	4	2	11	1	1	2	1	1	0.4691384	1	20415.048	20415.648	20415.648	20415.848	20416.117
1	38	2	2	602	4	2	11	2	6	1	8	1	0.42923812	2	20417.68	20417.88	20417.881	20418.081	20418.31
1	38	2	2	603	4	2	11	3	1	1	8	0	0.39751671	2	20419.913	20420.113	20420.113	20420.313	20420.511
1	38	2	2	604	4	2	11	4	4	2	8	1	0.5188518	3	20422.143	20422.743	20422.743	20422.943	20423.262
1	38	2	2	605	4	2	11	5	1	1	1	1	0.53242193	4	20424.776	20424.976	20424.976	20425.176	20425.508
1	38	2	2	606	4	2	11	6	2	2	1	1	0.48822746	5	20427.009	20427.609	20427.609	20427.809	20428.097
1	38	2	2	607	4	2	11	7	4	1	8	1	0.51323195	6	20429.638	20429.838	20429.838	20430.038	20430.351
1	38	2	2	608	4	2	11	8	2	2	1	1	0.60923665	7	20431.872	20432.472	20432.472	20432.672	20433.081
1	38	2	2	609	4	2	11	9	6	2	8	1	0.50238772	8	20434.506	20435.106	20435.106	20435.306	20435.608
1	38	2	2	610	4	2	11	10	5	2	8	1	0.56413258	9	20437.139	20437.739	20437.739	20437.939	20438.303
1	38	2	2	611	4	2	11	11	4	1	8	1	0.50569555	10	20439.772	20439.972	20439.972	20440.172	20440.478
1	38	2	2	612	4	2	11	12	4	1	8	1	0.46565223	11	20442.006	20442.206	20442.206	20442.406	20442.672
1	38	2	2	613	4	2	11	13	3	2	8	0	0.46106243	11	20444.243	20444.843	20444.843	20445.043	20445.304
1	38	2	2	614	4	2	11	14	6	2	8	1	0.45667623	12	20446.876	20447.476	20447.476	20447.676	20447.933
1	38	2	2	615	4	2	11	15	5	1	8	1	0.5070434	13	20449.509	20449.709	20449.709	20449.909	20450.216
1	38	2	2	616	4	2	11	16	4	2	8	1	0.55438442	14	20451.742	20452.342	20452.342	20452.542	20452.897
1	38	2	2	617	4	2	11	17	2	2	1	1	0.55748244	15	20454.376	20454.976	20454.976	20455.176	20455.534
1	38	2	2	618	4	2	11	18	3	1	1	1	0.54919859	16	20457.01	20457.21	20457.21	20457.41	20457.759
1	38	2	2	619	4	2	11	19	1	1	1	1	0.59494762	17	20459.243	20459.443	20459.443	20459.643	20460.038
1	38	2	2	620	4	2	11	20	3	1	1	1	0.53237033	18	20461.477	20461.677	20461.677	20461.877	20462.209
1	38	2	2	621	4	2	11	21	2	2	1	1	0.79371114	19	20463.714	20464.314	20464.314	20464.514	20465.108
1	38	2	2	622	4	2	11	22	3	2	1	1	0.55359064	20	20466.348	20466.948	20466.948	20467.148	20467.501
1	38	2	2	623	4	2	11	23	5	1	8	1	0.57078714	21	20468.979	20469.179	20469.179	20469.379	20469.749
1	38	2	2	624	4	2	11	24	6	2	8	1	0.45911758	22	20471.213	20471.813	20471.813	20472.013	20472.272
1	38	2	2	625	4	2	11	25	6	2	8	1	0.64608642	23	20473.846	20474.446	20474.446	20474.646	20475.092
1	38	2	2	626	4	2	11	26	5	1	8	1	0.54281075	24	20476.479	20476.679	20476.679	20476.879	20477.221
1	38	2	2	627	4	2	11	27	5	1	8	1	0.49389611	25	20478.713	20478.913	20478.913	20479.113	20479.407
1	38	2	2	628	4	2	11	28	2	1	1	1	0.4918282	26	20480.947	20481.147	20481.147	20481.347	20481.639
1	38	2	2	629	4	2	11	29	1	2	1	1	0.62048615	27	20483.18	20483.78	20483.78	20483.98	20484.401
1	38	2	2	630	4	2	11	30	3	1	1	1	0.36974192	28	20485.814	20486.014	20486.014	20486.214	20486.384
1	38	2	2	631	4	6	11	1	6	2	7	1	0.56510047	1	20516.108	20516.708	20516.708	20516.908	20517.273
1	38	2	2	632	4	6	11	2	3	1	4	1	0.78410909	2	20518.742	20518.942	20518.942	20519.142	20519.726
1	38	2	2	633	4	6	11	3	2	1	3	1	0.65526031	3	20520.976	20521.176	20521.176	20521.376	20521.832
1	38	2	2	634	4	6	11	4	2	2	3	1	0.71003713	4	20523.211	20523.811	20523.811	20524.011	20524.521
1	38	2	2	635	4	6	11	5	1	1	2	1	0.7703166	5	20525.846	20526.046	20526.046	20526.246	20526.817
1	38	2	2	636	4	6	11	6	5	2	6	1	0.62362908	6	20528.08	20528.68	20528.68	20528.88	20529.304
1	38	2	2	637	4	6	11	7	2	1	3	1	0.64918914	7	20530.714	20530.914	20530.914	20531.114	20531.563
1	38	2	2	638	4	6	11	8	5	2	6	1	0.63282499	8	20532.948	20533.548	20533.548	20533.748	20534.181
1	38	2	2	639	4	6	11	9	2	2	3	1	0.99988516	9	20535.582	20536.182	20536.182	20536.382	20537.182
1	38	2	2	640	4	6	11	10	3	2	4	1	0.81989141	10	20538.218	20538.818	20538.818	20539.018	20539.638
1	38	2	2	641	4	6	11	11	6	1	7	1	0.7185879	11	20540.853	20541.053	20541.053	20541.253	20541.772
1	38	2	2	642	4	6	11	12	3	1	4	1	0.75473023	12	20543.087	20543.287	20543.287	20543.487	20544.042
1	38	2	2	643	4	6	11	13	4	2	5	1	0.47620237	13	20545.322	20545.922	20545.922	20546.122	20546.398
1	38	2	2	644	4	6	11	14	5	2	6	1	0.72193641	14	20547.957	20548.557	20548.557	20548.757	20549.278
1	38	2	2	645	4	6	11	15	5	1	6	1	0.54548111	15	20550.591	20550.791	20550.791	20550.991	20551.336
1	38	2	2	646	4	6	11	16	1	2	2	1	0.70557769	16	20552.828	20553.428	20553.428	20553.628	20554.134
1	38	2	2	647	4	6	11	17	2	2	3	1	0.52518488	17	20555.463	20556.063	20556.063	20556.263	20556.589
1	38	2	2	648	4	6	11	18	1	1	2	1	0.74677351	18	20558.102	20558.302	20558.302	20558.502	20559.049
1	38	2	2	649	4	6	11	19	5	1	6	1	0.85399622	19	20560.337	20560.537	20560.537	20560.737	20561.391
1	38	2	2	650	4	6	11	20	3	1	4	1	0.96915194	20	20562.576	20562.776	20562.776	20562.976	20563.745
1	38	2	2	651	4	6	11	21	6	2	7	1	0.68360158	21	20564.81	20565.41	20565.41	20565.61	20566.094
1	38	2	2	652	4	6	11	22	6	2	7	1	0.60268359	22	20567.445	20568.045	20568.045	20568.245	20568.647
1	38	2	2	653	4	6	11	23	4	1	5	1	0.83939603	23	20570.08	20570.28	20570.28	20570.48	20571.119
1	38	2	2	654	4	6	11	24	4	2	5	1	0.76126495	24	20572.315	20572.915	20572.915	20573.115	20573.677
1	38	2	2	655	4	6	11	25	1	2	2	1	0.74608767	25	20574.951	20575.551	20575.551	20575.751	20576.297
1	38	2	2	656	4	6	11	26	3	1	4	1	1.2952506	26	20577.586	20577.786	20577.786	20577.986	20579.081
1	38	2	2	657	4	6	11	27	6	1	7	1	0.73086969	27	20579.821	20580.021	20580.021	20580.221	20580.751
1	38	2	2	658	4	6	11	28	4	1	5	1	0.76123585	28	20582.056	20582.256	20582.256	20582.456	20583.017
1	38	2	2	659	4	6	11	29	4	2	5	1	0.57298535	29	20584.292	20584.892	20584.892	20585.092	20585.465
1	38	2	2	660	4	6	11	30	1	1	2	1	0.68146017	30	20586.927	20587.127	20587.127	20587.327	20587.808
1	38	2	2	661	4	2	12	1	6	2	8	1	0.58811428	1	20617.228	20617.828	20617.828	20618.028	20618.416
1	38	2	2	662	4	2	12	2	2	1	1	1	0.5209878	2	20619.87	20620.07	20620.07	20620.27	20620.591
1	38	2	2	663	4	2	12	3	2	1	1	1	0.60224115	3	20622.102	20622.302	20622.302	20622.502	20622.905
1	38	2	2	664	4	2	12	4	6	2	8	1	0.43080694	4	20624.34	20624.94	20624.94	20625.14	20625.371
1	38	2	2	665	4	2	12	5	5	1	8	1	0.38120776	5	20626.975	20627.175	20627.175	20627.375	20627.557
1	38	2	2	666	4	2	12	6	4	2	8	1	0.43753362	6	20629.211	20629.811	20629.811	20630.011	20630.248
1	38	2	2	667	4	2	12	7	1	1	1	1	0.5234473	7	20631.845	20632.045	20632.045	20632.245	20632.569
1	38	2	2	668	4	2	12	8	4	2	8	1	0.52517602	8	20634.082	20634.682	20634.682	20634.882	20635.207
1	38	2	2	669	4	2	12	9	3	2	1	1	0.52761579	9	20636.728	20637.328	20637.328	20637.528	20637.855
1	38	2	2	670	4	2	12	10	2	2	1	1	0.69052454	10	20639.363	20639.963	20639.963	20640.163	20640.654
1	38	2	2	671	4	2	12	11	2	1	1	1	0.64030834	11	20641.999	20642.199	20642.199	20642.399	20642.84
1	38	2	2	672	4	2	12	12	5	1	8	1	0.48977609	12	20644.236	20644.436	20644.436	20644.636	20644.926
1	38	2	2	673	4	2	12	13	6	2	8	1	0.41988213	13	20646.472	20647.072	20647.072	20647.272	20647.492
1	38	2	2	674	4	2	12	14	5	2	8	1	0.47230358	14	20649.109	20649.709	20649.709	20649.909	20650.181
1	38	2	2	675	4	2	12	15	3	1	1	1	0.53923264	15	20651.747	20651.947	20651.947	20652.147	20652.486
1	38	2	2	676	4	2	12	16	5	2	8	1	0.48016586	16	20653.982	20654.582	20654.582	20654.782	20655.062
1	38	2	2	677	4	2	12	17	1	2	1	1	0.65350419	17	20656.615	20657.215	20657.215	20657.415	20657.869
1	38	2	2	678	4	2	12	18	3	1	1	1	0.49115663	18	20659.251	20659.451	20659.451	20659.651	20659.942
1	38	2	2	679	4	2	12	19	4	1	8	1	0.57005505	19	20661.486	20661.686	20661.686	20661.886	20662.256
1	38	2	2	680	4	2	12	20	6	1	8	1	0.42850284	20	20663.756	20663.956	20663.956	20664.156	20664.385
1	38	2	2	681	4	2	12	21	4	2	1	0	0.43128484	20	20665.992	20666.592	20666.592	20666.792	20667.023
1	38	2	2	682	4	2	12	22	2	2	1	1	0.61067054	21	20668.628	20669.228	20669.228	20669.428	20669.838
1	38	2	2	683	4	2	12	23	4	1	8	1	0.63006621	22	20671.265	20671.465	20671.465	20671.665	20672.095
1	38	2	2	684	4	2	12	24	1	2	1	1	0.60959918	23	20673.501	20674.101	20674.101	20674.301	20674.711
1	38	2	2	685	4	2	12	25	5	2	8	1	0.51698495	24	20676.137	20676.737	20676.737	20676.937	20677.254
1	38	2	2	686	4	2	12	26	6	1	8	1	0.48870144	25	20678.776	20678.976	20678.976	20679.176	20679.465
1	38	2	2	687	4	2	12	27	1	1	1	1	0.39913413	26	20681.014	20681.214	20681.214	20681.414	20681.613
1	38	2	2	688	4	2	12	28	3	1	1	1	0.56606323	27	20683.255	20683.455	20683.455	20683.655	20684.021
1	38	2	2	689	4	2	12	29	3	2	1	1	0.51941599	28	20685.495	20686.095	20686.095	20686.295	20686.615
1	38	2	2	690	4	2	12	30	1	1	1	1	0.58963385	29	20688.131	20688.331	20688.331	20688.531	20688.921
1	38	2	2	691	4	6	12	1	3	2	4	1	0.84397423	1	20718.428	20719.028	20719.028	20719.228	20719.872
1	38	2	2	692	4	6	12	2	6	1	7	1	0.65207679	2	20721.064	20721.264	20721.264	20721.464	20721.916
1	38	2	2	693	4	6	12	3	3	1	4	1	0.74650154	3	20723.301	20723.501	20723.501	20723.701	20724.247
1	38	2	2	694	4	6	12	4	3	2	4	1	0.52327936	4	20725.544	20726.144	20726.144	20726.344	20726.668
1	38	2	2	695	4	6	12	5	5	1	7	0	0.65906806	4	20728.182	20728.382	20728.382	20728.582	20729.041
1	38	2	2	696	4	6	12	6	3	2	4	1	0.81703984	5	20730.42	20731.02	20731.02	20731.22	20731.837
1	38	2	2	697	4	6	12	7	1	1	2	1	0.74866859	6	20733.056	20733.256	20733.256	20733.456	20734.005
1	38	2	2	698	4	6	12	8	2	2	3	1	0.43131424	7	20735.294	20735.894	20735.894	20736.094	20736.325
1	38	2	2	699	4	6	12	9	1	2	2	1	0.67570103	8	20737.93	20738.53	20738.53	20738.73	20739.206
1	38	2	2	700	4	6	12	10	6	2	7	1	0.70877872	9	20740.568	20741.168	20741.168	20741.368	20741.877
1	38	2	2	701	4	6	12	11	1	1	2	1	0.79468767	10	20743.204	20743.404	20743.404	20743.604	20744.199
1	38	2	2	702	4	6	12	12	5	1	6	1	0.91239133	11	20745.444	20745.644	20745.644	20745.844	20746.557
1	38	2	2	703	4	6	12	13	4	2	5	1	0.87079754	12	20747.682	20748.282	20748.282	20748.482	20749.152
1	38	2	2	704	4	6	12	14	5	2	6	1	0.6022473	13	20750.322	20750.922	20750.922	20751.122	20751.525
1	38	2	2	705	4	6	12	15	4	1	5	1	0.52909189	14	20752.961	20753.161	20753.161	20753.361	20753.69
1	38	2	2	706	4	6	12	16	5	2	6	1	0.53306056	15	20755.201	20755.801	20755.801	20756.001	20756.334
1	38	2	2	707	4	6	12	17	2	2	3	1	0.67637441	16	20757.842	20758.442	20758.442	20758.642	20759.118
1	38	2	2	708	4	6	12	18	2	1	3	1	0.54319789	17	20760.479	20760.679	20760.679	20760.879	20761.222
1	38	2	2	709	4	6	12	19	4	1	5	1	0.69536095	18	20762.719	20762.919	20762.919	20763.119	20763.614
1	38	2	2	710	4	6	12	20	6	1	6	0	0.5038242	18	20764.957	20765.157	20765.157	20765.357	20765.661
1	38	2	2	711	4	6	12	21	3	2	4	1	0.80327619	19	20767.195	20767.795	20767.795	20767.995	20768.598
1	38	2	2	712	4	6	12	22	1	2	2	1	0.74932254	20	20769.833	20770.433	20770.433	20770.633	20771.182
1	38	2	2	713	4	6	12	23	2	1	3	1	0.47238876	21	20772.47	20772.67	20772.67	20772.87	20773.143
1	38	2	2	714	4	6	12	24	6	2	7	1	0.46023598	22	20774.706	20775.306	20775.306	20775.506	20775.766
1	38	2	2	715	4	6	12	25	2	2	3	1	0.86606734	23	20777.351	20777.951	20777.951	20778.151	20778.817
1	38	2	2	716	4	6	12	26	1	1	2	1	0.73848246	24	20779.988	20780.188	20780.188	20780.388	20780.927
1	38	2	2	717	4	6	12	27	5	1	6	1	0.66054899	25	20782.225	20782.425	20782.425	20782.625	20783.086
1	38	2	2	718	4	6	12	28	4	1	5	1	0.67149877	26	20784.462	20784.662	20784.662	20784.862	20785.334
1	38	2	2	719	4	6	12	29	6	2	7	1	0.665945	27	20786.701	20787.301	20787.301	20787.501	20787.967
1	38	2	2	720	4	6	12	30	4	1	4	0	0.68486903	27	20789.345	20789.545	20789.545	20789.745	20790.23
