4	5	1	3	6	7	0	2	0	0	0	0	0	0	0	0	0	0	0	0
3	30	2	2	1	1	2	1	1	3	1	1	1	0.58393837	1	18555.957	18556.157	18556.157	18556.358	18556.741
3	30	2	2	2	1	2	1	2	4	2	8	1	0.59331247	2	18558.173	18558.773	18558.773	18558.973	18559.366
3	30	2	2	3	1	2	1	3	1	1	1	1	0.44003169	3	18560.782	18560.982	18560.982	18561.183	18561.423
3	30	2	2	4	1	2	1	4	6	2	8	1	0.43351869	4	18562.99	18563.59	18563.59	18563.79	18564.023
3	30	2	2	5	1	2	1	5	5	1	8	1	0.48605874	5	18565.596	18565.796	18565.796	18565.996	18566.282
3	30	2	2	6	1	2	1	6	4	2	8	1	0.4863767	6	18567.802	18568.402	18568.402	18568.602	18568.888
3	30	2	2	7	1	2	1	7	5	1	8	1	0.46476299	7	18570.407	18570.607	18570.607	18570.807	18571.072
3	30	2	2	8	1	2	1	8	6	2	8	1	0.44023355	8	18572.615	18573.215	18573.215	18573.415	18573.655
3	30	2	2	9	1	2	1	9	2	1	1	1	0.75308759	9	18575.221	18575.421	18575.421	18575.621	18576.174
3	30	2	2	10	1	2	1	10	5	2	8	1	0.54614141	10	18577.427	18578.027	18578.027	18578.227	18578.573
3	30	2	2	11	1	2	1	11	1	2	1	1	0.63633346	11	18580.033	18580.633	18580.633	18580.833	18581.269
3	30	2	2	12	1	2	1	12	6	1	8	1	0.39159786	12	18582.638	18582.838	18582.838	18583.038	18583.23
3	30	2	2	13	1	2	1	13	2	2	1	1	0.53845304	13	18584.844	18585.444	18585.444	18585.645	18585.983
3	30	2	2	14	1	2	1	14	3	2	1	1	0.47424642	14	18587.451	18588.051	18588.051	18588.251	18588.525
3	30	2	2	15	1	2	1	15	2	1	1	1	0.4604861	15	18590.056	18590.256	18590.256	18590.456	18590.717
3	30	2	2	16	1	2	1	16	2	1	1	1	0.42336709	16	18592.262	18592.462	18592.462	18592.662	18592.885
3	30	2	2	17	1	2	1	17	1	1	1	1	0.414485	17	18594.47	18594.67	18594.67	18594.87	18595.084
3	30	2	2	18	1	2	1	18	2	1	1	1	0.43688238	18	18596.675	18596.875	18596.875	18597.075	18597.312
3	30	2	2	19	1	2	1	19	5	2	8	1	0.39464655	19	18598.882	18599.482	18599.482	18599.682	18599.876
3	30	2	2	20	1	2	1	20	3	1	1	1	0.48580488	20	18601.487	18601.687	18601.687	18601.887	18602.173
3	30	2	2	21	1	2	1	21	6	1	8	1	0.41792065	21	18603.694	18603.894	18603.894	18604.094	18604.312
3	30	2	2	22	1	2	1	22	1	2	1	1	0.55537451	22	18605.9	18606.5	18606.5	18606.7	18607.055
3	30	2	2	23	1	2	1	23	1	1	1	1	0.58145648	23	18608.506	18608.706	18608.706	18608.906	18609.287
3	30	2	2	24	1	2	1	24	4	2	8	1	0.50808478	24	18610.712	18611.312	18611.312	18611.512	18611.82
3	30	2	2	25	1	2	1	25	5	2	8	1	0.53675872	25	18613.318	18613.918	18613.918	18614.118	18614.455
3	30	2	2	26	1	2	1	26	3	2	1	1	0.80202149	26	18615.924	18616.524	18616.524	18616.724	18617.326
3	30	2	2	27	1	2	1	27	4	1	8	1	1.1864805	27	18618.531	18618.731	18618.731	18618.931	18619.917
3	30	2	2	28	1	2	1	28	3	2	1	1	0.48292764	28	18620.737	18621.337	18621.337	18621.537	18621.82
3	30	2	2	29	1	2	1	29	4	2	8	1	0.48887905	29	18623.343	18623.943	18623.943	18624.143	18624.432
3	30	2	2	30	1	2	1	30	6	1	8	1	0.4648722	30	18625.95	18626.15	18626.15	18626.35	18626.615
3	30	2	2	31	1	6	1	1	5	1	6	1	0.89779681	1	18768.339	18768.54	18768.54	18768.74	18769.437
3	30	2	2	32	1	6	1	2	5	2	6	1	0.53002061	2	18770.549	18771.149	18771.149	18771.349	18771.679
3	30	2	2	33	1	6	1	3	4	1	5	1	0.64469583	3	18773.155	18773.355	18773.355	18773.556	18774
3	30	2	2	34	1	6	1	4	6	2	7	1	0.96345593	4	18775.362	18775.962	18775.962	18776.162	18776.925
3	30	2	2	35	1	6	1	5	2	1	3	1	1.4213864	5	18777.969	18778.169	18778.169	18778.369	18779.59
3	30	2	2	36	1	6	1	6	3	2	4	1	0.83737207	6	18780.176	18780.776	18780.776	18780.976	18781.613
3	30	2	2	37	1	6	1	7	1	1	2	1	1.0480191	7	18782.783	18782.983	18782.983	18783.183	18784.031
3	30	2	2	38	1	6	1	8	1	2	2	1	0.82564546	8	18784.99	18785.59	18785.59	18785.79	18786.415
3	30	2	2	39	1	6	1	9	3	1	4	1	1.1914165	9	18787.597	18787.797	18787.797	18787.997	18788.988
3	30	2	2	40	1	6	1	10	4	2	5	1	0.75453587	10	18789.803	18790.403	18790.403	18790.603	18791.158
3	30	2	2	41	1	6	1	11	5	2	6	1	0.90805318	11	18792.411	18793.011	18793.011	18793.211	18793.919
3	30	2	2	42	1	6	1	12	2	1	3	1	1.2022871	12	18795.018	18795.218	18795.218	18795.418	18796.42
3	30	2	2	43	1	6	1	13	3	2	4	1	0.79688917	13	18797.225	18797.825	18797.825	18798.025	18798.622
3	30	2	2	44	1	6	1	14	4	2	5	1	0.74365456	14	18799.832	18800.432	18800.432	18800.632	18801.176
3	30	2	2	45	1	6	1	15	6	1	7	1	1.7168135	15	18802.439	18802.639	18802.639	18802.839	18804.356
3	30	2	2	46	1	6	1	16	2	1	6	0	1.006214	15	18804.646	18804.846	18804.846	18805.046	18805.852
3	30	2	2	47	1	6	1	17	6	1	7	1	1.6839507	16	18807.162	18807.362	18807.362	18807.562	18809.046
3	30	2	2	48	1	6	1	18	2	1	3	1	1.3240921	17	18809.369	18809.569	18809.569	18809.769	18810.893
3	30	2	2	49	1	6	1	19	5	2	6	1	1.1858084	18	18811.576	18812.176	18812.176	18812.376	18813.362
3	30	2	2	50	1	6	1	20	1	1	4	0	1.7890224	18	18814.184	18814.384	18814.384	18814.584	18816.173
3	30	2	2	51	1	6	1	21	6	1	7	1	0.97554833	19	18816.704	18816.904	18816.904	18817.104	18817.88
3	30	2	2	52	1	6	1	22	1	2	4	0	1.119247	19	18818.912	18819.512	18819.512	18819.712	18820.631
3	30	2	2	53	1	6	1	23	3	1	4	1	0.75735708	20	18821.824	18822.024	18822.024	18822.224	18822.781
3	30	2	2	54	1	6	1	24	5	2	6	1	1.7037901	21	18824.031	18824.631	18824.631	18824.831	18826.335
3	30	2	2	55	1	6	1	25	2	2	3	1	1.0547152	22	18826.639	18827.239	18827.239	18827.439	18828.294
3	30	2	2	56	1	6	1	26	4	2	4	0	0.82568616	22	18829.247	18829.847	18829.847	18830.047	18830.672
3	30	2	2	57	1	6	1	27	1	1	2	1	1.1285409	23	18832.156	18832.356	18832.356	18832.556	18833.485
3	30	2	2	58	1	6	1	28	3	2	4	1	0.80173152	24	18834.364	18834.964	18834.964	18835.164	18835.766
3	30	2	2	59	1	6	1	29	6	2	7	1	0.83541513	25	18836.971	18837.571	18837.571	18837.771	18838.406
3	30	2	2	60	1	6	1	30	4	1	3	0	1.1126029	25	18839.63	18839.83	18839.83	18840.03	18840.943
3	30	2	2	61	1	2	2	1	4	1	8	1	0.61835669	1	18859.206	18859.406	18859.406	18859.606	18860.024
3	30	2	2	62	1	2	2	2	1	2	1	1	0.51175948	2	18861.414	18862.014	18862.014	18862.214	18862.526
3	30	2	2	63	1	2	2	3	2	1	1	1	0.67176427	3	18864.022	18864.222	18864.222	18864.422	18864.894
3	30	2	2	64	1	2	2	4	1	2	1	1	0.45619282	4	18866.229	18866.829	18866.829	18867.029	18867.286
3	30	2	2	65	1	2	2	5	3	1	1	1	0.50314802	5	18868.838	18869.038	18869.038	18869.238	18869.541
3	30	2	2	66	1	2	2	6	2	2	1	1	0.62537397	6	18871.046	18871.646	18871.646	18871.846	18872.272
3	30	2	2	67	1	2	2	7	5	1	8	1	0.70125057	7	18873.655	18873.855	18873.855	18874.055	18874.556
3	30	2	2	68	1	2	2	8	3	2	8	0	0.74412906	7	18875.863	18876.463	18876.463	18876.663	18877.207
3	30	2	2	69	1	2	2	9	4	1	8	1	0.86589379	8	18878.79	18878.99	18878.99	18879.19	18879.856
3	30	2	2	70	1	2	2	10	5	2	8	1	0.67771262	9	18880.998	18881.598	18881.599	18881.799	18882.276
3	30	2	2	71	1	2	2	11	1	2	1	1	0.56640272	10	18883.606	18884.206	18884.207	18884.407	18884.773
3	30	2	2	72	1	2	2	12	6	1	8	1	0.50089159	11	18886.215	18886.415	18886.415	18886.615	18886.916
3	30	2	2	73	1	2	2	13	6	2	8	1	0.66499621	12	18888.423	18889.023	18889.023	18889.223	18889.688
3	30	2	2	74	1	2	2	14	6	2	8	1	0.41434592	13	18891.031	18891.631	18891.631	18891.831	18892.045
3	30	2	2	75	1	2	2	15	3	1	8	0	0.43131965	13	18893.688	18893.888	18893.888	18894.088	18894.32
3	30	2	2	76	1	2	2	16	4	1	8	1	0.48949028	14	18896.207	18896.407	18896.407	18896.607	18896.896
3	30	2	2	77	1	2	2	17	6	1	8	1	0.46229083	15	18898.415	18898.615	18898.615	18898.815	18899.078
3	30	2	2	78	1	2	2	18	2	1	1	1	0.5411374	16	18900.624	18900.824	18900.824	18901.024	18901.365
3	30	2	2	79	1	2	2	19	1	2	1	1	0.54163352	17	18902.833	18903.433	18903.433	18903.633	18903.975
3	30	2	2	80	1	2	2	20	3	1	1	1	0.43419715	18	18905.442	18905.642	18905.642	18905.842	18906.076
3	30	2	2	81	1	2	2	21	2	1	1	1	0.37195093	19	18907.65	18907.85	18907.85	18908.05	18908.222
3	30	2	2	82	1	2	2	22	5	2	8	1	0.47582255	20	18909.859	18910.459	18910.459	18910.659	18910.935
3	30	2	2	83	1	2	2	23	3	1	1	1	0.47399051	21	18912.468	18912.668	18912.668	18912.868	18913.142
3	30	2	2	84	1	2	2	24	5	2	8	1	0.45603114	22	18914.716	18915.316	18915.316	18915.516	18915.772
3	30	2	2	85	1	2	2	25	6	2	8	1	0.40243005	23	18917.325	18917.925	18917.925	18918.125	18918.327
3	30	2	2	86	1	2	2	26	1	2	1	1	0.48205728	24	18919.934	18920.534	18920.534	18920.734	18921.016
3	30	2	2	87	1	2	2	27	4	1	8	1	0.50055563	25	18922.543	18922.743	18922.743	18922.943	18923.244
3	30	2	2	88	1	2	2	28	5	2	8	1	0.38876479	26	18924.752	18925.352	18925.352	18925.552	18925.741
3	30	2	2	89	1	2	2	29	4	2	8	1	0.34321938	27	18927.361	18927.961	18927.961	18928.161	18928.304
3	30	2	2	90	1	2	2	30	2	1	1	1	0.42675047	28	18929.97	18930.17	18930.17	18930.37	18930.596
3	30	2	2	91	1	6	2	1	6	1	7	1	1.0136556	1	19021.61	19021.81	19021.81	19022.01	19022.823
3	30	2	2	92	1	6	2	2	5	2	6	1	1.4444307	2	19023.82	19024.42	19024.42	19024.62	19025.864
3	30	2	2	93	1	6	2	3	4	1	5	1	0.90413738	3	19026.428	19026.628	19026.628	19026.828	19027.532
3	30	2	2	94	1	6	2	4	2	2	3	1	0.84575654	4	19028.637	19029.237	19029.237	19029.437	19030.083
3	30	2	2	95	1	6	2	5	4	1	5	1	1.0393595	5	19031.246	19031.446	19031.446	19031.646	19032.486
3	30	2	2	96	1	6	2	6	4	2	5	1	0.61365404	6	19033.456	19034.056	19034.056	19034.256	19034.669
3	30	2	2	97	1	6	2	7	3	1	4	1	0.94891443	7	19036.065	19036.265	19036.265	19036.465	19037.214
3	30	2	2	98	1	6	2	8	6	2	2	0	1.4284407	7	19038.274	19038.874	19038.874	19039.074	19040.302
3	30	2	2	99	1	6	2	9	5	1	3	0	1.4349894	7	19041.193	19041.393	19041.393	19041.593	19042.828
3	30	2	2	100	1	6	2	10	6	2	7	1	0.83192542	8	19043.71	19044.31	19044.31	19044.51	19045.142
3	30	2	2	101	1	6	2	11	1	2	3	0	1.4467747	8	19046.32	19046.92	19046.92	19047.12	19048.367
3	30	2	2	102	1	6	2	12	3	1	4	1	0.73841176	9	19049.244	19049.444	19049.444	19049.644	19050.182
3	30	2	2	103	1	6	2	13	5	2	6	1	1.1468917	10	19051.453	19052.053	19052.053	19052.253	19053.2
3	30	2	2	104	1	6	2	14	1	2	2	1	1.0298644	11	19054.062	19054.662	19054.662	19054.862	19055.692
3	30	2	2	105	1	6	2	15	2	1	3	1	0.78218539	12	19056.672	19056.872	19056.872	19057.072	19057.654
3	30	2	2	106	1	6	2	16	6	1	7	1	1.0584773	13	19058.882	19059.082	19059.082	19059.282	19060.14
3	30	2	2	107	1	6	2	17	2	1	6	0	0.771284	13	19061.092	19061.292	19061.292	19061.492	19062.063
3	30	2	2	108	1	6	2	18	5	1	0	0	-19063.812	13	19063.612	19063.812	19063.812	19064.012	0
3	30	2	2	109	1	6	2	19	1	2	5	0	1.0527175	13	19066.123	19066.723	19066.723	19066.923	19067.776
3	30	2	2	110	1	6	2	20	3	1	4	1	0.77301901	14	19069.044	19069.244	19069.244	19069.444	19070.017
3	30	2	2	111	1	6	2	21	2	1	3	1	0.75074447	15	19071.254	19071.454	19071.454	19071.654	19072.205
3	30	2	2	112	1	6	2	22	3	2	4	1	0.6757802	16	19073.464	19074.064	19074.064	19074.264	19074.74
3	30	2	2	113	1	6	2	23	3	1	4	1	0.4940052	17	19076.073	19076.273	19076.273	19076.473	19076.767
3	30	2	2	114	1	6	2	24	1	2	2	1	1.1308414	18	19078.283	19078.883	19078.883	19079.083	19080.014
3	30	2	2	115	1	6	2	25	6	2	7	1	0.83981857	19	19080.893	19081.493	19081.493	19081.693	19082.333
3	30	2	2	116	1	6	2	26	4	2	5	1	0.72463905	20	19083.503	19084.103	19084.103	19084.303	19084.828
3	30	2	2	117	1	6	2	27	5	1	6	1	1.0839947	21	19086.114	19086.314	19086.314	19086.514	19087.398
3	30	2	2	118	1	6	2	28	2	2	3	1	0.64303971	22	19088.324	19088.924	19088.924	19089.124	19089.567
3	30	2	2	119	1	6	2	29	1	2	2	1	0.90287356	23	19090.934	19091.534	19091.534	19091.734	19092.437
3	30	2	2	120	1	6	2	30	4	1	5	1	0.90419415	24	19093.544	19093.744	19093.744	19093.944	19094.648
3	30	2	2	121	1	2	3	1	1	1	1	1	0.56407084	1	19105.532	19105.732	19105.732	19105.932	19106.296
3	30	2	2	122	1	2	3	2	3	2	1	1	0.482261	2	19107.742	19108.342	19108.342	19108.542	19108.824
3	30	2	2	123	1	2	3	3	4	1	8	1	0.50729595	3	19110.352	19110.552	19110.552	19110.752	19111.06
3	30	2	2	124	1	2	3	4	3	2	1	1	0.53792378	4	19112.562	19113.162	19113.162	19113.362	19113.7
3	30	2	2	125	1	2	3	5	1	1	1	1	0.44071428	5	19115.173	19115.373	19115.373	19115.573	19115.814
3	30	2	2	126	1	2	3	6	6	2	8	1	0.45415961	6	19117.383	19117.983	19117.983	19118.183	19118.437
3	30	2	2	127	1	2	3	7	1	1	1	1	0.45870349	7	19119.994	19120.194	19120.194	19120.394	19120.653
3	30	2	2	128	1	2	3	8	1	2	1	1	0.46538439	8	19122.204	19122.804	19122.804	19123.004	19123.27
3	30	2	2	129	1	2	3	9	5	1	8	1	0.44546771	9	19124.815	19125.015	19125.015	19125.215	19125.46
3	30	2	2	130	1	2	3	10	2	2	1	1	0.45431903	10	19127.025	19127.625	19127.625	19127.825	19128.08
3	30	2	2	131	1	2	3	11	2	2	1	1	0.42473205	11	19129.636	19130.236	19130.236	19130.436	19130.661
3	30	2	2	132	1	2	3	12	1	1	1	1	0.35843396	12	19132.247	19132.447	19132.447	19132.647	19132.806
3	30	2	2	133	1	2	3	13	5	2	8	1	0.36280693	13	19134.46	19135.06	19135.06	19135.26	19135.423
3	30	2	2	134	1	2	3	14	5	2	8	1	0.43063451	14	19137.071	19137.671	19137.671	19137.871	19138.102
3	30	2	2	135	1	2	3	15	6	1	8	1	0.41099727	15	19139.681	19139.881	19139.881	19140.081	19140.292
3	30	2	2	136	1	2	3	16	4	1	8	1	0.35415516	16	19141.893	19142.093	19142.093	19142.293	19142.447
3	30	2	2	137	1	2	3	17	3	1	1	1	0.5131431	17	19144.295	19144.495	19144.495	19144.695	19145.008
3	30	2	2	138	1	2	3	18	3	1	1	1	0.3979874	18	19146.506	19146.706	19146.706	19146.906	19147.104
3	30	2	2	139	1	2	3	19	2	2	1	1	0.47348082	19	19148.717	19149.317	19149.317	19149.517	19149.79
3	30	2	2	140	1	2	3	20	4	1	8	1	0.51302461	20	19151.331	19151.531	19151.531	19151.731	19152.044
3	30	2	2	141	1	2	3	21	4	1	8	1	0.45804524	21	19153.542	19153.742	19153.742	19153.942	19154.2
3	30	2	2	142	1	2	3	22	5	2	8	1	0.40215949	22	19155.754	19156.354	19156.354	19156.554	19156.756
3	30	2	2	143	1	2	3	23	4	1	8	1	0.38412426	23	19158.365	19158.565	19158.565	19158.765	19158.949
3	30	2	2	144	1	2	3	24	3	2	1	1	0.47640178	24	19160.577	19161.177	19161.177	19161.377	19161.653
3	30	2	2	145	1	2	3	25	6	2	8	1	0.44007477	25	19163.188	19163.788	19163.788	19163.988	19164.228
3	30	2	2	146	1	2	3	26	2	2	1	1	0.4947056	26	19165.799	19166.399	19166.399	19166.599	19166.894
3	30	2	2	147	1	2	3	27	6	1	8	1	0.53809808	27	19168.414	19168.614	19168.614	19168.814	19169.152
3	30	2	2	148	1	2	3	28	5	2	8	1	0.37183338	28	19170.626	19171.226	19171.226	19171.426	19171.598
3	30	2	2	149	1	2	3	29	2	2	1	1	0.48836046	29	19173.237	19173.837	19173.837	19174.037	19174.325
3	30	2	2	150	1	2	3	30	6	1	8	1	0.35716047	30	19175.849	19176.049	19176.049	19176.249	19176.406
3	30	2	2	151	1	6	3	1	3	1	4	1	0.76889537	1	19216.774	19216.974	19216.974	19217.174	19217.743
3	30	2	2	152	1	6	3	2	6	2	7	1	1.0540487	2	19218.986	19219.586	19219.586	19219.786	19220.64
3	30	2	2	153	1	6	3	3	6	1	7	1	0.51245242	3	19221.598	19221.798	19221.798	19221.998	19222.31
3	30	2	2	154	1	6	3	4	1	2	2	1	1.4065545	4	19223.809	19224.409	19224.409	19224.609	19225.816
3	30	2	2	155	1	6	3	5	2	1	3	1	1.4090462	5	19226.421	19226.621	19226.621	19226.821	19228.03
3	30	2	2	156	1	6	3	6	1	2	2	1	1.4717103	6	19228.633	19229.233	19229.233	19229.433	19230.704
3	30	2	2	157	1	6	3	7	6	1	7	1	1.3443842	7	19231.244	19231.444	19231.444	19231.644	19232.789
3	30	2	2	158	1	6	3	8	6	2	7	1	0.60352789	8	19233.456	19234.056	19234.056	19234.256	19234.66
3	30	2	2	159	1	6	3	9	5	1	6	1	0.65619139	9	19236.068	19236.268	19236.268	19236.468	19236.924
3	30	2	2	160	1	6	3	10	1	2	2	1	1.3166723	10	19238.28	19238.88	19238.88	19239.08	19240.197
3	30	2	2	161	1	6	3	11	6	2	7	1	0.89870584	11	19240.892	19241.492	19241.492	19241.692	19242.391
3	30	2	2	162	1	6	3	12	1	1	2	1	1.0846094	12	19243.504	19243.704	19243.704	19243.904	19244.788
3	30	2	2	163	1	6	3	13	4	2	5	1	0.51518011	13	19245.716	19246.316	19246.316	19246.516	19246.832
3	30	2	2	164	1	6	3	14	2	2	3	1	0.86921613	14	19248.328	19248.928	19248.928	19249.128	19249.798
3	30	2	2	165	1	6	3	15	5	1	6	1	0.92664973	15	19250.941	19251.141	19251.141	19251.341	19252.067
3	30	2	2	166	1	6	3	16	2	1	3	1	1.0634728	16	19253.153	19253.353	19253.353	19253.553	19254.416
3	30	2	2	167	1	6	3	17	3	1	4	1	0.81859328	17	19255.366	19255.566	19255.566	19255.766	19256.384
3	30	2	2	168	1	6	3	18	2	1	3	1	0.77478055	18	19257.578	19257.778	19257.778	19257.978	19258.552
3	30	2	2	169	1	6	3	19	5	2	6	1	0.75305369	19	19259.79	19260.39	19260.39	19260.59	19261.143
3	30	2	2	170	1	6	3	20	4	1	5	1	0.82900096	20	19262.402	19262.602	19262.602	19262.802	19263.431
3	30	2	2	171	1	6	3	21	1	1	2	1	0.81080104	21	19264.615	19264.815	19264.815	19265.015	19265.625
3	30	2	2	172	1	6	3	22	4	2	4	0	1.4203547	21	19266.827	19267.427	19267.427	19267.627	19268.847
3	30	2	2	173	1	6	3	23	4	1	5	1	0.57533929	22	19269.744	19269.944	19269.944	19270.144	19270.519
3	30	2	2	174	1	6	3	24	4	2	5	1	0.44893595	23	19271.956	19272.556	19272.556	19272.756	19273.005
3	30	2	2	175	1	6	3	25	3	2	4	1	0.71646088	24	19274.569	19275.169	19275.169	19275.369	19275.886
3	30	2	2	176	1	6	3	26	3	2	4	1	0.57451498	25	19277.182	19277.782	19277.782	19277.982	19278.356
3	30	2	2	177	1	6	3	27	5	1	6	1	0.98661884	26	19279.795	19279.995	19279.995	19280.195	19280.981
3	30	2	2	178	1	6	3	28	2	2	3	1	1.1441736	27	19282.008	19282.608	19282.608	19282.808	19283.752
3	30	2	2	179	1	6	3	29	3	2	4	1	0.92748253	28	19284.62	19285.22	19285.22	19285.42	19286.148
3	30	2	2	180	1	6	3	30	5	1	3	0	0.84491643	28	19287.233	19287.433	19287.433	19287.633	19288.278
3	30	2	2	181	2	2	4	1	5	1	8	1	0.62120112	1	19647.552	19647.752	19647.752	19647.952	19648.373
3	30	2	2	182	2	2	4	2	4	2	8	1	0.38199393	2	19649.767	19650.367	19650.367	19650.567	19650.749
3	30	2	2	183	2	2	4	3	2	1	1	1	0.40100631	3	19652.38	19652.58	19652.58	19652.78	19652.981
3	30	2	2	184	2	2	4	4	6	2	8	1	0.36373302	4	19654.593	19655.193	19655.193	19655.393	19655.557
3	30	2	2	185	2	2	4	5	5	1	8	1	0.42532978	5	19657.207	19657.407	19657.407	19657.607	19657.832
3	30	2	2	186	2	2	4	6	4	2	8	1	0.43529972	6	19659.42	19660.02	19660.02	19660.22	19660.455
3	30	2	2	187	2	2	4	7	3	1	1	1	0.52444282	7	19662.033	19662.233	19662.233	19662.433	19662.757
3	30	2	2	188	2	2	4	8	4	2	8	1	0.48267629	8	19664.25	19664.85	19664.85	19665.05	19665.332
3	30	2	2	189	2	2	4	9	6	1	8	1	0.42419705	9	19666.863	19667.063	19667.063	19667.263	19667.487
3	30	2	2	190	2	2	4	10	3	2	1	1	0.70077971	10	19669.08	19669.68	19669.68	19669.88	19670.381
3	30	2	2	191	2	2	4	11	1	2	1	1	0.48123224	11	19671.694	19672.294	19672.294	19672.494	19672.776
3	30	2	2	192	2	2	4	12	6	1	8	1	0.40835308	12	19674.308	19674.508	19674.508	19674.708	19674.916
3	30	2	2	193	2	2	4	13	1	2	1	1	0.41338595	13	19676.522	19677.122	19677.122	19677.322	19677.535
3	30	2	2	194	2	2	4	14	2	2	1	1	0.47986902	14	19679.135	19679.735	19679.735	19679.935	19680.215
3	30	2	2	195	2	2	4	15	6	1	8	1	0.58474652	15	19681.749	19681.949	19681.949	19682.149	19682.534
3	30	2	2	196	2	2	4	16	2	1	1	1	0.43573418	16	19683.963	19684.163	19684.163	19684.363	19684.599
3	30	2	2	197	2	2	4	17	3	1	1	1	0.57438217	17	19686.178	19686.378	19686.378	19686.578	19686.952
3	30	2	2	198	2	2	4	18	6	1	8	1	0.35181787	18	19688.391	19688.591	19688.591	19688.791	19688.943
3	30	2	2	199	2	2	4	19	3	2	1	1	0.63276978	19	19690.605	19691.205	19691.205	19691.405	19691.838
3	30	2	2	200	2	2	4	20	5	1	8	1	0.44381182	20	19693.219	19693.419	19693.419	19693.619	19693.863
3	30	2	2	201	2	2	4	21	1	1	1	1	0.50212742	21	19695.433	19695.633	19695.633	19695.833	19696.135
3	30	2	2	202	2	2	4	22	4	2	8	1	0.31394451	22	19697.647	19698.247	19698.247	19698.447	19698.561
3	30	2	2	203	2	2	4	23	1	1	1	1	0.51866635	23	19700.262	19700.462	19700.462	19700.662	19700.981
3	30	2	2	204	2	2	4	24	2	2	1	1	0.41732652	24	19702.479	19703.079	19703.079	19703.279	19703.496
3	30	2	2	205	2	2	4	25	5	2	8	1	0.36089916	25	19705.094	19705.694	19705.694	19705.894	19706.054
3	30	2	2	206	2	2	4	26	1	2	1	1	0.37100356	26	19707.707	19708.307	19708.307	19708.507	19708.678
3	30	2	2	207	2	2	4	27	3	1	1	1	0.53308783	27	19710.321	19710.521	19710.521	19710.721	19711.054
3	30	2	2	208	2	2	4	28	5	2	8	1	0.41655651	28	19712.536	19713.136	19713.136	19713.336	19713.552
3	30	2	2	209	2	2	4	29	2	2	1	1	0.46311007	29	19715.15	19715.75	19715.75	19715.95	19716.213
3	30	2	2	210	2	2	4	30	4	1	8	1	0.42422699	30	19717.764	19717.964	19717.964	19718.164	19718.388
3	30	2	2	211	2	6	4	1	5	1	6	1	1.0760041	1	19748.05	19748.25	19748.25	19748.45	19749.326
3	30	2	2	212	2	6	4	2	1	2	2	1	1.1894038	2	19750.265	19750.865	19750.865	19751.065	19752.055
3	30	2	2	213	2	6	4	3	6	1	7	1	1.0841995	3	19752.879	19753.079	19753.079	19753.279	19754.164
3	30	2	2	214	2	6	4	4	2	2	3	1	0.87220547	4	19755.094	19755.694	19755.694	19755.894	19756.566
3	30	2	2	215	2	6	4	5	1	1	2	1	0.78505554	5	19757.708	19757.908	19757.908	19758.108	19758.693
3	30	2	2	216	2	6	4	6	5	2	6	1	0.94072502	6	19759.922	19760.522	19760.522	19760.722	19761.463
3	30	2	2	217	2	6	4	7	3	1	4	1	0.69185953	7	19762.536	19762.736	19762.736	19762.936	19763.428
3	30	2	2	218	2	6	4	8	6	2	7	1	0.63070526	8	19764.75	19765.351	19765.351	19765.551	19765.981
3	30	2	2	219	2	6	4	9	5	1	6	1	0.87400013	9	19767.365	19767.565	19767.565	19767.765	19768.439
3	30	2	2	220	2	6	4	10	3	2	4	1	0.8443836	10	19769.58	19770.18	19770.18	19770.38	19771.024
3	30	2	2	221	2	6	4	11	2	2	3	1	0.98442509	11	19772.196	19772.796	19772.796	19772.996	19773.781
3	30	2	2	222	2	6	4	12	3	1	4	1	1.0001739	12	19774.811	19775.011	19775.011	19775.211	19776.011
3	30	2	2	223	2	6	4	13	6	2	7	1	1.1807444	13	19777.026	19777.626	19777.626	19777.826	19778.806
3	30	2	2	224	2	6	4	14	5	2	6	1	0.84635975	14	19779.642	19780.242	19780.242	19780.442	19781.088
3	30	2	2	225	2	6	4	15	4	1	5	1	0.59805813	15	19782.256	19782.456	19782.456	19782.656	19783.055
3	30	2	2	226	2	6	4	16	3	1	4	1	0.7738502	16	19784.471	19784.671	19784.671	19784.871	19785.445
3	30	2	2	227	2	6	4	17	2	1	3	1	0.71673283	17	19786.689	19786.889	19786.889	19787.089	19787.606
3	30	2	2	228	2	6	4	18	2	1	3	1	0.55060245	18	19788.904	19789.104	19789.104	19789.304	19789.654
3	30	2	2	229	2	6	4	19	1	2	2	1	0.81575092	19	19791.118	19791.718	19791.718	19791.918	19792.534
3	30	2	2	230	2	6	4	20	1	1	2	1	0.79903887	20	19793.733	19793.933	19793.933	19794.133	19794.732
3	30	2	2	231	2	6	4	21	5	1	6	1	1.1716806	21	19795.948	19796.148	19796.148	19796.348	19797.32
3	30	2	2	232	2	6	4	22	6	2	7	1	0.85717734	22	19798.164	19798.764	19798.764	19798.964	19799.621
3	30	2	2	233	2	6	4	23	1	1	2	1	0.79274734	23	19800.779	19800.979	19800.979	19801.179	19801.772
3	30	2	2	234	2	6	4	24	2	2	3	1	0.77003711	24	19802.994	19803.594	19803.594	19803.794	19804.364
3	30	2	2	235	2	6	4	25	4	2	5	1	1.067281	25	19805.609	19806.209	19806.209	19806.409	19807.277
3	30	2	2	236	2	6	4	26	4	2	5	1	0.42215958	26	19808.225	19808.825	19808.825	19809.025	19809.247
3	30	2	2	237	2	6	4	27	4	1	5	1	0.45407706	27	19810.84	19811.04	19811.04	19811.24	19811.494
3	30	2	2	238	2	6	4	28	6	2	7	1	0.76319092	28	19813.059	19813.659	19813.659	19813.859	19814.422
3	30	2	2	239	2	6	4	29	4	2	5	1	0.58663348	29	19815.676	19816.276	19816.276	19816.476	19816.863
3	30	2	2	240	2	6	4	30	3	1	4	1	0.70946422	30	19818.296	19818.496	19818.496	19818.696	19819.205
3	30	2	2	241	2	2	5	1	3	1	1	1	0.48671082	1	19848.569	19848.769	19848.769	19848.969	19849.256
3	30	2	2	242	2	2	5	2	6	2	8	1	0.52356844	2	19850.785	19851.385	19851.385	19851.585	19851.909
3	30	2	2	243	2	2	5	3	2	1	1	1	0.65611008	3	19853.404	19853.604	19853.604	19853.804	19854.26
3	30	2	2	244	2	2	5	4	5	2	8	1	0.44303428	4	19855.619	19856.219	19856.219	19856.419	19856.662
3	30	2	2	245	2	2	5	5	1	1	1	1	0.522234	5	19858.237	19858.437	19858.437	19858.637	19858.959
3	30	2	2	246	2	2	5	6	6	2	8	1	0.31419687	6	19860.453	19861.053	19861.053	19861.253	19861.367
3	30	2	2	247	2	2	5	7	6	1	8	1	0.44544125	7	19863.068	19863.268	19863.268	19863.468	19863.713
3	30	2	2	248	2	2	5	8	4	2	8	1	0.45818264	8	19865.284	19865.884	19865.884	19866.084	19866.342
3	30	2	2	249	2	2	5	9	4	1	8	1	0.44279688	9	19867.899	19868.099	19868.099	19868.299	19868.542
3	30	2	2	250	2	2	5	10	2	2	1	1	0.43053902	10	19870.119	19870.719	19870.719	19870.919	19871.149
3	30	2	2	251	2	2	5	11	4	2	8	1	0.50050013	11	19872.735	19873.335	19873.335	19873.535	19873.836
3	30	2	2	252	2	2	5	12	1	1	1	1	0.81492788	12	19875.352	19875.552	19875.552	19875.752	19876.367
3	30	2	2	253	2	2	5	13	5	2	8	1	0.44422222	13	19877.568	19878.168	19878.168	19878.368	19878.612
3	30	2	2	254	2	2	5	14	5	2	8	1	0.51464052	14	19880.184	19880.784	19880.784	19880.984	19881.299
3	30	2	2	255	2	2	5	15	1	1	1	1	0.46890781	15	19882.8	19883	19883	19883.2	19883.469
3	30	2	2	256	2	2	5	16	6	1	8	1	0.4124505	16	19885.016	19885.216	19885.216	19885.416	19885.628
3	30	2	2	257	2	2	5	17	3	1	1	1	0.50105305	17	19887.232	19887.432	19887.432	19887.632	19887.933
3	30	2	2	258	2	2	5	18	5	1	8	1	0.4061433	18	19889.448	19889.648	19889.648	19889.848	19890.055
3	30	2	2	259	2	2	5	19	5	2	8	1	0.365388	19	19891.665	19892.265	19892.265	19892.465	19892.63
3	30	2	2	260	2	2	5	20	1	1	1	1	0.50899366	20	19894.282	19894.482	19894.482	19894.682	19894.991
3	30	2	2	261	2	2	5	21	2	1	1	1	0.44318852	21	19896.498	19896.698	19896.698	19896.898	19897.141
3	30	2	2	262	2	2	5	22	3	2	1	1	0.41704035	22	19898.715	19899.315	19899.315	19899.515	19899.732
3	30	2	2	263	2	2	5	23	6	1	8	1	0.37649147	23	19901.331	19901.531	19901.531	19901.731	19901.907
3	30	2	2	264	2	2	5	24	1	2	1	1	0.37894299	24	19903.548	19904.148	19904.148	19904.348	19904.527
3	30	2	2	265	2	2	5	25	4	2	8	1	0.42004457	25	19906.164	19906.764	19906.764	19906.964	19907.184
3	30	2	2	266	2	2	5	26	4	2	8	1	1.3911582	26	19908.782	19909.382	19909.382	19909.582	19910.773
3	30	2	2	267	2	2	5	27	2	1	1	1	0.52674259	27	19911.399	19911.599	19911.599	19911.799	19912.125
3	30	2	2	268	2	2	5	28	3	2	1	1	0.41507042	28	19913.615	19914.215	19914.215	19914.415	19914.631
3	30	2	2	269	2	2	5	29	2	2	1	1	0.38911473	29	19916.232	19916.832	19916.832	19917.032	19917.221
3	30	2	2	270	2	2	5	30	3	1	1	1	0.39138543	30	19918.848	19919.048	19919.048	19919.248	19919.44
3	30	2	2	271	2	6	5	1	6	1	7	1	0.95751431	1	19949.128	19949.328	19949.328	19949.528	19950.286
3	30	2	2	272	2	6	5	2	2	2	3	1	1.6089978	2	19951.345	19951.945	19951.945	19952.145	19953.554
3	30	2	2	273	2	6	5	3	2	1	3	1	0.80370811	3	19953.963	19954.163	19954.163	19954.363	19954.967
3	30	2	2	274	2	6	5	4	1	2	2	1	0.71979431	4	19956.18	19956.78	19956.78	19956.98	19957.499
3	30	2	2	275	2	6	5	5	2	1	3	1	1.4479725	5	19958.797	19958.997	19958.997	19959.197	19960.445
3	30	2	2	276	2	6	5	6	3	2	4	1	0.7027027	6	19961.014	19961.614	19961.614	19961.814	19962.316
3	30	2	2	277	2	6	5	7	6	1	7	1	0.81190686	7	19963.631	19963.831	19963.831	19964.031	19964.643
3	30	2	2	278	2	6	5	8	1	2	2	1	0.69660978	8	19965.892	19966.492	19966.492	19966.692	19967.189
3	30	2	2	279	2	6	5	9	5	1	6	1	0.50314046	9	19968.51	19968.71	19968.71	19968.91	19969.213
3	30	2	2	280	2	6	5	10	2	2	3	1	0.57672414	10	19970.727	19971.327	19971.327	19971.527	19971.904
3	30	2	2	281	2	6	5	11	4	2	5	1	1.0149986	11	19973.345	19973.945	19973.945	19974.145	19974.96
3	30	2	2	282	2	6	5	12	6	1	7	1	0.83623469	12	19975.963	19976.163	19976.163	19976.363	19976.999
3	30	2	2	283	2	6	5	13	3	2	4	1	0.71609079	13	19978.18	19978.78	19978.78	19978.98	19979.496
3	30	2	2	284	2	6	5	14	4	2	5	1	0.81500585	14	19980.797	19981.397	19981.397	19981.597	19982.212
3	30	2	2	285	2	6	5	15	6	1	7	1	1.1178908	15	19983.415	19983.615	19983.615	19983.815	19984.733
3	30	2	2	286	2	6	5	16	4	1	5	1	0.66093293	16	19985.633	19985.833	19985.833	19986.033	19986.494
3	30	2	2	287	2	6	5	17	2	1	3	1	0.6735444	17	19987.85	19988.05	19988.05	19988.25	19988.724
3	30	2	2	288	2	6	5	18	3	1	4	1	1.0527583	18	19990.067	19990.267	19990.267	19990.467	19991.32
3	30	2	2	289	2	6	5	19	4	2	5	1	0.4355854	19	19992.285	19992.885	19992.885	19993.085	19993.32
3	30	2	2	290	2	6	5	20	1	1	2	1	0.74868978	20	19994.902	19995.103	19995.103	19995.303	19995.852
3	30	2	2	291	2	6	5	21	5	1	6	1	1.5240393	21	19997.121	19997.321	19997.321	19997.521	19998.845
3	30	2	2	292	2	6	5	22	5	2	6	1	0.45237859	22	19999.339	19999.939	19999.939	20000.139	20000.391
3	30	2	2	293	2	6	5	23	3	1	4	1	0.68821568	23	20001.956	20002.156	20002.156	20002.356	20002.844
3	30	2	2	294	2	6	5	24	1	2	2	1	1.5369741	24	20004.174	20004.774	20004.774	20004.974	20006.311
3	30	2	2	295	2	6	5	25	5	2	6	1	1.8950926	25	20006.791	20007.391	20007.391	20007.591	20009.287
3	30	2	2	296	2	6	5	26	1	2	2	1	1.6658139	26	20009.409	20010.009	20010.009	20010.209	20011.675
3	30	2	2	297	2	6	5	27	5	1	3	0	0.83487025	26	20012.028	20012.228	20012.228	20012.428	20013.062
3	30	2	2	298	2	6	5	28	4	2	5	1	0.80728476	27	20014.246	20014.846	20014.846	20015.046	20015.653
3	30	2	2	299	2	6	5	29	3	2	4	1	0.86754671	28	20016.865	20017.465	20017.465	20017.665	20018.333
3	30	2	2	300	2	6	5	30	6	1	7	1	1.1306331	29	20019.484	20019.684	20019.684	20019.884	20020.814
3	30	2	2	301	2	2	6	1	1	1	1	1	0.47656968	1	20049.737	20049.937	20049.937	20050.137	20050.414
3	30	2	2	302	2	2	6	2	3	2	1	1	0.51239366	2	20051.955	20052.555	20052.555	20052.755	20053.068
3	30	2	2	303	2	2	6	3	6	1	8	1	0.45612823	3	20054.573	20054.773	20054.773	20054.973	20055.229
3	30	2	2	304	2	2	6	4	6	2	8	1	0.55805548	4	20056.792	20057.392	20057.392	20057.592	20057.95
3	30	2	2	305	2	2	6	5	5	1	8	1	0.4036134	5	20059.41	20059.61	20059.61	20059.81	20060.013
3	30	2	2	306	2	2	6	6	5	2	8	1	0.35352174	6	20061.628	20062.228	20062.228	20062.428	20062.582
3	30	2	2	307	2	2	6	7	4	1	8	1	0.45215156	7	20064.246	20064.446	20064.446	20064.646	20064.899
3	30	2	2	308	2	2	6	8	2	2	1	1	0.42499402	8	20066.469	20067.069	20067.069	20067.269	20067.494
3	30	2	2	309	2	2	6	9	4	1	8	1	0.45316105	9	20069.087	20069.287	20069.287	20069.487	20069.74
3	30	2	2	310	2	2	6	10	3	2	1	1	0.58736582	10	20071.305	20071.905	20071.905	20072.105	20072.493
3	30	2	2	311	2	2	6	11	1	2	1	1	0.448017	11	20073.926	20074.526	20074.526	20074.726	20074.974
3	30	2	2	312	2	2	6	12	4	1	8	1	0.48631255	12	20076.545	20076.745	20076.745	20076.945	20077.231
3	30	2	2	313	2	2	6	13	1	2	1	1	0.45942435	13	20078.764	20079.364	20079.364	20079.564	20079.823
3	30	2	2	314	2	2	6	14	2	2	1	1	0.46116985	14	20081.383	20081.983	20081.983	20082.183	20082.444
3	30	2	2	315	2	2	6	15	2	1	1	1	0.51007566	15	20083.999	20084.199	20084.199	20084.399	20084.709
3	30	2	2	316	2	2	6	16	4	1	8	1	0.33159259	16	20086.217	20086.417	20086.417	20086.617	20086.749
3	30	2	2	317	2	2	6	17	1	1	1	1	0.43415225	17	20088.436	20088.636	20088.636	20088.836	20089.07
3	30	2	2	318	2	2	6	18	3	1	1	1	0.43982654	18	20090.656	20090.856	20090.856	20091.056	20091.295
3	30	2	2	319	2	2	6	19	5	2	8	1	0.37152926	19	20092.874	20093.474	20093.474	20093.674	20093.846
3	30	2	2	320	2	2	6	20	5	1	8	1	0.71175233	20	20095.494	20095.694	20095.694	20095.894	20096.405
3	30	2	2	321	2	2	6	21	1	1	1	1	0.45522982	21	20097.713	20097.913	20097.913	20098.113	20098.368
3	30	2	2	322	2	2	6	22	4	2	8	1	0.37039361	22	20099.931	20100.531	20100.531	20100.731	20100.902
3	30	2	2	323	2	2	6	23	2	1	1	1	0.6176852	23	20102.554	20102.754	20102.754	20102.954	20103.372
3	30	2	2	324	2	2	6	24	3	2	1	1	0.38403708	24	20104.773	20105.373	20105.373	20105.573	20105.757
3	30	2	2	325	2	2	6	25	5	2	8	1	0.44053595	25	20107.393	20107.993	20107.993	20108.193	20108.433
3	30	2	2	326	2	2	6	26	6	2	8	1	0.35598415	26	20110.02	20110.62	20110.62	20110.82	20110.976
3	30	2	2	327	2	2	6	27	2	1	1	1	0.52561041	27	20112.641	20112.841	20112.841	20113.041	20113.367
3	30	2	2	328	2	2	6	28	3	2	1	1	0.43996359	28	20114.861	20115.461	20115.461	20115.661	20115.901
3	30	2	2	329	2	2	6	29	6	2	8	1	0.47230836	29	20117.484	20118.084	20118.084	20118.284	20118.556
3	30	2	2	330	2	2	6	30	6	1	8	1	0.53518389	30	20120.103	20120.303	20120.303	20120.503	20120.838
3	30	2	2	331	2	6	6	1	5	1	6	1	1.0866397	1	20150.647	20150.847	20150.847	20151.047	20151.933
3	30	2	2	332	2	6	6	2	3	2	4	1	0.97123879	2	20152.866	20153.466	20153.466	20153.666	20154.437
3	30	2	2	333	2	6	6	3	4	1	5	1	0.66343168	3	20155.487	20155.687	20155.687	20155.887	20156.35
3	30	2	2	334	2	6	6	4	5	2	6	1	1.2814441	4	20157.706	20158.306	20158.306	20158.506	20159.588
3	30	2	2	335	2	6	6	5	1	1	2	1	0.7096552	5	20160.328	20160.528	20160.528	20160.728	20161.238
3	30	2	2	336	2	6	6	6	6	2	7	1	0.76827912	6	20162.547	20163.147	20163.147	20163.347	20163.916
3	30	2	2	337	2	6	6	7	5	1	6	1	0.84027148	7	20165.167	20165.367	20165.367	20165.567	20166.207
3	30	2	2	338	2	6	6	8	4	2	5	1	0.68291224	8	20167.389	20167.989	20167.989	20168.189	20168.672
3	30	2	2	339	2	6	6	9	3	1	4	1	0.66750196	9	20170.01	20170.21	20170.21	20170.41	20170.877
3	30	2	2	340	2	6	6	10	1	2	2	1	0.67597367	10	20172.233	20172.833	20172.833	20173.033	20173.509
3	30	2	2	341	2	6	6	11	2	2	3	1	0.55513066	11	20174.854	20175.454	20175.454	20175.654	20176.009
3	30	2	2	342	2	6	6	12	1	1	2	1	0.86299556	12	20177.473	20177.673	20177.673	20177.873	20178.536
3	30	2	2	343	2	6	6	13	5	2	6	1	1.3454704	13	20179.693	20180.293	20180.293	20180.493	20181.638
3	30	2	2	344	2	6	6	14	6	2	7	1	0.5421051	14	20182.313	20182.913	20182.913	20183.113	20183.455
3	30	2	2	345	2	6	6	15	1	1	2	1	0.70339473	15	20184.933	20185.133	20185.133	20185.333	20185.836
3	30	2	2	346	2	6	6	16	2	1	3	1	0.71484679	16	20187.153	20187.353	20187.353	20187.553	20188.068
3	30	2	2	347	2	6	6	17	3	1	4	1	0.72881119	17	20189.373	20189.573	20189.573	20189.773	20190.302
3	30	2	2	348	2	6	6	18	3	1	4	1	0.65289351	18	20191.593	20191.793	20191.793	20191.993	20192.446
3	30	2	2	349	2	6	6	19	4	2	5	1	0.62193676	19	20193.816	20194.416	20194.416	20194.616	20195.038
3	30	2	2	350	2	6	6	20	6	1	7	1	0.96958628	20	20196.436	20196.636	20196.636	20196.836	20197.606
3	30	2	2	351	2	6	6	21	1	1	2	1	1.530042	21	20198.66	20198.86	20198.86	20199.06	20200.39
3	30	2	2	352	2	6	6	22	5	2	6	1	1.09282	22	20200.88	20201.48	20201.48	20201.68	20202.573
3	30	2	2	353	2	6	6	23	6	1	7	1	1.0562346	23	20203.503	20203.703	20203.703	20203.903	20204.76
3	30	2	2	354	2	6	6	24	2	2	3	1	0.79440291	24	20205.724	20206.324	20206.324	20206.524	20207.118
3	30	2	2	355	2	6	6	25	4	2	5	1	0.95883852	25	20208.344	20208.944	20208.944	20209.144	20209.903
3	30	2	2	356	2	6	6	26	6	2	7	1	0.82646651	26	20210.964	20211.564	20211.564	20211.764	20212.39
3	30	2	2	357	2	6	6	27	3	1	4	1	0.46877784	27	20213.584	20213.784	20213.784	20213.984	20214.253
3	30	2	2	358	2	6	6	28	4	2	5	1	0.59447027	28	20215.805	20216.405	20216.405	20216.605	20216.999
3	30	2	2	359	2	6	6	29	2	2	3	1	0.90749869	29	20218.425	20219.025	20219.025	20219.225	20219.932
3	30	2	2	360	2	6	6	30	2	1	3	1	0.54656497	30	20221.051	20221.251	20221.251	20221.451	20221.797
3	30	2	2	361	3	2	7	1	2	1	1	1	0.5309123	1	21172.451	21172.651	21172.651	21172.851	21173.182
3	30	2	2	362	3	2	7	2	2	2	1	1	0.35055082	2	21174.672	21175.272	21175.272	21175.472	21175.623
3	30	2	2	363	3	2	7	3	6	1	8	1	0.36639115	3	21177.293	21177.493	21177.493	21177.693	21177.86
3	30	2	2	364	3	2	7	4	3	2	1	1	0.59836373	4	21179.52	21180.12	21180.12	21180.32	21180.719
3	30	2	2	365	3	2	7	5	2	1	1	1	0.418489	5	21182.141	21182.341	21182.341	21182.541	21182.76
3	30	2	2	366	3	2	7	6	6	2	8	1	0.33926405	6	21184.362	21184.962	21184.962	21185.162	21185.301
3	30	2	2	367	3	2	7	7	5	1	8	1	0.3751091	7	21186.983	21187.183	21187.183	21187.383	21187.558
3	30	2	2	368	3	2	7	8	2	2	1	1	0.39947447	8	21189.204	21189.804	21189.804	21190.004	21190.204
3	30	2	2	369	3	2	7	9	5	1	8	1	0.47367938	9	21191.826	21192.026	21192.026	21192.227	21192.5
3	30	2	2	370	3	2	7	10	6	2	8	1	0.46143121	10	21194.048	21194.648	21194.648	21194.848	21195.109
3	30	2	2	371	3	2	7	11	1	2	1	1	0.42622227	11	21196.669	21197.269	21197.269	21197.469	21197.695
3	30	2	2	372	3	2	7	12	4	1	8	1	0.41752869	12	21199.294	21199.494	21199.494	21199.694	21199.911
3	30	2	2	373	3	2	7	13	5	2	8	1	0.42045579	13	21201.515	21202.115	21202.115	21202.315	21202.535
3	30	2	2	374	3	2	7	14	2	2	1	1	0.43187105	14	21204.136	21204.736	21204.736	21204.936	21205.168
3	30	2	2	375	3	2	7	15	3	1	1	1	0.46398192	15	21206.756	21206.956	21206.956	21207.156	21207.42
3	30	2	2	376	3	2	7	16	3	1	1	1	0.43007801	16	21208.978	21209.178	21209.178	21209.378	21209.608
3	30	2	2	377	3	2	7	17	6	1	8	1	0.45543011	17	21211.199	21211.399	21211.399	21211.599	21211.854
3	30	2	2	378	3	2	7	18	4	1	8	1	0.41577033	18	21213.42	21213.62	21213.62	21213.82	21214.036
3	30	2	2	379	3	2	7	19	4	2	8	1	0.42735397	19	21215.642	21216.242	21216.242	21216.442	21216.669
3	30	2	2	380	3	2	7	20	6	1	8	1	0.43982366	20	21218.263	21218.463	21218.463	21218.663	21218.903
3	30	2	2	381	3	2	7	21	3	1	1	1	0.43228012	21	21220.485	21220.685	21220.685	21220.885	21221.117
3	30	2	2	382	3	2	7	22	4	2	8	1	0.4111504	22	21222.706	21223.306	21223.306	21223.506	21223.717
3	30	2	2	383	3	2	7	23	1	1	1	1	0.43752624	23	21225.327	21225.527	21225.527	21225.727	21225.964
3	30	2	2	384	3	2	7	24	1	2	1	1	0.41868896	24	21227.549	21228.149	21228.149	21228.349	21228.568
3	30	2	2	385	3	2	7	25	1	2	1	1	0.50708355	25	21230.171	21230.771	21230.771	21230.971	21231.278
3	30	2	2	386	3	2	7	26	1	2	1	1	0.47589286	26	21232.792	21233.392	21233.392	21233.592	21233.868
3	30	2	2	387	3	2	7	27	5	1	8	1	0.42434002	27	21235.414	21235.614	21235.614	21235.814	21236.039
3	30	2	2	388	3	2	7	28	3	2	1	1	0.44968583	28	21237.636	21238.236	21238.236	21238.436	21238.686
3	30	2	2	389	3	2	7	29	4	2	8	1	0.47742127	29	21240.259	21240.859	21240.859	21241.059	21241.336
3	30	2	2	390	3	2	7	30	5	1	8	1	0.42605958	30	21242.882	21243.082	21243.082	21243.282	21243.508
3	30	2	2	391	3	6	7	1	1	1	2	1	0.61791107	1	21273.411	21273.611	21273.611	21273.811	21274.228
3	30	2	2	392	3	6	7	2	4	2	5	1	0.68124446	2	21275.636	21276.236	21276.236	21276.436	21276.917
3	30	2	2	393	3	6	7	3	5	1	6	1	1.4858896	3	21278.258	21278.458	21278.458	21278.658	21279.944
3	30	2	2	394	3	6	7	4	6	2	7	1	0.43075191	4	21280.48	21281.08	21281.08	21281.28	21281.511
3	30	2	2	395	3	6	7	5	3	1	4	1	0.75118212	5	21283.102	21283.302	21283.302	21283.502	21284.053
3	30	2	2	396	3	6	7	6	2	2	3	1	0.75168973	6	21285.324	21285.924	21285.924	21286.124	21286.676
3	30	2	2	397	3	6	7	7	4	1	5	1	0.55574512	7	21287.946	21288.146	21288.146	21288.346	21288.702
3	30	2	2	398	3	6	7	8	4	2	5	1	0.76488218	8	21290.168	21290.768	21290.768	21290.968	21291.533
3	30	2	2	399	3	6	7	9	2	1	3	1	0.71254262	9	21292.79	21292.99	21292.99	21293.19	21293.702
3	30	2	2	400	3	6	7	10	3	2	4	1	0.70443927	10	21295.012	21295.612	21295.612	21295.812	21296.317
3	30	2	2	401	3	6	7	11	5	2	6	1	0.84534667	11	21297.634	21298.234	21298.235	21298.435	21299.08
3	30	2	2	402	3	6	7	12	2	1	3	1	0.76327265	12	21300.26	21300.46	21300.46	21300.66	21301.223
3	30	2	2	403	3	6	7	13	3	2	4	1	0.69216373	13	21302.482	21303.082	21303.082	21303.282	21303.774
3	30	2	2	404	3	6	7	14	2	2	3	1	0.75755673	14	21305.105	21305.705	21305.705	21305.905	21306.462
3	30	2	2	405	3	6	7	15	6	1	7	1	0.86398583	15	21307.728	21307.928	21307.928	21308.128	21308.792
3	30	2	2	406	3	6	7	16	3	1	4	1	1.2099612	16	21309.95	21310.15	21310.15	21310.35	21311.36
3	30	2	2	407	3	6	7	17	6	1	7	1	0.86451037	17	21312.22	21312.42	21312.42	21312.621	21313.285
3	30	2	2	408	3	6	7	18	1	1	2	1	0.87550653	18	21314.443	21314.643	21314.643	21314.843	21315.518
3	30	2	2	409	3	6	7	19	1	2	2	1	0.82834259	19	21316.665	21317.266	21317.266	21317.466	21318.094
3	30	2	2	410	3	6	7	20	3	1	4	1	1.1174517	20	21319.289	21319.489	21319.489	21319.689	21320.607
3	30	2	2	411	3	6	7	21	6	1	7	1	0.73327415	21	21321.512	21321.712	21321.712	21321.912	21322.445
3	30	2	2	412	3	6	7	22	5	2	6	1	1.1919135	22	21323.735	21324.335	21324.335	21324.535	21325.527
3	30	2	2	413	3	6	7	23	1	1	2	1	1.0163776	23	21326.358	21326.558	21326.558	21326.758	21327.574
3	30	2	2	414	3	6	7	24	5	2	6	1	0.87415323	24	21328.581	21329.181	21329.181	21329.381	21330.055
3	30	2	2	415	3	6	7	25	1	2	2	1	0.81664521	25	21331.204	21331.804	21331.804	21332.004	21332.621
3	30	2	2	416	3	6	7	26	6	2	7	1	1.1552923	26	21333.828	21334.428	21334.428	21334.628	21335.583
3	30	2	2	417	3	6	7	27	2	1	3	1	0.65377743	27	21336.45	21336.65	21336.65	21336.85	21337.304
3	30	2	2	418	3	6	7	28	4	2	5	1	0.46042888	28	21338.674	21339.274	21339.274	21339.474	21339.734
3	30	2	2	419	3	6	7	29	4	2	5	1	0.42960534	29	21341.297	21341.897	21341.897	21342.097	21342.327
3	30	2	2	420	3	6	7	30	5	1	6	1	1.0603876	30	21343.92	21344.12	21344.12	21344.32	21345.18
3	30	2	2	421	3	2	8	1	1	1	1	1	0.54399465	1	21374.2	21374.4	21374.4	21374.6	21374.944
3	30	2	2	422	3	2	8	2	5	2	8	1	0.39228619	2	21376.423	21377.023	21377.023	21377.223	21377.415
3	30	2	2	423	3	2	8	3	1	1	1	1	0.46447589	3	21379.047	21379.247	21379.247	21379.447	21379.711
3	30	2	2	424	3	2	8	4	5	2	8	1	0.36673753	4	21381.305	21381.905	21381.905	21382.105	21382.272
3	30	2	2	425	3	2	8	5	4	1	8	1	0.4848643	5	21383.928	21384.128	21384.128	21384.328	21384.613
3	30	2	2	426	3	2	8	6	5	2	8	1	0.36602978	6	21386.151	21386.751	21386.751	21386.951	21387.117
3	30	2	2	427	3	2	8	7	2	1	1	1	0.45393463	7	21388.774	21388.974	21388.974	21389.175	21389.428
3	30	2	2	428	3	2	8	8	2	2	1	1	0.44217131	8	21390.998	21391.598	21391.598	21391.798	21392.04
3	30	2	2	429	3	2	8	9	4	1	8	1	0.38849522	9	21393.623	21393.823	21393.823	21394.023	21394.212
3	30	2	2	430	3	2	8	10	3	2	1	1	0.37339456	10	21395.848	21396.448	21396.448	21396.648	21396.821
3	30	2	2	431	3	2	8	11	3	2	1	1	0.42556272	11	21398.474	21399.074	21399.074	21399.274	21399.5
3	30	2	2	432	3	2	8	12	6	1	8	1	0.36929268	12	21401.099	21401.299	21401.299	21401.499	21401.668
3	30	2	2	433	3	2	8	13	4	2	8	1	0.52223087	13	21403.322	21403.922	21403.922	21404.122	21404.445
3	30	2	2	434	3	2	8	14	2	2	1	1	0.50898626	14	21405.946	21406.546	21406.546	21406.746	21407.055
3	30	2	2	435	3	2	8	15	1	1	1	1	0.49444722	15	21408.57	21408.77	21408.77	21408.97	21409.264
3	30	2	2	436	3	2	8	16	2	1	1	1	0.40127092	16	21410.797	21410.997	21410.997	21411.197	21411.398
3	30	2	2	437	3	2	8	17	2	1	1	1	0.44868803	17	21413.021	21413.221	21413.221	21413.421	21413.67
3	30	2	2	438	3	2	8	18	6	1	8	1	0.54345006	18	21415.246	21415.446	21415.446	21415.646	21415.989
3	30	2	2	439	3	2	8	19	1	2	1	1	0.39166019	19	21417.469	21418.069	21418.069	21418.269	21418.461
3	30	2	2	440	3	2	8	20	5	1	8	1	0.5911468	20	21420.093	21420.293	21420.293	21420.493	21420.885
3	30	2	2	441	3	2	8	21	3	1	1	1	0.43144736	21	21422.318	21422.518	21422.518	21422.718	21422.95
3	30	2	2	442	3	2	8	22	6	2	8	1	0.36005617	22	21424.542	21425.142	21425.142	21425.342	21425.502
3	30	2	2	443	3	2	8	23	4	1	8	1	0.47029617	23	21427.167	21427.367	21427.367	21427.567	21427.837
3	30	2	2	444	3	2	8	24	6	2	8	1	0.37950331	24	21429.395	21429.995	21429.995	21430.195	21430.374
3	30	2	2	445	3	2	8	25	3	2	1	1	0.42881502	25	21432.019	21432.619	21432.619	21432.819	21433.048
3	30	2	2	446	3	2	8	26	1	2	1	1	0.50163926	26	21434.641	21435.241	21435.241	21435.441	21435.743
3	30	2	2	447	3	2	8	27	5	1	8	1	0.35695521	27	21437.265	21437.465	21437.465	21437.665	21437.822
3	30	2	2	448	3	2	8	28	3	2	1	1	0.39708885	28	21439.49	21440.09	21440.09	21440.29	21440.487
3	30	2	2	449	3	2	8	29	6	2	8	1	0.34033009	29	21442.115	21442.715	21442.715	21442.915	21443.055
3	30	2	2	450	3	2	8	30	4	1	8	1	0.40475803	30	21444.739	21444.939	21444.939	21445.139	21445.344
3	30	2	2	451	3	6	8	1	6	1	7	1	0.84611455	1	21475.029	21475.229	21475.229	21475.43	21476.076
3	30	2	2	452	3	6	8	2	4	2	5	1	0.69669668	2	21477.254	21477.854	21477.854	21478.054	21478.551
3	30	2	2	453	3	6	8	3	4	1	5	1	0.47788021	3	21479.88	21480.08	21480.08	21480.28	21480.558
3	30	2	2	454	3	6	8	4	4	2	5	1	0.41184945	4	21482.105	21482.705	21482.705	21482.905	21483.117
3	30	2	2	455	3	6	8	5	2	1	3	1	1.3924119	5	21484.731	21484.931	21484.931	21485.131	21486.323
3	30	2	2	456	3	6	8	6	1	2	2	1	0.64772074	6	21486.957	21487.557	21487.557	21487.757	21488.204
3	30	2	2	457	3	6	8	7	3	1	4	1	1.5306496	7	21489.581	21489.781	21489.781	21489.982	21491.312
3	30	2	2	458	3	6	8	8	4	2	5	1	0.67302943	8	21491.807	21492.407	21492.407	21492.607	21493.08
3	30	2	2	459	3	6	8	9	5	1	6	1	0.94591435	9	21494.434	21494.634	21494.634	21494.834	21495.58
3	30	2	2	460	3	6	8	10	3	2	4	1	0.70012648	10	21496.658	21497.258	21497.258	21497.458	21497.958
3	30	2	2	461	3	6	8	11	3	2	4	1	0.39425448	11	21499.283	21499.883	21499.883	21500.083	21500.277
3	30	2	2	462	3	6	8	12	4	1	5	1	0.52993921	12	21501.908	21502.108	21502.108	21502.308	21502.637
3	30	2	2	463	3	6	8	13	1	2	2	1	0.66112316	13	21504.137	21504.737	21504.737	21504.937	21505.398
3	30	2	2	464	3	6	8	14	1	2	2	1	0.72477388	14	21506.762	21507.362	21507.362	21507.562	21508.087
3	30	2	2	465	3	6	8	15	2	1	3	1	0.70646895	15	21509.388	21509.588	21509.588	21509.788	21510.294
3	30	2	2	466	3	6	8	16	6	1	7	1	0.66374603	16	21511.613	21511.813	21511.813	21512.013	21512.477
3	30	2	2	467	3	6	8	17	5	1	6	1	0.79882621	17	21513.839	21514.039	21514.039	21514.239	21514.838
3	30	2	2	468	3	6	8	18	2	1	3	1	0.67630356	18	21516.064	21516.264	21516.264	21516.464	21516.941
3	30	2	2	469	3	6	8	19	6	2	7	1	0.69803449	19	21518.29	21518.89	21518.89	21519.09	21519.588
3	30	2	2	470	3	6	8	20	3	1	5	0	0.95562345	19	21520.915	21521.115	21521.115	21521.315	21522.071
3	30	2	2	471	3	6	8	21	5	1	6	1	1.2710891	20	21523.141	21523.341	21523.341	21523.541	21524.612
3	30	2	2	472	3	6	8	22	6	2	7	1	0.65459098	21	21525.368	21525.968	21525.968	21526.169	21526.623
3	30	2	2	473	3	6	8	23	5	1	6	1	0.77263596	22	21527.994	21528.194	21528.194	21528.394	21528.966
3	30	2	2	474	3	6	8	24	2	2	3	1	1.0196117	23	21530.219	21530.819	21530.819	21531.019	21531.839
3	30	2	2	475	3	6	8	25	1	2	2	1	0.63105517	24	21532.848	21533.448	21533.448	21533.648	21534.079
3	30	2	2	476	3	6	8	26	2	2	3	1	0.71845132	25	21535.473	21536.073	21536.073	21536.273	21536.791
3	30	2	2	477	3	6	8	27	3	1	4	1	0.60207247	26	21538.099	21538.299	21538.299	21538.499	21538.901
3	30	2	2	478	3	6	8	28	5	2	6	1	1.1016138	27	21540.328	21540.928	21540.928	21541.128	21542.029
3	30	2	2	479	3	6	8	29	6	2	7	1	0.94240499	28	21542.954	21543.554	21543.554	21543.754	21544.496
3	30	2	2	480	3	6	8	30	1	1	2	1	0.72796348	29	21545.583	21545.783	21545.783	21545.983	21546.511
3	30	2	2	481	3	2	9	1	2	1	1	1	0.58483831	1	21575.869	21576.069	21576.069	21576.269	21576.654
3	30	2	2	482	3	2	9	2	3	2	1	1	0.44867435	2	21578.095	21578.695	21578.695	21578.895	21579.144
3	30	2	2	483	3	2	9	3	1	1	1	1	0.47616727	3	21580.721	21580.921	21580.921	21581.121	21581.397
3	30	2	2	484	3	2	9	4	4	2	8	1	0.36223204	4	21582.947	21583.547	21583.547	21583.747	21583.909
3	30	2	2	485	3	2	9	5	6	1	8	1	0.47387997	5	21585.572	21585.772	21585.772	21585.972	21586.246
3	30	2	2	486	3	2	9	6	5	2	8	1	0.37005433	6	21587.798	21588.398	21588.398	21588.598	21588.768
3	30	2	2	487	3	2	9	7	1	1	1	1	0.38089879	7	21590.425	21590.625	21590.625	21590.825	21591.006
3	30	2	2	488	3	2	9	8	3	2	1	1	0.33910017	8	21592.65	21593.25	21593.25	21593.45	21593.589
3	30	2	2	489	3	2	9	9	6	1	8	1	0.43152973	9	21595.277	21595.477	21595.477	21595.677	21595.908
3	30	2	2	490	3	2	9	10	6	2	8	1	0.30161287	10	21597.514	21598.114	21598.114	21598.314	21598.416
3	30	2	2	491	3	2	9	11	2	2	1	1	0.68662583	11	21600.142	21600.742	21600.742	21600.942	21601.429
3	30	2	2	492	3	2	9	12	6	1	8	1	0.47081741	12	21602.769	21602.969	21602.969	21603.169	21603.439
3	30	2	2	493	3	2	9	13	6	2	8	1	0.37956753	13	21604.996	21605.596	21605.596	21605.796	21605.976
3	30	2	2	494	3	2	9	14	5	2	8	1	0.50299193	14	21607.622	21608.222	21608.222	21608.422	21608.725
3	30	2	2	495	3	2	9	15	5	1	8	1	0.44569288	15	21610.249	21610.449	21610.449	21610.649	21610.894
3	30	2	2	496	3	2	9	16	1	1	1	1	0.43760769	16	21612.528	21612.728	21612.728	21612.928	21613.166
3	30	2	2	497	3	2	9	17	3	1	1	1	0.39764516	17	21614.754	21614.954	21614.954	21615.154	21615.352
3	30	2	2	498	3	2	9	18	4	1	8	1	0.32175953	18	21616.98	21617.18	21617.18	21617.38	21617.502
3	30	2	2	499	3	2	9	19	1	2	1	1	0.47160318	19	21619.207	21619.807	21619.807	21620.007	21620.278
3	30	2	2	500	3	2	9	20	4	1	1	0	0.42855987	19	21621.833	21622.033	21622.033	21622.233	21622.462
3	30	2	2	501	3	2	9	21	5	1	8	1	0.36797064	20	21624.06	21624.26	21624.26	21624.46	21624.628
3	30	2	2	502	3	2	9	22	2	2	1	1	0.464692	21	21626.287	21626.887	21626.887	21627.087	21627.352
3	30	2	2	503	3	2	9	23	2	1	1	1	0.47388434	22	21628.914	21629.114	21629.114	21629.314	21629.588
3	30	2	2	504	3	2	9	24	4	2	8	1	0.35198531	23	21631.141	21631.741	21631.741	21631.941	21632.093
3	30	2	2	505	3	2	9	25	1	2	1	1	0.44221909	24	21633.77	21634.37	21634.37	21634.57	21634.812
3	30	2	2	506	3	2	9	26	3	2	1	1	0.48860956	25	21636.396	21636.996	21636.996	21637.196	21637.485
3	30	2	2	507	3	2	9	27	2	1	1	1	0.50777253	26	21639.025	21639.225	21639.225	21639.426	21639.733
3	30	2	2	508	3	2	9	28	3	2	1	1	0.43918795	27	21641.253	21641.853	21641.853	21642.053	21642.292
3	30	2	2	509	3	2	9	29	5	2	8	1	0.36560904	28	21643.88	21644.48	21644.48	21644.68	21644.845
3	30	2	2	510	3	2	9	30	4	1	8	1	0.38604812	29	21646.508	21646.708	21646.708	21646.908	21647.094
3	30	2	2	511	3	6	9	1	1	1	2	1	0.68363403	1	21677.009	21677.209	21677.209	21677.409	21677.893
3	30	2	2	512	3	6	9	2	2	2	3	1	0.68940108	2	21679.236	21679.836	21679.836	21680.036	21680.526
3	30	2	2	513	3	6	9	3	3	1	4	1	0.59525863	3	21681.865	21682.065	21682.065	21682.265	21682.66
3	30	2	2	514	3	6	9	4	5	2	6	1	1.10453	4	21684.091	21684.691	21684.692	21684.892	21685.796
3	30	2	2	515	3	6	9	5	1	1	2	1	0.92508487	5	21686.719	21686.919	21686.919	21687.119	21687.844
3	30	2	2	516	3	6	9	6	3	2	4	1	0.81835836	6	21688.946	21689.546	21689.546	21689.746	21690.364
3	30	2	2	517	3	6	9	7	6	1	7	1	0.60784963	7	21691.573	21691.773	21691.773	21691.973	21692.381
3	30	2	2	518	3	6	9	8	2	2	3	1	0.69275269	8	21693.802	21694.402	21694.402	21694.602	21695.095
3	30	2	2	519	3	6	9	9	6	1	7	1	0.62489653	9	21696.429	21696.629	21696.629	21696.829	21697.254
3	30	2	2	520	3	6	9	10	5	2	6	1	0.48343372	10	21698.657	21699.257	21699.257	21699.457	21699.74
3	30	2	2	521	3	6	9	11	6	2	7	1	0.84264332	11	21701.284	21701.884	21701.884	21702.084	21702.727
3	30	2	2	522	3	6	9	12	4	1	5	1	0.43573417	12	21703.914	21704.114	21704.114	21704.314	21704.55
3	30	2	2	523	3	6	9	13	4	2	5	1	0.49643397	13	21706.142	21706.742	21706.742	21706.942	21707.238
3	30	2	2	524	3	6	9	14	4	2	5	1	0.45987421	14	21708.77	21709.37	21709.37	21709.57	21709.83
3	30	2	2	525	3	6	9	15	3	1	4	1	0.44677093	15	21711.4	21711.6	21711.6	21711.8	21712.046
3	30	2	2	526	3	6	9	16	5	1	6	1	0.98688641	16	21713.627	21713.827	21713.827	21714.027	21714.814
3	30	2	2	527	3	6	9	17	4	1	5	1	0.78996713	17	21715.858	21716.058	21716.058	21716.258	21716.848
3	30	2	2	528	3	6	9	18	1	1	2	1	0.58637053	18	21718.086	21718.286	21718.286	21718.486	21718.872
3	30	2	2	529	3	6	9	19	6	2	7	1	0.77467281	19	21720.318	21720.918	21720.918	21721.118	21721.693
3	30	2	2	530	3	6	9	20	2	1	3	1	0.84609606	20	21722.946	21723.146	21723.146	21723.346	21723.992
3	30	2	2	531	3	6	9	21	4	1	5	1	0.63385873	21	21725.174	21725.374	21725.374	21725.574	21726.008
3	30	2	2	532	3	6	9	22	6	2	7	1	0.74352773	22	21727.408	21728.008	21728.008	21728.208	21728.751
3	30	2	2	533	3	6	9	23	1	1	2	1	0.68882058	23	21730.036	21730.236	21730.236	21730.436	21730.925
3	30	2	2	534	3	6	9	24	2	2	3	1	1.3220525	24	21732.266	21732.866	21732.866	21733.066	21734.188
3	30	2	2	535	3	6	9	25	5	2	6	1	0.81317218	25	21734.897	21735.497	21735.497	21735.697	21736.31
3	30	2	2	536	3	6	9	26	3	2	4	1	0.83884203	26	21737.525	21738.125	21738.125	21738.325	21738.964
3	30	2	2	537	3	6	9	27	2	1	3	1	0.78114386	27	21740.153	21740.353	21740.353	21740.553	21741.134
3	30	2	2	538	3	6	9	28	5	2	6	1	1.0689411	28	21742.385	21742.985	21742.985	21743.185	21744.054
3	30	2	2	539	3	6	9	29	1	2	2	1	0.64731969	29	21745.013	21745.613	21745.613	21745.813	21746.26
3	30	2	2	540	3	6	9	30	3	1	4	1	0.74047061	30	21747.688	21747.888	21747.888	21748.088	21748.629
3	30	2	2	541	4	2	10	1	6	1	8	1	0.43460453	1	22306.469	22306.669	22306.669	22306.869	22307.104
3	30	2	2	542	4	2	10	2	3	2	1	1	0.29479991	2	22308.698	22309.298	22309.298	22309.498	22309.593
3	30	2	2	543	4	2	10	3	6	1	8	1	0.34054066	3	22311.328	22311.528	22311.528	22311.728	22311.869
3	30	2	2	544	4	2	10	4	4	2	8	1	0.46322844	4	22313.558	22314.158	22314.159	22314.359	22314.622
3	30	2	2	545	4	2	10	5	3	1	1	1	0.47405031	5	22316.187	22316.387	22316.387	22316.587	22316.861
3	30	2	2	546	4	2	10	6	2	2	1	1	0.48365941	6	22318.416	22319.016	22319.016	22319.216	22319.5
3	30	2	2	547	4	2	10	7	4	1	8	1	0.76631512	7	22321.049	22321.249	22321.249	22321.449	22322.016
3	30	2	2	548	4	2	10	8	5	2	8	1	0.47021376	8	22323.278	22323.878	22323.878	22324.078	22324.348
3	30	2	2	549	4	2	10	9	6	1	8	1	0.46916662	9	22325.907	22326.107	22326.107	22326.307	22326.576
3	30	2	2	550	4	2	10	10	5	2	8	1	0.449021	10	22328.135	22328.735	22328.735	22328.935	22329.184
3	30	2	2	551	4	2	10	11	6	2	8	1	0.47960506	11	22330.766	22331.366	22331.366	22331.566	22331.845
3	30	2	2	552	4	2	10	12	1	1	1	1	0.65166586	12	22333.395	22333.595	22333.595	22333.795	22334.246
3	30	2	2	553	4	2	10	13	3	2	1	1	0.53414609	13	22335.623	22336.223	22336.223	22336.423	22336.757
3	30	2	2	554	4	2	10	14	2	2	1	1	0.40033412	14	22338.252	22338.852	22338.852	22339.052	22339.252
3	30	2	2	555	4	2	10	15	4	1	8	1	0.78129731	15	22340.881	22341.081	22341.081	22341.281	22341.862
3	30	2	2	556	4	2	10	16	1	1	1	1	0.57489147	16	22343.11	22343.31	22343.31	22343.51	22343.885
3	30	2	2	557	4	2	10	17	5	1	8	1	0.37788321	17	22345.339	22345.539	22345.539	22345.739	22345.917
3	30	2	2	558	4	2	10	18	5	1	8	1	0.57317521	18	22347.568	22347.768	22347.768	22347.968	22348.341
3	30	2	2	559	4	2	10	19	1	2	1	1	0.43377925	19	22349.798	22350.398	22350.398	22350.598	22350.832
3	30	2	2	560	4	2	10	20	1	1	1	1	0.48163126	20	22352.427	22352.627	22352.627	22352.827	22353.109
3	30	2	2	561	4	2	10	21	6	1	8	1	0.54893036	21	22354.657	22354.857	22354.857	22355.057	22355.406
3	30	2	2	562	4	2	10	22	3	2	1	1	0.44682141	22	22356.887	22357.487	22357.487	22357.687	22357.934
3	30	2	2	563	4	2	10	23	3	1	1	1	0.57573444	23	22359.516	22359.716	22359.716	22359.916	22360.292
3	30	2	2	564	4	2	10	24	1	2	1	1	0.49199894	24	22361.746	22362.346	22362.346	22362.546	22362.838
3	30	2	2	565	4	2	10	25	2	2	1	1	0.47670109	25	22364.375	22364.975	22364.975	22365.175	22365.452
3	30	2	2	566	4	2	10	26	4	2	8	1	0.40704827	26	22367.004	22367.604	22367.604	22367.804	22368.012
3	30	2	2	567	4	2	10	27	2	1	1	1	0.45787761	27	22369.635	22369.835	22369.835	22370.035	22370.292
3	30	2	2	568	4	2	10	28	5	2	8	1	0.3968501	28	22371.864	22372.464	22372.464	22372.664	22372.861
3	30	2	2	569	4	2	10	29	2	2	1	1	0.4160345	29	22374.493	22375.093	22375.093	22375.293	22375.51
3	30	2	2	570	4	2	10	30	4	1	8	1	0.49774671	30	22377.123	22377.323	22377.323	22377.523	22377.821
3	30	2	2	571	4	6	10	1	6	1	7	1	0.73337289	1	22407.529	22407.729	22407.729	22407.929	22408.462
3	30	2	2	572	4	6	10	2	3	2	4	1	0.91797914	2	22409.758	22410.358	22410.358	22410.558	22411.276
3	30	2	2	573	4	6	10	3	2	1	3	1	0.88980242	3	22412.39	22412.59	22412.59	22412.79	22413.48
3	30	2	2	574	4	6	10	4	4	2	5	1	0.53141078	4	22414.621	22415.221	22415.221	22415.421	22415.752
3	30	2	2	575	4	6	10	5	6	1	7	1	0.74004892	5	22417.25	22417.45	22417.45	22417.65	22418.19
3	30	2	2	576	4	6	10	6	1	2	2	1	0.69534231	6	22419.48	22420.08	22420.08	22420.28	22420.775
3	30	2	2	577	4	6	10	7	2	1	3	1	0.92241406	7	22422.109	22422.309	22422.309	22422.509	22423.232
3	30	2	2	578	4	6	10	8	4	2	5	1	0.59362097	8	22424.34	22424.94	22424.94	22425.14	22425.533
3	30	2	2	579	4	6	10	9	2	1	3	1	0.83473603	9	22426.97	22427.17	22427.17	22427.37	22428.005
3	30	2	2	580	4	6	10	10	2	2	3	1	0.69184196	10	22429.2	22429.8	22429.8	22430	22430.492
3	30	2	2	581	4	6	10	11	2	2	3	1	0.61749019	11	22431.83	22432.43	22432.43	22432.63	22433.048
3	30	2	2	582	4	6	10	12	1	1	2	1	0.82493732	12	22434.46	22434.66	22434.66	22434.86	22435.485
3	30	2	2	583	4	6	10	13	3	2	4	1	1.0261549	13	22436.69	22437.29	22437.29	22437.49	22438.316
3	30	2	2	584	4	6	10	14	5	2	6	1	0.79253467	14	22439.319	22439.919	22439.919	22440.119	22440.712
3	30	2	2	585	4	6	10	15	5	1	6	1	0.44730936	15	22441.95	22442.15	22442.15	22442.35	22442.597
3	30	2	2	586	4	6	10	16	3	1	4	1	0.75322959	16	22444.181	22444.381	22444.381	22444.581	22445.134
3	30	2	2	587	4	6	10	17	3	1	4	1	0.4686429	17	22446.411	22446.611	22446.611	22446.811	22447.08
3	30	2	2	588	4	6	10	18	5	1	6	1	0.77274455	18	22448.643	22448.843	22448.843	22449.043	22449.615
3	30	2	2	589	4	6	10	19	3	2	4	1	0.65529705	19	22450.878	22451.478	22451.478	22451.678	22452.133
3	30	2	2	590	4	6	10	20	1	1	2	1	0.68672942	20	22453.509	22453.709	22453.709	22453.909	22454.396
3	30	2	2	591	4	6	10	21	4	1	5	1	0.77145592	21	22455.739	22455.939	22455.939	22456.139	22456.711
3	30	2	2	592	4	6	10	22	4	2	5	1	0.41947427	22	22457.969	22458.569	22458.569	22458.769	22458.989
3	30	2	2	593	4	6	10	23	5	1	6	1	1.0305079	23	22460.6	22460.8	22460.8	22461	22461.83
3	30	2	2	594	4	6	10	24	6	2	7	1	0.79339047	24	22462.831	22463.431	22463.431	22463.631	22464.224
3	30	2	2	595	4	6	10	25	4	2	5	1	0.58499924	25	22465.461	22466.061	22466.061	22466.261	22466.646
3	30	2	2	596	4	6	10	26	1	2	2	1	0.73106111	26	22468.092	22468.692	22468.692	22468.892	22469.423
3	30	2	2	597	4	6	10	27	1	1	2	1	0.60963377	27	22470.723	22470.923	22470.923	22471.123	22471.533
3	30	2	2	598	4	6	10	28	6	2	7	1	0.72480488	28	22472.955	22473.555	22473.555	22473.755	22474.28
3	30	2	2	599	4	6	10	29	5	2	6	1	0.99570381	29	22475.586	22476.186	22476.186	22476.386	22477.182
3	30	2	2	600	4	6	10	30	6	1	7	1	0.60633637	30	22478.217	22478.417	22478.417	22478.617	22479.023
3	30	2	2	601	4	2	11	1	6	1	8	1	0.46568222	1	22508.509	22508.709	22508.709	22508.909	22509.174
3	30	2	2	602	4	2	11	2	3	2	1	1	0.46353671	2	22510.742	22511.342	22511.342	22511.542	22511.806
3	30	2	2	603	4	2	11	3	4	1	8	1	0.40722424	3	22513.373	22513.573	22513.573	22513.773	22513.981
3	30	2	2	604	4	2	11	4	1	2	1	1	0.56955107	4	22515.604	22516.204	22516.204	22516.404	22516.774
3	30	2	2	605	4	2	11	5	3	1	1	1	0.41035582	5	22518.235	22518.435	22518.435	22518.635	22518.846
3	30	2	2	606	4	2	11	6	2	2	1	1	0.40869848	6	22520.466	22521.066	22521.066	22521.266	22521.475
3	30	2	2	607	4	2	11	7	5	1	8	1	0.36415604	7	22523.097	22523.297	22523.297	22523.497	22523.662
3	30	2	2	608	4	2	11	8	6	2	8	1	0.39511243	8	22525.329	22525.929	22525.929	22526.129	22526.324
3	30	2	2	609	4	2	11	9	3	1	1	1	0.49980831	9	22527.96	22528.16	22528.16	22528.36	22528.66
3	30	2	2	610	4	2	11	10	3	2	1	1	0.4694104	10	22530.191	22530.791	22530.791	22530.991	22531.261
3	30	2	2	611	4	2	11	11	5	2	8	1	0.34203308	11	22532.826	22533.426	22533.426	22533.626	22533.768
3	30	2	2	612	4	2	11	12	1	1	1	1	0.40671561	12	22535.457	22535.657	22535.657	22535.857	22536.063
3	30	2	2	613	4	2	11	13	4	2	8	1	0.4444852	13	22537.688	22538.288	22538.288	22538.488	22538.732
3	30	2	2	614	4	2	11	14	1	2	1	1	0.47679171	14	22540.32	22540.92	22540.92	22541.12	22541.397
3	30	2	2	615	4	2	11	15	4	1	8	1	0.47819166	15	22542.951	22543.151	22543.151	22543.351	22543.629
3	30	2	2	616	4	2	11	16	2	1	1	1	0.47987086	16	22545.182	22545.382	22545.382	22545.582	22545.862
3	30	2	2	617	4	2	11	17	4	1	8	1	0.37715277	17	22547.414	22547.614	22547.614	22547.814	22547.991
3	30	2	2	618	4	2	11	18	4	1	8	1	0.42370128	18	22549.645	22549.845	22549.845	22550.045	22550.269
3	30	2	2	619	4	2	11	19	3	2	1	1	0.39382641	19	22551.877	22552.477	22552.477	22552.677	22552.871
3	30	2	2	620	4	2	11	20	6	1	8	1	0.49151592	20	22554.509	22554.709	22554.709	22554.909	22555.201
3	30	2	2	621	4	2	11	21	2	1	1	1	0.41996506	21	22556.74	22556.94	22556.94	22557.14	22557.36
3	30	2	2	622	4	2	11	22	5	2	8	1	0.44096517	22	22558.972	22559.572	22559.572	22559.772	22560.013
3	30	2	2	623	4	2	11	23	1	1	1	1	0.49889199	23	22561.604	22561.804	22561.804	22562.004	22562.303
3	30	2	2	624	4	2	11	24	1	2	1	1	0.450587	24	22563.836	22564.436	22564.436	22564.636	22564.887
3	30	2	2	625	4	2	11	25	6	2	8	1	0.42997607	25	22566.472	22567.072	22567.072	22567.272	22567.502
3	30	2	2	626	4	2	11	26	2	2	1	1	0.52398665	26	22569.104	22569.704	22569.704	22569.904	22570.228
3	30	2	2	627	4	2	11	27	5	1	8	1	0.3804771	27	22571.736	22571.936	22571.936	22572.136	22572.317
3	30	2	2	628	4	2	11	28	6	2	8	1	0.44334456	28	22573.969	22574.569	22574.569	22574.769	22575.012
3	30	2	2	629	4	2	11	29	2	2	1	1	0.37880328	29	22576.6	22577.2	22577.2	22577.4	22577.579
3	30	2	2	630	4	2	11	30	5	1	8	1	0.40780882	30	22579.232	22579.432	22579.432	22579.632	22579.84
3	30	2	2	631	4	6	11	1	4	1	5	1	0.6594971	1	22609.869	22610.069	22610.069	22610.269	22610.729
3	30	2	2	632	4	6	11	2	3	2	4	1	0.4719876	2	22612.104	22612.704	22612.704	22612.904	22613.176
3	30	2	2	633	4	6	11	3	6	1	7	1	0.92704181	3	22614.736	22614.936	22614.936	22615.136	22615.863
3	30	2	2	634	4	6	11	4	6	2	7	1	0.5097939	4	22616.968	22617.568	22617.568	22617.768	22618.078
3	30	2	2	635	4	6	11	5	1	1	2	1	0.75037907	5	22619.6	22619.8	22619.8	22620	22620.551
3	30	2	2	636	4	6	11	6	6	2	7	1	0.5115649	6	22621.833	22622.433	22622.433	22622.633	22622.944
3	30	2	2	637	4	6	11	7	2	1	3	1	0.80156779	7	22624.468	22624.668	22624.668	22624.868	22625.469
3	30	2	2	638	4	6	11	8	5	2	6	1	0.90050066	8	22626.699	22627.299	22627.299	22627.499	22628.2
3	30	2	2	639	4	6	11	9	5	1	6	1	0.57291929	9	22629.335	22629.535	22629.535	22629.735	22630.108
3	30	2	2	640	4	6	11	10	4	2	5	1	0.67638899	10	22631.567	22632.167	22632.167	22632.367	22632.844
3	30	2	2	641	4	6	11	11	1	2	2	1	0.6225883	11	22634.2	22634.8	22634.8	22635	22635.422
3	30	2	2	642	4	6	11	12	2	1	3	1	0.70284457	12	22636.833	22637.033	22637.033	22637.233	22637.736
3	30	2	2	643	4	6	11	13	2	2	3	1	0.66878112	13	22639.065	22639.665	22639.665	22639.865	22640.334
3	30	2	2	644	4	6	11	14	3	2	4	1	0.71531427	14	22641.698	22642.298	22642.298	22642.498	22643.013
3	30	2	2	645	4	6	11	15	2	1	7	0	1.2590486	14	22644.331	22644.531	22644.531	22644.731	22645.79
3	30	2	2	646	4	6	11	16	3	1	4	1	1.9937379	15	22646.563	22646.763	22646.763	22646.963	22648.757
3	30	2	2	647	4	6	11	17	3	1	4	1	0.60192446	16	22648.797	22648.997	22648.997	22649.197	22649.599
3	30	2	2	648	4	6	11	18	1	1	2	1	0.67292745	17	22651.03	22651.23	22651.23	22651.43	22651.903
3	30	2	2	649	4	6	11	19	5	2	6	1	1.9924479	18	22653.262	22653.862	22653.862	22654.062	22655.855
3	30	2	2	650	4	6	11	20	6	1	7	1	0.63664772	19	22655.898	22656.098	22656.098	22656.298	22656.734
3	30	2	2	651	4	6	11	21	4	1	5	1	0.6835812	20	22658.132	22658.332	22658.332	22658.532	22659.016
3	30	2	2	652	4	6	11	22	2	2	3	1	1.4868862	21	22660.365	22660.965	22660.965	22661.165	22662.452
3	30	2	2	653	4	6	11	23	4	1	5	1	0.69684824	22	22662.998	22663.198	22663.198	22663.398	22663.895
3	30	2	2	654	4	6	11	24	5	2	6	1	0.83659508	23	22665.231	22665.831	22665.831	22666.031	22666.668
3	30	2	2	655	4	6	11	25	6	2	7	1	0.63881099	24	22667.864	22668.464	22668.464	22668.664	22669.103
3	30	2	2	656	4	6	11	26	3	2	4	1	0.45399016	25	22670.497	22671.097	22671.097	22671.297	22671.551
3	30	2	2	657	4	6	11	27	1	1	2	1	1.1395048	26	22673.132	22673.332	22673.332	22673.532	22674.471
3	30	2	2	658	4	6	11	28	5	2	6	1	0.64610956	27	22675.367	22675.967	22675.967	22676.167	22676.613
3	30	2	2	659	4	6	11	29	4	2	5	1	0.62003673	28	22678.001	22678.601	22678.601	22678.801	22679.221
3	30	2	2	660	4	6	11	30	1	1	2	1	0.72595562	29	22680.634	22680.834	22680.834	22681.034	22681.56
3	30	2	2	661	4	2	12	1	2	1	1	1	0.94874906	1	22710.919	22711.119	22711.119	22711.319	22712.068
3	30	2	2	662	4	2	12	2	4	2	8	1	0.57180475	2	22713.153	22713.753	22713.753	22713.953	22714.324
3	30	2	2	663	4	2	12	3	5	1	8	1	0.71408362	3	22715.787	22715.987	22715.987	22716.187	22716.701
3	30	2	2	664	4	2	12	4	5	2	8	1	0.45802241	4	22718.059	22718.659	22718.659	22718.859	22719.117
3	30	2	2	665	4	2	12	5	6	1	8	1	0.57763798	5	22720.691	22720.891	22720.891	22721.091	22721.469
3	30	2	2	666	4	2	12	6	3	2	1	1	0.60129502	6	22722.926	22723.526	22723.526	22723.726	22724.127
3	30	2	2	667	4	2	12	7	5	1	8	1	0.44091718	7	22725.559	22725.759	22725.759	22725.959	22726.2
3	30	2	2	668	4	2	12	8	4	2	8	1	0.57260543	8	22727.793	22728.393	22728.393	22728.593	22728.965
3	30	2	2	669	4	2	12	9	3	1	1	1	0.52540001	9	22730.426	22730.626	22730.626	22730.826	22731.152
3	30	2	2	670	4	2	12	10	6	2	8	1	0.57513034	10	22732.661	22733.261	22733.261	22733.461	22733.836
3	30	2	2	671	4	2	12	11	3	2	1	1	0.42027782	11	22735.295	22735.895	22735.895	22736.095	22736.315
3	30	2	2	672	4	2	12	12	2	1	1	1	0.52730838	12	22737.929	22738.129	22738.129	22738.329	22738.656
3	30	2	2	673	4	2	12	13	2	2	1	1	0.34684718	13	22740.162	22740.762	22740.762	22740.962	22741.109
3	30	2	2	674	4	2	12	14	1	2	1	1	0.66667126	14	22742.797	22743.397	22743.397	22743.597	22744.063
3	30	2	2	675	4	2	12	15	1	1	1	1	0.51325448	15	22745.431	22745.631	22745.631	22745.831	22746.144
3	30	2	2	676	4	2	12	16	5	1	8	1	0.60891188	16	22747.669	22747.869	22747.869	22748.069	22748.478
3	30	2	2	677	4	2	12	17	3	1	1	1	0.4862281	17	22749.903	22750.103	22750.103	22750.303	22750.589
3	30	2	2	678	4	2	12	18	1	1	1	1	0.43564959	18	22752.137	22752.337	22752.337	22752.537	22752.773
3	30	2	2	679	4	2	12	19	4	2	8	1	0.36402896	19	22754.371	22754.971	22754.971	22755.171	22755.335
3	30	2	2	680	4	2	12	20	1	1	1	1	0.47888375	20	22757.005	22757.205	22757.205	22757.405	22757.684
3	30	2	2	681	4	2	12	21	2	1	1	1	0.40650583	21	22759.239	22759.439	22759.439	22759.639	22759.846
3	30	2	2	682	4	2	12	22	2	2	1	1	0.42622256	22	22761.475	22762.075	22762.075	22762.275	22762.501
3	30	2	2	683	4	2	12	23	6	1	8	1	0.34254907	23	22764.109	22764.309	22764.309	22764.509	22764.652
3	30	2	2	684	4	2	12	24	3	2	1	1	0.59648025	24	22766.344	22766.944	22766.944	22767.144	22767.541
3	30	2	2	685	4	2	12	25	4	2	8	1	0.35499752	25	22768.98	22769.58	22769.58	22769.78	22769.935
3	30	2	2	686	4	2	12	26	1	2	1	1	0.46624342	26	22771.614	22772.214	22772.214	22772.414	22772.68
3	30	2	2	687	4	2	12	27	6	1	8	1	0.51069137	27	22774.248	22774.448	22774.448	22774.648	22774.959
3	30	2	2	688	4	2	12	28	4	2	8	1	0.36382799	28	22776.483	22777.083	22777.083	22777.283	22777.447
3	30	2	2	689	4	2	12	29	6	2	8	1	0.46003513	29	22779.12	22779.72	22779.72	22779.92	22780.18
3	30	2	2	690	4	2	12	30	5	1	8	1	0.41214753	30	22781.755	22781.955	22781.955	22782.155	22782.367
3	30	2	2	691	4	6	12	1	4	1	5	1	0.70224495	1	22812.049	22812.249	22812.249	22812.449	22812.952
3	30	2	2	692	4	6	12	2	2	2	3	1	0.86795544	2	22814.284	22814.884	22814.884	22815.084	22815.752
3	30	2	2	693	4	6	12	3	3	1	4	1	0.75009423	3	22816.919	22817.119	22817.119	22817.319	22817.87
3	30	2	2	694	4	6	12	4	1	2	2	1	1.5713294	4	22819.154	22819.754	22819.754	22819.954	22821.326
3	30	2	2	695	4	6	12	5	6	1	7	1	0.80669904	5	22821.788	22821.988	22821.988	22822.188	22822.795
3	30	2	2	696	4	6	12	6	1	2	2	1	0.51761405	6	22824.027	22824.627	22824.627	22824.827	22825.144
3	30	2	2	697	4	6	12	7	6	1	7	1	0.80150548	7	22826.661	22826.861	22826.861	22827.061	22827.663
3	30	2	2	698	4	6	12	8	3	2	4	1	1.5402128	8	22828.896	22829.496	22829.496	22829.696	22831.036
3	30	2	2	699	4	6	12	9	3	1	4	1	0.53869079	9	22831.532	22831.732	22831.732	22831.932	22832.27
3	30	2	2	700	4	6	12	10	4	2	5	1	0.66673943	10	22833.771	22834.371	22834.371	22834.571	22835.038
3	30	2	2	701	4	6	12	11	2	2	6	0	1.0860987	10	22836.406	22837.006	22837.006	22837.206	22838.092
3	30	2	2	702	4	6	12	12	5	1	6	1	1.8353876	11	22839.041	22839.241	22839.241	22839.441	22841.076
3	30	2	2	703	4	6	12	13	2	2	3	1	0.87033957	12	22841.279	22841.879	22841.879	22842.079	22842.75
3	30	2	2	704	4	6	12	14	5	2	6	1	1.683067	13	22843.915	22844.515	22844.515	22844.715	22846.198
3	30	2	2	705	4	6	12	15	4	1	5	1	0.7704146	14	22846.554	22846.754	22846.754	22846.954	22847.525
3	30	2	2	706	4	6	12	16	2	1	3	1	0.70998949	15	22848.79	22848.99	22848.99	22849.19	22849.7
3	30	2	2	707	4	6	12	17	1	1	2	1	0.70950031	16	22851.025	22851.225	22851.225	22851.425	22851.935
3	30	2	2	708	4	6	12	18	3	1	4	1	0.93747233	17	22853.26	22853.46	22853.46	22853.66	22854.397
3	30	2	2	709	4	6	12	19	6	2	7	1	0.7523012	18	22855.495	22856.095	22856.095	22856.295	22856.847
3	30	2	2	710	4	6	12	20	2	1	3	1	0.86043468	19	22858.129	22858.329	22858.329	22858.529	22859.19
3	30	2	2	711	4	6	12	21	4	1	5	1	0.64281473	20	22860.365	22860.565	22860.565	22860.765	22861.208
3	30	2	2	712	4	6	12	22	5	2	6	1	0.97209762	21	22862.6	22863.2	22863.2	22863.4	22864.172
3	30	2	2	713	4	6	12	23	5	1	6	1	0.61510287	22	22865.237	22865.437	22865.437	22865.637	22866.052
3	30	2	2	714	4	6	12	24	6	2	7	1	0.50146065	23	22867.472	22868.072	22868.072	22868.272	22868.573
3	30	2	2	715	4	6	12	25	1	2	2	1	0.64208884	24	22870.107	22870.707	22870.707	22870.907	22871.35
3	30	2	2	716	4	6	12	26	1	2	2	1	0.58198832	25	22872.742	22873.342	22873.342	22873.543	22873.924
3	30	2	2	717	4	6	12	27	4	1	5	1	0.84533589	26	22875.378	22875.578	22875.578	22875.778	22876.424
3	30	2	2	718	4	6	12	28	3	2	4	1	0.40076272	27	22877.614	22878.214	22878.214	22878.414	22878.615
3	30	2	2	719	4	6	12	29	5	2	6	1	0.89010805	28	22880.25	22880.85	22880.85	22881.05	22881.74
3	30	2	2	720	4	6	12	30	6	1	7	1	0.60714946	29	22882.888	22883.088	22883.088	22883.288	22883.695
