42	43	64	37	35	94	124	126	0	0	0	0	0	0	0	0	0	0	0	0
2	47	2	1	1	1	6	1	1	4	1	5	1	1.9795531	1	16997.436	16997.636	16997.636	16997.836	16999.616
2	47	2	1	2	1	6	1	2	4	1	5	1	1.3036398	2	16999.65	16999.85	16999.85	17000.051	17001.154
2	47	2	1	3	1	6	1	3	6	2	0	0	-17002.459	2	17001.859	17002.459	17002.459	17002.659	0
2	47	2	1	4	1	6	1	4	5	2	6	1	1.3629346	3	17004.764	17005.364	17005.364	17005.564	17006.727
2	47	2	1	5	1	6	1	5	4	2	5	1	1.0339513	4	17007.372	17007.972	17007.972	17008.172	17009.006
2	47	2	1	6	1	6	1	6	6	2	7	1	0.85217598	5	17009.978	17010.578	17010.578	17010.778	17011.43
2	47	2	1	7	1	6	1	7	6	2	7	1	0.63771931	6	17012.589	17013.189	17013.189	17013.389	17013.826
2	47	2	1	8	1	6	1	8	4	2	5	1	1.1535936	7	17015.196	17015.796	17015.796	17015.996	17016.95
2	47	2	1	9	1	6	1	9	3	1	4	1	0.97085096	8	17017.803	17018.003	17018.003	17018.203	17018.974
2	47	2	1	10	1	6	1	10	1	1	2	1	1.2902975	9	17020.052	17020.252	17020.252	17020.452	17021.542
2	47	2	1	11	1	6	1	11	6	2	7	1	0.92634533	10	17022.258	17022.858	17022.858	17023.058	17023.785
2	47	2	1	12	1	6	1	12	2	1	3	1	0.72131785	11	17024.864	17025.064	17025.064	17025.264	17025.785
2	47	2	1	13	1	6	1	13	1	2	2	1	0.91530888	12	17027.071	17027.671	17027.671	17027.871	17028.586
2	47	2	1	14	1	6	1	14	4	1	5	1	1.3486664	13	17029.678	17029.878	17029.878	17030.078	17031.227
2	47	2	1	15	1	6	1	15	5	1	6	1	1.0441174	14	17031.885	17032.085	17032.085	17032.285	17033.129
2	47	2	1	16	1	6	1	16	1	1	2	1	0.95877908	15	17034.091	17034.291	17034.291	17034.491	17035.25
2	47	2	1	17	1	6	1	17	2	1	3	1	0.65597336	16	17036.298	17036.498	17036.498	17036.698	17037.154
2	47	2	1	18	1	6	1	18	5	1	6	1	1.0803787	17	17038.506	17038.706	17038.706	17038.906	17039.786
2	47	2	1	19	1	6	1	19	2	2	4	0	1.9988698	17	17040.713	17041.313	17041.313	17041.513	17043.312
2	47	2	1	20	1	6	1	20	3	2	4	1	1.2303325	18	17043.634	17044.234	17044.234	17044.435	17045.465
2	47	2	1	21	1	6	1	21	3	1	4	1	0.78471074	19	17046.241	17046.441	17046.441	17046.641	17047.225
2	47	2	1	22	1	6	1	22	2	1	3	1	1.998445	20	17048.45	17048.65	17048.65	17048.85	17050.649
2	47	2	1	23	1	6	1	23	3	1	4	1	0.87291598	21	17050.657	17050.857	17050.857	17051.057	17051.73
2	47	2	1	24	1	6	1	24	5	2	5	0	1.3365857	21	17052.864	17053.464	17053.464	17053.664	17054.801
2	47	2	1	25	1	6	1	25	2	2	3	1	1.9975838	22	17055.781	17056.381	17056.381	17056.581	17058.378
2	47	2	1	26	1	6	1	26	1	2	7	0	1.4041677	22	17058.387	17058.987	17058.987	17059.187	17060.391
2	47	2	1	27	1	6	1	27	1	2	2	1	0.90041107	23	17061.303	17061.903	17061.903	17062.103	17062.804
2	47	2	1	28	1	6	1	28	5	2	6	1	1.4178833	24	17063.911	17064.511	17064.511	17064.711	17065.929
2	47	2	1	29	1	6	1	29	6	1	7	1	0.86390312	25	17066.519	17066.719	17066.719	17066.919	17067.583
2	47	2	1	30	1	6	1	30	3	1	4	1	0.97584105	26	17068.728	17068.928	17068.928	17069.128	17069.904
2	47	2	1	31	1	2	1	1	6	1	8	1	0.76637385	1	17093.936	17094.136	17094.136	17094.336	17094.902
2	47	2	1	32	1	2	1	2	3	1	1	1	0.65833576	2	17096.148	17096.348	17096.348	17096.548	17097.006
2	47	2	1	33	1	2	1	3	5	2	8	1	0.5607972	3	17098.357	17098.957	17098.957	17099.157	17099.518
2	47	2	1	34	1	2	1	4	6	2	8	1	0.63428968	4	17100.967	17101.567	17101.567	17101.767	17102.201
2	47	2	1	35	1	2	1	5	3	2	1	1	0.5615528	5	17103.574	17104.174	17104.174	17104.374	17104.735
2	47	2	1	36	1	2	1	6	4	2	8	1	0.6255276	6	17106.182	17106.782	17106.782	17106.982	17107.408
2	47	2	1	37	1	2	1	7	6	2	8	1	0.49046284	7	17108.79	17109.39	17109.39	17109.59	17109.88
2	47	2	1	38	1	2	1	8	1	2	1	1	0.59182543	8	17111.4	17112	17112	17112.2	17112.591
2	47	2	1	39	1	2	1	9	5	1	8	1	0.67339833	9	17114.008	17114.208	17114.208	17114.408	17114.881
2	47	2	1	40	1	2	1	10	5	1	8	1	0.80846336	10	17116.215	17116.415	17116.415	17116.615	17117.223
2	47	2	1	41	1	2	1	11	2	2	1	1	0.6095181	11	17118.423	17119.023	17119.023	17119.223	17119.633
2	47	2	1	42	1	2	1	12	3	1	1	1	0.64714414	12	17121.032	17121.232	17121.232	17121.432	17121.879
2	47	2	1	43	1	2	1	13	4	2	8	1	0.62289544	13	17123.239	17123.839	17123.839	17124.039	17124.462
2	47	2	1	44	1	2	1	14	4	1	8	1	0.62343381	14	17125.848	17126.048	17126.048	17126.248	17126.671
2	47	2	1	45	1	2	1	15	4	1	8	1	0.63975298	15	17128.057	17128.257	17128.257	17128.457	17128.896
2	47	2	1	46	1	2	1	16	2	1	1	1	0.62012443	16	17130.266	17130.466	17130.466	17130.666	17131.086
2	47	2	1	47	1	2	1	17	2	1	1	1	0.76676301	17	17132.475	17132.675	17132.675	17132.875	17133.441
2	47	2	1	48	1	2	1	18	1	1	1	1	0.43540186	18	17134.684	17134.884	17134.884	17135.084	17135.319
2	47	2	1	49	1	2	1	19	4	2	8	1	0.6295122	19	17136.892	17137.492	17137.492	17137.692	17138.122
2	47	2	1	50	1	2	1	20	3	2	1	1	0.58150975	20	17139.501	17140.101	17140.101	17140.301	17140.683
2	47	2	1	51	1	2	1	21	5	1	8	1	0.57298054	21	17142.108	17142.308	17142.308	17142.508	17142.881
2	47	2	1	52	1	2	1	22	6	1	8	1	0.6418557	22	17144.317	17144.517	17144.517	17144.717	17145.159
2	47	2	1	53	1	2	1	23	2	1	1	1	0.6760008	23	17146.524	17146.724	17146.724	17146.924	17147.4
2	47	2	1	54	1	2	1	24	3	2	8	0	0.54616024	23	17148.733	17149.333	17149.333	17149.533	17149.88
2	47	2	1	55	1	2	1	25	1	2	1	1	0.63696742	24	17151.651	17152.251	17152.251	17152.451	17152.888
2	47	2	1	56	1	2	1	26	5	2	8	1	0.74584886	25	17154.261	17154.861	17154.861	17155.061	17155.606
2	47	2	1	57	1	2	1	27	1	2	1	1	0.87320024	26	17156.87	17157.47	17157.47	17157.67	17158.343
2	47	2	1	58	1	2	1	28	6	2	8	1	1.321367	27	17159.478	17160.079	17160.079	17160.279	17161.4
2	47	2	1	59	1	2	1	29	2	1	1	1	0.75965895	28	17162.088	17162.288	17162.288	17162.488	17163.048
2	47	2	1	60	1	2	1	30	1	1	1	1	0.5092359	29	17164.297	17164.497	17164.497	17164.697	17165.006
2	47	2	1	61	1	6	2	1	6	1	7	1	0.84870868	30	17193.652	17193.852	17193.852	17194.052	17194.7
2	47	2	1	62	1	6	2	2	3	1	4	1	0.99317105	31	17195.862	17196.062	17196.062	17196.262	17197.055
2	47	2	1	63	1	6	2	3	5	2	6	1	0.87054516	32	17198.071	17198.671	17198.671	17198.871	17199.542
2	47	2	1	64	1	6	2	4	6	2	7	1	0.71040254	33	17200.681	17201.281	17201.281	17201.481	17201.992
2	47	2	1	65	1	6	2	5	3	2	4	1	0.75096782	34	17203.291	17203.891	17203.891	17204.091	17204.642
2	47	2	1	66	1	6	2	6	4	2	6	0	1.0212529	34	17205.899	17206.499	17206.499	17206.699	17207.52
2	47	2	1	67	1	6	2	7	6	2	7	1	0.79247181	35	17208.817	17209.417	17209.417	17209.617	17210.209
2	47	2	1	68	1	6	2	8	1	2	2	1	0.89722463	36	17211.424	17212.024	17212.024	17212.224	17212.922
2	47	2	1	69	1	6	2	9	5	1	6	1	1.1014201	37	17214.034	17214.234	17214.235	17214.435	17215.336
2	47	2	1	70	1	6	2	10	5	1	6	1	0.77217905	38	17216.245	17216.445	17216.445	17216.645	17217.217
2	47	2	1	71	1	6	2	11	2	2	3	1	0.836714	39	17218.453	17219.053	17219.053	17219.253	17219.889
2	47	2	1	72	1	6	2	12	3	1	4	1	0.68254571	40	17221.061	17221.261	17221.261	17221.461	17221.944
2	47	2	1	73	1	6	2	13	4	2	5	1	1.703107	41	17223.272	17223.872	17223.872	17224.072	17225.575
2	47	2	1	74	1	6	2	14	4	1	5	1	0.66138259	42	17225.882	17226.082	17226.082	17226.282	17226.743
2	47	2	1	75	1	6	2	15	4	1	5	1	0.52450892	43	17228.091	17228.291	17228.291	17228.491	17228.816
2	47	2	1	76	1	6	2	16	2	1	3	1	1.8842707	44	17230.299	17230.499	17230.499	17230.699	17232.384
2	47	2	1	77	1	6	2	17	2	1	3	1	1.0358074	45	17232.575	17232.775	17232.775	17232.975	17233.81
2	47	2	1	78	1	6	2	18	1	1	2	1	0.74322843	46	17234.785	17234.985	17234.985	17235.185	17235.728
2	47	2	1	79	1	6	2	19	4	2	5	1	1.1506205	47	17236.994	17237.594	17237.594	17237.794	17238.745
2	47	2	1	80	1	6	2	20	3	2	4	1	1.0214855	48	17239.605	17240.205	17240.205	17240.405	17241.226
2	47	2	1	81	1	6	2	21	5	1	6	1	0.76133928	49	17242.217	17242.417	17242.417	17242.617	17243.179
2	47	2	1	82	1	6	2	22	6	1	7	1	0.80540121	50	17244.427	17244.627	17244.627	17244.827	17245.433
2	47	2	1	83	1	6	2	23	2	1	3	1	1.0567498	51	17246.638	17246.838	17246.838	17247.038	17247.894
2	47	2	1	84	1	6	2	24	3	2	4	1	0.77752469	52	17248.848	17249.448	17249.448	17249.648	17250.226
2	47	2	1	85	1	6	2	25	1	2	2	1	0.90077686	53	17251.459	17252.059	17252.059	17252.259	17252.96
2	47	2	1	86	1	6	2	26	5	2	6	1	0.89200437	54	17254.07	17254.67	17254.67	17254.87	17255.562
2	47	2	1	87	1	6	2	27	1	2	2	1	0.87748541	55	17256.681	17257.281	17257.281	17257.481	17258.158
2	47	2	1	88	1	6	2	28	6	2	7	1	0.80459583	56	17259.292	17259.892	17259.892	17260.092	17260.696
2	47	2	1	89	1	6	2	29	2	1	3	1	1.1378405	57	17261.9	17262.1	17262.1	17262.3	17263.238
2	47	2	1	90	1	6	2	30	1	1	2	1	0.91439584	58	17264.112	17264.312	17264.312	17264.512	17265.226
2	47	2	1	91	1	2	2	1	2	1	1	1	0.6578944	1	17280.621	17280.821	17280.821	17281.021	17281.479
2	47	2	1	92	1	2	2	2	5	1	8	1	0.60062163	2	17282.832	17283.032	17283.032	17283.232	17283.633
2	47	2	1	93	1	2	2	3	5	2	8	1	0.6106895	3	17285.043	17285.643	17285.643	17285.843	17286.254
2	47	2	1	94	1	2	2	4	6	2	8	1	0.47220973	4	17287.654	17288.254	17288.254	17288.454	17288.726
2	47	2	1	95	1	2	2	5	1	2	1	1	0.6362011	5	17290.266	17290.866	17290.866	17291.066	17291.502
2	47	2	1	96	1	2	2	6	5	2	8	1	0.60961359	6	17292.877	17293.477	17293.477	17293.677	17294.087
2	47	2	1	97	1	2	2	7	2	2	1	1	0.80607926	7	17295.489	17296.089	17296.089	17296.289	17296.895
2	47	2	1	98	1	2	2	8	2	2	1	1	0.58234272	8	17298.1	17298.7	17298.7	17298.9	17299.283
2	47	2	1	99	1	2	2	9	2	1	1	1	0.59260021	9	17300.71	17300.91	17300.91	17301.11	17301.503
2	47	2	1	100	1	2	2	10	4	1	8	1	0.70658495	10	17302.919	17303.119	17303.119	17303.319	17303.826
2	47	2	1	101	1	2	2	11	3	2	1	1	0.64457364	11	17305.132	17305.732	17305.732	17305.932	17306.377
2	47	2	1	102	1	2	2	12	1	1	1	1	0.5935538	12	17307.744	17307.944	17307.944	17308.144	17308.538
2	47	2	1	103	1	2	2	13	4	2	8	1	0.85105737	13	17309.956	17310.556	17310.556	17310.756	17311.407
2	47	2	1	104	1	2	2	14	1	1	1	1	0.6874571	14	17312.568	17312.768	17312.768	17312.968	17313.455
2	47	2	1	105	1	2	2	15	3	1	1	1	0.87655323	15	17314.78	17314.98	17314.98	17315.18	17315.857
2	47	2	1	106	1	2	2	16	6	1	8	1	0.6160165	16	17316.992	17317.192	17317.192	17317.392	17317.808
2	47	2	1	107	1	2	2	17	6	1	8	1	0.61406867	17	17319.203	17319.403	17319.403	17319.603	17320.017
2	47	2	1	108	1	2	2	18	4	1	8	1	0.52077909	18	17321.415	17321.615	17321.615	17321.815	17322.136
2	47	2	1	109	1	2	2	19	4	2	8	1	0.69616598	19	17323.625	17324.225	17324.225	17324.425	17324.921
2	47	2	1	110	1	2	2	20	5	2	8	1	0.64461076	20	17326.237	17326.837	17326.837	17327.037	17327.481
2	47	2	1	111	1	2	2	21	4	1	8	1	0.6360484	21	17328.847	17329.047	17329.047	17329.247	17329.683
2	47	2	1	112	1	2	2	22	1	1	1	1	0.47912781	22	17331.059	17331.259	17331.259	17331.459	17331.738
2	47	2	1	113	1	2	2	23	1	1	1	1	0.6351973	23	17333.271	17333.471	17333.471	17333.671	17334.106
2	47	2	1	114	1	2	2	24	5	2	8	1	0.6641114	24	17335.481	17336.081	17336.081	17336.281	17336.745
2	47	2	1	115	1	2	2	25	3	2	1	1	0.55500627	25	17338.092	17338.692	17338.692	17338.892	17339.247
2	47	2	1	116	1	2	2	26	3	2	1	1	0.54279697	26	17340.704	17341.304	17341.304	17341.504	17341.847
2	47	2	1	117	1	2	2	27	3	2	1	1	0.41839237	27	17343.317	17343.917	17343.917	17344.117	17344.336
2	47	2	1	118	1	2	2	28	6	2	8	1	0.61628809	28	17345.93	17346.53	17346.53	17346.73	17347.146
2	47	2	1	119	1	2	2	29	6	1	8	1	0.75403725	29	17348.542	17348.742	17348.742	17348.942	17349.496
2	47	2	1	120	1	2	2	30	2	1	1	1	0.67015358	30	17350.754	17350.954	17350.954	17351.154	17351.624
2	47	2	1	121	1	6	3	1	2	1	3	1	0.86919661	31	17373.493	17373.693	17373.693	17373.893	17374.562
2	47	2	1	122	1	6	3	2	5	1	6	1	0.91674109	32	17375.706	17375.906	17375.906	17376.106	17376.823
2	47	2	1	123	1	6	3	3	5	2	6	1	0.71555886	33	17377.919	17378.519	17378.519	17378.719	17379.234
2	47	2	1	124	1	6	3	4	6	2	7	1	0.68244707	34	17380.531	17381.131	17381.131	17381.331	17381.814
2	47	2	1	125	1	6	3	5	1	2	2	1	1.0956299	35	17383.145	17383.745	17383.745	17383.945	17384.84
2	47	2	1	126	1	6	3	6	5	2	6	1	0.99457006	36	17385.758	17386.358	17386.358	17386.558	17387.352
2	47	2	1	127	1	6	3	7	2	2	3	1	1.7485803	37	17388.37	17388.97	17388.97	17389.17	17390.719
2	47	2	1	128	1	6	3	8	2	2	3	1	0.67513457	38	17390.98	17391.58	17391.58	17391.78	17392.256
2	47	2	1	129	1	6	3	9	2	1	3	1	0.58709949	39	17393.593	17393.793	17393.793	17393.993	17394.38
2	47	2	1	130	1	6	3	10	4	1	5	1	0.86098823	40	17395.803	17396.003	17396.003	17396.203	17396.864
2	47	2	1	131	1	6	3	11	3	2	4	1	0.84902144	41	17398.016	17398.616	17398.616	17398.816	17399.465
2	47	2	1	132	1	6	3	12	1	1	2	1	0.84069522	42	17400.63	17400.83	17400.83	17401.03	17401.67
2	47	2	1	133	1	6	3	13	4	2	5	1	0.79805857	43	17402.842	17403.442	17403.442	17403.642	17404.24
2	47	2	1	134	1	6	3	14	1	1	2	1	0.90262855	44	17405.456	17405.656	17405.656	17405.856	17406.559
2	47	2	1	135	1	6	3	15	3	1	3	0	1.1763056	44	17407.669	17407.869	17407.869	17408.069	17409.045
2	47	2	1	136	1	6	3	16	6	1	0	0	-17410.388	44	17410.188	17410.388	17410.388	17410.588	0
2	47	2	1	137	1	6	3	17	6	1	7	1	1.0659766	45	17412.701	17412.901	17412.901	17413.101	17413.967
2	47	2	1	138	1	6	3	18	4	1	5	1	0.87709449	46	17414.916	17415.116	17415.116	17415.316	17415.993
2	47	2	1	139	1	6	3	19	4	2	5	1	0.69801647	47	17417.13	17417.73	17417.73	17417.93	17418.428
2	47	2	1	140	1	6	3	20	5	2	6	1	0.99188844	48	17419.743	17420.343	17420.343	17420.543	17421.335
2	47	2	1	141	1	6	3	21	4	1	5	1	0.87024607	49	17422.354	17422.554	17422.554	17422.754	17423.425
2	47	2	1	142	1	6	3	22	1	1	2	1	0.78186319	50	17424.568	17424.768	17424.768	17424.968	17425.55
2	47	2	1	143	1	6	3	23	1	1	2	1	0.74327608	51	17426.779	17426.979	17426.979	17427.179	17427.722
2	47	2	1	144	1	6	3	24	5	2	6	1	1.1103952	52	17428.993	17429.593	17429.593	17429.793	17430.703
2	47	2	1	145	1	6	3	25	3	2	4	1	1.0903011	53	17431.606	17432.206	17432.206	17432.406	17433.297
2	47	2	1	146	1	6	3	26	3	2	4	1	0.62137009	54	17434.218	17434.818	17434.818	17435.018	17435.44
2	47	2	1	147	1	6	3	27	3	2	4	1	0.7096493	55	17436.832	17437.432	17437.432	17437.632	17438.142
2	47	2	1	148	1	6	3	28	6	2	7	1	1.0680588	56	17439.445	17440.045	17440.045	17440.245	17441.113
2	47	2	1	149	1	6	3	29	6	1	7	1	0.62045068	57	17442.059	17442.259	17442.259	17442.459	17442.88
2	47	2	1	150	1	6	3	30	2	1	3	1	1.3324477	58	17444.271	17444.471	17444.471	17444.671	17445.803
2	47	2	1	151	1	2	3	1	2	1	1	1	0.66870205	1	17460.052	17460.252	17460.252	17460.452	17460.92
2	47	2	1	152	1	2	3	2	4	1	8	1	0.50265602	2	17462.266	17462.466	17462.466	17462.666	17462.968
2	47	2	1	153	1	2	3	3	2	2	1	1	0.81989353	3	17464.558	17465.158	17465.158	17465.358	17465.978
2	47	2	1	154	1	2	3	4	5	2	8	1	0.53255604	4	17467.17	17467.77	17467.77	17467.97	17468.302
2	47	2	1	155	1	2	3	5	1	2	1	1	0.59343825	5	17469.784	17470.384	17470.384	17470.584	17470.977
2	47	2	1	156	1	2	3	6	3	2	1	1	0.71412397	6	17472.398	17472.998	17472.998	17473.198	17473.712
2	47	2	1	157	1	2	3	7	1	2	0	0	-17475.612	6	17475.012	17475.612	17475.612	17475.812	0
2	47	2	1	158	1	2	3	8	3	2	1	1	0.90110142	7	17477.924	17478.524	17478.524	17478.724	17479.425
2	47	2	1	159	1	2	3	9	1	1	1	1	0.76630494	8	17480.537	17480.737	17480.737	17480.937	17481.504
2	47	2	1	160	1	2	3	10	3	1	1	1	0.58245212	9	17482.752	17482.952	17482.952	17483.152	17483.534
2	47	2	1	161	1	2	3	11	6	2	8	1	0.69691543	10	17484.967	17485.567	17485.567	17485.767	17486.264
2	47	2	1	162	1	2	3	12	3	1	1	1	0.54091282	11	17487.581	17487.781	17487.781	17487.981	17488.322
2	47	2	1	163	1	2	3	13	5	2	8	1	0.57913291	12	17489.796	17490.396	17490.396	17490.596	17490.975
2	47	2	1	164	1	2	3	14	2	1	1	1	0.54070057	13	17492.41	17492.61	17492.61	17492.81	17493.151
2	47	2	1	165	1	2	3	15	5	1	8	1	0.62554164	14	17494.624	17494.824	17494.824	17495.024	17495.45
2	47	2	1	166	1	2	3	16	4	1	8	1	0.73551254	15	17496.839	17497.039	17497.039	17497.239	17497.775
2	47	2	1	167	1	2	3	17	2	1	1	1	0.80797655	16	17499.054	17499.254	17499.254	17499.454	17500.062
2	47	2	1	168	1	2	3	18	6	1	8	1	0.81965622	17	17501.268	17501.468	17501.468	17501.668	17502.288
2	47	2	1	169	1	2	3	19	3	2	1	1	0.67127283	18	17503.483	17504.083	17504.083	17504.283	17504.754
2	47	2	1	170	1	2	3	20	6	2	8	1	0.59995928	19	17506.098	17506.698	17506.698	17506.898	17507.298
2	47	2	1	171	1	2	3	21	5	1	8	1	0.9140511	20	17508.712	17508.912	17508.912	17509.112	17509.826
2	47	2	1	172	1	2	3	22	4	1	8	1	0.81089331	21	17510.927	17511.127	17511.127	17511.327	17511.938
2	47	2	1	173	1	2	3	23	6	1	8	1	0.83446909	22	17513.142	17513.342	17513.342	17513.542	17514.176
2	47	2	1	174	1	2	3	24	2	2	1	1	0.58637449	23	17515.357	17515.957	17515.957	17516.157	17516.543
2	47	2	1	175	1	2	3	25	4	2	8	1	0.68259758	24	17517.971	17518.571	17518.571	17518.771	17519.254
2	47	2	1	176	1	2	3	26	4	2	1	0	0.34462921	24	17520.583	17521.184	17521.184	17521.384	17521.528
2	47	2	1	177	1	2	3	27	1	2	1	1	0.41955131	25	17523.507	17524.107	17524.107	17524.307	17524.526
2	47	2	1	178	1	2	3	28	5	2	8	1	0.60464571	26	17526.122	17526.722	17526.722	17526.922	17527.327
2	47	2	1	179	1	2	3	29	6	1	8	1	0.79648335	27	17528.738	17528.938	17528.938	17529.138	17529.734
2	47	2	1	180	1	2	3	30	1	1	1	1	0.69921798	28	17530.951	17531.151	17531.151	17531.351	17531.85
2	47	2	1	181	2	6	4	1	2	1	3	1	1.1512458	29	17883.002	17883.202	17883.202	17883.402	17884.353
2	47	2	1	182	2	6	4	2	4	1	5	1	0.79144376	30	17885.217	17885.417	17885.417	17885.617	17886.209
2	47	2	1	183	2	6	4	3	2	2	3	1	1.4016474	31	17887.433	17888.033	17888.033	17888.233	17889.434
2	47	2	1	184	2	6	4	4	5	2	6	1	1.0526387	32	17890.048	17890.648	17890.648	17890.848	17891.701
2	47	2	1	185	2	6	4	5	1	2	2	1	0.9304945	33	17892.663	17893.263	17893.263	17893.463	17894.194
2	47	2	1	186	2	6	4	6	3	2	4	1	0.95999721	34	17895.278	17895.878	17895.878	17896.078	17896.838
2	47	2	1	187	2	6	4	7	1	2	2	1	0.87659092	35	17897.891	17898.491	17898.491	17898.691	17899.368
2	47	2	1	188	2	6	4	8	3	2	4	1	0.79622152	36	17900.506	17901.106	17901.106	17901.306	17901.902
2	47	2	1	189	2	6	4	9	1	1	2	1	0.91475895	37	17903.121	17903.321	17903.321	17903.521	17904.236
2	47	2	1	190	2	6	4	10	3	1	4	1	0.76638555	38	17905.337	17905.537	17905.537	17905.737	17906.303
2	47	2	1	191	2	6	4	11	6	2	7	1	0.94531939	39	17907.552	17908.152	17908.152	17908.352	17909.098
2	47	2	1	192	2	6	4	12	3	1	4	1	1.0713264	40	17910.168	17910.368	17910.368	17910.568	17911.44
2	47	2	1	193	2	6	4	13	5	2	6	1	1.0772125	41	17912.381	17912.981	17912.981	17913.181	17914.058
2	47	2	1	194	2	6	4	14	2	1	3	1	1.4057679	42	17915.067	17915.267	17915.267	17915.467	17916.672
2	47	2	1	195	2	6	4	15	5	1	6	1	0.78257971	43	17917.282	17917.482	17917.482	17917.682	17918.265
2	47	2	1	196	2	6	4	16	4	1	4	0	0.93551957	43	17919.498	17919.698	17919.698	17919.898	17920.634
2	47	2	1	197	2	6	4	17	2	1	3	1	1.092495	44	17921.714	17921.914	17921.914	17922.114	17923.007
2	47	2	1	198	2	6	4	18	6	1	7	1	0.83922759	45	17923.93	17924.13	17924.13	17924.33	17924.97
2	47	2	1	199	2	6	4	19	3	2	4	1	0.96615454	46	17926.147	17926.747	17926.747	17926.947	17927.713
2	47	2	1	200	2	6	4	20	6	2	7	1	0.74121171	47	17928.763	17929.363	17929.363	17929.563	17930.105
2	47	2	1	201	2	6	4	21	5	1	6	1	0.78763869	48	17931.379	17931.579	17931.579	17931.779	17932.367
2	47	2	1	202	2	6	4	22	4	1	4	0	1.2046993	48	17933.595	17933.795	17933.795	17933.995	17935
2	47	2	1	203	2	6	4	23	6	1	7	1	0.93056289	49	17935.812	17936.012	17936.012	17936.212	17936.942
2	47	2	1	204	2	6	4	24	2	2	3	1	0.9910985	50	17938.026	17938.626	17938.626	17938.826	17939.617
2	47	2	1	205	2	6	4	25	4	2	4	0	0.63200805	50	17940.64	17941.24	17941.24	17941.44	17941.872
2	47	2	1	206	2	6	4	26	4	2	4	0	0.75974806	50	17943.256	17943.856	17943.856	17944.056	17944.616
2	47	2	1	207	2	6	4	27	1	2	2	1	1.2216954	51	17945.873	17946.473	17946.473	17946.673	17947.695
2	47	2	1	208	2	6	4	28	5	2	6	1	1.0307684	52	17948.49	17949.09	17949.09	17949.29	17950.12
2	47	2	1	209	2	6	4	29	6	1	7	1	1.5681839	53	17951.112	17951.312	17951.312	17951.512	17952.881
2	47	2	1	210	2	6	4	30	1	1	2	1	0.84891381	54	17953.329	17953.529	17953.529	17953.729	17954.378
2	47	2	1	211	2	2	4	1	6	1	8	1	0.74134531	1	17983.611	17983.811	17983.811	17984.011	17984.552
2	47	2	1	212	2	2	4	2	5	1	8	1	0.59047702	2	17985.828	17986.028	17986.028	17986.228	17986.618
2	47	2	1	213	2	2	4	3	2	2	1	1	0.61200939	3	17988.044	17988.644	17988.644	17988.844	17989.256
2	47	2	1	214	2	2	4	4	2	2	1	1	0.5003385	4	17990.661	17991.261	17991.261	17991.461	17991.761
2	47	2	1	215	2	2	4	5	3	2	1	1	0.45730767	5	17993.28	17993.88	17993.88	17994.08	17994.337
2	47	2	1	216	2	2	4	6	4	2	8	1	0.59859629	6	17995.896	17996.496	17996.496	17996.696	17997.095
2	47	2	1	217	2	2	4	7	3	2	1	1	0.63655318	7	17998.514	17999.114	17999.114	17999.314	17999.75
2	47	2	1	218	2	2	4	8	5	2	8	1	0.34533485	8	18001.131	18001.731	18001.731	18001.931	18002.076
2	47	2	1	219	2	2	4	9	1	1	1	1	0.52559519	9	18003.747	18003.947	18003.947	18004.147	18004.472
2	47	2	1	220	2	2	4	10	5	1	8	1	0.52622379	10	18005.964	18006.164	18006.164	18006.364	18006.69
2	47	2	1	221	2	2	4	11	4	2	8	1	0.5852747	11	18008.192	18008.792	18008.792	18008.992	18009.377
2	47	2	1	222	2	2	4	12	1	1	1	1	0.53602957	12	18010.809	18011.009	18011.009	18011.209	18011.545
2	47	2	1	223	2	2	4	13	2	2	1	1	0.65411369	13	18013.026	18013.626	18013.626	18013.826	18014.28
2	47	2	1	224	2	2	4	14	6	1	8	1	0.64480005	14	18015.644	18015.844	18015.844	18016.044	18016.489
2	47	2	1	225	2	2	4	15	1	1	1	1	0.60966204	15	18017.861	18018.061	18018.061	18018.261	18018.671
2	47	2	1	226	2	2	4	16	4	1	8	1	0.48115257	16	18020.079	18020.279	18020.279	18020.479	18020.76
2	47	2	1	227	2	2	4	17	4	1	8	1	0.57730932	17	18022.296	18022.496	18022.496	18022.696	18023.073
2	47	2	1	228	2	2	4	18	1	1	1	1	0.596184	18	18024.513	18024.713	18024.713	18024.913	18025.309
2	47	2	1	229	2	2	4	19	4	2	8	1	0.57061576	19	18026.727	18027.327	18027.327	18027.527	18027.898
2	47	2	1	230	2	2	4	20	3	2	1	1	0.64780906	20	18029.342	18029.942	18029.942	18030.142	18030.59
2	47	2	1	231	2	2	4	21	5	1	8	1	0.60915774	21	18031.96	18032.16	18032.16	18032.36	18032.769
2	47	2	1	232	2	2	4	22	6	1	8	1	0.62253003	22	18034.178	18034.378	18034.378	18034.578	18035.001
2	47	2	1	233	2	2	4	23	2	1	1	1	0.53717403	23	18036.393	18036.593	18036.593	18036.793	18037.13
2	47	2	1	234	2	2	4	24	3	2	1	1	0.60472577	24	18038.61	18039.21	18039.21	18039.41	18039.815
2	47	2	1	235	2	2	4	25	5	2	8	1	0.48081319	25	18041.238	18041.838	18041.838	18042.038	18042.319
2	47	2	1	236	2	2	4	26	1	2	1	1	0.56719546	26	18043.857	18044.457	18044.457	18044.657	18045.024
2	47	2	1	237	2	2	4	27	2	2	8	0	1.3816952	26	18046.476	18047.076	18047.076	18047.276	18048.458
2	47	2	1	238	2	2	4	28	6	2	1	0	0.44679669	26	18049.094	18049.694	18049.694	18049.894	18050.14
2	47	2	1	239	2	2	4	29	3	1	1	1	0.59874019	27	18051.711	18051.911	18051.911	18052.111	18052.51
2	47	2	1	240	2	2	4	30	6	1	8	1	0.5112668	28	18053.93	18054.13	18054.13	18054.33	18054.641
2	47	2	1	241	2	6	5	1	6	1	7	1	0.76430435	29	18084.22	18084.42	18084.42	18084.62	18085.184
2	47	2	1	242	2	6	5	2	5	1	6	1	0.71543213	30	18086.438	18086.638	18086.638	18086.838	18087.354
2	47	2	1	243	2	6	5	3	2	2	3	1	1.2795305	31	18088.656	18089.256	18089.256	18089.456	18090.536
2	47	2	1	244	2	6	5	4	2	2	3	1	0.65308789	32	18091.274	18091.874	18091.874	18092.074	18092.527
2	47	2	1	245	2	6	5	5	3	2	4	1	0.92866615	33	18093.89	18094.49	18094.49	18094.69	18095.418
2	47	2	1	246	2	6	5	6	4	2	5	1	0.95691185	34	18096.508	18097.108	18097.108	18097.308	18098.064
2	47	2	1	247	2	6	5	7	3	2	5	0	0.66474006	34	18099.126	18099.726	18099.726	18099.926	18100.39
2	47	2	1	248	2	6	5	8	5	2	6	1	0.7912955	35	18101.744	18102.344	18102.344	18102.544	18103.135
2	47	2	1	249	2	6	5	9	1	1	2	1	1.6754334	36	18104.363	18104.563	18104.563	18104.763	18106.238
2	47	2	1	250	2	6	5	10	5	1	6	1	1.3050785	37	18106.582	18106.782	18106.782	18106.982	18108.087
2	47	2	1	251	2	6	5	11	4	2	5	1	0.76134099	38	18108.8	18109.4	18109.4	18109.6	18110.162
2	47	2	1	252	2	6	5	12	1	1	2	1	0.99057931	39	18111.418	18111.618	18111.618	18111.818	18112.609
2	47	2	1	253	2	6	5	13	2	2	3	1	0.9228004	40	18113.637	18114.237	18114.237	18114.437	18115.16
2	47	2	1	254	2	6	5	14	6	1	7	1	0.72285556	41	18116.303	18116.503	18116.503	18116.703	18117.226
2	47	2	1	255	2	6	5	15	1	1	2	1	0.87263343	42	18118.522	18118.722	18118.722	18118.922	18119.594
2	47	2	1	256	2	6	5	16	4	1	5	1	1.0498102	43	18120.74	18120.94	18120.94	18121.14	18121.99
2	47	2	1	257	2	6	5	17	4	1	5	1	0.64045125	44	18122.958	18123.158	18123.158	18123.358	18123.799
2	47	2	1	258	2	6	5	18	1	1	2	1	0.9993858	45	18125.177	18125.377	18125.377	18125.577	18126.377
2	47	2	1	259	2	6	5	19	4	2	5	1	0.94172307	46	18127.396	18127.996	18127.996	18128.196	18128.938
2	47	2	1	260	2	6	5	20	3	2	4	1	0.88972709	47	18130.015	18130.615	18130.615	18130.815	18131.505
2	47	2	1	261	2	6	5	21	5	1	6	1	0.91715528	48	18132.634	18132.834	18132.834	18133.034	18133.751
2	47	2	1	262	2	6	5	22	6	1	7	1	0.66660383	49	18134.853	18135.053	18135.053	18135.253	18135.719
2	47	2	1	263	2	6	5	23	2	1	3	1	1.296149	50	18137.071	18137.271	18137.271	18137.471	18138.568
2	47	2	1	264	2	6	5	24	3	2	4	1	0.76672626	51	18139.291	18139.891	18139.891	18140.091	18140.658
2	47	2	1	265	2	6	5	25	5	2	6	1	0.94621767	52	18141.91	18142.51	18142.51	18142.71	18143.456
2	47	2	1	266	2	6	5	26	1	2	2	1	0.8164627	53	18144.53	18145.13	18145.13	18145.33	18145.946
2	47	2	1	267	2	6	5	27	2	2	3	1	1.0113137	54	18147.15	18147.75	18147.75	18147.95	18148.761
2	47	2	1	268	2	6	5	28	6	2	7	1	0.9758221	55	18149.768	18150.368	18150.368	18150.568	18151.344
2	47	2	1	269	2	6	5	29	3	1	4	1	1.178914	56	18152.387	18152.587	18152.587	18152.787	18153.766
2	47	2	1	270	2	6	5	30	6	1	7	1	0.95207461	57	18154.607	18154.807	18154.807	18155.007	18155.759
2	47	2	1	271	2	2	5	1	3	1	1	1	0.84148136	1	18184.889	18185.089	18185.089	18185.289	18185.93
2	47	2	1	272	2	2	5	2	6	1	8	1	0.73285403	2	18187.108	18187.308	18187.308	18187.508	18188.041
2	47	2	1	273	2	2	5	3	4	2	8	1	0.64231449	3	18189.327	18189.927	18189.927	18190.127	18190.57
2	47	2	1	274	2	2	5	4	6	2	8	1	0.61492599	4	18191.947	18192.547	18192.547	18192.747	18193.162
2	47	2	1	275	2	2	5	5	1	2	1	1	0.57065013	5	18194.566	18195.166	18195.166	18195.366	18195.737
2	47	2	1	276	2	2	5	6	2	2	1	1	0.58311924	6	18197.186	18197.786	18197.786	18197.986	18198.369
2	47	2	1	277	2	2	5	7	4	2	8	1	0.61869341	7	18199.805	18200.405	18200.405	18200.605	18201.024
2	47	2	1	278	2	2	5	8	4	2	8	1	0.55935087	8	18202.425	18203.025	18203.025	18203.225	18203.585
2	47	2	1	279	2	2	5	9	2	1	1	1	0.61695009	9	18205.045	18205.245	18205.245	18205.445	18205.862
2	47	2	1	280	2	2	5	10	4	1	8	1	0.73909741	10	18207.265	18207.465	18207.465	18207.665	18208.204
2	47	2	1	281	2	2	5	11	2	2	1	1	0.60877222	11	18209.481	18210.081	18210.081	18210.281	18210.69
2	47	2	1	282	2	2	5	12	5	1	8	1	0.65899819	12	18212.101	18212.301	18212.301	18212.501	18212.96
2	47	2	1	283	2	2	5	13	3	2	1	1	0.63715717	13	18214.322	18214.922	18214.922	18215.122	18215.559
2	47	2	1	284	2	2	5	14	5	1	8	1	0.4444766	14	18216.938	18217.138	18217.138	18217.338	18217.583
2	47	2	1	285	2	2	5	15	5	1	8	1	0.43107627	15	18219.158	18219.358	18219.358	18219.558	18219.789
2	47	2	1	286	2	2	5	16	3	1	1	1	0.49233012	16	18221.42	18221.62	18221.62	18221.82	18222.113
2	47	2	1	287	2	2	5	17	3	1	1	1	0.60623304	17	18223.641	18223.841	18223.841	18224.041	18224.447
2	47	2	1	288	2	2	5	18	1	1	1	1	0.53433722	18	18225.864	18226.064	18226.064	18226.264	18226.599
2	47	2	1	289	2	2	5	19	3	2	1	1	0.5701703	19	18228.084	18228.684	18228.684	18228.884	18229.254
2	47	2	1	290	2	2	5	20	2	2	1	1	0.49657191	20	18230.704	18231.304	18231.304	18231.504	18231.8
2	47	2	1	291	2	2	5	21	5	1	8	1	0.59630838	21	18233.324	18233.524	18233.524	18233.724	18234.12
2	47	2	1	292	2	2	5	22	2	1	1	1	0.59079268	22	18235.544	18235.744	18235.744	18235.944	18236.335
2	47	2	1	293	2	2	5	23	1	1	1	1	0.53293499	23	18237.762	18237.962	18237.962	18238.162	18238.495
2	47	2	1	294	2	2	5	24	6	2	8	1	0.54546	24	18239.983	18240.583	18240.583	18240.783	18241.128
2	47	2	1	295	2	2	5	25	6	2	1	0	0.43948091	24	18242.6	18243.2	18243.2	18243.4	18243.64
2	47	2	1	296	2	2	5	26	6	2	8	1	0.60733462	25	18245.224	18245.824	18245.824	18246.024	18246.432
2	47	2	1	297	2	2	5	27	1	2	1	1	0.5702243	26	18247.844	18248.444	18248.444	18248.644	18249.014
2	47	2	1	298	2	2	5	28	4	2	8	1	0.51343864	27	18250.465	18251.065	18251.065	18251.265	18251.578
2	47	2	1	299	2	2	5	29	5	1	8	1	0.82400599	28	18253.086	18253.286	18253.286	18253.486	18254.11
2	47	2	1	300	2	2	5	30	1	1	1	1	0.71184377	29	18255.307	18255.507	18255.507	18255.707	18256.219
2	47	2	1	301	2	6	6	1	3	1	4	1	1.006362	30	18285.608	18285.808	18285.808	18286.008	18286.814
2	47	2	1	302	2	6	6	2	6	1	7	1	0.93865662	31	18287.829	18288.029	18288.029	18288.229	18288.968
2	47	2	1	303	2	6	6	3	4	2	5	1	0.97759675	32	18290.049	18290.649	18290.649	18290.849	18291.626
2	47	2	1	304	2	6	6	4	6	2	7	1	0.80897433	33	18292.669	18293.269	18293.269	18293.469	18294.078
2	47	2	1	305	2	6	6	5	1	2	2	1	0.89636798	34	18295.29	18295.89	18295.89	18296.09	18296.786
2	47	2	1	306	2	6	6	6	2	2	3	1	1.3145266	35	18297.91	18298.51	18298.51	18298.71	18299.825
2	47	2	1	307	2	6	6	7	4	2	5	1	0.82259355	36	18300.531	18301.131	18301.131	18301.331	18301.954
2	47	2	1	308	2	6	6	8	4	2	5	1	1.192518	37	18303.15	18303.75	18303.75	18303.95	18304.942
2	47	2	1	309	2	6	6	9	2	1	3	1	1.0761248	38	18305.767	18305.967	18305.967	18306.167	18307.044
2	47	2	1	310	2	6	6	10	4	1	5	1	1.0528397	39	18307.988	18308.188	18308.188	18308.388	18309.241
2	47	2	1	311	2	6	6	11	2	2	3	1	1.3179319	40	18310.209	18310.809	18310.809	18311.009	18312.127
2	47	2	1	312	2	6	6	12	5	1	6	1	1.0251079	41	18312.83	18313.03	18313.03	18313.23	18314.055
2	47	2	1	313	2	6	6	13	3	2	4	1	0.86845078	42	18315.053	18315.653	18315.653	18315.853	18316.522
2	47	2	1	314	2	6	6	14	5	1	6	1	0.670437	43	18317.674	18317.874	18317.874	18318.074	18318.544
2	47	2	1	315	2	6	6	15	5	1	6	1	0.74689122	44	18319.895	18320.095	18320.095	18320.295	18320.842
2	47	2	1	316	2	6	6	16	3	1	4	1	0.82965348	45	18322.117	18322.317	18322.317	18322.517	18323.146
2	47	2	1	317	2	6	6	17	3	1	4	1	0.82704361	46	18324.338	18324.538	18324.538	18324.738	18325.365
2	47	2	1	318	2	6	6	18	1	1	2	1	0.91330824	47	18326.558	18326.758	18326.758	18326.958	18327.672
2	47	2	1	319	2	6	6	19	3	2	2	0	0.87364641	47	18328.78	18329.38	18329.38	18329.58	18330.254
2	47	2	1	320	2	6	6	20	2	2	3	1	1.022828	48	18331.402	18332.002	18332.002	18332.202	18333.025
2	47	2	1	321	2	6	6	21	5	1	6	1	0.84272421	49	18334.024	18334.224	18334.224	18334.424	18335.066
2	47	2	1	322	2	6	6	22	2	1	3	1	1.1992945	50	18336.245	18336.445	18336.445	18336.645	18337.644
2	47	2	1	323	2	6	6	23	1	1	2	1	0.7864546	51	18338.534	18338.734	18338.734	18338.934	18339.52
2	47	2	1	324	2	6	6	24	6	2	7	1	0.8907978	52	18340.756	18341.356	18341.356	18341.556	18342.247
2	47	2	1	325	2	6	6	25	6	2	7	1	0.66447461	53	18343.378	18343.978	18343.978	18344.178	18344.642
2	47	2	1	326	2	6	6	26	6	2	7	1	0.57072402	54	18346	18346.6	18346.6	18346.8	18347.17
2	47	2	1	327	2	6	6	27	1	2	2	1	0.64191252	55	18348.621	18349.221	18349.221	18349.421	18349.863
2	47	2	1	328	2	6	6	28	4	2	5	1	0.93122519	56	18351.243	18351.843	18351.843	18352.043	18352.774
2	47	2	1	329	2	6	6	29	5	1	6	1	0.83967527	57	18353.865	18354.065	18354.065	18354.265	18354.905
2	47	2	1	330	2	6	6	30	1	1	2	1	0.84356081	58	18356.087	18356.287	18356.287	18356.487	18357.13
2	47	2	1	331	2	2	6	1	3	1	1	1	0.77722876	1	18386.367	18386.567	18386.567	18386.767	18387.345
2	47	2	1	332	2	2	6	2	5	1	8	1	0.59228697	2	18388.592	18388.792	18388.792	18388.992	18389.385
2	47	2	1	333	2	2	6	3	2	2	1	1	0.71243905	3	18390.815	18391.415	18391.415	18391.615	18392.127
2	47	2	1	334	2	2	6	4	6	2	8	1	0.66208738	4	18393.441	18394.041	18394.041	18394.241	18394.703
2	47	2	1	335	2	2	6	5	4	2	8	1	0.70720573	5	18396.063	18396.663	18396.663	18396.863	18397.37
2	47	2	1	336	2	2	6	6	2	2	1	1	0.68483266	6	18398.684	18399.284	18399.284	18399.484	18399.969
2	47	2	1	337	2	2	6	7	6	2	8	1	0.80489311	7	18401.306	18401.906	18401.906	18402.106	18402.711
2	47	2	1	338	2	2	6	8	4	2	8	1	0.7289173	8	18403.928	18404.528	18404.528	18404.728	18405.257
2	47	2	1	339	2	2	6	9	4	1	8	1	0.77318785	9	18406.549	18406.749	18406.749	18406.949	18407.522
2	47	2	1	340	2	2	6	10	5	1	8	1	0.58928859	10	18408.771	18408.971	18408.971	18409.171	18409.56
2	47	2	1	341	2	2	6	11	3	2	1	1	1.2708389	11	18410.993	18411.593	18411.593	18411.793	18412.864
2	47	2	1	342	2	2	6	12	5	1	8	1	0.71627874	12	18413.636	18413.836	18413.836	18414.036	18414.552
2	47	2	1	343	2	2	6	13	4	2	8	1	0.53459086	13	18415.859	18416.459	18416.459	18416.659	18416.993
2	47	2	1	344	2	2	6	14	1	1	1	1	0.71745149	14	18418.481	18418.681	18418.681	18418.881	18419.398
2	47	2	1	345	2	2	6	15	6	1	8	1	0.63464821	15	18420.7	18420.9	18420.9	18421.1	18421.534
2	47	2	1	346	2	2	6	16	2	1	1	1	0.57280094	16	18422.923	18423.123	18423.123	18423.323	18423.696
2	47	2	1	347	2	2	6	17	4	1	8	1	0.6676143	17	18425.145	18425.345	18425.345	18425.545	18426.012
2	47	2	1	348	2	2	6	18	3	1	1	1	0.96008826	18	18427.368	18427.568	18427.568	18427.768	18428.528
2	47	2	1	349	2	2	6	19	6	2	8	1	0.48906722	19	18429.591	18430.191	18430.191	18430.391	18430.68
2	47	2	1	350	2	2	6	20	2	2	1	1	0.55546039	20	18432.213	18432.813	18432.813	18433.013	18433.369
2	47	2	1	351	2	2	6	21	6	1	8	1	0.56406308	21	18434.837	18435.037	18435.037	18435.237	18435.601
2	47	2	1	352	2	2	6	22	3	1	1	1	0.68734863	22	18437.059	18437.259	18437.259	18437.459	18437.946
2	47	2	1	353	2	2	6	23	5	1	8	1	0.5977443	23	18439.282	18439.482	18439.482	18439.682	18440.079
2	47	2	1	354	2	2	6	24	1	2	1	1	0.68626747	24	18441.504	18442.104	18442.104	18442.304	18442.791
2	47	2	1	355	2	2	6	25	3	2	1	1	0.69688392	25	18444.127	18444.727	18444.727	18444.927	18445.424
2	47	2	1	356	2	2	6	26	5	2	8	1	0.66520997	26	18446.752	18447.352	18447.352	18447.552	18448.018
2	47	2	1	357	2	2	6	27	2	2	1	1	0.72675727	27	18449.375	18449.975	18449.975	18450.175	18450.702
2	47	2	1	358	2	2	6	28	1	2	1	1	0.904188	28	18451.999	18452.599	18452.599	18452.799	18453.503
2	47	2	1	359	2	2	6	29	1	1	1	1	0.68292504	29	18454.622	18454.822	18454.822	18455.022	18455.505
2	47	2	1	360	2	2	6	30	1	1	1	1	0.52699768	30	18456.848	18457.048	18457.048	18457.248	18457.575
2	47	2	1	361	3	6	7	1	3	1	4	1	1.5835559	31	19442.466	19442.666	19442.666	19442.866	19444.25
2	47	2	1	362	3	6	7	2	5	1	6	1	1.0943108	32	19444.69	19444.89	19444.89	19445.09	19445.985
2	47	2	1	363	3	6	7	3	2	2	3	1	0.85200651	33	19446.913	19447.513	19447.513	19447.713	19448.365
2	47	2	1	364	3	6	7	4	6	2	7	1	0.80717952	34	19449.537	19450.137	19450.137	19450.337	19450.944
2	47	2	1	365	3	6	7	5	4	2	5	1	0.92045837	35	19452.16	19452.76	19452.76	19452.96	19453.681
2	47	2	1	366	3	6	7	6	2	2	3	1	1.492931	36	19454.78	19455.38	19455.38	19455.58	19456.873
2	47	2	1	367	3	6	7	7	6	2	7	1	0.75632997	37	19457.404	19458.004	19458.004	19458.204	19458.76
2	47	2	1	368	3	6	7	8	4	2	5	1	1.1158987	38	19460.036	19460.636	19460.636	19460.836	19461.752
2	47	2	1	369	3	6	7	9	4	1	5	1	0.66922916	39	19462.657	19462.857	19462.857	19463.057	19463.526
2	47	2	1	370	3	6	7	10	5	1	6	1	0.69340659	40	19464.881	19465.081	19465.081	19465.281	19465.774
2	47	2	1	371	3	6	7	11	3	2	4	1	1.0892869	41	19467.105	19467.705	19467.705	19467.905	19468.794
2	47	2	1	372	3	6	7	12	5	1	6	1	1.4976062	42	19469.729	19469.929	19469.929	19470.129	19471.426
2	47	2	1	373	3	6	7	13	4	2	5	1	1.6869766	43	19471.952	19472.552	19472.552	19472.752	19474.239
2	47	2	1	374	3	6	7	14	1	1	2	1	0.80686615	44	19474.575	19474.775	19474.775	19474.975	19475.582
2	47	2	1	375	3	6	7	15	6	1	7	1	1.0797685	45	19476.799	19476.999	19476.999	19477.199	19478.079
2	47	2	1	376	3	6	7	16	2	1	3	1	1.0710727	46	19479.023	19479.223	19479.223	19479.423	19480.294
2	47	2	1	377	3	6	7	17	4	1	6	0	1.0033288	46	19481.247	19481.447	19481.447	19481.647	19482.45
2	47	2	1	378	3	6	7	18	3	1	4	1	1.0505095	47	19483.47	19483.67	19483.67	19483.87	19484.721
2	47	2	1	379	3	6	7	19	6	2	7	1	0.98477687	48	19485.694	19486.294	19486.294	19486.494	19487.279
2	47	2	1	380	3	6	7	20	2	2	3	1	1.5151088	49	19488.318	19488.918	19488.918	19489.118	19490.433
2	47	2	1	381	3	6	7	21	6	1	7	1	0.80689386	50	19490.943	19491.143	19491.143	19491.343	19491.949
2	47	2	1	382	3	6	7	22	3	1	5	0	2.0001677	50	19493.166	19493.366	19493.366	19493.566	19495.366
2	47	2	1	383	3	6	7	23	5	1	6	1	0.89491827	51	19495.392	19495.592	19495.592	19495.792	19496.487
2	47	2	1	384	3	6	7	24	1	2	2	1	0.80796349	52	19497.616	19498.216	19498.216	19498.416	19499.024
2	47	2	1	385	3	6	7	25	3	2	5	0	1.3142336	52	19500.24	19500.84	19500.84	19501.04	19502.154
2	47	2	1	386	3	6	7	26	5	2	6	1	1.4888775	53	19502.865	19503.465	19503.465	19503.665	19504.954
2	47	2	1	387	3	6	7	27	2	2	3	1	1.3896716	54	19505.489	19506.089	19506.089	19506.289	19507.479
2	47	2	1	388	3	6	7	28	1	2	2	1	0.77660102	55	19508.114	19508.714	19508.714	19508.914	19509.49
2	47	2	1	389	3	6	7	29	1	1	2	1	0.75332251	56	19510.734	19510.934	19510.934	19511.134	19511.687
2	47	2	1	390	3	6	7	30	1	1	2	1	0.5975476	57	19512.958	19513.158	19513.158	19513.358	19513.756
2	47	2	1	391	3	2	7	1	1	1	1	1	0.67491374	1	19543.246	19543.446	19543.446	19543.646	19544.121
2	47	2	1	392	3	2	7	2	3	1	1	1	0.64885695	2	19545.47	19545.67	19545.67	19545.87	19546.319
2	47	2	1	393	3	2	7	3	3	2	1	1	0.7063565	3	19547.695	19548.295	19548.295	19548.495	19549.002
2	47	2	1	394	3	2	7	4	6	2	8	1	0.63232409	4	19550.319	19550.919	19550.919	19551.119	19551.552
2	47	2	1	395	3	2	7	5	4	2	8	1	0.65645634	5	19552.944	19553.544	19553.544	19553.744	19554.2
2	47	2	1	396	3	2	7	6	6	2	8	1	0.60050771	6	19555.569	19556.169	19556.169	19556.369	19556.77
2	47	2	1	397	3	2	7	7	4	2	8	1	0.58065301	7	19558.235	19558.835	19558.835	19559.035	19559.416
2	47	2	1	398	3	2	7	8	2	2	1	1	0.59410938	8	19560.856	19561.456	19561.456	19561.656	19562.05
2	47	2	1	399	3	2	7	9	6	1	8	1	0.83262114	9	19563.481	19563.681	19563.681	19563.881	19564.514
2	47	2	1	400	3	2	7	10	5	1	8	1	0.68160448	10	19565.703	19565.903	19565.903	19566.103	19566.585
2	47	2	1	401	3	2	7	11	6	2	8	1	0.49916074	11	19567.925	19568.525	19568.525	19568.725	19569.024
2	47	2	1	402	3	2	7	12	4	1	8	1	0.48989646	12	19570.551	19570.751	19570.751	19570.951	19571.24
2	47	2	1	403	3	2	7	13	3	2	1	1	0.58240352	13	19572.776	19573.376	19573.376	19573.576	19573.958
2	47	2	1	404	3	2	7	14	2	1	1	1	0.54019406	14	19575.401	19575.601	19575.601	19575.801	19576.141
2	47	2	1	405	3	2	7	15	2	1	1	1	0.79902272	15	19577.625	19577.825	19577.825	19578.025	19578.624
2	47	2	1	406	3	2	7	16	2	1	1	1	0.41599988	16	19579.85	19580.05	19580.05	19580.25	19580.466
2	47	2	1	407	3	2	7	17	5	1	8	1	0.49296872	17	19582.076	19582.276	19582.276	19582.476	19582.769
2	47	2	1	408	3	2	7	18	4	1	8	1	0.76240005	18	19584.301	19584.501	19584.501	19584.701	19585.263
2	47	2	1	409	3	2	7	19	1	2	1	1	0.56822687	19	19586.529	19587.129	19587.129	19587.329	19587.697
2	47	2	1	410	3	2	7	20	5	2	8	1	0.6517832	20	19589.154	19589.754	19589.754	19589.954	19590.406
2	47	2	1	411	3	2	7	21	3	1	1	1	0.69177461	21	19591.782	19591.982	19591.982	19592.182	19592.674
2	47	2	1	412	3	2	7	22	1	1	1	1	0.76615834	22	19594.008	19594.208	19594.208	19594.408	19594.974
2	47	2	1	413	3	2	7	23	4	1	8	1	0.68743023	23	19596.233	19596.433	19596.433	19596.633	19597.12
2	47	2	1	414	3	2	7	24	5	2	8	1	0.72459069	24	19598.458	19599.058	19599.058	19599.258	19599.782
2	47	2	1	415	3	2	7	25	1	2	1	1	0.59484433	25	19601.083	19601.683	19601.683	19601.883	19602.278
2	47	2	1	416	3	2	7	26	2	2	1	1	0.57621544	26	19603.707	19604.307	19604.307	19604.507	19604.883
2	47	2	1	417	3	2	7	27	6	2	8	1	0.67637789	27	19606.332	19606.932	19606.932	19607.132	19607.609
2	47	2	1	418	3	2	7	28	5	2	8	1	0.55953898	28	19608.959	19609.559	19609.559	19609.759	19610.118
2	47	2	1	419	3	2	7	29	3	1	1	1	0.59020946	29	19611.588	19611.788	19611.788	19611.988	19612.378
2	47	2	1	420	3	2	7	30	1	1	1	1	0.58785556	30	19613.814	19614.014	19614.014	19614.214	19614.602
2	47	2	1	421	3	6	8	1	1	1	2	1	0.89449459	31	19644.115	19644.315	19644.315	19644.515	19645.21
2	47	2	1	422	3	6	8	2	3	1	4	1	1.0276589	32	19646.341	19646.541	19646.541	19646.741	19647.568
2	47	2	1	423	3	6	8	3	3	2	4	1	0.58654395	33	19648.567	19649.167	19649.167	19649.367	19649.753
2	47	2	1	424	3	6	8	4	6	2	7	1	0.75189766	34	19651.192	19651.792	19651.792	19651.992	19652.544
2	47	2	1	425	3	6	8	5	4	2	5	1	0.73322112	35	19653.819	19654.419	19654.419	19654.619	19655.152
2	47	2	1	426	3	6	8	6	6	2	7	1	1.2482525	36	19656.446	19657.046	19657.046	19657.246	19658.294
2	47	2	1	427	3	6	8	7	4	2	5	1	1.4707956	37	19659.072	19659.672	19659.672	19659.872	19661.143
2	47	2	1	428	3	6	8	8	2	2	3	1	1.1579961	38	19661.697	19662.297	19662.297	19662.497	19663.455
2	47	2	1	429	3	6	8	9	6	1	7	1	0.94815822	39	19664.324	19664.524	19664.524	19664.724	19665.472
2	47	2	1	430	3	6	8	10	5	1	6	1	0.68366119	40	19666.549	19666.749	19666.749	19666.949	19667.433
2	47	2	1	431	3	6	8	11	6	2	7	1	0.76851331	41	19668.775	19669.375	19669.375	19669.575	19670.144
2	47	2	1	432	3	6	8	12	4	1	5	1	0.9111225	42	19671.402	19671.602	19671.602	19671.802	19672.513
2	47	2	1	433	3	6	8	13	3	2	4	1	0.78842993	43	19673.628	19674.228	19674.228	19674.428	19675.016
2	47	2	1	434	3	6	8	14	2	1	3	1	0.83280627	44	19676.254	19676.454	19676.454	19676.654	19677.287
2	47	2	1	435	3	6	8	15	2	1	3	1	1.1965278	45	19678.477	19678.677	19678.677	19678.877	19679.873
2	47	2	1	436	3	6	8	16	2	1	3	1	0.97731772	46	19680.703	19680.903	19680.903	19681.103	19681.88
2	47	2	1	437	3	6	8	17	5	1	6	1	0.90104691	47	19682.929	19683.129	19683.129	19683.329	19684.03
2	47	2	1	438	3	6	8	18	4	1	5	1	1.0200246	48	19685.156	19685.356	19685.356	19685.556	19686.376
2	47	2	1	439	3	6	8	19	1	2	2	1	1.0908573	49	19687.383	19687.983	19687.983	19688.183	19689.074
2	47	2	1	440	3	6	8	20	5	2	6	1	0.99692667	50	19690.01	19690.61	19690.61	19690.81	19691.607
2	47	2	1	441	3	6	8	21	3	1	5	0	1.4516975	50	19692.635	19692.835	19692.835	19693.035	19694.287
2	47	2	1	442	3	6	8	22	1	1	2	1	1.0711071	51	19694.858	19695.058	19695.058	19695.258	19696.129
2	47	2	1	443	3	6	8	23	4	1	5	1	0.65064537	52	19697.085	19697.285	19697.285	19697.485	19697.936
2	47	2	1	444	3	6	8	24	5	2	6	1	0.79494203	53	19699.374	19699.974	19699.974	19700.174	19700.769
2	47	2	1	445	3	6	8	25	1	2	2	1	0.81460273	54	19702	19702.6	19702.6	19702.8	19703.415
2	47	2	1	446	3	6	8	26	2	2	3	1	1.1247332	55	19704.627	19705.227	19705.227	19705.427	19706.351
2	47	2	1	447	3	6	8	27	6	2	7	1	0.88313365	56	19707.254	19707.854	19707.854	19708.054	19708.737
2	47	2	1	448	3	6	8	28	5	2	6	1	0.96606659	57	19709.881	19710.481	19710.481	19710.681	19711.447
2	47	2	1	449	3	6	8	29	3	1	4	1	1.1870404	58	19712.508	19712.708	19712.708	19712.908	19713.895
2	47	2	1	450	3	6	8	30	1	1	2	1	0.94568662	59	19714.735	19714.935	19714.935	19715.135	19715.88
2	47	2	1	451	3	2	8	1	6	1	8	1	0.90647997	1	19745.025	19745.225	19745.225	19745.425	19746.131
2	47	2	1	452	3	2	8	2	4	1	8	1	0.50970187	2	19747.252	19747.452	19747.452	19747.652	19747.962
2	47	2	1	453	3	2	8	3	1	2	1	1	0.71956576	3	19749.479	19750.079	19750.079	19750.279	19750.798
2	47	2	1	454	3	2	8	4	5	2	8	1	0.76679458	4	19752.105	19752.705	19752.705	19752.905	19753.472
2	47	2	1	455	3	2	8	5	1	2	1	1	0.6075599	5	19754.732	19755.332	19755.332	19755.532	19755.94
2	47	2	1	456	3	2	8	6	1	2	1	1	0.63299769	6	19757.359	19757.959	19757.959	19758.159	19758.592
2	47	2	1	457	3	2	8	7	2	2	1	1	0.62929221	7	19759.986	19760.586	19760.586	19760.786	19761.215
2	47	2	1	458	3	2	8	8	6	2	8	1	0.47743514	8	19762.613	19763.213	19763.213	19763.413	19763.691
2	47	2	1	459	3	2	8	9	2	1	1	1	0.68855332	9	19765.24	19765.44	19765.44	19765.64	19766.129
2	47	2	1	460	3	2	8	10	3	1	1	1	0.55659159	10	19767.467	19767.667	19767.667	19767.867	19768.224
2	47	2	1	461	3	2	8	11	4	2	8	1	0.68470413	11	19769.694	19770.294	19770.294	19770.494	19770.978
2	47	2	1	462	3	2	8	12	5	1	8	1	0.86310208	12	19772.323	19772.523	19772.523	19772.723	19773.386
2	47	2	1	463	3	2	8	13	2	2	1	1	0.71665073	13	19774.554	19775.154	19775.154	19775.354	19775.87
2	47	2	1	464	3	2	8	14	2	1	1	1	0.7160564	14	19777.181	19777.381	19777.381	19777.581	19778.097
2	47	2	1	465	3	2	8	15	3	1	1	1	0.64963069	15	19779.407	19779.607	19779.607	19779.807	19780.256
2	47	2	1	466	3	2	8	16	2	1	1	1	1.0930415	16	19781.633	19781.833	19781.833	19782.033	19782.927
2	47	2	1	467	3	2	8	17	5	1	8	1	0.59367732	17	19783.861	19784.061	19784.061	19784.261	19784.654
2	47	2	1	468	3	2	8	18	4	1	1	0	0.82129245	17	19786.09	19786.29	19786.29	19786.49	19787.111
2	47	2	1	469	3	2	8	19	6	2	8	1	0.80659124	18	19788.317	19788.917	19788.917	19789.117	19789.724
2	47	2	1	470	3	2	8	20	4	2	8	1	0.51091175	19	19790.945	19791.545	19791.545	19791.745	19792.056
2	47	2	1	471	3	2	8	21	4	1	8	1	0.53139679	20	19793.572	19793.772	19793.772	19793.972	19794.303
2	47	2	1	472	3	2	8	22	6	1	8	1	0.45664714	21	19795.8	19796	19796	19796.2	19796.457
2	47	2	1	473	3	2	8	23	3	1	1	1	0.5670483	22	19798.031	19798.231	19798.231	19798.431	19798.798
2	47	2	1	474	3	2	8	24	3	2	1	1	0.50721831	23	19800.259	19800.859	19800.859	19801.059	19801.366
2	47	2	1	475	3	2	8	25	1	2	1	1	0.46354266	24	19802.887	19803.487	19803.487	19803.687	19803.95
2	47	2	1	476	3	2	8	26	6	2	8	1	0.57930049	25	19805.516	19806.116	19806.116	19806.316	19806.695
2	47	2	1	477	3	2	8	27	5	2	8	1	0.67266963	26	19808.143	19808.743	19808.743	19808.943	19809.416
2	47	2	1	478	3	2	8	28	5	2	8	1	0.54894043	27	19810.771	19811.371	19811.371	19811.571	19811.92
2	47	2	1	479	3	2	8	29	1	1	1	1	0.65717231	28	19813.397	19813.597	19813.597	19813.797	19814.255
2	47	2	1	480	3	2	8	30	3	1	1	1	0.65380712	29	19815.626	19815.826	19815.826	19816.026	19816.479
2	47	2	1	481	3	6	9	1	6	1	7	1	1.1211064	30	19845.934	19846.134	19846.134	19846.334	19847.255
2	47	2	1	482	3	6	9	2	4	1	5	1	1.4466844	31	19848.162	19848.362	19848.362	19848.562	19849.809
2	47	2	1	483	3	6	9	3	1	2	2	1	0.82544238	32	19850.39	19850.99	19850.99	19851.19	19851.816
2	47	2	1	484	3	6	9	4	5	2	6	1	0.83406418	33	19853.024	19853.624	19853.624	19853.824	19854.458
2	47	2	1	485	3	6	9	5	1	2	2	1	0.86421482	34	19855.65	19856.25	19856.25	19856.45	19857.114
2	47	2	1	486	3	6	9	6	1	2	2	1	0.67743757	35	19858.284	19858.884	19858.884	19859.084	19859.562
2	47	2	1	487	3	6	9	7	2	2	3	1	0.82797521	36	19860.913	19861.513	19861.513	19861.713	19862.341
2	47	2	1	488	3	6	9	8	6	2	7	1	0.77644594	37	19863.542	19864.142	19864.142	19864.342	19864.918
2	47	2	1	489	3	6	9	9	2	1	3	1	1.4265079	38	19866.17	19866.37	19866.37	19866.57	19867.797
2	47	2	1	490	3	6	9	10	3	1	4	1	1.5375866	39	19868.4	19868.6	19868.6	19868.8	19870.138
2	47	2	1	491	3	6	9	11	4	2	5	1	0.92864965	40	19870.628	19871.228	19871.228	19871.428	19872.157
2	47	2	1	492	3	6	9	12	5	1	6	1	0.67833745	41	19873.257	19873.457	19873.457	19873.657	19874.135
2	47	2	1	493	3	6	9	13	2	2	3	1	1.2333069	42	19875.485	19876.085	19876.085	19876.285	19877.318
2	47	2	1	494	3	6	9	14	2	1	3	1	0.83797986	43	19878.114	19878.314	19878.314	19878.514	19879.152
2	47	2	1	495	3	6	9	15	3	1	4	1	1.1294256	44	19880.342	19880.542	19880.542	19880.742	19881.672
2	47	2	1	496	3	6	9	16	2	1	3	1	0.74256024	45	19882.575	19882.775	19882.775	19882.975	19883.517
2	47	2	1	497	3	6	9	17	5	1	6	1	1.3789326	46	19884.803	19885.003	19885.003	19885.203	19886.382
2	47	2	1	498	3	6	9	18	4	1	5	1	0.81720663	47	19887.031	19887.231	19887.231	19887.431	19888.049
2	47	2	1	499	3	6	9	19	6	2	7	1	0.94558833	48	19889.261	19889.861	19889.861	19890.061	19890.806
2	47	2	1	500	3	6	9	20	4	2	5	1	1.0662221	49	19891.886	19892.486	19892.486	19892.686	19893.552
2	47	2	1	501	3	6	9	21	4	1	5	1	0.58912123	50	19894.595	19894.795	19894.795	19894.995	19895.384
2	47	2	1	502	3	6	9	22	6	1	7	1	0.74399164	51	19896.826	19897.026	19897.026	19897.226	19897.77
2	47	2	1	503	3	6	9	23	3	1	4	1	1.8908544	52	19899.054	19899.254	19899.254	19899.454	19901.145
2	47	2	1	504	3	6	9	24	3	2	4	1	0.66320983	53	19901.282	19901.882	19901.882	19902.082	19902.545
2	47	2	1	505	3	6	9	25	1	2	2	1	0.95185979	54	19903.911	19904.511	19904.511	19904.711	19905.463
2	47	2	1	506	3	6	9	26	6	2	7	1	1.0961872	55	19906.598	19907.198	19907.198	19907.398	19908.294
2	47	2	1	507	3	6	9	27	5	2	6	1	1.1075788	56	19909.227	19909.827	19909.827	19910.027	19910.935
2	47	2	1	508	3	6	9	28	5	2	6	1	0.53819	57	19911.856	19912.456	19912.456	19912.656	19912.995
2	47	2	1	509	3	6	9	29	1	1	2	1	0.74970886	58	19914.485	19914.685	19914.685	19914.885	19915.434
2	47	2	1	510	3	6	9	30	3	1	0	0	-19916.914	58	19916.714	19916.914	19916.914	19917.114	0
2	47	2	1	511	3	2	9	1	2	1	1	1	0.62627853	1	19947.004	19947.204	19947.204	19947.404	19947.831
2	47	2	1	512	3	2	9	2	5	1	8	1	0.65483014	2	19949.234	19949.434	19949.434	19949.634	19950.089
2	47	2	1	513	3	2	9	3	2	2	1	1	0.69616845	3	19951.463	19952.063	19952.063	19952.263	19952.759
2	47	2	1	514	3	2	9	4	6	2	8	1	0.46436618	4	19954.096	19954.696	19954.696	19954.896	19955.16
2	47	2	1	515	3	2	9	5	2	2	1	1	0.61343533	5	19956.725	19957.325	19957.325	19957.525	19957.938
2	47	2	1	516	3	2	9	6	3	2	1	1	0.50445193	6	19959.351	19959.951	19959.951	19960.151	19960.456
2	47	2	1	517	3	2	9	7	6	2	8	1	0.5802268	7	19961.981	19962.581	19962.581	19962.781	19963.161
2	47	2	1	518	3	2	9	8	2	2	1	1	0.5639939	8	19964.611	19965.211	19965.211	19965.411	19965.775
2	47	2	1	519	3	2	9	9	1	1	1	1	0.59107566	9	19967.24	19967.44	19967.44	19967.64	19968.031
2	47	2	1	520	3	2	9	10	6	1	8	1	0.517131	10	19969.469	19969.669	19969.669	19969.869	19970.186
2	47	2	1	521	3	2	9	11	5	2	8	1	0.49166376	11	19971.699	19972.299	19972.299	19972.499	19972.79
2	47	2	1	522	3	2	9	12	1	1	1	1	0.51128777	12	19974.328	19974.528	19974.528	19974.728	19975.04
2	47	2	1	523	3	2	9	13	3	2	1	1	0.54497087	13	19976.558	19977.158	19977.158	19977.358	19977.703
2	47	2	1	524	3	2	9	14	4	1	8	1	0.60656265	14	19979.188	19979.388	19979.388	19979.588	19979.994
2	47	2	1	525	3	2	9	15	4	1	8	1	0.79504687	15	19981.415	19981.615	19981.615	19981.815	19982.41
2	47	2	1	526	3	2	9	16	4	1	8	1	0.48775912	16	19983.642	19983.842	19983.842	19984.042	19984.33
2	47	2	1	527	3	2	9	17	4	1	8	1	0.52684043	17	19985.871	19986.071	19986.071	19986.271	19986.598
2	47	2	1	528	3	2	9	18	2	1	1	1	0.53967995	18	19988.102	19988.302	19988.302	19988.502	19988.842
2	47	2	1	529	3	2	9	19	1	2	1	1	0.49175958	19	19990.332	19990.932	19990.932	19991.132	19991.424
2	47	2	1	530	3	2	9	20	3	2	1	1	0.5257145	20	19992.963	19993.563	19993.563	19993.763	19994.088
2	47	2	1	531	3	2	9	21	5	1	8	1	0.56230319	21	19995.593	19995.793	19995.793	19995.993	19996.355
2	47	2	1	532	3	2	9	22	4	1	8	1	0.5926176	22	19997.822	19998.022	19998.022	19998.222	19998.615
2	47	2	1	533	3	2	9	23	3	1	1	1	0.46787878	23	20000.053	20000.253	20000.253	20000.453	20000.721
2	47	2	1	534	3	2	9	24	1	2	1	1	0.49290701	24	20002.284	20002.884	20002.884	20003.084	20003.377
2	47	2	1	535	3	2	9	25	1	2	1	1	0.47946287	25	20004.913	20005.513	20005.513	20005.713	20005.993
2	47	2	1	536	3	2	9	26	3	2	1	1	0.45641712	26	20007.544	20008.144	20008.144	20008.344	20008.601
2	47	2	1	537	3	2	9	27	5	2	8	1	0.77938	27	20010.174	20010.774	20010.774	20010.974	20011.554
2	47	2	1	538	3	2	9	28	5	2	8	1	0.62862758	28	20012.805	20013.405	20013.405	20013.605	20014.033
2	47	2	1	539	3	2	9	29	6	1	8	1	0.51354648	29	20015.438	20015.638	20015.638	20015.838	20016.152
2	47	2	1	540	3	2	9	30	6	1	8	1	0.50269849	30	20017.729	20017.929	20017.929	20018.129	20018.432
2	47	2	1	541	4	6	10	1	2	1	3	1	1.0418423	31	20588.871	20589.071	20589.071	20589.271	20590.113
2	47	2	1	542	4	6	10	2	5	1	6	1	0.79136307	32	20591.106	20591.306	20591.306	20591.506	20592.097
2	47	2	1	543	4	6	10	3	2	2	3	1	1.043516	33	20593.333	20593.933	20593.933	20594.133	20594.977
2	47	2	1	544	4	6	10	4	6	2	7	1	0.84012948	34	20595.962	20596.562	20596.562	20596.762	20597.402
2	47	2	1	545	4	6	10	5	2	2	3	1	0.95255316	35	20598.592	20599.192	20599.192	20599.392	20600.145
2	47	2	1	546	4	6	10	6	3	2	5	0	1.9852343	35	20601.222	20601.822	20601.822	20602.022	20603.807
2	47	2	1	547	4	6	10	7	6	2	7	1	1.2503281	36	20603.852	20604.452	20604.452	20604.652	20605.702
2	47	2	1	548	4	6	10	8	2	2	3	1	0.88434217	37	20606.547	20607.147	20607.147	20607.347	20608.031
2	47	2	1	549	4	6	10	9	1	1	2	1	0.88924853	38	20609.184	20609.384	20609.384	20609.584	20610.273
2	47	2	1	550	4	6	10	10	6	1	7	1	0.76298213	39	20611.414	20611.614	20611.614	20611.814	20612.377
2	47	2	1	551	4	6	10	11	5	2	6	1	0.79445144	40	20613.645	20614.245	20614.245	20614.445	20615.04
2	47	2	1	552	4	6	10	12	1	1	2	1	0.89973563	41	20616.276	20616.476	20616.476	20616.676	20617.376
2	47	2	1	553	4	6	10	13	3	2	4	1	0.93655104	42	20618.566	20619.166	20619.166	20619.366	20620.102
2	47	2	1	554	4	6	10	14	4	1	5	1	0.69919272	43	20621.196	20621.396	20621.396	20621.596	20622.095
2	47	2	1	555	4	6	10	15	4	1	5	1	0.57845693	44	20623.428	20623.628	20623.628	20623.828	20624.206
2	47	2	1	556	4	6	10	16	4	1	5	1	0.51017043	45	20625.659	20625.859	20625.859	20626.059	20626.369
2	47	2	1	557	4	6	10	17	4	1	5	1	0.47503432	46	20627.891	20628.091	20628.091	20628.291	20628.566
2	47	2	1	558	4	6	10	18	2	1	3	1	0.89299567	47	20630.121	20630.321	20630.321	20630.521	20631.214
2	47	2	1	559	4	6	10	19	1	2	2	1	0.46427295	48	20632.353	20632.953	20632.953	20633.153	20633.417
2	47	2	1	560	4	6	10	20	3	2	4	1	1.0336027	49	20634.985	20635.585	20635.585	20635.785	20636.618
2	47	2	1	561	4	6	10	21	5	1	6	1	0.93494797	50	20637.617	20637.817	20637.817	20638.017	20638.752
2	47	2	1	562	4	6	10	22	4	1	5	1	0.95789994	51	20639.848	20640.048	20640.048	20640.248	20641.006
2	47	2	1	563	4	6	10	23	3	1	4	1	1.2233195	52	20642.08	20642.28	20642.28	20642.48	20643.504
2	47	2	1	564	4	6	10	24	1	2	2	1	1.0876427	53	20644.311	20644.911	20644.911	20645.111	20645.999
2	47	2	1	565	4	6	10	25	1	2	2	1	0.64421245	54	20646.943	20647.543	20647.543	20647.743	20648.187
2	47	2	1	566	4	6	10	26	3	2	4	1	1.3109622	55	20649.579	20650.179	20650.179	20650.379	20651.49
2	47	2	1	567	4	6	10	27	5	2	6	1	0.67968569	56	20652.207	20652.807	20652.807	20653.007	20653.487
2	47	2	1	568	4	6	10	28	5	2	6	1	0.63299605	57	20654.839	20655.439	20655.439	20655.639	20656.072
2	47	2	1	569	4	6	10	29	6	1	7	1	0.93048243	58	20657.47	20657.67	20657.67	20657.87	20658.601
2	47	2	1	570	4	6	10	30	6	1	7	1	0.59406859	59	20659.702	20659.902	20659.902	20660.102	20660.497
2	47	2	1	571	4	2	10	1	3	1	1	1	0.58293466	1	20689.991	20690.191	20690.191	20690.391	20690.774
2	47	2	1	572	4	2	10	2	5	1	8	1	0.54462241	2	20692.224	20692.424	20692.424	20692.624	20692.968
2	47	2	1	573	4	2	10	3	5	2	8	1	0.6254668	3	20694.455	20695.055	20695.055	20695.255	20695.68
2	47	2	1	574	4	2	10	4	2	2	1	1	0.70251144	4	20697.086	20697.686	20697.686	20697.886	20698.389
2	47	2	1	575	4	2	10	5	6	2	8	1	0.5909769	5	20699.713	20700.313	20700.313	20700.513	20700.904
2	47	2	1	576	4	2	10	6	4	2	8	1	0.4936206	6	20702.345	20702.945	20702.945	20703.145	20703.438
2	47	2	1	577	4	2	10	7	2	2	1	1	0.52658971	7	20704.977	20705.577	20705.577	20705.777	20706.103
2	47	2	1	578	4	2	10	8	1	2	1	1	0.47176372	8	20707.609	20708.209	20708.209	20708.409	20708.681
2	47	2	1	579	4	2	10	9	3	1	1	1	0.50479646	9	20710.242	20710.442	20710.442	20710.642	20710.946
2	47	2	1	580	4	2	10	10	1	1	1	1	0.48473173	10	20712.475	20712.675	20712.675	20712.875	20713.159
2	47	2	1	581	4	2	10	11	6	2	8	1	0.65460596	11	20714.707	20715.307	20715.307	20715.507	20715.962
2	47	2	1	582	4	2	10	12	5	1	8	1	0.6844537	12	20717.34	20717.54	20717.54	20717.74	20718.224
2	47	2	1	583	4	2	10	13	5	2	8	1	0.38405631	13	20719.573	20720.173	20720.173	20720.373	20720.557
2	47	2	1	584	4	2	10	14	4	1	8	1	0.41856842	14	20722.205	20722.405	20722.405	20722.605	20722.824
2	47	2	1	585	4	2	10	15	2	1	8	0	0.4675711	14	20724.438	20724.638	20724.638	20724.838	20725.105
2	47	2	1	586	4	2	10	16	1	1	1	1	0.58642865	15	20726.683	20726.883	20726.883	20727.083	20727.47
2	47	2	1	587	4	2	10	17	3	1	1	1	0.54154532	16	20728.916	20729.116	20729.116	20729.316	20729.657
2	47	2	1	588	4	2	10	18	3	1	1	1	0.41035509	17	20731.149	20731.349	20731.349	20731.549	20731.759
2	47	2	1	589	4	2	10	19	1	2	1	1	0.49325441	18	20733.385	20733.985	20733.985	20734.185	20734.478
2	47	2	1	590	4	2	10	20	6	2	8	1	0.46768255	19	20736.02	20736.62	20736.62	20736.82	20737.088
2	47	2	1	591	4	2	10	21	4	1	8	1	0.54984395	20	20738.692	20738.892	20738.892	20739.092	20739.442
2	47	2	1	592	4	2	10	22	3	1	1	1	0.59365409	21	20740.925	20741.125	20741.125	20741.325	20741.718
2	47	2	1	593	4	2	10	23	1	1	1	1	0.595218	22	20743.157	20743.357	20743.357	20743.557	20743.952
2	47	2	1	594	4	2	10	24	6	2	8	1	0.88442864	23	20745.389	20745.989	20745.989	20746.189	20746.874
2	47	2	1	595	4	2	10	25	4	2	8	1	0.47676677	24	20748.022	20748.622	20748.622	20748.822	20749.098
2	47	2	1	596	4	2	10	26	4	2	8	1	0.54301977	25	20750.706	20751.306	20751.306	20751.506	20751.849
2	47	2	1	597	4	2	10	27	2	2	1	1	0.56664721	26	20753.336	20753.936	20753.936	20754.136	20754.502
2	47	2	1	598	4	2	10	28	6	2	8	1	0.55472731	27	20755.972	20756.572	20756.572	20756.772	20757.127
2	47	2	1	599	4	2	10	29	5	1	8	1	0.70456831	28	20758.605	20758.805	20758.805	20759.005	20759.51
2	47	2	1	600	4	2	10	30	2	1	1	1	0.59234256	29	20760.839	20761.039	20761.039	20761.239	20761.631
2	47	2	1	601	4	6	11	1	3	1	4	1	1.1037694	30	20791.152	20791.352	20791.352	20791.552	20792.456
2	47	2	1	602	4	6	11	2	5	1	6	1	0.95301741	31	20793.385	20793.585	20793.585	20793.785	20794.538
2	47	2	1	603	4	6	11	3	5	2	6	1	0.67777929	32	20795.618	20796.218	20796.218	20796.418	20796.896
2	47	2	1	604	4	6	11	4	2	2	3	1	1.1468982	33	20798.252	20798.852	20798.852	20799.052	20799.998
2	47	2	1	605	4	6	11	5	6	2	7	1	0.87358034	34	20800.885	20801.485	20801.485	20801.685	20802.359
2	47	2	1	606	4	6	11	6	4	2	5	1	1.2188958	35	20803.518	20804.118	20804.118	20804.318	20805.337
2	47	2	1	607	4	6	11	7	2	2	3	1	1.5380089	36	20806.151	20806.751	20806.751	20806.951	20808.289
2	47	2	1	608	4	6	11	8	1	2	2	1	0.9651561	37	20808.781	20809.381	20809.381	20809.581	20810.346
2	47	2	1	609	4	6	11	9	3	1	4	1	1.8162293	38	20811.414	20811.614	20811.614	20811.814	20813.431
2	47	2	1	610	4	6	11	10	1	1	2	1	1.0359401	39	20813.649	20813.849	20813.849	20814.049	20814.885
2	47	2	1	611	4	6	11	11	6	2	7	1	0.92467587	40	20815.882	20816.482	20816.482	20816.682	20817.407
2	47	2	1	612	4	6	11	12	5	1	6	1	1.2051843	41	20818.515	20818.715	20818.715	20818.915	20819.92
2	47	2	1	613	4	6	11	13	5	2	6	1	0.58055963	42	20820.747	20821.347	20821.347	20821.547	20821.928
2	47	2	1	614	4	6	11	14	4	1	5	1	0.77870592	43	20823.38	20823.58	20823.58	20823.78	20824.359
2	47	2	1	615	4	6	11	15	2	1	3	1	1.1997407	44	20825.614	20825.814	20825.814	20826.014	20827.014
2	47	2	1	616	4	6	11	16	1	1	2	1	1.2505626	45	20827.852	20828.052	20828.052	20828.252	20829.302
2	47	2	1	617	4	6	11	17	3	1	4	1	0.96361489	46	20830.085	20830.285	20830.285	20830.485	20831.249
2	47	2	1	618	4	6	11	18	3	1	4	1	0.66633704	47	20832.318	20832.518	20832.518	20832.718	20833.185
2	47	2	1	619	4	6	11	19	1	2	2	1	0.84380961	48	20834.551	20835.151	20835.151	20835.351	20835.994
2	47	2	1	620	4	6	11	20	6	2	7	1	0.97747108	49	20837.185	20837.785	20837.785	20837.985	20838.762
2	47	2	1	621	4	6	11	21	4	1	5	1	1.3977041	50	20839.819	20840.019	20840.019	20840.219	20841.417
2	47	2	1	622	4	6	11	22	3	1	4	1	1.4164124	51	20842.054	20842.254	20842.254	20842.454	20843.67
2	47	2	1	623	4	6	11	23	1	1	2	1	0.78068394	52	20844.288	20844.488	20844.488	20844.688	20845.269
2	47	2	1	624	4	6	11	24	6	2	7	1	0.77604359	53	20846.526	20847.126	20847.126	20847.326	20847.902
2	47	2	1	625	4	6	11	25	4	2	5	1	1.0404594	54	20849.16	20849.76	20849.76	20849.96	20850.801
2	47	2	1	626	4	6	11	26	4	2	5	1	0.52446849	55	20851.794	20852.394	20852.394	20852.594	20852.919
2	47	2	1	627	4	6	11	27	2	2	3	1	0.68153479	56	20854.429	20855.029	20855.029	20855.229	20855.71
2	47	2	1	628	4	6	11	28	6	2	7	1	0.68770792	57	20857.062	20857.662	20857.662	20857.862	20858.35
2	47	2	1	629	4	6	11	29	5	1	6	1	0.86544418	58	20859.696	20859.896	20859.896	20860.096	20860.762
2	47	2	1	630	4	6	11	30	2	1	3	1	1.1042895	59	20861.927	20862.127	20862.127	20862.327	20863.232
2	47	2	1	631	4	2	11	1	1	1	1	1	0.64054484	1	20892.222	20892.422	20892.422	20892.622	20893.062
2	47	2	1	632	4	2	11	2	4	1	8	1	0.71013151	2	20894.456	20894.656	20894.656	20894.856	20895.366
2	47	2	1	633	4	2	11	3	1	2	1	1	0.668518	3	20896.69	20897.29	20897.29	20897.49	20897.958
2	47	2	1	634	4	2	11	4	2	2	1	1	0.55557073	4	20899.323	20899.923	20899.923	20900.123	20900.479
2	47	2	1	635	4	2	11	5	3	2	1	1	0.50694592	5	20901.958	20902.558	20902.558	20902.758	20903.065
2	47	2	1	636	4	2	11	6	4	2	8	1	0.66857818	6	20904.589	20905.189	20905.189	20905.389	20905.857
2	47	2	1	637	4	2	11	7	5	2	8	1	0.64579437	7	20907.225	20907.825	20907.825	20908.025	20908.471
2	47	2	1	638	4	2	11	8	4	2	8	1	0.67557484	8	20909.893	20910.493	20910.493	20910.693	20911.169
2	47	2	1	639	4	2	11	9	3	1	1	1	0.67058177	9	20912.528	20912.728	20912.728	20912.928	20913.399
2	47	2	1	640	4	2	11	10	3	1	1	1	0.61453052	10	20914.763	20914.963	20914.963	20915.163	20915.578
2	47	2	1	641	4	2	11	11	1	2	1	1	0.65461541	11	20916.995	20917.595	20917.595	20917.795	20918.249
2	47	2	1	642	4	2	11	12	2	1	1	1	0.51775051	12	20919.626	20919.826	20919.826	20920.026	20920.344
2	47	2	1	643	4	2	11	13	5	2	8	1	0.65563063	13	20921.904	20922.504	20922.504	20922.704	20923.159
2	47	2	1	644	4	2	11	14	6	1	8	1	0.65941188	14	20924.539	20924.739	20924.739	20924.939	20925.398
2	47	2	1	645	4	2	11	15	3	1	1	1	0.64504463	15	20926.774	20926.974	20926.974	20927.174	20927.619
2	47	2	1	646	4	2	11	16	4	1	8	1	0.59310577	16	20929.009	20929.209	20929.209	20929.409	20929.802
2	47	2	1	647	4	2	11	17	1	1	1	1	0.62950925	17	20931.243	20931.443	20931.443	20931.643	20932.073
2	47	2	1	648	4	2	11	18	5	1	8	1	0.63971898	18	20933.481	20933.681	20933.681	20933.881	20934.321
2	47	2	1	649	4	2	11	19	6	2	8	1	0.85228021	19	20935.717	20936.317	20936.317	20936.517	20937.169
2	47	2	1	650	4	2	11	20	6	2	8	1	0.8560604	20	20938.351	20938.951	20938.951	20939.151	20939.807
2	47	2	1	651	4	2	11	21	2	1	1	1	0.63862278	21	20940.987	20941.187	20941.187	20941.387	20941.826
2	47	2	1	652	4	2	11	22	4	1	8	1	0.63625473	22	20943.222	20943.422	20943.422	20943.622	20944.058
2	47	2	1	653	4	2	11	23	5	1	8	1	0.7998516	23	20945.457	20945.657	20945.657	20945.857	20946.457
2	47	2	1	654	4	2	11	24	6	2	8	1	0.51439048	24	20947.692	20948.292	20948.292	20948.492	20948.807
2	47	2	1	655	4	2	11	25	6	2	8	1	0.58753858	25	20950.324	20950.924	20950.924	20951.124	20951.512
2	47	2	1	656	4	2	11	26	2	2	1	1	0.62522655	26	20952.959	20953.559	20953.559	20953.759	20954.184
2	47	2	1	657	4	2	11	27	2	2	1	1	0.51178441	27	20955.594	20956.194	20956.194	20956.394	20956.706
2	47	2	1	658	4	2	11	28	5	2	8	1	0.66582954	28	20958.23	20958.83	20958.83	20959.03	20959.496
2	47	2	1	659	4	2	11	29	3	1	1	1	0.63156596	29	20960.951	20961.151	20961.151	20961.351	20961.782
2	47	2	1	660	4	2	11	30	1	1	1	1	0.54222532	30	20963.186	20963.386	20963.386	20963.586	20963.928
2	47	2	1	661	4	6	12	1	1	1	2	1	0.94604495	31	20993.502	20993.702	20993.702	20993.902	20994.648
2	47	2	1	662	4	6	12	2	4	1	5	1	1.1102133	32	20995.737	20995.937	20995.937	20996.137	20997.047
2	47	2	1	663	4	6	12	3	1	2	2	1	1.0439765	33	20997.971	20998.571	20998.571	20998.771	20999.615
2	47	2	1	664	4	6	12	4	2	2	3	1	0.81715095	34	21000.606	21001.206	21001.206	21001.406	21002.024
2	47	2	1	665	4	6	12	5	3	2	4	1	0.70051016	35	21003.241	21003.841	21003.841	21004.041	21004.542
2	47	2	1	666	4	6	12	6	4	2	5	1	0.77893431	36	21005.879	21006.479	21006.479	21006.679	21007.258
2	47	2	1	667	4	6	12	7	5	2	6	1	0.79880852	37	21008.515	21009.115	21009.115	21009.315	21009.913
2	47	2	1	668	4	6	12	8	4	2	5	1	1.2011463	38	21011.15	21011.75	21011.75	21011.95	21012.952
2	47	2	1	669	4	6	12	9	3	1	3	0	1.0288886	38	21013.786	21013.986	21013.986	21014.186	21015.015
2	47	2	1	670	4	6	12	10	3	1	4	1	0.7095806	39	21016.022	21016.222	21016.222	21016.422	21016.931
2	47	2	1	671	4	6	12	11	1	2	2	1	0.82146903	40	21018.258	21018.858	21018.858	21019.058	21019.679
2	47	2	1	672	4	6	12	12	2	1	3	1	1.5224482	41	21020.892	21021.092	21021.092	21021.292	21022.614
2	47	2	1	673	4	6	12	13	5	2	6	1	0.74775656	42	21023.125	21023.725	21023.725	21023.925	21024.473
2	47	2	1	674	4	6	12	14	6	1	7	1	0.70254774	43	21025.76	21025.96	21025.96	21026.16	21026.663
2	47	2	1	675	4	6	12	15	3	1	4	1	1.5020293	44	21027.996	21028.196	21028.196	21028.396	21029.698
2	47	2	1	676	4	6	12	16	4	1	5	1	1.5274002	45	21030.231	21030.431	21030.431	21030.631	21031.959
2	47	2	1	677	4	6	12	17	1	1	2	1	1.0914651	46	21032.469	21032.669	21032.669	21032.869	21033.76
2	47	2	1	678	4	6	12	18	5	1	6	1	0.6312609	47	21034.705	21034.905	21034.905	21035.105	21035.536
2	47	2	1	679	4	6	12	19	6	2	7	1	0.80990284	48	21036.94	21037.54	21037.54	21037.74	21038.35
2	47	2	1	680	4	6	12	20	6	2	7	1	0.67305044	49	21039.577	21040.177	21040.177	21040.377	21040.85
2	47	2	1	681	4	6	12	21	2	1	3	1	1.2592348	50	21042.213	21042.413	21042.413	21042.613	21043.672
2	47	2	1	682	4	6	12	22	4	1	5	1	0.79158397	51	21044.449	21044.649	21044.649	21044.849	21045.441
2	47	2	1	683	4	6	12	23	5	1	6	1	0.7610516	52	21046.686	21046.886	21046.886	21047.086	21047.647
2	47	2	1	684	4	6	12	24	6	2	7	1	0.73539631	53	21048.923	21049.523	21049.523	21049.723	21050.258
2	47	2	1	685	4	6	12	25	6	2	7	1	0.68661575	54	21051.559	21052.159	21052.159	21052.359	21052.845
2	47	2	1	686	4	6	12	26	2	2	5	0	1.5160306	54	21054.195	21054.795	21054.795	21054.995	21056.311
2	47	2	1	687	4	6	12	27	2	2	3	1	1.4091889	55	21056.832	21057.432	21057.432	21057.632	21058.841
2	47	2	1	688	4	6	12	28	5	2	6	1	0.72381124	56	21059.469	21060.069	21060.069	21060.269	21060.793
2	47	2	1	689	4	6	12	29	3	1	4	1	0.77465548	57	21062.107	21062.307	21062.307	21062.507	21063.081
2	47	2	1	690	4	6	12	30	1	1	2	1	0.82338223	58	21064.343	21064.543	21064.543	21064.743	21065.366
2	47	2	1	691	4	2	12	1	6	1	8	1	0.71015523	1	21094.642	21094.842	21094.842	21095.042	21095.552
2	47	2	1	692	4	2	12	2	3	1	1	1	0.67858256	2	21096.88	21097.08	21097.08	21097.28	21097.759
2	47	2	1	693	4	2	12	3	5	2	8	1	0.61050704	3	21099.117	21099.717	21099.717	21099.917	21100.328
2	47	2	1	694	4	2	12	4	3	2	1	1	0.64398114	4	21101.757	21102.357	21102.357	21102.557	21103.001
2	47	2	1	695	4	2	12	5	6	2	1	0	0.46770713	4	21104.394	21104.994	21104.994	21105.194	21105.462
2	47	2	1	696	4	2	12	6	1	2	1	1	0.84709762	5	21107.031	21107.631	21107.631	21107.831	21108.478
2	47	2	1	697	4	2	12	7	5	2	8	1	0.58795521	6	21109.668	21110.268	21110.268	21110.468	21110.856
2	47	2	1	698	4	2	12	8	5	2	8	1	0.70953764	7	21112.305	21112.905	21112.905	21113.105	21113.614
2	47	2	1	699	4	2	12	9	4	1	8	1	0.79478984	8	21114.948	21115.148	21115.148	21115.348	21115.943
2	47	2	1	700	4	2	12	10	2	1	1	1	0.72223863	9	21117.284	21117.484	21117.484	21117.684	21118.207
2	47	2	1	701	4	2	12	11	3	2	1	1	0.99746043	10	21119.52	21120.12	21120.12	21120.32	21121.118
2	47	2	1	702	4	2	12	12	3	1	1	1	0.58205394	11	21122.157	21122.357	21122.357	21122.557	21122.939
2	47	2	1	703	4	2	12	13	4	2	8	1	0.60621229	12	21124.394	21124.994	21124.994	21125.194	21125.6
2	47	2	1	704	4	2	12	14	5	1	8	1	0.57509264	13	21127.032	21127.232	21127.232	21127.432	21127.807
2	47	2	1	705	4	2	12	15	1	1	1	1	0.65756956	14	21129.268	21129.468	21129.468	21129.668	21130.126
2	47	2	1	706	4	2	12	16	4	1	8	1	0.63937807	15	21131.505	21131.705	21131.705	21131.905	21132.345
2	47	2	1	707	4	2	12	17	4	1	8	1	0.52214131	16	21133.742	21133.942	21133.942	21134.142	21134.464
2	47	2	1	708	4	2	12	18	2	1	1	1	0.64302527	17	21135.979	21136.179	21136.179	21136.379	21136.822
2	47	2	1	709	4	2	12	19	6	2	8	1	0.60543116	18	21138.217	21138.817	21138.817	21139.017	21139.422
2	47	2	1	710	4	2	12	20	6	2	8	1	0.5125977	19	21140.854	21141.454	21141.454	21141.654	21141.967
2	47	2	1	711	4	2	12	21	1	1	1	1	0.58319664	20	21143.492	21143.692	21143.692	21143.892	21144.276
2	47	2	1	712	4	2	12	22	1	1	1	1	0.52018505	21	21145.729	21145.929	21145.929	21146.129	21146.449
2	47	2	1	713	4	2	12	23	1	1	1	1	0.5851671	22	21147.966	21148.166	21148.166	21148.366	21148.751
2	47	2	1	714	4	2	12	24	6	2	1	0	0.43701762	22	21150.205	21150.805	21150.805	21151.005	21151.242
2	47	2	1	715	4	2	12	25	4	2	8	1	0.56641281	23	21152.843	21153.443	21153.443	21153.643	21154.009
2	47	2	1	716	4	2	12	26	2	2	1	1	0.64717512	24	21155.48	21156.08	21156.08	21156.28	21156.727
2	47	2	1	717	4	2	12	27	3	2	1	1	0.64485482	25	21158.121	21158.721	21158.721	21158.921	21159.366
2	47	2	1	718	4	2	12	28	2	2	1	1	0.66276111	26	21160.758	21161.358	21161.358	21161.558	21162.021
2	47	2	1	719	4	2	12	29	2	1	1	1	0.48543271	27	21163.395	21163.595	21163.595	21163.795	21164.081
2	47	2	1	720	4	2	12	30	5	1	8	1	0.51227429	28	21165.634	21165.834	21165.834	21166.034	21166.346
