4	7	1	2	6	3	0	5	0	0	0	0	0	0	0	0	0	0	0	0
3	17	1	1	1	1	6	1	1	3	2	0	0	-5643.8974	0	5643.297	5643.8972	5643.8974	5644.0977	0
3	17	1	1	2	1	6	1	2	1	2	0	0	-5646.8155	0	5646.2153	5646.8154	5646.8155	5647.0158	0
3	17	1	1	3	1	6	1	3	1	1	6	0	0.69308521	0	5649.1283	5649.3283	5649.3283	5649.5283	5650.0214
3	17	1	1	4	1	6	1	4	5	1	2	0	0.72542502	0	5651.6415	5651.8415	5651.8416	5652.0416	5652.567
3	17	1	1	5	1	6	1	5	5	2	1	0	0.69002319	0	5654.1571	5654.7571	5654.7571	5654.9571	5655.4472
3	17	1	1	6	1	6	1	6	1	2	7	0	0.66111867	0	5657.0734	5657.6734	5657.6734	5657.8735	5658.3345
3	17	1	1	7	1	6	1	7	4	1	6	1	0.80836737	1	5659.9896	5660.1896	5660.1896	5660.3896	5660.998
3	17	1	1	8	1	6	1	8	2	2	1	0	0.93600939	1	5662.1955	5662.7955	5662.7956	5662.9956	5663.7316
3	17	1	1	9	1	6	1	9	5	2	2	0	1.1949564	1	5665.1098	5665.7098	5665.7098	5665.9098	5666.9048
3	17	1	1	10	1	6	1	10	2	1	1	0	0.77724391	1	5668.0277	5668.2277	5668.2278	5668.4278	5669.005
3	17	1	1	11	1	6	1	11	5	1	2	0	0.90035948	1	5670.5417	5670.7417	5670.7417	5670.9418	5671.6421
3	17	1	1	12	1	6	1	12	4	2	6	1	0.73942939	2	5673.0586	5673.6587	5673.6587	5673.8587	5674.3981
3	17	1	1	13	1	6	1	13	2	1	7	0	0.82079026	2	5675.6641	5675.8641	5675.8641	5676.0642	5676.6849
3	17	1	1	14	1	6	1	14	2	1	2	1	0.74866604	3	5678.1783	5678.3783	5678.3783	5678.5783	5679.1269
3	17	1	1	15	1	6	1	15	6	2	8	1	1.0685538	4	5680.3846	5680.9847	5680.9847	5681.1848	5682.0532
3	17	1	1	16	1	6	1	16	4	1	6	1	0.89384598	5	5682.9906	5683.1906	5683.1906	5683.3907	5684.0844
3	17	1	1	17	1	6	1	17	2	1	2	1	0.92105503	6	5685.1969	5685.3969	5685.3969	5685.5969	5686.318
3	17	1	1	18	1	6	1	18	3	1	1	0	0.83606758	6	5687.4657	5687.6657	5687.6658	5687.8658	5688.5018
3	17	1	1	19	1	6	1	19	6	2	8	1	0.79742267	7	5689.9844	5690.5844	5690.5844	5690.7845	5691.3819
3	17	1	1	20	1	6	1	20	6	2	8	1	0.63785194	8	5692.5907	5693.1907	5693.1907	5693.3907	5693.8286
3	17	1	1	21	1	6	1	21	3	2	2	0	1.4731843	8	5695.1965	5695.7965	5695.7965	5695.9965	5697.2697
3	17	1	1	22	1	6	1	22	1	2	1	1	0.78724678	9	5698.1128	5698.7128	5698.7128	5698.9129	5699.5001
3	17	1	1	23	1	6	1	23	4	1	6	1	0.6778791	10	5700.7194	5700.9195	5700.9195	5701.1195	5701.5974
3	17	1	1	24	1	6	1	24	6	1	8	1	0.85841637	11	5702.9259	5703.1259	5703.1259	5703.3259	5703.9843
3	17	1	1	25	1	6	1	25	3	2	8	0	0.83873119	11	5705.1321	5705.7321	5705.7321	5705.9321	5706.5709
3	17	1	1	26	1	6	1	26	3	1	2	0	0.90343916	11	5708.0439	5708.2439	5708.2439	5708.4439	5709.1473
3	17	1	1	27	1	6	1	27	1	2	3	0	1.4285388	11	5710.559	5711.159	5711.159	5711.359	5712.5875
3	17	1	1	28	1	6	1	28	4	1	6	1	0.61453893	12	5713.4762	5713.6762	5713.6762	5713.8762	5714.2907
3	17	1	1	29	1	6	1	29	5	2	2	0	1.1113613	12	5715.6842	5716.2842	5716.2842	5716.4842	5717.3955
3	17	1	1	30	1	6	1	30	6	1	8	1	0.87858414	13	5718.5972	5718.7972	5718.7972	5718.9972	5719.6758
3	17	1	1	31	1	2	1	1	1	2	4	1	0.47850763	1	5737.2798	5737.8799	5737.88	5738.0802	5738.3585
3	17	1	1	32	1	2	1	2	5	2	5	1	0.42484106	2	5739.8908	5740.4908	5740.4908	5740.6908	5740.9157
3	17	1	1	33	1	2	1	3	2	1	4	1	0.56162403	3	5742.4983	5742.6984	5742.6984	5742.8984	5743.26
3	17	1	1	34	1	2	1	4	3	1	4	1	0.43422332	4	5744.7063	5744.9063	5744.9063	5745.1063	5745.3406
3	17	1	1	35	1	2	1	5	5	2	5	1	0.42839013	5	5746.9127	5747.5127	5747.5127	5747.7127	5747.941
3	17	1	1	36	1	2	1	6	2	2	4	1	0.47045177	6	5749.5195	5750.1195	5750.1195	5750.3195	5750.5899
3	17	1	1	37	1	2	1	7	4	1	5	1	0.52880299	7	5752.1263	5752.3263	5752.3263	5752.5263	5752.8551
3	17	1	1	38	1	2	1	8	3	2	4	1	0.47006443	8	5754.3329	5754.9329	5754.9329	5755.1329	5755.403
3	17	1	1	39	1	2	1	9	4	2	5	1	0.43688517	9	5756.94	5757.54	5757.54	5757.74	5757.9769
3	17	1	1	40	1	2	1	10	6	1	5	1	0.43763493	10	5759.5493	5759.7493	5759.7493	5759.9493	5760.1869
3	17	1	1	41	1	2	1	11	6	1	5	1	0.38438444	11	5761.7562	5761.9562	5761.9562	5762.1563	5762.3406
3	17	1	1	42	1	2	1	12	4	2	5	1	0.43431707	12	5763.9633	5764.5633	5764.5633	5764.7633	5764.9976
3	17	1	1	43	1	2	1	13	5	1	5	1	0.37766473	13	5766.5701	5766.7701	5766.7701	5766.9702	5767.1478
3	17	1	1	44	1	2	1	14	2	1	4	1	0.39451184	14	5768.7777	5768.9777	5768.9777	5769.1778	5769.3722
3	17	1	1	45	1	2	1	15	6	2	5	1	0.32944021	15	5770.9846	5771.5846	5771.5846	5771.7846	5771.9141
3	17	1	1	46	1	2	1	16	1	1	4	1	0.47715044	16	5773.5919	5773.7919	5773.7919	5773.9919	5774.269
3	17	1	1	47	1	2	1	17	3	1	4	1	0.463934	17	5775.799	5775.999	5775.999	5776.199	5776.4629
3	17	1	1	48	1	2	1	18	3	1	4	1	0.33482331	18	5778.0066	5778.2066	5778.2066	5778.4066	5778.5414
3	17	1	1	49	1	2	1	19	1	2	4	1	0.42789688	19	5780.2135	5780.8136	5780.8136	5781.0136	5781.2415
3	17	1	1	50	1	2	1	20	2	2	4	1	0.3585873	20	5782.8231	5783.4232	5783.4232	5783.6232	5783.7817
3	17	1	1	51	1	2	1	21	4	2	5	1	0.42062143	21	5785.4303	5786.0303	5786.0303	5786.2304	5786.4509
3	17	1	1	52	1	2	1	22	1	2	4	1	0.53604162	22	5788.0376	5788.6376	5788.6376	5788.8377	5789.1737
3	17	1	1	53	1	2	1	23	1	1	4	1	0.44118185	23	5790.6446	5790.8446	5790.8446	5791.0446	5791.2858
3	17	1	1	54	1	2	1	24	6	1	5	1	0.44957852	24	5792.852	5793.052	5793.052	5793.252	5793.5016
3	17	1	1	55	1	2	1	25	5	2	5	1	0.45868206	25	5795.0591	5795.6591	5795.6591	5795.8591	5796.1178
3	17	1	1	56	1	2	1	26	6	1	5	1	0.43321757	26	5797.6663	5797.8663	5797.8663	5798.0663	5798.2995
3	17	1	1	57	1	2	1	27	3	2	4	1	0.474838	27	5799.8733	5800.4733	5800.4733	5800.6733	5800.9482
3	17	1	1	58	1	2	1	28	2	1	4	1	0.3172006	28	5802.481	5802.681	5802.681	5802.881	5802.9982
3	17	1	1	59	1	2	1	29	4	2	5	1	0.47486739	29	5804.6888	5805.2888	5805.2888	5805.4888	5805.7637
3	17	1	1	60	1	2	1	30	5	1	5	1	0.38211421	30	5807.2964	5807.4964	5807.4964	5807.6964	5807.8785
3	17	1	1	61	1	6	2	1	1	2	1	1	0.81297233	31	5858.5529	5859.1529	5859.1529	5859.3529	5859.9659
3	17	1	1	62	1	6	2	2	5	2	7	1	0.65946682	32	5861.1607	5861.7607	5861.7608	5861.9608	5862.4202
3	17	1	1	63	1	6	2	3	2	1	2	1	0.84155544	33	5863.7689	5863.969	5863.969	5864.169	5864.8105
3	17	1	1	64	1	6	2	4	3	1	1	0	0.79365924	33	5865.977	5866.177	5866.177	5866.377	5866.9707
3	17	1	1	65	1	6	2	5	5	2	7	1	1.0686454	34	5868.4949	5869.0949	5869.0949	5869.2949	5870.1636
3	17	1	1	66	1	6	2	6	2	2	2	1	0.66943125	35	5871.1026	5871.7026	5871.7027	5871.9027	5872.3721
3	17	1	1	67	1	6	2	7	4	1	6	1	0.66895675	36	5873.7107	5873.9108	5873.9108	5874.1108	5874.5798
3	17	1	1	68	1	6	2	8	3	2	1	0	1.0442082	36	5875.9185	5876.5185	5876.5185	5876.7185	5877.5627
3	17	1	1	69	1	6	2	9	4	2	6	1	0.90331885	37	5878.836	5879.436	5879.436	5879.636	5880.3393
3	17	1	1	70	1	6	2	10	6	1	8	1	0.49714998	38	5881.444	5881.644	5881.644	5881.8441	5882.1412
3	17	1	1	71	1	6	2	11	6	1	8	1	0.55091912	39	5883.6529	5883.853	5883.853	5884.053	5884.4039
3	17	1	1	72	1	6	2	12	4	2	3	0	0.88728243	39	5885.8607	5886.4607	5886.4608	5886.6608	5887.348
3	17	1	1	73	1	6	2	13	5	1	7	1	1.5031957	40	5888.78	5888.98	5888.98	5889.18	5890.4832
3	17	1	1	74	1	6	2	14	2	1	2	1	0.70375857	41	5890.9883	5891.1883	5891.1883	5891.3883	5891.892
3	17	1	1	75	1	6	2	15	6	2	8	1	0.95422228	42	5893.1967	5893.7967	5893.7967	5893.9967	5894.751
3	17	1	1	76	1	6	2	16	1	1	3	0	1.1580562	42	5895.8053	5896.0053	5896.0053	5896.2053	5897.1633
3	17	1	1	77	1	6	2	17	3	1	3	1	0.85997765	43	5898.3206	5898.5206	5898.5207	5898.7207	5899.3806
3	17	1	1	78	1	6	2	18	3	1	3	1	0.60510815	44	5900.5295	5900.7295	5900.7296	5900.9296	5901.3347
3	17	1	1	79	1	6	2	19	1	2	1	1	0.57925003	45	5902.7385	5903.3385	5903.3385	5903.5385	5903.9178
3	17	1	1	80	1	6	2	20	2	2	2	1	1.1209244	46	5905.3475	5905.9475	5905.9475	5906.1475	5907.0685
3	17	1	1	81	1	6	2	21	4	2	6	1	0.67447861	47	5907.9564	5908.5564	5908.5564	5908.7564	5909.2309
3	17	1	1	82	1	6	2	22	1	2	1	1	1.406811	48	5910.5657	5911.1657	5911.1657	5911.3657	5912.5725
3	17	1	1	83	1	6	2	23	1	1	1	1	0.68346206	49	5913.1744	5913.3744	5913.3745	5913.5745	5914.058
3	17	1	1	84	1	6	2	24	6	1	8	1	0.85342372	50	5915.3835	5915.5836	5915.5836	5915.7836	5916.437
3	17	1	1	85	1	6	2	25	5	2	2	0	1.2044841	50	5917.5929	5918.1929	5918.1929	5918.3929	5919.3974
3	17	1	1	86	1	6	2	26	6	1	8	1	0.91177109	51	5920.5075	5920.7075	5920.7075	5920.9075	5921.6193
3	17	1	1	87	1	6	2	27	3	2	3	1	0.83104201	52	5922.7166	5923.3166	5923.3166	5923.5166	5924.1477
3	17	1	1	88	1	6	2	28	2	1	2	1	0.93497132	53	5925.3253	5925.5253	5925.5253	5925.7253	5926.4603
3	17	1	1	89	1	6	2	29	4	2	6	1	0.75999603	54	5927.5344	5928.1344	5928.1344	5928.3344	5928.8944
3	17	1	1	90	1	6	2	30	5	1	2	0	0.93535929	54	5930.1437	5930.3437	5930.3437	5930.5437	5931.279
3	17	1	1	91	1	2	2	1	6	2	5	1	0.4766976	1	5942.6568	5943.2568	5943.2568	5943.4568	5943.7335
3	17	1	1	92	1	2	2	2	4	2	5	1	0.46903114	2	5945.2661	5945.8661	5945.8661	5946.0662	5946.3352
3	17	1	1	93	1	2	2	3	5	1	5	1	0.4184174	3	5947.875	5948.075	5948.075	5948.275	5948.4934
3	17	1	1	94	1	2	2	4	3	1	4	1	0.37359667	4	5950.0836	5950.2836	5950.2836	5950.4836	5950.6572
3	17	1	1	95	1	2	2	5	1	2	4	1	0.31313646	5	5952.2923	5952.8923	5952.8923	5953.0923	5953.2054
3	17	1	1	96	1	2	2	6	6	2	5	1	0.42654663	6	5954.9013	5955.5014	5955.5014	5955.7014	5955.9279
3	17	1	1	97	1	2	2	7	5	1	5	1	0.38721124	7	5957.5109	5957.7109	5957.711	5957.911	5958.0982
3	17	1	1	98	1	2	2	8	6	2	5	1	0.33613911	8	5959.72	5960.32	5960.32	5960.52	5960.6562
3	17	1	1	99	1	2	2	9	2	2	4	1	0.5564936	9	5962.3298	5962.9298	5962.9298	5963.1299	5963.4863
3	17	1	1	100	1	2	2	10	1	1	4	1	0.40273694	10	5964.9389	5965.1389	5965.139	5965.339	5965.5417
3	17	1	1	101	1	2	2	11	2	1	4	1	0.35153046	11	5967.1487	5967.3488	5967.3488	5967.5488	5967.7003
3	17	1	1	102	1	2	2	12	4	2	5	1	0.5342276	12	5969.3583	5969.9583	5969.9583	5970.1583	5970.4926
3	17	1	1	103	1	2	2	13	2	1	4	1	0.45975923	13	5971.9681	5972.1681	5972.1682	5972.3682	5972.6279
3	17	1	1	104	1	2	2	14	6	1	5	1	0.41742456	14	5974.1781	5974.3781	5974.3781	5974.5781	5974.7955
3	17	1	1	105	1	2	2	15	5	2	4	0	0.695606	14	5976.3883	5976.9883	5976.9883	5977.1883	5977.684
3	17	1	1	106	1	2	2	16	3	1	4	1	0.52013003	15	5979.3073	5979.5073	5979.5074	5979.7074	5980.0275
3	17	1	1	107	1	2	2	17	3	1	4	1	0.54150516	16	5981.5171	5981.7171	5981.7171	5981.9171	5982.2586
3	17	1	1	108	1	2	2	18	5	1	5	1	0.49181569	17	5983.7273	5983.9273	5983.9273	5984.1273	5984.4191
3	17	1	1	109	1	2	2	19	6	2	5	1	0.47445651	18	5985.9372	5986.5372	5986.5372	5986.7372	5987.0117
3	17	1	1	110	1	2	2	20	1	2	4	1	0.47235205	19	5988.5467	5989.1467	5989.1467	5989.3467	5989.6191
3	17	1	1	111	1	2	2	21	4	2	5	1	0.58533515	20	5991.1566	5991.7566	5991.7566	5991.9566	5992.342
3	17	1	1	112	1	2	2	22	1	2	4	1	0.6177758	21	5993.8027	5994.4027	5994.4027	5994.6027	5995.0205
3	17	1	1	113	1	2	2	23	2	1	4	1	0.39172923	22	5996.4131	5996.6131	5996.6131	5996.8131	5997.0049
3	17	1	1	114	1	2	2	24	1	1	4	1	0.37383901	23	5998.6231	5998.8231	5998.8231	5999.0231	5999.197
3	17	1	1	115	1	2	2	25	3	2	4	1	0.46834278	24	6000.8337	6001.4337	6001.4337	6001.6337	6001.902
3	17	1	1	116	1	2	2	26	4	1	5	1	0.3762292	25	6003.444	6003.644	6003.644	6003.844	6004.0203
3	17	1	1	117	1	2	2	27	3	2	4	1	0.45657069	26	6005.6545	6006.2545	6006.2545	6006.4545	6006.711
3	17	1	1	118	1	2	2	28	2	1	4	1	0.41892427	27	6008.2643	6008.4643	6008.4643	6008.6643	6008.8832
3	17	1	1	119	1	2	2	29	4	2	5	1	0.45144532	28	6010.4743	6011.0743	6011.0743	6011.2743	6011.5258
3	17	1	1	120	1	2	2	30	5	1	5	1	0.44557236	29	6013.0847	6013.2847	6013.2847	6013.4847	6013.7303
3	17	1	1	121	1	6	3	1	6	2	8	1	0.71492427	30	6034.1452	6034.7452	6034.7452	6034.9452	6035.4601
3	17	1	1	122	1	6	3	2	4	2	6	1	0.68334681	31	6036.7558	6037.3558	6037.3558	6037.5558	6038.0391
3	17	1	1	123	1	6	3	3	5	1	2	0	0.54181459	31	6039.3664	6039.5664	6039.5664	6039.7664	6040.1082
3	17	1	1	124	1	6	3	4	3	1	3	1	0.83466115	32	6041.8836	6042.0836	6042.0836	6042.2836	6042.9183
3	17	1	1	125	1	6	3	5	1	2	6	0	0.79901277	32	6044.0938	6044.6939	6044.6939	6044.8939	6045.4929
3	17	1	1	126	1	6	3	6	6	2	8	1	0.70057486	33	6047.0161	6047.6161	6047.6161	6047.8161	6048.3167
3	17	1	1	127	1	6	3	7	5	1	7	1	1.2288415	34	6049.6263	6049.8263	6049.8263	6050.0263	6051.0551
3	17	1	1	128	1	6	3	8	6	2	8	1	0.96187558	35	6051.837	6052.437	6052.437	6052.637	6053.3989
3	17	1	1	129	1	6	3	9	2	2	2	1	0.86858085	36	6054.4476	6055.0476	6055.0476	6055.2476	6055.9162
3	17	1	1	130	1	6	3	10	1	1	3	0	0.60016613	36	6057.0606	6057.2606	6057.2606	6057.4606	6057.8607
3	17	1	1	131	1	6	3	11	2	1	2	1	1.1069891	37	6059.5823	6059.7823	6059.7823	6059.9823	6060.8893
3	17	1	1	132	1	6	3	12	4	2	6	1	0.83414142	38	6061.7933	6062.3933	6062.3933	6062.5933	6063.2274
3	17	1	1	133	1	6	3	13	2	1	2	1	0.85535192	39	6064.4045	6064.6045	6064.6045	6064.8045	6065.4599
3	17	1	1	134	1	6	3	14	6	1	8	1	0.83870585	40	6066.6152	6066.8152	6066.8152	6067.0152	6067.6539
3	17	1	1	135	1	6	3	15	5	2	2	0	0.92511419	40	6068.8793	6069.4793	6069.4793	6069.6793	6070.4044
3	17	1	1	136	1	6	3	16	3	1	1	0	1.1929122	40	6071.8826	6072.0826	6072.0826	6072.2826	6073.2756
3	17	1	1	137	1	6	3	17	3	1	3	1	0.67614773	41	6074.4087	6074.6087	6074.6087	6074.8087	6075.2848
3	17	1	1	138	1	6	3	18	5	1	7	1	1.2615573	42	6076.6204	6076.8204	6076.8204	6077.0204	6078.082
3	17	1	1	139	1	6	3	19	6	2	8	1	0.69947524	43	6078.8317	6079.4317	6079.4317	6079.6317	6080.1312
3	17	1	1	140	1	6	3	20	1	2	1	1	1.7480553	44	6081.4427	6082.0427	6082.0427	6082.2427	6083.7908
3	17	1	1	141	1	6	3	21	4	2	6	1	0.86467006	45	6084.0543	6084.6543	6084.6543	6084.8543	6085.519
3	17	1	1	142	1	6	3	22	1	2	7	0	1.3531833	45	6086.6656	6087.2656	6087.2656	6087.4656	6088.6188
3	17	1	1	143	1	6	3	23	2	1	2	1	1.7135255	46	6089.5878	6089.7878	6089.7878	6089.9878	6091.5013
3	17	1	1	144	1	6	3	24	1	1	6	0	1.3748633	46	6091.799	6091.999	6091.999	6092.199	6093.3738
3	17	1	1	145	1	6	3	25	3	2	0	0	-6094.9198	46	6094.3198	6094.9198	6094.9198	6095.1198	0
3	17	1	1	146	1	6	3	26	4	1	6	1	1.0285403	47	6097.2337	6097.4337	6097.4337	6097.6337	6098.4623
3	17	1	1	147	1	6	3	27	3	2	2	0	1.0077093	47	6099.4449	6100.0449	6100.0449	6100.245	6101.0527
3	17	1	1	148	1	6	3	28	2	1	2	1	0.93992177	48	6102.3685	6102.5685	6102.5685	6102.7685	6103.5085
3	17	1	1	149	1	6	3	29	4	2	6	1	0.89395939	49	6104.5838	6105.1838	6105.1838	6105.3838	6106.0778
3	17	1	1	150	1	6	3	30	5	1	2	0	1.7715343	49	6107.1951	6107.3951	6107.3951	6107.5951	6109.1667
3	17	1	1	151	1	2	3	1	4	2	5	1	0.39975071	1	6120.0429	6120.6429	6120.6429	6120.8429	6121.0427
3	17	1	1	152	1	2	3	2	1	2	4	1	0.44499683	2	6122.6547	6123.2547	6123.2547	6123.4547	6123.6997
3	17	1	1	153	1	2	3	3	2	1	5	0	0.37326327	2	6125.2667	6125.4667	6125.4667	6125.6667	6125.8399
3	17	1	1	154	1	2	3	4	6	1	5	1	0.53500885	3	6127.7812	6127.9812	6127.9812	6128.1812	6128.5162
3	17	1	1	155	1	2	3	5	2	2	4	1	0.54066348	4	6129.9926	6130.5926	6130.5926	6130.7926	6131.1332
3	17	1	1	156	1	2	3	6	1	2	4	1	0.47287995	5	6132.6041	6133.2041	6133.2042	6133.4042	6133.677
3	17	1	1	157	1	2	3	7	6	1	5	1	0.4924709	6	6135.216	6135.416	6135.416	6135.616	6135.9085
3	17	1	1	158	1	2	3	8	6	2	5	1	0.6388102	7	6137.4281	6138.0281	6138.0281	6138.2281	6138.6669
3	17	1	1	159	1	2	3	9	4	2	5	1	0.48602945	8	6140.0399	6140.6399	6140.6399	6140.8399	6141.126
3	17	1	1	160	1	2	3	10	2	1	4	1	0.45476345	9	6142.6518	6142.8518	6142.8518	6143.0518	6143.3066
3	17	1	1	161	1	2	3	11	3	1	4	1	0.40525303	10	6144.8638	6145.0638	6145.0638	6145.2638	6145.4691
3	17	1	1	162	1	2	3	12	5	2	5	1	0.47203644	11	6147.0753	6147.6753	6147.6753	6147.8754	6148.1474
3	17	1	1	163	1	2	3	13	1	1	4	1	0.50963417	12	6149.6872	6149.8872	6149.8872	6150.0872	6150.3968
3	17	1	1	164	1	2	3	14	3	1	4	1	0.36786644	13	6151.8993	6152.0993	6152.0993	6152.2993	6152.4672
3	17	1	1	165	1	2	3	15	4	2	5	1	0.5070863	14	6154.1115	6154.7115	6154.7115	6154.9115	6155.2186
3	17	1	1	166	1	2	3	16	2	1	4	1	0.56257828	15	6156.7233	6156.9233	6156.9234	6157.1234	6157.4859
3	17	1	1	167	1	2	3	17	6	1	5	1	0.49564803	16	6158.9568	6159.1568	6159.1568	6159.3568	6159.6525
3	17	1	1	168	1	2	3	18	5	1	5	1	0.48276281	17	6161.1687	6161.3687	6161.3687	6161.5688	6161.8515
3	17	1	1	169	1	2	3	19	1	2	4	1	0.41492251	18	6163.3807	6163.9807	6163.9807	6164.1807	6164.3956
3	17	1	1	170	1	2	3	20	1	2	4	1	0.40549198	19	6165.9935	6166.5935	6166.5935	6166.7935	6166.999
3	17	1	1	171	1	2	3	21	5	2	5	1	0.67769199	20	6168.6061	6169.2061	6169.2061	6169.4061	6169.8838
3	17	1	1	172	1	2	3	22	3	2	4	1	0.45706811	21	6171.2183	6171.8183	6171.8183	6172.0183	6172.2753
3	17	1	1	173	1	2	3	23	3	1	4	1	0.37493104	22	6173.8308	6174.0308	6174.0308	6174.2308	6174.4057
3	17	1	1	174	1	2	3	24	4	1	5	1	0.42699894	23	6176.043	6176.243	6176.243	6176.443	6176.67
3	17	1	1	175	1	2	3	25	5	2	5	1	0.42351141	24	6178.2553	6178.8553	6178.8553	6179.0553	6179.2788
3	17	1	1	176	1	2	3	26	6	1	5	1	0.336628	25	6180.8678	6181.0679	6181.0679	6181.2679	6181.4045
3	17	1	1	177	1	2	3	27	5	2	5	1	0.45113266	26	6183.0811	6183.6811	6183.6811	6183.8811	6184.1322
3	17	1	1	178	1	2	3	28	4	1	5	1	0.44607961	27	6185.6932	6185.8932	6185.8932	6186.0932	6186.3393
3	17	1	1	179	1	2	3	29	2	2	4	1	0.60534156	28	6187.9094	6188.5094	6188.5094	6188.7094	6189.1147
3	17	1	1	180	1	2	3	30	3	1	4	1	0.42498759	29	6190.5219	6190.7219	6190.722	6190.922	6191.1469
3	17	1	1	181	2	6	4	1	4	2	6	1	0.65976684	30	6590.0554	6590.6554	6590.6554	6590.8554	6591.3152
3	17	1	1	182	2	6	4	2	1	2	3	0	0.94508793	30	6592.6682	6593.2682	6593.2682	6593.4682	6594.2132
3	17	1	1	183	2	6	4	3	2	1	2	1	0.98248091	31	6595.2849	6595.4849	6595.4849	6595.6849	6596.4674
3	17	1	1	184	2	6	4	4	6	1	8	1	0.69543848	32	6597.499	6597.699	6597.699	6597.899	6598.3945
3	17	1	1	185	2	6	4	5	2	2	2	1	0.750501	33	6599.7126	6600.3126	6600.3126	6600.5126	6601.0631
3	17	1	1	186	2	6	4	6	1	2	6	0	0.96601628	33	6602.3256	6602.9256	6602.9256	6603.1256	6603.8916
3	17	1	1	187	2	6	4	7	6	1	8	1	0.71407453	34	6604.9393	6605.1393	6605.1393	6605.3393	6605.8533
3	17	1	1	188	2	6	4	8	6	2	8	1	0.60729132	35	6607.1521	6607.7521	6607.7521	6607.9521	6608.3594
3	17	1	1	189	2	6	4	9	4	2	6	1	0.63807477	36	6609.7657	6610.3657	6610.3657	6610.5657	6611.0037
3	17	1	1	190	2	6	4	10	2	1	2	1	1.0562159	37	6612.3785	6612.5785	6612.5785	6612.7785	6613.6347
3	17	1	1	191	2	6	4	11	3	1	1	0	1.3547947	37	6614.5923	6614.7923	6614.7923	6614.9923	6616.1471
3	17	1	1	192	2	6	4	12	5	2	7	1	1.0701764	38	6616.8061	6617.4061	6617.4061	6617.6061	6618.4762
3	17	1	1	193	2	6	4	13	1	1	3	0	0.86451769	38	6619.4193	6619.6193	6619.6193	6619.8193	6620.4839
3	17	1	1	194	2	6	4	14	3	1	3	1	0.72815196	39	6621.6349	6621.8349	6621.8349	6622.0349	6622.5631
3	17	1	1	195	2	6	4	15	4	2	6	1	1.0030064	40	6623.8477	6624.4477	6624.4477	6624.6477	6625.4507
3	17	1	1	196	2	6	4	16	2	1	2	1	0.86465662	41	6626.4615	6626.6615	6626.6615	6626.8615	6627.5262
3	17	1	1	197	2	6	4	17	6	1	8	1	0.88034451	42	6628.6751	6628.8751	6628.8751	6629.0751	6629.7555
3	17	1	1	198	2	6	4	18	5	1	2	0	1.2911835	42	6630.8889	6631.0889	6631.0889	6631.2889	6632.38
3	17	1	1	199	2	6	4	19	1	2	6	0	0.92716599	42	6633.102	6633.702	6633.702	6633.902	6634.6291
3	17	1	1	200	2	6	4	20	1	2	6	0	0.56322526	42	6635.7158	6636.3158	6636.3158	6636.5158	6636.879
3	17	1	1	201	2	6	4	21	5	2	7	1	0.97898748	43	6638.3308	6638.9308	6638.9308	6639.1308	6639.9098
3	17	1	1	202	2	6	4	22	3	2	2	0	1.1873693	43	6640.9446	6641.5446	6641.5446	6641.7446	6642.732
3	17	1	1	203	2	6	4	23	3	1	3	1	0.82480457	44	6643.558	6643.758	6643.758	6643.958	6644.5828
3	17	1	1	204	2	6	4	24	4	1	1	0	0.5931874	44	6645.7714	6645.9714	6645.9714	6646.1714	6646.5646
3	17	1	1	205	2	6	4	25	5	2	7	1	1.169552	45	6647.9853	6648.5853	6648.5853	6648.7853	6649.7548
3	17	1	1	206	2	6	4	26	6	1	8	1	0.66970466	46	6650.5993	6650.7993	6650.7993	6650.9993	6651.469
3	17	1	1	207	2	6	4	27	5	2	7	1	1.4131092	47	6652.8134	6653.4134	6653.4134	6653.6134	6654.8266
3	17	1	1	208	2	6	4	28	4	1	6	1	0.64744629	48	6655.4277	6655.6277	6655.6277	6655.8277	6656.2751
3	17	1	1	209	2	6	4	29	2	2	2	1	0.9726925	49	6657.666	6658.266	6658.266	6658.466	6659.2387
3	17	1	1	210	2	6	4	30	3	1	3	1	1.0579937	50	6660.2811	6660.4811	6660.4811	6660.6811	6661.5391
3	17	1	1	211	2	2	4	1	4	2	5	1	0.52465659	1	6690.5543	6691.1543	6691.1543	6691.3543	6691.6789
3	17	1	1	212	2	2	4	2	5	2	5	1	0.49094189	2	6693.1678	6693.7678	6693.7678	6693.9678	6694.2587
3	17	1	1	213	2	2	4	3	4	1	5	1	0.41527121	3	6695.7822	6695.9822	6695.9822	6696.1822	6696.3975
3	17	1	1	214	2	2	4	4	5	1	5	1	0.33672422	4	6697.9958	6698.1958	6698.1958	6698.3958	6698.5325
3	17	1	1	215	2	2	4	5	3	2	4	1	0.37376242	5	6700.2094	6700.8094	6700.8094	6701.0094	6701.1832
3	17	1	1	216	2	2	4	6	1	2	4	1	0.38891187	6	6702.8234	6703.4234	6703.4234	6703.6234	6703.8123
3	17	1	1	217	2	2	4	7	1	1	4	1	0.31069552	7	6705.4385	6705.6385	6705.6385	6705.8385	6705.9492
3	17	1	1	218	2	2	4	8	5	2	5	1	0.35810425	8	6707.6529	6708.2529	6708.2529	6708.4529	6708.611
3	17	1	1	219	2	2	4	9	6	2	5	1	0.42404031	9	6710.2681	6710.8681	6710.8681	6711.0681	6711.2922
3	17	1	1	220	2	2	4	10	1	1	4	1	0.46500358	10	6712.8858	6713.0859	6713.0859	6713.2859	6713.5509
3	17	1	1	221	2	2	4	11	2	1	4	1	0.38306882	11	6715.101	6715.3011	6715.3011	6715.5011	6715.6841
3	17	1	1	222	2	2	4	12	3	2	4	1	0.37460636	12	6717.316	6717.916	6717.916	6718.116	6718.2906
3	17	1	1	223	2	2	4	13	1	1	4	1	0.36826505	13	6719.9305	6720.1305	6720.1305	6720.3305	6720.4987
3	17	1	1	224	2	2	4	14	2	1	4	1	0.37191477	14	6722.1452	6722.3452	6722.3452	6722.5452	6722.7171
3	17	1	1	225	2	2	4	15	5	2	5	1	0.55506153	15	6724.3638	6724.9638	6724.9638	6725.1638	6725.5188
3	17	1	1	226	2	2	4	16	6	1	5	1	0.46423725	16	6726.9782	6727.1782	6727.1782	6727.3782	6727.6425
3	17	1	1	227	2	2	4	17	2	1	4	1	0.532144	17	6729.1931	6729.3931	6729.3931	6729.5931	6729.9252
3	17	1	1	228	2	2	4	18	2	1	4	1	0.38161817	18	6731.408	6731.608	6731.608	6731.808	6731.9896
3	17	1	1	229	2	2	4	19	3	2	4	1	0.3230276	19	6733.6227	6734.2227	6734.2227	6734.4227	6734.5458
3	17	1	1	230	2	2	4	20	4	2	5	1	0.44839717	20	6736.2385	6736.8385	6736.8385	6737.0385	6737.2869
3	17	1	1	231	2	2	4	21	6	2	5	1	0.43991833	21	6738.8539	6739.4539	6739.4539	6739.6539	6739.8939
3	17	1	1	232	2	2	4	22	1	2	4	1	0.43274598	22	6741.4693	6742.0693	6742.0693	6742.2693	6742.502
3	17	1	1	233	2	2	4	23	3	1	4	1	0.35958374	23	6744.0846	6744.2846	6744.2846	6744.4846	6744.6442
3	17	1	1	234	2	2	4	24	2	1	4	1	0.37488772	24	6746.3003	6746.5003	6746.5003	6746.7003	6746.8752
3	17	1	1	235	2	2	4	25	5	2	5	1	0.41866993	25	6748.5153	6749.1153	6749.1153	6749.3153	6749.534
3	17	1	1	236	2	2	4	26	4	1	5	1	0.28952979	26	6751.13	6751.33	6751.33	6751.5301	6751.6196
3	17	1	1	237	2	2	4	27	3	2	4	1	0.41005976	27	6753.3446	6753.9446	6753.9446	6754.1446	6754.3546
3	17	1	1	238	2	2	4	28	6	1	5	1	0.43778966	28	6755.9598	6756.1598	6756.1598	6756.3598	6756.5976
3	17	1	1	239	2	2	4	29	6	2	5	1	0.41361087	29	6758.1749	6758.7749	6758.7749	6758.9749	6759.1885
3	17	1	1	240	2	2	4	30	4	1	5	1	0.40477751	30	6760.7904	6760.9904	6760.9904	6761.1904	6761.3952
3	17	1	1	241	2	6	5	1	4	2	6	1	0.68274888	31	6791.4739	6792.0739	6792.0739	6792.2739	6792.7567
3	17	1	1	242	2	6	5	2	5	2	7	1	0.97951251	32	6794.0894	6794.6894	6794.6894	6794.8894	6795.6689
3	17	1	1	243	2	6	5	3	4	1	6	1	0.64455125	33	6796.7052	6796.9052	6796.9052	6797.1052	6797.5498
3	17	1	1	244	2	6	5	4	5	1	7	1	0.71441913	34	6798.9211	6799.1211	6799.1211	6799.3211	6799.8355
3	17	1	1	245	2	6	5	5	3	2	3	1	1.4593327	35	6801.136	6801.736	6801.736	6801.936	6803.1953
3	17	1	1	246	2	6	5	6	1	2	1	1	1.2634846	36	6803.7517	6804.3517	6804.3517	6804.5517	6805.6152
3	17	1	1	247	2	6	5	7	1	1	1	1	0.64628467	37	6806.3677	6806.5677	6806.5677	6806.7677	6807.2139
3	17	1	1	248	2	6	5	8	5	2	7	1	0.86103136	38	6808.5839	6809.1839	6809.1839	6809.3839	6810.045
3	17	1	1	249	2	6	5	9	6	2	8	1	0.70992627	39	6811.1999	6811.7999	6811.7999	6811.9999	6812.5098
3	17	1	1	250	2	6	5	10	1	1	2	0	0.70480247	39	6813.8261	6814.0261	6814.0261	6814.2261	6814.7309
3	17	1	1	251	2	6	5	11	2	1	2	1	1.0837662	40	6816.0421	6816.2421	6816.2421	6816.4421	6817.3258
3	17	1	1	252	2	6	5	12	3	2	3	1	1.0408666	41	6818.258	6818.858	6818.858	6819.058	6819.8989
3	17	1	1	253	2	6	5	13	1	1	1	1	0.88485904	42	6820.8742	6821.0742	6821.0742	6821.2742	6821.9591
3	17	1	1	254	2	6	5	14	2	1	7	0	0.80904141	42	6823.0896	6823.2896	6823.2896	6823.4896	6824.0987
3	17	1	1	255	2	6	5	15	5	2	7	1	0.52685625	43	6825.3089	6825.9089	6825.9089	6826.1089	6826.4358
3	17	1	1	256	2	6	5	16	6	1	8	1	0.52009375	44	6827.9246	6828.1246	6828.1246	6828.3247	6828.6447
3	17	1	1	257	2	6	5	17	2	1	2	1	0.82844646	45	6830.1412	6830.3412	6830.3412	6830.5412	6831.1696
3	17	1	1	258	2	6	5	18	2	1	2	1	0.63294921	46	6832.357	6832.557	6832.557	6832.757	6833.19
3	17	1	1	259	2	6	5	19	3	2	1	0	1.2436232	46	6834.5732	6835.1732	6835.1732	6835.3732	6836.4168
3	17	1	1	260	2	6	5	20	4	2	6	1	0.75061559	47	6837.1894	6837.7894	6837.7894	6837.9894	6838.5401
3	17	1	1	261	2	6	5	21	6	2	8	1	0.6400025	48	6839.8059	6840.4059	6840.4059	6840.6059	6841.0459
3	17	1	1	262	2	6	5	22	1	2	1	1	0.69256651	49	6842.4222	6843.0222	6843.0222	6843.2222	6843.7147
3	17	1	1	263	2	6	5	23	3	1	3	1	1.301332	50	6845.0386	6845.2386	6845.2386	6845.4386	6846.5399
3	17	1	1	264	2	6	5	24	2	1	2	1	1.1266188	51	6847.2545	6847.4545	6847.4545	6847.6545	6848.5811
3	17	1	1	265	2	6	5	25	5	2	7	1	0.91067042	52	6849.4707	6850.0707	6850.0707	6850.2707	6850.9814
3	17	1	1	266	2	6	5	26	4	1	6	1	0.61256161	53	6852.0876	6852.2876	6852.2876	6852.4876	6852.9002
3	17	1	1	267	2	6	5	27	3	2	2	0	1.2203292	53	6854.3045	6854.9045	6854.9045	6855.1045	6856.1249
3	17	1	1	268	2	6	5	28	6	1	8	1	1.1824135	54	6856.9207	6857.1207	6857.1207	6857.3207	6858.3031
3	17	1	1	269	2	6	5	29	6	2	8	1	0.81016699	55	6859.138	6859.738	6859.738	6859.938	6860.5482
3	17	1	1	270	2	6	5	30	4	1	6	1	0.7237656	56	6861.7555	6861.9555	6861.9555	6862.1555	6862.6793
3	17	1	1	271	2	2	5	1	6	2	5	1	0.48116882	1	6892.0335	6892.6335	6892.6335	6892.8335	6893.1147
3	17	1	1	272	2	2	5	2	3	2	4	1	0.54816577	2	6894.6504	6895.2504	6895.2504	6895.4504	6895.7986
3	17	1	1	273	2	2	5	3	1	1	4	1	0.33117332	3	6897.2679	6897.468	6897.468	6897.668	6897.7991
3	17	1	1	274	2	2	5	4	3	1	4	1	0.42817604	4	6899.4858	6899.6858	6899.6858	6899.8858	6900.114
3	17	1	1	275	2	2	5	5	6	2	5	1	0.40766166	5	6901.7031	6902.3031	6902.3031	6902.5032	6902.7108
3	17	1	1	276	2	2	5	6	6	2	5	1	0.36522376	6	6904.3209	6904.9209	6904.9209	6905.1209	6905.2861
3	17	1	1	277	2	2	5	7	5	1	5	1	0.3853678	7	6906.9386	6907.1386	6907.1386	6907.3386	6907.5239
3	17	1	1	278	2	2	5	8	1	2	4	1	0.50559994	8	6909.1559	6909.7559	6909.7559	6909.9559	6910.2615
3	17	1	1	279	2	2	5	9	4	2	5	1	0.3933764	9	6911.7727	6912.3727	6912.3727	6912.5727	6912.766
3	17	1	1	280	2	2	5	10	2	1	4	1	0.5095176	10	6914.3901	6914.5901	6914.5901	6914.7901	6915.0996
3	17	1	1	281	2	2	5	11	1	1	4	1	0.41962162	11	6916.6082	6916.8082	6916.8082	6917.0082	6917.2278
3	17	1	1	282	2	2	5	12	3	2	4	1	0.37749658	12	6918.828	6919.428	6919.428	6919.628	6919.8055
3	17	1	1	283	2	2	5	13	2	1	4	1	0.38214307	13	6921.4453	6921.6453	6921.6453	6921.8453	6922.0274
3	17	1	1	284	2	2	5	14	5	1	5	1	0.51876345	14	6923.6624	6923.8625	6923.8625	6924.0625	6924.3812
3	17	1	1	285	2	2	5	15	1	2	4	1	0.4132743	15	6925.8801	6926.4801	6926.4801	6926.6801	6926.8934
3	17	1	1	286	2	2	5	16	4	1	5	1	0.49036849	16	6928.4975	6928.6975	6928.6975	6928.8975	6929.1879
3	17	1	1	287	2	2	5	17	1	1	4	1	0.5386309	17	6930.7151	6930.9151	6930.9151	6931.1152	6931.4538
3	17	1	1	288	2	2	5	18	2	1	4	1	0.43055494	18	6932.9327	6933.1327	6933.1327	6933.3327	6933.5633
3	17	1	1	289	2	2	5	19	5	2	5	1	0.43939649	19	6935.1493	6935.7493	6935.7493	6935.9493	6936.1887
3	17	1	1	290	2	2	5	20	5	2	5	1	0.45975757	20	6937.7671	6938.3671	6938.3672	6938.5672	6938.8269
3	17	1	1	291	2	2	5	21	2	2	4	1	0.42709893	21	6940.3851	6940.9851	6940.9851	6941.1851	6941.4122
3	17	1	1	292	2	2	5	22	4	2	5	1	0.37744126	22	6943.0029	6943.6029	6943.6029	6943.8029	6943.9804
3	17	1	1	293	2	2	5	23	4	1	5	1	0.44143322	23	6945.6202	6945.8202	6945.8202	6946.0202	6946.2616
3	17	1	1	294	2	2	5	24	3	1	4	1	0.40743092	24	6947.8373	6948.0373	6948.0373	6948.2373	6948.4448
3	17	1	1	295	2	2	5	25	5	2	5	1	0.39642534	25	6950.055	6950.655	6950.655	6950.855	6951.0515
3	17	1	1	296	2	2	5	26	3	1	4	1	0.53427151	26	6952.6729	6952.8729	6952.8729	6953.0729	6953.4071
3	17	1	1	297	2	2	5	27	2	2	4	1	0.48640743	27	6954.9746	6955.5746	6955.5746	6955.7746	6956.061
3	17	1	1	298	2	2	5	28	6	1	5	1	0.41983597	28	6957.5928	6957.7928	6957.7928	6957.9928	6958.2126
3	17	1	1	299	2	2	5	29	4	2	5	1	0.45973679	29	6959.8105	6960.4105	6960.4105	6960.6106	6960.8703
3	17	1	1	300	2	2	5	30	6	1	5	1	0.51744059	30	6962.432	6962.632	6962.632	6962.832	6963.1495
3	17	1	1	301	2	6	6	1	6	2	8	1	0.68367001	31	6993.1436	6993.7436	6993.7436	6993.9436	6994.4273
3	17	1	1	302	2	6	6	2	3	2	3	1	0.90633928	32	6995.7621	6996.3621	6996.3621	6996.5621	6997.2684
3	17	1	1	303	2	6	6	3	1	1	1	1	0.77391899	33	6998.3802	6998.5803	6998.5803	6998.7803	6999.3542
3	17	1	1	304	2	6	6	4	3	1	3	1	0.56747568	34	7000.5981	7000.7981	7000.7981	7000.9981	7001.3656
3	17	1	1	305	2	6	6	5	6	2	8	1	0.57820253	35	7002.8169	7003.417	7003.417	7003.617	7003.9952
3	17	1	1	306	2	6	6	6	6	2	8	1	0.57654991	36	7005.4352	7006.0352	7006.0352	7006.2352	7006.6118
3	17	1	1	307	2	6	6	7	5	1	7	1	1.5417948	37	7008.0533	7008.2533	7008.2534	7008.4534	7009.7952
3	17	1	1	308	2	6	6	8	1	2	1	1	1.6581791	38	7010.2722	7010.8722	7010.8722	7011.0722	7012.5304
3	17	1	1	309	2	6	6	9	4	2	6	1	0.70138382	39	7012.8939	7013.4939	7013.4939	7013.6939	7014.1953
3	17	1	1	310	2	6	6	10	2	1	2	1	0.959027	40	7015.5118	7015.7119	7015.7119	7015.9119	7016.6709
3	17	1	1	311	2	6	6	11	1	1	1	1	1.08929	41	7017.7301	7017.9301	7017.9301	7018.1301	7019.0194
3	17	1	1	312	2	6	6	12	3	2	3	1	1.6654223	42	7019.9487	7020.5487	7020.5487	7020.7487	7022.2142
3	17	1	1	313	2	6	6	13	2	1	2	1	0.97330968	43	7022.567	7022.767	7022.767	7022.967	7023.7403
3	17	1	1	314	2	6	6	14	5	1	7	1	0.99350409	44	7024.7858	7024.9858	7024.9858	7025.1858	7025.9793
3	17	1	1	315	2	6	6	15	1	2	1	1	0.92000496	45	7027.052	7027.652	7027.652	7027.852	7028.572
3	17	1	1	316	2	6	6	16	4	1	6	1	0.66085237	46	7029.6706	7029.8707	7029.8707	7030.0707	7030.5315
3	17	1	1	317	2	6	6	17	1	1	2	0	1.0663974	46	7031.8895	7032.0895	7032.0895	7032.2895	7033.1559
3	17	1	1	318	2	6	6	18	2	1	2	1	0.72187721	47	7034.1078	7034.3079	7034.3079	7034.5079	7035.0297
3	17	1	1	319	2	6	6	19	5	2	7	1	0.96407797	48	7036.327	7036.927	7036.927	7037.127	7037.8911
3	17	1	1	320	2	6	6	20	5	2	7	1	0.68827905	49	7038.9471	7039.5471	7039.5471	7039.7471	7040.2354
3	17	1	1	321	2	6	6	21	2	2	2	1	0.78183952	50	7041.5658	7042.1658	7042.1658	7042.3658	7042.9477
3	17	1	1	322	2	6	6	22	4	2	6	1	0.73448095	51	7044.1895	7044.7895	7044.7895	7044.9895	7045.524
3	17	1	1	323	2	6	6	23	4	1	6	1	0.55521559	52	7046.8084	7047.0084	7047.0084	7047.2084	7047.5636
3	17	1	1	324	2	6	6	24	3	1	3	1	1.6789112	53	7049.0276	7049.2276	7049.2276	7049.4276	7050.9065
3	17	1	1	325	2	6	6	25	5	2	7	1	0.81235243	54	7051.2469	7051.8469	7051.8469	7052.0469	7052.6592
3	17	1	1	326	2	6	6	26	3	1	3	1	0.59450344	55	7053.8668	7054.0668	7054.0668	7054.2668	7054.6613
3	17	1	1	327	2	6	6	27	2	2	2	1	0.90792139	56	7056.087	7056.687	7056.687	7056.887	7057.5949
3	17	1	1	328	2	6	6	28	6	1	8	1	0.8024573	57	7058.7064	7058.9064	7058.9064	7059.1064	7059.7088
3	17	1	1	329	2	6	6	29	4	2	6	1	0.51806049	58	7060.9257	7061.5257	7061.5257	7061.7257	7062.0438
3	17	1	1	330	2	6	6	30	6	1	8	1	0.80937274	59	7063.5484	7063.7484	7063.7484	7063.9484	7064.5578
3	17	1	1	331	2	2	6	1	3	2	4	1	0.50486915	1	7094.0823	7094.6823	7094.6823	7094.8823	7095.1872
3	17	1	1	332	2	2	6	2	2	2	4	1	0.44055813	2	7096.702	7097.302	7097.302	7097.502	7097.7425
3	17	1	1	333	2	2	6	3	1	1	4	1	0.41769047	3	7099.3217	7099.5217	7099.5217	7099.7217	7099.9394
3	17	1	1	334	2	2	6	4	6	1	5	1	0.74332301	4	7101.5409	7101.741	7101.741	7101.941	7102.4843
3	17	1	1	335	2	2	6	5	5	2	5	1	0.49097046	5	7103.7603	7104.3603	7104.3603	7104.5603	7104.8513
3	17	1	1	336	2	2	6	6	4	2	5	1	0.3931991	6	7106.3801	7106.9801	7106.9801	7107.1801	7107.3733
3	17	1	1	337	2	2	6	7	2	1	4	1	0.50588718	7	7109.0022	7109.2022	7109.2022	7109.4022	7109.7081
3	17	1	1	338	2	2	6	8	5	2	5	1	0.40651346	8	7111.2228	7111.8228	7111.8228	7112.0228	7112.2293
3	17	1	1	339	2	2	6	9	4	2	5	1	0.50584792	9	7113.8422	7114.4422	7114.4422	7114.6422	7114.948
3	17	1	1	340	2	2	6	10	4	1	5	1	0.36817223	10	7116.4616	7116.6616	7116.6616	7116.8616	7117.0298
3	17	1	1	341	2	2	6	11	3	1	4	1	0.55061236	11	7118.681	7118.881	7118.881	7119.081	7119.4316
3	17	1	1	342	2	2	6	12	6	2	5	1	0.30956096	12	7120.9009	7121.5009	7121.5009	7121.7009	7121.8105
3	17	1	1	343	2	2	6	13	1	1	4	1	0.48506585	13	7123.5213	7123.7213	7123.7213	7123.9213	7124.2064
3	17	1	1	344	2	2	6	14	2	1	4	1	0.49689633	14	7125.7416	7125.9416	7125.9416	7126.1416	7126.4385
3	17	1	1	345	2	2	6	15	3	2	4	1	0.4446293	15	7127.9617	7128.5617	7128.5617	7128.7618	7129.0064
3	17	1	1	346	2	2	6	16	3	1	4	1	0.37648047	16	7130.5821	7130.7821	7130.7821	7130.9821	7131.1586
3	17	1	1	347	2	2	6	17	2	1	4	1	0.38095196	17	7132.802	7133.002	7133.002	7133.202	7133.383
3	17	1	1	348	2	2	6	18	6	1	5	1	0.46562965	18	7135.0261	7135.2261	7135.2261	7135.4261	7135.6917
3	17	1	1	349	2	2	6	19	1	2	4	1	0.40595287	19	7137.2456	7137.8456	7137.8456	7138.0456	7138.2516
3	17	1	1	350	2	2	6	20	4	2	5	1	0.40472552	20	7139.8659	7140.4659	7140.4659	7140.6659	7140.8706
3	17	1	1	351	2	2	6	21	5	2	4	0	0.28682202	20	7142.4861	7143.0861	7143.0861	7143.2861	7143.3729
3	17	1	1	352	2	2	6	22	2	2	4	1	0.50558352	21	7145.107	7145.707	7145.707	7145.907	7146.2126
3	17	1	1	353	2	2	6	23	1	1	4	1	0.48476753	22	7147.7275	7147.9275	7147.9275	7148.1276	7148.4123
3	17	1	1	354	2	2	6	24	1	1	4	1	0.38338165	23	7149.9519	7150.1519	7150.1519	7150.3519	7150.5353
3	17	1	1	355	2	2	6	25	5	2	5	1	0.43483739	24	7152.172	7152.772	7152.772	7152.972	7153.2069
3	17	1	1	356	2	2	6	26	4	1	5	1	0.56988386	25	7154.7929	7154.9929	7154.9929	7155.1929	7155.5628
3	17	1	1	357	2	2	6	27	3	2	4	1	0.55918732	26	7157.0143	7157.6143	7157.6143	7157.8143	7158.1735
3	17	1	1	358	2	2	6	28	5	1	0	0	-7159.8348	26	7159.6348	7159.8348	7159.8348	7160.0348	0
3	17	1	1	359	2	2	6	29	6	2	5	1	0.42727233	27	7161.8553	7162.4553	7162.4553	7162.6553	7162.8825
3	17	1	1	360	2	2	6	30	6	1	5	1	0.351864	28	7164.4757	7164.6757	7164.6757	7164.8757	7165.0276
3	17	1	1	361	3	6	7	1	3	2	2	0	0.76121521	28	8152.8774	8153.4774	8153.4774	8153.6774	8154.2386
3	17	1	1	362	3	6	7	2	2	2	2	1	1.0027659	29	8155.4989	8156.0989	8156.0989	8156.2989	8157.1017
3	17	1	1	363	3	6	7	3	1	1	6	0	1.1153434	29	8158.12	8158.32	8158.32	8158.52	8159.4354
3	17	1	1	364	3	6	7	4	6	1	8	1	0.84320287	30	8160.3389	8160.5389	8160.5389	8160.7389	8161.3821
3	17	1	1	365	3	6	7	5	5	2	7	1	1.0913873	31	8162.5601	8163.1601	8163.1601	8163.3601	8164.2515
3	17	1	1	366	3	6	7	6	4	2	6	1	1.18409	32	8165.1813	8165.7813	8165.7813	8165.9813	8166.9653
3	17	1	1	367	3	6	7	7	2	1	2	1	0.96364098	33	8167.802	8168.002	8168.002	8168.202	8168.9656
3	17	1	1	368	3	6	7	8	5	2	7	1	0.9521543	34	8170.023	8170.623	8170.623	8170.823	8171.5752
3	17	1	1	369	3	6	7	9	4	2	6	1	0.7756493	35	8172.6449	8173.2449	8173.2449	8173.4449	8174.0206
3	17	1	1	370	3	6	7	10	4	1	6	1	0.49154807	36	8175.321	8175.521	8175.521	8175.721	8176.0125
3	17	1	1	371	3	6	7	11	3	1	3	1	1.194497	37	8177.542	8177.742	8177.742	8177.942	8178.9365
3	17	1	1	372	3	6	7	12	6	2	8	1	0.81602964	38	8179.7631	8180.3631	8180.3631	8180.5631	8181.1791
3	17	1	1	373	3	6	7	13	1	1	1	1	1.2665779	39	8182.3844	8182.5844	8182.5844	8182.7844	8183.851
3	17	1	1	374	3	6	7	14	2	1	2	1	0.83184723	40	8184.6057	8184.8057	8184.8057	8185.0057	8185.6375
3	17	1	1	375	3	6	7	15	3	2	3	1	1.220558	41	8186.8266	8187.4266	8187.4266	8187.6267	8188.6472
3	17	1	1	376	3	6	7	16	3	1	3	1	0.57425121	42	8189.4475	8189.6475	8189.6475	8189.8475	8190.2217
3	17	1	1	377	3	6	7	17	2	1	2	1	0.53738071	43	8191.6684	8191.8684	8191.8684	8192.0684	8192.4057
3	17	1	1	378	3	6	7	18	6	1	8	1	0.60437999	44	8193.8909	8194.0909	8194.0909	8194.2909	8194.6953
3	17	1	1	379	3	6	7	19	1	2	2	0	1.5568188	44	8196.1123	8196.7123	8196.7123	8196.9123	8198.2691
3	17	1	1	380	3	6	7	20	4	2	6	1	1.038601	45	8198.7352	8199.3352	8199.3352	8199.5352	8200.3738
3	17	1	1	381	3	6	7	21	5	2	2	0	1.0627075	45	8201.3583	8201.9583	8201.9583	8202.1583	8203.021
3	17	1	1	382	3	6	7	22	2	2	2	1	0.7869524	46	8203.9798	8204.5798	8204.5798	8204.7798	8205.3668
3	17	1	1	383	3	6	7	23	1	1	1	1	1.2831992	47	8206.6017	8206.8017	8206.8017	8207.0017	8208.0849
3	17	1	1	384	3	6	7	24	1	1	1	1	0.63575364	48	8208.8253	8209.0253	8209.0253	8209.2253	8209.661
3	17	1	1	385	3	6	7	25	5	2	7	1	0.91218209	49	8211.047	8211.647	8211.647	8211.847	8212.5591
3	17	1	1	386	3	6	7	26	4	1	6	1	0.69474848	50	8213.6689	8213.8689	8213.8689	8214.0689	8214.5637
3	17	1	1	387	3	6	7	27	3	2	2	0	1.0076349	50	8215.8905	8216.4905	8216.4905	8216.6905	8217.4982
3	17	1	1	388	3	6	7	28	5	1	7	1	0.89314664	51	8218.512	8218.712	8218.712	8218.912	8219.6052
3	17	1	1	389	3	6	7	29	6	2	8	1	0.63784364	52	8220.7335	8221.3335	8221.3335	8221.5335	8221.9714
3	17	1	1	390	3	6	7	30	6	1	8	1	0.60631554	53	8223.3835	8223.5835	8223.5835	8223.7835	8224.1899
3	17	1	1	391	3	2	7	1	2	2	4	1	0.52336945	1	8253.6665	8254.2665	8254.2665	8254.4665	8254.7899
3	17	1	1	392	3	2	7	2	6	2	5	1	0.45880603	2	8256.2901	8256.8901	8256.8901	8257.0901	8257.3489
3	17	1	1	393	3	2	7	3	3	1	4	1	0.60626581	3	8258.9124	8259.1124	8259.1124	8259.3124	8259.7187
3	17	1	1	394	3	2	7	4	1	1	4	1	0.42459597	4	8261.1341	8261.3341	8261.3341	8261.5341	8261.7587
3	17	1	1	395	3	2	7	5	2	2	4	1	0.5201333	5	8263.3558	8263.9558	8263.9558	8264.1558	8264.476
3	17	1	1	396	3	2	7	6	4	2	5	1	0.50347473	6	8265.9806	8266.5806	8266.5806	8266.7806	8267.0841
3	17	1	1	397	3	2	7	7	6	1	5	1	0.48494118	7	8268.6024	8268.8024	8268.8024	8269.0024	8269.2874
3	17	1	1	398	3	2	7	8	6	2	5	1	0.42771374	8	8270.8243	8271.4243	8271.4244	8271.6244	8271.8521
3	17	1	1	399	3	2	7	9	5	2	5	1	0.43737089	9	8273.4467	8274.0467	8274.0467	8274.2467	8274.4841
3	17	1	1	400	3	2	7	10	1	1	4	1	0.42394067	10	8276.069	8276.269	8276.269	8276.469	8276.6929
3	17	1	1	401	3	2	7	11	3	1	4	1	0.41698611	11	8278.2911	8278.4911	8278.4911	8278.6911	8278.9081
3	17	1	1	402	3	2	7	12	6	2	5	1	0.56880255	12	8280.5153	8281.1153	8281.1153	8281.3153	8281.6841
3	17	1	1	403	3	2	7	13	2	1	4	1	0.47777856	13	8283.1419	8283.3419	8283.3419	8283.5419	8283.8197
3	17	1	1	404	3	2	7	14	5	1	5	1	0.48897416	14	8285.3637	8285.5637	8285.5637	8285.7637	8286.0526
3	17	1	1	405	3	2	7	15	5	2	5	1	0.48198446	15	8287.5866	8288.1866	8288.1866	8288.3866	8288.6686
3	17	1	1	406	3	2	7	16	5	1	5	1	0.36349579	16	8290.2094	8290.4094	8290.4094	8290.6094	8290.7729
3	17	1	1	407	3	2	7	17	1	1	4	1	0.43386046	17	8292.4513	8292.6513	8292.6513	8292.8513	8293.0852
3	17	1	1	408	3	2	7	18	3	1	4	1	0.36929195	18	8294.6736	8294.8736	8294.8736	8295.0736	8295.2429
3	17	1	1	409	3	2	7	19	4	2	5	1	0.51445302	19	8296.8965	8297.4965	8297.4965	8297.6965	8298.0109
3	17	1	1	410	3	2	7	20	5	2	5	1	0.45302821	20	8299.5188	8300.1188	8300.1188	8300.3188	8300.5718
3	17	1	1	411	3	2	7	21	2	2	4	1	0.49228881	21	8302.1452	8302.7452	8302.7452	8302.9453	8303.2375
3	17	1	1	412	3	2	7	22	4	2	5	1	0.42227453	22	8304.7677	8305.3677	8305.3677	8305.5677	8305.79
3	17	1	1	413	3	2	7	23	3	1	4	1	0.41277708	23	8307.4647	8307.6647	8307.6647	8307.8647	8308.0775
3	17	1	1	414	3	2	7	24	1	1	4	1	0.45107621	24	8309.6878	8309.8878	8309.8878	8310.0878	8310.3389
3	17	1	1	415	3	2	7	25	1	2	4	1	0.56090531	25	8311.9102	8312.5102	8312.5102	8312.7102	8313.0711
3	17	1	1	416	3	2	7	26	2	1	4	1	0.4161309	26	8314.5333	8314.7333	8314.7333	8314.9333	8315.1494
3	17	1	1	417	3	2	7	27	6	2	5	1	0.44159786	27	8316.7568	8317.3568	8317.3568	8317.5568	8317.7984
3	17	1	1	418	3	2	7	28	4	1	5	1	0.39806748	28	8319.3819	8319.5819	8319.5819	8319.7819	8319.98
3	17	1	1	419	3	2	7	29	4	2	5	1	0.40724172	29	8321.6048	8322.2048	8322.2048	8322.4048	8322.612
3	17	1	1	420	3	2	7	30	3	1	4	1	0.45717282	30	8324.2284	8324.4284	8324.4284	8324.6284	8324.8856
3	17	1	1	421	3	6	8	1	2	2	2	1	0.73907488	31	8354.7955	8355.3955	8355.3955	8355.5955	8356.1346
3	17	1	1	422	3	6	8	2	6	2	8	1	0.73909315	32	8357.4189	8358.019	8358.019	8358.219	8358.758
3	17	1	1	423	3	6	8	3	3	1	3	1	0.86750318	33	8360.0426	8360.2426	8360.2426	8360.4426	8361.1101
3	17	1	1	424	3	6	8	4	1	1	1	1	0.73225511	34	8362.266	8362.466	8362.466	8362.6661	8363.1983
3	17	1	1	425	3	6	8	5	2	2	2	1	0.76520931	35	8364.5202	8365.1202	8365.1202	8365.3202	8365.8854
3	17	1	1	426	3	6	8	6	4	2	6	1	0.71763533	36	8367.1431	8367.7431	8367.7431	8367.9431	8368.4607
3	17	1	1	427	3	6	8	7	6	1	8	1	0.66876524	37	8369.7688	8369.9688	8369.9688	8370.1688	8370.6376
3	17	1	1	428	3	6	8	8	6	2	8	1	0.47402069	38	8371.9925	8372.5925	8372.5925	8372.7925	8373.0665
3	17	1	1	429	3	6	8	9	5	2	7	1	0.85273821	39	8374.616	8375.216	8375.216	8375.416	8376.0688
3	17	1	1	430	3	6	8	10	1	1	1	1	1.0617478	40	8377.2402	8377.4402	8377.4402	8377.6402	8378.502
3	17	1	1	431	3	6	8	11	3	1	3	1	0.74038937	41	8379.5365	8379.7365	8379.7365	8379.9365	8380.4769
3	17	1	1	432	3	6	8	12	6	2	8	1	0.70258501	42	8381.7595	8382.3595	8382.3595	8382.5595	8383.0621
3	17	1	1	433	3	6	8	13	2	1	2	1	0.81365681	43	8384.3828	8384.5828	8384.5828	8384.7828	8385.3964
3	17	1	1	434	3	6	8	14	5	1	7	1	1.0161713	44	8386.6065	8386.8065	8386.8065	8387.0065	8387.8227
3	17	1	1	435	3	6	8	15	5	2	7	1	0.51796472	45	8388.8315	8389.4315	8389.4315	8389.6315	8389.9495
3	17	1	1	436	3	6	8	16	5	1	7	1	0.57588885	46	8391.5496	8391.7496	8391.7496	8391.9496	8392.3255
3	17	1	1	437	3	6	8	17	1	1	1	1	1.3129747	47	8393.7731	8393.9731	8393.9731	8394.1731	8395.286
3	17	1	1	438	3	6	8	18	3	1	3	1	0.89638864	48	8395.9973	8396.1973	8396.1973	8396.3973	8397.0937
3	17	1	1	439	3	6	8	19	4	2	6	1	0.64156345	49	8398.2215	8398.8215	8398.8215	8399.0215	8399.4631
3	17	1	1	440	3	6	8	20	5	2	7	1	0.76956652	50	8400.845	8401.445	8401.445	8401.645	8402.2146
3	17	1	1	441	3	6	8	21	2	2	1	0	0.80059584	50	8403.5624	8404.1624	8404.1624	8404.3624	8404.963
3	17	1	1	442	3	6	8	22	4	2	6	1	1.1864415	51	8406.1862	8406.7862	8406.7862	8406.9862	8407.9727
3	17	1	1	443	3	6	8	23	3	1	3	1	1.1190235	52	8408.8138	8409.0138	8409.0138	8409.2138	8410.1328
3	17	1	1	444	3	6	8	24	1	1	1	1	1.2162747	53	8411.0377	8411.2378	8411.2378	8411.4378	8412.454
3	17	1	1	445	3	6	8	25	1	2	1	1	0.62369147	54	8413.2616	8413.8616	8413.8616	8414.0616	8414.4853
3	17	1	1	446	3	6	8	26	2	1	2	1	0.66775549	55	8415.8865	8416.0865	8416.0865	8416.2865	8416.7543
3	17	1	1	447	3	6	8	27	6	2	8	1	0.8363782	56	8418.1106	8418.7106	8418.7106	8418.9106	8419.547
3	17	1	1	448	3	6	8	28	4	1	6	1	0.71454508	57	8420.7373	8420.9373	8420.9373	8421.1373	8421.6519
3	17	1	1	449	3	6	8	29	4	2	6	1	0.53792224	58	8422.9621	8423.5621	8423.5621	8423.7621	8424.1001
3	17	1	1	450	3	6	8	30	3	1	3	1	1.0895769	59	8425.5869	8425.7869	8425.7869	8425.9869	8426.8765
3	17	1	1	451	3	2	8	1	3	2	4	1	0.45593875	1	8455.8773	8456.4773	8456.4773	8456.6773	8456.9332
3	17	1	1	452	3	2	8	2	2	2	4	1	0.32752245	2	8458.5016	8459.1016	8459.1016	8459.3016	8459.4291
3	17	1	1	453	3	2	8	3	1	1	4	1	0.30019603	3	8461.1267	8461.3267	8461.3267	8461.5267	8461.6269
3	17	1	1	454	3	2	8	4	4	1	5	1	0.44534706	4	8463.3536	8463.5536	8463.5536	8463.7536	8463.999
3	17	1	1	455	3	2	8	5	5	2	5	1	0.57931966	5	8465.5795	8466.1795	8466.1795	8466.3795	8466.7588
3	17	1	1	456	3	2	8	6	6	2	5	1	0.37582732	6	8468.204	8468.804	8468.804	8469.004	8469.1798
3	17	1	1	457	3	2	8	7	1	1	4	1	0.39989659	7	8470.8288	8471.0288	8471.0288	8471.2288	8471.4287
3	17	1	1	458	3	2	8	8	4	2	5	1	0.50381755	8	8473.0538	8473.6538	8473.6538	8473.8538	8474.1576
3	17	1	1	459	3	2	8	9	1	2	4	1	0.49267816	9	8475.6788	8476.2788	8476.2788	8476.4789	8476.7715
3	17	1	1	460	3	2	8	10	6	1	5	1	0.42128957	10	8478.3039	8478.5039	8478.5039	8478.7039	8478.9252
3	17	1	1	461	3	2	8	11	2	1	4	1	0.65932928	11	8480.5286	8480.7286	8480.7286	8480.9286	8481.3879
3	17	1	1	462	3	2	8	12	5	2	5	1	0.46519481	12	8482.7535	8483.3535	8483.3535	8483.5535	8483.8187
3	17	1	1	463	3	2	8	13	3	1	4	1	0.40232082	13	8485.378	8485.578	8485.578	8485.778	8485.9803
3	17	1	1	464	3	2	8	14	1	1	4	1	0.44847804	14	8487.6597	8487.8597	8487.8597	8488.0597	8488.3082
3	17	1	1	465	3	2	8	15	3	2	4	1	0.40056679	15	8489.885	8490.485	8490.485	8490.685	8490.8856
3	17	1	1	466	3	2	8	16	4	1	5	1	0.5171016	16	8492.5126	8492.7126	8492.7126	8492.9127	8493.2298
3	17	1	1	467	3	2	8	17	2	1	4	1	0.50668506	17	8494.7376	8494.9376	8494.9376	8495.1376	8495.4443
3	17	1	1	468	3	2	8	18	4	1	5	1	0.43594128	18	8496.9632	8497.1632	8497.1632	8497.3632	8497.5992
3	17	1	1	469	3	2	8	19	5	2	5	1	0.35274855	19	8499.1884	8499.7884	8499.7884	8499.9884	8500.1411
3	17	1	1	470	3	2	8	20	2	2	4	1	0.43968923	20	8501.8133	8502.4133	8502.4133	8502.6133	8502.8529
3	17	1	1	471	3	2	8	21	5	2	5	1	0.51161901	21	8504.4388	8505.0388	8505.0388	8505.2388	8505.5504
3	17	1	1	472	3	2	8	22	6	2	5	1	0.41736211	22	8507.0686	8507.6686	8507.6686	8507.8686	8508.086
3	17	1	1	473	3	2	8	23	3	1	4	1	0.46881175	23	8509.6942	8509.8942	8509.8942	8510.0942	8510.3631
3	17	1	1	474	3	2	8	24	6	1	5	1	0.52571012	24	8511.9199	8512.1199	8512.1199	8512.3199	8512.6456
3	17	1	1	475	3	2	8	25	4	2	5	1	0.38231228	25	8514.1448	8514.7448	8514.7448	8514.9449	8515.1272
3	17	1	1	476	3	2	8	26	2	1	4	1	0.52568827	26	8516.77	8516.97	8516.97	8517.17	8517.4957
3	17	1	1	477	3	2	8	27	3	2	4	1	0.51747004	27	8518.9972	8519.5972	8519.5972	8519.7972	8520.1147
3	17	1	1	478	3	2	8	28	1	1	4	1	0.48861897	28	8521.6223	8521.8223	8521.8223	8522.0223	8522.3109
3	17	1	1	479	3	2	8	29	5	2	5	1	0.36060592	29	8523.8478	8524.4478	8524.4478	8524.6478	8524.8084
3	17	1	1	480	3	2	8	30	6	1	5	1	0.38690407	30	8526.4738	8526.6738	8526.6738	8526.8738	8527.0607
3	17	1	1	481	3	6	9	1	3	2	3	1	0.66696514	31	8556.9473	8557.5473	8557.5473	8557.7473	8558.2143
3	17	1	1	482	3	6	9	2	2	2	2	1	1.0722329	32	8559.5734	8560.1734	8560.1734	8560.3734	8561.2456
3	17	1	1	483	3	6	9	3	1	1	1	1	1.9318855	33	8562.1993	8562.3993	8562.3993	8562.5993	8564.3312
3	17	1	1	484	3	6	9	4	4	1	6	1	1.3170491	34	8564.4255	8564.6255	8564.6255	8564.8255	8565.9425
3	17	1	1	485	3	6	9	5	5	2	7	1	1.1603776	35	8566.6526	8567.2526	8567.2526	8567.4526	8568.413
3	17	1	1	486	3	6	9	6	6	2	8	1	0.78888841	36	8569.2786	8569.8786	8569.8787	8570.0787	8570.6675
3	17	1	1	487	3	6	9	7	1	1	1	1	0.98001639	37	8571.9048	8572.1048	8572.1048	8572.3048	8573.0849
3	17	1	1	488	3	6	9	8	4	2	6	1	0.6907481	38	8574.1305	8574.7305	8574.7305	8574.9305	8575.4212
3	17	1	1	489	3	6	9	9	1	2	1	1	0.98496357	39	8576.7566	8577.3566	8577.3566	8577.5566	8578.3416
3	17	1	1	490	3	6	9	10	6	1	8	1	0.78748401	40	8579.3834	8579.5834	8579.5834	8579.7834	8580.3709
3	17	1	1	491	3	6	9	11	2	1	2	1	0.68281268	41	8581.6106	8581.8106	8581.8106	8582.0106	8582.4934
3	17	1	1	492	3	6	9	12	5	2	7	1	1.0637552	42	8583.8369	8584.4369	8584.4369	8584.6369	8585.5007
3	17	1	1	493	3	6	9	13	3	1	3	1	1.0696931	43	8586.4634	8586.6634	8586.6634	8586.8634	8587.7331
3	17	1	1	494	3	6	9	14	1	1	1	1	1.1482029	44	8588.6895	8588.8895	8588.8895	8589.0895	8590.0377
3	17	1	1	495	3	6	9	15	3	2	3	1	1.4021787	45	8590.9157	8591.5157	8591.5157	8591.7157	8592.9179
3	17	1	1	496	3	6	9	16	4	1	6	1	0.63966568	46	8593.5422	8593.7422	8593.7422	8593.9422	8594.3819
3	17	1	1	497	3	6	9	17	2	1	2	1	0.97855224	47	8595.7684	8595.9684	8595.9684	8596.1684	8596.9469
3	17	1	1	498	3	6	9	18	4	1	6	1	1.3299685	48	8597.9948	8598.1948	8598.1948	8598.3949	8599.5248
3	17	1	1	499	3	6	9	19	5	2	7	1	0.96594998	49	8600.223	8600.823	8600.823	8601.023	8601.789
3	17	1	1	500	3	6	9	20	2	2	2	1	0.71693242	50	8602.8498	8603.4498	8603.4498	8603.6498	8604.1667
3	17	1	1	501	3	6	9	21	5	2	7	1	0.78326585	51	8605.4761	8606.0761	8606.0761	8606.2761	8606.8593
3	17	1	1	502	3	6	9	22	6	2	8	1	0.65433874	52	8608.1032	8608.7032	8608.7033	8608.9033	8609.3576
3	17	1	1	503	3	6	9	23	3	1	3	1	1.1095353	53	8610.7856	8610.9857	8610.9857	8611.1857	8612.0952
3	17	1	1	504	3	6	9	24	6	1	8	1	0.87069551	54	8613.0125	8613.2125	8613.2125	8613.4125	8614.0832
3	17	1	1	505	3	6	9	25	4	2	6	1	1.2208902	55	8615.2404	8615.8404	8615.8404	8616.0404	8617.0613
3	17	1	1	506	3	6	9	26	2	1	2	1	0.88980224	56	8617.8668	8618.0668	8618.0668	8618.2668	8618.9566
3	17	1	1	507	3	6	9	27	3	2	3	1	0.93548386	57	8620.0937	8620.6937	8620.6937	8620.8937	8621.6292
3	17	1	1	508	3	6	9	28	1	1	1	1	0.95167846	58	8622.7994	8622.9994	8622.9994	8623.1994	8623.9511
3	17	1	1	509	3	6	9	29	5	2	7	1	1.0910106	59	8625.0267	8625.6267	8625.6267	8625.8267	8626.7177
3	17	1	1	510	3	6	9	30	6	1	8	1	0.82158749	60	8627.6597	8627.8597	8627.8597	8628.0597	8628.6813
3	17	1	1	511	3	2	9	1	6	2	5	1	0.47293705	1	8657.9469	8658.5469	8658.5469	8658.7469	8659.0199
3	17	1	1	512	3	2	9	2	3	2	4	1	0.53515271	2	8660.5758	8661.1758	8661.1758	8661.3758	8661.711
3	17	1	1	513	3	2	9	3	2	1	4	1	0.50478828	3	8663.2025	8663.4025	8663.4025	8663.6025	8663.9073
3	17	1	1	514	3	2	9	4	4	1	5	1	0.46334498	4	8665.4295	8665.6295	8665.6295	8665.8296	8666.0929
3	17	1	1	515	3	2	9	5	3	2	4	1	0.5694158	5	8667.6571	8668.2571	8668.2571	8668.4571	8668.8265
3	17	1	1	516	3	2	9	6	2	2	5	0	0.43048252	5	8670.2841	8670.8841	8670.8841	8671.0842	8671.3146
3	17	1	1	517	3	2	9	7	5	1	5	1	0.4739237	6	8672.915	8673.115	8673.115	8673.315	8673.5889
3	17	1	1	518	3	2	9	8	6	2	5	1	0.49453793	7	8675.1425	8675.7425	8675.7425	8675.9425	8676.2371
3	17	1	1	519	3	2	9	9	3	2	4	1	0.49788357	8	8677.7687	8678.3687	8678.3688	8678.5688	8678.8666
3	17	1	1	520	3	2	9	10	6	1	5	1	0.5595962	9	8680.3958	8680.5958	8680.5958	8680.7958	8681.1554
3	17	1	1	521	3	2	9	11	5	1	5	1	0.71728771	10	8682.6233	8682.8233	8682.8233	8683.0233	8683.5406
3	17	1	1	522	3	2	9	12	3	2	4	1	0.46367055	11	8684.8542	8685.4542	8685.4542	8685.6542	8685.9178
3	17	1	1	523	3	2	9	13	4	1	5	1	0.45196098	12	8687.4812	8687.6812	8687.6813	8687.8813	8688.1332
3	17	1	1	524	3	2	9	14	3	1	4	1	0.51561702	13	8689.7151	8689.9151	8689.9152	8690.1152	8690.4308
3	17	1	1	525	3	2	9	15	2	2	4	1	0.72612019	14	8691.943	8692.543	8692.543	8692.743	8693.2691
3	17	1	1	526	3	2	9	16	4	1	5	1	0.42810897	15	8694.5706	8694.7706	8694.7706	8694.9706	8695.1987
3	17	1	1	527	3	2	9	17	1	1	4	1	0.5089073	16	8696.7975	8696.9975	8696.9975	8697.1975	8697.5064
3	17	1	1	528	3	2	9	18	6	1	5	1	0.46780782	17	8699.0274	8699.2274	8699.2274	8699.4274	8699.6952
3	17	1	1	529	3	2	9	19	5	2	5	1	0.44760819	18	8701.2545	8701.8545	8701.8545	8702.0545	8702.3021
3	17	1	1	530	3	2	9	20	5	2	5	1	0.40853465	19	8703.8827	8704.4827	8704.4827	8704.6827	8704.8913
3	17	1	1	531	3	2	9	21	4	2	5	1	0.34916738	20	8706.5106	8707.1106	8707.1106	8707.3106	8707.4598
3	17	1	1	532	3	2	9	22	5	2	5	1	0.30567762	21	8709.1389	8709.7389	8709.7389	8709.9389	8710.0446
3	17	1	1	533	3	2	9	23	1	1	4	1	0.49584191	22	8711.767	8711.967	8711.967	8712.167	8712.4628
3	17	1	1	534	3	2	9	24	1	1	4	1	0.55694274	23	8713.9983	8714.1983	8714.1983	8714.3984	8714.7553
3	17	1	1	535	3	2	9	25	4	2	5	1	0.38462462	24	8716.226	8716.826	8716.826	8717.026	8717.2106
3	17	1	1	536	3	2	9	26	1	1	4	1	0.68014089	25	8718.8926	8719.0926	8719.0926	8719.2926	8719.7727
3	17	1	1	537	3	2	9	27	2	2	4	1	0.53495558	26	8721.1203	8721.7203	8721.7203	8721.9203	8722.2553
3	17	1	1	538	3	2	9	28	6	1	5	1	0.43968765	27	8723.7486	8723.9486	8723.9486	8724.1486	8724.3883
3	17	1	1	539	3	2	9	29	1	2	4	1	0.43322476	28	8725.9777	8726.5777	8726.5777	8726.7777	8727.011
3	17	1	1	540	3	2	9	30	2	1	4	1	0.3646508	29	8728.6064	8728.8064	8728.8064	8729.0064	8729.1711
3	17	1	1	541	4	6	10	1	6	2	8	1	0.78522355	30	9300.3552	9300.9552	9300.9552	9301.1552	9301.7404
3	17	1	1	542	4	6	10	2	3	2	3	1	0.767734	31	9302.983	9303.583	9303.583	9303.783	9304.3507
3	17	1	1	543	4	6	10	3	2	1	2	1	0.68107129	32	9305.6117	9305.8117	9305.8117	9306.0117	9306.4928
3	17	1	1	544	4	6	10	4	4	1	6	1	0.73750034	33	9307.8427	9308.0427	9308.0427	9308.2427	9308.7802
3	17	1	1	545	4	6	10	5	3	2	2	0	0.91045993	33	9310.0711	9310.6711	9310.6711	9310.8711	9311.5815
3	17	1	1	546	4	6	10	6	2	2	2	1	0.45420625	34	9312.7043	9313.3043	9313.3043	9313.5043	9313.7585
3	17	1	1	547	4	6	10	7	5	1	7	1	0.88932925	35	9315.3332	9315.5332	9315.5332	9315.7332	9316.4225
3	17	1	1	548	4	6	10	8	6	2	8	1	0.70757586	36	9317.5617	9318.1617	9318.1617	9318.3617	9318.8693
3	17	1	1	549	4	6	10	9	3	2	3	1	1.1443854	37	9320.1908	9320.7908	9320.7908	9320.9908	9321.9352
3	17	1	1	550	4	6	10	10	6	1	8	1	0.85899703	38	9322.82	9323.02	9323.02	9323.22	9323.879
3	17	1	1	551	4	6	10	11	5	1	2	0	0.95494118	38	9325.0485	9325.2485	9325.2485	9325.4485	9326.2035
3	17	1	1	552	4	6	10	12	3	2	3	1	0.80979894	39	9327.2774	9327.8774	9327.8774	9328.0774	9328.6872
3	17	1	1	553	4	6	10	13	4	1	6	1	1.1105847	40	9329.9035	9330.1035	9330.1035	9330.3035	9331.2141
3	17	1	1	554	4	6	10	14	3	1	3	1	1.5623581	41	9332.1322	9332.3322	9332.3322	9332.5322	9333.8946
3	17	1	1	555	4	6	10	15	2	2	2	1	0.90035253	42	9334.3618	9334.9618	9334.9618	9335.1618	9335.8621
3	17	1	1	556	4	6	10	16	4	1	6	1	0.66427377	43	9336.9919	9337.1919	9337.1919	9337.3919	9337.8562
3	17	1	1	557	4	6	10	17	1	1	1	1	0.97450626	44	9339.2213	9339.4214	9339.4214	9339.6214	9340.3959
3	17	1	1	558	4	6	10	18	6	1	8	1	0.71539604	45	9341.4503	9341.6503	9341.6503	9341.8503	9342.3657
3	17	1	1	559	4	6	10	19	5	2	2	0	0.98694168	45	9343.6786	9344.2786	9344.2786	9344.4786	9345.2656
3	17	1	1	560	4	6	10	20	5	2	7	1	0.53950247	46	9346.3075	9346.9075	9346.9075	9347.1075	9347.447
3	17	1	1	561	4	6	10	21	4	2	6	1	0.84479332	47	9348.9367	9349.5367	9349.5367	9349.7367	9350.3815
3	17	1	1	562	4	6	10	22	5	2	7	1	0.64724409	48	9351.5655	9352.1655	9352.1655	9352.3655	9352.8128
3	17	1	1	563	4	6	10	23	1	1	2	0	1.0801037	48	9354.1948	9354.3948	9354.3949	9354.5949	9355.475
3	17	1	1	564	4	6	10	24	1	1	1	1	0.60473493	49	9356.4245	9356.6245	9356.6245	9356.8245	9357.2293
3	17	1	1	565	4	6	10	25	4	2	6	1	0.91994698	50	9358.655	9359.255	9359.255	9359.455	9360.1749
3	17	1	1	566	4	6	10	26	1	1	1	1	0.94340147	51	9361.2843	9361.4843	9361.4843	9361.6843	9362.4277
3	17	1	1	567	4	6	10	27	2	2	2	1	0.65733338	52	9363.5136	9364.1136	9364.1136	9364.3136	9364.7709
3	17	1	1	568	4	6	10	28	6	1	8	1	0.69307154	53	9366.1439	9366.3439	9366.3439	9366.5439	9367.037
3	17	1	1	569	4	6	10	29	1	2	1	1	1.4670676	54	9368.3767	9368.9767	9368.9767	9369.1767	9370.4438
3	17	1	1	570	4	6	10	30	2	1	2	1	0.96018483	55	9371.0209	9371.2209	9371.2209	9371.4209	9372.1811
3	17	1	1	571	4	2	10	1	6	2	5	1	0.43148763	1	9401.3155	9401.9155	9401.9155	9402.1155	9402.347
3	17	1	1	572	4	2	10	2	1	2	4	1	0.62865098	2	9403.9466	9404.5466	9404.5466	9404.7466	9405.1752
3	17	1	1	573	4	2	10	3	3	1	4	1	0.46841678	3	9406.5764	9406.7764	9406.7764	9406.9764	9407.2448
3	17	1	1	574	4	2	10	4	5	1	5	1	0.49303004	4	9408.8056	9409.0056	9409.0056	9409.2056	9409.4986
3	17	1	1	575	4	2	10	5	6	2	5	1	0.4430377	5	9411.0348	9411.6348	9411.6348	9411.8348	9412.0778
3	17	1	1	576	4	2	10	6	3	2	4	1	0.54198967	6	9413.6645	9414.2646	9414.2646	9414.4646	9414.8065
3	17	1	1	577	4	2	10	7	6	1	5	1	0.44373082	7	9416.297	9416.497	9416.4971	9416.6971	9416.9408
3	17	1	1	578	4	2	10	8	4	2	5	1	0.51649651	8	9418.5277	9419.1277	9419.1277	9419.3277	9419.6442
3	17	1	1	579	4	2	10	9	1	2	4	1	0.46239841	9	9421.1578	9421.7578	9421.7578	9421.9578	9422.2202
3	17	1	1	580	4	2	10	10	4	1	5	1	0.51294319	10	9423.7882	9423.9882	9423.9882	9424.1882	9424.5011
3	17	1	1	581	4	2	10	11	6	1	5	1	0.42631964	11	9426.0194	9426.2194	9426.2194	9426.4195	9426.6458
3	17	1	1	582	4	2	10	12	1	2	4	1	0.42045455	12	9428.2559	9428.8559	9428.8559	9429.0559	9429.2764
3	17	1	1	583	4	2	10	13	3	1	4	1	0.44691504	13	9430.8861	9431.0861	9431.0861	9431.2861	9431.533
3	17	1	1	584	4	2	10	14	5	1	5	1	0.4429936	14	9433.1161	9433.3161	9433.3161	9433.5161	9433.7591
3	17	1	1	585	4	2	10	15	4	2	5	1	0.42254408	15	9435.3486	9435.9486	9435.9486	9436.1486	9436.3711
3	17	1	1	586	4	2	10	16	2	1	4	1	0.46672789	16	9437.9789	9438.1789	9438.1789	9438.3789	9438.6456
3	17	1	1	587	4	2	10	17	2	1	4	1	0.35666187	17	9440.2089	9440.4089	9440.4089	9440.6089	9440.7655
3	17	1	1	588	4	2	10	18	1	1	4	1	0.36122029	18	9442.439	9442.639	9442.639	9442.839	9443.0002
3	17	1	1	589	4	2	10	19	3	2	4	1	0.36113162	19	9444.6696	9445.2696	9445.2696	9445.4696	9445.6307
3	17	1	1	590	4	2	10	20	5	2	5	1	0.42253709	20	9447.3005	9447.9005	9447.9005	9448.1005	9448.323
3	17	1	1	591	4	2	10	21	2	2	4	1	0.46585804	21	9449.9307	9450.5307	9450.5307	9450.7307	9450.9965
3	17	1	1	592	4	2	10	22	5	2	5	1	0.47481641	22	9452.5614	9453.1614	9453.1614	9453.3614	9453.6363
3	17	1	1	593	4	2	10	23	2	1	4	1	0.44814624	23	9455.1973	9455.3973	9455.3973	9455.5973	9455.8455
3	17	1	1	594	4	2	10	24	4	1	5	1	0.36924413	24	9457.4276	9457.6276	9457.6276	9457.8276	9457.9968
3	17	1	1	595	4	2	10	25	1	2	4	1	0.34148513	25	9459.6576	9460.2576	9460.2576	9460.4576	9460.5991
3	17	1	1	596	4	2	10	26	2	1	4	1	0.40484384	26	9462.2888	9462.4888	9462.4888	9462.6888	9462.8937
3	17	1	1	597	4	2	10	27	3	2	4	1	0.37472838	27	9464.5191	9465.1191	9465.1191	9465.3191	9465.4938
3	17	1	1	598	4	2	10	28	4	1	5	1	0.3941665	28	9467.1477	9467.3477	9467.3477	9467.5477	9467.7418
3	17	1	1	599	4	2	10	29	6	2	5	1	0.36371612	29	9469.3789	9469.9789	9469.9789	9470.1789	9470.3426
3	17	1	1	600	4	2	10	30	5	1	5	1	0.38003023	30	9472.0093	9472.2093	9472.2093	9472.4093	9472.5893
3	17	1	1	601	4	6	11	1	6	2	8	1	0.72187267	31	9502.3242	9502.9242	9502.9242	9503.1242	9503.6461
3	17	1	1	602	4	6	11	2	1	2	1	1	1.295977	32	9504.9554	9505.5554	9505.5554	9505.7554	9506.8514
3	17	1	1	603	4	6	11	3	3	1	2	0	0.8115409	32	9507.5862	9507.7862	9507.7862	9507.9862	9508.5978
3	17	1	1	604	4	6	11	4	5	1	7	1	0.75553575	33	9509.8185	9510.0185	9510.0185	9510.2185	9510.774
3	17	1	1	605	4	6	11	5	6	2	8	1	0.69167445	34	9512.051	9512.651	9512.651	9512.851	9513.3427
3	17	1	1	606	4	6	11	6	3	2	3	1	0.85998264	35	9514.6853	9515.2854	9515.2854	9515.4854	9516.1453
3	17	1	1	607	4	6	11	7	6	1	8	1	0.71641914	36	9517.3193	9517.5193	9517.5193	9517.7193	9518.2357
3	17	1	1	608	4	6	11	8	4	2	6	1	1.2136308	37	9519.5503	9520.1504	9520.1504	9520.3504	9521.364
3	17	1	1	609	4	6	11	9	1	2	1	1	0.85372376	38	9522.1813	9522.7814	9522.7814	9522.9814	9523.6351
3	17	1	1	610	4	6	11	10	4	1	6	1	0.98287787	39	9524.813	9525.013	9525.013	9525.213	9525.9959
3	17	1	1	611	4	6	11	11	6	1	8	1	0.68983938	40	9527.0437	9527.2437	9527.2437	9527.4437	9527.9336
3	17	1	1	612	4	6	11	12	1	2	1	1	1.0004041	41	9529.2752	9529.8752	9529.8752	9530.0752	9530.8756
3	17	1	1	613	4	6	11	13	3	1	3	1	1.2117745	42	9531.9062	9532.1063	9532.1063	9532.3063	9533.318
3	17	1	1	614	4	6	11	14	5	1	2	0	0.44905703	42	9534.1394	9534.3394	9534.3394	9534.5394	9534.7884
3	17	1	1	615	4	6	11	15	4	2	6	1	0.75192735	43	9536.3744	9536.9744	9536.9744	9537.1744	9537.7263
3	17	1	1	616	4	6	11	16	2	1	2	1	0.60497448	44	9539.0084	9539.2084	9539.2084	9539.4084	9539.8134
3	17	1	1	617	4	6	11	17	2	1	2	1	0.50166746	45	9541.2394	9541.4394	9541.4394	9541.6394	9541.9411
3	17	1	1	618	4	6	11	18	1	1	6	0	1.8058247	45	9543.471	9543.671	9543.671	9543.871	9545.4768
3	17	1	1	619	4	6	11	19	3	2	3	1	0.82447463	46	9545.7021	9546.3021	9546.3021	9546.5021	9547.1266
3	17	1	1	620	4	6	11	20	5	2	7	1	1.1549546	47	9548.3381	9548.9381	9548.9381	9549.1381	9550.093
3	17	1	1	621	4	6	11	21	2	2	2	1	0.68704429	48	9550.9737	9551.5737	9551.5737	9551.7737	9552.2608
3	17	1	1	622	4	6	11	22	5	2	7	1	0.5029382	49	9553.6058	9554.2058	9554.2058	9554.4058	9554.7087
3	17	1	1	623	4	6	11	23	2	1	2	1	0.47330682	50	9556.2374	9556.4374	9556.4374	9556.6374	9556.9107
3	17	1	1	624	4	6	11	24	4	1	6	1	0.78644419	51	9558.4686	9558.6686	9558.6686	9558.8686	9559.455
3	17	1	1	625	4	6	11	25	1	2	1	1	0.6955171	52	9560.7007	9561.3007	9561.3007	9561.5007	9561.9963
3	17	1	1	626	4	6	11	26	2	1	2	1	0.79856328	53	9563.3332	9563.5332	9563.5332	9563.7332	9564.3317
3	17	1	1	627	4	6	11	27	3	2	3	1	0.99148956	54	9565.5646	9566.1646	9566.1646	9566.3646	9567.1561
3	17	1	1	628	4	6	11	28	4	1	6	1	0.86546978	55	9568.1959	9568.3959	9568.3959	9568.5959	9569.2614
3	17	1	1	629	4	6	11	29	6	2	8	1	0.69778649	56	9570.4274	9571.0274	9571.0274	9571.2274	9571.7252
3	17	1	1	630	4	6	11	30	5	1	7	1	1.2318088	57	9573.0597	9573.2597	9573.2597	9573.4597	9574.4915
3	17	1	1	631	4	2	11	1	2	2	4	1	0.44260494	1	9603.354	9603.954	9603.954	9604.154	9604.3966
3	17	1	1	632	4	2	11	2	3	2	4	1	0.37820387	2	9605.9872	9606.5872	9606.5872	9606.7872	9606.9654
3	17	1	1	633	4	2	11	3	5	1	5	1	0.39340047	3	9608.6192	9608.8192	9608.8192	9609.0192	9609.2126
3	17	1	1	634	4	2	11	4	1	1	4	1	0.39409347	4	9610.8516	9611.0516	9611.0516	9611.2516	9611.4457
3	17	1	1	635	4	2	11	5	1	2	4	1	0.43270471	5	9613.0843	9613.6844	9613.6844	9613.8844	9614.1171
3	17	1	1	636	4	2	11	6	4	2	5	1	0.48769512	6	9615.7156	9616.3156	9616.3156	9616.5156	9616.8033
3	17	1	1	637	4	2	11	7	5	1	5	1	0.37675631	7	9618.3481	9618.5481	9618.5481	9618.7481	9618.9249
3	17	1	1	638	4	2	11	8	6	2	5	1	0.40957023	8	9620.5803	9621.1803	9621.1803	9621.3803	9621.5898
3	17	1	1	639	4	2	11	9	4	2	5	1	0.37098596	9	9623.2891	9623.8891	9623.8891	9624.0891	9624.2601
3	17	1	1	640	4	2	11	10	6	1	5	1	0.35322996	10	9625.9218	9626.1218	9626.1218	9626.3219	9626.4751
3	17	1	1	641	4	2	11	11	3	1	4	1	0.41017755	11	9628.1543	9628.3543	9628.3543	9628.5543	9628.7645
3	17	1	1	642	4	2	11	12	1	2	4	1	0.31393757	12	9630.3868	9630.9868	9630.9868	9631.1868	9631.3008
3	17	1	1	643	4	2	11	13	6	1	5	1	0.40981984	13	9633.026	9633.226	9633.226	9633.426	9633.6358
3	17	1	1	644	4	2	11	14	3	1	4	1	0.45134475	14	9635.3035	9635.5035	9635.5035	9635.7035	9635.9549
3	17	1	1	645	4	2	11	15	6	2	5	1	0.39774496	15	9637.5361	9638.1361	9638.1361	9638.3362	9638.5339
3	17	1	1	646	4	2	11	16	2	1	4	1	0.47818769	16	9640.1684	9640.3684	9640.3684	9640.5684	9640.8466
3	17	1	1	647	4	2	11	17	3	1	4	1	0.40536328	17	9642.4012	9642.6012	9642.6012	9642.8012	9643.0066
3	17	1	1	648	4	2	11	18	6	1	5	1	0.39559913	18	9644.6334	9644.8334	9644.8335	9645.0335	9645.2291
3	17	1	1	649	4	2	11	19	2	2	4	1	0.37794113	19	9646.8666	9647.4666	9647.4666	9647.6666	9647.8445
3	17	1	1	650	4	2	11	20	5	2	5	1	0.3999806	20	9649.4999	9650.0999	9650.0999	9650.2999	9650.4999
3	17	1	1	651	4	2	11	21	4	2	5	1	0.44694066	21	9652.1325	9652.7325	9652.7325	9652.9325	9653.1794
3	17	1	1	652	4	2	11	22	4	2	5	1	0.48100555	22	9654.7662	9655.3662	9655.3662	9655.5662	9655.8472
3	17	1	1	653	4	2	11	23	5	1	5	1	0.34131944	23	9657.3992	9657.5992	9657.5992	9657.7992	9657.9406
3	17	1	1	654	4	2	11	24	1	1	4	1	0.38755437	24	9659.6332	9659.8332	9659.8332	9660.0332	9660.2208
3	17	1	1	655	4	2	11	25	3	2	4	1	0.3862346	25	9661.8669	9662.4669	9662.4669	9662.6669	9662.8532
3	17	1	1	656	4	2	11	26	1	1	4	1	0.3713738	26	9664.4996	9664.6996	9664.6996	9664.8996	9665.0709
3	17	1	1	657	4	2	11	27	5	2	5	1	0.29798922	27	9666.7326	9667.3326	9667.3326	9667.5326	9667.6306
3	17	1	1	658	4	2	11	28	2	1	4	1	0.3777971	28	9669.3653	9669.5653	9669.5653	9669.7653	9669.9431
3	17	1	1	659	4	2	11	29	4	2	4	0	0.43104234	28	9671.5983	9672.1983	9672.1984	9672.3984	9672.6294
3	17	1	1	660	4	2	11	30	2	1	4	1	0.55404605	29	9674.2336	9674.4336	9674.4336	9674.6336	9674.9876
3	17	1	1	661	4	6	12	1	2	2	2	1	0.86897239	30	9704.5451	9705.1451	9705.1451	9705.3451	9706.0141
3	17	1	1	662	4	6	12	2	3	2	3	1	0.79536408	31	9707.1779	9707.7779	9707.7779	9707.9779	9708.5732
3	17	1	1	663	4	6	12	3	5	1	7	1	0.94418278	32	9709.8111	9710.0111	9710.0111	9710.2111	9710.9553
3	17	1	1	664	4	6	12	4	1	1	1	1	1.2555874	33	9712.0448	9712.2448	9712.2448	9712.4448	9713.5004
3	17	1	1	665	4	6	12	5	1	2	1	1	0.60471056	34	9714.2779	9714.8779	9714.8779	9715.078	9715.4827
3	17	1	1	666	4	6	12	6	4	2	6	1	0.64562383	35	9716.9112	9717.5112	9717.5112	9717.7112	9718.1568
3	17	1	1	667	4	6	12	7	5	1	7	1	0.84408252	36	9719.5449	9719.7449	9719.7449	9719.9449	9720.589
3	17	1	1	668	4	6	12	8	6	2	8	1	0.57001475	37	9721.7783	9722.3783	9722.3783	9722.5783	9722.9483
3	17	1	1	669	4	6	12	9	4	2	6	1	1.4144248	38	9724.4121	9725.0121	9725.0121	9725.2121	9726.4266
3	17	1	1	670	4	6	12	10	6	1	8	1	1.0282126	39	9727.0455	9727.2455	9727.2455	9727.4455	9728.2737
3	17	1	1	671	4	6	12	11	3	1	3	1	1.1633955	40	9729.2824	9729.4824	9729.4824	9729.6824	9730.6458
3	17	1	1	672	4	6	12	12	1	2	1	1	0.90562066	41	9731.516	9732.116	9732.116	9732.316	9733.0216
3	17	1	1	673	4	6	12	13	6	1	8	1	0.62873059	42	9734.1499	9734.3499	9734.3499	9734.5499	9734.9786
3	17	1	1	674	4	6	12	14	3	1	3	1	0.99014871	43	9736.3833	9736.5833	9736.5833	9736.7833	9737.5735
3	17	1	1	675	4	6	12	15	6	2	8	1	0.94683809	44	9738.6182	9739.2182	9739.2182	9739.4183	9740.1651
3	17	1	1	676	4	6	12	16	2	1	2	1	0.88650476	45	9741.2525	9741.4525	9741.4525	9741.6525	9742.339
3	17	1	1	677	4	6	12	17	3	1	3	1	0.99399494	46	9743.4903	9743.6903	9743.6903	9743.8903	9744.6843
3	17	1	1	678	4	6	12	18	6	1	8	1	0.85546894	47	9745.7246	9745.9247	9745.9247	9746.1247	9746.7801
3	17	1	1	679	4	6	12	19	2	2	2	1	1.2160447	48	9747.9589	9748.5589	9748.5589	9748.7589	9749.775
3	17	1	1	680	4	6	12	20	5	2	7	1	1.7799982	49	9750.5932	9751.1932	9751.1932	9751.3932	9752.9732
3	17	1	1	681	4	6	12	21	4	2	6	1	1.4693369	50	9753.2271	9753.8271	9753.8271	9754.0271	9755.2965
3	17	1	1	682	4	6	12	22	4	2	0	0	-9756.4621	50	9755.8621	9756.4621	9756.4621	9756.6621	0
3	17	1	1	683	4	6	12	23	5	1	2	0	1.0144535	50	9758.4959	9758.6959	9758.6959	9758.8959	9759.7103
3	17	1	1	684	4	6	12	24	1	1	1	1	1.4526101	51	9760.7304	9760.9304	9760.9304	9761.1304	9762.383
3	17	1	1	685	4	6	12	25	3	2	3	1	1.0887194	52	9762.9647	9763.5647	9763.5647	9763.7647	9764.6534
3	17	1	1	686	4	6	12	26	1	1	1	1	1.4218833	53	9765.5992	9765.7992	9765.7992	9765.9992	9767.2211
3	17	1	1	687	4	6	12	27	5	2	7	1	0.89877361	54	9767.8337	9768.4337	9768.4337	9768.6337	9769.3324
3	17	1	1	688	4	6	12	28	2	1	2	1	0.64935193	55	9770.4682	9770.6682	9770.6682	9770.8682	9771.3176
3	17	1	1	689	4	6	12	29	4	2	6	1	0.66863266	56	9772.705	9773.305	9773.305	9773.505	9773.9736
3	17	1	1	690	4	6	12	30	2	1	2	1	1.1543263	57	9775.3404	9775.5404	9775.5404	9775.7404	9776.6947
3	17	1	1	691	4	2	12	1	6	2	5	1	0.3436095	1	9805.6444	9806.2444	9806.2444	9806.4444	9806.588
3	17	1	1	692	4	2	12	2	5	2	5	1	0.36579619	2	9808.28	9808.88	9808.88	9809.08	9809.2458
3	17	1	1	693	4	2	12	3	6	1	5	1	0.33135764	3	9810.9149	9811.1149	9811.1149	9811.3149	9811.4462
3	17	1	1	694	4	2	12	4	5	1	5	1	0.34168967	4	9813.149	9813.349	9813.349	9813.549	9813.6907
3	17	1	1	695	4	2	12	5	3	2	4	1	0.38417365	5	9815.4771	9816.0771	9816.0771	9816.2771	9816.4612
3	17	1	1	696	4	2	12	6	3	2	4	1	0.47716949	6	9818.1121	9818.7121	9818.7121	9818.9121	9819.1893
3	17	1	1	697	4	2	12	7	2	1	4	1	0.41171946	7	9820.7469	9820.9469	9820.9469	9821.1469	9821.3586
3	17	1	1	698	4	2	12	8	1	2	4	1	0.39868363	8	9822.9813	9823.5813	9823.5813	9823.7814	9823.98
3	17	1	1	699	4	2	12	9	1	2	4	1	0.36345141	9	9825.6163	9826.2163	9826.2163	9826.4163	9826.5798
3	17	1	1	700	4	2	12	10	6	1	5	1	0.37594579	10	9828.255	9828.455	9828.455	9828.655	9828.8309
3	17	1	1	701	4	2	12	11	4	1	5	1	0.38718959	11	9830.5	9830.7	9830.7	9830.9	9831.0872
3	17	1	1	702	4	2	12	12	2	2	4	1	0.33835798	12	9832.7374	9833.3374	9833.3374	9833.5374	9833.6757
3	17	1	1	703	4	2	12	13	4	1	5	1	0.40758458	13	9835.3722	9835.5722	9835.5722	9835.7722	9835.9798
3	17	1	1	704	4	2	12	14	1	1	4	1	0.42917879	14	9837.6076	9837.8076	9837.8076	9838.0076	9838.2368
3	17	1	1	705	4	2	12	15	4	2	5	1	0.40020036	15	9839.8456	9840.4456	9840.4456	9840.6456	9840.8458
3	17	1	1	706	4	2	12	16	5	1	5	1	0.4963273	16	9842.5081	9842.7081	9842.7081	9842.9081	9843.2044
3	17	1	1	707	4	2	12	17	5	1	5	1	0.35060205	17	9844.7434	9844.9434	9844.9435	9845.1435	9845.2941
3	17	1	1	708	4	2	12	18	5	1	5	1	0.32998402	18	9846.9785	9847.1785	9847.1785	9847.3785	9847.5085
3	17	1	1	709	4	2	12	19	3	2	4	1	0.51108108	19	9849.2142	9849.8142	9849.8142	9850.0142	9850.3252
3	17	1	1	710	4	2	12	20	6	2	5	1	0.40547874	20	9851.8496	9852.4496	9852.4496	9852.6496	9852.8551
3	17	1	1	711	4	2	12	21	4	2	5	1	0.45383431	21	9854.5201	9855.1201	9855.1201	9855.3201	9855.5739
3	17	1	1	712	4	2	12	22	2	2	4	1	0.44748152	22	9857.1566	9857.7566	9857.7566	9857.9566	9858.2041
3	17	1	1	713	4	2	12	23	2	1	4	1	0.53148029	23	9859.7921	9859.9921	9859.9921	9860.1921	9860.5236
3	17	1	1	714	4	2	12	24	6	1	5	1	0.4729673	24	9862.027	9862.227	9862.227	9862.427	9862.6999
3	17	1	1	715	4	2	12	25	3	2	4	1	0.429467	25	9864.2621	9864.8621	9864.8621	9865.0621	9865.2916
3	17	1	1	716	4	2	12	26	1	1	4	1	0.45109416	26	9866.9207	9867.1207	9867.1207	9867.3207	9867.5718
3	17	1	1	717	4	2	12	27	2	2	4	1	0.39404702	27	9869.1566	9869.7566	9869.7566	9869.9566	9870.1507
3	17	1	1	718	4	2	12	28	1	1	4	1	0.35653619	28	9871.7924	9871.9924	9871.9924	9872.1924	9872.349
3	17	1	1	719	4	2	12	29	3	2	4	1	0.43348133	29	9874.0284	9874.6284	9874.6284	9874.8284	9875.0619
3	17	1	1	720	4	2	12	30	4	1	5	1	0.4671679	30	9876.6639	9876.8639	9876.864	9877.064	9877.3311
