37	42	64	126	94	43	124	35	0	0	0	0	0	0	0	0	0	0	0	0
2	44	1	2	1	1	2	1	1	6	1	0	0	-17628.45	0	17628.249	17628.449	17628.45	17628.65	0
2	44	1	2	2	1	2	1	2	5	1	5	1	0.52841134	1	17630.767	17630.967	17630.968	17631.168	17631.496
2	44	1	2	3	1	2	1	3	5	1	5	1	0.54999682	2	17632.977	17633.177	17633.177	17633.377	17633.727
2	44	1	2	4	1	2	1	4	3	1	4	1	0.88787326	3	17635.184	17635.384	17635.384	17635.584	17636.272
2	44	1	2	5	1	2	1	5	6	1	5	1	0.34946674	4	17637.392	17637.592	17637.592	17637.792	17637.942
2	44	1	2	6	1	2	1	6	6	2	5	1	0.47994058	5	17639.599	17640.199	17640.199	17640.4	17640.679
2	44	1	2	7	1	2	1	7	2	2	4	1	0.36070409	6	17642.207	17642.807	17642.807	17643.007	17643.167
2	44	1	2	8	1	2	1	8	3	2	4	1	0.4896897	7	17644.814	17645.414	17645.414	17645.614	17645.903
2	44	1	2	9	1	2	1	9	6	2	5	1	0.48180378	8	17647.421	17648.021	17648.021	17648.221	17648.503
2	44	1	2	10	1	2	1	10	5	2	5	1	0.51408232	9	17650.028	17650.628	17650.628	17650.828	17651.142
2	44	1	2	11	1	2	1	11	6	1	5	1	0.37860917	10	17652.635	17652.835	17652.835	17653.035	17653.214
2	44	1	2	12	1	2	1	12	4	1	5	1	0.31547167	11	17654.842	17655.042	17655.042	17655.242	17655.358
2	44	1	2	13	1	2	1	13	1	2	4	1	0.44366117	12	17657.049	17657.649	17657.649	17657.849	17658.093
2	44	1	2	14	1	2	1	14	4	1	5	1	0.47007303	13	17659.655	17659.855	17659.855	17660.055	17660.325
2	44	1	2	15	1	2	1	15	1	2	4	1	0.52034199	14	17661.862	17662.462	17662.462	17662.662	17662.982
2	44	1	2	16	1	2	1	16	4	2	5	1	0.52306839	15	17664.469	17665.069	17665.069	17665.269	17665.592
2	44	1	2	17	1	2	1	17	2	1	4	1	0.35370349	16	17667.076	17667.276	17667.276	17667.476	17667.629
2	44	1	2	18	1	2	1	18	4	2	5	1	0.29050898	17	17669.282	17669.882	17669.882	17670.082	17670.173
2	44	1	2	19	1	2	1	19	4	1	5	1	0.48710018	18	17671.889	17672.089	17672.089	17672.289	17672.576
2	44	1	2	20	1	2	1	20	3	2	4	1	0.43742016	19	17674.097	17674.697	17674.697	17674.897	17675.135
2	44	1	2	21	1	2	1	21	2	1	4	1	0.64445974	20	17676.705	17676.905	17676.905	17677.105	17677.549
2	44	1	2	22	1	2	1	22	2	2	4	1	0.46094618	21	17678.912	17679.512	17679.512	17679.712	17679.973
2	44	1	2	23	1	2	1	23	5	2	5	1	0.36396098	22	17681.522	17682.122	17682.122	17682.322	17682.486
2	44	1	2	24	1	2	1	24	5	1	5	1	0.48619399	23	17684.129	17684.329	17684.329	17684.529	17684.815
2	44	1	2	25	1	2	1	25	2	1	4	1	0.41631903	24	17686.336	17686.536	17686.536	17686.736	17686.952
2	44	1	2	26	1	2	1	26	1	1	4	1	0.42243329	25	17688.543	17688.743	17688.743	17688.943	17689.166
2	44	1	2	27	1	2	1	27	1	2	4	1	0.47888874	26	17690.751	17691.351	17691.351	17691.551	17691.83
2	44	1	2	28	1	2	1	28	1	2	4	1	0.35862165	27	17693.359	17693.959	17693.959	17694.159	17694.318
2	44	1	2	29	1	2	1	29	3	1	4	1	0.42962529	28	17695.967	17696.167	17696.167	17696.367	17696.597
2	44	1	2	30	1	2	1	30	3	2	4	1	0.40033209	29	17698.175	17698.775	17698.775	17698.975	17699.175
2	44	1	2	31	1	6	1	1	5	1	7	1	0.52729735	1	17758.233	17758.433	17758.433	17758.633	17758.96
2	44	1	2	32	1	6	1	2	3	1	3	1	1.1950404	2	17760.443	17760.643	17760.643	17760.843	17761.838
2	44	1	2	33	1	6	1	3	3	1	3	1	0.64108297	3	17762.651	17762.851	17762.851	17763.051	17763.492
2	44	1	2	34	1	6	1	4	5	1	7	1	0.78018164	4	17764.858	17765.058	17765.058	17765.258	17765.839
2	44	1	2	35	1	6	1	5	2	1	2	1	0.9314945	5	17767.067	17767.267	17767.267	17767.467	17768.198
2	44	1	2	36	1	6	1	6	4	2	6	1	0.7960082	6	17769.276	17769.876	17769.876	17770.076	17770.672
2	44	1	2	37	1	6	1	7	1	2	1	1	0.45947811	7	17771.884	17772.484	17772.484	17772.684	17772.944
2	44	1	2	38	1	6	1	8	6	2	8	1	0.89882341	8	17774.493	17775.093	17775.093	17775.293	17775.992
2	44	1	2	39	1	6	1	9	1	2	1	1	1.2570463	9	17777.101	17777.701	17777.701	17777.901	17778.958
2	44	1	2	40	1	6	1	10	6	2	8	1	1.3439818	10	17779.709	17780.309	17780.309	17780.509	17781.653
2	44	1	2	41	1	6	1	11	1	1	1	1	0.425335	11	17782.318	17782.518	17782.518	17782.718	17782.943
2	44	1	2	42	1	6	1	12	1	1	1	1	1.2412807	12	17784.525	17784.725	17784.725	17784.925	17785.966
2	44	1	2	43	1	6	1	13	5	2	7	1	0.64094224	13	17786.734	17787.334	17787.334	17787.534	17787.975
2	44	1	2	44	1	6	1	14	3	1	3	1	0.99122238	14	17789.342	17789.542	17789.542	17789.742	17790.533
2	44	1	2	45	1	6	1	15	2	2	2	1	1.6965372	15	17791.55	17792.15	17792.15	17792.35	17793.847
2	44	1	2	46	1	6	1	16	4	2	6	1	0.88106106	16	17794.158	17794.758	17794.758	17794.958	17795.639
2	44	1	2	47	1	6	1	17	2	1	2	1	1.5434257	17	17796.766	17796.966	17796.966	17797.166	17798.51
2	44	1	2	48	1	6	1	18	6	2	8	1	1.2948881	18	17798.975	17799.575	17799.575	17799.775	17800.87
2	44	1	2	49	1	6	1	19	4	1	6	1	1.7821859	19	17801.584	17801.784	17801.784	17801.984	17803.566
2	44	1	2	50	1	6	1	20	4	2	6	1	0.83070392	20	17803.791	17804.391	17804.391	17804.591	17805.222
2	44	1	2	51	1	6	1	21	1	1	1	1	0.81456444	21	17806.4	17806.6	17806.6	17806.8	17807.415
2	44	1	2	52	1	6	1	22	2	2	2	1	0.65977335	22	17808.61	17809.21	17809.21	17809.41	17809.87
2	44	1	2	53	1	6	1	23	5	2	7	1	0.68382414	23	17811.219	17811.819	17811.819	17812.019	17812.503
2	44	1	2	54	1	6	1	24	4	1	0	0	-17814.029	23	17813.829	17814.029	17814.029	17814.229	0
2	44	1	2	55	1	6	1	25	2	1	2	1	1.7211822	24	17816.338	17816.538	17816.538	17816.738	17818.26
2	44	1	2	56	1	6	1	26	5	1	7	1	0.77802799	25	17818.548	17818.748	17818.748	17818.948	17819.526
2	44	1	2	57	1	6	1	27	6	2	8	1	1.2628446	26	17820.757	17821.358	17821.358	17821.558	17822.62
2	44	1	2	58	1	6	1	28	3	2	3	1	0.89412582	27	17823.367	17823.967	17823.967	17824.167	17824.861
2	44	1	2	59	1	6	1	29	3	1	3	1	0.64444823	28	17825.977	17826.177	17826.177	17826.377	17826.821
2	44	1	2	60	1	6	1	30	6	2	8	1	1.4850217	29	17828.186	17828.786	17828.786	17828.986	17830.271
2	44	1	2	61	1	2	2	1	3	1	4	1	0.59004459	1	17840.611	17840.811	17840.811	17841.011	17841.401
2	44	1	2	62	1	2	2	2	3	1	4	1	0.58563442	2	17842.818	17843.018	17843.018	17843.218	17843.604
2	44	1	2	63	1	2	2	3	3	1	4	1	0.50067763	3	17845.028	17845.228	17845.228	17845.428	17845.729
2	44	1	2	64	1	2	2	4	5	1	5	1	0.57716207	4	17847.237	17847.438	17847.438	17847.638	17848.015
2	44	1	2	65	1	2	2	5	2	1	4	1	0.47942116	5	17849.448	17849.648	17849.648	17849.848	17850.127
2	44	1	2	66	1	2	2	6	6	2	5	1	0.34988138	6	17851.658	17852.258	17852.258	17852.458	17852.608
2	44	1	2	67	1	2	2	7	4	2	5	1	0.48988642	7	17854.266	17854.866	17854.866	17855.066	17855.356
2	44	1	2	68	1	2	2	8	2	2	4	1	0.4515215	8	17856.877	17857.477	17857.477	17857.677	17857.928
2	44	1	2	69	1	2	2	9	1	2	4	1	0.40042258	9	17859.487	17860.087	17860.087	17860.287	17860.487
2	44	1	2	70	1	2	2	10	3	2	4	1	0.39880995	10	17862.097	17862.697	17862.697	17862.897	17863.096
2	44	1	2	71	1	2	2	11	3	1	4	1	0.78604054	11	17864.707	17864.907	17864.907	17865.107	17865.693
2	44	1	2	72	1	2	2	12	4	1	5	1	0.37076896	12	17866.916	17867.116	17867.116	17867.316	17867.487
2	44	1	2	73	1	2	2	13	6	2	5	1	0.51154086	13	17869.127	17869.727	17869.727	17869.927	17870.238
2	44	1	2	74	1	2	2	14	6	1	5	1	0.47547818	14	17871.738	17871.938	17871.938	17872.138	17872.413
2	44	1	2	75	1	2	2	15	2	2	4	1	0.40276803	15	17873.949	17874.549	17874.549	17874.749	17874.951
2	44	1	2	76	1	2	2	16	5	2	5	1	0.43961743	16	17876.559	17877.159	17877.159	17877.359	17877.599
2	44	1	2	77	1	2	2	17	4	1	5	1	0.49202456	17	17879.17	17879.37	17879.37	17879.57	17879.862
2	44	1	2	78	1	2	2	18	2	2	4	1	0.42527551	18	17881.381	17881.981	17881.981	17882.181	17882.406
2	44	1	2	79	1	2	2	19	6	1	5	1	0.46749449	19	17883.989	17884.189	17884.189	17884.389	17884.657
2	44	1	2	80	1	2	2	20	6	2	5	1	0.40573037	20	17886.199	17886.799	17886.799	17886.999	17887.205
2	44	1	2	81	1	2	2	21	1	1	4	1	0.43054005	21	17888.809	17889.009	17889.009	17889.209	17889.44
2	44	1	2	82	1	2	2	22	5	2	5	1	0.41142533	22	17891.019	17891.619	17891.619	17891.819	17892.031
2	44	1	2	83	1	2	2	23	1	2	4	1	0.42447497	23	17893.63	17894.23	17894.23	17894.43	17894.655
2	44	1	2	84	1	2	2	24	5	1	5	1	0.40472655	24	17896.523	17896.723	17896.723	17896.923	17897.128
2	44	1	2	85	1	2	2	25	1	1	4	1	0.48953062	25	17898.733	17898.933	17898.933	17899.133	17899.423
2	44	1	2	86	1	2	2	26	5	1	5	1	0.44119745	26	17900.942	17901.142	17901.142	17901.342	17901.583
2	44	1	2	87	1	2	2	27	4	2	5	1	0.4044338	27	17903.152	17903.752	17903.752	17903.952	17904.157
2	44	1	2	88	1	2	2	28	1	2	4	1	0.45138599	28	17905.764	17906.364	17906.364	17906.564	17906.815
2	44	1	2	89	1	2	2	29	4	1	5	1	0.42279039	29	17908.375	17908.575	17908.575	17908.775	17908.997
2	44	1	2	90	1	2	2	30	2	2	4	1	0.52529881	30	17910.585	17911.185	17911.185	17911.385	17911.71
2	44	1	2	91	1	6	2	1	5	1	7	1	1.027449	1	17923.321	17923.521	17923.521	17923.721	17924.549
2	44	1	2	92	1	6	2	2	2	1	2	1	0.47505001	2	17925.532	17925.732	17925.732	17925.932	17926.207
2	44	1	2	93	1	6	2	3	4	1	6	1	0.98335622	3	17927.745	17927.945	17927.945	17928.145	17928.929
2	44	1	2	94	1	6	2	4	1	1	1	1	0.61410138	4	17929.955	17930.155	17930.155	17930.355	17930.769
2	44	1	2	95	1	6	2	5	4	1	6	1	0.51992776	5	17932.166	17932.366	17932.366	17932.566	17932.886
2	44	1	2	96	1	6	2	6	6	2	8	1	0.47673793	6	17934.378	17934.978	17934.978	17935.178	17935.454
2	44	1	2	97	1	6	2	7	6	2	8	1	0.77789869	7	17936.989	17937.589	17937.589	17937.789	17938.367
2	44	1	2	98	1	6	2	8	3	2	3	1	0.72787088	8	17939.599	17940.199	17940.199	17940.399	17940.927
2	44	1	2	99	1	6	2	9	3	2	3	1	0.57931992	9	17942.211	17942.811	17942.811	17943.011	17943.39
2	44	1	2	100	1	6	2	10	5	2	7	1	0.8063153	10	17944.823	17945.423	17945.423	17945.623	17946.229
2	44	1	2	101	1	6	2	11	6	1	8	1	0.8308759	11	17947.432	17947.632	17947.632	17947.832	17948.463
2	44	1	2	102	1	6	2	12	4	1	2	0	1.7297456	11	17949.644	17949.844	17949.844	17950.044	17951.574
2	44	1	2	103	1	6	2	13	1	2	1	1	1.2539035	12	17952.167	17952.767	17952.767	17952.967	17954.021
2	44	1	2	104	1	6	2	14	3	1	3	1	0.61271196	13	17954.779	17954.979	17954.979	17955.179	17955.591
2	44	1	2	105	1	6	2	15	1	2	1	1	0.89332741	14	17956.988	17957.588	17957.588	17957.788	17958.481
2	44	1	2	106	1	6	2	16	5	2	7	1	0.96641541	15	17959.6	17960.2	17960.2	17960.4	17961.166
2	44	1	2	107	1	6	2	17	1	1	1	1	0.88214132	16	17962.212	17962.412	17962.412	17962.612	17963.294
2	44	1	2	108	1	6	2	18	3	2	3	1	1.3210984	17	17964.424	17965.024	17965.024	17965.224	17966.345
2	44	1	2	109	1	6	2	19	5	1	7	1	1.0136036	18	17967.035	17967.235	17967.235	17967.435	17968.249
2	44	1	2	110	1	6	2	20	6	2	8	1	1.4018165	19	17969.247	17969.847	17969.847	17970.047	17971.249
2	44	1	2	111	1	6	2	21	2	1	2	1	0.88937777	20	17971.859	17972.059	17972.059	17972.259	17972.949
2	44	1	2	112	1	6	2	22	6	2	8	1	1.4647131	21	17974.071	17974.671	17974.671	17974.871	17976.136
2	44	1	2	113	1	6	2	23	2	2	2	1	1.8032537	22	17976.683	17977.283	17977.283	17977.483	17979.086
2	44	1	2	114	1	6	2	24	4	1	6	1	0.85717176	23	17979.293	17979.493	17979.493	17979.693	17980.35
2	44	1	2	115	1	6	2	25	4	1	6	1	1.021872	24	17981.505	17981.705	17981.705	17981.905	17982.727
2	44	1	2	116	1	6	2	26	2	1	2	1	1.3917277	25	17983.718	17983.918	17983.918	17984.118	17985.31
2	44	1	2	117	1	6	2	27	3	2	3	1	1.4388362	26	17985.93	17986.53	17986.53	17986.73	17987.969
2	44	1	2	118	1	6	2	28	1	2	1	1	0.74453701	27	17988.543	17989.143	17989.143	17989.343	17989.887
2	44	1	2	119	1	6	2	29	2	1	2	1	1.3862317	28	17991.155	17991.355	17991.355	17991.555	17992.741
2	44	1	2	120	1	6	2	30	5	2	7	1	0.93878014	29	17993.365	17993.965	17993.965	17994.165	17994.903
2	44	1	2	121	1	2	3	1	4	1	5	1	0.48659779	1	18004.768	18004.968	18004.968	18005.168	18005.455
2	44	1	2	122	1	2	3	2	6	1	5	1	0.36285126	2	18006.981	18007.181	18007.181	18007.381	18007.544
2	44	1	2	123	1	2	3	3	1	1	4	1	0.46174558	3	18009.194	18009.394	18009.394	18009.594	18009.855
2	44	1	2	124	1	2	3	4	4	1	5	1	0.43349868	4	18011.404	18011.604	18011.604	18011.804	18012.037
2	44	1	2	125	1	2	3	5	1	1	4	1	0.41652422	5	18013.616	18013.816	18013.816	18014.016	18014.233
2	44	1	2	126	1	2	3	6	5	2	5	1	0.36263607	6	18015.83	18016.43	18016.43	18016.63	18016.793
2	44	1	2	127	1	2	3	7	6	2	5	1	0.47409159	7	18018.443	18019.043	18019.043	18019.243	18019.517
2	44	1	2	128	1	2	3	8	4	2	5	1	0.42210484	8	18021.055	18021.655	18021.655	18021.855	18022.077
2	44	1	2	129	1	2	3	9	5	2	5	1	0.4345592	9	18023.668	18024.268	18024.268	18024.468	18024.702
2	44	1	2	130	1	2	3	10	6	2	5	1	0.51306836	10	18026.28	18026.88	18026.88	18027.08	18027.393
2	44	1	2	131	1	2	3	11	2	1	4	1	0.57858698	11	18028.893	18029.093	18029.093	18029.293	18029.672
2	44	1	2	132	1	2	3	12	5	1	5	1	0.39536803	12	18031.106	18031.306	18031.306	18031.506	18031.702
2	44	1	2	133	1	2	3	13	4	2	5	1	0.41898548	13	18033.316	18033.916	18033.916	18034.116	18034.335
2	44	1	2	134	1	2	3	14	1	1	4	1	0.51036153	14	18035.93	18036.13	18036.13	18036.33	18036.64
2	44	1	2	135	1	2	3	15	3	2	4	1	0.42569441	15	18038.141	18038.741	18038.741	18038.941	18039.167
2	44	1	2	136	1	2	3	16	3	2	4	1	0.35412915	16	18040.754	18041.354	18041.354	18041.554	18041.709
2	44	1	2	137	1	2	3	17	6	1	5	1	0.59879565	17	18043.368	18043.568	18043.568	18043.768	18044.167
2	44	1	2	138	1	2	3	18	2	2	4	1	0.47401123	18	18045.582	18046.182	18046.182	18046.382	18046.656
2	44	1	2	139	1	2	3	19	1	1	4	1	0.5294043	19	18048.195	18048.395	18048.395	18048.595	18048.925
2	44	1	2	140	1	2	3	20	2	2	4	1	0.44716271	20	18050.409	18051.009	18051.009	18051.209	18051.456
2	44	1	2	141	1	2	3	21	3	1	4	1	0.4416896	21	18053.022	18053.222	18053.222	18053.422	18053.664
2	44	1	2	142	1	2	3	22	3	2	4	1	0.41347171	22	18055.233	18055.833	18055.833	18056.033	18056.246
2	44	1	2	143	1	2	3	23	2	2	4	1	0.37826803	23	18057.846	18058.446	18058.446	18058.646	18058.825
2	44	1	2	144	1	2	3	24	1	1	4	1	0.41140522	24	18060.459	18060.659	18060.659	18060.859	18061.071
2	44	1	2	145	1	2	3	25	6	1	5	1	0.46959064	25	18062.673	18062.873	18062.873	18063.073	18063.343
2	44	1	2	146	1	2	3	26	4	1	5	1	0.37535899	26	18064.887	18065.087	18065.087	18065.287	18065.462
2	44	1	2	147	1	2	3	27	2	2	4	1	0.60130713	27	18067.101	18067.701	18067.701	18067.901	18068.302
2	44	1	2	148	1	2	3	28	5	2	5	1	0.46233559	28	18069.715	18070.315	18070.315	18070.515	18070.777
2	44	1	2	149	1	2	3	29	5	1	5	1	0.50357578	29	18072.325	18072.525	18072.525	18072.725	18073.029
2	44	1	2	150	1	2	3	30	3	2	4	1	0.48503345	30	18074.539	18075.139	18075.139	18075.339	18075.624
2	44	1	2	151	1	6	3	1	2	1	2	1	1.0424383	1	18085.754	18085.954	18085.954	18086.154	18086.997
2	44	1	2	152	1	6	3	2	5	1	7	1	0.49260254	2	18087.968	18088.168	18088.168	18088.368	18088.661
2	44	1	2	153	1	6	3	3	6	1	8	1	0.7288379	3	18090.183	18090.383	18090.383	18090.583	18091.111
2	44	1	2	154	1	6	3	4	1	1	1	1	0.74657758	4	18092.394	18092.594	18092.594	18092.794	18093.341
2	44	1	2	155	1	6	3	5	2	1	2	1	0.99846993	5	18094.609	18094.809	18094.809	18095.009	18095.808
2	44	1	2	156	1	6	3	6	3	2	3	1	0.67826886	6	18096.823	18097.423	18097.423	18097.623	18098.101
2	44	1	2	157	1	6	3	7	5	2	7	1	0.6531325	7	18099.438	18100.038	18100.038	18100.238	18100.691
2	44	1	2	158	1	6	3	8	6	2	8	1	1.5895902	8	18102.05	18102.65	18102.65	18102.85	18104.239
2	44	1	2	159	1	6	3	9	5	2	7	1	0.53328174	9	18104.665	18105.265	18105.265	18105.465	18105.798
2	44	1	2	160	1	6	3	10	2	2	2	1	0.90969034	10	18107.275	18107.875	18107.875	18108.075	18108.785
2	44	1	2	161	1	6	3	11	3	1	3	1	0.75214629	11	18109.887	18110.087	18110.087	18110.287	18110.839
2	44	1	2	162	1	6	3	12	3	1	3	1	0.48978516	12	18112.101	18112.301	18112.301	18112.501	18112.791
2	44	1	2	163	1	6	3	13	1	2	1	1	0.64950903	13	18114.315	18114.915	18114.915	18115.115	18115.565
2	44	1	2	164	1	6	3	14	6	1	8	1	0.89514123	14	18116.929	18117.129	18117.129	18117.329	18118.025
2	44	1	2	165	1	6	3	15	4	2	6	1	0.9622506	15	18119.141	18119.741	18119.741	18119.941	18120.703
2	44	1	2	166	1	6	3	16	6	2	8	1	0.81849847	16	18121.755	18122.355	18122.355	18122.555	18123.174
2	44	1	2	167	1	6	3	17	5	1	7	1	0.65132552	17	18124.37	18124.57	18124.57	18124.77	18125.221
2	44	1	2	168	1	6	3	18	1	2	1	1	0.66206182	18	18126.585	18127.185	18127.185	18127.385	18127.847
2	44	1	2	169	1	6	3	19	6	1	8	1	0.88838608	19	18129.199	18129.399	18129.399	18129.599	18130.288
2	44	1	2	170	1	6	3	20	2	2	2	1	0.58304123	20	18131.413	18132.013	18132.013	18132.213	18132.596
2	44	1	2	171	1	6	3	21	1	1	1	1	0.635379	21	18134.028	18134.228	18134.228	18134.428	18134.863
2	44	1	2	172	1	6	3	22	1	2	1	1	0.65907473	22	18136.243	18136.843	18136.843	18137.043	18137.502
2	44	1	2	173	1	6	3	23	3	2	3	1	0.4023222	23	18138.858	18139.458	18139.458	18139.658	18139.86
2	44	1	2	174	1	6	3	24	4	1	6	1	0.5161127	24	18141.473	18141.673	18141.673	18141.873	18142.189
2	44	1	2	175	1	6	3	25	2	1	2	1	0.72600825	25	18143.689	18143.889	18143.889	18144.089	18144.615
2	44	1	2	176	1	6	3	26	3	1	3	1	1.176387	26	18145.904	18146.104	18146.104	18146.304	18147.28
2	44	1	2	177	1	6	3	27	4	2	6	1	0.98080998	27	18148.115	18148.715	18148.715	18148.915	18149.696
2	44	1	2	178	1	6	3	28	5	2	7	1	1.1646213	28	18150.731	18151.331	18151.331	18151.531	18152.495
2	44	1	2	179	1	6	3	29	4	1	6	1	0.77376999	29	18153.346	18153.546	18153.546	18153.746	18154.32
2	44	1	2	180	1	6	3	30	4	2	6	1	0.51893272	30	18155.561	18156.161	18156.161	18156.361	18156.68
2	44	1	2	181	2	2	4	1	1	1	4	1	0.49967989	1	18546.698	18546.898	18546.898	18547.098	18547.397
2	44	1	2	182	2	2	4	2	2	1	4	1	0.49156573	2	18548.913	18549.113	18549.113	18549.313	18549.605
2	44	1	2	183	2	2	4	3	5	1	5	1	0.30428088	3	18551.126	18551.326	18551.326	18551.526	18551.63
2	44	1	2	184	2	2	4	4	2	1	4	1	0.45660632	4	18553.341	18553.541	18553.541	18553.741	18553.997
2	44	1	2	185	2	2	4	5	5	1	5	1	0.34832318	5	18555.556	18555.756	18555.756	18555.956	18556.104
2	44	1	2	186	2	2	4	6	6	2	5	1	0.60877512	6	18557.768	18558.368	18558.368	18558.568	18558.977
2	44	1	2	187	2	2	4	7	1	2	4	1	0.45535232	7	18560.383	18560.983	18560.983	18561.183	18561.438
2	44	1	2	188	2	2	4	8	2	2	4	1	0.45011299	8	18562.996	18563.596	18563.596	18563.796	18564.046
2	44	1	2	189	2	2	4	9	4	2	5	1	0.5228845	9	18565.612	18566.212	18566.212	18566.412	18566.735
2	44	1	2	190	2	2	4	10	5	2	5	1	0.57115682	10	18568.227	18568.827	18568.827	18569.027	18569.398
2	44	1	2	191	2	2	4	11	3	1	4	1	0.41175989	11	18570.843	18571.043	18571.043	18571.243	18571.455
2	44	1	2	192	2	2	4	12	2	1	4	1	0.41972355	12	18573.058	18573.258	18573.258	18573.458	18573.678
2	44	1	2	193	2	2	4	13	4	2	5	1	0.47145412	13	18575.271	18575.871	18575.871	18576.071	18576.343
2	44	1	2	194	2	2	4	14	4	1	5	1	0.49703091	14	18577.887	18578.087	18578.087	18578.287	18578.584
2	44	1	2	195	2	2	4	15	2	2	4	1	0.42970063	15	18580.103	18580.703	18580.703	18580.903	18581.133
2	44	1	2	196	2	2	4	16	1	2	4	1	0.39770871	16	18582.719	18583.319	18583.319	18583.519	18583.717
2	44	1	2	197	2	2	4	17	3	1	4	1	0.51309284	17	18585.334	18585.534	18585.534	18585.734	18586.048
2	44	1	2	198	2	2	4	18	1	2	4	1	0.39460929	18	18587.55	18588.15	18588.15	18588.35	18588.545
2	44	1	2	199	2	2	4	19	5	1	5	1	0.5056351	19	18590.164	18590.364	18590.364	18590.564	18590.869
2	44	1	2	200	2	2	4	20	4	2	5	1	0.38065568	20	18592.38	18592.98	18592.98	18593.18	18593.361
2	44	1	2	201	2	2	4	21	3	1	4	1	0.44079951	21	18594.996	18595.196	18595.196	18595.396	18595.637
2	44	1	2	202	2	2	4	22	6	2	5	1	0.41045068	22	18597.212	18597.812	18597.812	18598.012	18598.222
2	44	1	2	203	2	2	4	23	1	2	4	1	0.37191979	23	18599.825	18600.425	18600.425	18600.625	18600.797
2	44	1	2	204	2	2	4	24	3	1	4	1	0.58314477	24	18602.442	18602.642	18602.642	18602.842	18603.225
2	44	1	2	205	2	2	4	25	6	1	5	1	0.45077983	25	18604.658	18604.858	18604.858	18605.058	18605.309
2	44	1	2	206	2	2	4	26	4	1	5	1	0.47846894	26	18606.874	18607.074	18607.074	18607.274	18607.552
2	44	1	2	207	2	2	4	27	6	2	5	1	0.54893845	27	18609.09	18609.69	18609.69	18609.89	18610.239
2	44	1	2	208	2	2	4	28	5	2	5	1	0.57782261	28	18611.707	18612.307	18612.307	18612.507	18612.885
2	44	1	2	209	2	2	4	29	6	1	5	1	0.44478089	29	18614.32	18614.52	18614.52	18614.72	18614.965
2	44	1	2	210	2	2	4	30	3	2	4	1	0.58925433	30	18616.537	18617.137	18617.137	18617.337	18617.726
2	44	1	2	211	2	6	4	1	1	1	1	1	0.65648024	1	18647.216	18647.416	18647.416	18647.616	18648.073
2	44	1	2	212	2	6	4	2	3	1	3	1	0.61807427	2	18649.429	18649.629	18649.629	18649.829	18650.248
2	44	1	2	213	2	6	4	3	6	1	8	1	0.68750915	3	18651.646	18651.846	18651.846	18652.046	18652.534
2	44	1	2	214	2	6	4	4	4	1	6	1	0.39632662	4	18653.859	18654.059	18654.059	18654.259	18654.456
2	44	1	2	215	2	6	4	5	2	1	2	1	1.4505191	5	18656.076	18656.276	18656.276	18656.476	18657.726
2	44	1	2	216	2	6	4	6	1	2	1	1	0.80941814	6	18658.293	18658.893	18658.893	18659.093	18659.702
2	44	1	2	217	2	6	4	7	5	2	7	1	0.76123524	7	18660.91	18661.51	18661.51	18661.71	18662.271
2	44	1	2	218	2	6	4	8	2	2	2	1	0.76853034	8	18663.527	18664.127	18664.127	18664.327	18664.895
2	44	1	2	219	2	6	4	9	5	2	7	1	0.68824535	9	18666.14	18666.74	18666.74	18666.94	18667.429
2	44	1	2	220	2	6	4	10	5	2	7	1	0.47895998	10	18668.758	18669.358	18669.358	18669.558	18669.836
2	44	1	2	221	2	6	4	11	5	1	7	1	0.47188493	11	18671.375	18671.575	18671.575	18671.775	18672.047
2	44	1	2	222	2	6	4	12	4	1	6	1	0.66250547	12	18673.592	18673.792	18673.792	18673.992	18674.454
2	44	1	2	223	2	6	4	13	5	2	7	1	0.70341682	13	18675.808	18676.408	18676.408	18676.608	18677.112
2	44	1	2	224	2	6	4	14	2	1	2	1	0.74847317	14	18678.426	18678.626	18678.626	18678.826	18679.375
2	44	1	2	225	2	6	4	15	4	2	6	1	0.72962969	15	18680.643	18681.243	18681.243	18681.443	18681.973
2	44	1	2	226	2	6	4	16	3	2	3	1	1.1014914	16	18683.257	18683.857	18683.857	18684.057	18684.959
2	44	1	2	227	2	6	4	17	6	1	8	1	0.98671209	17	18685.875	18686.075	18686.075	18686.275	18687.061
2	44	1	2	228	2	6	4	18	4	2	6	1	0.86111024	18	18688.092	18688.692	18688.692	18688.892	18689.553
2	44	1	2	229	2	6	4	19	2	1	2	1	1.1128957	19	18690.71	18690.91	18690.91	18691.11	18692.023
2	44	1	2	230	2	6	4	20	4	2	6	1	1.2265871	20	18692.924	18693.524	18693.524	18693.724	18694.751
2	44	1	2	231	2	6	4	21	6	1	8	1	1.9979633	21	18695.539	18695.739	18695.739	18695.939	18697.737
2	44	1	2	232	2	6	4	22	1	2	1	1	0.65293013	22	18697.755	18698.355	18698.355	18698.555	18699.007
2	44	1	2	233	2	6	4	23	3	2	3	1	0.62772075	23	18700.372	18700.972	18700.972	18701.172	18701.6
2	44	1	2	234	2	6	4	24	3	1	3	1	0.6088507	24	18702.99	18703.19	18703.19	18703.39	18703.798
2	44	1	2	235	2	6	4	25	6	1	8	1	0.68361076	25	18705.204	18705.404	18705.404	18705.604	18706.088
2	44	1	2	236	2	6	4	26	1	1	1	1	1.0248126	26	18707.421	18707.621	18707.621	18707.821	18708.646
2	44	1	2	237	2	6	4	27	1	2	1	1	0.57544115	27	18709.639	18710.239	18710.239	18710.439	18710.815
2	44	1	2	238	2	6	4	28	2	2	2	1	1.6621483	28	18712.257	18712.857	18712.857	18713.057	18714.519
2	44	1	2	239	2	6	4	29	6	1	8	1	1.0409751	29	18714.875	18715.075	18715.075	18715.275	18716.116
2	44	1	2	240	2	6	4	30	3	2	3	1	0.68947527	30	18717.093	18717.693	18717.693	18717.893	18718.383
2	44	1	2	241	2	2	5	1	6	1	5	1	0.4811749	1	18747.775	18747.975	18747.975	18748.175	18748.456
2	44	1	2	242	2	2	5	2	1	1	4	1	0.42842884	2	18749.994	18750.194	18750.194	18750.394	18750.622
2	44	1	2	243	2	2	5	3	4	1	5	1	0.36173475	3	18752.212	18752.412	18752.412	18752.612	18752.773
2	44	1	2	244	2	2	5	4	4	1	5	1	0.37735653	4	18754.43	18754.63	18754.63	18754.83	18755.007
2	44	1	2	245	2	2	5	5	1	1	4	1	0.37231117	5	18756.648	18756.848	18756.848	18757.048	18757.221
2	44	1	2	246	2	2	5	6	2	2	4	1	0.34872344	6	18758.866	18759.466	18759.466	18759.666	18759.815
2	44	1	2	247	2	2	5	7	6	2	5	1	0.34560724	7	18761.484	18762.084	18762.084	18762.284	18762.43
2	44	1	2	248	2	2	5	8	2	2	4	1	0.46470228	8	18764.102	18764.702	18764.702	18764.902	18765.166
2	44	1	2	249	2	2	5	9	1	2	4	1	0.36816526	9	18766.72	18767.32	18767.32	18767.52	18767.688
2	44	1	2	250	2	2	5	10	4	2	5	1	0.39585874	10	18769.339	18769.939	18769.939	18770.139	18770.334
2	44	1	2	251	2	2	5	11	5	1	5	1	0.7697882	11	18771.959	18772.159	18772.159	18772.359	18772.929
2	44	1	2	252	2	2	5	12	5	1	5	1	0.46257805	12	18774.175	18774.375	18774.375	18774.575	18774.838
2	44	1	2	253	2	2	5	13	5	2	5	1	0.44069399	13	18776.39	18776.99	18776.99	18777.19	18777.431
2	44	1	2	254	2	2	5	14	3	1	4	1	0.57225952	14	18779.009	18779.209	18779.209	18779.409	18779.782
2	44	1	2	255	2	2	5	15	3	2	4	1	0.43252579	15	18781.229	18781.829	18781.829	18782.029	18782.261
2	44	1	2	256	2	2	5	16	2	2	4	1	0.44616177	16	18783.848	18784.448	18784.448	18784.648	18784.894
2	44	1	2	257	2	2	5	17	1	1	4	1	0.4438175	17	18786.467	18786.667	18786.667	18786.867	18787.11
2	44	1	2	258	2	2	5	18	3	2	4	1	0.38434519	18	18788.685	18789.285	18789.285	18789.485	18789.669
2	44	1	2	259	2	2	5	19	1	1	4	1	0.39689578	19	18791.304	18791.504	18791.504	18791.704	18791.901
2	44	1	2	260	2	2	5	20	6	2	5	1	0.44329915	20	18793.522	18794.122	18794.122	18794.322	18794.566
2	44	1	2	261	2	2	5	21	6	1	5	1	0.52269583	21	18796.142	18796.342	18796.342	18796.542	18796.865
2	44	1	2	262	2	2	5	22	3	2	4	1	0.43707689	22	18798.361	18798.961	18798.961	18799.161	18799.398
2	44	1	2	263	2	2	5	23	2	2	4	1	0.4137157	23	18800.976	18801.576	18801.576	18801.776	18801.99
2	44	1	2	264	2	2	5	24	2	1	4	1	0.40830775	24	18803.595	18803.795	18803.795	18803.995	18804.204
2	44	1	2	265	2	2	5	25	3	1	4	1	0.43321339	25	18805.814	18806.014	18806.014	18806.214	18806.447
2	44	1	2	266	2	2	5	26	4	1	5	1	0.43671048	26	18808.033	18808.233	18808.233	18808.433	18808.67
2	44	1	2	267	2	2	5	27	4	2	5	1	0.36188713	27	18810.252	18810.852	18810.852	18811.052	18811.214
2	44	1	2	268	2	2	5	28	5	2	5	1	0.41928409	28	18812.871	18813.471	18813.471	18813.671	18813.89
2	44	1	2	269	2	2	5	29	5	1	5	1	0.4215494	29	18815.49	18815.69	18815.69	18815.89	18816.112
2	44	1	2	270	2	2	5	30	6	2	5	1	0.40022672	30	18817.709	18818.309	18818.309	18818.509	18818.71
2	44	1	2	271	2	6	5	1	5	1	7	1	0.6201649	1	18848.394	18848.594	18848.594	18848.794	18849.214
2	44	1	2	272	2	6	5	2	1	1	1	1	1.1941078	2	18850.614	18850.814	18850.814	18851.014	18852.008
2	44	1	2	273	2	6	5	3	2	1	2	1	0.7148084	3	18852.834	18853.034	18853.034	18853.234	18853.749
2	44	1	2	274	2	6	5	4	5	1	7	1	0.72492532	4	18855.05	18855.25	18855.25	18855.45	18855.975
2	44	1	2	275	2	6	5	5	3	1	3	1	0.95843866	5	18857.27	18857.47	18857.47	18857.67	18858.428
2	44	1	2	276	2	6	5	6	5	2	7	1	1.115086	6	18859.49	18860.09	18860.09	18860.29	18861.205
2	44	1	2	277	2	6	5	7	4	2	6	1	0.6916919	7	18862.109	18862.709	18862.709	18862.909	18863.4
2	44	1	2	278	2	6	5	8	4	2	6	1	0.5108575	8	18864.728	18865.328	18865.328	18865.528	18865.839
2	44	1	2	279	2	6	5	9	5	2	7	1	0.63393037	9	18867.347	18867.947	18867.947	18868.147	18868.581
2	44	1	2	280	2	6	5	10	4	2	6	1	0.91890719	10	18869.967	18870.567	18870.567	18870.767	18871.486
2	44	1	2	281	2	6	5	11	1	1	1	1	0.92026368	11	18872.587	18872.787	18872.787	18872.987	18873.707
2	44	1	2	282	2	6	5	12	4	1	6	1	0.80030093	12	18874.807	18875.007	18875.007	18875.207	18875.807
2	44	1	2	283	2	6	5	13	1	2	1	1	0.53294759	13	18877.027	18877.627	18877.627	18877.827	18878.16
2	44	1	2	284	2	6	5	14	2	1	2	1	0.8789143	14	18879.647	18879.847	18879.847	18880.047	18880.726
2	44	1	2	285	2	6	5	15	1	2	1	1	0.90203523	15	18881.867	18882.467	18882.467	18882.667	18883.369
2	44	1	2	286	2	6	5	16	2	2	2	1	0.59164653	16	18884.487	18885.087	18885.087	18885.287	18885.679
2	44	1	2	287	2	6	5	17	1	1	1	1	0.61377579	17	18887.104	18887.304	18887.304	18887.504	18887.918
2	44	1	2	288	2	6	5	18	2	2	2	1	0.7890258	18	18889.322	18889.922	18889.922	18890.122	18890.711
2	44	1	2	289	2	6	5	19	6	1	8	1	0.83154026	19	18891.942	18892.142	18892.142	18892.342	18892.973
2	44	1	2	290	2	6	5	20	5	2	7	1	0.60780809	20	18894.159	18894.759	18894.759	18894.959	18895.367
2	44	1	2	291	2	6	5	21	3	1	3	1	1.595119	21	18896.781	18896.981	18896.981	18897.181	18898.576
2	44	1	2	292	2	6	5	22	3	2	3	1	0.50778471	22	18899.002	18899.602	18899.602	18899.802	18900.109
2	44	1	2	293	2	6	5	23	6	2	8	1	1.233521	23	18901.622	18902.222	18902.222	18902.422	18903.456
2	44	1	2	294	2	6	5	24	3	1	3	1	0.66030091	24	18904.242	18904.442	18904.442	18904.642	18905.103
2	44	1	2	295	2	6	5	25	4	1	6	1	0.72004554	25	18906.462	18906.662	18906.662	18906.862	18907.383
2	44	1	2	296	2	6	5	26	3	1	3	1	0.61835723	26	18908.683	18908.883	18908.883	18909.083	18909.501
2	44	1	2	297	2	6	5	27	6	2	8	1	0.81585277	27	18910.901	18911.501	18911.501	18911.701	18912.316
2	44	1	2	298	2	6	5	28	6	2	8	1	0.98920887	28	18913.522	18914.122	18914.122	18914.322	18915.111
2	44	1	2	299	2	6	5	29	2	1	2	1	1.1621167	29	18916.142	18916.342	18916.342	18916.542	18917.504
2	44	1	2	300	2	6	5	30	6	2	8	1	0.94932904	30	18918.362	18918.963	18918.963	18919.163	18919.912
2	44	1	2	301	2	2	6	1	1	1	4	1	0.45827904	1	18949.053	18949.253	18949.253	18949.453	18949.712
2	44	1	2	302	2	2	6	2	1	1	4	1	0.41094919	2	18951.274	18951.474	18951.474	18951.674	18951.885
2	44	1	2	303	2	2	6	3	2	1	4	1	0.49563311	3	18953.496	18953.696	18953.696	18953.896	18954.191
2	44	1	2	304	2	2	6	4	5	1	5	1	0.39903785	4	18955.719	18955.919	18955.919	18956.119	18956.318
2	44	1	2	305	2	2	6	5	2	1	4	1	0.44550281	5	18957.936	18958.136	18958.136	18958.336	18958.582
2	44	1	2	306	2	2	6	6	5	2	5	1	0.45260932	6	18960.156	18960.756	18960.756	18960.956	18961.208
2	44	1	2	307	2	2	6	7	3	2	4	1	0.42448253	7	18962.777	18963.377	18963.377	18963.577	18963.801
2	44	1	2	308	2	2	6	8	4	2	5	1	0.40177723	8	18965.395	18965.995	18965.995	18966.195	18966.397
2	44	1	2	309	2	2	6	9	3	2	4	1	0.40382119	9	18968.017	18968.617	18968.617	18968.817	18969.021
2	44	1	2	310	2	2	6	10	3	2	4	1	0.42333695	10	18970.639	18971.239	18971.239	18971.439	18971.662
2	44	1	2	311	2	2	6	11	2	1	4	1	0.44991005	11	18973.26	18973.46	18973.46	18973.66	18973.91
2	44	1	2	312	2	2	6	12	1	1	4	1	0.38910359	12	18975.481	18975.681	18975.681	18975.881	18976.071
2	44	1	2	313	2	2	6	13	5	2	5	1	0.40980716	13	18977.703	18978.303	18978.303	18978.503	18978.713
2	44	1	2	314	2	2	6	14	3	1	4	1	0.53341827	14	18980.321	18980.521	18980.521	18980.721	18981.054
2	44	1	2	315	2	2	6	15	3	2	4	1	0.43984046	15	18982.542	18983.142	18983.142	18983.342	18983.582
2	44	1	2	316	2	2	6	16	1	2	4	1	0.44681918	16	18985.162	18985.762	18985.762	18985.962	18986.209
2	44	1	2	317	2	2	6	17	6	1	5	1	0.43771671	17	18987.783	18987.983	18987.983	18988.183	18988.421
2	44	1	2	318	2	2	6	18	1	2	4	1	0.50677447	18	18990.005	18990.605	18990.605	18990.805	18991.112
2	44	1	2	319	2	2	6	19	4	1	5	1	0.5552915	19	18992.627	18992.827	18992.827	18993.027	18993.382
2	44	1	2	320	2	2	6	20	4	2	5	1	0.38498764	20	18994.848	18995.448	18995.448	18995.648	18995.833
2	44	1	2	321	2	2	6	21	2	1	4	1	0.44116982	21	18997.467	18997.667	18997.667	18997.867	18998.109
2	44	1	2	322	2	2	6	22	2	2	4	1	0.40525803	22	18999.689	19000.289	19000.289	19000.489	19000.694
2	44	1	2	323	2	2	6	23	6	2	5	1	0.43255679	23	19002.309	19002.909	19002.909	19003.109	19003.342
2	44	1	2	324	2	2	6	24	5	1	5	1	0.57401882	24	19004.931	19005.131	19005.131	19005.331	19005.705
2	44	1	2	325	2	2	6	25	4	1	5	1	0.46309283	25	19007.152	19007.352	19007.352	19007.552	19007.816
2	44	1	2	326	2	2	6	26	5	1	5	1	0.41572559	26	19009.374	19009.574	19009.574	19009.774	19009.99
2	44	1	2	327	2	2	6	27	4	2	5	1	0.40430691	27	19011.595	19012.195	19012.195	19012.395	19012.599
2	44	1	2	328	2	2	6	28	6	2	5	1	0.38094195	28	19014.217	19014.817	19014.817	19015.017	19015.198
2	44	1	2	329	2	2	6	29	6	1	5	1	0.43996664	29	19016.839	19017.039	19017.039	19017.239	19017.479
2	44	1	2	330	2	2	6	30	6	2	5	1	0.50857983	30	19019.065	19019.665	19019.665	19019.865	19020.174
2	44	1	2	331	2	6	6	1	1	1	1	1	0.74865547	1	19049.763	19049.963	19049.963	19050.163	19050.711
2	44	1	2	332	2	6	6	2	2	1	2	1	0.68977068	2	19051.981	19052.181	19052.181	19052.381	19052.871
2	44	1	2	333	2	6	6	3	5	1	7	1	0.60209265	3	19054.203	19054.403	19054.403	19054.603	19055.005
2	44	1	2	334	2	6	6	4	6	1	8	1	0.65246936	4	19056.425	19056.625	19056.625	19056.825	19057.277
2	44	1	2	335	2	6	6	5	1	1	1	1	1.1438871	5	19058.647	19058.847	19058.847	19059.047	19059.991
2	44	1	2	336	2	6	6	6	5	2	7	1	0.81470174	6	19060.87	19061.47	19061.47	19061.67	19062.284
2	44	1	2	337	2	6	6	7	5	2	7	1	0.95345495	7	19063.492	19064.092	19064.092	19064.292	19065.045
2	44	1	2	338	2	6	6	8	2	2	2	1	0.7236558	8	19066.115	19066.715	19066.715	19066.915	19067.438
2	44	1	2	339	2	6	6	9	4	2	6	1	0.97292164	9	19068.74	19069.34	19069.34	19069.54	19070.313
2	44	1	2	340	2	6	6	10	1	2	1	1	1.058577	10	19071.358	19071.958	19071.958	19072.158	19073.017
2	44	1	2	341	2	6	6	11	3	1	3	1	0.61606254	11	19073.981	19074.181	19074.181	19074.381	19074.797
2	44	1	2	342	2	6	6	12	2	1	2	1	0.93478701	12	19076.206	19076.406	19076.406	19076.606	19077.341
2	44	1	2	343	2	6	6	13	4	2	6	1	0.7750044	13	19078.43	19079.03	19079.03	19079.23	19079.805
2	44	1	2	344	2	6	6	14	3	1	3	1	0.59066242	14	19081.054	19081.254	19081.254	19081.454	19081.845
2	44	1	2	345	2	6	6	15	3	2	3	1	0.44171632	15	19083.276	19083.876	19083.876	19084.076	19084.317
2	44	1	2	346	2	6	6	16	1	2	1	1	0.6505172	16	19085.898	19086.498	19086.498	19086.698	19087.149
2	44	1	2	347	2	6	6	17	3	1	3	1	0.42834561	17	19088.521	19088.721	19088.721	19088.921	19089.149
2	44	1	2	348	2	6	6	18	2	2	2	1	1.3747242	18	19090.743	19091.343	19091.343	19091.543	19092.718
2	44	1	2	349	2	6	6	19	4	1	6	1	0.93141347	19	19093.365	19093.565	19093.565	19093.765	19094.497
2	44	1	2	350	2	6	6	20	3	2	3	1	1.0107519	20	19095.588	19096.188	19096.188	19096.388	19097.199
2	44	1	2	351	2	6	6	21	5	1	7	1	1.0694142	21	19098.211	19098.411	19098.411	19098.611	19099.48
2	44	1	2	352	2	6	6	22	6	2	8	1	0.91726953	22	19100.434	19101.034	19101.034	19101.234	19101.951
2	44	1	2	353	2	6	6	23	4	2	6	1	0.64460045	23	19103.058	19103.658	19103.658	19103.858	19104.303
2	44	1	2	354	2	6	6	24	1	1	1	1	0.92656628	24	19105.681	19105.881	19105.881	19106.081	19106.807
2	44	1	2	355	2	6	6	25	6	1	8	1	1.1494749	25	19107.904	19108.104	19108.104	19108.304	19109.253
2	44	1	2	356	2	6	6	26	5	1	7	1	0.92935522	26	19110.128	19110.328	19110.328	19110.528	19111.257
2	44	1	2	357	2	6	6	27	2	2	2	1	0.69807376	27	19112.35	19112.95	19112.95	19113.15	19113.648
2	44	1	2	358	2	6	6	28	6	2	8	1	0.81637519	28	19114.976	19115.576	19115.576	19115.776	19116.392
2	44	1	2	359	2	6	6	29	4	1	6	1	0.64564425	29	19117.599	19117.799	19117.799	19117.999	19118.444
2	44	1	2	360	2	6	6	30	6	2	8	1	0.76093685	30	19119.822	19120.422	19120.422	19120.622	19121.183
2	44	1	2	361	3	2	7	1	5	1	5	1	0.44155103	1	20143.052	20143.252	20143.252	20143.452	20143.694
2	44	1	2	362	3	2	7	2	5	1	5	1	0.3367813	2	20145.277	20145.477	20145.477	20145.677	20145.813
2	44	1	2	363	3	2	7	3	3	1	4	1	0.3702717	3	20147.5	20147.7	20147.7	20147.9	20148.07
2	44	1	2	364	3	2	7	4	6	1	5	1	0.33162673	4	20149.723	20149.923	20149.923	20150.123	20150.254
2	44	1	2	365	3	2	7	5	4	1	5	1	0.46140097	5	20151.946	20152.146	20152.146	20152.346	20152.607
2	44	1	2	366	3	2	7	6	6	2	5	1	0.3326299	6	20154.17	20154.77	20154.77	20154.97	20155.103
2	44	1	2	367	3	2	7	7	2	2	4	1	0.4537255	7	20156.794	20157.394	20157.394	20157.594	20157.847
2	44	1	2	368	3	2	7	8	4	2	5	1	0.30713926	8	20159.417	20160.017	20160.017	20160.217	20160.324
2	44	1	2	369	3	2	7	9	3	2	4	1	0.41927262	9	20162.037	20162.637	20162.637	20162.837	20163.056
2	44	1	2	370	3	2	7	10	5	2	5	1	0.38860322	10	20164.658	20165.258	20165.258	20165.458	20165.647
2	44	1	2	371	3	2	7	11	4	1	5	1	0.43738794	11	20167.282	20167.482	20167.482	20167.682	20167.92
2	44	1	2	372	3	2	7	12	6	1	5	1	0.44003428	12	20169.509	20169.709	20169.709	20169.909	20170.149
2	44	1	2	373	3	2	7	13	4	2	5	1	0.43432354	13	20171.732	20172.332	20172.332	20172.532	20172.767
2	44	1	2	374	3	2	7	14	6	1	5	1	0.49688741	14	20174.356	20174.556	20174.556	20174.756	20175.053
2	44	1	2	375	3	2	7	15	2	2	4	1	0.48972437	15	20176.58	20177.18	20177.18	20177.38	20177.67
2	44	1	2	376	3	2	7	16	3	2	4	1	0.44251537	16	20179.204	20179.804	20179.804	20180.004	20180.247
2	44	1	2	377	3	2	7	17	2	1	4	1	0.46413352	17	20181.828	20182.028	20182.028	20182.228	20182.493
2	44	1	2	378	3	2	7	18	2	2	4	1	0.3633313	18	20184.052	20184.652	20184.652	20184.852	20185.015
2	44	1	2	379	3	2	7	19	2	1	4	1	0.43822736	19	20186.679	20186.879	20186.879	20187.079	20187.317
2	44	1	2	380	3	2	7	20	3	2	4	1	0.43984414	20	20188.903	20189.503	20189.503	20189.703	20189.943
2	44	1	2	381	3	2	7	21	3	1	4	1	0.47016927	21	20191.528	20191.728	20191.728	20191.928	20192.198
2	44	1	2	382	3	2	7	22	5	2	5	1	0.40186677	22	20193.75	20194.35	20194.35	20194.55	20194.752
2	44	1	2	383	3	2	7	23	1	2	4	1	0.35962129	23	20196.374	20196.974	20196.974	20197.174	20197.334
2	44	1	2	384	3	2	7	24	1	1	4	1	0.3844354	24	20198.998	20199.198	20199.198	20199.398	20199.582
2	44	1	2	385	3	2	7	25	1	1	4	1	0.3851929	25	20201.222	20201.422	20201.422	20201.622	20201.807
2	44	1	2	386	3	2	7	26	1	1	4	1	0.33989164	26	20203.442	20203.642	20203.642	20203.842	20203.982
2	44	1	2	387	3	2	7	27	4	2	5	1	0.32784926	27	20205.666	20206.266	20206.266	20206.466	20206.594
2	44	1	2	388	3	2	7	28	5	2	5	1	0.41923203	28	20208.291	20208.891	20208.891	20209.091	20209.31
2	44	1	2	389	3	2	7	29	6	1	5	1	0.38060767	29	20210.915	20211.115	20211.115	20211.315	20211.495
2	44	1	2	390	3	2	7	30	1	2	4	1	0.51899551	30	20213.136	20213.736	20213.736	20213.936	20214.255
2	44	1	2	391	3	6	7	1	3	1	3	1	0.76112368	1	20243.822	20244.022	20244.022	20244.222	20244.783
2	44	1	2	392	3	6	7	2	1	1	1	1	0.64091571	2	20246.047	20246.247	20246.247	20246.447	20246.888
2	44	1	2	393	3	6	7	3	1	1	1	1	0.67236283	3	20248.268	20248.468	20248.468	20248.668	20249.141
2	44	1	2	394	3	6	7	4	5	1	7	1	0.6012619	4	20250.493	20250.693	20250.693	20250.893	20251.294
2	44	1	2	395	3	6	7	5	3	1	3	1	0.64870901	5	20252.717	20252.917	20252.917	20253.117	20253.566
2	44	1	2	396	3	6	7	6	4	2	6	1	0.76135202	6	20254.942	20255.542	20255.542	20255.742	20256.303
2	44	1	2	397	3	6	7	7	6	2	8	1	0.47163937	7	20257.566	20258.166	20258.166	20258.366	20258.638
2	44	1	2	398	3	6	7	8	6	2	8	1	0.8219924	8	20260.192	20260.792	20260.792	20260.992	20261.614
2	44	1	2	399	3	6	7	9	2	2	2	1	1.1108209	9	20262.816	20263.416	20263.416	20263.616	20264.527
2	44	1	2	400	3	6	7	10	4	2	6	1	0.67949282	10	20265.438	20266.038	20266.038	20266.238	20266.718
2	44	1	2	401	3	6	7	11	3	1	3	1	0.66257122	11	20268.063	20268.263	20268.263	20268.463	20268.926
2	44	1	2	402	3	6	7	12	2	1	2	1	0.86839529	12	20270.288	20270.488	20270.488	20270.688	20271.357
2	44	1	2	403	3	6	7	13	6	2	8	1	0.70769733	13	20272.514	20273.114	20273.114	20273.314	20273.821
2	44	1	2	404	3	6	7	14	1	1	1	1	0.58871156	14	20275.139	20275.339	20275.339	20275.539	20275.927
2	44	1	2	405	3	6	7	15	5	2	7	1	0.83459128	15	20277.363	20277.963	20277.963	20278.163	20278.798
2	44	1	2	406	3	6	7	16	5	2	7	1	0.89906324	16	20279.995	20280.595	20280.595	20280.795	20281.494
2	44	1	2	407	3	6	7	17	4	1	6	1	0.54768646	17	20282.62	20282.82	20282.82	20283.02	20283.367
2	44	1	2	408	3	6	7	18	4	2	6	1	0.56934253	18	20284.846	20285.446	20285.446	20285.646	20286.015
2	44	1	2	409	3	6	7	19	3	1	3	1	0.71808386	19	20287.471	20287.671	20287.671	20287.871	20288.389
2	44	1	2	410	3	6	7	20	1	2	1	1	0.49278598	20	20289.696	20290.296	20290.296	20290.496	20290.788
2	44	1	2	411	3	6	7	21	2	1	2	1	0.67041132	21	20292.32	20292.52	20292.52	20292.72	20293.191
2	44	1	2	412	3	6	7	22	1	2	1	1	0.54592194	22	20294.543	20295.143	20295.143	20295.343	20295.689
2	44	1	2	413	3	6	7	23	6	2	8	1	0.86940147	23	20297.169	20297.769	20297.769	20297.969	20298.638
2	44	1	2	414	3	6	7	24	2	1	2	1	1.0534173	24	20299.794	20299.994	20299.994	20300.194	20301.048
2	44	1	2	415	3	6	7	25	4	1	6	1	1.0292933	25	20302.019	20302.219	20302.219	20302.419	20303.248
2	44	1	2	416	3	6	7	26	5	1	7	1	0.79244192	26	20304.245	20304.445	20304.445	20304.645	20305.237
2	44	1	2	417	3	6	7	27	3	2	3	1	0.69772749	27	20306.468	20307.068	20307.068	20307.268	20307.765
2	44	1	2	418	3	6	7	28	2	2	2	1	1.4998848	28	20309.093	20309.693	20309.693	20309.893	20311.192
2	44	1	2	419	3	6	7	29	6	1	8	1	1.0630055	29	20311.718	20311.918	20311.918	20312.118	20312.981
2	44	1	2	420	3	6	7	30	5	2	7	1	0.94039922	30	20313.945	20314.545	20314.545	20314.745	20315.486
2	44	1	2	421	3	2	8	1	6	1	5	1	0.57205547	1	20344.621	20344.821	20344.821	20345.021	20345.393
2	44	1	2	422	3	2	8	2	5	1	5	1	0.38160933	2	20346.848	20347.048	20347.048	20347.248	20347.43
2	44	1	2	423	3	2	8	3	5	1	5	1	0.36408984	3	20349.074	20349.274	20349.274	20349.474	20349.638
2	44	1	2	424	3	2	8	4	6	1	5	1	0.38886014	4	20351.3	20351.5	20351.5	20351.7	20351.888
2	44	1	2	425	3	2	8	5	3	1	4	1	0.35345788	5	20353.526	20353.726	20353.726	20353.926	20354.079
2	44	1	2	426	3	2	8	6	2	2	4	1	0.3820716	6	20355.751	20356.351	20356.351	20356.551	20356.733
2	44	1	2	427	3	2	8	7	2	2	4	1	0.47855267	7	20358.377	20358.977	20358.977	20359.177	20359.456
2	44	1	2	428	3	2	8	8	5	2	5	1	0.37422049	8	20361.008	20361.608	20361.608	20361.808	20361.982
2	44	1	2	429	3	2	8	9	6	2	5	1	0.38253043	9	20363.634	20364.234	20364.234	20364.434	20364.616
2	44	1	2	430	3	2	8	10	2	2	4	1	0.37344888	10	20366.26	20366.86	20366.86	20367.06	20367.233
2	44	1	2	431	3	2	8	11	1	1	4	1	0.38437088	11	20368.886	20369.086	20369.086	20369.286	20369.471
2	44	1	2	432	3	2	8	12	2	1	4	1	0.36577556	12	20371.112	20371.312	20371.312	20371.512	20371.678
2	44	1	2	433	3	2	8	13	5	2	5	1	0.391037	13	20373.338	20373.938	20373.938	20374.138	20374.329
2	44	1	2	434	3	2	8	14	4	1	5	1	0.42518701	14	20375.964	20376.164	20376.164	20376.364	20376.589
2	44	1	2	435	3	2	8	15	2	2	4	1	0.39170737	15	20378.189	20378.789	20378.789	20378.989	20379.181
2	44	1	2	436	3	2	8	16	1	2	4	1	0.37964668	16	20380.813	20381.413	20381.413	20381.613	20381.792
2	44	1	2	437	3	2	8	17	4	1	5	1	0.43148705	17	20383.439	20383.639	20383.639	20383.839	20384.071
2	44	1	2	438	3	2	8	18	1	2	4	1	0.43040556	18	20385.665	20386.265	20386.265	20386.465	20386.696
2	44	1	2	439	3	2	8	19	3	1	4	1	0.49007131	19	20388.29	20388.49	20388.49	20388.69	20388.98
2	44	1	2	440	3	2	8	20	6	2	5	1	0.42742214	20	20390.517	20391.117	20391.117	20391.317	20391.545
2	44	1	2	441	3	2	8	21	5	1	5	1	0.49369992	21	20393.145	20393.345	20393.345	20393.545	20393.839
2	44	1	2	442	3	2	8	22	6	2	5	1	0.41409907	22	20395.368	20395.968	20395.968	20396.168	20396.382
2	44	1	2	443	3	2	8	23	3	2	4	1	0.50036979	23	20397.994	20398.594	20398.594	20398.794	20399.094
2	44	1	2	444	3	2	8	24	4	1	5	1	0.46448344	24	20400.621	20400.821	20400.821	20401.021	20401.285
2	44	1	2	445	3	2	8	25	4	1	5	1	0.52802168	25	20402.848	20403.048	20403.048	20403.248	20403.576
2	44	1	2	446	3	2	8	26	3	1	4	1	0.41302834	26	20405.075	20405.275	20405.275	20405.475	20405.688
2	44	1	2	447	3	2	8	27	1	2	4	1	0.42320863	27	20407.302	20407.902	20407.902	20408.102	20408.325
2	44	1	2	448	3	2	8	28	1	2	4	1	0.3884138	28	20409.928	20410.528	20410.528	20410.728	20410.917
2	44	1	2	449	3	2	8	29	3	1	4	1	0.39400572	29	20412.556	20412.756	20412.756	20412.956	20413.15
2	44	1	2	450	3	2	8	30	4	2	5	1	0.51373822	30	20414.788	20415.388	20415.388	20415.588	20415.902
2	44	1	2	451	3	6	8	1	1	1	1	1	0.66820472	1	20445.45	20445.65	20445.65	20445.85	20446.319
2	44	1	2	452	3	6	8	2	2	1	2	1	0.51411995	2	20447.678	20447.878	20447.878	20448.078	20448.392
2	44	1	2	453	3	6	8	3	1	1	1	1	1.0800126	3	20449.904	20450.104	20450.104	20450.304	20451.184
2	44	1	2	454	3	6	8	4	5	1	7	1	0.70643274	4	20452.132	20452.332	20452.332	20452.532	20453.038
2	44	1	2	455	3	6	8	5	6	1	8	1	0.70250335	5	20454.358	20454.558	20454.558	20454.758	20455.261
2	44	1	2	456	3	6	8	6	2	2	2	1	0.73904629	6	20456.586	20457.186	20457.186	20457.386	20457.925
2	44	1	2	457	3	6	8	7	1	2	1	1	0.57769896	7	20459.214	20459.814	20459.814	20460.014	20460.391
2	44	1	2	458	3	6	8	8	6	2	8	1	0.65667208	8	20461.84	20462.44	20462.44	20462.64	20463.097
2	44	1	2	459	3	6	8	9	1	2	1	1	0.61303755	9	20464.468	20465.068	20465.068	20465.268	20465.681
2	44	1	2	460	3	6	8	10	1	2	1	1	0.62518342	10	20467.099	20467.699	20467.699	20467.899	20468.325
2	44	1	2	461	3	6	8	11	3	1	3	1	0.79990591	11	20469.727	20469.927	20469.927	20470.127	20470.727
2	44	1	2	462	3	6	8	12	3	1	3	1	0.56298198	12	20471.955	20472.155	20472.155	20472.355	20472.718
2	44	1	2	463	3	6	8	13	2	2	2	1	1.1260552	13	20474.182	20474.782	20474.782	20474.982	20475.909
2	44	1	2	464	3	6	8	14	4	1	6	1	0.95031858	14	20476.81	20477.01	20477.01	20477.21	20477.96
2	44	1	2	465	3	6	8	15	4	2	6	1	0.66344031	15	20479.037	20479.637	20479.637	20479.837	20480.301
2	44	1	2	466	3	6	8	16	6	2	8	1	0.70004607	16	20481.666	20482.266	20482.266	20482.466	20482.966
2	44	1	2	467	3	6	8	17	5	1	7	1	0.66599107	17	20484.294	20484.494	20484.494	20484.694	20485.16
2	44	1	2	468	3	6	8	18	6	2	8	1	0.68498845	18	20486.52	20487.12	20487.12	20487.32	20487.805
2	44	1	2	469	3	6	8	19	6	1	8	1	0.81201735	19	20489.148	20489.348	20489.348	20489.548	20490.16
2	44	1	2	470	3	6	8	20	3	2	3	1	0.75882833	20	20491.376	20491.976	20491.976	20492.176	20492.735
2	44	1	2	471	3	6	8	21	2	1	2	1	0.66769277	21	20494.001	20494.201	20494.201	20494.401	20494.869
2	44	1	2	472	3	6	8	22	4	2	6	1	0.63581903	22	20496.228	20496.828	20496.828	20497.028	20497.464
2	44	1	2	473	3	6	8	23	5	2	7	1	0.45426712	23	20498.856	20499.456	20499.456	20499.656	20499.911
2	44	1	2	474	3	6	8	24	3	1	3	1	0.76354924	24	20501.58	20501.78	20501.78	20501.98	20502.543
2	44	1	2	475	3	6	8	25	5	1	7	1	1.1163796	25	20503.804	20504.004	20504.004	20504.204	20505.12
2	44	1	2	476	3	6	8	26	4	1	6	1	0.79011324	26	20506.032	20506.232	20506.232	20506.432	20507.022
2	44	1	2	477	3	6	8	27	5	2	7	1	0.62063655	27	20508.26	20508.86	20508.86	20509.06	20509.481
2	44	1	2	478	3	6	8	28	4	2	6	1	0.64679327	28	20510.887	20511.487	20511.487	20511.687	20512.134
2	44	1	2	479	3	6	8	29	3	1	3	1	0.76432877	29	20513.512	20513.712	20513.712	20513.912	20514.477
2	44	1	2	480	3	6	8	30	2	2	2	1	0.67328504	30	20515.741	20516.341	20516.341	20516.541	20517.014
2	44	1	2	481	3	2	9	1	3	1	4	1	0.58274526	1	20546.43	20546.63	20546.63	20546.83	20547.213
2	44	1	2	482	3	2	9	2	4	1	5	1	0.42065828	2	20548.658	20548.858	20548.858	20549.058	20549.278
2	44	1	2	483	3	2	9	3	5	1	5	1	0.39309541	3	20550.885	20551.085	20551.085	20551.285	20551.478
2	44	1	2	484	3	2	9	4	3	1	4	1	0.42054482	4	20553.113	20553.313	20553.313	20553.513	20553.733
2	44	1	2	485	3	2	9	5	1	1	4	1	0.41695457	5	20555.342	20555.542	20555.542	20555.742	20555.959
2	44	1	2	486	3	2	9	6	6	2	5	1	0.32695565	6	20557.57	20558.17	20558.17	20558.37	20558.497
2	44	1	2	487	3	2	9	7	4	2	5	1	0.38215136	7	20560.199	20560.799	20560.799	20560.999	20561.181
2	44	1	2	488	3	2	9	8	5	2	5	1	0.73916371	8	20562.828	20563.428	20563.428	20563.628	20564.167
2	44	1	2	489	3	2	9	9	2	2	4	1	0.40120792	9	20565.456	20566.056	20566.056	20566.256	20566.457
2	44	1	2	490	3	2	9	10	4	2	5	1	0.39399216	10	20568.084	20568.684	20568.684	20568.884	20569.078
2	44	1	2	491	3	2	9	11	4	1	5	1	0.40673159	11	20570.712	20570.912	20570.912	20571.112	20571.319
2	44	1	2	492	3	2	9	12	4	1	5	1	0.3600489	12	20572.941	20573.141	20573.141	20573.341	20573.501
2	44	1	2	493	3	2	9	13	1	2	4	1	0.41136359	13	20575.167	20575.767	20575.767	20575.967	20576.178
2	44	1	2	494	3	2	9	14	1	1	4	1	0.5067055	14	20577.795	20577.995	20577.995	20578.195	20578.502
2	44	1	2	495	3	2	9	15	2	2	4	1	0.46244858	15	20580.025	20580.625	20580.625	20580.825	20581.087
2	44	1	2	496	3	2	9	16	5	2	5	1	0.4650509	16	20582.654	20583.254	20583.254	20583.454	20583.719
2	44	1	2	497	3	2	9	17	1	1	4	1	0.47023493	17	20585.289	20585.489	20585.489	20585.689	20585.959
2	44	1	2	498	3	2	9	18	3	2	4	1	0.3851183	18	20587.517	20588.117	20588.117	20588.317	20588.502
2	44	1	2	499	3	2	9	19	6	1	5	1	0.58200132	19	20590.145	20590.345	20590.345	20590.545	20590.927
2	44	1	2	500	3	2	9	20	2	2	4	1	0.49144935	20	20592.374	20592.974	20592.974	20593.174	20593.465
2	44	1	2	501	3	2	9	21	2	1	4	1	0.49201986	21	20595.004	20595.204	20595.204	20595.404	20595.696
2	44	1	2	502	3	2	9	22	6	2	5	1	0.53168056	22	20597.233	20597.833	20597.833	20598.033	20598.365
2	44	1	2	503	3	2	9	23	3	2	4	1	0.52761946	23	20599.862	20600.462	20600.462	20600.662	20600.989
2	44	1	2	504	3	2	9	24	5	1	5	1	0.64337292	24	20602.491	20602.691	20602.691	20602.891	20603.334
2	44	1	2	505	3	2	9	25	1	1	4	1	0.5017309	25	20604.719	20604.919	20604.919	20605.119	20605.421
2	44	1	2	506	3	2	9	26	3	1	4	1	0.50471544	26	20606.949	20607.149	20607.149	20607.349	20607.653
2	44	1	2	507	3	2	9	27	5	2	5	1	0.45904066	27	20609.178	20609.778	20609.778	20609.978	20610.237
2	44	1	2	508	3	2	9	28	6	2	5	1	0.43260442	28	20611.806	20612.406	20612.406	20612.606	20612.839
2	44	1	2	509	3	2	9	29	6	1	5	1	0.39278797	29	20614.439	20614.639	20614.639	20614.839	20615.031
2	44	1	2	510	3	2	9	30	2	2	4	1	0.48343024	30	20616.665	20617.265	20617.265	20617.465	20617.749
2	44	1	2	511	3	6	9	1	5	1	7	1	0.72095559	1	20647.35	20647.55	20647.55	20647.75	20648.271
2	44	1	2	512	3	6	9	2	1	1	1	1	1.053405	2	20649.579	20649.779	20649.779	20649.979	20650.832
2	44	1	2	513	3	6	9	3	5	1	7	1	0.60338346	3	20651.808	20652.008	20652.008	20652.208	20652.611
2	44	1	2	514	3	6	9	4	1	1	1	1	0.61518879	4	20654.038	20654.238	20654.238	20654.438	20654.853
2	44	1	2	515	3	6	9	5	2	1	2	1	0.65140564	5	20656.268	20656.468	20656.468	20656.668	20657.119
2	44	1	2	516	3	6	9	6	3	2	3	1	0.44710364	6	20658.497	20659.097	20659.097	20659.297	20659.544
2	44	1	2	517	3	6	9	7	1	2	1	1	0.78306722	7	20661.127	20661.727	20661.727	20661.927	20662.51
2	44	1	2	518	3	6	9	8	5	2	7	1	0.6888741	8	20663.757	20664.357	20664.357	20664.557	20665.045
2	44	1	2	519	3	6	9	9	3	2	3	1	0.67787779	9	20666.384	20666.984	20666.984	20667.184	20667.662
2	44	1	2	520	3	6	9	10	2	2	2	1	0.60874888	10	20669.014	20669.614	20669.614	20669.814	20670.222
2	44	1	2	521	3	6	9	11	4	1	6	1	0.69211253	11	20671.643	20671.843	20671.843	20672.043	20672.535
2	44	1	2	522	3	6	9	12	2	1	2	1	0.82124452	12	20673.873	20674.073	20674.073	20674.273	20674.894
2	44	1	2	523	3	6	9	13	2	2	2	1	0.63383328	13	20676.11	20676.71	20676.71	20676.91	20677.343
2	44	1	2	524	3	6	9	14	4	1	6	1	0.81920881	14	20678.74	20678.94	20678.94	20679.14	20679.76
2	44	1	2	525	3	6	9	15	5	2	7	1	0.73457656	15	20680.967	20681.567	20681.567	20681.767	20682.302
2	44	1	2	526	3	6	9	16	3	2	3	1	0.69734657	16	20683.598	20684.198	20684.198	20684.398	20684.895
2	44	1	2	527	3	6	9	17	6	1	8	1	0.83978937	17	20686.229	20686.429	20686.429	20686.629	20687.269
2	44	1	2	528	3	6	9	18	1	2	1	1	0.6438369	18	20688.46	20689.06	20689.06	20689.26	20689.704
2	44	1	2	529	3	6	9	19	2	1	2	1	1.0898474	19	20691.091	20691.291	20691.291	20691.491	20692.381
2	44	1	2	530	3	6	9	20	4	2	6	1	0.66928714	20	20693.321	20693.921	20693.921	20694.121	20694.591
2	44	1	2	531	3	6	9	21	5	1	7	1	0.74906968	21	20695.952	20696.152	20696.152	20696.352	20696.901
2	44	1	2	532	3	6	9	22	4	2	6	1	0.70639955	22	20698.186	20698.786	20698.786	20698.986	20699.493
2	44	1	2	533	3	6	9	23	6	2	8	1	0.79080869	23	20700.817	20701.417	20701.417	20701.617	20702.208
2	44	1	2	534	3	6	9	24	6	1	8	1	0.80971914	24	20703.447	20703.647	20703.647	20703.847	20704.457
2	44	1	2	535	3	6	9	25	1	1	1	1	0.73678119	25	20705.678	20705.878	20705.878	20706.078	20706.615
2	44	1	2	536	3	6	9	26	3	1	3	1	0.54101226	26	20707.905	20708.105	20708.105	20708.305	20708.646
2	44	1	2	537	3	6	9	27	4	2	6	1	0.75310169	27	20710.132	20710.732	20710.732	20710.932	20711.485
2	44	1	2	538	3	6	9	28	6	2	8	1	0.86739362	28	20712.762	20713.362	20713.362	20713.562	20714.229
2	44	1	2	539	3	6	9	29	6	1	8	1	0.74155185	29	20715.392	20715.592	20715.592	20715.792	20716.334
2	44	1	2	540	3	6	9	30	3	2	3	1	0.8301566	30	20717.624	20718.224	20718.224	20718.424	20719.054
2	44	1	2	541	4	2	10	1	4	1	5	1	0.44449655	1	21285.779	21285.979	21285.979	21286.179	21286.424
2	44	1	2	542	4	2	10	2	2	1	4	1	0.34667827	2	21288.01	21288.21	21288.21	21288.41	21288.557
2	44	1	2	543	4	2	10	3	6	1	5	1	0.36561551	3	21290.241	21290.441	21290.441	21290.641	21290.807
2	44	1	2	544	4	2	10	4	3	1	4	1	0.46412961	4	21292.47	21292.67	21292.67	21292.87	21293.134
2	44	1	2	545	4	2	10	5	4	1	5	1	0.37815396	5	21294.701	21294.901	21294.901	21295.101	21295.279
2	44	1	2	546	4	2	10	6	1	2	4	1	0.3959365	6	21296.933	21297.533	21297.533	21297.733	21297.929
2	44	1	2	547	4	2	10	7	3	2	4	1	0.66524472	7	21299.564	21300.164	21300.164	21300.364	21300.829
2	44	1	2	548	4	2	10	8	6	2	5	1	0.41385169	8	21302.195	21302.795	21302.795	21302.995	21303.209
2	44	1	2	549	4	2	10	9	1	2	4	1	0.44478903	9	21304.826	21305.426	21305.426	21305.626	21305.871
2	44	1	2	550	4	2	10	10	1	2	4	1	0.4685023	10	21307.458	21308.058	21308.058	21308.258	21308.526
2	44	1	2	551	4	2	10	11	5	1	5	1	0.46128854	11	21310.09	21310.29	21310.29	21310.49	21310.752
2	44	1	2	552	4	2	10	12	4	1	5	1	0.49884261	12	21312.321	21312.521	21312.521	21312.721	21313.02
2	44	1	2	553	4	2	10	13	3	2	4	1	0.53530338	13	21314.552	21315.152	21315.152	21315.352	21315.688
2	44	1	2	554	4	2	10	14	4	1	5	1	0.48665581	14	21317.184	21317.384	21317.384	21317.584	21317.871
2	44	1	2	555	4	2	10	15	1	2	4	1	0.37307317	15	21319.422	21320.022	21320.022	21320.222	21320.395
2	44	1	2	556	4	2	10	16	5	2	5	1	0.47448477	16	21322.053	21322.653	21322.653	21322.853	21323.128
2	44	1	2	557	4	2	10	17	1	1	4	1	0.45554444	17	21324.684	21324.884	21324.884	21325.084	21325.339
2	44	1	2	558	4	2	10	18	3	2	4	1	0.4055761	18	21326.915	21327.515	21327.515	21327.715	21327.921
2	44	1	2	559	4	2	10	19	3	1	4	1	0.48356016	19	21329.547	21329.747	21329.747	21329.947	21330.231
2	44	1	2	560	4	2	10	20	2	2	4	1	0.41976677	20	21331.778	21332.378	21332.378	21332.578	21332.798
2	44	1	2	561	4	2	10	21	5	1	5	1	0.47746895	21	21334.409	21334.609	21334.609	21334.809	21335.087
2	44	1	2	562	4	2	10	22	6	2	5	1	0.47162051	22	21336.637	21337.237	21337.237	21337.437	21337.709
2	44	1	2	563	4	2	10	23	2	2	4	1	0.34598998	23	21339.269	21339.869	21339.869	21340.069	21340.215
2	44	1	2	564	4	2	10	24	2	1	4	1	0.44959312	24	21341.899	21342.099	21342.099	21342.299	21342.549
2	44	1	2	565	4	2	10	25	2	1	4	1	0.44253591	25	21344.132	21344.332	21344.332	21344.532	21344.774
2	44	1	2	566	4	2	10	26	5	1	5	1	0.45987426	26	21346.363	21346.563	21346.563	21346.763	21347.023
2	44	1	2	567	4	2	10	27	5	2	5	1	0.49574519	27	21348.593	21349.193	21349.193	21349.393	21349.688
2	44	1	2	568	4	2	10	28	6	2	5	1	0.4285158	28	21351.224	21351.824	21351.824	21352.024	21352.253
2	44	1	2	569	4	2	10	29	4	1	5	1	0.45720792	29	21353.856	21354.056	21354.056	21354.256	21354.513
2	44	1	2	570	4	2	10	30	6	2	5	1	0.41312272	30	21356.088	21356.688	21356.688	21356.888	21357.101
2	44	1	2	571	4	6	10	1	5	1	7	1	0.6637383	1	21386.789	21386.989	21386.989	21387.189	21387.653
2	44	1	2	572	4	6	10	2	3	1	3	1	0.70691838	2	21389.021	21389.221	21389.221	21389.421	21389.928
2	44	1	2	573	4	6	10	3	3	1	3	1	0.60461896	3	21391.249	21391.449	21391.449	21391.649	21392.054
2	44	1	2	574	4	6	10	4	5	1	7	1	0.54968776	4	21393.481	21393.681	21393.681	21393.881	21394.231
2	44	1	2	575	4	6	10	5	2	1	2	1	0.6217554	5	21395.714	21395.914	21395.914	21396.114	21396.536
2	44	1	2	576	4	6	10	6	3	2	3	1	0.64485826	6	21397.946	21398.546	21398.546	21398.746	21399.191
2	44	1	2	577	4	6	10	7	6	2	8	1	0.7138351	7	21400.579	21401.179	21401.179	21401.379	21401.893
2	44	1	2	578	4	6	10	8	6	2	8	1	1.1307685	8	21403.211	21403.811	21403.811	21404.011	21404.941
2	44	1	2	579	4	6	10	9	1	2	1	1	0.58944598	9	21405.843	21406.443	21406.443	21406.643	21407.032
2	44	1	2	580	4	6	10	10	3	2	3	1	0.62058932	10	21408.475	21409.075	21409.075	21409.275	21409.695
2	44	1	2	581	4	6	10	11	1	1	1	1	0.84382336	11	21411.107	21411.307	21411.307	21411.507	21412.15
2	44	1	2	582	4	6	10	12	4	1	6	1	0.73401793	12	21413.336	21413.536	21413.536	21413.736	21414.27
2	44	1	2	583	4	6	10	13	6	2	8	1	1.4046703	13	21415.569	21416.169	21416.169	21416.369	21417.573
2	44	1	2	584	4	6	10	14	2	1	2	1	0.81925366	14	21418.201	21418.401	21418.401	21418.601	21419.22
2	44	1	2	585	4	6	10	15	2	2	2	1	0.75552076	15	21420.433	21421.033	21421.033	21421.233	21421.789
2	44	1	2	586	4	6	10	16	5	2	7	1	0.6780343	16	21423.065	21423.665	21423.665	21423.865	21424.343
2	44	1	2	587	4	6	10	17	3	1	3	1	1.6035606	17	21425.697	21425.897	21425.897	21426.097	21427.501
2	44	1	2	588	4	6	10	18	1	2	1	1	0.84347261	18	21427.93	21428.53	21428.53	21428.73	21429.374
2	44	1	2	589	4	6	10	19	4	1	6	1	0.75405133	19	21430.563	21430.763	21430.763	21430.963	21431.517
2	44	1	2	590	4	6	10	20	2	2	2	1	1.2181685	20	21432.796	21433.396	21433.396	21433.596	21434.614
2	44	1	2	591	4	6	10	21	6	1	8	1	1.1444999	21	21435.429	21435.629	21435.629	21435.829	21436.773
2	44	1	2	592	4	6	10	22	5	2	7	1	0.721809	22	21437.661	21438.261	21438.261	21438.461	21438.983
2	44	1	2	593	4	6	10	23	4	2	6	1	0.66559338	23	21440.293	21440.893	21440.893	21441.093	21441.559
2	44	1	2	594	4	6	10	24	5	1	7	1	0.90453746	24	21442.926	21443.126	21443.126	21443.326	21444.031
2	44	1	2	595	4	6	10	25	6	1	8	1	1.5852474	25	21445.158	21445.358	21445.358	21445.558	21446.944
2	44	1	2	596	4	6	10	26	1	1	1	1	0.75003613	26	21447.391	21447.591	21447.591	21447.791	21448.341
2	44	1	2	597	4	6	10	27	1	2	1	1	0.58988306	27	21449.624	21450.224	21450.224	21450.424	21450.814
2	44	1	2	598	4	6	10	28	4	2	6	1	0.78988465	28	21452.257	21452.857	21452.857	21453.057	21453.647
2	44	1	2	599	4	6	10	29	2	1	2	1	0.9153582	29	21454.885	21455.085	21455.085	21455.285	21456.001
2	44	1	2	600	4	6	10	30	4	2	6	1	0.87921941	30	21457.118	21457.718	21457.718	21457.918	21458.597
2	44	1	2	601	4	2	11	1	6	1	5	1	0.48546405	1	21487.809	21488.009	21488.009	21488.209	21488.495
2	44	1	2	602	4	2	11	2	5	1	5	1	0.5024119	2	21490.042	21490.242	21490.242	21490.442	21490.745
2	44	1	2	603	4	2	11	3	3	1	4	1	0.44480747	3	21492.283	21492.483	21492.483	21492.683	21492.928
2	44	1	2	604	4	2	11	4	4	1	5	1	0.50520688	4	21494.516	21494.716	21494.716	21494.916	21495.221
2	44	1	2	605	4	2	11	5	5	1	5	1	0.45527613	5	21496.749	21496.949	21496.949	21497.149	21497.405
2	44	1	2	606	4	2	11	6	1	2	4	1	0.4370862	6	21498.983	21499.584	21499.584	21499.784	21500.021
2	44	1	2	607	4	2	11	7	6	2	5	1	0.37203259	7	21501.617	21502.217	21502.217	21502.417	21502.589
2	44	1	2	608	4	2	11	8	1	2	4	1	0.35575758	8	21504.25	21504.85	21504.85	21505.05	21505.206
2	44	1	2	609	4	2	11	9	2	2	4	1	0.46662631	9	21506.886	21507.486	21507.486	21507.686	21507.953
2	44	1	2	610	4	2	11	10	1	2	4	1	0.4498553	10	21509.519	21510.119	21510.119	21510.319	21510.569
2	44	1	2	611	4	2	11	11	6	1	5	1	0.45160603	11	21512.152	21512.352	21512.352	21512.552	21512.804
2	44	1	2	612	4	2	11	12	5	1	5	1	0.46462548	12	21514.383	21514.583	21514.583	21514.783	21515.048
2	44	1	2	613	4	2	11	13	4	2	5	1	0.50882534	13	21516.616	21517.216	21517.216	21517.416	21517.725
2	44	1	2	614	4	2	11	14	1	1	4	1	0.45160169	14	21519.249	21519.449	21519.449	21519.649	21519.901
2	44	1	2	615	4	2	11	15	4	2	5	1	0.39357987	15	21521.483	21522.083	21522.083	21522.283	21522.477
2	44	1	2	616	4	2	11	16	2	2	4	1	0.45921623	16	21524.117	21524.717	21524.717	21524.917	21525.176
2	44	1	2	617	4	2	11	17	3	1	4	1	0.49585699	17	21526.751	21526.951	21526.951	21527.151	21527.446
2	44	1	2	618	4	2	11	18	4	2	5	1	0.371853	18	21528.981	21529.581	21529.581	21529.781	21529.953
2	44	1	2	619	4	2	11	19	3	1	4	1	0.46262044	19	21531.615	21531.815	21531.815	21532.015	21532.278
2	44	1	2	620	4	2	11	20	2	2	4	1	0.44558969	20	21533.85	21534.45	21534.45	21534.65	21534.895
2	44	1	2	621	4	2	11	21	2	1	4	1	0.43414607	21	21536.484	21536.684	21536.684	21536.884	21537.118
2	44	1	2	622	4	2	11	22	6	2	5	1	0.41747851	22	21538.718	21539.318	21539.318	21539.518	21539.735
2	44	1	2	623	4	2	11	23	3	2	4	1	0.43583295	23	21541.356	21541.956	21541.956	21542.156	21542.392
2	44	1	2	624	4	2	11	24	6	1	5	1	0.58399311	24	21543.991	21544.191	21544.191	21544.391	21544.775
2	44	1	2	625	4	2	11	25	5	1	5	1	0.4511439	25	21546.229	21546.429	21546.429	21546.629	21546.88
2	44	1	2	626	4	2	11	26	2	1	4	1	0.5658789	26	21548.463	21548.663	21548.663	21548.863	21549.229
2	44	1	2	627	4	2	11	27	4	2	5	1	0.38093418	27	21550.697	21551.297	21551.297	21551.497	21551.677
2	44	1	2	628	4	2	11	28	3	2	4	1	0.39602722	28	21553.332	21553.932	21553.932	21554.132	21554.328
2	44	1	2	629	4	2	11	29	5	1	5	1	0.44690483	29	21555.966	21556.166	21556.166	21556.366	21556.613
2	44	1	2	630	4	2	11	30	1	2	4	1	0.43892701	30	21558.201	21558.801	21558.801	21559.001	21559.24
2	44	1	2	631	4	6	11	1	5	1	7	1	0.66730022	1	21588.899	21589.099	21589.099	21589.299	21589.766
2	44	1	2	632	4	6	11	2	3	1	3	1	0.66421623	2	21591.14	21591.34	21591.34	21591.54	21592.004
2	44	1	2	633	4	6	11	3	3	1	3	1	0.58557085	3	21593.374	21593.574	21593.574	21593.774	21594.16
2	44	1	2	634	4	6	11	4	1	1	1	1	1.0616955	4	21595.608	21595.808	21595.808	21596.008	21596.87
2	44	1	2	635	4	6	11	5	4	1	6	1	0.75202763	5	21597.839	21598.039	21598.039	21598.239	21598.791
2	44	1	2	636	4	6	11	6	1	2	3	0	1.0479516	5	21600.07	21600.67	21600.67	21600.87	21601.718
2	44	1	2	637	4	6	11	7	6	2	8	1	1.3967619	6	21602.704	21603.304	21603.304	21603.504	21604.701
2	44	1	2	638	4	6	11	8	4	2	6	1	0.81189671	7	21605.345	21605.945	21605.945	21606.145	21606.757
2	44	1	2	639	4	6	11	9	1	2	1	1	0.69604227	8	21607.981	21608.581	21608.581	21608.781	21609.277
2	44	1	2	640	4	6	11	10	5	2	7	1	0.84028278	9	21610.614	21611.214	21611.214	21611.414	21612.054
2	44	1	2	641	4	6	11	11	5	1	7	1	0.67821756	10	21613.249	21613.449	21613.449	21613.649	21614.127
2	44	1	2	642	4	6	11	12	6	1	8	1	0.95925187	11	21615.486	21615.686	21615.686	21615.886	21616.645
2	44	1	2	643	4	6	11	13	5	2	7	1	0.61488128	12	21617.72	21618.32	21618.32	21618.52	21618.935
2	44	1	2	644	4	6	11	14	2	1	2	1	0.88508195	13	21620.354	21620.554	21620.554	21620.754	21621.439
2	44	1	2	645	4	6	11	15	1	2	1	1	0.56847692	14	21622.589	21623.189	21623.189	21623.389	21623.757
2	44	1	2	646	4	6	11	16	1	2	1	1	0.69016315	15	21625.221	21625.821	21625.821	21626.021	21626.511
2	44	1	2	647	4	6	11	17	2	1	2	1	0.61890265	16	21627.852	21628.052	21628.052	21628.252	21628.671
2	44	1	2	648	4	6	11	18	6	2	8	1	1.0339986	17	21630.084	21630.684	21630.684	21630.884	21631.718
2	44	1	2	649	4	6	11	19	6	1	8	1	1.4158044	18	21632.718	21632.918	21632.918	21633.118	21634.334
2	44	1	2	650	4	6	11	20	3	2	3	1	0.79808515	19	21634.953	21635.553	21635.553	21635.753	21636.351
2	44	1	2	651	4	6	11	21	4	1	6	1	0.54619023	20	21637.589	21637.789	21637.789	21637.989	21638.335
2	44	1	2	652	4	6	11	22	2	2	2	1	0.72255744	21	21639.827	21640.427	21640.427	21640.627	21641.149
2	44	1	2	653	4	6	11	23	6	2	8	1	0.75127321	22	21642.463	21643.063	21643.063	21643.263	21643.814
2	44	1	2	654	4	6	11	24	3	1	3	1	1.1810629	23	21645.098	21645.298	21645.298	21645.498	21646.479
2	44	1	2	655	4	6	11	25	3	1	3	1	0.64255937	24	21647.332	21647.532	21647.532	21647.732	21648.175
2	44	1	2	656	4	6	11	26	2	1	2	1	0.77596685	25	21649.568	21649.768	21649.768	21649.968	21650.544
2	44	1	2	657	4	6	11	27	4	2	6	1	0.70776553	26	21651.803	21652.403	21652.403	21652.603	21653.111
2	44	1	2	658	4	6	11	28	5	2	7	1	0.73595255	27	21654.438	21655.038	21655.038	21655.238	21655.774
2	44	1	2	659	4	6	11	29	2	1	2	1	0.86402988	28	21657.073	21657.273	21657.273	21657.473	21658.137
2	44	1	2	660	4	6	11	30	4	2	6	1	0.88325071	29	21659.308	21659.908	21659.908	21660.108	21660.792
2	44	1	2	661	4	2	12	1	3	1	4	1	0.58127319	1	21690.009	21690.209	21690.209	21690.409	21690.79
2	44	1	2	662	4	2	12	2	1	1	4	1	0.44280087	2	21692.245	21692.445	21692.445	21692.645	21692.888
2	44	1	2	663	4	2	12	3	1	1	4	1	0.43718146	3	21694.483	21694.683	21694.683	21694.883	21695.12
2	44	1	2	664	4	2	12	4	5	1	5	1	0.39200472	4	21696.719	21696.919	21696.919	21697.119	21697.311
2	44	1	2	665	4	2	12	5	6	1	5	1	0.48299743	5	21698.955	21699.155	21699.155	21699.355	21699.638
2	44	1	2	666	4	2	12	6	5	2	5	1	0.51170531	6	21701.191	21701.791	21701.791	21701.991	21702.303
2	44	1	2	667	4	2	12	7	2	2	4	1	0.46713852	7	21703.827	21704.427	21704.427	21704.627	21704.894
2	44	1	2	668	4	2	12	8	4	2	5	1	0.44790472	8	21706.47	21707.07	21707.07	21707.27	21707.518
2	44	1	2	669	4	2	12	9	3	2	4	1	0.50634696	9	21709.107	21709.707	21709.707	21709.907	21710.213
2	44	1	2	670	4	2	12	10	1	2	4	1	0.61617902	10	21711.743	21712.343	21712.343	21712.543	21712.959
2	44	1	2	671	4	2	12	11	1	1	4	1	0.47131351	11	21714.378	21714.578	21714.578	21714.778	21715.05
2	44	1	2	672	4	2	12	12	2	1	4	1	0.47054261	12	21716.614	21716.814	21716.814	21717.014	21717.285
2	44	1	2	673	4	2	12	13	2	2	4	1	0.44607441	13	21718.851	21719.451	21719.451	21719.651	21719.897
2	44	1	2	674	4	2	12	14	5	1	5	1	0.52327882	14	21721.486	21721.686	21721.686	21721.886	21722.209
2	44	1	2	675	4	2	12	15	2	2	4	1	0.42428947	15	21723.726	21724.326	21724.326	21724.526	21724.751
2	44	1	2	676	4	2	12	16	4	2	5	1	0.43677588	16	21726.363	21726.963	21726.963	21727.163	21727.4
2	44	1	2	677	4	2	12	17	5	1	5	1	0.45567194	17	21728.998	21729.198	21729.198	21729.398	21729.654
2	44	1	2	678	4	2	12	18	6	2	5	1	0.44481043	18	21731.234	21731.834	21731.834	21732.034	21732.279
2	44	1	2	679	4	2	12	19	6	1	5	1	0.4520001	19	21733.874	21734.074	21734.074	21734.274	21734.526
2	44	1	2	680	4	2	12	20	5	2	5	1	0.50174357	20	21736.113	21736.713	21736.713	21736.913	21737.215
2	44	1	2	681	4	2	12	21	4	1	5	1	0.4801313	21	21738.747	21738.947	21738.947	21739.147	21739.428
2	44	1	2	682	4	2	12	22	6	2	5	1	0.41520464	22	21740.984	21741.584	21741.584	21741.784	21741.999
2	44	1	2	683	4	2	12	23	3	2	4	1	0.49767363	23	21743.621	21744.221	21744.221	21744.421	21744.718
2	44	1	2	684	4	2	12	24	6	1	5	1	0.51053619	24	21746.257	21746.457	21746.457	21746.657	21746.967
2	44	1	2	685	4	2	12	25	4	1	5	1	0.53459316	25	21748.494	21748.694	21748.694	21748.894	21749.228
2	44	1	2	686	4	2	12	26	3	1	4	1	0.46667076	26	21750.73	21750.93	21750.93	21751.13	21751.396
2	44	1	2	687	4	2	12	27	2	2	4	1	0.41693433	27	21752.966	21753.566	21753.566	21753.766	21753.983
2	44	1	2	688	4	2	12	28	1	2	4	1	0.50409926	28	21755.606	21756.206	21756.206	21756.406	21756.71
2	44	1	2	689	4	2	12	29	4	1	5	1	0.68429243	29	21758.243	21758.443	21758.443	21758.643	21759.127
2	44	1	2	690	4	2	12	30	3	2	4	1	0.52229835	30	21760.479	21761.079	21761.079	21761.279	21761.601
2	44	1	2	691	4	6	12	1	6	1	8	1	0.72926974	1	21791.149	21791.349	21791.349	21791.549	21792.078
2	44	1	2	692	4	6	12	2	1	1	1	1	0.65327572	2	21793.386	21793.586	21793.586	21793.786	21794.239
2	44	1	2	693	4	6	12	3	6	1	8	1	0.96579115	3	21795.624	21795.824	21795.824	21796.024	21796.79
2	44	1	2	694	4	6	12	4	3	1	3	1	0.69310245	4	21797.859	21798.059	21798.059	21798.259	21798.752
2	44	1	2	695	4	6	12	5	3	1	3	1	0.69907355	5	21800.099	21800.299	21800.299	21800.5	21800.999
2	44	1	2	696	4	6	12	6	5	2	7	1	0.60687631	6	21802.336	21802.936	21802.936	21803.136	21803.543
2	44	1	2	697	4	6	12	7	3	2	3	1	0.69218689	7	21804.972	21805.572	21805.572	21805.772	21806.265
2	44	1	2	698	4	6	12	8	5	2	7	1	0.6831955	8	21807.609	21808.209	21808.209	21808.409	21808.893
2	44	1	2	699	4	6	12	9	4	2	6	1	0.65056686	9	21810.246	21810.846	21810.846	21811.046	21811.497
2	44	1	2	700	4	6	12	10	6	2	8	1	0.65651953	10	21812.887	21813.487	21813.487	21813.687	21814.143
2	44	1	2	701	4	6	12	11	6	1	8	1	0.78064135	11	21815.524	21815.724	21815.724	21815.924	21816.505
2	44	1	2	702	4	6	12	12	1	1	1	1	1.0773585	12	21817.762	21817.962	21817.962	21818.162	21819.039
2	44	1	2	703	4	6	12	13	2	2	2	1	0.62735683	13	21820.005	21820.605	21820.605	21820.805	21821.232
2	44	1	2	704	4	6	12	14	2	1	2	1	0.56451394	14	21822.642	21822.842	21822.842	21823.042	21823.406
2	44	1	2	705	4	6	12	15	4	2	6	1	0.7612113	15	21824.883	21825.483	21825.483	21825.683	21826.244
2	44	1	2	706	4	6	12	16	1	2	1	1	0.94373598	16	21827.521	21828.121	21828.121	21828.321	21829.065
2	44	1	2	707	4	6	12	17	4	1	6	1	1.9954059	17	21830.158	21830.359	21830.359	21830.559	21832.354
2	44	1	2	708	4	6	12	18	2	2	2	1	0.76385403	18	21832.403	21833.003	21833.003	21833.203	21833.767
2	44	1	2	709	4	6	12	19	2	1	2	1	0.62158425	19	21835.041	21835.241	21835.241	21835.441	21835.862
2	44	1	2	710	4	6	12	20	1	2	1	1	0.82053441	20	21837.282	21837.882	21837.882	21838.082	21838.703
2	44	1	2	711	4	6	12	21	5	1	7	1	0.83050639	21	21839.919	21840.119	21840.119	21840.319	21840.95
2	44	1	2	712	4	6	12	22	4	2	6	1	0.76477035	22	21842.156	21842.756	21842.756	21842.956	21843.52
2	44	1	2	713	4	6	12	23	6	2	8	1	0.77366483	23	21844.794	21845.394	21845.394	21845.594	21846.168
2	44	1	2	714	4	6	12	24	2	1	2	1	1.3900651	24	21847.432	21847.632	21847.632	21847.832	21849.022
2	44	1	2	715	4	6	12	25	3	1	3	1	1.0802641	25	21849.669	21849.869	21849.869	21850.069	21850.95
2	44	1	2	716	4	6	12	26	3	1	3	1	0.60442823	26	21851.908	21852.108	21852.108	21852.308	21852.713
2	44	1	2	717	4	6	12	27	5	2	7	1	1.0112954	27	21854.147	21854.747	21854.747	21854.947	21855.758
2	44	1	2	718	4	6	12	28	5	2	7	1	0.54452626	28	21856.784	21857.384	21857.384	21857.584	21857.928
2	44	1	2	719	4	6	12	29	1	1	1	1	0.83625983	29	21859.421	21859.621	21859.621	21859.821	21860.457
2	44	1	2	720	4	6	12	30	4	2	6	1	0.81921295	30	21861.659	21862.259	21862.259	21862.459	21863.078
