151	30	48	36	119	65	220	255	0	0	0	0	0	0	0	0	0	0	0	0
1	50	2	2	1	1	2	1	1	5	1	8	1	1.0341761	1	6225.1628	6225.3629	6225.3631	6225.5633	6226.3973
1	50	2	2	2	1	2	1	2	4	1	8	1	0.83449217	2	6227.378	6227.5782	6227.5783	6227.7785	6228.4128
1	50	2	2	3	1	2	1	3	1	2	1	1	0.87945128	3	6229.5887	6230.1887	6230.1888	6230.3888	6231.0682
1	50	2	2	4	1	2	1	4	2	1	1	1	0.6793281	4	6232.1972	6232.3973	6232.3973	6232.5973	6233.0766
1	50	2	2	5	1	2	1	5	4	1	8	1	0.57574396	5	6234.4041	6234.6041	6234.6041	6234.8041	6235.1799
1	50	2	2	6	1	2	1	6	3	1	1	1	0.60952619	6	6236.6109	6236.8109	6236.8109	6237.011	6237.4205
1	50	2	2	7	1	2	1	7	4	2	8	1	0.49926927	7	6238.8165	6239.4165	6239.4165	6239.6165	6239.9158
1	50	2	2	8	1	2	1	8	5	1	8	1	0.79888519	8	6241.4239	6241.624	6241.624	6241.824	6242.4228
1	50	2	2	9	1	2	1	9	3	1	1	1	0.64521343	9	6243.6311	6243.8311	6243.8312	6244.0312	6244.4764
1	50	2	2	10	1	2	1	10	6	2	8	1	0.56631157	10	6245.838	6246.438	6246.438	6246.6381	6247.0043
1	50	2	2	11	1	2	1	11	5	1	8	1	0.47876253	11	6248.4451	6248.6451	6248.6451	6248.8452	6249.1239
1	50	2	2	12	1	2	1	12	5	2	8	1	0.53414631	12	6250.6526	6251.2526	6251.2526	6251.4526	6251.7868
1	50	2	2	13	1	2	1	13	2	1	1	1	0.67472643	13	6253.2593	6253.4593	6253.4593	6253.6593	6254.134
1	50	2	2	14	1	2	1	14	6	2	8	1	0.45164504	14	6255.4661	6256.0661	6256.0661	6256.2661	6256.5178
1	50	2	2	15	1	2	1	15	4	2	8	1	0.45232741	15	6258.0727	6258.6727	6258.6727	6258.8728	6259.1251
1	50	2	2	16	1	2	1	16	6	2	8	1	0.4674845	16	6260.6797	6261.2797	6261.2797	6261.4797	6261.7472
1	50	2	2	17	1	2	1	17	6	2	8	1	0.48407289	17	6263.2871	6263.8871	6263.8871	6264.0871	6264.3712
1	50	2	2	18	1	2	1	18	1	2	1	1	0.66982399	18	6265.894	6266.494	6266.4941	6266.6941	6267.1639
1	50	2	2	19	1	2	1	19	3	2	1	1	0.63933096	19	6268.5012	6269.1013	6269.1013	6269.3014	6269.7406
1	50	2	2	20	1	2	1	20	3	1	1	1	0.6523155	20	6271.1106	6271.3106	6271.3106	6271.5106	6271.963
1	50	2	2	21	1	2	1	21	5	1	8	1	0.5747171	21	6273.3177	6273.5177	6273.5177	6273.7178	6274.0924
1	50	2	2	22	1	2	1	22	1	2	8	0	0.60146049	21	6275.5255	6276.1255	6276.1255	6276.3255	6276.727
1	50	2	2	23	1	2	1	23	2	2	1	1	1.6974886	22	6278.4365	6279.0365	6279.0365	6279.2365	6280.734
1	50	2	2	24	1	2	1	24	3	1	1	1	0.79258134	23	6281.0443	6281.2443	6281.2443	6281.4443	6282.0369
1	50	2	2	25	1	2	1	25	2	1	1	1	0.69534943	24	6283.252	6283.452	6283.452	6283.652	6284.1474
1	50	2	2	26	1	2	1	26	4	2	8	1	0.7936261	25	6285.4586	6286.0586	6286.0586	6286.2586	6286.8523
1	50	2	2	27	1	2	1	27	6	2	8	1	0.62896914	26	6288.0655	6288.6655	6288.6655	6288.8656	6289.2945
1	50	2	2	28	1	2	1	28	1	1	1	1	0.62717811	27	6290.6735	6290.8735	6290.8735	6291.0735	6291.5006
1	50	2	2	29	1	2	1	29	2	2	1	1	0.53075026	28	6292.8796	6293.4796	6293.4796	6293.6796	6294.0104
1	50	2	2	30	1	2	1	30	1	1	1	1	0.55667013	29	6295.4876	6295.6876	6295.6876	6295.8876	6296.2443
1	50	2	2	31	1	6	1	1	1	1	2	1	1.29568	1	6424.9581	6425.1582	6425.1583	6425.3585	6426.454
1	50	2	2	32	1	6	1	2	3	1	4	1	1.1871634	2	6427.1688	6427.3688	6427.3688	6427.5689	6428.556
1	50	2	2	33	1	6	1	3	1	2	2	1	0.935501	3	6429.3776	6429.9776	6429.9776	6430.1776	6430.9131
1	50	2	2	34	1	6	1	4	2	1	0	0	-6432.1859	3	6431.9859	6432.1859	6432.1859	6432.3859	0
1	50	2	2	35	1	6	1	5	5	1	0	0	-6434.6947	3	6434.4947	6434.6947	6434.6947	6434.8948	0
1	50	2	2	36	1	6	1	6	2	1	0	0	-6437.201	3	6437.001	6437.201	6437.201	6437.401	0
1	50	2	2	37	1	6	1	7	1	2	2	1	1.5590088	4	6439.5095	6440.1096	6440.1096	6440.3096	6441.6686
1	50	2	2	38	1	6	1	8	5	1	0	0	-6442.3176	4	6442.1176	6442.3176	6442.3176	6442.5176	0
1	50	2	2	39	1	6	1	9	3	1	3	0	1.9984659	4	6444.6263	6444.8263	6444.8263	6445.0263	6446.8248
1	50	2	2	40	1	6	1	10	5	2	0	0	-6447.746	4	6447.146	6447.746	6447.746	6447.946	0
1	50	2	2	41	1	6	1	11	6	1	7	1	0.87676428	5	6450.0547	6450.2547	6450.2547	6450.4547	6451.1315
1	50	2	2	42	1	6	1	12	5	2	6	1	0.79720039	6	6452.2638	6452.8638	6452.8638	6453.0638	6453.661
1	50	2	2	43	1	6	1	13	6	1	7	1	1.1979946	7	6454.8711	6455.0712	6455.0712	6455.2712	6456.2692
1	50	2	2	44	1	6	1	14	4	2	5	1	1.3908765	8	6457.0785	6457.6785	6457.6785	6457.8785	6459.0694
1	50	2	2	45	1	6	1	15	3	2	3	0	1.4375689	8	6459.6855	6460.2855	6460.2856	6460.4856	6461.7231
1	50	2	2	46	1	6	1	16	5	2	6	1	1.804791	9	6462.5994	6463.1994	6463.1994	6463.3994	6465.0042
1	50	2	2	47	1	6	1	17	4	2	5	1	1.2197874	10	6465.2086	6465.8086	6465.8086	6466.0086	6467.0284
1	50	2	2	48	1	6	1	18	4	2	5	1	0.5088729	11	6467.8177	6468.4177	6468.4178	6468.6178	6468.9266
1	50	2	2	49	1	6	1	19	6	2	7	1	1.0981804	12	6470.4271	6471.0272	6471.0272	6471.2273	6472.1254
1	50	2	2	50	1	6	1	20	4	1	5	1	1.187662	13	6473.0348	6473.2348	6473.2348	6473.4348	6474.4225
1	50	2	2	51	1	6	1	21	2	1	2	0	1.3598964	13	6475.2437	6475.4438	6475.4438	6475.6438	6476.8037
1	50	2	2	52	1	6	1	22	3	2	2	0	1.2574807	13	6477.763	6478.363	6478.3631	6478.5631	6479.6206
1	50	2	2	53	1	6	1	23	1	2	0	0	-6481.2794	13	6480.6794	6481.2794	6481.2794	6481.4795	0
1	50	2	2	54	1	6	1	24	6	1	7	1	1.4071847	14	6483.589	6483.789	6483.789	6483.989	6485.1962
1	50	2	2	55	1	6	1	25	2	1	0	0	-6485.9984	14	6485.7984	6485.9984	6485.9984	6486.1984	0
1	50	2	2	56	1	6	1	26	4	2	5	1	1.0355013	15	6488.306	6488.906	6488.906	6489.106	6489.9415
1	50	2	2	57	1	6	1	27	1	2	0	0	-6491.5152	15	6490.9152	6491.5152	6491.5152	6491.7152	0
1	50	2	2	58	1	6	1	28	3	1	3	0	1.4048946	15	6493.8245	6494.0245	6494.0245	6494.2245	6495.4294
1	50	2	2	59	1	6	1	29	2	2	2	0	0.90046253	15	6496.344	6496.9441	6496.9441	6497.1441	6497.8445
1	50	2	2	60	1	6	1	30	6	1	7	1	1.3849701	16	6499.2604	6499.4604	6499.4604	6499.6604	6500.8454
1	50	2	2	61	1	2	2	1	2	1	1	1	1.259777	1	6516.0654	6516.2654	6516.2655	6516.4655	6517.5252
1	50	2	2	62	1	2	2	2	4	1	8	1	0.80959531	2	6518.2759	6518.476	6518.476	6518.676	6519.2856
1	50	2	2	63	1	2	2	3	2	2	1	1	0.66049902	3	6520.4856	6521.0856	6521.0857	6521.2857	6521.7462
1	50	2	2	64	1	2	2	4	3	1	1	1	0.69415621	4	6523.0954	6523.2955	6523.2955	6523.4955	6523.9897
1	50	2	2	65	1	2	2	5	5	1	8	1	0.65999849	5	6525.3054	6525.5054	6525.5054	6525.7054	6526.1654
1	50	2	2	66	1	2	2	6	1	1	1	1	0.58760519	6	6527.515	6527.715	6527.715	6527.915	6528.3026
1	50	2	2	67	1	2	2	7	1	2	1	1	0.67763328	7	6529.7252	6530.3252	6530.3252	6530.5252	6531.0029
1	50	2	2	68	1	2	2	8	1	1	1	1	0.96359328	8	6532.3356	6532.5356	6532.5356	6532.7356	6533.4992
1	50	2	2	69	1	2	2	9	4	1	8	1	0.76511109	9	6534.546	6534.746	6534.746	6534.946	6535.5111
1	50	2	2	70	1	2	2	10	5	2	8	1	0.67993853	10	6536.7563	6537.3563	6537.3563	6537.5563	6538.0363
1	50	2	2	71	1	2	2	11	3	1	1	1	0.69525983	11	6539.3668	6539.5668	6539.5668	6539.7668	6540.262
1	50	2	2	72	1	2	2	12	4	2	8	1	0.6501481	12	6541.5773	6542.1773	6542.1773	6542.3773	6542.8275
1	50	2	2	73	1	2	2	13	5	1	8	1	0.58056238	13	6544.1898	6544.3898	6544.3898	6544.5898	6544.9703
1	50	2	2	74	1	2	2	14	3	2	1	1	0.65539378	14	6546.398	6546.998	6546.998	6547.198	6547.6534
1	50	2	2	75	1	2	2	15	4	2	8	1	0.61865654	15	6549.0086	6549.6086	6549.6086	6549.8086	6550.2272
1	50	2	2	76	1	2	2	16	2	2	1	1	0.76842908	16	6551.6191	6552.2191	6552.2191	6552.4191	6552.9875
1	50	2	2	77	1	2	2	17	1	2	1	1	0.60280236	17	6554.227	6554.827	6554.827	6555.027	6555.4298
1	50	2	2	78	1	2	2	18	6	2	8	1	0.70238491	18	6556.8373	6557.4373	6557.4373	6557.6373	6558.1397
1	50	2	2	79	1	2	2	19	3	2	1	1	0.65786671	19	6559.4478	6560.0478	6560.0478	6560.2478	6560.7057
1	50	2	2	80	1	2	2	20	6	1	8	1	0.65255475	20	6562.0578	6562.2578	6562.2578	6562.4578	6562.9104
1	50	2	2	81	1	2	2	21	6	1	8	1	0.63933499	21	6564.268	6564.468	6564.468	6564.668	6565.1073
1	50	2	2	82	1	2	2	22	2	2	1	1	0.68483554	22	6566.4782	6567.0782	6567.0782	6567.2782	6567.7631
1	50	2	2	83	1	2	2	23	1	2	1	1	0.686647	23	6569.1271	6569.7272	6569.7272	6569.9272	6570.4138
1	50	2	2	84	1	2	2	24	4	1	8	1	0.69124713	24	6571.7365	6571.9365	6571.9365	6572.1365	6572.6277
1	50	2	2	85	1	2	2	25	6	1	8	1	0.60011131	25	6573.9476	6574.1477	6574.1477	6574.3477	6574.7478
1	50	2	2	86	1	2	2	26	6	2	8	1	0.50960972	26	6576.1585	6576.7586	6576.7586	6576.9586	6577.2682
1	50	2	2	87	1	2	2	27	5	2	8	1	0.52042723	27	6578.7696	6579.3697	6579.3697	6579.5697	6579.8901
1	50	2	2	88	1	2	2	28	3	1	1	1	0.64003225	28	6581.3808	6581.5808	6581.5808	6581.7809	6582.2209
1	50	2	2	89	1	2	2	29	5	2	8	1	0.62913788	29	6583.5918	6584.1918	6584.1918	6584.3918	6584.821
1	50	2	2	90	1	2	2	30	2	1	1	1	1.1317102	30	6586.2028	6586.4028	6586.4028	6586.6028	6587.5345
1	50	2	2	91	1	6	2	1	4	1	5	1	1.1977997	1	6634.5337	6634.7337	6634.7337	6634.9337	6635.9315
1	50	2	2	92	1	6	2	2	6	1	7	1	1.5933775	2	6636.746	6636.946	6636.946	6637.146	6638.5394
1	50	2	2	93	1	6	2	3	3	2	4	1	1.2965422	3	6638.9577	6639.5577	6639.5577	6639.7577	6640.8543
1	50	2	2	94	1	6	2	4	6	1	7	1	0.97484263	4	6641.5696	6641.7696	6641.7697	6641.9697	6642.7445
1	50	2	2	95	1	6	2	5	6	1	7	1	0.59848037	5	6643.7805	6643.9806	6643.9806	6644.1806	6644.5791
1	50	2	2	96	1	6	2	6	2	1	3	1	1.5786033	6	6645.9919	6646.1919	6646.192	6646.392	6647.7706
1	50	2	2	97	1	6	2	7	5	2	6	1	1.203315	7	6648.2032	6648.8032	6648.8032	6649.0032	6650.0065
1	50	2	2	98	1	6	2	8	6	1	7	1	0.75810621	8	6650.8132	6651.0132	6651.0132	6651.2132	6651.7713
1	50	2	2	99	1	6	2	9	2	1	3	1	1.723866	9	6653.025	6653.225	6653.225	6653.425	6654.9488
1	50	2	2	100	1	6	2	10	2	2	3	1	0.64028815	10	6655.2369	6655.8369	6655.8369	6656.0369	6656.4772
1	50	2	2	101	1	6	2	11	1	1	7	0	1.1131544	10	6657.8496	6658.0496	6658.0496	6658.2496	6659.1627
1	50	2	2	102	1	6	2	12	5	2	6	1	1.0931735	11	6660.3615	6660.9615	6660.9615	6661.1615	6662.0547
1	50	2	2	103	1	6	2	13	4	1	5	1	1.2254111	12	6662.9732	6663.1732	6663.1732	6663.3732	6664.3986
1	50	2	2	104	1	6	2	14	1	2	2	1	1.3668604	13	6665.2344	6665.8344	6665.8344	6666.0344	6667.2013
1	50	2	2	105	1	6	2	15	5	2	6	1	1.462965	14	6667.847	6668.447	6668.4471	6668.6471	6669.91
1	50	2	2	106	1	6	2	16	4	2	5	1	0.92935615	15	6670.4592	6671.0592	6671.0592	6671.2592	6671.9886
1	50	2	2	107	1	6	2	17	3	2	4	1	1.1194335	16	6673.0714	6673.6714	6673.6714	6673.8714	6674.7908
1	50	2	2	108	1	6	2	18	3	2	4	1	0.62449055	17	6675.6835	6676.2835	6676.2835	6676.4835	6676.908
1	50	2	2	109	1	6	2	19	4	2	5	1	0.78220821	18	6678.2956	6678.8956	6678.8956	6679.0956	6679.6778
1	50	2	2	110	1	6	2	20	5	1	6	1	1.0634799	19	6680.9073	6681.1073	6681.1073	6681.3073	6682.1708
1	50	2	2	111	1	6	2	21	1	1	2	1	1.6299824	20	6683.117	6683.317	6683.317	6683.517	6684.947
1	50	2	2	112	1	6	2	22	1	2	2	1	0.61306963	21	6685.3266	6685.9266	6685.9266	6686.1266	6686.5397
1	50	2	2	113	1	6	2	23	5	2	6	1	0.85723429	22	6687.9391	6688.5391	6688.5391	6688.7391	6689.3964
1	50	2	2	114	1	6	2	24	6	1	7	1	0.83031328	23	6690.5515	6690.7515	6690.7515	6690.9515	6691.5818
1	50	2	2	115	1	6	2	25	4	1	5	1	0.86642416	24	6692.7642	6692.9642	6692.9642	6693.1642	6693.8307
1	50	2	2	116	1	6	2	26	3	2	4	1	1.0742707	25	6694.976	6695.576	6695.576	6695.776	6696.6503
1	50	2	2	117	1	6	2	27	1	2	2	1	1.5276242	26	6697.5888	6698.1888	6698.1888	6698.3888	6699.7164
1	50	2	2	118	1	6	2	28	3	1	4	1	1.747712	27	6700.201	6700.401	6700.401	6700.601	6702.1487
1	50	2	2	119	1	6	2	29	2	2	3	1	0.64727949	28	6702.4136	6703.0136	6703.0136	6703.2136	6703.6609
1	50	2	2	120	1	6	2	30	2	1	3	1	0.6352811	29	6705.0263	6705.2263	6705.2263	6705.4263	6705.8616
1	50	2	2	121	1	2	3	1	6	1	8	1	0.96005051	1	6718.396	6718.596	6718.596	6718.796	6719.556
1	50	2	2	122	1	2	3	2	3	1	1	1	0.9085541	2	6720.6089	6720.8089	6720.8089	6721.0089	6721.7175
1	50	2	2	123	1	2	3	3	3	2	1	1	0.53581433	3	6722.8214	6723.4214	6723.4214	6723.6214	6723.9572
1	50	2	2	124	1	2	3	4	6	1	8	1	0.59444638	4	6725.4345	6725.6345	6725.6345	6725.8345	6726.2289
1	50	2	2	125	1	2	3	5	2	1	1	1	0.6463888	5	6727.6477	6727.8477	6727.8477	6728.0477	6728.4941
1	50	2	2	126	1	2	3	6	2	1	1	1	0.62443099	6	6729.8601	6730.0601	6730.0601	6730.2601	6730.6845
1	50	2	2	127	1	2	3	7	5	2	8	1	0.52055866	7	6732.0731	6732.6731	6732.6731	6732.8731	6733.1937
1	50	2	2	128	1	2	3	8	1	1	1	1	0.63184791	8	6734.6862	6734.8862	6734.8862	6735.0862	6735.518
1	50	2	2	129	1	2	3	9	3	1	1	1	0.56417666	9	6736.8964	6737.0964	6737.0964	6737.2964	6737.6606
1	50	2	2	130	1	2	3	10	1	2	1	1	0.54361544	10	6739.1093	6739.7093	6739.7093	6739.9093	6740.2529
1	50	2	2	131	1	2	3	11	4	1	8	1	0.58732157	11	6741.7226	6741.9226	6741.9226	6742.1227	6742.51
1	50	2	2	132	1	2	3	12	1	2	1	1	0.68320053	12	6743.936	6744.536	6744.536	6744.736	6745.2192
1	50	2	2	133	1	2	3	13	1	1	1	1	0.62360136	13	6746.5494	6746.7494	6746.7494	6746.9494	6747.373
1	50	2	2	134	1	2	3	14	5	2	8	1	0.59784541	14	6748.7613	6749.3613	6749.3613	6749.5613	6749.9592
1	50	2	2	135	1	2	3	15	6	2	8	1	0.5584255	15	6751.3746	6751.9746	6751.9746	6752.1746	6752.533
1	50	2	2	136	1	2	3	16	1	2	1	1	0.65653176	16	6753.9874	6754.5874	6754.5874	6754.7874	6755.2439
1	50	2	2	137	1	2	3	17	2	2	1	1	0.5304627	17	6756.6006	6757.2006	6757.2006	6757.4006	6757.731
1	50	2	2	138	1	2	3	18	6	2	8	1	0.63759989	18	6759.2137	6759.8137	6759.8137	6760.0137	6760.4513
1	50	2	2	139	1	2	3	19	3	2	1	1	0.55552113	19	6761.8257	6762.4257	6762.4257	6762.6257	6762.9812
1	50	2	2	140	1	2	3	20	4	1	8	1	0.50949642	20	6764.4396	6764.6396	6764.6396	6764.8396	6765.1491
1	50	2	2	141	1	2	3	21	4	1	8	1	0.77831663	21	6766.6509	6766.8509	6766.8509	6767.0509	6767.6292
1	50	2	2	142	1	2	3	22	2	2	1	1	0.55062554	22	6768.8642	6769.4642	6769.4642	6769.6642	6770.0148
1	50	2	2	143	1	2	3	23	4	2	8	1	0.51038039	23	6771.4781	6772.0782	6772.0782	6772.2782	6772.5885
1	50	2	2	144	1	2	3	24	5	1	8	1	0.5361868	24	6774.0922	6774.2922	6774.2922	6774.4922	6774.8284
1	50	2	2	145	1	2	3	25	3	1	1	1	0.69296917	25	6776.3579	6776.5579	6776.5579	6776.7579	6777.2509
1	50	2	2	146	1	2	3	26	5	2	8	1	0.52114145	26	6778.5715	6779.1715	6779.1715	6779.3715	6779.6926
1	50	2	2	147	1	2	3	27	4	2	8	1	0.48605252	27	6781.183	6781.783	6781.783	6781.9831	6782.2691
1	50	2	2	148	1	2	3	28	5	1	8	1	0.58769296	28	6783.7944	6783.9944	6783.9944	6784.1944	6784.5821
1	50	2	2	149	1	2	3	29	6	2	8	1	0.54242045	29	6786.0079	6786.6079	6786.6079	6786.8079	6787.1503
1	50	2	2	150	1	2	3	30	2	1	1	1	0.6870031	30	6788.6216	6788.8216	6788.8217	6789.0217	6789.5087
1	50	2	2	151	1	6	3	1	4	1	5	1	1.5007573	1	6807.7505	6807.9505	6807.9505	6808.1505	6809.4512
1	50	2	2	152	1	6	3	2	6	1	7	1	1.2872176	2	6809.9642	6810.1642	6810.1642	6810.3642	6811.4514
1	50	2	2	153	1	6	3	3	5	2	6	1	0.55556117	3	6812.1779	6812.7779	6812.7779	6812.9779	6813.3335
1	50	2	2	154	1	6	3	4	6	1	7	1	1.0346082	4	6814.7923	6814.9923	6814.9923	6815.1923	6816.0269
1	50	2	2	155	1	6	3	5	2	1	3	1	1.5156989	5	6817.0072	6817.2072	6817.2072	6817.4072	6818.7229
1	50	2	2	156	1	6	3	6	1	1	2	1	1.7829528	6	6819.2191	6819.4191	6819.4191	6819.6191	6821.2021
1	50	2	2	157	1	6	3	7	6	2	7	1	0.94106934	7	6821.4309	6822.0309	6822.0309	6822.2309	6822.972
1	50	2	2	158	1	6	3	8	2	1	3	1	1.4551686	8	6824.0449	6824.2449	6824.245	6824.445	6825.7001
1	50	2	2	159	1	6	3	9	5	1	6	1	0.99329586	9	6826.259	6826.4591	6826.4591	6826.6591	6827.4523
1	50	2	2	160	1	6	3	10	3	2	4	1	1.1859722	10	6828.4737	6829.0737	6829.0737	6829.2737	6830.2597
1	50	2	2	161	1	6	3	11	5	1	6	1	0.8495108	11	6831.0853	6831.2853	6831.2853	6831.4853	6832.1348
1	50	2	2	162	1	6	3	12	4	2	5	1	1.0252911	12	6833.2996	6833.8996	6833.8996	6834.0996	6834.9249
1	50	2	2	163	1	6	3	13	3	1	4	1	1.0985927	13	6835.9139	6836.1139	6836.1139	6836.314	6837.2125
1	50	2	2	164	1	6	3	14	1	2	2	1	1.2061006	14	6838.1284	6838.7284	6838.7284	6838.9284	6839.9345
1	50	2	2	165	1	6	3	15	3	2	4	1	1.2149129	15	6840.7411	6841.3411	6841.3411	6841.5411	6842.5561
1	50	2	2	166	1	6	3	16	5	2	6	1	0.90547881	16	6843.3535	6843.9535	6843.9535	6844.1535	6844.859
1	50	2	2	167	1	6	3	17	3	2	4	1	0.83521235	17	6845.9685	6846.5686	6846.5686	6846.7686	6847.4038
1	50	2	2	168	1	6	3	18	6	2	7	1	0.87110905	18	6848.5835	6849.1835	6849.1835	6849.3835	6850.0546
1	50	2	2	169	1	6	3	19	4	2	5	1	0.87080098	19	6851.1985	6851.7985	6851.7985	6851.9985	6852.6693
1	50	2	2	170	1	6	3	20	2	1	3	1	1.2867988	20	6853.8131	6854.0131	6854.0131	6854.2131	6855.2999
1	50	2	2	171	1	6	3	21	5	1	6	1	1.0832153	21	6856.0277	6856.2277	6856.2277	6856.4277	6857.3109
1	50	2	2	172	1	6	3	22	1	2	2	1	1.3442849	22	6858.2427	6858.8427	6858.8427	6859.0427	6860.187
1	50	2	2	173	1	6	3	23	6	2	7	1	1.12646	23	6860.8547	6861.4547	6861.4547	6861.6547	6862.5812
1	50	2	2	174	1	6	3	24	3	1	4	1	1.1781993	24	6863.4677	6863.6677	6863.6677	6863.8677	6864.8459
1	50	2	2	175	1	6	3	25	2	1	3	1	1.0201956	25	6865.6799	6865.8799	6865.8799	6866.0799	6866.9001
1	50	2	2	176	1	6	3	26	4	2	5	1	0.77329217	26	6867.8949	6868.495	6868.495	6868.695	6869.2682
1	50	2	2	177	1	6	3	27	2	2	3	1	1.6620687	27	6870.5096	6871.1096	6871.1096	6871.3096	6872.7717
1	50	2	2	178	1	6	3	28	4	1	5	1	1.3381957	28	6873.1251	6873.3251	6873.3251	6873.5252	6874.6633
1	50	2	2	179	1	6	3	29	1	2	7	0	0.95139472	28	6875.341	6875.941	6875.941	6876.141	6876.8924
1	50	2	2	180	1	6	3	30	1	1	2	1	0.92458586	29	6878.2641	6878.4641	6878.4641	6878.6641	6879.3887
1	50	2	2	181	2	2	4	1	3	1	1	1	1.0411201	1	7312.549	7312.749	7312.749	7312.949	7313.7901
1	50	2	2	182	2	2	4	2	3	1	1	1	0.58169564	2	7314.7651	7314.9651	7314.9651	7315.1651	7315.5468
1	50	2	2	183	2	2	4	3	6	2	8	1	0.57368336	3	7316.9779	7317.5779	7317.5779	7317.7779	7318.1516
1	50	2	2	184	2	2	4	4	4	1	8	1	0.72434372	4	7319.593	7319.793	7319.793	7319.993	7320.5174
1	50	2	2	185	2	2	4	5	2	1	1	1	0.58831013	5	7321.8087	7322.0087	7322.0087	7322.2088	7322.5971
1	50	2	2	186	2	2	4	6	1	1	1	1	0.6208001	6	7324.0248	7324.2248	7324.2248	7324.4248	7324.8456
1	50	2	2	187	2	2	4	7	6	2	8	1	0.68921558	7	7326.2374	7326.8374	7326.8374	7327.0374	7327.5266
1	50	2	2	188	2	2	4	8	3	1	1	1	0.62541811	8	7328.8533	7329.0533	7329.0533	7329.2533	7329.6788
1	50	2	2	189	2	2	4	9	1	1	1	1	0.55889283	9	7331.0696	7331.2696	7331.2696	7331.4696	7331.8285
1	50	2	2	190	2	2	4	10	4	2	8	1	0.63798852	10	7333.285	7333.885	7333.885	7334.085	7334.523
1	50	2	2	191	2	2	4	11	4	1	8	1	0.60656209	11	7335.9011	7336.1011	7336.1011	7336.3011	7336.7076
1	50	2	2	192	2	2	4	12	5	2	8	1	0.55878809	12	7338.1173	7338.7174	7338.7174	7338.9174	7339.2761
1	50	2	2	193	2	2	4	13	6	1	8	1	0.61564375	13	7340.7336	7340.9336	7340.9336	7341.1336	7341.5493
1	50	2	2	194	2	2	4	14	6	2	8	1	0.59238034	14	7342.9497	7343.5497	7343.5497	7343.7497	7344.1421
1	50	2	2	195	2	2	4	15	3	2	1	1	0.72365815	15	7345.5656	7346.1656	7346.1656	7346.3656	7346.8893
1	50	2	2	196	2	2	4	16	5	2	8	1	0.54999414	16	7348.1813	7348.7813	7348.7813	7348.9813	7349.3313
1	50	2	2	197	2	2	4	17	5	2	8	1	0.57397066	17	7350.7984	7351.3984	7351.3984	7351.5984	7351.9724
1	50	2	2	198	2	2	4	18	5	2	8	1	0.55811959	18	7353.4148	7354.0148	7354.0148	7354.2148	7354.573
1	50	2	2	199	2	2	4	19	2	2	1	1	0.62811712	19	7356.0809	7356.6809	7356.6809	7356.8809	7357.309
1	50	2	2	200	2	2	4	20	5	1	8	1	0.72496804	20	7358.6973	7358.8973	7358.8973	7359.0973	7359.6223
1	50	2	2	201	2	2	4	21	1	1	1	1	0.67946657	21	7360.9134	7361.1134	7361.1134	7361.3134	7361.7929
1	50	2	2	202	2	2	4	22	6	2	8	1	0.65871483	22	7363.1296	7363.7296	7363.7296	7363.9296	7364.3884
1	50	2	2	203	2	2	4	23	3	2	1	1	0.71971286	23	7365.7433	7366.3433	7366.3433	7366.5433	7367.063
1	50	2	2	204	2	2	4	24	2	1	1	1	0.72609622	24	7368.3596	7368.5596	7368.5596	7368.7596	7369.2857
1	50	2	2	205	2	2	4	25	1	1	1	1	0.59719932	25	7370.5758	7370.7758	7370.7758	7370.9758	7371.373
1	50	2	2	206	2	2	4	26	4	2	8	1	0.63915914	26	7372.7919	7373.3919	7373.3919	7373.5919	7374.0311
1	50	2	2	207	2	2	4	27	4	2	8	1	0.71597903	27	7375.4082	7376.0082	7376.0082	7376.2082	7376.7241
1	50	2	2	208	2	2	4	28	1	1	1	1	0.78260312	28	7378.0243	7378.2243	7378.2244	7378.4244	7379.007
1	50	2	2	209	2	2	4	29	2	2	1	1	0.57779851	29	7380.2415	7380.8415	7380.8415	7381.0415	7381.4193
1	50	2	2	210	2	2	4	30	2	1	1	1	0.55621855	30	7382.8549	7383.0549	7383.0549	7383.2549	7383.6111
1	50	2	2	211	2	6	4	1	4	1	5	1	1.0120842	1	7413.1279	7413.3279	7413.3279	7413.5279	7414.34
1	50	2	2	212	2	6	4	2	5	1	6	1	0.87363542	2	7415.345	7415.545	7415.545	7415.745	7416.4186
1	50	2	2	213	2	6	4	3	3	2	4	1	1.2836209	3	7417.5621	7418.1621	7418.1621	7418.3621	7419.4458
1	50	2	2	214	2	6	4	4	5	1	6	1	1.0042339	4	7420.1791	7420.3791	7420.3791	7420.5791	7421.3833
1	50	2	2	215	2	6	4	5	2	1	3	1	0.56935841	5	7422.3963	7422.5963	7422.5963	7422.7963	7423.1657
1	50	2	2	216	2	6	4	6	5	1	6	1	0.76882284	6	7424.6134	7424.8134	7424.8134	7425.0134	7425.5823
1	50	2	2	217	2	6	4	7	2	2	3	1	1.1109813	7	7426.8305	7427.4305	7427.4306	7427.6306	7428.5415
1	50	2	2	218	2	6	4	8	1	1	2	1	1.0686506	8	7429.448	7429.648	7429.648	7429.848	7430.7167
1	50	2	2	219	2	6	4	9	4	1	5	1	0.79400494	9	7431.6651	7431.8651	7431.8651	7432.0651	7432.6591
1	50	2	2	220	2	6	4	10	2	2	3	1	0.98096005	10	7433.882	7434.482	7434.482	7434.682	7435.463
1	50	2	2	221	2	6	4	11	1	1	2	1	0.8632529	11	7436.4998	7436.6998	7436.6998	7436.8998	7437.563
1	50	2	2	222	2	6	4	12	1	2	2	1	0.75154825	12	7438.7171	7439.3171	7439.3171	7439.5171	7440.0687
1	50	2	2	223	2	6	4	13	4	1	5	1	0.8467651	13	7441.3341	7441.5341	7441.5341	7441.7341	7442.3809
1	50	2	2	224	2	6	4	14	3	2	4	1	1.1336552	14	7443.5517	7444.1517	7444.1517	7444.3517	7445.2854
1	50	2	2	225	2	6	4	15	2	2	3	1	0.75510774	15	7446.1922	7446.7922	7446.7922	7446.9922	7447.5473
1	50	2	2	226	2	6	4	16	3	2	4	1	0.77955333	16	7448.8098	7449.4098	7449.4098	7449.6099	7450.1894
1	50	2	2	227	2	6	4	17	2	2	3	1	0.71199398	17	7451.4274	7452.0274	7452.0274	7452.2274	7452.7394
1	50	2	2	228	2	6	4	18	6	2	7	1	1.214321	18	7454.0442	7454.6442	7454.6442	7454.8442	7455.8585
1	50	2	2	229	2	6	4	19	6	2	7	1	0.68868875	19	7456.6622	7457.2622	7457.2622	7457.4622	7457.9509
1	50	2	2	230	2	6	4	20	4	1	5	1	0.85421586	20	7459.278	7459.478	7459.478	7459.678	7460.3322
1	50	2	2	231	2	6	4	21	3	1	4	1	0.99781168	21	7461.4961	7461.6961	7461.6961	7461.8961	7462.6939
1	50	2	2	232	2	6	4	22	3	2	4	1	0.56168718	22	7463.714	7464.314	7464.314	7464.5141	7464.8757
1	50	2	2	233	2	6	4	23	1	2	2	1	1.3037127	23	7466.3319	7466.9319	7466.9319	7467.1319	7468.2356
1	50	2	2	234	2	6	4	24	6	1	7	1	1.3012241	24	7468.9499	7469.1499	7469.1499	7469.3499	7470.4511
1	50	2	2	235	2	6	4	25	4	1	5	1	0.72287708	25	7471.168	7471.368	7471.368	7471.568	7472.0909
1	50	2	2	236	2	6	4	26	1	2	2	1	0.8866825	26	7473.3833	7473.9833	7473.9833	7474.1833	7474.87
1	50	2	2	237	2	6	4	27	6	2	7	1	0.98017924	27	7476.0018	7476.6018	7476.6018	7476.8018	7477.582
1	50	2	2	238	2	6	4	28	6	1	7	1	0.60253805	28	7478.6202	7478.8202	7478.8202	7479.0202	7479.4227
1	50	2	2	239	2	6	4	29	5	2	6	1	0.98083882	29	7480.8386	7481.4386	7481.4386	7481.6386	7482.4195
1	50	2	2	240	2	6	4	30	5	1	6	1	0.59438094	30	7483.4566	7483.6566	7483.6566	7483.8567	7484.251
1	50	2	2	241	2	2	5	1	6	1	8	1	0.79488133	1	7513.7468	7513.9468	7513.9469	7514.1469	7514.7417
1	50	2	2	242	2	2	5	2	6	1	8	1	0.58366888	2	7515.9653	7516.1654	7516.1654	7516.3654	7516.749
1	50	2	2	243	2	2	5	3	5	2	8	1	0.52370386	3	7518.1843	7518.7843	7518.7843	7518.9843	7519.308
1	50	2	2	244	2	2	5	4	5	1	8	1	0.54663806	4	7520.8023	7521.0023	7521.0023	7521.2023	7521.5489
1	50	2	2	245	2	2	5	5	4	1	8	1	0.52899089	5	7523.0208	7523.2208	7523.2208	7523.4208	7523.7498
1	50	2	2	246	2	2	5	6	2	1	1	1	0.65614683	6	7525.239	7525.439	7525.439	7525.639	7526.0951
1	50	2	2	247	2	2	5	7	1	2	1	1	0.539099	7	7527.4576	7528.0576	7528.0576	7528.2576	7528.5967
1	50	2	2	248	2	2	5	8	5	1	8	1	0.65633105	8	7530.0745	7530.2745	7530.2745	7530.4745	7530.9308
1	50	2	2	249	2	2	5	9	4	1	8	1	0.52995587	9	7532.29	7532.49	7532.49	7532.6901	7533.02
1	50	2	2	250	2	2	5	10	1	2	1	1	0.64294331	10	7534.506	7535.106	7535.106	7535.306	7535.7489
1	50	2	2	251	2	2	5	11	1	1	1	1	0.58429319	11	7537.1251	7537.3251	7537.3251	7537.5251	7537.9094
1	50	2	2	252	2	2	5	12	2	2	1	1	0.51228013	12	7539.3404	7539.9404	7539.9404	7540.1404	7540.4527
1	50	2	2	253	2	2	5	13	3	1	1	1	0.5831724	13	7541.9588	7542.1589	7542.1589	7542.3589	7542.742
1	50	2	2	254	2	2	5	14	4	2	8	1	0.55029315	14	7544.1808	7544.7808	7544.7808	7544.9808	7545.3311
1	50	2	2	255	2	2	5	15	6	2	8	1	0.50295965	15	7546.7963	7547.3963	7547.3963	7547.5963	7547.8993
1	50	2	2	256	2	2	5	16	3	2	1	1	0.78666267	16	7549.4156	7550.0156	7550.0156	7550.2156	7550.8023
1	50	2	2	257	2	2	5	17	5	2	8	1	0.73042888	17	7552.0343	7552.6343	7552.6343	7552.8343	7553.3648
1	50	2	2	258	2	2	5	18	6	2	8	1	0.7126782	18	7554.6501	7555.2501	7555.2501	7555.4501	7555.9628
1	50	2	2	259	2	2	5	19	3	2	1	1	0.63357677	19	7557.2671	7557.8671	7557.8671	7558.0671	7558.5006
1	50	2	2	260	2	2	5	20	4	1	8	1	0.60674508	20	7559.8864	7560.0864	7560.0864	7560.2865	7560.6932
1	50	2	2	261	2	2	5	21	2	1	1	1	0.88822978	21	7562.1026	7562.3026	7562.3026	7562.5026	7563.1908
1	50	2	2	262	2	2	5	22	5	2	8	1	0.68875555	22	7564.3219	7564.9219	7564.9219	7565.1219	7565.6107
1	50	2	2	263	2	2	5	23	2	2	1	1	0.71073406	23	7566.9408	7567.5408	7567.5408	7567.7408	7568.2515
1	50	2	2	264	2	2	5	24	3	1	1	1	0.63335307	24	7569.5574	7569.7574	7569.7574	7569.9574	7570.3908
1	50	2	2	265	2	2	5	25	4	1	8	1	0.63572597	25	7571.777	7571.977	7571.977	7572.177	7572.6127
1	50	2	2	266	2	2	5	26	3	2	1	1	0.7618651	26	7573.9966	7574.5966	7574.5966	7574.7966	7575.3585
1	50	2	2	267	2	2	5	27	2	2	1	1	0.56450241	27	7576.6159	7577.2159	7577.2159	7577.4159	7577.7804
1	50	2	2	268	2	2	5	28	1	1	1	1	0.5927305	28	7579.2351	7579.4351	7579.4351	7579.6351	7580.0278
1	50	2	2	269	2	2	5	29	1	2	1	1	0.55848921	29	7581.4523	7582.0523	7582.0523	7582.2523	7582.6108
1	50	2	2	270	2	2	5	30	6	1	8	1	0.63518135	30	7584.0724	7584.2724	7584.2724	7584.4724	7584.9076
1	50	2	2	271	2	6	5	1	6	1	7	1	1.3776257	1	7614.3558	7614.5559	7614.5559	7614.7559	7615.9335
1	50	2	2	272	2	6	5	2	1	1	2	1	1.1725115	2	7616.576	7616.776	7616.776	7616.976	7617.9485
1	50	2	2	273	2	6	5	3	1	2	2	1	0.89393851	3	7618.7927	7619.3927	7619.3927	7619.5927	7620.2866
1	50	2	2	274	2	6	5	4	2	1	3	1	1.0255678	4	7621.4123	7621.6123	7621.6123	7621.8124	7622.6379
1	50	2	2	275	2	6	5	5	4	1	5	1	0.88708519	5	7623.6304	7623.8304	7623.8304	7624.0304	7624.7175
1	50	2	2	276	2	6	5	6	2	1	3	1	1.146227	6	7625.8507	7626.0508	7626.0508	7626.2508	7627.197
1	50	2	2	277	2	6	5	7	2	2	3	1	0.60996998	7	7628.0677	7628.6677	7628.6678	7628.8678	7629.2777
1	50	2	2	278	2	6	5	8	3	1	4	1	0.89359956	8	7630.6864	7630.8864	7630.8864	7631.0864	7631.78
1	50	2	2	279	2	6	5	9	5	1	6	1	0.94903176	9	7632.9062	7633.1062	7633.1062	7633.3062	7634.0552
1	50	2	2	280	2	6	5	10	6	2	7	1	0.81539466	10	7635.1271	7635.7271	7635.7272	7635.9272	7636.5425
1	50	2	2	281	2	6	5	11	3	1	4	1	1.3291016	11	7637.7474	7637.9474	7637.9475	7638.1475	7639.2766
1	50	2	2	282	2	6	5	12	5	2	6	1	0.96665461	12	7639.9673	7640.5673	7640.5673	7640.7673	7641.534
1	50	2	2	283	2	6	5	13	2	1	3	1	1.7215978	13	7642.5872	7642.7872	7642.7872	7642.9872	7644.5088
1	50	2	2	284	2	6	5	14	4	2	5	1	0.87065351	14	7644.8073	7645.4073	7645.4073	7645.6073	7646.278
1	50	2	2	285	2	6	5	15	4	2	5	1	0.56636597	15	7647.4394	7648.0394	7648.0394	7648.2394	7648.6058
1	50	2	2	286	2	6	5	16	4	2	5	1	0.61497265	16	7650.062	7650.662	7650.662	7650.862	7651.277
1	50	2	2	287	2	6	5	17	1	2	2	1	0.98704818	17	7652.683	7653.283	7653.283	7653.483	7654.2701
1	50	2	2	288	2	6	5	18	4	2	5	1	0.75661079	18	7655.3047	7655.9047	7655.9047	7656.1047	7656.6613
1	50	2	2	289	2	6	5	19	6	2	7	1	0.92016054	19	7657.9257	7658.5257	7658.5257	7658.7257	7659.4459
1	50	2	2	290	2	6	5	20	2	1	3	1	1.2109601	20	7660.5454	7660.7454	7660.7454	7660.9454	7661.9564
1	50	2	2	291	2	6	5	21	3	1	4	1	1.0400334	21	7662.7657	7662.9657	7662.9657	7663.1657	7664.0057
1	50	2	2	292	2	6	5	22	1	2	2	1	1.1792579	22	7664.9861	7665.5861	7665.5861	7665.7861	7666.7653
1	50	2	2	293	2	6	5	23	5	2	6	1	0.98864295	23	7667.6077	7668.2077	7668.2077	7668.4077	7669.1963
1	50	2	2	294	2	6	5	24	6	1	7	1	0.62326282	24	7670.2288	7670.4288	7670.4288	7670.6288	7671.0521
1	50	2	2	295	2	6	5	25	3	1	4	1	0.93001413	25	7672.4498	7672.6498	7672.6498	7672.8498	7673.5798
1	50	2	2	296	2	6	5	26	5	2	6	1	0.72365655	26	7674.6703	7675.2703	7675.2703	7675.4703	7675.994
1	50	2	2	297	2	6	5	27	1	2	2	1	1.1321179	27	7677.2909	7677.8909	7677.8909	7678.0909	7679.0231
1	50	2	2	298	2	6	5	28	6	1	7	1	1.1597055	28	7679.9115	7680.1115	7680.1115	7680.3115	7681.2712
1	50	2	2	299	2	6	5	29	3	2	4	1	0.8557627	29	7682.1322	7682.7322	7682.7322	7682.9323	7683.588
1	50	2	2	300	2	6	5	30	5	1	6	1	0.77474131	30	7684.752	7684.952	7684.952	7685.152	7685.7267
1	50	2	2	301	2	2	6	1	5	1	8	1	0.72203865	1	7715.045	7715.245	7715.245	7715.445	7715.9671
1	50	2	2	302	2	2	6	2	3	1	1	1	0.5132518	2	7717.2663	7717.4663	7717.4663	7717.6663	7717.9795
1	50	2	2	303	2	2	6	3	3	2	1	1	0.58336317	3	7719.5109	7720.1109	7720.1109	7720.3109	7720.6942
1	50	2	2	304	2	2	6	4	2	1	1	1	0.51897231	4	7722.1326	7722.3326	7722.3326	7722.5326	7722.8515
1	50	2	2	305	2	2	6	5	4	1	8	1	0.60483264	5	7724.3535	7724.5535	7724.5535	7724.7535	7725.1584
1	50	2	2	306	2	2	6	6	5	1	8	1	0.50253184	6	7726.5745	7726.7745	7726.7745	7726.9745	7727.277
1	50	2	2	307	2	2	6	7	1	2	1	1	0.53770309	7	7728.7959	7729.3959	7729.3959	7729.5959	7729.9336
1	50	2	2	308	2	2	6	8	4	1	8	1	0.63010754	8	7731.4165	7731.6165	7731.6165	7731.8165	7732.2466
1	50	2	2	309	2	2	6	9	1	1	1	1	0.6986344	9	7733.6357	7733.8357	7733.8357	7734.0357	7734.5343
1	50	2	2	310	2	2	6	10	5	2	8	1	0.57779674	10	7735.8573	7736.4573	7736.4573	7736.6573	7737.0351
1	50	2	2	311	2	2	6	11	2	1	1	1	0.69349383	11	7738.4785	7738.6785	7738.6785	7738.8785	7739.372
1	50	2	2	312	2	2	6	12	3	2	1	1	0.59423488	12	7740.6971	7741.2971	7741.2971	7741.4971	7741.8913
1	50	2	2	313	2	2	6	13	6	1	8	1	0.60563386	13	7743.3209	7743.5209	7743.5209	7743.7209	7744.1265
1	50	2	2	314	2	2	6	14	1	2	1	1	0.58716233	14	7745.5459	7746.1459	7746.1459	7746.3459	7746.733
1	50	2	2	315	2	2	6	15	3	2	1	1	0.64440645	15	7748.1677	7748.7677	7748.7677	7748.9677	7749.4121
1	50	2	2	316	2	2	6	16	2	2	1	1	0.51376413	16	7750.787	7751.387	7751.387	7751.587	7751.9007
1	50	2	2	317	2	2	6	17	3	2	1	1	0.50308401	17	7753.4054	7754.0054	7754.0054	7754.2054	7754.5085
1	50	2	2	318	2	2	6	18	5	2	8	1	0.60140695	18	7756.0272	7756.6272	7756.6272	7756.8272	7757.2286
1	50	2	2	319	2	2	6	19	1	2	1	1	0.61137875	19	7758.6499	7759.2499	7759.2499	7759.4499	7759.8613
1	50	2	2	320	2	2	6	20	6	1	8	1	0.61013019	20	7761.2741	7761.4741	7761.4741	7761.6741	7762.0842
1	50	2	2	321	2	2	6	21	2	1	1	1	0.63938786	21	7763.4952	7763.6952	7763.6952	7763.8952	7764.3346
1	50	2	2	322	2	2	6	22	4	2	8	1	0.62626231	22	7765.7169	7766.3169	7766.3169	7766.5169	7766.9431
1	50	2	2	323	2	2	6	23	1	2	1	1	0.55501483	23	7768.3383	7768.9383	7768.9383	7769.1383	7769.4933
1	50	2	2	324	2	2	6	24	5	1	8	1	0.51893609	24	7770.9599	7771.1599	7771.1599	7771.3599	7771.6789
1	50	2	2	325	2	2	6	25	6	1	8	1	0.59078387	25	7773.1819	7773.3819	7773.3819	7773.5819	7773.9727
1	50	2	2	326	2	2	6	26	2	2	1	1	0.56184148	26	7775.4039	7776.0039	7776.0039	7776.2039	7776.5658
1	50	2	2	327	2	2	6	27	4	2	8	1	0.63330332	27	7778.0259	7778.6259	7778.6259	7778.8259	7779.2592
1	50	2	2	328	2	2	6	28	4	1	8	1	0.85177048	28	7780.6479	7780.8479	7780.8479	7781.0479	7781.6997
1	50	2	2	329	2	2	6	29	6	2	8	1	0.56595035	29	7782.8709	7783.4709	7783.4709	7783.6709	7784.0368
1	50	2	2	330	2	2	6	30	6	1	8	1	0.511686	30	7785.4934	7785.6934	7785.6934	7785.8934	7786.2051
1	50	2	2	331	2	6	6	1	6	1	7	1	1.1609978	1	7815.7741	7815.9741	7815.9742	7816.1742	7817.1352
1	50	2	2	332	2	6	6	2	4	1	5	1	0.71309837	2	7817.9966	7818.1966	7818.1966	7818.3966	7818.9097
1	50	2	2	333	2	6	6	3	1	2	2	1	1.195417	3	7820.2196	7820.8197	7820.8197	7821.0197	7822.0151
1	50	2	2	334	2	6	6	4	2	1	3	1	1.0929079	4	7822.842	7823.042	7823.042	7823.242	7824.1349
1	50	2	2	335	2	6	6	5	5	1	6	1	0.89893223	5	7825.0649	7825.2649	7825.2649	7825.4649	7826.1638
1	50	2	2	336	2	6	6	6	5	1	6	1	0.65807007	6	7827.2875	7827.4875	7827.4875	7827.6875	7828.1456
1	50	2	2	337	2	6	6	7	1	2	2	1	1.3757107	7	7829.5093	7830.1093	7830.1093	7830.3093	7831.485
1	50	2	2	338	2	6	6	8	1	1	2	1	0.68640983	8	7832.1345	7832.3345	7832.3345	7832.5345	7833.0209
1	50	2	2	339	2	6	6	9	6	1	7	1	1.0008244	9	7834.3568	7834.5568	7834.5568	7834.7568	7835.5576
1	50	2	2	340	2	6	6	10	4	2	5	1	0.94919638	10	7836.6296	7837.2296	7837.2296	7837.4296	7838.1788
1	50	2	2	341	2	6	6	11	2	1	3	1	0.94732287	11	7839.2492	7839.4492	7839.4492	7839.6492	7840.3965
1	50	2	2	342	2	6	6	12	2	2	3	1	0.58174635	12	7841.4713	7842.0713	7842.0713	7842.2713	7842.653
1	50	2	2	343	2	6	6	13	5	1	6	1	0.80492687	13	7844.0947	7844.2947	7844.2947	7844.4947	7845.0997
1	50	2	2	344	2	6	6	14	3	2	4	1	1.1341435	14	7846.3178	7846.9178	7846.9179	7847.1179	7848.052
1	50	2	2	345	2	6	6	15	4	2	5	1	0.8104409	15	7848.9406	7849.5406	7849.5406	7849.7406	7850.351
1	50	2	2	346	2	6	6	16	5	2	6	1	0.72081952	16	7851.5624	7852.1624	7852.1624	7852.3624	7852.8832
1	50	2	2	347	2	6	6	17	1	2	2	1	1.1958226	17	7854.1851	7854.7851	7854.7851	7854.9851	7855.9809
1	50	2	2	348	2	6	6	18	5	2	6	1	0.96266041	18	7856.8067	7857.4067	7857.4067	7857.6067	7858.3693
1	50	2	2	349	2	6	6	19	6	2	7	1	0.87338284	19	7859.4296	7860.0296	7860.0296	7860.2296	7860.903
1	50	2	2	350	2	6	6	20	3	1	4	1	1.1796195	20	7862.0509	7862.2509	7862.2509	7862.451	7863.4306
1	50	2	2	351	2	6	6	21	3	1	4	1	0.63425256	21	7864.2741	7864.4741	7864.4741	7864.6741	7865.1084
1	50	2	2	352	2	6	6	22	6	2	7	1	1.0903411	22	7866.4981	7867.0981	7867.0981	7867.2981	7868.1885
1	50	2	2	353	2	6	6	23	2	2	3	1	1.4762579	23	7869.1212	7869.7212	7869.7212	7869.9212	7871.1974
1	50	2	2	354	2	6	6	24	6	1	7	1	1.0255554	24	7871.747	7871.947	7871.947	7872.147	7872.9725
1	50	2	2	355	2	6	6	25	2	1	3	1	0.84079764	25	7873.9703	7874.1703	7874.1703	7874.3703	7875.0111
1	50	2	2	356	2	6	6	26	4	2	5	1	0.85299077	26	7876.1939	7876.7939	7876.7939	7876.9939	7877.6469
1	50	2	2	357	2	6	6	27	3	2	4	1	0.68000731	27	7878.8139	7879.4139	7879.4139	7879.6139	7880.0939
1	50	2	2	358	2	6	6	28	4	1	5	1	0.77721723	28	7881.4368	7881.6368	7881.6368	7881.8368	7882.414
1	50	2	2	359	2	6	6	29	3	2	4	1	0.78447314	29	7883.6604	7884.2604	7884.2604	7884.4604	7885.0449
1	50	2	2	360	2	6	6	30	1	1	2	1	1.1227757	30	7886.2846	7886.4846	7886.4846	7886.6846	7887.6073
1	50	2	2	361	3	2	7	1	3	1	1	1	0.69388683	1	8849.8249	8850.0249	8850.0249	8850.2249	8850.7188
1	50	2	2	362	3	2	7	2	5	1	8	1	0.59465094	2	8852.0493	8852.2493	8852.2493	8852.4493	8852.8439
1	50	2	2	363	3	2	7	3	1	2	1	1	0.54184665	3	8854.2728	8854.8728	8854.8728	8855.0728	8855.4146
1	50	2	2	364	3	2	7	4	6	1	8	1	0.58950562	4	8856.8965	8857.0965	8857.0965	8857.2965	8857.686
1	50	2	2	365	3	2	7	5	3	1	1	1	0.81852944	5	8859.1206	8859.3206	8859.3206	8859.5206	8860.1391
1	50	2	2	366	3	2	7	6	2	1	1	1	0.60640776	6	8861.3417	8861.5417	8861.5417	8861.7417	8862.1481
1	50	2	2	367	3	2	7	7	5	2	8	1	0.58108146	7	8863.5662	8864.1662	8864.1662	8864.3662	8864.7473
1	50	2	2	368	3	2	7	8	5	1	8	1	0.53648175	8	8866.1892	8866.3892	8866.3892	8866.5892	8866.9257
1	50	2	2	369	3	2	7	9	4	1	8	1	0.56868361	9	8868.4129	8868.6129	8868.6129	8868.8129	8869.1816
1	50	2	2	370	3	2	7	10	4	2	8	1	0.48702679	10	8870.6395	8871.2395	8871.2395	8871.4395	8871.7265
1	50	2	2	371	3	2	7	11	3	1	1	1	0.69388223	11	8873.2637	8873.4637	8873.4637	8873.6637	8874.1575
1	50	2	2	372	3	2	7	12	1	2	1	1	0.5229901	12	8875.4882	8876.0882	8876.0882	8876.2882	8876.6112
1	50	2	2	373	3	2	7	13	1	1	1	1	0.60561853	13	8878.1129	8878.3129	8878.3129	8878.5129	8878.9185
1	50	2	2	374	3	2	7	14	5	2	8	1	0.63804267	14	8880.337	8880.937	8880.937	8881.137	8881.575
1	50	2	2	375	3	2	7	15	1	2	1	1	0.63732046	15	8882.9618	8883.5618	8883.5618	8883.7618	8884.1991
1	50	2	2	376	3	2	7	16	2	2	1	1	0.58738289	16	8885.5856	8886.1856	8886.1856	8886.3856	8886.773
1	50	2	2	377	3	2	7	17	6	2	8	1	0.61876942	17	8888.2193	8888.8193	8888.8193	8889.0193	8889.4381
1	50	2	2	378	3	2	7	18	3	2	1	1	0.6578391	18	8890.8429	8891.4429	8891.4429	8891.6429	8892.1008
1	50	2	2	379	3	2	7	19	1	2	1	1	0.55540697	19	8893.4677	8894.0678	8894.0678	8894.2678	8894.6232
1	50	2	2	380	3	2	7	20	2	1	1	1	0.5598175	20	8896.0932	8896.2932	8896.2932	8896.4932	8896.853
1	50	2	2	381	3	2	7	21	2	1	1	1	0.52772947	21	8898.3169	8898.5169	8898.5169	8898.717	8899.0447
1	50	2	2	382	3	2	7	22	4	2	8	1	0.52732944	22	8900.5412	8901.1412	8901.1412	8901.3412	8901.6685
1	50	2	2	383	3	2	7	23	6	2	8	1	0.6552504	23	8903.1657	8903.7657	8903.7657	8903.9657	8904.4209
1	50	2	2	384	3	2	7	24	4	1	8	1	0.57654444	24	8905.7901	8905.9901	8905.9901	8906.1901	8906.5666
1	50	2	2	385	3	2	7	25	3	1	1	1	0.77574856	25	8908.014	8908.214	8908.214	8908.414	8908.9897
1	50	2	2	386	3	2	7	26	5	2	8	1	0.63837873	26	8910.2382	8910.8382	8910.8382	8911.0382	8911.4766
1	50	2	2	387	3	2	7	27	6	2	8	1	0.54173502	27	8912.8627	8913.4627	8913.4627	8913.6627	8914.0045
1	50	2	2	388	3	2	7	28	2	1	1	1	0.62049762	28	8915.4866	8915.6866	8915.6866	8915.8866	8916.3071
1	50	2	2	389	3	2	7	29	6	2	8	1	0.65192197	29	8917.7112	8918.3112	8918.3112	8918.5112	8918.9631
1	50	2	2	390	3	2	7	30	4	1	8	1	0.54059676	30	8920.3384	8920.5384	8920.5385	8920.7385	8921.079
1	50	2	2	391	3	6	7	1	5	1	6	1	0.94820417	1	8950.6243	8950.8243	8950.8243	8951.0243	8951.7725
1	50	2	2	392	3	6	7	2	6	1	7	1	0.68566959	2	8952.8488	8953.0488	8953.0488	8953.2488	8953.7345
1	50	2	2	393	3	6	7	3	2	2	3	1	1.5514248	3	8955.0744	8955.6744	8955.6744	8955.8744	8957.2259
1	50	2	2	394	3	6	7	4	2	1	3	1	0.71729426	4	8957.6947	8957.8947	8957.8947	8958.0947	8958.612
1	50	2	2	395	3	6	7	5	6	1	7	1	1.0307694	5	8959.92	8960.12	8960.12	8960.32	8961.1508
1	50	2	2	396	3	6	7	6	4	1	5	1	1.1092394	6	8962.1415	8962.3415	8962.3415	8962.5415	8963.4507
1	50	2	2	397	3	6	7	7	4	2	5	1	0.70152361	7	8964.367	8964.967	8964.967	8965.167	8965.6685
1	50	2	2	398	3	6	7	8	5	1	6	1	0.83835432	8	8966.9927	8967.1927	8967.1927	8967.3927	8968.0311
1	50	2	2	399	3	6	7	9	6	1	7	1	0.73017533	9	8969.2168	8969.4168	8969.4168	8969.6168	8970.147
1	50	2	2	400	3	6	7	10	2	2	3	1	1.1140955	10	8971.4417	8972.0417	8972.0417	8972.2417	8973.1558
1	50	2	2	401	3	6	7	11	2	1	3	1	0.61023448	11	8974.0672	8974.2672	8974.2672	8974.4672	8974.8775
1	50	2	2	402	3	6	7	12	1	2	2	1	0.95829869	12	8976.2927	8976.8927	8976.8927	8977.0927	8977.851
1	50	2	2	403	3	6	7	13	1	1	2	1	0.62385324	13	8978.9158	8979.1158	8979.1158	8979.3158	8979.7396
1	50	2	2	404	3	6	7	14	5	2	6	1	0.8585328	14	8981.138	8981.738	8981.738	8981.938	8982.5966
1	50	2	2	405	3	6	7	15	6	2	7	1	0.62854558	15	8983.7633	8984.3634	8984.3634	8984.5634	8984.9919
1	50	2	2	406	3	6	7	16	3	2	4	1	1.3280446	16	8986.389	8986.989	8986.989	8987.189	8988.3171
1	50	2	2	407	3	6	7	17	3	2	4	1	0.62065581	17	8989.0145	8989.6145	8989.6145	8989.8145	8990.2351
1	50	2	2	408	3	6	7	18	4	2	5	1	0.85983373	18	8991.6396	8992.2396	8992.2396	8992.4396	8993.0994
1	50	2	2	409	3	6	7	19	2	2	3	1	1.1791294	19	8994.2648	8994.8648	8994.8648	8995.0648	8996.0439
1	50	2	2	410	3	6	7	20	6	1	7	1	1.0514327	20	8996.8875	8997.0875	8997.0875	8997.2875	8998.139
1	50	2	2	411	3	6	7	21	1	1	2	1	1.0854655	21	8999.1127	8999.3127	8999.3127	8999.5127	9000.3981
1	50	2	2	412	3	6	7	22	3	2	4	1	0.90448028	22	9001.3386	9001.9386	9001.9386	9002.1386	9002.843
1	50	2	2	413	3	6	7	23	1	2	2	1	1.024895	23	9003.9625	9004.5625	9004.5625	9004.7625	9005.5874
1	50	2	2	414	3	6	7	24	3	1	4	1	0.83640156	24	9006.5853	9006.7853	9006.7853	9006.9853	9007.6217
1	50	2	2	415	3	6	7	25	5	1	6	1	0.8965651	25	9008.8109	9009.0109	9009.0109	9009.2109	9009.9075
1	50	2	2	416	3	6	7	26	1	2	0	0	-9011.6365	25	9011.0365	9011.6365	9011.6365	9011.8365	0
1	50	2	2	417	3	6	7	27	3	2	4	1	0.92737781	26	9013.6623	9014.2623	9014.2623	9014.4623	9015.1897
1	50	2	2	418	3	6	7	28	5	1	6	1	0.89455567	27	9016.2876	9016.4876	9016.4876	9016.6876	9017.3821
1	50	2	2	419	3	6	7	29	4	2	5	1	0.88958221	28	9018.5138	9019.1138	9019.1138	9019.3138	9020.0034
1	50	2	2	420	3	6	7	30	4	1	5	1	0.61184359	29	9021.1431	9021.3432	9021.3432	9021.5432	9021.955
1	50	2	2	421	3	2	8	1	6	1	8	1	0.7655914	1	9051.4336	9051.6336	9051.6336	9051.8336	9052.3992
1	50	2	2	422	3	2	8	2	6	1	8	1	0.5776228	2	9053.6602	9053.8603	9053.8603	9054.0603	9054.4379
1	50	2	2	423	3	2	8	3	4	2	8	1	0.63207668	3	9055.886	9056.486	9056.486	9056.686	9057.1181
1	50	2	2	424	3	2	8	4	6	1	8	1	0.55761089	4	9058.5123	9058.7123	9058.7123	9058.9123	9059.2699
1	50	2	2	425	3	2	8	5	3	1	1	1	0.70170306	5	9060.7381	9060.9381	9060.9381	9061.1381	9061.6398
1	50	2	2	426	3	2	8	6	5	1	8	1	0.60928289	6	9062.9641	9063.1641	9063.1641	9063.3641	9063.7734
1	50	2	2	427	3	2	8	7	4	2	8	1	0.54111177	7	9065.1919	9065.7919	9065.7919	9065.9919	9066.333
1	50	2	2	428	3	2	8	8	3	1	1	1	0.72661491	8	9067.824	9068.0241	9068.0241	9068.2241	9068.7507
1	50	2	2	429	3	2	8	9	2	1	1	1	0.62797896	9	9070.048	9070.248	9070.248	9070.448	9070.876
1	50	2	2	430	3	2	8	10	5	2	8	1	0.60479508	10	9072.2746	9072.8746	9072.8746	9073.0746	9073.4794
1	50	2	2	431	3	2	8	11	3	1	1	1	0.77778911	11	9074.9002	9075.1002	9075.1002	9075.3002	9075.878
1	50	2	2	432	3	2	8	12	2	2	1	1	0.63113201	12	9077.1251	9077.7251	9077.7251	9077.9251	9078.3563
1	50	2	2	433	3	2	8	13	4	1	8	1	0.8000673	13	9079.7513	9079.9513	9079.9513	9080.1513	9080.7514
1	50	2	2	434	3	2	8	14	1	2	1	1	0.72896414	14	9081.9783	9082.5783	9082.5783	9082.7783	9083.3072
1	50	2	2	435	3	2	8	15	6	2	8	1	0.72944589	15	9084.6043	9085.2043	9085.2043	9085.4043	9085.9338
1	50	2	2	436	3	2	8	16	1	2	1	1	0.69274792	16	9087.2308	9087.8308	9087.8308	9088.0308	9088.5235
1	50	2	2	437	3	2	8	17	5	2	8	1	0.63636011	17	9089.8583	9090.4583	9090.4583	9090.6583	9091.0946
1	50	2	2	438	3	2	8	18	1	2	1	1	0.62354604	18	9092.4851	9093.0851	9093.0851	9093.2851	9093.7087
1	50	2	2	439	3	2	8	19	6	2	8	1	0.65426684	19	9095.1126	9095.7126	9095.7126	9095.9126	9096.3668
1	50	2	2	440	3	2	8	20	5	1	8	1	0.64127119	20	9097.7372	9097.9372	9097.9372	9098.1372	9098.5785
1	50	2	2	441	3	2	8	21	3	1	1	1	0.74271394	21	9099.9642	9100.1642	9100.1642	9100.3642	9100.9069
1	50	2	2	442	3	2	8	22	4	2	8	1	0.74944549	22	9102.1916	9102.7916	9102.7916	9102.9917	9103.5411
1	50	2	2	443	3	2	8	23	1	2	1	1	0.68417146	23	9104.8185	9105.4185	9105.4185	9105.6185	9106.1027
1	50	2	2	444	3	2	8	24	2	1	1	1	0.74085522	24	9107.45	9107.65	9107.65	9107.8501	9108.3909
1	50	2	2	445	3	2	8	25	3	1	1	1	0.70681843	25	9109.6765	9109.8765	9109.8765	9110.0765	9110.5833
1	50	2	2	446	3	2	8	26	5	2	8	1	0.6831333	26	9111.9037	9112.5037	9112.5038	9112.7038	9113.1869
1	50	2	2	447	3	2	8	27	1	2	1	1	0.66607828	27	9114.5309	9115.1309	9115.1309	9115.3309	9115.797
1	50	2	2	448	3	2	8	28	2	1	1	1	0.70210309	28	9117.1597	9117.3597	9117.3597	9117.5597	9118.0618
1	50	2	2	449	3	2	8	29	2	2	1	1	0.56705105	29	9119.3881	9119.9881	9119.9881	9120.1881	9120.5552
1	50	2	2	450	3	2	8	30	4	1	8	1	0.67765089	30	9122.0151	9122.2151	9122.2151	9122.4151	9122.8927
1	50	2	2	451	3	6	8	1	4	1	5	1	0.65167918	1	9152.3032	9152.5032	9152.5032	9152.7032	9153.1549
1	50	2	2	452	3	6	8	2	1	1	2	1	1.0604676	2	9154.5365	9154.7365	9154.7365	9154.9365	9155.797
1	50	2	2	453	3	6	8	3	3	2	4	1	0.8271955	3	9156.7628	9157.3628	9157.3628	9157.5628	9158.19
1	50	2	2	454	3	6	8	4	2	1	3	1	0.58870649	4	9159.3902	9159.5902	9159.5902	9159.7902	9160.1789
1	50	2	2	455	3	6	8	5	6	1	7	1	1.0145339	5	9161.6226	9161.8226	9161.8226	9162.0226	9162.8371
1	50	2	2	456	3	6	8	6	4	1	5	1	0.92199274	6	9163.8504	9164.0504	9164.0504	9164.2504	9164.9724
1	50	2	2	457	3	6	8	7	5	2	6	1	0.61413467	7	9166.079	9166.679	9166.679	9166.879	9167.2932
1	50	2	2	458	3	6	8	8	4	1	5	1	0.89166314	8	9168.7062	9168.9062	9168.9062	9169.1062	9169.7979
1	50	2	2	459	3	6	8	9	4	1	5	1	0.61943543	9	9170.9306	9171.1306	9171.1306	9171.3306	9171.75
1	50	2	2	460	3	6	8	10	2	2	3	1	1.0880089	10	9173.159	9173.759	9173.759	9173.959	9174.8471
1	50	2	2	461	3	6	8	11	3	1	4	1	0.64085008	11	9175.7867	9175.9867	9175.9867	9176.1867	9176.6276
1	50	2	2	462	3	6	8	12	2	2	3	1	0.89639302	12	9178.0142	9178.6142	9178.6142	9178.8142	9179.5106
1	50	2	2	463	3	6	8	13	5	1	6	1	0.86656936	13	9180.6414	9180.8414	9180.8414	9181.0414	9181.708
1	50	2	2	464	3	6	8	14	1	2	2	1	0.9930526	14	9182.8698	9183.4698	9183.4698	9183.6698	9184.4629
1	50	2	2	465	3	6	8	15	5	2	6	1	0.83237459	15	9185.5398	9186.1398	9186.1398	9186.3398	9186.9722
1	50	2	2	466	3	6	8	16	4	2	5	1	0.70712815	16	9188.1677	9188.7677	9188.7677	9188.9677	9189.4748
1	50	2	2	467	3	6	8	17	1	2	2	1	0.91993245	17	9190.7928	9191.3928	9191.3928	9191.5928	9192.3127
1	50	2	2	468	3	6	8	18	2	2	3	1	0.92216149	18	9193.4211	9194.0211	9194.0211	9194.2211	9194.9433
1	50	2	2	469	3	6	8	19	3	2	4	1	0.99374094	19	9196.0497	9196.6497	9196.6497	9196.8497	9197.6434
1	50	2	2	470	3	6	8	20	5	1	6	1	0.8310539	20	9198.6777	9198.8777	9198.8777	9199.0777	9199.7088
1	50	2	2	471	3	6	8	21	3	1	4	1	0.80127803	21	9200.9059	9201.1059	9201.1059	9201.3059	9201.9071
1	50	2	2	472	3	6	8	22	6	2	7	1	0.98342531	22	9203.1338	9203.7338	9203.7338	9203.9338	9204.7172
1	50	2	2	473	3	6	8	23	6	2	7	1	0.66320731	23	9205.7588	9206.3588	9206.3588	9206.5588	9207.022
1	50	2	2	474	3	6	8	24	5	1	6	1	0.73787114	24	9208.3878	9208.5878	9208.5878	9208.7878	9209.3257
1	50	2	2	475	3	6	8	25	2	1	3	1	0.99611729	25	9210.6171	9210.8171	9210.8171	9211.0171	9211.8132
1	50	2	2	476	3	6	8	26	6	2	7	1	1.0692421	26	9212.8475	9213.4475	9213.4475	9213.6475	9214.5167
1	50	2	2	477	3	6	8	27	1	2	2	1	0.97966358	27	9215.4755	9216.0755	9216.0755	9216.2755	9217.0552
1	50	2	2	478	3	6	8	28	6	1	7	1	0.86634779	28	9218.1065	9218.3065	9218.3065	9218.5065	9219.1728
1	50	2	2	479	3	6	8	29	1	2	2	1	1.073545	29	9220.3374	9220.9374	9220.9374	9221.1374	9222.0109
1	50	2	2	480	3	6	8	30	3	1	4	1	0.82009002	30	9222.9675	9223.1675	9223.1675	9223.3675	9223.9876
1	50	2	2	481	3	2	9	1	2	1	1	1	0.7596018	1	9253.2627	9253.4627	9253.4627	9253.6627	9254.2223
1	50	2	2	482	3	2	9	2	6	1	8	1	0.67302354	2	9255.4929	9255.6929	9255.6929	9255.8929	9256.3659
1	50	2	2	483	3	2	9	3	5	2	8	1	0.54954689	3	9257.7187	9258.3187	9258.3187	9258.5187	9258.8682
1	50	2	2	484	3	2	9	4	4	1	8	1	0.56141702	4	9260.3472	9260.5472	9260.5472	9260.7472	9261.1086
1	50	2	2	485	3	2	9	5	2	1	1	1	0.70764912	5	9262.5757	9262.7757	9262.7757	9262.9757	9263.4834
1	50	2	2	486	3	2	9	6	6	1	8	1	0.65963015	6	9264.8071	9265.0071	9265.0071	9265.2071	9265.6668
1	50	2	2	487	3	2	9	7	3	2	1	1	0.54551529	7	9267.0364	9267.6364	9267.6364	9267.8364	9268.1819
1	50	2	2	488	3	2	9	8	1	1	1	1	0.58711511	8	9269.6637	9269.8637	9269.8637	9270.0637	9270.4508
1	50	2	2	489	3	2	9	9	6	1	8	1	0.63753613	9	9271.8948	9272.0948	9272.0948	9272.2948	9272.7323
1	50	2	2	490	3	2	9	10	2	2	1	1	0.6728041	10	9274.1251	9274.7251	9274.7251	9274.9251	9275.3979
1	50	2	2	491	3	2	9	11	6	1	8	1	0.57754874	11	9276.7542	9276.9542	9276.9542	9277.1542	9277.5318
1	50	2	2	492	3	2	9	12	5	2	8	1	0.63029778	12	9278.9833	9279.5833	9279.5833	9279.7833	9280.2136
1	50	2	2	493	3	2	9	13	6	1	8	1	0.61322432	13	9281.6399	9281.8399	9281.8399	9282.0399	9282.4531
1	50	2	2	494	3	2	9	14	4	2	8	1	0.56356062	14	9283.8727	9284.4727	9284.4727	9284.6727	9285.0363
1	50	2	2	495	3	2	9	15	1	2	1	1	0.73564268	15	9286.502	9287.102	9287.102	9287.302	9287.8377
1	50	2	2	496	3	2	9	16	3	2	1	1	0.57568956	16	9289.1316	9289.7316	9289.7316	9289.9316	9290.3073
1	50	2	2	497	3	2	9	17	4	2	8	1	0.60122182	17	9291.7632	9292.3632	9292.3632	9292.5632	9292.9645
1	50	2	2	498	3	2	9	18	1	2	1	1	0.63055779	18	9294.3929	9294.9929	9294.9929	9295.193	9295.6235
1	50	2	2	499	3	2	9	19	1	2	1	1	0.55888317	19	9297.0223	9297.6223	9297.6223	9297.8223	9298.1812
1	50	2	2	500	3	2	9	20	3	1	1	1	0.58427985	20	9299.6595	9299.8595	9299.8595	9300.0596	9300.4438
1	50	2	2	501	3	2	9	21	1	1	1	1	0.57081977	21	9301.8885	9302.0885	9302.0885	9302.2885	9302.6593
1	50	2	2	502	3	2	9	22	5	2	8	1	0.64612073	22	9304.1178	9304.7178	9304.7178	9304.9178	9305.3639
1	50	2	2	503	3	2	9	23	4	2	8	1	0.56142223	23	9306.7478	9307.3478	9307.3478	9307.5479	9307.9093
1	50	2	2	504	3	2	9	24	2	1	1	1	0.70083663	24	9309.3773	9309.5773	9309.5773	9309.7773	9310.2781
1	50	2	2	505	3	2	9	25	3	1	1	1	0.62228951	25	9311.6056	9311.8056	9311.8056	9312.0056	9312.4279
1	50	2	2	506	3	2	9	26	4	2	8	1	0.58485572	26	9313.8355	9314.4355	9314.4355	9314.6355	9315.0203
1	50	2	2	507	3	2	9	27	2	2	1	1	0.53187342	27	9316.4623	9317.0623	9317.0623	9317.2623	9317.5942
1	50	2	2	508	3	2	9	28	5	1	8	1	0.67434501	28	9319.0923	9319.2923	9319.2923	9319.4923	9319.9666
1	50	2	2	509	3	2	9	29	3	2	1	1	0.66202073	29	9321.3189	9321.9189	9321.9189	9322.1189	9322.5809
1	50	2	2	510	3	2	9	30	5	1	8	1	0.75164679	30	9323.9483	9324.1483	9324.1483	9324.3483	9324.9
1	50	2	2	511	3	6	9	1	4	1	5	1	0.57213084	1	9354.2425	9354.4425	9354.4425	9354.6425	9355.0146
1	50	2	2	512	3	6	9	2	1	1	2	1	1.0605845	2	9356.4727	9356.6727	9356.6727	9356.8727	9357.7333
1	50	2	2	513	3	6	9	3	1	2	2	1	0.71915529	3	9358.7023	9359.3023	9359.3023	9359.5023	9360.0215
1	50	2	2	514	3	6	9	4	3	1	4	1	0.82060064	4	9361.3356	9361.5356	9361.5356	9361.7357	9362.3562
1	50	2	2	515	3	6	9	5	6	1	7	1	0.90289807	5	9363.5656	9363.7657	9363.7657	9363.9657	9364.6686
1	50	2	2	516	3	6	9	6	2	1	3	1	1.1367738	6	9365.796	9365.996	9365.996	9366.196	9367.1328
1	50	2	2	517	3	6	9	7	2	2	3	1	0.57206306	7	9368.0229	9368.623	9368.623	9368.823	9369.195
1	50	2	2	518	3	6	9	8	2	1	3	1	0.58771931	8	9370.6595	9370.8595	9370.8595	9371.0595	9371.4472
1	50	2	2	519	3	6	9	9	2	1	3	1	0.5549561	9	9372.8898	9373.0898	9373.0898	9373.2898	9373.6448
1	50	2	2	520	3	6	9	10	2	2	3	1	0.51857631	10	9375.1244	9375.7244	9375.7244	9375.9244	9376.243
1	50	2	2	521	3	6	9	11	6	1	7	1	1.5570558	11	9377.7513	9377.9513	9377.9513	9378.1514	9379.5084
1	50	2	2	522	3	6	9	12	6	2	7	1	0.64685082	12	9379.981	9380.581	9380.581	9380.781	9381.2278
1	50	2	2	523	3	6	9	13	5	1	6	1	0.68891454	13	9382.6111	9382.8111	9382.8111	9383.0111	9383.5
1	50	2	2	524	3	6	9	14	6	2	7	1	0.77993252	14	9384.8418	9385.4418	9385.4418	9385.6418	9386.2217
1	50	2	2	525	3	6	9	15	5	2	6	1	0.6379403	15	9387.4697	9388.0697	9388.0697	9388.2697	9388.7076
1	50	2	2	526	3	6	9	16	4	2	5	1	0.72836075	16	9390.0995	9390.6995	9390.6995	9390.8995	9391.4279
1	50	2	2	527	3	6	9	17	1	2	2	1	1.0152643	17	9392.7654	9393.3654	9393.3654	9393.5654	9394.3807
1	50	2	2	528	3	6	9	18	3	2	4	1	0.8089395	18	9395.396	9395.996	9395.996	9396.196	9396.805
1	50	2	2	529	3	6	9	19	4	2	5	1	0.93624887	19	9398.0271	9398.6271	9398.6271	9398.8271	9399.5633
1	50	2	2	530	3	6	9	20	6	1	7	1	0.93418255	20	9400.6569	9400.8569	9400.8569	9401.0569	9401.7911
1	50	2	2	531	3	6	9	21	3	1	4	1	1.5132069	21	9402.8924	9403.0924	9403.0924	9403.2924	9404.6056
1	50	2	2	532	3	6	9	22	1	2	2	1	1.0805619	22	9405.1244	9405.7244	9405.7244	9405.9244	9406.805
1	50	2	2	533	3	6	9	23	5	2	6	1	0.79382147	23	9407.7781	9408.3781	9408.3781	9408.5781	9409.1719
1	50	2	2	534	3	6	9	24	4	1	5	1	0.8108681	24	9410.4083	9410.6084	9410.6084	9410.8084	9411.4192
1	50	2	2	535	3	6	9	25	4	1	5	1	0.57314147	25	9412.6385	9412.8385	9412.8385	9413.0385	9413.4117
1	50	2	2	536	3	6	9	26	5	2	6	1	0.73330928	26	9414.8697	9415.4697	9415.4697	9415.6697	9416.203
1	50	2	2	537	3	6	9	27	3	2	4	1	0.96234685	27	9417.5003	9418.1003	9418.1003	9418.3003	9419.0626
1	50	2	2	538	3	6	9	28	5	1	6	1	0.78193413	28	9420.1279	9420.3279	9420.3279	9420.5279	9421.1099
1	50	2	2	539	3	6	9	29	1	2	2	1	1.1748195	29	9422.3584	9422.9584	9422.9584	9423.1584	9424.1332
1	50	2	2	540	3	6	9	30	3	1	4	1	0.78144603	30	9424.9896	9425.1896	9425.1896	9425.3896	9425.9711
1	50	2	2	541	4	2	10	1	3	1	1	1	0.70333037	1	9983.7626	9983.9626	9983.9626	9984.1626	9984.666
1	50	2	2	542	4	2	10	2	1	1	1	1	0.61480948	2	9985.9981	9986.1981	9986.1982	9986.3982	9986.813
1	50	2	2	543	4	2	10	3	4	2	8	1	0.63940503	3	9988.2295	9988.8295	9988.8295	9989.0295	9989.4689
1	50	2	2	544	4	2	10	4	1	1	1	1	0.69643572	4	9990.8604	9991.0604	9991.0604	9991.2604	9991.7568
1	50	2	2	545	4	2	10	5	2	1	1	1	0.55272596	5	9993.0911	9993.2911	9993.2911	9993.4911	9993.8438
1	50	2	2	546	4	2	10	6	4	1	8	1	0.67290278	6	9995.3221	9995.5221	9995.5221	9995.7222	9996.195
1	50	2	2	547	4	2	10	7	5	2	8	1	0.68459758	7	9997.5535	9998.1535	9998.1535	9998.3535	9998.8381
1	50	2	2	548	4	2	10	8	3	1	1	1	0.69152497	8	10000.184	10000.384	10000.384	10000.584	10001.076
1	50	2	2	549	4	2	10	9	2	1	1	1	0.57148463	9	10002.416	10002.616	10002.616	10002.816	10003.188
1	50	2	2	550	4	2	10	10	4	2	8	1	0.69898264	10	10004.651	10005.251	10005.251	10005.451	10005.95
1	50	2	2	551	4	2	10	11	5	1	8	1	0.65618302	11	10007.283	10007.483	10007.483	10007.683	10008.139
1	50	2	2	552	4	2	10	12	3	2	1	1	0.6751295	12	10009.515	10010.115	10010.115	10010.315	10010.79
1	50	2	2	553	4	2	10	13	6	1	8	1	0.74671178	13	10012.147	10012.347	10012.347	10012.547	10013.094
1	50	2	2	554	4	2	10	14	3	2	1	1	0.6115762	14	10014.38	10014.98	10014.98	10015.18	10015.591
1	50	2	2	555	4	2	10	15	1	2	1	1	0.6468556	15	10017.012	10017.612	10017.612	10017.812	10018.259
1	50	2	2	556	4	2	10	16	1	2	1	1	0.60593867	16	10019.645	10020.245	10020.245	10020.445	10020.851
1	50	2	2	557	4	2	10	17	6	2	8	1	0.61606209	17	10022.276	10022.876	10022.876	10023.076	10023.492
1	50	2	2	558	4	2	10	18	5	2	8	1	0.69652176	18	10024.909	10025.509	10025.509	10025.709	10026.206
1	50	2	2	559	4	2	10	19	1	2	1	1	0.70624609	19	10027.541	10028.141	10028.141	10028.341	10028.847
1	50	2	2	560	4	2	10	20	2	1	1	1	0.60689964	20	10030.172	10030.372	10030.372	10030.572	10030.979
1	50	2	2	561	4	2	10	21	4	1	8	1	0.59326613	21	10032.404	10032.604	10032.604	10032.804	10033.198
1	50	2	2	562	4	2	10	22	6	2	8	1	0.54282876	22	10034.637	10035.237	10035.237	10035.437	10035.78
1	50	2	2	563	4	2	10	23	2	2	1	1	0.68214475	23	10037.269	10037.869	10037.869	10038.069	10038.551
1	50	2	2	564	4	2	10	24	2	1	1	1	0.56730021	24	10039.902	10040.102	10040.102	10040.302	10040.669
1	50	2	2	565	4	2	10	25	5	1	8	1	0.64009385	25	10042.133	10042.333	10042.333	10042.533	10042.973
1	50	2	2	566	4	2	10	26	3	2	1	1	0.67006323	26	10044.365	10044.965	10044.965	10045.165	10045.635
1	50	2	2	567	4	2	10	27	4	2	8	1	0.6379412	27	10046.998	10047.598	10047.598	10047.798	10048.236
1	50	2	2	568	4	2	10	28	6	1	8	1	0.59822199	28	10049.63	10049.83	10049.83	10050.03	10050.428
1	50	2	2	569	4	2	10	29	6	2	8	1	0.47896134	29	10051.863	10052.463	10052.463	10052.663	10052.942
1	50	2	2	570	4	2	10	30	5	1	8	1	0.51951323	30	10054.494	10054.694	10054.694	10054.894	10055.214
1	50	2	2	571	4	6	10	1	1	1	2	1	1.2735374	1	10084.803	10085.003	10085.003	10085.203	10086.276
1	50	2	2	572	4	6	10	2	1	1	2	1	0.67431383	2	10087.036	10087.236	10087.236	10087.436	10087.91
1	50	2	2	573	4	6	10	3	6	2	7	1	1.4843222	3	10089.265	10089.865	10089.865	10090.065	10091.349
1	50	2	2	574	4	6	10	4	4	1	5	1	0.79840667	4	10091.897	10092.097	10092.097	10092.297	10092.895
1	50	2	2	575	4	6	10	5	3	1	4	1	0.90721094	5	10094.129	10094.329	10094.329	10094.529	10095.236
1	50	2	2	576	4	6	10	6	5	1	6	1	0.92916138	6	10096.362	10096.562	10096.562	10096.762	10097.491
1	50	2	2	577	4	6	10	7	1	2	2	1	1.1085141	7	10098.591	10099.191	10099.191	10099.391	10100.3
1	50	2	2	578	4	6	10	8	2	1	3	1	0.95540969	8	10101.224	10101.424	10101.424	10101.624	10102.38
1	50	2	2	579	4	6	10	9	3	1	4	1	0.83824138	9	10103.457	10103.657	10103.657	10103.857	10104.495
1	50	2	2	580	4	6	10	10	4	2	5	1	0.78080996	10	10105.689	10106.289	10106.289	10106.489	10107.07
1	50	2	2	581	4	6	10	11	4	1	5	1	0.68297101	11	10108.322	10108.522	10108.522	10108.722	10109.205
1	50	2	2	582	4	6	10	12	5	2	6	1	0.78487407	12	10110.555	10111.155	10111.155	10111.355	10111.94
1	50	2	2	583	4	6	10	13	5	1	6	1	0.72086619	13	10113.188	10113.388	10113.388	10113.588	10114.109
1	50	2	2	584	4	6	10	14	5	2	6	1	0.6125305	14	10115.422	10116.022	10116.022	10116.222	10116.635
1	50	2	2	585	4	6	10	15	3	2	4	1	0.93397673	15	10118.053	10118.653	10118.653	10118.853	10119.587
1	50	2	2	586	4	6	10	16	3	2	4	1	0.61518932	16	10120.686	10121.286	10121.286	10121.486	10121.901
1	50	2	2	587	4	6	10	17	6	2	7	1	0.85383441	17	10123.321	10123.921	10123.921	10124.121	10124.775
1	50	2	2	588	4	6	10	18	4	2	5	1	0.88190002	18	10125.954	10126.554	10126.554	10126.754	10127.436
1	50	2	2	589	4	6	10	19	3	2	4	1	0.96522345	19	10128.584	10129.184	10129.184	10129.384	10130.149
1	50	2	2	590	4	6	10	20	4	1	5	1	0.80857297	20	10131.221	10131.421	10131.421	10131.621	10132.229
1	50	2	2	591	4	6	10	21	2	1	3	1	1.1051022	21	10133.453	10133.653	10133.653	10133.853	10134.758
1	50	2	2	592	4	6	10	22	2	2	3	1	0.63676956	22	10135.687	10136.287	10136.287	10136.487	10136.924
1	50	2	2	593	4	6	10	23	1	2	2	1	0.92328181	23	10138.32	10138.92	10138.92	10139.12	10139.843
1	50	2	2	594	4	6	10	24	6	1	7	1	0.93347151	24	10140.969	10141.169	10141.169	10141.369	10142.102
1	50	2	2	595	4	6	10	25	6	1	7	1	0.6021151	25	10143.202	10143.402	10143.402	10143.602	10144.004
1	50	2	2	596	4	6	10	26	2	2	3	1	1.1345035	26	10145.436	10146.036	10146.036	10146.236	10147.171
1	50	2	2	597	4	6	10	27	1	2	2	1	0.87945209	27	10148.071	10148.671	10148.671	10148.871	10149.55
1	50	2	2	598	4	6	10	28	6	1	7	1	0.98484803	28	10150.709	10150.909	10150.909	10151.109	10151.894
1	50	2	2	599	4	6	10	29	2	2	3	1	1.3039022	29	10152.942	10153.542	10153.542	10153.742	10154.846
1	50	2	2	600	4	6	10	30	5	1	6	1	0.80715899	30	10155.576	10155.776	10155.776	10155.976	10156.583
1	50	2	2	601	4	2	11	1	1	1	1	1	0.7079039	1	10185.873	10186.073	10186.073	10186.273	10186.78
1	50	2	2	602	4	2	11	2	1	1	1	1	0.61842819	2	10188.107	10188.307	10188.307	10188.507	10188.926
1	50	2	2	603	4	2	11	3	2	2	1	1	0.56151739	3	10190.344	10190.944	10190.944	10191.144	10191.506
1	50	2	2	604	4	2	11	4	4	1	8	1	0.65432721	4	10192.975	10193.175	10193.175	10193.375	10193.829
1	50	2	2	605	4	2	11	5	4	1	8	1	0.53424258	5	10195.208	10195.408	10195.408	10195.608	10195.943
1	50	2	2	606	4	2	11	6	6	1	8	1	0.5527897	6	10197.442	10197.642	10197.642	10197.842	10198.195
1	50	2	2	607	4	2	11	7	1	2	1	1	0.66689683	7	10199.676	10200.276	10200.276	10200.476	10200.943
1	50	2	2	608	4	2	11	8	5	1	8	1	0.71872976	8	10202.311	10202.511	10202.511	10202.711	10203.229
1	50	2	2	609	4	2	11	9	3	1	1	1	0.79997021	9	10204.549	10204.749	10204.749	10204.949	10205.549
1	50	2	2	610	4	2	11	10	4	2	8	1	0.58066109	10	10206.823	10207.423	10207.423	10207.623	10208.004
1	50	2	2	611	4	2	11	11	5	1	8	1	0.53237847	11	10209.457	10209.657	10209.657	10209.857	10210.19
1	50	2	2	612	4	2	11	12	2	2	1	1	0.6195385	12	10211.698	10212.298	10212.298	10212.498	10212.918
1	50	2	2	613	4	2	11	13	6	1	8	1	0.61785503	13	10214.333	10214.533	10214.533	10214.733	10215.151
1	50	2	2	614	4	2	11	14	3	2	1	1	0.64119112	14	10216.568	10217.168	10217.168	10217.368	10217.809
1	50	2	2	615	4	2	11	15	2	2	1	1	0.52913516	15	10219.202	10219.802	10219.802	10220.002	10220.331
1	50	2	2	616	4	2	11	16	5	2	8	1	0.57887558	16	10221.844	10222.444	10222.444	10222.644	10223.023
1	50	2	2	617	4	2	11	17	3	2	1	1	0.60865455	17	10224.479	10225.079	10225.079	10225.279	10225.687
1	50	2	2	618	4	2	11	18	1	2	1	1	0.5363859	18	10227.113	10227.713	10227.713	10227.913	10228.249
1	50	2	2	619	4	2	11	19	4	2	8	1	0.57533119	19	10229.75	10230.35	10230.35	10230.55	10230.926
1	50	2	2	620	4	2	11	20	1	1	1	1	0.6464819	20	10232.385	10232.585	10232.585	10232.785	10233.231
1	50	2	2	621	4	2	11	21	6	1	8	1	0.59560886	21	10234.619	10234.819	10234.819	10235.019	10235.415
1	50	2	2	622	4	2	11	22	3	2	1	1	0.5658313	22	10236.862	10237.462	10237.462	10237.662	10238.028
1	50	2	2	623	4	2	11	23	5	2	8	1	0.64437334	23	10239.497	10240.097	10240.097	10240.297	10240.741
1	50	2	2	624	4	2	11	24	3	1	1	1	0.62620997	24	10242.132	10242.332	10242.332	10242.532	10242.958
1	50	2	2	625	4	2	11	25	2	1	1	1	0.64631015	25	10244.366	10244.566	10244.566	10244.766	10245.212
1	50	2	2	626	4	2	11	26	4	2	8	1	0.606715	26	10246.6	10247.2	10247.2	10247.4	10247.807
1	50	2	2	627	4	2	11	27	2	2	1	1	0.63228411	27	10249.236	10249.836	10249.836	10250.036	10250.469
1	50	2	2	628	4	2	11	28	6	1	8	1	0.61151237	28	10251.875	10252.075	10252.075	10252.275	10252.687
1	50	2	2	629	4	2	11	29	6	2	8	1	0.53263429	29	10254.111	10254.711	10254.711	10254.911	10255.244
1	50	2	2	630	4	2	11	30	5	1	8	1	0.52666802	30	10256.75	10256.95	10256.95	10257.15	10257.476
1	50	2	2	631	4	6	11	1	3	1	4	1	1.1069112	1	10287.043	10287.243	10287.243	10287.443	10288.35
1	50	2	2	632	4	6	11	2	5	1	6	1	0.79194497	2	10289.286	10289.486	10289.486	10289.686	10290.278
1	50	2	2	633	4	6	11	3	3	2	4	1	1.0524085	3	10291.52	10292.12	10292.12	10292.32	10293.173
1	50	2	2	634	4	6	11	4	4	1	5	1	0.77607678	4	10294.155	10294.355	10294.355	10294.555	10295.131
1	50	2	2	635	4	6	11	5	6	1	7	1	1.1432582	5	10296.391	10296.591	10296.591	10296.791	10297.734
1	50	2	2	636	4	6	11	6	2	1	3	1	0.93302451	6	10298.623	10298.823	10298.823	10299.023	10299.756
1	50	2	2	637	4	6	11	7	4	2	5	1	0.76075112	7	10300.859	10301.459	10301.459	10301.659	10302.219
1	50	2	2	638	4	6	11	8	4	1	5	1	0.5582137	8	10303.495	10303.695	10303.695	10303.895	10304.254
1	50	2	2	639	4	6	11	9	1	1	2	1	1.3768725	9	10305.731	10305.931	10305.931	10306.131	10307.308
1	50	2	2	640	4	6	11	10	4	2	5	1	0.8616506	10	10307.966	10308.566	10308.566	10308.766	10309.428
1	50	2	2	641	4	6	11	11	5	1	6	1	0.75762057	11	10310.601	10310.801	10310.801	10311.001	10311.558
1	50	2	2	642	4	6	11	12	2	2	3	1	1.0025782	12	10312.836	10313.436	10313.436	10313.636	10314.438
1	50	2	2	643	4	6	11	13	5	1	6	1	1.021495	13	10315.471	10315.671	10315.671	10315.871	10316.692
1	50	2	2	644	4	6	11	14	6	2	7	1	0.55619503	14	10317.704	10318.304	10318.304	10318.504	10318.861
1	50	2	2	645	4	6	11	15	2	2	3	1	1.0169226	15	10320.347	10320.947	10320.947	10321.147	10321.964
1	50	2	2	646	4	6	11	16	6	2	7	1	0.99070256	16	10322.983	10323.583	10323.583	10323.783	10324.574
1	50	2	2	647	4	6	11	17	3	2	4	1	0.81246998	17	10325.618	10326.218	10326.218	10326.418	10327.031
1	50	2	2	648	4	6	11	18	1	2	2	1	1.0078401	18	10328.258	10328.858	10328.858	10329.058	10329.866
1	50	2	2	649	4	6	11	19	3	2	4	1	0.78389866	19	10330.895	10331.495	10331.495	10331.695	10332.279
1	50	2	2	650	4	6	11	20	6	1	7	1	0.87749824	20	10333.533	10333.733	10333.733	10333.933	10334.611
1	50	2	2	651	4	6	11	21	5	1	6	1	0.69037453	21	10335.777	10335.977	10335.977	10336.177	10336.667
1	50	2	2	652	4	6	11	22	5	2	6	1	0.73058959	22	10338.012	10338.612	10338.612	10338.812	10339.343
1	50	2	2	653	4	6	11	23	1	2	2	1	0.93918069	23	10340.648	10341.248	10341.248	10341.448	10342.187
1	50	2	2	654	4	6	11	24	4	1	5	1	0.81955231	24	10343.29	10343.491	10343.491	10343.691	10344.31
1	50	2	2	655	4	6	11	25	2	1	3	1	0.87246497	25	10345.527	10345.727	10345.727	10345.927	10346.599
1	50	2	2	656	4	6	11	26	1	2	2	1	0.85851825	26	10347.763	10348.363	10348.363	10348.563	10349.221
1	50	2	2	657	4	6	11	27	1	2	2	1	1.0546625	27	10350.399	10350.999	10350.999	10351.199	10352.054
1	50	2	2	658	4	6	11	28	2	1	3	1	0.87364642	28	10353.036	10353.236	10353.236	10353.436	10354.11
1	50	2	2	659	4	6	11	29	3	2	4	1	0.80751955	29	10355.279	10355.879	10355.879	10356.079	10356.687
1	50	2	2	660	4	6	11	30	6	1	7	1	0.99163872	30	10357.916	10358.116	10358.116	10358.316	10359.108
1	50	2	2	661	4	2	12	1	1	1	1	1	0.90817906	1	10388.223	10388.423	10388.423	10388.623	10389.331
1	50	2	2	662	4	2	12	2	3	1	1	1	0.56173172	2	10390.459	10390.659	10390.659	10390.859	10391.221
1	50	2	2	663	4	2	12	3	4	2	8	1	0.60242652	3	10392.697	10393.297	10393.297	10393.497	10393.9
1	50	2	2	664	4	2	12	4	6	1	8	1	0.563577	4	10395.339	10395.539	10395.539	10395.739	10396.102
1	50	2	2	665	4	2	12	5	1	1	1	1	0.66025812	5	10397.575	10397.775	10397.775	10397.975	10398.435
1	50	2	2	666	4	2	12	6	2	1	1	1	0.53075044	6	10399.812	10400.012	10400.012	10400.212	10400.542
1	50	2	2	667	4	2	12	7	3	2	1	1	0.5279073	7	10402.045	10402.645	10402.645	10402.845	10403.173
1	50	2	2	668	4	2	12	8	5	1	8	1	0.64638073	8	10404.68	10404.88	10404.88	10405.08	10405.527
1	50	2	2	669	4	2	12	9	2	1	1	1	0.64116638	9	10406.917	10407.117	10407.117	10407.317	10407.758
1	50	2	2	670	4	2	12	10	4	2	8	1	0.602472	10	10409.156	10409.756	10409.756	10409.956	10410.359
1	50	2	2	671	4	2	12	11	4	1	8	1	0.67873418	11	10411.791	10411.991	10411.991	10412.191	10412.67
1	50	2	2	672	4	2	12	12	2	2	1	1	0.58332499	12	10414.06	10414.66	10414.66	10414.86	10415.243
1	50	2	2	673	4	2	12	13	2	1	1	1	0.56515968	13	10416.696	10416.896	10416.896	10417.096	10417.462
1	50	2	2	674	4	2	12	14	1	2	1	1	0.53560423	14	10418.933	10419.533	10419.533	10419.733	10420.069
1	50	2	2	675	4	2	12	15	1	2	1	1	0.68353496	15	10421.575	10422.175	10422.175	10422.375	10422.859
1	50	2	2	676	4	2	12	16	5	2	8	1	0.65529586	16	10424.213	10424.813	10424.813	10425.013	10425.468
1	50	2	2	677	4	2	12	17	6	2	8	1	0.54832103	17	10426.85	10427.45	10427.45	10427.65	10427.998
1	50	2	2	678	4	2	12	18	6	2	8	1	0.53436075	18	10429.487	10430.087	10430.087	10430.287	10430.621
1	50	2	2	679	4	2	12	19	4	2	8	1	0.58353087	19	10432.124	10432.724	10432.724	10432.924	10433.307
1	50	2	2	680	4	2	12	20	5	1	8	1	0.55796426	20	10434.761	10434.961	10434.961	10435.161	10435.519
1	50	2	2	681	4	2	12	21	2	1	1	1	0.64526065	21	10436.998	10437.198	10437.198	10437.398	10437.843
1	50	2	2	682	4	2	12	22	6	2	8	1	0.619337	22	10439.234	10439.834	10439.834	10440.034	10440.453
1	50	2	2	683	4	2	12	23	3	2	1	1	0.69277096	23	10441.871	10442.471	10442.471	10442.671	10443.164
1	50	2	2	684	4	2	12	24	1	1	1	1	0.76609476	24	10444.51	10444.71	10444.71	10444.91	10445.476
1	50	2	2	685	4	2	12	25	3	1	1	1	0.66534734	25	10446.747	10446.947	10446.947	10447.147	10447.612
1	50	2	2	686	4	2	12	26	3	2	1	1	0.51942695	26	10448.984	10449.584	10449.584	10449.784	10450.103
1	50	2	2	687	4	2	12	27	6	2	8	1	0.59251919	27	10451.621	10452.221	10452.221	10452.421	10452.814
1	50	2	2	688	4	2	12	28	4	1	8	1	0.80328471	28	10454.258	10454.458	10454.458	10454.658	10455.262
1	50	2	2	689	4	2	12	29	5	2	8	1	0.6374164	29	10456.495	10457.095	10457.095	10457.295	10457.733
1	50	2	2	690	4	2	12	30	5	1	8	1	0.55119817	30	10459.133	10459.333	10459.333	10459.533	10459.885
1	50	2	2	691	4	6	12	1	2	1	3	1	1.0263579	1	10489.433	10489.633	10489.633	10489.833	10490.66
1	50	2	2	692	4	6	12	2	1	1	2	1	1.0191382	2	10491.672	10491.872	10491.872	10492.072	10492.891
1	50	2	2	693	4	6	12	3	5	2	6	1	0.90055654	3	10493.913	10494.513	10494.513	10494.713	10495.413
1	50	2	2	694	4	6	12	4	6	1	7	1	0.53402792	4	10496.551	10496.751	10496.751	10496.951	10497.285
1	50	2	2	695	4	6	12	5	3	1	4	1	0.77009531	5	10498.787	10498.987	10498.987	10499.187	10499.757
1	50	2	2	696	4	6	12	6	3	1	4	1	0.64485123	6	10501.026	10501.226	10501.226	10501.426	10501.87
1	50	2	2	697	4	6	12	7	3	2	4	1	0.68586114	7	10503.263	10503.863	10503.863	10504.063	10504.549
1	50	2	2	698	4	6	12	8	1	1	2	1	0.96202211	8	10505.902	10506.102	10506.102	10506.302	10507.064
1	50	2	2	699	4	6	12	9	4	1	5	1	0.86408345	9	10508.139	10508.339	10508.339	10508.539	10509.203
1	50	2	2	700	4	6	12	10	5	2	6	1	0.7184888	10	10510.375	10510.975	10510.975	10511.175	10511.694
1	50	2	2	701	4	6	12	11	2	1	3	1	0.8890001	11	10513.013	10513.213	10513.213	10513.413	10514.102
1	50	2	2	702	4	6	12	12	6	2	7	1	1.1408804	12	10515.255	10515.855	10515.855	10516.055	10516.996
1	50	2	2	703	4	6	12	13	6	1	7	1	0.66318832	13	10517.894	10518.094	10518.094	10518.294	10518.758
1	50	2	2	704	4	6	12	14	4	2	5	1	0.72201762	14	10520.133	10520.733	10520.733	10520.933	10521.455
1	50	2	2	705	4	6	12	15	3	2	4	1	0.86401635	15	10522.771	10523.371	10523.371	10523.571	10524.235
1	50	2	2	706	4	6	12	16	5	2	6	1	0.73801591	16	10525.413	10526.013	10526.013	10526.213	10526.751
1	50	2	2	707	4	6	12	17	5	2	6	1	0.67893946	17	10528.052	10528.652	10528.652	10528.852	10529.331
1	50	2	2	708	4	6	12	18	4	2	5	1	0.77223403	18	10530.689	10531.289	10531.289	10531.489	10532.061
1	50	2	2	709	4	6	12	19	3	2	4	1	0.86781938	19	10533.327	10533.927	10533.927	10534.127	10534.795
1	50	2	2	710	4	6	12	20	6	1	7	1	1.0128581	20	10535.966	10536.166	10536.166	10536.366	10537.179
1	50	2	2	711	4	6	12	21	1	1	2	1	1.2487624	21	10538.204	10538.404	10538.404	10538.604	10539.652
1	50	2	2	712	4	6	12	22	2	2	3	1	0.77898051	22	10540.443	10541.043	10541.043	10541.243	10541.821
1	50	2	2	713	4	6	12	23	2	2	3	1	0.94049511	23	10543.081	10543.681	10543.681	10543.881	10544.621
1	50	2	2	714	4	6	12	24	6	1	7	1	1.0547949	24	10545.719	10545.919	10545.919	10546.119	10546.974
1	50	2	2	715	4	6	12	25	5	1	6	1	0.77555	25	10547.957	10548.157	10548.157	10548.357	10548.933
1	50	2	2	716	4	6	12	26	4	2	5	1	0.76763889	26	10550.199	10550.799	10550.799	10550.999	10551.567
1	50	2	2	717	4	6	12	27	4	2	5	1	0.83993374	27	10552.838	10553.438	10553.438	10553.638	10554.278
1	50	2	2	718	4	6	12	28	1	1	2	1	0.94243183	28	10555.477	10555.677	10555.677	10555.877	10556.619
1	50	2	2	719	4	6	12	29	1	2	2	1	0.73897111	29	10557.714	10558.314	10558.314	10558.514	10559.053
1	50	2	2	720	4	6	12	30	2	1	3	1	1.0423812	30	10560.353	10560.553	10560.553	10560.753	10561.596
