1	2	5	3	0	7	6	4	0	0	0	0	0	0	0	0	0	0	0	0
3	31	2	1	1	1	6	1	1	6	1	6	0	1.1302225	0	10992.558	10992.758	10992.758	10992.959	10993.889
3	31	2	1	2	1	6	1	2	6	1	5	0	0.97628569	0	10995.088	10995.288	10995.288	10995.488	10996.264
3	31	2	1	3	1	6	1	3	1	2	3	0	1.5670669	0	10997.935	10998.535	10998.535	10998.735	11000.102
3	31	2	1	4	1	6	1	4	5	1	6	1	1.309577	1	11000.851	11001.051	11001.051	11001.251	11002.361
3	31	2	1	5	1	6	1	5	2	2	0	0	-11003.657	1	11003.057	11003.657	11003.657	11003.857	0
3	31	2	1	6	1	6	1	6	3	1	2	0	1.2788017	1	11005.97	11006.17	11006.17	11006.37	11007.449
3	31	2	1	7	1	6	1	7	6	2	6	0	1.3911133	1	11008.488	11009.088	11009.088	11009.288	11010.479
3	31	2	1	8	1	6	1	8	2	2	4	0	1.6088728	1	11011.405	11012.005	11012.005	11012.205	11013.614
3	31	2	1	9	1	6	1	9	6	2	7	1	1.6531049	2	11014.323	11014.923	11014.923	11015.123	11016.576
3	31	2	1	10	1	6	1	10	2	1	3	1	1.5675914	3	11016.929	11017.129	11017.129	11017.329	11018.697
3	31	2	1	11	1	6	1	11	2	1	3	1	0.86186033	4	11019.137	11019.337	11019.337	11019.537	11020.199
3	31	2	1	12	1	6	1	12	1	1	2	1	1.5313138	5	11021.343	11021.543	11021.543	11021.743	11023.074
3	31	2	1	13	1	6	1	13	5	2	6	1	1.5108814	6	11023.549	11024.149	11024.149	11024.349	11025.66
3	31	2	1	14	1	6	1	14	1	2	2	1	1.0754962	7	11026.155	11026.755	11026.755	11026.955	11027.831
3	31	2	1	15	1	6	1	15	5	2	6	1	1.3659174	8	11028.761	11029.361	11029.361	11029.561	11030.727
3	31	2	1	16	1	6	1	16	4	1	5	1	1.3197096	9	11031.367	11031.567	11031.567	11031.767	11032.887
3	31	2	1	17	1	6	1	17	2	2	3	1	1.2666344	10	11033.573	11034.173	11034.173	11034.373	11035.44
3	31	2	1	18	1	6	1	18	3	1	4	1	1.0497793	11	11036.179	11036.379	11036.379	11036.579	11037.429
3	31	2	1	19	1	6	1	19	5	1	6	1	0.856576	12	11038.386	11038.586	11038.586	11038.786	11039.442
3	31	2	1	20	1	6	1	20	1	2	7	0	0.86483153	12	11040.592	11041.192	11041.192	11041.392	11042.057
3	31	2	1	21	1	6	1	21	4	2	7	0	1.1413382	12	11043.505	11044.105	11044.105	11044.305	11045.246
3	31	2	1	22	1	6	1	22	4	1	4	0	0.82426698	12	11046.421	11046.621	11046.621	11046.821	11047.445
3	31	2	1	23	1	6	1	23	5	2	6	1	1.2224131	13	11048.937	11049.537	11049.537	11049.737	11050.759
3	31	2	1	24	1	6	1	24	1	2	2	1	1.2758812	14	11051.543	11052.143	11052.143	11052.343	11053.419
3	31	2	1	25	1	6	1	25	4	1	5	1	1.1394419	15	11054.149	11054.349	11054.349	11054.549	11055.489
3	31	2	1	26	1	6	1	26	6	1	6	0	1.1558417	15	11056.356	11056.556	11056.556	11056.756	11057.712
3	31	2	1	27	1	6	1	27	3	1	4	1	1.2445553	16	11058.868	11059.068	11059.068	11059.268	11060.313
3	31	2	1	28	1	6	1	28	4	2	7	0	1.5727341	16	11061.074	11061.674	11061.674	11061.874	11063.247
3	31	2	1	29	1	6	1	29	3	2	5	0	1.400513	16	11063.989	11064.589	11064.589	11064.789	11065.99
3	31	2	1	30	1	6	1	30	3	1	4	1	1.6004414	17	11066.906	11067.106	11067.106	11067.306	11068.706
3	31	2	1	31	1	2	1	1	2	1	1	1	0.60979671	1	11088.717	11088.917	11088.918	11089.118	11089.527
3	31	2	1	32	1	2	1	2	4	1	8	1	0.54408242	2	11090.928	11091.129	11091.129	11091.329	11091.673
3	31	2	1	33	1	2	1	3	2	2	1	1	0.78855588	3	11093.137	11093.737	11093.737	11093.937	11094.525
3	31	2	1	34	1	2	1	4	3	1	1	1	0.64595223	4	11095.745	11095.945	11095.945	11096.145	11096.591
3	31	2	1	35	1	2	1	5	1	2	1	1	0.60954892	5	11097.951	11098.551	11098.551	11098.751	11099.161
3	31	2	1	36	1	2	1	6	6	1	7	1	0.62523687	6	11100.558	11100.758	11100.758	11100.958	11101.383
3	31	2	1	37	1	2	1	7	5	2	8	1	0.63562634	7	11102.765	11103.365	11103.365	11103.565	11104.001
3	31	2	1	38	1	2	1	8	3	2	1	1	0.61015774	8	11105.371	11105.971	11105.971	11106.171	11106.582
3	31	2	1	39	1	2	1	9	3	2	1	1	0.59634818	9	11107.978	11108.578	11108.578	11108.778	11109.174
3	31	2	1	40	1	2	1	10	4	1	8	1	0.49605853	10	11110.585	11110.785	11110.785	11110.985	11111.281
3	31	2	1	41	1	2	1	11	5	1	8	1	0.49087804	11	11112.792	11112.992	11112.992	11113.192	11113.483
3	31	2	1	42	1	2	1	12	1	1	1	1	0.34123418	12	11115	11115.2	11115.2	11115.4	11115.541
3	31	2	1	43	1	2	1	13	1	2	1	1	0.43144208	13	11117.207	11117.807	11117.807	11118.007	11118.239
3	31	2	1	44	1	2	1	14	2	2	1	1	0.65382411	14	11119.818	11120.418	11120.418	11120.618	11121.072
3	31	2	1	45	1	2	1	15	2	2	1	1	0.47167252	15	11122.425	11123.025	11123.025	11123.225	11123.496
3	31	2	1	46	1	2	1	16	3	1	1	1	0.41704511	16	11125.032	11125.232	11125.232	11125.432	11125.649
3	31	2	1	47	1	2	1	17	6	2	8	1	0.52049555	17	11127.239	11127.839	11127.839	11128.039	11128.36
3	31	2	1	48	1	2	1	18	6	1	8	1	0.60198693	18	11129.847	11130.047	11130.047	11130.247	11130.649
3	31	2	1	49	1	2	1	19	5	1	7	1	0.44840543	19	11132.054	11132.254	11132.254	11132.454	11132.702
3	31	2	1	50	1	2	1	20	2	2	1	1	0.56908057	20	11134.261	11134.861	11134.861	11135.061	11135.43
3	31	2	1	51	1	2	1	21	4	2	8	1	0.6891317	21	11136.869	11137.469	11137.469	11137.669	11138.158
3	31	2	1	52	1	2	1	22	3	1	1	1	0.88549235	22	11139.476	11139.676	11139.676	11139.876	11140.562
3	31	2	1	53	1	2	1	23	1	2	8	0	0.54909009	22	11141.684	11142.284	11142.284	11142.484	11142.833
3	31	2	1	54	1	2	1	24	4	2	8	1	0.71817778	23	11144.596	11145.196	11145.196	11145.396	11145.914
3	31	2	1	55	1	2	1	25	1	1	1	1	0.79596574	24	11147.204	11147.404	11147.404	11147.604	11148.2
3	31	2	1	56	1	2	1	26	5	1	8	1	0.83605163	25	11149.412	11149.612	11149.612	11149.812	11150.448
3	31	2	1	57	1	2	1	27	5	1	8	1	0.7093308	26	11151.62	11151.82	11151.82	11152.02	11152.529
3	31	2	1	58	1	2	1	28	4	2	8	1	0.57209722	27	11153.828	11154.428	11154.428	11154.628	11155
3	31	2	1	59	1	2	1	29	6	2	8	1	0.79167479	28	11156.436	11157.036	11157.036	11157.236	11157.827
3	31	2	1	60	1	2	1	30	6	1	8	1	0.53262587	29	11159.044	11159.244	11159.244	11159.444	11159.776
3	31	2	1	61	1	6	2	1	2	1	4	0	1.1109923	29	11198.845	11199.045	11199.045	11199.245	11200.156
3	31	2	1	62	1	6	2	2	4	1	5	1	1.1913816	30	11201.36	11201.56	11201.56	11201.76	11202.751
3	31	2	1	63	1	6	2	3	2	2	3	1	1.0159253	31	11203.568	11204.168	11204.168	11204.368	11205.184
3	31	2	1	64	1	6	2	4	3	1	2	0	0.91404022	31	11206.176	11206.376	11206.376	11206.576	11207.291
3	31	2	1	65	1	6	2	5	1	2	2	1	0.65679815	32	11208.696	11209.296	11209.296	11209.496	11209.953
3	31	2	1	66	1	6	2	6	6	1	7	1	1.4538549	33	11211.304	11211.504	11211.504	11211.704	11212.958
3	31	2	1	67	1	6	2	7	5	2	6	1	0.81703289	34	11213.514	11214.114	11214.114	11214.314	11214.931
3	31	2	1	68	1	6	2	8	3	2	4	1	1.17939	35	11216.123	11216.723	11216.723	11216.923	11217.903
3	31	2	1	69	1	6	2	9	3	2	4	1	0.72367323	36	11218.731	11219.331	11219.331	11219.531	11220.055
3	31	2	1	70	1	6	2	10	4	1	5	1	0.81112087	37	11221.339	11221.539	11221.539	11221.739	11222.35
3	31	2	1	71	1	6	2	11	5	1	6	1	1.4771733	38	11223.548	11223.748	11223.748	11223.948	11225.226
3	31	2	1	72	1	6	2	12	1	1	2	1	1.3291605	39	11225.756	11225.957	11225.957	11226.157	11227.286
3	31	2	1	73	1	6	2	13	1	2	2	1	0.70732892	40	11227.965	11228.565	11228.565	11228.765	11229.272
3	31	2	1	74	1	6	2	14	2	2	3	1	1.4137017	41	11230.573	11231.173	11231.173	11231.373	11232.587
3	31	2	1	75	1	6	2	15	2	2	3	1	0.73970205	42	11233.181	11233.781	11233.781	11233.981	11234.521
3	31	2	1	76	1	6	2	16	3	1	4	1	1.1771101	43	11235.791	11235.991	11235.991	11236.191	11237.168
3	31	2	1	77	1	6	2	17	6	2	6	0	1.1300674	43	11238	11238.6	11238.6	11238.8	11239.73
3	31	2	1	78	1	6	2	18	6	1	7	1	0.59298789	44	11240.917	11241.117	11241.117	11241.317	11241.71
3	31	2	1	79	1	6	2	19	5	1	6	1	0.7980929	45	11243.128	11243.328	11243.328	11243.528	11244.126
3	31	2	1	80	1	6	2	20	2	2	3	1	1.430742	46	11245.337	11245.937	11245.937	11246.137	11247.368
3	31	2	1	81	1	6	2	21	4	2	5	1	0.71279807	47	11247.946	11248.546	11248.546	11248.746	11249.258
3	31	2	1	82	1	6	2	22	3	1	4	1	1.1236202	48	11250.555	11250.755	11250.755	11250.955	11251.878
3	31	2	1	83	1	6	2	23	1	2	2	1	0.99104808	49	11252.763	11253.363	11253.363	11253.563	11254.354
3	31	2	1	84	1	6	2	24	4	2	5	1	1.933098	50	11255.372	11255.972	11255.972	11256.172	11257.906
3	31	2	1	85	1	6	2	25	1	1	4	0	1.280768	50	11257.982	11258.182	11258.182	11258.382	11259.462
3	31	2	1	86	1	6	2	26	5	1	7	0	1.5751931	50	11260.499	11260.699	11260.699	11260.899	11262.274
3	31	2	1	87	1	6	2	27	5	1	6	1	0.60089468	51	11263.014	11263.214	11263.214	11263.414	11263.815
3	31	2	1	88	1	6	2	28	4	2	5	1	0.90600511	52	11265.223	11265.823	11265.823	11266.023	11266.729
3	31	2	1	89	1	6	2	29	6	2	6	1	1.8414467	53	11267.832	11268.432	11268.432	11268.632	11270.273
3	31	2	1	90	1	6	2	30	6	1	7	1	0.6225727	54	11270.441	11270.641	11270.641	11270.841	11271.263
3	31	2	1	91	1	2	2	1	2	1	1	1	0.5349235	1	11285.152	11285.352	11285.352	11285.552	11285.887
3	31	2	1	92	1	2	2	2	1	1	1	1	0.64355815	2	11287.365	11287.565	11287.565	11287.765	11288.208
3	31	2	1	93	1	2	2	3	3	2	1	1	0.71304362	3	11289.574	11290.174	11290.174	11290.374	11290.887
3	31	2	1	94	1	2	2	4	2	1	1	1	0.64292449	4	11292.183	11292.383	11292.383	11292.583	11293.026
3	31	2	1	95	1	2	2	5	6	2	8	1	0.72005811	5	11294.392	11294.992	11294.992	11295.192	11295.712
3	31	2	1	96	1	2	2	6	2	1	1	1	0.97720989	6	11297.001	11297.201	11297.201	11297.401	11298.178
3	31	2	1	97	1	2	2	7	4	2	8	1	0.69977646	7	11299.211	11299.811	11299.811	11300.011	11300.511
3	31	2	1	98	1	2	2	8	5	2	8	1	0.60636148	8	11301.82	11302.42	11302.42	11302.62	11303.026
3	31	2	1	99	1	2	2	9	4	2	8	1	0.61295401	9	11304.43	11305.03	11305.03	11305.23	11305.643
3	31	2	1	100	1	2	2	10	5	1	8	1	0.71829666	10	11307.042	11307.242	11307.242	11307.442	11307.961
3	31	2	1	101	1	2	2	11	4	1	8	1	0.57413096	11	11309.252	11309.452	11309.452	11309.652	11310.026
3	31	2	1	102	1	2	2	12	1	1	1	1	0.71316138	12	11311.462	11311.662	11311.662	11311.862	11312.375
3	31	2	1	103	1	2	2	13	2	2	1	1	0.63135225	13	11313.672	11314.272	11314.272	11314.472	11314.903
3	31	2	1	104	1	2	2	14	3	2	1	1	0.60070993	14	11316.281	11316.881	11316.881	11317.081	11317.482
3	31	2	1	105	1	2	2	15	1	2	1	1	0.53473706	15	11318.891	11319.491	11319.491	11319.691	11320.025
3	31	2	1	106	1	2	2	16	6	1	8	1	0.65200116	16	11321.5	11321.7	11321.7	11321.9	11322.352
3	31	2	1	107	1	2	2	17	4	2	8	1	0.54506707	17	11323.711	11324.311	11324.311	11324.511	11324.856
3	31	2	1	108	1	2	2	18	5	1	8	1	0.52110777	18	11326.321	11326.521	11326.521	11326.721	11327.042
3	31	2	1	109	1	2	2	19	3	1	1	1	0.6199436	19	11328.53	11328.73	11328.73	11328.93	11329.35
3	31	2	1	110	1	2	2	20	4	2	7	1	0.77205807	20	11330.741	11331.341	11331.341	11331.541	11332.113
3	31	2	1	111	1	2	2	21	3	2	1	1	0.57949512	21	11333.351	11333.951	11333.951	11334.151	11334.53
3	31	2	1	112	1	2	2	22	6	1	8	1	0.59096387	22	11335.961	11336.161	11336.161	11336.361	11336.752
3	31	2	1	113	1	2	2	23	5	2	8	1	0.51809151	23	11338.172	11338.772	11338.772	11338.972	11339.29
3	31	2	1	114	1	2	2	24	1	2	1	1	0.68221227	24	11340.782	11341.382	11341.382	11341.582	11342.064
3	31	2	1	115	1	2	2	25	1	1	1	1	0.59844216	25	11343.393	11343.593	11343.593	11343.793	11344.191
3	31	2	1	116	1	2	2	26	3	1	1	1	0.635493	26	11345.603	11345.803	11345.803	11346.003	11346.439
3	31	2	1	117	1	2	2	27	5	1	8	1	0.70446642	27	11347.813	11348.013	11348.013	11348.213	11348.718
3	31	2	1	118	1	2	2	28	6	2	8	1	0.45076104	28	11350.023	11350.623	11350.623	11350.823	11351.074
3	31	2	1	119	1	2	2	29	6	2	8	1	0.44696227	29	11352.634	11353.234	11353.234	11353.434	11353.681
3	31	2	1	120	1	2	2	30	2	1	1	1	0.60228209	30	11355.244	11355.444	11355.444	11355.644	11356.046
3	31	2	1	121	1	6	3	1	2	1	3	1	0.56738153	31	11372.152	11372.352	11372.352	11372.553	11372.92
3	31	2	1	122	1	6	3	2	1	1	4	0	0.55889456	31	11374.363	11374.563	11374.563	11374.763	11375.122
3	31	2	1	123	1	6	3	3	3	2	4	1	0.97312104	32	11376.885	11377.485	11377.485	11377.685	11378.458
3	31	2	1	124	1	6	3	4	2	1	3	1	1.0576607	33	11379.495	11379.695	11379.695	11379.895	11380.752
3	31	2	1	125	1	6	3	5	6	2	7	1	1.5815667	34	11381.705	11382.305	11382.305	11382.505	11383.887
3	31	2	1	126	1	6	3	6	2	1	3	1	1.060855	35	11384.315	11384.515	11384.515	11384.715	11385.576
3	31	2	1	127	1	6	3	7	4	2	5	1	1.0903911	36	11386.526	11387.126	11387.126	11387.326	11388.217
3	31	2	1	128	1	6	3	8	5	2	6	1	0.80154574	37	11389.137	11389.737	11389.737	11389.937	11390.539
3	31	2	1	129	1	6	3	9	4	2	5	1	0.91437771	38	11391.75	11392.35	11392.35	11392.55	11393.265
3	31	2	1	130	1	6	3	10	5	1	6	1	0.51909979	39	11394.361	11394.561	11394.561	11394.761	11395.08
3	31	2	1	131	1	6	3	11	4	1	5	1	0.98011168	40	11396.571	11396.771	11396.771	11396.971	11397.752
3	31	2	1	132	1	6	3	12	1	1	2	1	1.1997012	41	11398.782	11398.982	11398.982	11399.182	11400.182
3	31	2	1	133	1	6	3	13	2	2	3	1	0.97381165	42	11400.993	11401.593	11401.593	11401.793	11402.567
3	31	2	1	134	1	6	3	14	3	2	4	1	0.70152204	43	11403.604	11404.204	11404.204	11404.404	11404.906
3	31	2	1	135	1	6	3	15	1	2	2	1	1.439777	44	11406.215	11406.815	11406.815	11407.015	11408.255
3	31	2	1	136	1	6	3	16	6	1	7	1	1.5214711	45	11408.826	11409.026	11409.026	11409.226	11410.547
3	31	2	1	137	1	6	3	17	4	2	5	1	1.0349383	46	11411.037	11411.637	11411.637	11411.837	11412.672
3	31	2	1	138	1	6	3	18	5	1	6	1	0.54513441	47	11413.648	11413.848	11413.848	11414.048	11414.393
3	31	2	1	139	1	6	3	19	3	1	4	1	1.422893	48	11415.859	11416.059	11416.059	11416.259	11417.482
3	31	2	1	140	1	6	3	20	4	2	5	1	0.87475557	49	11418.07	11418.67	11418.67	11418.87	11419.545
3	31	2	1	141	1	6	3	21	3	2	4	1	0.82044645	50	11420.682	11421.282	11421.282	11421.482	11422.102
3	31	2	1	142	1	6	3	22	6	1	6	0	1.3464652	50	11423.293	11423.493	11423.493	11423.693	11424.84
3	31	2	1	143	1	6	3	23	5	2	6	1	0.5885465	51	11425.812	11426.412	11426.412	11426.612	11427.001
3	31	2	1	144	1	6	3	24	1	2	2	1	0.6656592	52	11428.423	11429.023	11429.023	11429.223	11429.689
3	31	2	1	145	1	6	3	25	1	1	2	1	0.63514275	53	11431.038	11431.238	11431.238	11431.438	11431.873
3	31	2	1	146	1	6	3	26	3	1	4	1	1.0926757	54	11433.25	11433.45	11433.45	11433.65	11434.543
3	31	2	1	147	1	6	3	27	5	1	6	1	1.8222344	55	11435.464	11435.664	11435.664	11435.864	11437.486
3	31	2	1	148	1	6	3	28	6	2	7	1	0.85778854	56	11437.676	11438.276	11438.276	11438.476	11439.133
3	31	2	1	149	1	6	3	29	6	2	7	1	0.74269351	57	11440.288	11440.888	11440.888	11441.088	11441.63
3	31	2	1	150	1	6	3	30	2	1	3	1	1.4044505	58	11442.899	11443.099	11443.099	11443.299	11444.504
3	31	2	1	151	1	2	3	1	3	1	1	1	0.95191921	1	11456.145	11456.345	11456.345	11456.545	11457.297
3	31	2	1	152	1	2	3	2	5	1	8	1	0.69967402	2	11458.356	11458.556	11458.556	11458.756	11459.256
3	31	2	1	153	1	2	3	3	5	2	8	1	0.61062309	3	11460.568	11461.168	11461.168	11461.368	11461.779
3	31	2	1	154	1	2	3	4	3	1	1	1	0.52369146	4	11463.18	11463.38	11463.38	11463.58	11463.903
3	31	2	1	155	1	2	3	5	6	2	8	1	0.60752995	5	11465.392	11465.992	11465.992	11466.192	11466.599
3	31	2	1	156	1	2	3	6	2	1	1	1	0.75247162	6	11468.004	11468.204	11468.204	11468.404	11468.957
3	31	2	1	157	1	2	3	7	3	2	1	1	0.70449111	7	11470.216	11470.816	11470.816	11471.016	11471.52
3	31	2	1	158	1	2	3	8	1	2	1	1	0.60233804	8	11472.831	11473.431	11473.431	11473.631	11474.033
3	31	2	1	159	1	2	3	9	6	2	8	1	0.62443726	9	11475.447	11476.047	11476.047	11476.247	11476.671
3	31	2	1	160	1	2	3	10	2	1	2	1	0.83556889	10	11478.059	11478.259	11478.259	11478.459	11479.095
3	31	2	1	161	1	2	3	11	4	1	8	1	0.6898206	11	11480.271	11480.471	11480.471	11480.671	11481.161
3	31	2	1	162	1	2	3	12	4	1	1	0	0.93395731	11	11482.483	11482.683	11482.683	11482.883	11483.617
3	31	2	1	163	1	2	3	13	5	2	8	1	0.57406337	12	11485.001	11485.601	11485.601	11485.801	11486.175
3	31	2	1	164	1	2	3	14	1	2	1	1	0.43278758	13	11487.614	11488.214	11488.214	11488.414	11488.646
3	31	2	1	165	1	2	3	15	3	2	1	1	0.51954507	14	11490.226	11490.826	11490.826	11491.026	11491.345
3	31	2	1	166	1	2	3	16	4	1	8	1	0.71455519	15	11492.838	11493.038	11493.038	11493.238	11493.752
3	31	2	1	167	1	2	3	17	4	2	8	1	0.45969781	16	11495.051	11495.651	11495.651	11495.851	11496.11
3	31	2	1	168	1	2	3	18	2	1	1	1	0.81581412	17	11497.663	11497.863	11497.863	11498.063	11498.679
3	31	2	1	169	1	2	3	19	2	1	1	1	0.56368781	18	11499.875	11500.075	11500.075	11500.275	11500.639
3	31	2	1	170	1	2	3	20	5	2	8	1	0.65820786	19	11502.088	11502.688	11502.688	11502.888	11503.346
3	31	2	1	171	1	2	3	21	6	2	8	1	0.54555661	20	11504.701	11505.301	11505.301	11505.501	11505.846
3	31	2	1	172	1	2	3	22	1	1	1	1	0.59936513	21	11507.313	11507.513	11507.513	11507.713	11508.112
3	31	2	1	173	1	2	3	23	6	2	8	1	0.60083234	22	11509.525	11510.125	11510.125	11510.325	11510.726
3	31	2	1	174	1	2	3	24	1	2	1	1	0.58201317	23	11512.138	11512.738	11512.738	11512.938	11513.32
3	31	2	1	175	1	2	3	25	6	1	8	1	0.52224832	24	11514.751	11514.951	11514.951	11515.151	11515.473
3	31	2	1	176	1	2	3	26	2	1	1	1	0.75755102	25	11516.963	11517.163	11517.163	11517.363	11517.92
3	31	2	1	177	1	2	3	27	4	1	8	1	0.77658488	26	11519.175	11519.375	11519.375	11519.575	11520.152
3	31	2	1	178	1	2	3	28	5	2	8	1	0.61084291	27	11521.388	11521.988	11521.988	11522.188	11522.599
3	31	2	1	179	1	2	3	29	1	2	1	1	0.5891296	28	11524.001	11524.601	11524.601	11524.801	11525.191
3	31	2	1	180	1	2	3	30	3	1	1	1	0.7145138	29	11526.614	11526.814	11526.814	11527.014	11527.529
3	31	2	1	181	2	6	4	1	3	1	4	1	1.4206472	30	11900.932	11901.132	11901.132	11901.332	11902.553
3	31	2	1	182	2	6	4	2	5	1	7	0	1.1191025	30	11903.145	11903.345	11903.345	11903.545	11904.464
3	31	2	1	183	2	6	4	3	5	2	7	0	0.69861574	30	11905.358	11905.958	11905.958	11906.158	11906.657
3	31	2	1	184	2	6	4	4	3	1	4	1	0.83512729	31	11907.971	11908.171	11908.171	11908.371	11909.006
3	31	2	1	185	2	6	4	5	6	2	6	0	1.0184942	31	11910.183	11910.783	11910.783	11910.983	11911.802
3	31	2	1	186	2	6	4	6	2	1	3	1	1.4985392	32	11912.797	11912.997	11912.997	11913.197	11914.495
3	31	2	1	187	2	6	4	7	3	2	5	0	1.0487237	32	11915.01	11915.61	11915.61	11915.81	11916.659
3	31	2	1	188	2	6	4	8	1	2	2	1	0.96132307	33	11917.623	11918.223	11918.223	11918.423	11919.185
3	31	2	1	189	2	6	4	9	6	2	6	0	1.3954566	33	11920.239	11920.839	11920.839	11921.039	11922.234
3	31	2	1	190	2	6	4	10	2	1	5	0	1.2458982	33	11922.852	11923.052	11923.052	11923.252	11924.298
3	31	2	1	191	2	6	4	11	4	1	5	1	1.0974078	34	11925.065	11925.265	11925.265	11925.465	11926.362
3	31	2	1	192	2	6	4	12	4	1	5	1	0.61888628	35	11927.279	11927.479	11927.479	11927.679	11928.097
3	31	2	1	193	2	6	4	13	5	2	6	1	1.1857709	36	11929.492	11930.092	11930.092	11930.292	11931.278
3	31	2	1	194	2	6	4	14	1	2	2	1	1.5571428	37	11932.106	11932.706	11932.706	11932.906	11934.263
3	31	2	1	195	2	6	4	15	3	2	4	1	1.0653656	38	11934.719	11935.319	11935.319	11935.519	11936.384
3	31	2	1	196	2	6	4	16	4	1	5	1	0.87268368	39	11937.333	11937.533	11937.533	11937.733	11938.405
3	31	2	1	197	2	6	4	17	4	2	5	1	0.51561969	40	11939.546	11940.146	11940.146	11940.346	11940.662
3	31	2	1	198	2	6	4	18	2	1	3	1	1.2482642	41	11942.16	11942.36	11942.36	11942.56	11943.608
3	31	2	1	199	2	6	4	19	2	1	3	1	0.70676335	42	11944.373	11944.573	11944.573	11944.773	11945.28
3	31	2	1	200	2	6	4	20	5	2	6	1	1.0980229	43	11946.589	11947.189	11947.189	11947.389	11948.287
3	31	2	1	201	2	6	4	21	6	2	7	1	0.88647066	44	11949.203	11949.803	11949.803	11950.003	11950.689
3	31	2	1	202	2	6	4	22	1	1	5	0	1.3819598	44	11951.816	11952.016	11952.016	11952.216	11953.398
3	31	2	1	203	2	6	4	23	6	2	7	1	1.2100208	45	11954.03	11954.63	11954.63	11954.83	11955.84
3	31	2	1	204	2	6	4	24	1	2	4	0	1.6349472	45	11956.645	11957.245	11957.245	11957.445	11958.88
3	31	2	1	205	2	6	4	25	6	1	6	0	1.2986386	45	11959.259	11959.459	11959.459	11959.659	11960.757
3	31	2	1	206	2	6	4	26	2	1	3	1	0.84535119	46	11961.473	11961.673	11961.673	11961.873	11962.518
3	31	2	1	207	2	6	4	27	4	1	5	1	0.90142633	47	11963.694	11963.894	11963.894	11964.094	11964.795
3	31	2	1	208	2	6	4	28	5	2	6	1	1.5495397	48	11965.908	11966.508	11966.508	11966.708	11968.057
3	31	2	1	209	2	6	4	29	1	2	4	0	1.7573062	48	11968.522	11969.122	11969.122	11969.322	11970.879
3	31	2	1	210	2	6	4	30	3	1	4	1	1.2784217	49	11971.136	11971.336	11971.336	11971.536	11972.614
3	31	2	1	211	2	2	4	1	2	1	1	1	0.54775459	1	12001.411	12001.611	12001.611	12001.811	12002.159
3	31	2	1	212	2	2	4	2	2	1	1	1	0.49462981	2	12003.625	12003.825	12003.825	12004.025	12004.32
3	31	2	1	213	2	2	4	3	2	2	1	1	0.62114905	3	12005.843	12006.443	12006.443	12006.643	12007.064
3	31	2	1	214	2	2	4	4	2	1	1	1	0.47979628	4	12008.457	12008.657	12008.657	12008.857	12009.137
3	31	2	1	215	2	2	4	5	6	2	8	1	0.54409171	5	12010.671	12011.271	12011.271	12011.471	12011.815
3	31	2	1	216	2	2	4	6	4	1	8	1	0.4052165	6	12013.285	12013.485	12013.485	12013.685	12013.89
3	31	2	1	217	2	2	4	7	3	2	1	1	0.62808557	7	12015.499	12016.099	12016.099	12016.299	12016.727
3	31	2	1	218	2	2	4	8	3	2	1	1	0.46501	8	12018.113	12018.713	12018.713	12018.913	12019.178
3	31	2	1	219	2	2	4	9	1	2	1	1	0.55430434	9	12020.728	12021.328	12021.328	12021.528	12021.882
3	31	2	1	220	2	2	4	10	5	1	8	1	0.56761651	10	12023.343	12023.543	12023.543	12023.743	12024.11
3	31	2	1	221	2	2	4	11	6	1	8	1	0.46500509	11	12025.558	12025.758	12025.758	12025.958	12026.223
3	31	2	1	222	2	2	4	12	5	1	8	1	0.51052284	12	12027.772	12027.972	12027.972	12028.172	12028.483
3	31	2	1	223	2	2	4	13	5	2	8	1	0.44199271	13	12029.987	12030.587	12030.587	12030.787	12031.029
3	31	2	1	224	2	2	4	14	5	2	8	1	0.51295246	14	12032.601	12033.201	12033.201	12033.401	12033.714
3	31	2	1	225	2	2	4	15	4	2	5	1	1.9340261	15	12035.216	12035.816	12035.816	12036.016	12037.75
3	31	2	1	226	2	2	4	16	1	1	1	1	0.5969823	16	12037.836	12038.036	12038.036	12038.236	12038.633
3	31	2	1	227	2	2	4	17	3	2	1	1	0.50212013	17	12040.05	12040.65	12040.65	12040.85	12041.153
3	31	2	1	228	2	2	4	18	6	1	8	1	0.59036607	18	12042.665	12042.865	12042.865	12043.065	12043.455
3	31	2	1	229	2	2	4	19	1	1	1	1	0.56299661	19	12044.883	12045.083	12045.083	12045.283	12045.646
3	31	2	1	230	2	2	4	20	3	2	1	1	0.51700265	20	12047.098	12047.698	12047.698	12047.898	12048.215
3	31	2	1	231	2	2	4	21	1	2	1	1	0.55009693	21	12049.716	12050.316	12050.316	12050.516	12050.867
3	31	2	1	232	2	2	4	22	2	1	1	1	0.56387131	22	12052.331	12052.531	12052.531	12052.731	12053.095
3	31	2	1	233	2	2	4	23	4	2	8	1	0.58956145	23	12054.546	12055.146	12055.146	12055.346	12055.736
3	31	2	1	234	2	2	4	24	6	2	8	1	0.40907086	24	12057.161	12057.761	12057.761	12057.961	12058.17
3	31	2	1	235	2	2	4	25	6	1	8	1	0.51911742	25	12059.776	12059.976	12059.976	12060.176	12060.495
3	31	2	1	236	2	2	4	26	4	1	8	1	0.47355651	26	12061.991	12062.191	12062.191	12062.391	12062.664
3	31	2	1	237	2	2	4	27	4	1	8	1	0.44841481	27	12064.207	12064.407	12064.407	12064.607	12064.855
3	31	2	1	238	2	2	4	28	3	2	1	1	0.53848361	28	12066.422	12067.022	12067.022	12067.222	12067.56
3	31	2	1	239	2	2	4	29	1	2	1	1	0.54501565	29	12069.037	12069.637	12069.637	12069.837	12070.182
3	31	2	1	240	2	2	4	30	5	1	8	1	0.63562071	30	12071.652	12071.852	12071.852	12072.052	12072.488
3	31	2	1	241	2	6	5	1	2	1	3	1	0.96819188	31	12102.242	12102.442	12102.442	12102.642	12103.41
3	31	2	1	242	2	6	5	2	2	1	3	1	0.53185768	32	12104.46	12104.66	12104.66	12104.86	12105.192
3	31	2	1	243	2	6	5	3	2	2	3	1	0.52718954	33	12106.675	12107.275	12107.275	12107.475	12107.802
3	31	2	1	244	2	6	5	4	2	1	3	1	0.5119681	34	12109.29	12109.49	12109.49	12109.69	12110.002
3	31	2	1	245	2	6	5	5	6	2	6	0	1.3269711	34	12111.506	12112.106	12112.106	12112.306	12113.433
3	31	2	1	246	2	6	5	6	4	1	4	0	1.0875449	34	12114.122	12114.322	12114.322	12114.522	12115.409
3	31	2	1	247	2	6	5	7	3	2	4	1	0.80001575	35	12116.337	12116.937	12116.937	12117.137	12117.737
3	31	2	1	248	2	6	5	8	3	2	4	1	0.97357874	36	12118.953	12119.553	12119.553	12119.753	12120.526
3	31	2	1	249	2	6	5	9	1	2	2	1	0.74925125	37	12121.569	12122.169	12122.169	12122.369	12122.918
3	31	2	1	250	2	6	5	10	5	1	6	1	1.165627	38	12124.185	12124.385	12124.385	12124.585	12125.551
3	31	2	1	251	2	6	5	11	6	1	7	1	0.55642184	39	12126.402	12126.602	12126.602	12126.802	12127.158
3	31	2	1	252	2	6	5	12	5	1	6	1	0.49713709	40	12128.618	12128.818	12128.818	12129.018	12129.315
3	31	2	1	253	2	6	5	13	5	2	6	1	0.64727226	41	12130.834	12131.434	12131.434	12131.634	12132.081
3	31	2	1	254	2	6	5	14	5	2	6	1	0.60488751	42	12133.45	12134.05	12134.05	12134.25	12134.655
3	31	2	1	255	2	6	5	15	4	2	5	1	0.91159213	43	12136.066	12136.666	12136.666	12136.866	12137.577
3	31	2	1	256	2	6	5	16	1	1	4	0	1.164907	43	12138.684	12138.884	12138.884	12139.084	12140.049
3	31	2	1	257	2	6	5	17	3	2	4	1	1.1336063	44	12140.9	12141.5	12141.5	12141.7	12142.634
3	31	2	1	258	2	6	5	18	6	1	6	0	1.4138158	44	12143.516	12143.716	12143.716	12143.916	12145.13
3	31	2	1	259	2	6	5	19	1	1	2	1	1.4701429	45	12145.732	12145.932	12145.932	12146.132	12147.402
3	31	2	1	260	2	6	5	20	3	2	4	1	0.95548851	46	12147.949	12148.549	12148.549	12148.749	12149.504
3	31	2	1	261	2	6	5	21	1	2	2	1	0.81675476	47	12150.565	12151.165	12151.165	12151.365	12151.982
3	31	2	1	262	2	6	5	22	2	1	3	1	0.84279071	48	12153.182	12153.382	12153.382	12153.582	12154.225
3	31	2	1	263	2	6	5	23	4	2	5	1	0.74758097	49	12155.398	12155.998	12155.998	12156.198	12156.746
3	31	2	1	264	2	6	5	24	6	2	6	0	1.0559482	49	12158.014	12158.614	12158.614	12158.814	12159.67
3	31	2	1	265	2	6	5	25	6	1	7	1	0.77555143	50	12160.631	12160.831	12160.831	12161.031	12161.606
3	31	2	1	266	2	6	5	26	4	1	5	1	0.97655237	51	12162.847	12163.047	12163.047	12163.247	12164.024
3	31	2	1	267	2	6	5	27	4	1	5	1	0.55431399	52	12165.064	12165.264	12165.264	12165.464	12165.818
3	31	2	1	268	2	6	5	28	3	2	4	1	1.3747101	53	12167.281	12167.881	12167.881	12168.081	12169.255
3	31	2	1	269	2	6	5	29	1	2	2	1	0.98505534	54	12169.897	12170.497	12170.497	12170.697	12171.482
3	31	2	1	270	2	6	5	30	5	1	6	1	1.4419813	55	12172.515	12172.715	12172.715	12172.915	12174.157
3	31	2	1	271	2	2	5	1	3	1	1	1	0.33896519	1	12203.189	12203.389	12203.389	12203.589	12203.728
3	31	2	1	272	2	2	5	2	3	1	1	1	0.54247421	2	12205.407	12205.607	12205.607	12205.807	12206.15
3	31	2	1	273	2	2	5	3	5	2	8	1	0.69454671	3	12207.624	12208.224	12208.224	12208.424	12208.919
3	31	2	1	274	2	2	5	4	3	1	1	1	0.63613718	4	12210.242	12210.442	12210.442	12210.642	12211.078
3	31	2	1	275	2	2	5	5	5	2	8	1	0.61913724	5	12212.459	12213.059	12213.059	12213.259	12213.678
3	31	2	1	276	2	2	5	6	2	1	1	1	0.55379515	6	12215.076	12215.276	12215.276	12215.476	12215.83
3	31	2	1	277	2	2	5	7	6	2	8	1	0.63315475	7	12217.294	12217.894	12217.894	12218.094	12218.527
3	31	2	1	278	2	2	5	8	1	2	1	1	0.55294209	8	12219.911	12220.511	12220.511	12220.711	12221.064
3	31	2	1	279	2	2	5	9	1	2	1	1	0.66465956	9	12222.528	12223.128	12223.128	12223.328	12223.793
3	31	2	1	280	2	2	5	10	4	1	8	1	0.66152879	10	12225.146	12225.346	12225.346	12225.546	12226.007
3	31	2	1	281	2	2	5	11	6	1	8	1	0.54003664	11	12227.363	12227.563	12227.563	12227.763	12228.103
3	31	2	1	282	2	2	5	12	3	1	1	1	0.74928271	12	12229.58	12229.78	12229.78	12229.98	12230.529
3	31	2	1	283	2	2	5	13	5	2	8	1	0.65754425	13	12231.797	12232.397	12232.397	12232.597	12233.054
3	31	2	1	284	2	2	5	14	5	2	7	1	0.632921	14	12234.415	12235.015	12235.015	12235.215	12235.647
3	31	2	1	285	2	2	5	15	6	2	8	1	0.55209705	15	12237.033	12237.633	12237.633	12237.833	12238.185
3	31	2	1	286	2	2	5	16	3	1	1	1	0.61503115	16	12239.65	12239.85	12239.85	12240.05	12240.465
3	31	2	1	287	2	2	5	17	1	2	1	1	0.51548932	17	12241.868	12242.468	12242.468	12242.668	12242.984
3	31	2	1	288	2	2	5	18	2	1	1	1	0.58491981	18	12244.485	12244.685	12244.685	12244.885	12245.27
3	31	2	1	289	2	2	5	19	4	1	8	1	1.0897746	19	12246.703	12246.903	12246.903	12247.103	12247.992
3	31	2	1	290	2	2	5	20	1	2	1	1	0.58325267	20	12248.92	12249.52	12249.52	12249.72	12250.103
3	31	2	1	291	2	2	5	21	2	2	1	1	0.57195275	21	12251.538	12252.138	12252.138	12252.338	12252.71
3	31	2	1	292	2	2	5	22	1	1	1	1	0.57012304	22	12254.157	12254.357	12254.357	12254.557	12254.927
3	31	2	1	293	2	2	5	23	2	2	1	1	0.54361917	23	12256.375	12256.975	12256.975	12257.175	12257.518
3	31	2	1	294	2	2	5	24	5	2	8	1	0.64127796	24	12258.993	12259.593	12259.593	12259.793	12260.234
3	31	2	1	295	2	2	5	25	4	1	8	1	0.47121193	25	12261.611	12261.811	12261.811	12262.011	12262.282
3	31	2	1	296	2	2	5	26	6	1	8	1	0.52227412	26	12263.829	12264.029	12264.029	12264.229	12264.551
3	31	2	1	297	2	2	5	27	6	1	8	1	0.51064373	27	12266.047	12266.247	12266.247	12266.447	12266.758
3	31	2	1	298	2	2	5	28	4	2	8	1	0.6571871	28	12268.265	12268.865	12268.865	12269.065	12269.522
3	31	2	1	299	2	2	5	29	2	2	1	1	0.60574004	29	12270.883	12271.483	12271.483	12271.683	12272.089
3	31	2	1	300	2	2	5	30	4	1	8	1	0.88429485	30	12273.502	12273.702	12273.702	12273.902	12274.586
3	31	2	1	301	2	6	6	1	3	1	4	1	0.93843078	31	12303.808	12304.008	12304.008	12304.208	12304.947
3	31	2	1	302	2	6	6	2	3	1	4	1	0.7004909	32	12306.029	12306.229	12306.229	12306.429	12306.929
3	31	2	1	303	2	6	6	3	5	2	6	1	1.0877955	33	12308.247	12308.847	12308.847	12309.047	12309.934
3	31	2	1	304	2	6	6	4	3	1	4	1	0.87683575	34	12310.865	12311.065	12311.065	12311.265	12311.942
3	31	2	1	305	2	6	6	5	5	2	6	1	1.2503387	35	12313.084	12313.684	12313.684	12313.884	12314.934
3	31	2	1	306	2	6	6	6	2	1	3	1	0.83636091	36	12315.702	12315.902	12315.902	12316.102	12316.738
3	31	2	1	307	2	6	6	7	6	2	7	1	0.96920176	37	12317.921	12318.521	12318.521	12318.721	12319.49
3	31	2	1	308	2	6	6	8	1	2	2	1	0.9814223	38	12320.539	12321.139	12321.139	12321.339	12322.121
3	31	2	1	309	2	6	6	9	1	2	2	1	0.67990506	39	12323.158	12323.758	12323.758	12323.958	12324.438
3	31	2	1	310	2	6	6	10	4	1	5	1	0.97472832	40	12325.777	12325.977	12325.977	12326.177	12326.952
3	31	2	1	311	2	6	6	11	6	1	6	0	1.0589133	40	12327.995	12328.195	12328.195	12328.395	12329.254
3	31	2	1	312	2	6	6	12	3	1	4	1	1.39553	41	12330.213	12330.413	12330.413	12330.613	12331.809
3	31	2	1	313	2	6	6	13	5	2	6	1	1.2240236	42	12332.432	12333.032	12333.032	12333.232	12334.256
3	31	2	1	314	2	6	6	14	5	2	6	1	0.51781574	43	12335.051	12335.651	12335.651	12335.851	12336.169
3	31	2	1	315	2	6	6	15	6	2	7	1	0.81187267	44	12337.67	12338.27	12338.27	12338.47	12339.082
3	31	2	1	316	2	6	6	16	3	1	4	1	1.3898539	45	12340.288	12340.488	12340.488	12340.688	12341.878
3	31	2	1	317	2	6	6	17	1	2	3	0	0.90827521	45	12342.507	12343.107	12343.107	12343.307	12344.016
3	31	2	1	318	2	6	6	18	2	1	3	1	0.60104532	46	12345.126	12345.326	12345.326	12345.526	12345.928
3	31	2	1	319	2	6	6	19	4	1	0	0	-12347.545	46	12347.345	12347.545	12347.545	12347.745	0
3	31	2	1	320	2	6	6	20	1	2	2	1	1.1134414	47	12349.564	12350.164	12350.164	12350.364	12351.278
3	31	2	1	321	2	6	6	21	2	2	3	1	0.74381139	48	12352.183	12352.783	12352.783	12352.983	12353.527
3	31	2	1	322	2	6	6	22	1	1	4	0	1.5254594	48	12354.804	12355.004	12355.004	12355.204	12356.529
3	31	2	1	323	2	6	6	23	2	2	3	1	1.0001821	49	12357.023	12357.623	12357.623	12357.823	12358.623
3	31	2	1	324	2	6	6	24	5	2	6	1	1.6227995	50	12359.642	12360.242	12360.242	12360.442	12361.865
3	31	2	1	325	2	6	6	25	4	1	5	1	1.7072002	51	12362.263	12362.463	12362.463	12362.663	12364.17
3	31	2	1	326	2	6	6	26	6	1	7	1	1.6153233	52	12364.483	12364.683	12364.683	12364.883	12366.298
3	31	2	1	327	2	6	6	27	6	1	7	1	0.53063013	53	12366.703	12366.903	12366.903	12367.103	12367.433
3	31	2	1	328	2	6	6	28	4	2	5	1	0.93262123	54	12368.922	12369.522	12369.522	12369.722	12370.454
3	31	2	1	329	2	6	6	29	2	2	3	1	1.947718	55	12371.542	12372.142	12372.142	12372.342	12374.089
3	31	2	1	330	2	6	6	30	4	1	5	1	1.2365257	56	12374.162	12374.362	12374.362	12374.562	12375.598
3	31	2	1	331	2	2	6	1	4	1	8	1	0.98250391	1	12404.598	12404.798	12404.798	12404.998	12405.78
3	31	2	1	332	2	2	6	2	3	1	1	1	0.84878058	2	12406.818	12407.018	12407.018	12407.218	12407.866
3	31	2	1	333	2	2	6	3	4	2	8	1	0.83617686	3	12409.037	12409.637	12409.637	12409.837	12410.473
3	31	2	1	334	2	2	6	4	3	1	1	1	0.73392533	4	12411.657	12411.857	12411.857	12412.057	12412.591
3	31	2	1	335	2	2	6	5	1	2	1	1	0.66653232	5	12413.876	12414.476	12414.476	12414.676	12415.143
3	31	2	1	336	2	2	6	6	2	1	1	1	0.57720734	6	12416.496	12416.696	12416.696	12416.896	12417.273
3	31	2	1	337	2	2	6	7	3	2	1	1	0.5222958	7	12418.716	12419.316	12419.316	12419.516	12419.838
3	31	2	1	338	2	2	6	8	3	2	1	1	0.65490136	8	12421.336	12421.936	12421.936	12422.136	12422.591
3	31	2	1	339	2	2	6	9	1	2	1	1	0.58761559	9	12423.957	12424.557	12424.557	12424.757	12425.145
3	31	2	1	340	2	2	6	10	6	1	8	1	1.1282716	10	12426.577	12426.777	12426.777	12426.977	12427.906
3	31	2	1	341	2	2	6	11	4	1	8	1	0.5695411	11	12428.797	12428.997	12428.997	12429.197	12429.567
3	31	2	1	342	2	2	6	12	6	1	8	1	0.63811579	12	12431.017	12431.217	12431.217	12431.417	12431.855
3	31	2	1	343	2	2	6	13	6	2	8	1	0.58495268	13	12433.24	12433.84	12433.84	12434.04	12434.425
3	31	2	1	344	2	2	6	14	2	2	1	1	0.66150229	14	12435.861	12436.461	12436.461	12436.661	12437.123
3	31	2	1	345	2	2	6	15	2	2	1	1	0.55179128	15	12438.481	12439.081	12439.081	12439.282	12439.633
3	31	2	1	346	2	2	6	16	2	1	1	1	0.62008109	16	12441.102	12441.302	12441.302	12441.502	12441.922
3	31	2	1	347	2	2	6	17	5	2	8	1	0.58093364	17	12443.324	12443.924	12443.924	12444.124	12444.505
3	31	2	1	348	2	2	6	18	2	1	1	1	0.64010295	18	12445.945	12446.145	12446.145	12446.345	12446.785
3	31	2	1	349	2	2	6	19	1	1	1	1	0.61287718	19	12448.165	12448.365	12448.365	12448.565	12448.978
3	31	2	1	350	2	2	6	20	4	2	8	1	0.694138	20	12450.386	12450.986	12450.986	12451.186	12451.68
3	31	2	1	351	2	2	6	21	3	2	1	1	0.64672944	21	12453.007	12453.607	12453.607	12453.807	12454.254
3	31	2	1	352	2	2	6	22	1	1	1	1	0.69450056	22	12455.628	12455.828	12455.828	12456.028	12456.523
3	31	2	1	353	2	2	6	23	1	2	1	1	0.53776925	23	12457.849	12458.449	12458.449	12458.649	12458.986
3	31	2	1	354	2	2	6	24	5	2	8	1	0.5619605	24	12460.469	12461.069	12461.069	12461.269	12461.631
3	31	2	1	355	2	2	6	25	5	1	8	1	0.53661629	25	12463.09	12463.29	12463.29	12463.49	12463.826
3	31	2	1	356	2	2	6	26	6	1	8	1	0.56885503	26	12465.31	12465.51	12465.51	12465.71	12466.079
3	31	2	1	357	2	2	6	27	4	1	8	1	0.55768868	27	12467.53	12467.73	12467.73	12467.93	12468.288
3	31	2	1	358	2	2	6	28	5	2	8	1	0.55907508	28	12469.751	12470.351	12470.351	12470.551	12470.91
3	31	2	1	359	2	2	6	29	5	2	8	1	0.54998812	29	12472.372	12472.972	12472.972	12473.172	12473.522
3	31	2	1	360	2	2	6	30	6	1	8	1	0.39350805	30	12474.992	12475.192	12475.192	12475.392	12475.586
3	31	2	1	361	3	6	7	1	4	1	5	1	1.0967428	31	13303.816	13304.016	13304.016	13304.216	13305.113
3	31	2	1	362	3	6	7	2	3	1	4	1	0.83537557	32	13306.037	13306.237	13306.237	13306.437	13307.073
3	31	2	1	363	3	6	7	3	4	2	5	1	0.54903294	33	13308.258	13308.858	13308.858	13309.058	13309.407
3	31	2	1	364	3	6	7	4	3	1	4	1	0.85934441	34	13310.879	13311.079	13311.079	13311.279	13311.938
3	31	2	1	365	3	6	7	5	1	2	2	1	0.91814042	35	13313.099	13313.699	13313.699	13313.899	13314.618
3	31	2	1	366	3	6	7	6	2	1	3	1	0.79190781	36	13315.721	13315.921	13315.921	13316.121	13316.712
3	31	2	1	367	3	6	7	7	3	2	4	1	1.5088529	37	13317.942	13318.542	13318.542	13318.742	13320.051
3	31	2	1	368	3	6	7	8	3	2	4	1	0.69470005	38	13320.563	13321.163	13321.163	13321.363	13321.857
3	31	2	1	369	3	6	7	9	1	2	2	1	1.1681206	39	13323.183	13323.783	13323.783	13323.983	13324.951
3	31	2	1	370	3	6	7	10	6	1	6	0	1.4914909	39	13325.802	13326.002	13326.002	13326.202	13327.494
3	31	2	1	371	3	6	7	11	4	1	5	1	1.0479278	40	13328.025	13328.225	13328.225	13328.425	13329.273
3	31	2	1	372	3	6	7	12	6	1	7	1	0.79321309	41	13330.246	13330.446	13330.446	13330.646	13331.239
3	31	2	1	373	3	6	7	13	6	2	7	1	0.71616875	42	13332.468	13333.068	13333.068	13333.268	13333.784
3	31	2	1	374	3	6	7	14	2	2	3	1	0.99084915	43	13335.09	13335.69	13335.69	13335.89	13336.681
3	31	2	1	375	3	6	7	15	2	2	3	1	0.88114307	44	13337.712	13338.312	13338.312	13338.512	13339.193
3	31	2	1	376	3	6	7	16	2	1	3	1	0.6650929	45	13340.333	13340.533	13340.533	13340.733	13341.198
3	31	2	1	377	3	6	7	17	5	2	6	1	1.2554331	46	13342.555	13343.155	13343.155	13343.355	13344.41
3	31	2	1	378	3	6	7	18	2	1	3	1	1.3131979	47	13345.176	13345.376	13345.376	13345.576	13346.689
3	31	2	1	379	3	6	7	19	1	1	2	1	1.0896246	48	13347.397	13347.597	13347.597	13347.797	13348.687
3	31	2	1	380	3	6	7	20	4	2	5	1	1.983225	49	13349.619	13350.219	13350.219	13350.419	13352.202
3	31	2	1	381	3	6	7	21	3	2	4	1	1.438561	50	13352.242	13352.842	13352.842	13353.042	13354.28
3	31	2	1	382	3	6	7	22	1	1	2	1	1.2553375	51	13354.864	13355.064	13355.064	13355.264	13356.319
3	31	2	1	383	3	6	7	23	1	2	6	0	1.3202471	51	13357.086	13357.686	13357.686	13357.886	13359.006
3	31	2	1	384	3	6	7	24	5	2	6	1	0.95519047	52	13359.707	13360.307	13360.307	13360.507	13361.262
3	31	2	1	385	3	6	7	25	5	1	6	1	0.73723936	53	13362.329	13362.529	13362.529	13362.729	13363.266
3	31	2	1	386	3	6	7	26	6	1	7	1	0.73680583	54	13364.55	13364.75	13364.75	13364.95	13365.487
3	31	2	1	387	3	6	7	27	4	1	5	1	0.93532643	55	13366.773	13366.973	13366.973	13367.173	13367.908
3	31	2	1	388	3	6	7	28	5	2	6	1	0.90301664	56	13368.994	13369.594	13369.594	13369.794	13370.497
3	31	2	1	389	3	6	7	29	5	2	6	1	0.51772192	57	13371.616	13372.216	13372.216	13372.416	13372.734
3	31	2	1	390	3	6	7	30	6	1	7	1	0.77054627	58	13374.238	13374.438	13374.438	13374.638	13375.209
3	31	2	1	391	3	2	7	1	3	1	1	1	0.43582716	1	13404.525	13404.725	13404.725	13404.925	13405.161
3	31	2	1	392	3	2	7	2	2	1	1	1	0.46813204	2	13406.747	13406.947	13406.947	13407.147	13407.415
3	31	2	1	393	3	2	7	3	5	2	8	1	0.60861851	3	13408.969	13409.569	13409.569	13409.769	13410.178
3	31	2	1	394	3	2	7	4	5	1	8	1	0.46500705	4	13411.591	13411.791	13411.791	13411.991	13412.256
3	31	2	1	395	3	2	7	5	1	2	1	1	0.56057894	5	13413.814	13414.414	13414.414	13414.614	13414.975
3	31	2	1	396	3	2	7	6	4	1	8	1	0.54252674	6	13416.436	13416.636	13416.636	13416.836	13417.178
3	31	2	1	397	3	2	7	7	1	2	1	1	0.48411324	7	13418.658	13419.258	13419.258	13419.458	13419.742
3	31	2	1	398	3	2	7	8	6	2	8	1	0.57954899	8	13421.28	13421.88	13421.88	13422.08	13422.46
3	31	2	1	399	3	2	7	9	5	2	8	1	0.53872802	9	13423.902	13424.502	13424.502	13424.702	13425.041
3	31	2	1	400	3	2	7	10	5	1	8	1	0.47583902	10	13426.525	13426.725	13426.725	13426.925	13427.201
3	31	2	1	401	3	2	7	11	1	1	1	1	0.48384064	11	13428.747	13428.947	13428.947	13429.147	13429.431
3	31	2	1	402	3	2	7	12	2	1	8	0	0.43626267	11	13430.97	13431.17	13431.17	13431.37	13431.606
3	31	2	1	403	3	2	7	13	6	2	8	1	0.5696923	12	13433.197	13433.797	13433.797	13433.997	13434.367
3	31	2	1	404	3	2	7	14	6	2	8	1	0.52491617	13	13435.82	13436.42	13436.42	13436.62	13436.945
3	31	2	1	405	3	2	7	15	4	2	8	1	0.59231645	14	13438.442	13439.042	13439.042	13439.242	13439.634
3	31	2	1	406	3	2	7	16	5	1	8	1	0.56940127	15	13441.064	13441.264	13441.264	13441.464	13441.834
3	31	2	1	407	3	2	7	17	1	2	1	1	0.64932003	16	13443.287	13443.887	13443.887	13444.087	13444.536
3	31	2	1	408	3	2	7	18	1	1	1	1	0.58607431	17	13445.91	13446.11	13446.11	13446.31	13446.696
3	31	2	1	409	3	2	7	19	6	1	8	1	0.42615748	18	13448.132	13448.332	13448.332	13448.532	13448.758
3	31	2	1	410	3	2	7	20	2	2	1	1	0.64767686	19	13450.355	13450.955	13450.955	13451.155	13451.602
3	31	2	1	411	3	2	7	21	3	2	1	1	1.0775013	20	13452.977	13453.577	13453.577	13453.777	13454.655
3	31	2	1	412	3	2	7	22	6	1	8	1	0.52170465	21	13455.6	13455.8	13455.8	13456	13456.322
3	31	2	1	413	3	2	7	23	3	2	1	1	0.62660909	22	13457.823	13458.423	13458.423	13458.623	13459.049
3	31	2	1	414	3	2	7	24	3	2	1	1	0.49998068	23	13460.446	13461.046	13461.046	13461.246	13461.546
3	31	2	1	415	3	2	7	25	4	1	8	1	0.59324718	24	13463.069	13463.269	13463.269	13463.469	13463.863
3	31	2	1	416	3	2	7	26	2	1	1	1	0.61879915	25	13465.292	13465.492	13465.492	13465.692	13466.111
3	31	2	1	417	3	2	7	27	4	1	8	1	0.53106348	26	13467.515	13467.715	13467.715	13467.915	13468.246
3	31	2	1	418	3	2	7	28	4	2	8	1	0.55953308	27	13469.738	13470.338	13470.338	13470.538	13470.898
3	31	2	1	419	3	2	7	29	2	2	1	1	0.61389079	28	13472.362	13472.962	13472.962	13473.162	13473.576
3	31	2	1	420	3	2	7	30	3	1	1	1	0.56484393	29	13474.988	13475.188	13475.188	13475.388	13475.753
3	31	2	1	421	3	6	8	1	3	1	4	1	0.9484307	30	13505.334	13505.534	13505.534	13505.734	13506.482
3	31	2	1	422	3	6	8	2	2	1	3	1	1.2165061	31	13507.558	13507.758	13507.758	13507.958	13508.974
3	31	2	1	423	3	6	8	3	5	2	7	0	1.3965182	31	13509.781	13510.381	13510.381	13510.581	13511.778
3	31	2	1	424	3	6	8	4	5	1	6	1	0.67719237	32	13512.405	13512.605	13512.605	13512.805	13513.282
3	31	2	1	425	3	6	8	5	1	2	2	1	1.3102747	33	13514.628	13515.228	13515.228	13515.428	13516.538
3	31	2	1	426	3	6	8	6	4	1	5	1	0.8345367	34	13517.253	13517.453	13517.453	13517.653	13518.287
3	31	2	1	427	3	6	8	7	1	2	6	0	0.64998994	34	13519.476	13520.076	13520.076	13520.276	13520.726
3	31	2	1	428	3	6	8	8	6	2	7	1	1.1251519	35	13522.099	13522.699	13522.699	13522.899	13523.825
3	31	2	1	429	3	6	8	9	5	2	6	1	0.6583542	36	13524.723	13525.323	13525.323	13525.523	13525.982
3	31	2	1	430	3	6	8	10	5	1	6	1	1.1824163	37	13527.347	13527.547	13527.547	13527.747	13528.73
3	31	2	1	431	3	6	8	11	1	1	2	1	1.3959726	38	13529.572	13529.772	13529.772	13529.972	13531.168
3	31	2	1	432	3	6	8	12	2	1	3	1	0.62950179	39	13531.795	13531.995	13531.995	13532.195	13532.625
3	31	2	1	433	3	6	8	13	6	2	7	1	1.3109929	40	13534.019	13534.619	13534.619	13534.819	13535.93
3	31	2	1	434	3	6	8	14	6	2	7	1	1.0222384	41	13536.643	13537.243	13537.243	13537.443	13538.265
3	31	2	1	435	3	6	8	15	4	2	5	1	0.91182873	42	13539.267	13539.867	13539.867	13540.067	13540.778
3	31	2	1	436	3	6	8	16	5	1	6	1	1.8076768	43	13541.89	13542.09	13542.09	13542.29	13543.898
3	31	2	1	437	3	6	8	17	1	2	2	1	1.7290204	44	13544.118	13544.718	13544.718	13544.918	13546.447
3	31	2	1	438	3	6	8	18	1	1	2	1	0.6416156	45	13546.742	13546.942	13546.942	13547.142	13547.583
3	31	2	1	439	3	6	8	19	6	1	7	1	0.67425954	46	13548.966	13549.166	13549.166	13549.366	13549.84
3	31	2	1	440	3	6	8	20	2	2	3	1	0.68832507	47	13551.19	13551.79	13551.79	13551.99	13552.478
3	31	2	1	441	3	6	8	21	3	2	4	1	1.2589048	48	13553.814	13554.414	13554.414	13554.614	13555.673
3	31	2	1	442	3	6	8	22	6	1	6	0	0.80917322	48	13556.439	13556.639	13556.639	13556.839	13557.448
3	31	2	1	443	3	6	8	23	3	2	4	1	1.2406855	49	13558.663	13559.263	13559.263	13559.463	13560.503
3	31	2	1	444	3	6	8	24	3	2	4	1	0.92675348	50	13561.287	13561.887	13561.887	13562.087	13562.814
3	31	2	1	445	3	6	8	25	4	1	5	1	1.2781332	51	13563.912	13564.112	13564.112	13564.312	13565.39
3	31	2	1	446	3	6	8	26	2	1	3	1	1.7683724	52	13566.136	13566.336	13566.336	13566.536	13568.104
3	31	2	1	447	3	6	8	27	4	1	4	0	0.71367962	52	13568.36	13568.56	13568.56	13568.76	13569.274
3	31	2	1	448	3	6	8	28	4	2	5	1	0.80448622	53	13570.586	13571.186	13571.186	13571.386	13571.99
3	31	2	1	449	3	6	8	29	2	2	3	1	1.818923	54	13573.212	13573.812	13573.812	13574.012	13575.631
3	31	2	1	450	3	6	8	30	3	1	4	1	1.3935924	55	13575.836	13576.036	13576.036	13576.236	13577.43
3	31	2	1	451	3	2	8	1	2	1	1	1	0.47276124	1	13606.565	13606.765	13606.765	13606.965	13607.238
3	31	2	1	452	3	2	8	2	2	1	1	1	0.44864546	2	13608.79	13608.99	13608.99	13609.19	13609.439
3	31	2	1	453	3	2	8	3	5	2	8	1	0.54227981	3	13611.014	13611.614	13611.614	13611.814	13612.156
3	31	2	1	454	3	2	8	4	5	1	8	1	0.37500535	4	13613.639	13613.839	13613.839	13614.039	13614.214
3	31	2	1	455	3	2	8	5	3	2	1	1	0.71937272	5	13615.864	13616.464	13616.464	13616.664	13617.183
3	31	2	1	456	3	2	8	6	1	1	1	1	0.38927427	6	13618.491	13618.691	13618.691	13618.891	13619.08
3	31	2	1	457	3	2	8	7	6	2	8	1	0.47476892	7	13620.716	13621.316	13621.316	13621.516	13621.791
3	31	2	1	458	3	2	8	8	1	2	1	1	0.64246117	8	13623.341	13623.941	13623.941	13624.141	13624.583
3	31	2	1	459	3	2	8	9	3	2	1	1	0.52216087	9	13625.967	13626.567	13626.567	13626.767	13627.089
3	31	2	1	460	3	2	8	10	6	1	8	1	0.69715079	10	13628.591	13628.791	13628.791	13628.991	13629.488
3	31	2	1	461	3	2	8	11	4	1	8	1	0.40939713	11	13630.817	13631.017	13631.017	13631.217	13631.426
3	31	2	1	462	3	2	8	12	2	1	1	1	0.59925694	12	13633.041	13633.241	13633.241	13633.441	13633.84
3	31	2	1	463	3	2	8	13	4	2	8	1	0.62852114	13	13635.267	13635.867	13635.867	13636.067	13636.495
3	31	2	1	464	3	2	8	14	3	2	1	1	0.62864678	14	13637.892	13638.492	13638.492	13638.692	13639.121
3	31	2	1	465	3	2	8	15	3	2	1	1	0.75562612	15	13640.517	13641.117	13641.117	13641.317	13641.873
3	31	2	1	466	3	2	8	16	4	1	8	1	1.131975	16	13643.142	13643.342	13643.342	13643.542	13644.474
3	31	2	1	467	3	2	8	17	6	2	8	1	0.55365493	17	13645.367	13645.967	13645.967	13646.167	13646.521
3	31	2	1	468	3	2	8	18	5	1	8	1	0.65756874	18	13647.997	13648.197	13648.197	13648.397	13648.855
3	31	2	1	469	3	2	8	19	6	1	8	1	0.62520273	19	13650.225	13650.425	13650.425	13650.625	13651.05
3	31	2	1	470	3	2	8	20	3	2	1	1	0.59896936	20	13652.451	13653.051	13653.051	13653.251	13653.65
3	31	2	1	471	3	2	8	21	1	2	1	1	0.69691557	21	13655.077	13655.677	13655.677	13655.877	13656.374
3	31	2	1	472	3	2	8	22	1	1	1	1	0.63900338	22	13657.703	13657.903	13657.903	13658.103	13658.542
3	31	2	1	473	3	2	8	23	1	2	1	1	0.69578649	23	13659.928	13660.528	13660.528	13660.728	13661.224
3	31	2	1	474	3	2	8	24	4	2	8	1	0.93441953	24	13662.553	13663.153	13663.153	13663.353	13664.088
3	31	2	1	475	3	2	8	25	5	1	8	1	0.51907989	25	13665.179	13665.379	13665.379	13665.579	13665.898
3	31	2	1	476	3	2	8	26	5	1	8	1	0.64138198	26	13667.407	13667.607	13667.607	13667.807	13668.249
3	31	2	1	477	3	2	8	27	2	1	1	1	0.78649481	27	13669.636	13669.836	13669.836	13670.036	13670.623
3	31	2	1	478	3	2	8	28	4	2	8	1	0.63274648	28	13671.864	13672.464	13672.464	13672.664	13673.097
3	31	2	1	479	3	2	8	29	2	2	1	1	0.88515193	29	13674.49	13675.09	13675.09	13675.29	13675.975
3	31	2	1	480	3	2	8	30	6	1	8	1	0.80502071	30	13677.115	13677.315	13677.315	13677.515	13678.12
3	31	2	1	481	3	6	9	1	2	1	3	1	0.88656343	31	13707.875	13708.075	13708.075	13708.275	13708.962
3	31	2	1	482	3	6	9	2	2	1	3	1	0.56825961	32	13710.102	13710.302	13710.302	13710.502	13710.87
3	31	2	1	483	3	6	9	3	5	2	6	1	1.2175029	33	13712.328	13712.928	13712.928	13713.128	13714.145
3	31	2	1	484	3	6	9	4	5	1	6	1	0.44101384	34	13714.961	13715.161	13715.161	13715.361	13715.602
3	31	2	1	485	3	6	9	5	3	2	4	1	1.0610747	35	13717.188	13717.788	13717.788	13717.988	13718.849
3	31	2	1	486	3	6	9	6	1	1	2	1	1.4350394	36	13719.814	13720.014	13720.014	13720.214	13721.449
3	31	2	1	487	3	6	9	7	6	2	6	0	1.3673727	36	13722.04	13722.64	13722.64	13722.84	13724.008
3	31	2	1	488	3	6	9	8	1	2	2	1	1.1327608	37	13724.666	13725.266	13725.266	13725.466	13726.399
3	31	2	1	489	3	6	9	9	3	2	4	1	0.89326763	38	13727.292	13727.892	13727.892	13728.092	13728.785
3	31	2	1	490	3	6	9	10	6	1	7	1	0.98702263	39	13729.918	13730.118	13730.118	13730.318	13731.105
3	31	2	1	491	3	6	9	11	4	1	5	1	1.2666465	40	13732.144	13732.344	13732.344	13732.544	13733.61
3	31	2	1	492	3	6	9	12	2	1	3	1	0.77991832	41	13734.37	13734.57	13734.57	13734.77	13735.35
3	31	2	1	493	3	6	9	13	4	2	5	1	0.89749971	42	13736.596	13737.196	13737.196	13737.396	13738.094
3	31	2	1	494	3	6	9	14	3	2	4	1	0.84111228	43	13739.224	13739.824	13739.824	13740.024	13740.665
3	31	2	1	495	3	6	9	15	3	2	4	1	1.4989864	44	13741.85	13742.45	13742.45	13742.65	13743.949
3	31	2	1	496	3	6	9	16	4	1	5	1	0.85924654	45	13744.477	13744.677	13744.677	13744.877	13745.536
3	31	2	1	497	3	6	9	17	6	2	7	1	1.8537317	46	13746.705	13747.305	13747.305	13747.505	13749.159
3	31	2	1	498	3	6	9	18	5	1	6	1	1.1721298	47	13749.332	13749.532	13749.532	13749.732	13750.704
3	31	2	1	499	3	6	9	19	6	1	7	1	0.95571382	48	13751.559	13751.759	13751.759	13751.959	13752.714
3	31	2	1	500	3	6	9	20	3	2	4	1	1.2211745	49	13753.785	13754.385	13754.385	13754.585	13755.607
3	31	2	1	501	3	6	9	21	1	2	2	1	1.1221004	50	13756.415	13757.015	13757.015	13757.215	13758.138
3	31	2	1	502	3	6	9	22	1	1	2	1	0.78453128	51	13759.041	13759.241	13759.241	13759.441	13760.026
3	31	2	1	503	3	6	9	23	1	2	2	1	0.61227492	52	13761.267	13761.867	13761.867	13762.067	13762.48
3	31	2	1	504	3	6	9	24	4	2	5	1	1.3371194	53	13763.894	13764.494	13764.494	13764.694	13765.831
3	31	2	1	505	3	6	9	25	5	1	2	0	1.6165039	53	13766.52	13766.72	13766.72	13766.92	13768.337
3	31	2	1	506	3	6	9	26	5	1	6	1	1.0021952	54	13768.75	13768.95	13768.95	13769.15	13769.952
3	31	2	1	507	3	6	9	27	2	1	7	0	0.61274051	54	13770.977	13771.177	13771.177	13771.377	13771.79
3	31	2	1	508	3	6	9	28	4	2	5	1	0.70849715	55	13773.204	13773.804	13773.804	13774.004	13774.513
3	31	2	1	509	3	6	9	29	2	2	3	1	1.0090112	56	13775.831	13776.431	13776.431	13776.631	13777.44
3	31	2	1	510	3	6	9	30	6	1	7	1	1.1985592	57	13778.458	13778.658	13778.658	13778.858	13779.857
3	31	2	1	511	3	2	9	1	2	1	1	1	0.61363275	1	13808.756	13808.956	13808.956	13809.156	13809.569
3	31	2	1	512	3	2	9	2	5	1	8	1	0.6682941	2	13810.987	13811.187	13811.187	13811.387	13811.855
3	31	2	1	513	3	2	9	3	6	2	8	1	0.67378589	3	13813.214	13813.814	13813.814	13814.014	13814.488
3	31	2	1	514	3	2	9	4	2	1	1	1	0.57581323	4	13815.841	13816.041	13816.041	13816.241	13816.617
3	31	2	1	515	3	2	9	5	6	2	8	1	0.81350404	5	13818.069	13818.669	13818.669	13818.869	13819.482
3	31	2	1	516	3	2	9	6	5	1	8	1	0.82827098	6	13820.696	13820.896	13820.896	13821.096	13821.724
3	31	2	1	517	3	2	9	7	2	2	1	1	0.79862594	7	13822.929	13823.529	13823.529	13823.729	13824.327
3	31	2	1	518	3	2	9	8	4	2	8	1	0.81285495	8	13825.556	13826.156	13826.156	13826.356	13826.969
3	31	2	1	519	3	2	9	9	1	2	1	1	0.6229119	9	13828.184	13828.784	13828.784	13828.984	13829.406
3	31	2	1	520	3	2	9	10	3	1	1	1	0.60350886	10	13830.811	13831.011	13831.011	13831.211	13831.614
3	31	2	1	521	3	2	9	11	1	1	1	1	0.56123975	11	13833.038	13833.238	13833.238	13833.438	13833.8
3	31	2	1	522	3	2	9	12	3	1	1	1	0.63281904	12	13835.265	13835.465	13835.465	13835.665	13836.098
3	31	2	1	523	3	2	9	13	6	2	8	1	0.54550148	13	13837.493	13838.093	13838.093	13838.293	13838.639
3	31	2	1	524	3	2	9	14	4	2	8	1	0.45456741	14	13840.121	13840.721	13840.721	13840.921	13841.176
3	31	2	1	525	3	2	9	15	2	2	1	1	0.73208419	15	13842.748	13843.348	13843.348	13843.548	13844.08
3	31	2	1	526	3	2	9	16	3	1	1	1	0.54357613	16	13845.376	13845.576	13845.576	13845.776	13846.12
3	31	2	1	527	3	2	9	17	3	2	1	1	0.57761031	17	13847.608	13848.208	13848.208	13848.408	13848.786
3	31	2	1	528	3	2	9	18	4	1	8	1	0.61670537	18	13850.239	13850.439	13850.439	13850.639	13851.056
3	31	2	1	529	3	2	9	19	6	1	8	1	0.52024728	19	13852.47	13852.67	13852.67	13852.87	13853.19
3	31	2	1	530	3	2	9	20	3	2	1	1	0.7585298	20	13854.698	13855.298	13855.298	13855.498	13856.056
3	31	2	1	531	3	2	9	21	4	2	8	1	0.61567949	21	13857.326	13857.926	13857.926	13858.126	13858.542
3	31	2	1	532	3	2	9	22	4	1	8	1	0.61236861	22	13859.954	13860.154	13860.154	13860.354	13860.767
3	31	2	1	533	3	2	9	23	1	2	1	1	0.63281229	23	13862.183	13862.783	13862.783	13862.983	13863.415
3	31	2	1	534	3	2	9	24	2	2	1	1	0.62071608	24	13864.812	13865.412	13865.412	13865.612	13866.032
3	31	2	1	535	3	2	9	25	1	1	1	1	0.62560486	25	13867.439	13867.639	13867.639	13867.839	13868.265
3	31	2	1	536	3	2	9	26	6	1	8	1	0.61140563	26	13869.668	13869.868	13869.868	13870.068	13870.48
3	31	2	1	537	3	2	9	27	5	1	8	1	0.56183239	27	13871.895	13872.095	13872.095	13872.295	13872.657
3	31	2	1	538	3	2	9	28	1	2	1	1	0.56283537	28	13874.123	13874.723	13874.723	13874.923	13875.286
3	31	2	1	539	3	2	9	29	5	2	8	1	0.64971269	29	13876.751	13877.351	13877.351	13877.551	13878.001
3	31	2	1	540	3	2	9	30	5	1	8	1	0.60990115	30	13879.381	13879.581	13879.581	13879.781	13880.191
3	31	2	1	541	4	6	10	1	2	1	3	1	1.1593293	31	14447.265	14447.465	14447.465	14447.665	14448.625
3	31	2	1	542	4	6	10	2	5	1	6	1	1.083304	32	14449.494	14449.694	14449.694	14449.894	14450.777
3	31	2	1	543	4	6	10	3	6	2	7	1	0.7328256	33	14451.722	14452.322	14452.322	14452.522	14453.055
3	31	2	1	544	4	6	10	4	2	1	3	1	0.79271477	34	14454.35	14454.55	14454.55	14454.75	14455.343
3	31	2	1	545	4	6	10	5	6	2	6	0	1.123472	34	14456.578	14457.178	14457.178	14457.378	14458.302
3	31	2	1	546	4	6	10	6	5	1	6	1	0.72189173	35	14459.207	14459.407	14459.407	14459.607	14460.129
3	31	2	1	547	4	6	10	7	2	2	3	1	1.0672821	36	14461.435	14462.035	14462.035	14462.235	14463.102
3	31	2	1	548	4	6	10	8	4	2	4	0	0.87141637	36	14464.064	14464.664	14464.664	14464.864	14465.535
3	31	2	1	549	4	6	10	9	1	2	2	1	1.356627	37	14466.692	14467.292	14467.292	14467.492	14468.649
3	31	2	1	550	4	6	10	10	3	1	4	1	1.7432391	38	14469.321	14469.521	14469.521	14469.721	14471.264
3	31	2	1	551	4	6	10	11	1	1	2	1	1.0738394	39	14471.551	14471.751	14471.751	14471.951	14472.824
3	31	2	1	552	4	6	10	12	3	1	4	1	1.5322015	40	14473.779	14473.979	14473.979	14474.179	14475.511
3	31	2	1	553	4	6	10	13	6	2	6	0	1.1068929	40	14476.008	14476.608	14476.608	14476.808	14477.715
3	31	2	1	554	4	6	10	14	4	2	5	1	1.0117213	41	14478.637	14479.237	14479.237	14479.437	14480.248
3	31	2	1	555	4	6	10	15	2	2	4	0	1.9976166	41	14481.267	14481.867	14481.867	14482.067	14483.865
3	31	2	1	556	4	6	10	16	3	1	4	1	1.6886109	42	14483.896	14484.096	14484.096	14484.296	14485.785
3	31	2	1	557	4	6	10	17	3	2	4	1	1.2026718	43	14486.128	14486.728	14486.728	14486.928	14487.931
3	31	2	1	558	4	6	10	18	4	1	5	1	0.94624229	44	14488.757	14488.957	14488.957	14489.157	14489.903
3	31	2	1	559	4	6	10	19	6	1	7	1	1.4473766	45	14490.985	14491.185	14491.185	14491.385	14492.633
3	31	2	1	560	4	6	10	20	3	2	4	1	1.34349	46	14493.215	14493.815	14493.815	14494.015	14495.158
3	31	2	1	561	4	6	10	21	4	2	5	1	0.81300753	47	14495.844	14496.444	14496.444	14496.644	14497.257
3	31	2	1	562	4	6	10	22	4	1	5	1	0.67830462	48	14498.474	14498.674	14498.674	14498.874	14499.352
3	31	2	1	563	4	6	10	23	1	2	2	1	1.1031581	49	14500.703	14501.303	14501.303	14501.503	14502.406
3	31	2	1	564	4	6	10	24	2	2	3	1	0.57198005	50	14503.332	14503.932	14503.932	14504.132	14504.504
3	31	2	1	565	4	6	10	25	1	1	2	1	0.81634563	51	14505.962	14506.162	14506.162	14506.362	14506.978
3	31	2	1	566	4	6	10	26	6	1	6	0	1.112912	51	14508.191	14508.391	14508.391	14508.591	14509.504
3	31	2	1	567	4	6	10	27	5	1	6	1	0.70689924	52	14510.423	14510.623	14510.623	14510.823	14511.33
3	31	2	1	568	4	6	10	28	1	2	2	1	1.1462162	53	14512.653	14513.253	14513.253	14513.453	14514.399
3	31	2	1	569	4	6	10	29	5	2	2	0	1.9758588	53	14515.282	14515.882	14515.882	14516.082	14517.858
3	31	2	1	570	4	6	10	30	5	1	6	1	1.0737593	54	14517.911	14518.111	14518.111	14518.311	14519.185
3	31	2	1	571	4	2	10	1	4	1	8	1	0.7796307	1	14548.626	14548.826	14548.826	14549.026	14549.606
3	31	2	1	572	4	2	10	2	5	1	8	1	0.58612336	2	14550.856	14551.056	14551.056	14551.256	14551.642
3	31	2	1	573	4	2	10	3	6	2	8	1	0.46839632	3	14553.085	14553.685	14553.685	14553.885	14554.154
3	31	2	1	574	4	2	10	4	2	1	1	1	1.0297687	4	14555.715	14555.915	14555.915	14556.115	14556.945
3	31	2	1	575	4	2	10	5	1	2	1	1	0.5805412	5	14557.945	14558.545	14558.545	14558.745	14559.126
3	31	2	1	576	4	2	10	6	3	1	1	1	0.56687439	6	14560.578	14560.778	14560.778	14560.978	14561.345
3	31	2	1	577	4	2	10	7	5	2	8	1	0.53771991	7	14562.807	14563.407	14563.407	14563.607	14563.945
3	31	2	1	578	4	2	10	8	2	2	1	1	1.0240653	8	14565.44	14566.04	14566.04	14566.24	14567.064
3	31	2	1	579	4	2	10	9	4	2	8	1	0.60591317	9	14568.073	14568.673	14568.673	14568.873	14569.278
3	31	2	1	580	4	2	10	10	1	1	1	1	0.88216347	10	14570.703	14570.903	14570.903	14571.103	14571.785
3	31	2	1	581	4	2	10	11	6	1	8	1	0.9514137	11	14572.935	14573.135	14573.135	14573.335	14574.086
3	31	2	1	582	4	2	10	12	6	1	8	1	0.57231148	12	14575.164	14575.364	14575.364	14575.564	14575.937
3	31	2	1	583	4	2	10	13	6	2	8	1	0.63988249	13	14577.394	14577.994	14577.994	14578.194	14578.634
3	31	2	1	584	4	2	10	14	4	2	8	1	0.65637676	14	14580.024	14580.624	14580.624	14580.824	14581.281
3	31	2	1	585	4	2	10	15	3	2	1	1	0.86455847	15	14582.654	14583.254	14583.254	14583.454	14584.119
3	31	2	1	586	4	2	10	16	3	1	1	1	0.73024886	16	14585.285	14585.485	14585.485	14585.685	14586.215
3	31	2	1	587	4	2	10	17	4	2	8	1	0.81891366	17	14587.515	14588.115	14588.115	14588.315	14588.934
3	31	2	1	588	4	2	10	18	4	1	8	1	0.50344816	18	14590.146	14590.346	14590.346	14590.546	14590.849
3	31	2	1	589	4	2	10	19	1	1	1	1	0.89351979	19	14592.378	14592.578	14592.578	14592.778	14593.471
3	31	2	1	590	4	2	10	20	1	2	1	1	0.5362793	20	14594.607	14595.207	14595.207	14595.407	14595.744
3	31	2	1	591	4	2	10	21	5	2	8	1	0.63004044	21	14597.241	14597.841	14597.841	14598.041	14598.471
3	31	2	1	592	4	2	10	22	2	1	1	1	1.0171608	22	14599.871	14600.071	14600.071	14600.271	14601.088
3	31	2	1	593	4	2	10	23	2	2	1	1	0.61963684	23	14602.101	14602.701	14602.701	14602.901	14603.321
3	31	2	1	594	4	2	10	24	2	2	1	1	0.58920348	24	14604.732	14605.332	14605.332	14605.532	14605.921
3	31	2	1	595	4	2	10	25	3	1	1	1	0.62645994	25	14607.363	14607.563	14607.563	14607.763	14608.19
3	31	2	1	596	4	2	10	26	1	1	1	1	0.60379284	26	14609.594	14609.794	14609.794	14609.994	14610.398
3	31	2	1	597	4	2	10	27	5	1	8	1	0.93638844	27	14611.826	14612.026	14612.026	14612.226	14612.962
3	31	2	1	598	4	2	10	28	6	2	8	1	0.66379298	28	14614.057	14614.657	14614.657	14614.857	14615.321
3	31	2	1	599	4	2	10	29	5	2	8	1	0.51155038	29	14616.688	14617.288	14617.288	14617.488	14617.799
3	31	2	1	600	4	2	10	30	3	1	1	1	0.97837221	30	14619.319	14619.519	14619.519	14619.719	14620.498
3	31	2	1	601	4	6	11	1	4	1	5	1	0.70683321	31	14649.735	14649.935	14649.935	14650.135	14650.642
3	31	2	1	602	4	6	11	2	5	1	6	1	1.4025138	32	14651.966	14652.166	14652.166	14652.366	14653.568
3	31	2	1	603	4	6	11	3	6	2	7	1	0.67601379	33	14654.197	14654.797	14654.797	14654.997	14655.473
3	31	2	1	604	4	6	11	4	2	1	3	1	0.50165559	34	14656.827	14657.027	14657.027	14657.227	14657.529
3	31	2	1	605	4	6	11	5	1	2	2	1	1.0977858	35	14659.059	14659.659	14659.659	14659.859	14660.757
3	31	2	1	606	4	6	11	6	3	1	4	1	0.61801086	36	14661.693	14661.893	14661.893	14662.093	14662.511
3	31	2	1	607	4	6	11	7	5	2	6	1	1.0829794	37	14663.923	14664.523	14664.523	14664.723	14665.606
3	31	2	1	608	4	6	11	8	2	2	3	1	1.2251077	38	14666.561	14667.161	14667.161	14667.361	14668.386
3	31	2	1	609	4	6	11	9	4	2	5	1	0.80794843	39	14669.192	14669.792	14669.792	14669.992	14670.6
3	31	2	1	610	4	6	11	10	1	1	2	1	0.99457043	40	14671.824	14672.024	14672.024	14672.224	14673.018
3	31	2	1	611	4	6	11	11	6	1	7	1	1.0001046	41	14674.056	14674.256	14674.256	14674.456	14675.256
3	31	2	1	612	4	6	11	12	6	1	7	1	0.40678129	42	14676.287	14676.487	14676.487	14676.687	14676.894
3	31	2	1	613	4	6	11	13	6	2	7	1	0.54334461	43	14678.519	14679.119	14679.119	14679.319	14679.662
3	31	2	1	614	4	6	11	14	4	2	5	1	1.0187943	44	14681.15	14681.75	14681.75	14681.95	14682.769
3	31	2	1	615	4	6	11	15	3	2	4	1	1.3879727	45	14683.783	14684.383	14684.383	14684.583	14685.771
3	31	2	1	616	4	6	11	16	3	1	4	1	0.97962252	46	14686.414	14686.614	14686.614	14686.814	14687.594
3	31	2	1	617	4	6	11	17	4	2	5	1	0.65922684	47	14688.646	14689.246	14689.246	14689.446	14689.905
3	31	2	1	618	4	6	11	18	4	1	5	1	0.49818414	48	14691.277	14691.477	14691.477	14691.677	14691.975
3	31	2	1	619	4	6	11	19	1	1	2	1	1.3780537	49	14693.51	14693.71	14693.71	14693.91	14695.088
3	31	2	1	620	4	6	11	20	1	2	2	1	0.61812789	50	14695.741	14696.341	14696.341	14696.541	14696.959
3	31	2	1	621	4	6	11	21	5	2	6	1	1.3319199	51	14698.373	14698.973	14698.973	14699.173	14700.305
3	31	2	1	622	4	6	11	22	2	1	3	1	1.6908168	52	14701.005	14701.205	14701.205	14701.405	14702.896
3	31	2	1	623	4	6	11	23	2	2	3	1	0.69945617	53	14703.237	14703.837	14703.837	14704.037	14704.536
3	31	2	1	624	4	6	11	24	2	2	3	1	0.72070133	54	14705.87	14706.47	14706.47	14706.67	14707.19
3	31	2	1	625	4	6	11	25	3	1	4	1	1.1949904	55	14708.502	14708.702	14708.702	14708.902	14709.897
3	31	2	1	626	4	6	11	26	1	1	2	1	1.5057166	56	14710.734	14710.934	14710.934	14711.134	14712.44
3	31	2	1	627	4	6	11	27	5	1	4	0	1.7866274	56	14712.966	14713.166	14713.166	14713.366	14714.953
3	31	2	1	628	4	6	11	28	6	2	7	1	1.7382778	57	14715.198	14715.798	14715.798	14715.998	14717.536
3	31	2	1	629	4	6	11	29	5	2	6	1	0.49897452	58	14717.831	14718.431	14718.431	14718.631	14718.93
3	31	2	1	630	4	6	11	30	3	1	4	1	1.2929029	59	14720.465	14720.665	14720.665	14720.865	14721.958
3	31	2	1	631	4	2	11	1	6	1	8	1	0.47405282	1	14751.126	14751.326	14751.326	14751.526	14751.8
3	31	2	1	632	4	2	11	2	2	1	1	1	0.48064204	2	14753.358	14753.558	14753.558	14753.758	14754.039
3	31	2	1	633	4	2	11	3	2	2	1	1	0.5990448	3	14755.593	14756.193	14756.193	14756.393	14756.792
3	31	2	1	634	4	2	11	4	2	1	1	1	0.84656296	4	14758.225	14758.425	14758.425	14758.625	14759.272
3	31	2	1	635	4	2	11	5	5	2	8	1	0.75171476	5	14760.457	14761.057	14761.057	14761.257	14761.809
3	31	2	1	636	4	2	11	6	4	1	8	1	0.6402828	6	14763.09	14763.29	14763.29	14763.49	14763.93
3	31	2	1	637	4	2	11	7	4	2	8	1	0.48860933	7	14765.326	14765.926	14765.926	14766.126	14766.415
3	31	2	1	638	4	2	11	8	1	2	1	1	0.7467405	8	14767.959	14768.559	14768.559	14768.759	14769.306
3	31	2	1	639	4	2	11	9	3	2	1	1	0.49632918	9	14770.592	14771.192	14771.192	14771.392	14771.688
3	31	2	1	640	4	2	11	10	6	1	8	1	0.59883625	10	14773.224	14773.424	14773.424	14773.624	14774.023
3	31	2	1	641	4	2	11	11	2	1	1	1	0.7294877	11	14775.457	14775.657	14775.657	14775.857	14776.386
3	31	2	1	642	4	2	11	12	3	1	1	1	0.59051283	12	14777.69	14777.89	14777.89	14778.09	14778.48
3	31	2	1	643	4	2	11	13	4	2	8	1	0.87025884	13	14779.923	14780.523	14780.523	14780.723	14781.393
3	31	2	1	644	4	2	11	14	1	2	1	1	0.69256241	14	14782.555	14783.155	14783.155	14783.355	14783.848
3	31	2	1	645	4	2	11	15	6	2	8	1	0.63607495	15	14785.188	14785.788	14785.788	14785.988	14786.424
3	31	2	1	646	4	2	11	16	4	1	8	1	0.56354923	16	14787.82	14788.02	14788.02	14788.22	14788.584
3	31	2	1	647	4	2	11	17	2	2	1	1	0.71902487	17	14790.056	14790.656	14790.656	14790.856	14791.375
3	31	2	1	648	4	2	11	18	5	1	8	1	0.62286844	18	14792.69	14792.89	14792.89	14793.09	14793.512
3	31	2	1	649	4	2	11	19	1	1	1	1	0.69132495	19	14794.923	14795.123	14795.123	14795.323	14795.814
3	31	2	1	650	4	2	11	20	1	2	1	1	0.57847603	20	14797.156	14797.756	14797.756	14797.956	14798.335
3	31	2	1	651	4	2	11	21	5	2	8	1	0.69905418	21	14799.79	14800.39	14800.39	14800.59	14801.089
3	31	2	1	652	4	2	11	22	3	1	1	1	0.63269537	22	14802.423	14802.623	14802.623	14802.823	14803.256
3	31	2	1	653	4	2	11	23	3	2	1	1	0.49516379	23	14804.657	14805.257	14805.257	14805.457	14805.752
3	31	2	1	654	4	2	11	24	3	2	1	1	0.61355391	24	14807.289	14807.889	14807.889	14808.089	14808.503
3	31	2	1	655	4	2	11	25	5	1	8	1	0.54714591	25	14809.924	14810.124	14810.124	14810.324	14810.671
3	31	2	1	656	4	2	11	26	1	1	1	1	0.86519433	26	14812.157	14812.357	14812.357	14812.557	14813.222
3	31	2	1	657	4	2	11	27	4	1	8	1	0.80248515	27	14814.391	14814.591	14814.591	14814.791	14815.394
3	31	2	1	658	4	2	11	28	5	2	8	1	0.51257135	28	14816.624	14817.224	14817.224	14817.424	14817.737
3	31	2	1	659	4	2	11	29	6	2	8	1	0.6788443	29	14819.257	14819.857	14819.857	14820.057	14820.536
3	31	2	1	660	4	2	11	30	6	1	8	1	0.5984825	30	14821.892	14822.092	14822.092	14822.292	14822.691
3	31	2	1	661	4	6	12	1	6	1	6	0	1.4079664	30	14852.497	14852.697	14852.697	14852.897	14854.105
3	31	2	1	662	4	6	12	2	2	1	3	1	1.1717974	31	14854.731	14854.931	14854.931	14855.131	14856.103
3	31	2	1	663	4	6	12	3	2	2	3	1	1.0299942	32	14856.964	14857.564	14857.564	14857.764	14858.594
3	31	2	1	664	4	6	12	4	2	1	3	1	0.54453315	33	14859.598	14859.798	14859.798	14859.998	14860.342
3	31	2	1	665	4	6	12	5	5	2	6	1	1.0542825	34	14861.832	14862.432	14862.432	14862.632	14863.486
3	31	2	1	666	4	6	12	6	4	1	7	0	1.3491428	34	14864.466	14864.666	14864.666	14864.866	14866.015
3	31	2	1	667	4	6	12	7	4	2	5	1	1.3177443	35	14866.7	14867.3	14867.3	14867.5	14868.618
3	31	2	1	668	4	6	12	8	1	2	2	1	0.89800115	36	14869.335	14869.935	14869.935	14870.135	14870.833
3	31	2	1	669	4	6	12	9	3	2	4	1	1.2589941	37	14871.971	14872.571	14872.571	14872.771	14873.83
3	31	2	1	670	4	6	12	10	6	1	3	0	0.92058263	37	14874.608	14874.808	14874.808	14875.008	14875.729
3	31	2	1	671	4	6	12	11	2	1	3	1	1.0769877	38	14876.843	14877.043	14877.043	14877.243	14878.12
3	31	2	1	672	4	6	12	12	3	1	4	1	0.96984958	39	14879.077	14879.277	14879.277	14879.477	14880.247
3	31	2	1	673	4	6	12	13	4	2	5	1	1.1056827	40	14881.311	14881.911	14881.911	14882.111	14883.016
3	31	2	1	674	4	6	12	14	1	2	2	1	0.88445409	41	14883.948	14884.548	14884.548	14884.748	14885.433
3	31	2	1	675	4	6	12	15	6	2	6	0	1.0520475	41	14886.587	14887.187	14887.187	14887.387	14888.239
3	31	2	1	676	4	6	12	16	4	1	5	1	1.0990397	42	14889.221	14889.421	14889.421	14889.621	14890.52
3	31	2	1	677	4	6	12	17	2	2	3	1	0.82848996	43	14891.46	14892.06	14892.06	14892.26	14892.888
3	31	2	1	678	4	6	12	18	5	1	6	1	0.88361201	44	14894.094	14894.294	14894.294	14894.494	14895.178
3	31	2	1	679	4	6	12	19	1	1	2	1	0.96721591	45	14896.329	14896.529	14896.529	14896.729	14897.497
3	31	2	1	680	4	6	12	20	1	2	2	1	0.87600983	46	14898.563	14899.163	14899.163	14899.363	14900.039
3	31	2	1	681	4	6	12	21	5	2	0	0	-14901.798	46	14901.198	14901.798	14901.798	14901.998	0
3	31	2	1	682	4	6	12	22	3	1	4	1	1.6065849	47	14903.835	14904.035	14904.035	14904.235	14905.641
3	31	2	1	683	4	6	12	23	3	2	4	1	1.2738396	48	14906.069	14906.669	14906.669	14906.869	14907.943
3	31	2	1	684	4	6	12	24	3	2	4	1	0.59018816	49	14908.704	14909.304	14909.304	14909.504	14909.894
3	31	2	1	685	4	6	12	25	5	1	6	1	1.9973888	50	14911.338	14911.538	14911.538	14911.738	14913.536
3	31	2	1	686	4	6	12	26	1	1	2	1	1.2730104	51	14913.574	14913.774	14913.774	14913.974	14915.047
3	31	2	1	687	4	6	12	27	4	1	5	1	0.76105826	52	14915.809	14916.009	14916.009	14916.209	14916.77
3	31	2	1	688	4	6	12	28	5	2	6	1	0.98216907	53	14918.044	14918.644	14918.644	14918.844	14919.626
3	31	2	1	689	4	6	12	29	6	2	7	1	1.5727581	54	14920.678	14921.278	14921.278	14921.478	14922.851
3	31	2	1	690	4	6	12	30	6	1	7	1	0.47174191	55	14923.313	14923.513	14923.513	14923.713	14923.985
3	31	2	1	691	4	2	12	1	5	1	8	1	0.94641266	1	14953.816	14954.016	14954.016	14954.216	14954.962
3	31	2	1	692	4	2	12	2	3	1	1	1	0.77398494	2	14956.052	14956.252	14956.252	14956.452	14957.026
3	31	2	1	693	4	2	12	3	3	2	1	1	0.6236844	3	14958.287	14958.887	14958.887	14959.087	14959.511
3	31	2	1	694	4	2	12	4	2	1	1	1	0.60454624	4	14960.922	14961.122	14961.122	14961.322	14961.726
3	31	2	1	695	4	2	12	5	4	2	8	1	0.68360626	5	14963.157	14963.757	14963.757	14963.957	14964.441
3	31	2	1	696	4	2	12	6	5	1	8	1	0.47278023	6	14965.792	14965.992	14965.992	14966.192	14966.465
3	31	2	1	697	4	2	12	7	6	2	8	1	0.49496239	7	14968.028	14968.628	14968.628	14968.828	14969.122
3	31	2	1	698	4	2	12	8	6	2	8	1	0.46022873	8	14970.662	14971.262	14971.262	14971.462	14971.723
3	31	2	1	699	4	2	12	9	1	2	1	1	0.88807829	9	14973.303	14973.903	14973.903	14974.103	14974.791
3	31	2	1	700	4	2	12	10	1	1	1	1	0.62889421	10	14975.94	14976.14	14976.14	14976.34	14976.769
3	31	2	1	701	4	2	12	11	3	1	1	1	0.50645029	11	14978.175	14978.375	14978.375	14978.575	14978.881
3	31	2	1	702	4	2	12	12	2	1	1	1	0.58119673	12	14980.41	14980.61	14980.61	14980.81	14981.191
3	31	2	1	703	4	2	12	13	3	2	1	1	0.49165704	13	14982.645	14983.245	14983.245	14983.445	14983.737
3	31	2	1	704	4	2	12	14	1	2	6	1	0.76559702	14	14985.281	14985.881	14985.881	14986.081	14986.646
3	31	2	1	705	4	2	12	15	1	2	1	1	0.50898136	15	14987.916	14988.516	14988.516	14988.716	14989.025
3	31	2	1	706	4	2	12	16	6	1	8	1	0.97116466	16	14990.551	14990.751	14990.751	14990.951	14991.722
3	31	2	1	707	4	2	12	17	4	2	8	1	0.55798716	17	14992.786	14993.386	14993.386	14993.586	14993.944
3	31	2	1	708	4	2	12	18	6	1	8	1	0.50865399	18	14995.422	14995.622	14995.622	14995.822	14996.13
3	31	2	1	709	4	2	12	19	4	1	8	1	0.54359114	19	14997.657	14997.857	14997.857	14998.057	14998.401
3	31	2	1	710	4	2	12	20	2	2	1	1	0.70857222	20	14999.892	15000.492	15000.492	15000.692	15001.201
3	31	2	1	711	4	2	12	21	1	2	1	1	0.61865557	21	15002.528	15003.128	15003.128	15003.328	15003.746
3	31	2	1	712	4	2	12	22	5	1	8	1	0.6989406	22	15005.164	15005.364	15005.364	15005.564	15006.063
3	31	2	1	713	4	2	12	23	4	2	8	1	0.89405541	23	15007.4	15008	15008	15008.2	15008.894
3	31	2	1	714	4	2	12	24	5	2	8	1	0.69985716	24	15010.035	15010.635	15010.635	15010.835	15011.335
3	31	2	1	715	4	2	12	25	5	1	8	1	0.60023952	25	15012.671	15012.871	15012.871	15013.071	15013.471
3	31	2	1	716	4	2	12	26	2	1	1	1	0.8448711	26	15014.906	15015.106	15015.106	15015.306	15015.951
3	31	2	1	717	4	2	12	27	6	1	8	1	0.69240818	27	15017.147	15017.347	15017.347	15017.547	15018.039
3	31	2	1	718	4	2	12	28	4	2	8	1	0.45069163	28	15019.383	15019.983	15019.983	15020.183	15020.433
3	31	2	1	719	4	2	12	29	2	2	1	1	0.65386229	29	15022.019	15022.619	15022.619	15022.819	15023.272
3	31	2	1	720	4	2	12	30	3	1	1	1	0.60734583	30	15024.655	15024.855	15024.855	15025.055	15025.462
