220	48	119	30	65	36	255	151	0	0	0	0	0	0	0	0	0	0	0	0
1	28	1	2	1	1	2	1	1	4	2	5	1	0.52896922	1	6952.5506	6953.1507	6953.1509	6953.351	6953.6798
1	28	1	2	2	1	2	1	2	6	2	5	1	0.46433417	2	6955.164	6955.7642	6955.7643	6955.9645	6956.2286
1	28	1	2	3	1	2	1	3	3	2	4	1	0.41070711	3	6957.7772	6958.3772	6958.3772	6958.5772	6958.7879
1	28	1	2	4	1	2	1	4	5	2	5	1	0.58836214	4	6960.3858	6960.9858	6960.9858	6961.1858	6961.5742
1	28	1	2	5	1	2	1	5	4	2	5	1	0.44604695	5	6962.9917	6963.5917	6963.5917	6963.7917	6964.0378
1	28	1	2	6	1	2	1	6	3	1	4	1	0.47982095	6	6965.598	6965.798	6965.798	6965.9981	6966.2779
1	28	1	2	7	1	2	1	7	5	1	5	1	0.56832283	7	6967.8052	6968.0052	6968.0052	6968.2052	6968.5736
1	28	1	2	8	1	2	1	8	2	2	4	1	0.57083799	8	6970.0121	6970.6121	6970.6121	6970.8122	6971.183
1	28	1	2	9	1	2	1	9	1	1	4	1	0.49990871	9	6972.6189	6972.819	6972.819	6973.019	6973.3189
1	28	1	2	10	1	2	1	10	2	1	4	1	0.46752277	10	6974.8283	6975.0283	6975.0283	6975.2284	6975.4958
1	28	1	2	11	1	2	1	11	3	2	4	1	0.38508504	11	6977.0386	6977.6386	6977.6386	6977.8387	6978.0237
1	28	1	2	12	1	2	1	12	1	2	4	1	0.44170353	12	6979.6453	6980.2453	6980.2453	6980.4453	6980.687
1	28	1	2	13	1	2	1	13	6	1	5	1	0.50479751	13	6982.2522	6982.4522	6982.4522	6982.6523	6982.957
1	28	1	2	14	1	2	1	14	5	2	5	1	0.65274825	14	6984.4593	6985.0594	6985.0594	6985.2594	6985.7121
1	28	1	2	15	1	2	1	15	2	1	4	1	0.51813985	15	6987.0646	6987.2646	6987.2646	6987.4647	6987.7828
1	28	1	2	16	1	2	1	16	3	2	4	1	0.50135466	16	6989.2709	6989.8709	6989.8709	6990.0709	6990.3723
1	28	1	2	17	1	2	1	17	6	2	5	1	0.49562748	17	6991.8784	6992.4784	6992.4784	6992.6784	6992.974
1	28	1	2	18	1	2	1	18	1	1	4	1	0.60732123	18	6994.4864	6994.6865	6994.6865	6994.8865	6995.2938
1	28	1	2	19	1	2	1	19	5	2	5	1	0.38634805	19	6996.6925	6997.2925	6997.2926	6997.4926	6997.6789
1	28	1	2	20	1	2	1	20	4	1	5	1	0.36847055	20	6999.3003	6999.5003	6999.5003	6999.7003	6999.8687
1	28	1	2	21	1	2	1	21	6	1	5	1	0.42972471	21	7001.5063	7001.7063	7001.7063	7001.9064	7002.136
1	28	1	2	22	1	2	1	22	4	2	5	1	0.39779064	22	7003.714	7004.314	7004.314	7004.514	7004.7118
1	28	1	2	23	1	2	1	23	4	1	5	1	0.38523821	23	7006.3213	7006.5213	7006.5214	7006.7214	7006.9066
1	28	1	2	24	1	2	1	24	1	1	4	1	0.48544532	24	7008.5291	7008.7291	7008.7292	7008.9292	7009.2146
1	28	1	2	25	1	2	1	25	5	2	5	1	0.40390579	25	7010.7369	7011.3369	7011.337	7011.537	7011.7409
1	28	1	2	26	1	2	1	26	2	1	4	1	0.35650334	26	7013.3447	7013.5448	7013.5448	7013.7448	7013.9013
1	28	1	2	27	1	2	1	27	1	1	4	1	0.46078544	27	7015.551	7015.751	7015.751	7015.951	7016.2118
1	28	1	2	28	1	2	1	28	6	2	5	1	0.46417782	28	7017.7562	7018.3562	7018.3562	7018.5562	7018.8204
1	28	1	2	29	1	2	1	29	3	1	5	0	0.35420897	28	7020.3642	7020.5642	7020.5642	7020.7642	7020.9184
1	28	1	2	30	1	2	1	30	2	1	4	1	0.69944076	29	7022.8828	7023.0828	7023.0828	7023.2828	7023.7822
1	28	1	2	31	1	6	1	1	2	2	0	0	-7033.9066	0	7033.3065	7033.9066	7033.9066	7034.1068	0
1	28	1	2	32	1	6	1	2	1	2	0	0	-7036.8163	0	7036.2163	7036.8163	7036.8163	7037.0164	0
1	28	1	2	33	1	6	1	3	1	2	0	0	-7039.7247	0	7039.1247	7039.7247	7039.7247	7039.9248	0
1	28	1	2	34	1	6	1	4	5	2	0	0	-7042.6328	0	7042.0328	7042.6328	7042.6328	7042.8328	0
1	28	1	2	35	1	6	1	5	4	2	4	0	1.3380773	0	7044.9414	7045.5414	7045.5414	7045.7415	7046.8795
1	28	1	2	36	1	6	1	6	4	1	2	0	0.72754207	0	7047.8545	7048.0545	7048.0545	7048.2545	7048.782
1	28	1	2	37	1	6	1	7	1	1	1	1	1.0016143	1	7050.3718	7050.5718	7050.5718	7050.7718	7051.5734
1	28	1	2	38	1	6	1	8	5	2	6	0	1.7804014	1	7052.578	7053.178	7053.1781	7053.3781	7054.9585
1	28	1	2	39	1	6	1	9	2	1	3	0	1.5208606	1	7055.4914	7055.6914	7055.6914	7055.8915	7057.2123
1	28	1	2	40	1	6	1	10	4	1	2	0	0.93378267	1	7058.007	7058.207	7058.207	7058.4071	7059.1408
1	28	1	2	41	1	6	1	11	1	2	2	0	1.0010174	1	7060.5245	7061.1245	7061.1246	7061.3246	7062.1256
1	28	1	2	42	1	6	1	12	2	2	7	0	0.49229798	1	7063.4408	7064.0409	7064.0409	7064.2409	7064.5332
1	28	1	2	43	1	6	1	13	6	1	6	0	0.78280702	1	7066.3568	7066.5569	7066.5569	7066.7569	7067.3397
1	28	1	2	44	1	6	1	14	6	2	5	0	1.0477304	1	7068.8706	7069.4706	7069.4707	7069.6707	7070.5184
1	28	1	2	45	1	6	1	15	3	1	8	0	1.0253938	1	7071.7889	7071.9889	7071.9889	7072.1889	7073.0143
1	28	1	2	46	1	6	1	16	4	2	1	0	1.0532052	1	7074.3028	7074.9029	7074.9029	7075.1029	7075.9561
1	28	1	2	47	1	6	1	17	6	2	3	0	1.6234311	1	7077.2208	7077.8209	7077.8209	7078.0209	7079.4443
1	28	1	2	48	1	6	1	18	2	1	2	1	1.5644178	2	7080.1378	7080.3378	7080.3379	7080.5379	7081.9023
1	28	1	2	49	1	6	1	19	1	2	5	0	0.8962228	2	7082.3579	7082.9579	7082.9579	7083.1579	7083.8542
1	28	1	2	50	1	6	1	20	2	1	3	0	1.4714123	2	7085.2791	7085.4791	7085.4791	7085.6791	7086.9505
1	28	1	2	51	1	6	1	21	3	1	7	0	0.98152438	2	7087.7927	7087.9927	7087.9927	7088.1927	7088.9742
1	28	1	2	52	1	6	1	22	4	2	6	1	0.92020367	3	7090.3096	7090.9096	7090.9096	7091.1096	7091.8298
1	28	1	2	53	1	6	1	23	6	1	0	0	-7093.1168	3	7092.9168	7093.1168	7093.1168	7093.3168	0
1	28	1	2	54	1	6	1	24	3	1	1	0	1.202562	3	7095.4259	7095.6259	7095.6259	7095.8259	7096.8285
1	28	1	2	55	1	6	1	25	6	2	2	0	1.1787473	3	7097.947	7098.547	7098.547	7098.747	7099.7258
1	28	1	2	56	1	6	1	26	5	1	7	1	1.5031231	4	7100.8626	7101.0626	7101.0626	7101.2626	7102.5658
1	28	1	2	57	1	6	1	27	5	1	0	0	-7103.2722	4	7103.0721	7103.2722	7103.2722	7103.4722	0
1	28	1	2	58	1	6	1	28	3	2	6	0	0.90561727	4	7105.5814	7106.1814	7106.1814	7106.3814	7107.0871
1	28	1	2	59	1	6	1	29	5	1	7	1	0.6084439	5	7108.4996	7108.6996	7108.6996	7108.8996	7109.308
1	28	1	2	60	1	6	1	30	3	1	6	0	1.0708076	5	7110.7093	7110.9093	7110.9093	7111.1093	7111.9801
1	28	1	2	61	1	2	2	1	2	2	4	1	0.76190592	1	7129.9956	7130.5956	7130.5956	7130.7956	7131.3575
1	28	1	2	62	1	2	2	2	4	2	5	1	0.39980607	2	7132.6052	7133.2052	7133.2052	7133.4052	7133.605
1	28	1	2	63	1	2	2	3	1	2	4	1	0.38139458	3	7135.2154	7135.8154	7135.8155	7136.0155	7136.1968
1	28	1	2	64	1	2	2	4	4	2	5	1	0.35756858	4	7137.8251	7138.4251	7138.4251	7138.6251	7138.7827
1	28	1	2	65	1	2	2	5	2	2	4	1	0.49062617	5	7140.435	7141.035	7141.035	7141.235	7141.5256
1	28	1	2	66	1	2	2	6	1	1	4	1	0.44939327	6	7143.0446	7143.2446	7143.2446	7143.4446	7143.694
1	28	1	2	67	1	2	2	7	6	1	5	1	0.4303432	7	7145.2544	7145.4544	7145.4544	7145.6544	7145.8848
1	28	1	2	68	1	2	2	8	3	2	4	1	0.42817127	8	7147.4646	7148.0646	7148.0646	7148.2646	7148.4928
1	28	1	2	69	1	2	2	9	3	1	4	1	0.59516135	9	7150.0745	7150.2745	7150.2745	7150.4745	7150.8697
1	28	1	2	70	1	2	2	10	5	1	5	1	0.50439165	10	7152.2847	7152.4847	7152.4847	7152.6847	7152.9891
1	28	1	2	71	1	2	2	11	4	2	5	1	0.39814951	11	7154.4931	7155.0931	7155.0931	7155.2931	7155.4913
1	28	1	2	72	1	2	2	12	1	2	4	1	0.42983285	12	7157.1028	7157.7028	7157.7028	7157.9028	7158.1326
1	28	1	2	73	1	2	2	13	6	1	5	1	0.54103029	13	7159.7134	7159.9134	7159.9134	7160.1135	7160.4545
1	28	1	2	74	1	2	2	14	1	2	4	1	0.4826505	14	7161.9233	7162.5233	7162.5233	7162.7233	7163.006
1	28	1	2	75	1	2	2	15	6	1	5	1	0.54682344	15	7164.5332	7164.7332	7164.7332	7164.9332	7165.28
1	28	1	2	76	1	2	2	16	5	2	5	1	0.38042244	16	7166.7453	7167.3453	7167.3453	7167.5453	7167.7257
1	28	1	2	77	1	2	2	17	4	2	5	1	0.3530747	17	7169.3558	7169.9558	7169.9558	7170.1558	7170.3089
1	28	1	2	78	1	2	2	18	5	1	5	1	0.36648626	18	7171.9665	7172.1665	7172.1665	7172.3665	7172.533
1	28	1	2	79	1	2	2	19	4	2	5	1	0.3624372	19	7174.1775	7174.7775	7174.7775	7174.9775	7175.1399
1	28	1	2	80	1	2	2	20	5	1	5	1	0.36115754	20	7176.7882	7176.9882	7176.9882	7177.1882	7177.3494
1	28	1	2	81	1	2	2	21	6	1	5	1	0.37440236	21	7178.9988	7179.1988	7179.1988	7179.3988	7179.5732
1	28	1	2	82	1	2	2	22	3	2	4	1	0.49689327	22	7181.2067	7181.8067	7181.8067	7182.0067	7182.3036
1	28	1	2	83	1	2	2	23	2	1	4	1	0.69385765	23	7183.8176	7184.0176	7184.0176	7184.2176	7184.7115
1	28	1	2	84	1	2	2	24	2	1	4	1	0.57325178	24	7186.0259	7186.2259	7186.2259	7186.4259	7186.7991
1	28	1	2	85	1	2	2	25	5	2	5	1	0.4441357	25	7188.2351	7188.8351	7188.8351	7189.0351	7189.2792
1	28	1	2	86	1	2	2	26	6	1	5	1	0.41762775	26	7190.8445	7191.0445	7191.0445	7191.2445	7191.4621
1	28	1	2	87	1	2	2	27	2	1	4	1	0.4701254	27	7193.055	7193.255	7193.255	7193.455	7193.7251
1	28	1	2	88	1	2	2	28	3	2	5	0	0.37795121	27	7195.2665	7195.8665	7195.8665	7196.0665	7196.2445
1	28	1	2	89	1	2	2	29	1	1	5	0	0.52298234	27	7198.1858	7198.3858	7198.3858	7198.5858	7198.9088
1	28	1	2	90	1	2	2	30	3	1	4	1	0.59805353	28	7200.7122	7200.9122	7200.9122	7201.1122	7201.5103
1	28	1	2	91	1	6	2	1	4	2	6	1	1.4256003	1	7334.7817	7335.3818	7335.3818	7335.5818	7336.8074
1	28	1	2	92	1	6	2	2	4	2	6	1	0.60620339	2	7337.3933	7337.9934	7337.9934	7338.1934	7338.5996
1	28	1	2	93	1	6	2	3	5	2	7	1	0.67583638	3	7340.0043	7340.6043	7340.6043	7340.8043	7341.2801
1	28	1	2	94	1	6	2	4	1	2	1	1	1.0217643	4	7342.6155	7343.2155	7343.2155	7343.4155	7344.2373
1	28	1	2	95	1	6	2	5	6	2	8	1	0.71363264	5	7345.2275	7345.8275	7345.8275	7346.0275	7346.5411
1	28	1	2	96	1	6	2	6	5	1	7	1	0.85370574	6	7347.8391	7348.0391	7348.0391	7348.2391	7348.8928
1	28	1	2	97	1	6	2	7	1	1	1	1	0.8602278	7	7350.0504	7350.2504	7350.2504	7350.4504	7351.1106
1	28	1	2	98	1	6	2	8	2	2	2	1	1.6158436	8	7352.2615	7352.8615	7352.8615	7353.0615	7354.4774
1	28	1	2	99	1	6	2	9	6	1	8	1	0.93358684	9	7354.8712	7355.0712	7355.0712	7355.2712	7356.0048
1	28	1	2	100	1	6	2	10	1	1	1	1	0.69728123	10	7357.0829	7357.2829	7357.2829	7357.4829	7357.9801
1	28	1	2	101	1	6	2	11	5	2	7	1	0.79770791	11	7359.2943	7359.8943	7359.8943	7360.0943	7360.6921
1	28	1	2	102	1	6	2	12	5	2	7	1	0.67661641	12	7361.9037	7362.5037	7362.5037	7362.7037	7363.1803
1	28	1	2	103	1	6	2	13	3	1	3	1	1.2091462	13	7364.5149	7364.7149	7364.7149	7364.9149	7365.924
1	28	1	2	104	1	6	2	14	3	2	3	1	0.66798253	14	7366.7268	7367.3268	7367.3268	7367.5268	7367.9948
1	28	1	2	105	1	6	2	15	1	1	1	1	0.90558691	15	7369.3383	7369.5383	7369.5383	7369.7383	7370.4439
1	28	1	2	106	1	6	2	16	2	2	2	1	0.91853994	16	7371.5501	7372.1501	7372.1501	7372.3501	7373.0687
1	28	1	2	107	1	6	2	17	4	2	6	1	1.0744798	17	7374.1616	7374.7616	7374.7616	7374.9616	7375.8361
1	28	1	2	108	1	6	2	18	1	1	3	0	1.4248585	17	7376.7713	7376.9713	7376.9713	7377.1713	7378.3962
1	28	1	2	109	1	6	2	19	4	2	6	1	0.76924865	18	7379.2923	7379.8924	7379.8924	7380.0924	7380.6616
1	28	1	2	110	1	6	2	20	4	1	6	1	1.028718	19	7381.9044	7382.1044	7382.1044	7382.3044	7383.1332
1	28	1	2	111	1	6	2	21	2	1	2	1	0.87997654	20	7384.117	7384.317	7384.317	7384.517	7385.197
1	28	1	2	112	1	6	2	22	6	2	8	1	0.7423641	21	7386.3287	7386.9287	7386.9287	7387.1287	7387.6711
1	28	1	2	113	1	6	2	23	5	1	7	1	0.71327859	22	7388.9406	7389.1406	7389.1406	7389.3406	7389.8539
1	28	1	2	114	1	6	2	24	3	1	3	1	0.98041055	23	7391.1522	7391.3522	7391.3522	7391.5522	7392.3326
1	28	1	2	115	1	6	2	25	3	2	3	1	1.2408897	24	7393.3639	7393.9639	7393.964	7394.164	7395.2048
1	28	1	2	116	1	6	2	26	3	1	3	1	0.72710575	25	7395.9733	7396.1733	7396.1733	7396.3733	7396.9004
1	28	1	2	117	1	6	2	27	2	1	2	1	0.73697626	26	7398.1831	7398.3831	7398.3831	7398.5831	7399.12
1	28	1	2	118	1	6	2	28	2	2	2	1	0.57129711	27	7400.3951	7400.9951	7400.9951	7401.1951	7401.5664
1	28	1	2	119	1	6	2	29	6	1	8	1	0.93201881	28	7403.0047	7403.2047	7403.2047	7403.4047	7404.1367
1	28	1	2	120	1	6	2	30	6	1	8	1	0.62866974	29	7405.2167	7405.4167	7405.4167	7405.6167	7406.0454
1	28	1	2	121	1	2	3	1	1	2	4	1	0.69090354	1	7417.572	7418.172	7418.172	7418.372	7418.8629
1	28	1	2	122	1	2	3	2	3	2	4	1	0.49869671	2	7420.1852	7420.7852	7420.7852	7420.9852	7421.2839
1	28	1	2	123	1	2	3	3	3	2	4	1	0.43809507	3	7422.7978	7423.3978	7423.3978	7423.5978	7423.8359
1	28	1	2	124	1	2	3	4	6	2	5	1	0.64947185	4	7425.4104	7426.0104	7426.0104	7426.2104	7426.6599
1	28	1	2	125	1	2	3	5	4	2	5	1	0.45752027	5	7428.0205	7428.6205	7428.6205	7428.8205	7429.078
1	28	1	2	126	1	2	3	6	6	1	5	1	0.41160891	6	7430.6334	7430.8334	7430.8334	7431.0334	7431.245
1	28	1	2	127	1	2	3	7	5	1	5	1	0.45541901	7	7432.8449	7433.0449	7433.0449	7433.2449	7433.5003
1	28	1	2	128	1	2	3	8	2	2	4	1	0.54822632	8	7435.0577	7435.6577	7435.6577	7435.8577	7436.2059
1	28	1	2	129	1	2	3	9	1	1	4	1	0.75151712	9	7437.6709	7437.8709	7437.8709	7438.0709	7438.6224
1	28	1	2	130	1	2	3	10	3	1	4	1	0.50617878	10	7439.8841	7440.0841	7440.0841	7440.2841	7440.5903
1	28	1	2	131	1	2	3	11	6	2	5	1	0.56573734	11	7442.097	7442.697	7442.697	7442.897	7443.2627
1	28	1	2	132	1	2	3	12	1	2	4	1	0.56624175	12	7444.71	7445.31	7445.31	7445.51	7445.8762
1	28	1	2	133	1	2	3	13	5	1	5	1	0.52254529	13	7447.3235	7447.5235	7447.5235	7447.7235	7448.046
1	28	1	2	134	1	2	3	14	2	2	4	1	0.53181094	14	7449.5368	7450.1368	7450.1368	7450.3369	7450.6686
1	28	1	2	135	1	2	3	15	2	1	4	1	0.55307121	15	7452.15	7452.35	7452.35	7452.55	7452.9031
1	28	1	2	136	1	2	3	16	1	2	4	1	0.44375183	16	7454.3628	7454.9628	7454.9628	7455.1628	7455.4066
1	28	1	2	137	1	2	3	17	5	2	5	1	0.47953008	17	7456.9759	7457.576	7457.576	7457.776	7458.0555
1	28	1	2	138	1	2	3	18	4	1	5	1	0.52259264	18	7459.5891	7459.7891	7459.7891	7459.9891	7460.3117
1	28	1	2	139	1	2	3	19	3	2	4	1	0.53467619	19	7461.8001	7462.4001	7462.4001	7462.6001	7462.9347
1	28	1	2	140	1	2	3	20	4	1	5	1	0.66401334	20	7464.4135	7464.6135	7464.6135	7464.8135	7465.2775
1	28	1	2	141	1	2	3	21	1	1	4	1	0.71378305	21	7466.6272	7466.8272	7466.8272	7467.0272	7467.541
1	28	1	2	142	1	2	3	22	3	2	4	1	0.64596747	22	7468.8401	7469.4401	7469.4401	7469.6401	7470.086
1	28	1	2	143	1	2	3	23	4	1	5	1	0.50245264	23	7471.4532	7471.6532	7471.6532	7471.8532	7472.1557
1	28	1	2	144	1	2	3	24	5	1	5	1	0.43635225	24	7473.6657	7473.8657	7473.8657	7474.0657	7474.302
1	28	1	2	145	1	2	3	25	5	2	5	1	0.495897	25	7475.8793	7476.4793	7476.4794	7476.6794	7476.9753
1	28	1	2	146	1	2	3	26	2	1	4	1	0.51263967	26	7478.4934	7478.6934	7478.6934	7478.8935	7479.2061
1	28	1	2	147	1	2	3	27	6	1	5	1	0.60365158	27	7480.7069	7480.9069	7480.9069	7481.1069	7481.5106
1	28	1	2	148	1	2	3	28	2	2	4	1	0.54909383	28	7482.9203	7483.5203	7483.5203	7483.7203	7484.0694
1	28	1	2	149	1	2	3	29	4	1	5	1	0.60139093	29	7485.5332	7485.7332	7485.7332	7485.9332	7486.3346
1	28	1	2	150	1	2	3	30	6	1	5	1	0.44676181	30	7487.7739	7487.9739	7487.9739	7488.1739	7488.4207
1	28	1	2	151	1	6	3	1	2	2	2	1	0.68775415	1	7504.8713	7505.4713	7505.4713	7505.6713	7506.159
1	28	1	2	152	1	6	3	2	6	2	8	1	0.71751012	2	7507.4849	7508.0849	7508.0849	7508.2849	7508.8024
1	28	1	2	153	1	6	3	3	1	2	1	1	0.74321858	3	7510.0988	7510.6988	7510.6988	7510.8988	7511.442
1	28	1	2	154	1	6	3	4	3	2	2	0	1.0020052	3	7512.7101	7513.3101	7513.3101	7513.5101	7514.3121
1	28	1	2	155	1	6	3	5	4	2	6	1	0.91385868	4	7515.626	7516.226	7516.226	7516.426	7517.1398
1	28	1	2	156	1	6	3	6	2	1	2	1	1.1813854	5	7518.2395	7518.4395	7518.4395	7518.6395	7519.6209
1	28	1	2	157	1	6	3	7	6	1	8	1	0.73322909	6	7520.4541	7520.6541	7520.6541	7520.8541	7521.3873
1	28	1	2	158	1	6	3	8	5	2	7	1	0.69054156	7	7522.6676	7523.2676	7523.2677	7523.4677	7523.9582
1	28	1	2	159	1	6	3	9	3	1	6	0	0.63726943	7	7525.282	7525.482	7525.482	7525.682	7526.1193
1	28	1	2	160	1	6	3	10	1	1	1	1	1.4264984	8	7527.8057	7528.0057	7528.0057	7528.2057	7529.4322
1	28	1	2	161	1	6	3	11	1	2	1	1	0.90667609	9	7530.0171	7530.6171	7530.6171	7530.8171	7531.5238
1	28	1	2	162	1	6	3	12	2	2	2	1	0.79017738	10	7532.6311	7533.2311	7533.2311	7533.4311	7534.0212
1	28	1	2	163	1	6	3	13	6	1	8	1	0.67363665	11	7535.2459	7535.4459	7535.4459	7535.6459	7536.1195
1	28	1	2	164	1	6	3	14	3	2	3	1	1.1279446	12	7537.4605	7538.0605	7538.0605	7538.2605	7539.1885
1	28	1	2	165	1	6	3	15	5	1	7	1	0.95568664	13	7540.0756	7540.2756	7540.2756	7540.4756	7541.2312
1	28	1	2	166	1	6	3	16	1	2	1	1	0.64542096	14	7542.2899	7542.8899	7542.8899	7543.0899	7543.5353
1	28	1	2	167	1	6	3	17	2	2	2	1	0.72664895	15	7544.9042	7545.5042	7545.5042	7545.7042	7546.2308
1	28	1	2	168	1	6	3	18	4	1	6	1	0.91138187	16	7547.5186	7547.7186	7547.7186	7547.9186	7548.63
1	28	1	2	169	1	6	3	19	2	2	2	1	0.98525447	17	7549.733	7550.333	7550.333	7550.533	7551.3182
1	28	1	2	170	1	6	3	20	5	1	7	1	0.81915127	18	7552.3473	7552.5473	7552.5473	7552.7473	7553.3664
1	28	1	2	171	1	6	3	21	3	1	3	1	0.86832852	19	7554.562	7554.762	7554.762	7554.962	7555.6304
1	28	1	2	172	1	6	3	22	3	2	3	1	0.58142177	20	7556.777	7557.377	7557.377	7557.577	7557.9585
1	28	1	2	173	1	6	3	23	4	1	6	1	0.86367035	21	7559.3915	7559.5915	7559.5915	7559.7915	7560.4552
1	28	1	2	174	1	6	3	24	6	1	8	1	0.71255879	22	7561.6066	7561.8066	7561.8066	7562.0066	7562.5191
1	28	1	2	175	1	6	3	25	1	2	1	1	0.81923307	23	7563.8221	7564.4221	7564.4221	7564.6221	7565.2413
1	28	1	2	176	1	6	3	26	5	1	7	1	0.677878	24	7566.4391	7566.6391	7566.6392	7566.8392	7567.317
1	28	1	2	177	1	6	3	27	5	1	7	1	0.68980025	25	7568.6539	7568.8539	7568.8539	7569.054	7569.5438
1	28	1	2	178	1	6	3	28	6	2	8	1	0.76849023	26	7570.8687	7571.4687	7571.4687	7571.6687	7572.2372
1	28	1	2	179	1	6	3	29	4	1	6	1	0.97987319	27	7573.4838	7573.6838	7573.6838	7573.8838	7574.6636
1	28	1	2	180	1	6	3	30	4	1	6	1	0.57987708	28	7575.6986	7575.8986	7575.8986	7576.0986	7576.4785
1	28	1	2	181	2	2	4	1	1	2	4	1	0.49104805	1	8057.6249	8058.2249	8058.2249	8058.425	8058.716
1	28	1	2	182	2	2	4	2	1	2	4	1	0.388703	2	8060.241	8060.841	8060.841	8061.041	8061.2297
1	28	1	2	183	2	2	4	3	4	2	5	1	0.37368588	3	8062.8563	8063.4563	8063.4563	8063.6563	8063.83
1	28	1	2	184	2	2	4	4	6	2	5	1	0.43221469	4	8065.4716	8066.0716	8066.0716	8066.2716	8066.5038
1	28	1	2	185	2	2	4	5	5	2	5	1	0.45350401	5	8068.0874	8068.6874	8068.6874	8068.8874	8069.1409
1	28	1	2	186	2	2	4	6	5	1	5	1	0.37562806	6	8070.7027	8070.9027	8070.9027	8071.1027	8071.2783
1	28	1	2	187	2	2	4	7	3	1	4	1	0.4710871	7	8072.9182	8073.1182	8073.1182	8073.3182	8073.5893
1	28	1	2	188	2	2	4	8	5	2	5	1	0.53563714	8	8075.1336	8075.7336	8075.7336	8075.9336	8076.2692
1	28	1	2	189	2	2	4	9	2	1	4	1	0.53106559	9	8077.7488	8077.9488	8077.9488	8078.1488	8078.4799
1	28	1	2	190	2	2	4	10	4	1	5	1	0.52062771	10	8079.9647	8080.1647	8080.1647	8080.3647	8080.6853
1	28	1	2	191	2	2	4	11	3	2	4	1	0.54385581	11	8082.1805	8082.7805	8082.7805	8082.9805	8083.3243
1	28	1	2	192	2	2	4	12	3	2	4	1	0.44927156	12	8084.7959	8085.3959	8085.3959	8085.5959	8085.8452
1	28	1	2	193	2	2	4	13	5	1	5	1	0.50782969	13	8087.4116	8087.6116	8087.6116	8087.8116	8088.1194
1	28	1	2	194	2	2	4	14	4	2	4	0	0.5869549	13	8089.6274	8090.2274	8090.2274	8090.4274	8090.8143
1	28	1	2	195	2	2	4	15	2	1	4	1	0.5312337	14	8092.2431	8092.4432	8092.4432	8092.6432	8092.9744
1	28	1	2	196	2	2	4	16	6	2	5	1	0.42803284	15	8094.4593	8095.0593	8095.0593	8095.2593	8095.4873
1	28	1	2	197	2	2	4	17	6	2	5	1	0.38654428	16	8097.0746	8097.6746	8097.6746	8097.8746	8098.0611
1	28	1	2	198	2	2	4	18	2	1	4	1	0.50009686	17	8099.6902	8099.8902	8099.8902	8100.0902	8100.3903
1	28	1	2	199	2	2	4	19	5	2	5	1	0.84558563	18	8101.9061	8102.5061	8102.5061	8102.7061	8103.3517
1	28	1	2	200	2	2	4	20	6	1	5	1	0.50147185	19	8104.5201	8104.7201	8104.7201	8104.9201	8105.2216
1	28	1	2	201	2	2	4	21	3	1	4	1	0.49414567	20	8106.7363	8106.9363	8106.9363	8107.1363	8107.4305
1	28	1	2	202	2	2	4	22	6	2	5	1	0.53233886	21	8108.9527	8109.5527	8109.5527	8109.7527	8110.085
1	28	1	2	203	2	2	4	23	2	1	4	1	0.48548775	22	8111.569	8111.769	8111.769	8111.969	8112.2545
1	28	1	2	204	2	2	4	24	3	1	4	1	0.4766805	23	8113.7852	8113.9852	8113.9852	8114.1852	8114.4618
1	28	1	2	205	2	2	4	25	2	2	4	1	0.43065802	24	8115.9985	8116.5985	8116.5985	8116.7985	8117.0291
1	28	1	2	206	2	2	4	26	1	1	4	1	0.37787229	25	8118.6129	8118.8129	8118.8129	8119.0129	8119.1907
1	28	1	2	207	2	2	4	27	1	1	4	1	0.44034167	26	8120.8289	8121.0289	8121.0289	8121.2289	8121.4692
1	28	1	2	208	2	2	4	28	1	2	4	1	0.41759401	27	8123.0457	8123.6457	8123.6457	8123.8457	8124.0633
1	28	1	2	209	2	2	4	29	4	1	5	1	0.49534392	28	8125.6624	8125.8624	8125.8624	8126.0624	8126.3577
1	28	1	2	210	2	2	4	30	4	1	5	1	0.59050955	29	8127.8791	8128.0792	8128.0792	8128.2792	8128.6697
1	28	1	2	211	2	6	4	1	4	2	6	1	0.8000151	1	8158.1638	8158.7638	8158.7638	8158.9638	8159.5638
1	28	1	2	212	2	6	4	2	5	2	7	1	0.56044421	2	8160.7776	8161.3777	8161.3777	8161.5777	8161.9381
1	28	1	2	213	2	6	4	3	4	2	6	1	0.79618125	3	8163.3945	8163.9945	8163.9945	8164.1945	8164.7907
1	28	1	2	214	2	6	4	4	3	2	3	1	0.88258123	4	8166.0109	8166.6109	8166.611	8166.811	8167.4935
1	28	1	2	215	2	6	4	5	2	2	2	1	0.52280178	5	8168.6272	8169.2272	8169.2272	8169.4272	8169.75
1	28	1	2	216	2	6	4	6	2	1	2	1	0.73097799	6	8171.2445	8171.4445	8171.4445	8171.6445	8172.1755
1	28	1	2	217	2	6	4	7	3	1	3	1	0.55297493	7	8173.4613	8173.6613	8173.6613	8173.8613	8174.2142
1	28	1	2	218	2	6	4	8	3	2	3	1	0.5521316	8	8175.6785	8176.2785	8176.2785	8176.4785	8176.8307
1	28	1	2	219	2	6	4	9	6	1	8	1	0.61439126	9	8178.2958	8178.4958	8178.4958	8178.6959	8179.1102
1	28	1	2	220	2	6	4	10	6	1	8	1	1.1571098	10	8180.5128	8180.7128	8180.7128	8180.9128	8181.8699
1	28	1	2	221	2	6	4	11	5	2	7	1	0.65839357	11	8182.7307	8183.3307	8183.3307	8183.5307	8183.9891
1	28	1	2	222	2	6	4	12	2	2	2	1	0.92420208	12	8185.3479	8185.9479	8185.9479	8186.1479	8186.8721
1	28	1	2	223	2	6	4	13	6	1	8	1	0.64779197	13	8187.9621	8188.1621	8188.1621	8188.3621	8188.8099
1	28	1	2	224	2	6	4	14	1	2	1	1	0.7782136	14	8190.1798	8190.7798	8190.7798	8190.9798	8191.558
1	28	1	2	225	2	6	4	15	4	1	6	1	1.105076	15	8192.7974	8192.9974	8192.9974	8193.1974	8194.1025
1	28	1	2	226	2	6	4	16	2	2	2	1	0.7865285	16	8195.0119	8195.6119	8195.6119	8195.8119	8196.3984
1	28	1	2	227	2	6	4	17	3	2	3	1	1.0712968	17	8197.6289	8198.2289	8198.2289	8198.4289	8199.3002
1	28	1	2	228	2	6	4	18	4	1	6	1	0.72987252	18	8200.2431	8200.4431	8200.4431	8200.6431	8201.173
1	28	1	2	229	2	6	4	19	5	2	7	1	0.66340524	19	8202.4607	8203.0607	8203.0607	8203.2607	8203.7241
1	28	1	2	230	2	6	4	20	6	1	8	1	0.67846781	20	8205.0784	8205.2784	8205.2784	8205.4784	8205.9569
1	28	1	2	231	2	6	4	21	2	1	2	1	0.88769257	21	8207.2927	8207.4927	8207.4927	8207.6927	8208.3804
1	28	1	2	232	2	6	4	22	1	2	1	1	0.64758841	22	8209.5107	8210.1107	8210.1107	8210.3107	8210.7583
1	28	1	2	233	2	6	4	23	4	1	6	1	0.76490587	23	8212.1285	8212.3285	8212.3285	8212.5285	8213.0934
1	28	1	2	234	2	6	4	24	1	1	1	1	0.77335124	24	8214.3463	8214.5463	8214.5463	8214.7463	8215.3196
1	28	1	2	235	2	6	4	25	6	2	8	1	0.64857253	25	8216.5642	8217.1642	8217.1643	8217.3643	8217.8128
1	28	1	2	236	2	6	4	26	1	1	1	1	0.66234445	26	8219.1816	8219.3816	8219.3816	8219.5816	8220.044
1	28	1	2	237	2	6	4	27	5	1	7	1	0.64588512	27	8221.3995	8221.5996	8221.5996	8221.7996	8222.2454
1	28	1	2	238	2	6	4	28	5	2	7	1	0.57265922	28	8223.6237	8224.2237	8224.2237	8224.4237	8224.7964
1	28	1	2	239	2	6	4	29	1	1	1	1	0.62140986	29	8226.2414	8226.4414	8226.4414	8226.6414	8227.0628
1	28	1	2	240	2	6	4	30	3	1	3	1	1.1619231	30	8228.4595	8228.6595	8228.6595	8228.8595	8229.8214
1	28	1	2	241	2	2	5	1	2	2	4	1	0.43540291	1	8258.7526	8259.3526	8259.3526	8259.5526	8259.788
1	28	1	2	242	2	2	5	2	3	2	4	1	0.45765152	2	8261.3703	8261.9703	8261.9703	8262.1703	8262.428
1	28	1	2	243	2	2	5	3	5	2	5	1	0.47250138	3	8263.9898	8264.5898	8264.5899	8264.7899	8265.0624
1	28	1	2	244	2	2	5	4	1	2	4	1	0.49498248	4	8266.6078	8267.2078	8267.2078	8267.4078	8267.7028
1	28	1	2	245	2	2	5	5	2	2	4	1	0.58562	5	8269.2224	8269.8224	8269.8224	8270.0225	8270.4081
1	28	1	2	246	2	2	5	6	6	1	5	1	0.47847728	6	8271.8377	8272.0377	8272.0377	8272.2377	8272.5162
1	28	1	2	247	2	2	5	7	2	1	4	1	0.52564558	7	8274.0557	8274.2557	8274.2557	8274.4557	8274.7814
1	28	1	2	248	2	2	5	8	5	2	5	1	0.47704468	8	8276.274	8276.874	8276.874	8277.074	8277.351
1	28	1	2	249	2	2	5	9	1	1	4	1	0.58416332	9	8278.8922	8279.0922	8279.0922	8279.2922	8279.6764
1	28	1	2	250	2	2	5	10	4	1	5	1	0.55884277	10	8281.1107	8281.3107	8281.3107	8281.5107	8281.8695
1	28	1	2	251	2	2	5	11	1	2	4	1	0.66079334	11	8283.3293	8283.9293	8283.9293	8284.1293	8284.5901
1	28	1	2	252	2	2	5	12	4	2	5	1	0.44962703	12	8285.949	8286.549	8286.549	8286.749	8286.9986
1	28	1	2	253	2	2	5	13	1	1	4	1	0.60065317	13	8288.5676	8288.7676	8288.7676	8288.9676	8289.3682
1	28	1	2	254	2	2	5	14	4	2	5	1	0.44995517	14	8290.7865	8291.3865	8291.3865	8291.5865	8291.8364
1	28	1	2	255	2	2	5	15	5	1	5	1	0.57018904	15	8293.4016	8293.6016	8293.6016	8293.8016	8294.1718
1	28	1	2	256	2	2	5	16	4	2	5	1	0.45662266	16	8295.6205	8296.2205	8296.2205	8296.4205	8296.6771
1	28	1	2	257	2	2	5	17	6	2	5	1	0.44823514	17	8298.2387	8298.8387	8298.8387	8299.0387	8299.2869
1	28	1	2	258	2	2	5	18	2	1	4	1	0.50690671	18	8300.8573	8301.0573	8301.0573	8301.2573	8301.5642
1	28	1	2	259	2	2	5	19	3	2	4	1	0.5561411	19	8303.0762	8303.6762	8303.6762	8303.8762	8304.2324
1	28	1	2	260	2	2	5	20	6	1	5	1	0.56413851	20	8305.6961	8305.8961	8305.8961	8306.0961	8306.4602
1	28	1	2	261	2	2	5	21	1	1	4	1	0.49081141	21	8307.9145	8308.1145	8308.1145	8308.3145	8308.6054
1	28	1	2	262	2	2	5	22	5	2	5	1	0.48975853	22	8310.1331	8310.7331	8310.7331	8310.9331	8311.2229
1	28	1	2	263	2	2	5	23	3	1	5	0	0.4768839	22	8312.7524	8312.9524	8312.9524	8313.1524	8313.4293
1	28	1	2	264	2	2	5	24	2	1	4	1	0.5870578	23	8314.9712	8315.1712	8315.1712	8315.3712	8315.7583
1	28	1	2	265	2	2	5	25	3	2	4	1	0.46282126	24	8317.1904	8317.7904	8317.7904	8317.9904	8318.2533
1	28	1	2	266	2	2	5	26	6	1	5	1	0.53201229	25	8319.816	8320.016	8320.016	8320.216	8320.5481
1	28	1	2	267	2	2	5	27	6	1	5	1	0.51347032	26	8322.035	8322.2351	8322.2351	8322.4351	8322.7485
1	28	1	2	268	2	2	5	28	4	2	5	1	0.46137649	27	8324.2559	8324.8559	8324.8559	8325.0559	8325.3173
1	28	1	2	269	2	2	5	29	3	1	5	0	0.37177936	27	8326.8749	8327.0749	8327.0749	8327.2749	8327.4467
1	28	1	2	270	2	2	5	30	5	1	5	1	0.40855082	28	8329.0931	8329.2931	8329.2931	8329.4931	8329.7016
1	28	1	2	271	2	6	5	1	4	2	6	1	0.8830419	1	8359.371	8359.971	8359.971	8360.171	8360.8541
1	28	1	2	272	2	6	5	2	2	2	2	1	0.74225105	2	8361.9907	8362.5907	8362.5907	8362.7907	8363.333
1	28	1	2	273	2	6	5	3	4	2	6	1	0.99762981	3	8364.6101	8365.2101	8365.2101	8365.4101	8366.2077
1	28	1	2	274	2	6	5	4	6	2	8	1	0.66594435	4	8367.2297	8367.8297	8367.8297	8368.0297	8368.4956
1	28	1	2	275	2	6	5	5	1	2	1	1	0.77843065	5	8369.8494	8370.4494	8370.4494	8370.6494	8371.2279
1	28	1	2	276	2	6	5	6	4	1	6	1	0.78457921	6	8372.4693	8372.6693	8372.6693	8372.8693	8373.4538
1	28	1	2	277	2	6	5	7	3	1	3	1	0.99822113	7	8374.6892	8374.8892	8374.8892	8375.0892	8375.8874
1	28	1	2	278	2	6	5	8	5	2	7	1	0.68196284	8	8376.9061	8377.5061	8377.5061	8377.7061	8378.188
1	28	1	2	279	2	6	5	9	3	1	3	1	0.84790513	9	8379.5264	8379.7264	8379.7264	8379.9264	8380.5743
1	28	1	2	280	2	6	5	10	6	1	8	1	0.666509	10	8381.7461	8381.9461	8381.9461	8382.1461	8382.6126
1	28	1	2	281	2	6	5	11	2	2	2	1	0.96958065	11	8383.966	8384.566	8384.566	8384.766	8385.5356
1	28	1	2	282	2	6	5	12	6	2	8	1	0.66062144	12	8386.5858	8387.1858	8387.1858	8387.3858	8387.8464
1	28	1	2	283	2	6	5	13	5	1	7	1	0.59987583	13	8389.2029	8389.4029	8389.4029	8389.6029	8390.0028
1	28	1	2	284	2	6	5	14	3	2	3	1	0.79704504	14	8391.4229	8392.0229	8392.0229	8392.2229	8392.8199
1	28	1	2	285	2	6	5	15	1	1	1	1	0.73433219	15	8394.0403	8394.2403	8394.2403	8394.4403	8394.9746
1	28	1	2	286	2	6	5	16	3	2	3	1	0.97045665	16	8396.2598	8396.8598	8396.8598	8397.0598	8397.8303
1	28	1	2	287	2	6	5	17	6	2	8	1	0.7395888	17	8398.8803	8399.4803	8399.4803	8399.6803	8400.2199
1	28	1	2	288	2	6	5	18	2	1	2	1	0.73052255	18	8401.4976	8401.6976	8401.6976	8401.8976	8402.4282
1	28	1	2	289	2	6	5	19	1	2	1	1	0.71831587	19	8403.7202	8404.3202	8404.3202	8404.5202	8405.0385
1	28	1	2	290	2	6	5	20	4	1	6	1	0.69726877	20	8406.3408	8406.5408	8406.5408	8406.7408	8407.2381
1	28	1	2	291	2	6	5	21	1	1	1	1	0.7983429	21	8408.5611	8408.7611	8408.7611	8408.9611	8409.5595
1	28	1	2	292	2	6	5	22	5	2	7	1	0.64186905	22	8410.7816	8411.3816	8411.3816	8411.5816	8412.0235
1	28	1	2	293	2	6	5	23	2	1	2	1	0.78553172	23	8413.4023	8413.6023	8413.6023	8413.8023	8414.3878
1	28	1	2	294	2	6	5	24	6	1	8	1	0.68072813	24	8415.6223	8415.8223	8415.8223	8416.0223	8416.5031
1	28	1	2	295	2	6	5	25	4	2	6	1	0.6991648	25	8417.8433	8418.4433	8418.4433	8418.6433	8419.1424
1	28	1	2	296	2	6	5	26	5	1	7	1	0.67265499	26	8420.4632	8420.6632	8420.6632	8420.8632	8421.3359
1	28	1	2	297	2	6	5	27	3	1	3	1	0.76697078	27	8422.685	8422.885	8422.885	8423.085	8423.652
1	28	1	2	298	2	6	5	28	1	2	1	1	0.57010935	28	8424.9324	8425.5324	8425.5324	8425.7324	8426.1025
1	28	1	2	299	2	6	5	29	2	1	2	1	0.68655624	29	8427.553	8427.753	8427.753	8427.953	8428.4396
1	28	1	2	300	2	6	5	30	5	1	7	1	0.80779869	30	8429.7736	8429.9736	8429.9736	8430.1736	8430.7814
1	28	1	2	301	2	2	6	1	6	2	5	1	0.53550568	1	8460.0603	8460.6603	8460.6603	8460.8603	8461.1958
1	28	1	2	302	2	2	6	2	5	2	5	1	0.47702091	2	8462.6808	8463.2808	8463.2808	8463.4808	8463.7578
1	28	1	2	303	2	2	6	3	6	2	5	1	0.44005765	3	8465.302	8465.902	8465.902	8466.102	8466.3421
1	28	1	2	304	2	2	6	4	1	2	4	1	0.51309533	4	8467.925	8468.525	8468.525	8468.725	8469.0381
1	28	1	2	305	2	2	6	5	1	2	4	1	0.44975465	5	8470.5463	8471.1463	8471.1463	8471.3463	8471.5961
1	28	1	2	306	2	2	6	6	5	1	5	1	0.60826703	6	8473.167	8473.367	8473.367	8473.567	8473.9752
1	28	1	2	307	2	2	6	7	2	1	4	1	0.8252854	7	8475.3877	8475.5877	8475.5877	8475.7877	8476.413
1	28	1	2	308	2	2	6	8	4	2	5	1	0.46000262	8	8477.6086	8478.2086	8478.2086	8478.4086	8478.6686
1	28	1	2	309	2	2	6	9	1	1	4	1	0.52999132	9	8480.2296	8480.4296	8480.4296	8480.6296	8480.9596
1	28	1	2	310	2	2	6	10	5	1	5	1	0.59063894	10	8482.4474	8482.6474	8482.6474	8482.8474	8483.2381
1	28	1	2	311	2	2	6	11	6	2	5	1	0.42713255	11	8484.6688	8485.2688	8485.2689	8485.4689	8485.696
1	28	1	2	312	2	2	6	12	3	2	4	1	0.45400314	12	8487.2893	8487.8894	8487.8894	8488.0894	8488.3434
1	28	1	2	313	2	2	6	13	3	1	4	1	0.56003474	13	8489.9101	8490.1101	8490.1101	8490.3101	8490.6701
1	28	1	2	314	2	2	6	14	5	2	5	1	0.51463389	14	8492.1305	8492.7306	8492.7306	8492.9306	8493.2452
1	28	1	2	315	2	2	6	15	4	1	5	1	0.5110756	15	8494.7519	8494.9519	8494.9519	8495.1519	8495.463
1	28	1	2	316	2	2	6	16	6	2	5	1	0.47893613	16	8497.0074	8497.6074	8497.6074	8497.8074	8498.0864
1	28	1	2	317	2	2	6	17	1	2	4	1	0.54022897	17	8499.6281	8500.2281	8500.2281	8500.4281	8500.7683
1	28	1	2	318	2	2	6	18	4	1	5	1	0.58840871	18	8502.2494	8502.4494	8502.4494	8502.6494	8503.0378
1	28	1	2	319	2	2	6	19	2	2	4	1	0.68128603	19	8504.4676	8505.0676	8505.0676	8505.2676	8505.7489
1	28	1	2	320	2	2	6	20	3	1	4	1	0.60277332	20	8507.0892	8507.2892	8507.2892	8507.4892	8507.892
1	28	1	2	321	2	2	6	21	2	1	4	1	0.50154297	21	8509.3114	8509.5115	8509.5115	8509.7115	8510.013
1	28	1	2	322	2	2	6	22	2	2	4	1	0.47744247	22	8511.5358	8512.1358	8512.1358	8512.3358	8512.6133
1	28	1	2	323	2	2	6	23	2	1	4	1	0.43912068	23	8514.1576	8514.3576	8514.3576	8514.5576	8514.7967
1	28	1	2	324	2	2	6	24	3	1	4	1	0.40351505	24	8516.3789	8516.5789	8516.5789	8516.7789	8516.9824
1	28	1	2	325	2	2	6	25	5	2	5	1	0.51933649	25	8518.6004	8519.2004	8519.2004	8519.4004	8519.7197
1	28	1	2	326	2	2	6	26	1	1	4	1	0.52584273	26	8521.2223	8521.4223	8521.4223	8521.6223	8521.9482
1	28	1	2	327	2	2	6	27	3	1	4	1	0.6647762	27	8523.4437	8523.6437	8523.6437	8523.8437	8524.3085
1	28	1	2	328	2	2	6	28	4	2	5	1	0.49919541	28	8525.666	8526.266	8526.266	8526.466	8526.7652
1	28	1	2	329	2	2	6	29	6	1	5	1	0.5177151	29	8528.2879	8528.4879	8528.4879	8528.6879	8529.0056
1	28	1	2	330	2	2	6	30	4	1	5	1	0.52605088	30	8530.5058	8530.7058	8530.7058	8530.9058	8531.2319
1	28	1	2	331	2	6	6	1	2	2	2	1	0.62465352	1	8560.7903	8561.3903	8561.3903	8561.5903	8562.0149
1	28	1	2	332	2	6	6	2	6	2	8	1	0.69365158	2	8563.4118	8564.0118	8564.0118	8564.2118	8564.7054
1	28	1	2	333	2	6	6	3	1	2	1	1	0.78808661	3	8566.0316	8566.6316	8566.6316	8566.8316	8567.4197
1	28	1	2	334	2	6	6	4	4	2	6	1	0.67069202	4	8568.6531	8569.2531	8569.2531	8569.4531	8569.9238
1	28	1	2	335	2	6	6	5	1	2	1	1	0.72972878	5	8571.2751	8571.8751	8571.8751	8572.0751	8572.6048
1	28	1	2	336	2	6	6	6	3	1	3	1	0.81679146	6	8573.9003	8574.1003	8574.1003	8574.3003	8574.917
1	28	1	2	337	2	6	6	7	3	1	3	1	0.62156664	7	8576.119	8576.319	8576.319	8576.519	8576.9406
1	28	1	2	338	2	6	6	8	6	2	8	1	0.65755086	8	8578.3409	8578.9409	8578.9409	8579.1409	8579.5984
1	28	1	2	339	2	6	6	9	5	1	7	1	0.68993338	9	8580.963	8581.163	8581.163	8581.363	8581.8529
1	28	1	2	340	2	6	6	10	1	1	1	1	0.56582361	10	8583.1846	8583.3846	8583.3846	8583.5846	8583.9504
1	28	1	2	341	2	6	6	11	4	2	6	1	0.74370294	11	8585.4067	8586.0067	8586.0067	8586.2067	8586.7504
1	28	1	2	342	2	6	6	12	2	2	2	1	1.1374611	12	8588.0287	8588.6287	8588.6287	8588.8287	8589.7662
1	28	1	2	343	2	6	6	13	2	1	2	1	0.66195118	13	8590.6478	8590.8478	8590.8478	8591.0478	8591.5098
1	28	1	2	344	2	6	6	14	6	2	8	1	0.70334991	14	8592.8699	8593.4699	8593.4699	8593.6699	8594.1733
1	28	1	2	345	2	6	6	15	5	1	7	1	0.72922276	15	8595.4914	8595.6914	8595.6914	8595.8914	8596.4207
1	28	1	2	346	2	6	6	16	1	2	1	1	0.68227288	16	8597.7137	8598.3137	8598.3137	8598.5137	8598.996
1	28	1	2	347	2	6	6	17	3	2	3	1	1.0079687	17	8600.3354	8600.9354	8600.9354	8601.1354	8601.9434
1	28	1	2	348	2	6	6	18	5	1	7	1	0.74247969	18	8602.958	8603.158	8603.158	8603.358	8603.9005
1	28	1	2	349	2	6	6	19	4	2	6	1	0.61824399	19	8605.1794	8605.7794	8605.7794	8605.9794	8606.3977
1	28	1	2	350	2	6	6	20	6	1	8	1	0.62875389	20	8607.8025	8608.0025	8608.0025	8608.2026	8608.6313
1	28	1	2	351	2	6	6	21	2	1	2	1	0.75541239	21	8610.0256	8610.2256	8610.2256	8610.4256	8610.981
1	28	1	2	352	2	6	6	22	3	2	3	1	0.61818664	22	8612.2512	8612.8512	8612.8512	8613.0512	8613.4694
1	28	1	2	353	2	6	6	23	5	1	7	1	0.64943427	23	8614.8751	8615.0752	8615.0752	8615.2752	8615.7246
1	28	1	2	354	2	6	6	24	1	1	1	1	0.70264017	24	8617.0962	8617.2962	8617.2962	8617.4962	8617.9988
1	28	1	2	355	2	6	6	25	4	2	6	1	0.84955841	25	8619.3161	8619.9161	8619.9161	8620.1161	8620.7657
1	28	1	2	356	2	6	6	26	2	1	2	1	1.1414274	26	8621.9355	8622.1355	8622.1355	8622.3355	8623.2769
1	28	1	2	357	2	6	6	27	3	1	3	1	1.0546529	27	8624.1597	8624.3597	8624.3597	8624.5597	8625.4144
1	28	1	2	358	2	6	6	28	6	2	8	1	0.67190807	28	8626.3796	8626.9796	8626.9796	8627.1796	8627.6516
1	28	1	2	359	2	6	6	29	5	1	7	1	0.63419219	29	8629.0034	8629.2034	8629.2034	8629.4034	8629.8376
1	28	1	2	360	2	6	6	30	4	1	6	1	0.60322282	30	8631.2261	8631.4261	8631.4261	8631.6261	8632.0294
1	28	1	2	361	3	2	7	1	2	2	4	1	0.47942134	1	9790.8772	9791.4772	9791.4772	9791.6772	9791.9566
1	28	1	2	362	3	2	7	2	1	2	4	1	0.5468865	2	9793.5001	9794.1001	9794.1001	9794.3001	9794.647
1	28	1	2	363	3	2	7	3	6	2	5	1	0.66171897	3	9796.1196	9796.7196	9796.7196	9796.9196	9797.3813
1	28	1	2	364	3	2	7	4	2	2	4	1	0.503842	4	9798.7419	9799.3419	9799.3419	9799.5419	9799.8458
1	28	1	2	365	3	2	7	5	3	2	4	1	0.45572823	5	9801.3649	9801.9649	9801.9649	9802.1649	9802.4206
1	28	1	2	366	3	2	7	6	3	1	4	1	0.46402064	6	9803.9883	9804.1883	9804.1883	9804.3883	9804.6523
1	28	1	2	367	3	2	7	7	3	1	4	1	0.49744806	7	9806.2114	9806.4114	9806.4114	9806.6114	9806.9088
1	28	1	2	368	3	2	7	8	4	2	5	1	0.54479012	8	9808.4353	9809.0353	9809.0353	9809.2353	9809.58
1	28	1	2	369	3	2	7	9	6	1	5	1	0.61942099	9	9811.0587	9811.2587	9811.2587	9811.4587	9811.8781
1	28	1	2	370	3	2	7	10	1	1	4	1	0.47323443	10	9813.2819	9813.4819	9813.4819	9813.6819	9813.9551
1	28	1	2	371	3	2	7	11	1	2	4	1	0.43982317	11	9815.5021	9816.1021	9816.1021	9816.3021	9816.5419
1	28	1	2	372	3	2	7	12	6	2	5	1	0.5396039	12	9818.123	9818.723	9818.723	9818.923	9819.2626
1	28	1	2	373	3	2	7	13	1	1	4	1	0.59238431	13	9820.7495	9820.9495	9820.9495	9821.1495	9821.5419
1	28	1	2	374	3	2	7	14	3	2	4	1	0.41635775	14	9822.9726	9823.5726	9823.5726	9823.7726	9823.989
1	28	1	2	375	3	2	7	15	2	1	4	1	0.45525698	15	9825.5965	9825.7965	9825.7965	9825.9966	9826.2518
1	28	1	2	376	3	2	7	16	5	2	5	1	0.53585376	16	9827.8211	9828.4211	9828.4211	9828.6211	9828.9569
1	28	1	2	377	3	2	7	17	4	2	5	1	0.4963043	17	9830.4448	9831.0448	9831.0448	9831.2448	9831.5411
1	28	1	2	378	3	2	7	18	1	1	4	1	0.64168476	18	9833.0683	9833.2683	9833.2683	9833.4683	9833.91
1	28	1	2	379	3	2	7	19	5	2	5	1	0.60958797	19	9835.2924	9835.8924	9835.8924	9836.0924	9836.502
1	28	1	2	380	3	2	7	20	5	1	5	1	0.59429501	20	9837.9161	9838.1161	9838.1161	9838.3161	9838.7104
1	28	1	2	381	3	2	7	21	4	1	5	1	0.57993108	21	9840.1399	9840.3399	9840.3399	9840.5399	9840.9198
1	28	1	2	382	3	2	7	22	6	2	5	1	0.49983645	22	9842.3638	9842.9638	9842.9638	9843.1638	9843.4637
1	28	1	2	383	3	2	7	23	5	1	5	1	0.48979458	23	9844.9884	9845.1884	9845.1884	9845.3885	9845.6782
1	28	1	2	384	3	2	7	24	3	1	4	1	0.50389951	24	9847.213	9847.413	9847.413	9847.613	9847.9169
1	28	1	2	385	3	2	7	25	2	2	4	1	0.41961574	25	9849.4354	9850.0355	9850.0355	9850.2355	9850.4551
1	28	1	2	386	3	2	7	26	4	1	5	1	0.51399859	26	9852.0602	9852.2602	9852.2602	9852.4602	9852.7742
1	28	1	2	387	3	2	7	27	5	1	5	1	0.45611719	27	9854.2844	9854.4844	9854.4844	9854.6844	9854.9406
1	28	1	2	388	3	2	7	28	2	2	4	1	0.60200573	28	9856.5088	9857.1088	9857.1088	9857.3088	9857.7108
1	28	1	2	389	3	2	7	29	4	1	5	1	0.53138137	29	9859.133	9859.333	9859.3331	9859.5331	9859.8644
1	28	1	2	390	3	2	7	30	6	1	5	1	0.45104029	30	9861.3539	9861.5539	9861.5539	9861.7539	9862.005
1	28	1	2	391	3	6	7	1	6	2	8	1	0.64910502	1	9891.6371	9892.2371	9892.2371	9892.4371	9892.8863
1	28	1	2	392	3	6	7	2	6	2	8	1	0.59071142	2	9894.2616	9894.8616	9894.8616	9895.0616	9895.4523
1	28	1	2	393	3	6	7	3	1	2	1	1	0.68044515	3	9896.8857	9897.4857	9897.4857	9897.6857	9898.1661
1	28	1	2	394	3	6	7	4	4	2	6	1	0.75184282	4	9899.5092	9900.1092	9900.1092	9900.3092	9900.861
1	28	1	2	395	3	6	7	5	5	2	7	1	0.56632534	5	9902.1335	9902.7335	9902.7335	9902.9335	9903.2998
1	28	1	2	396	3	6	7	6	4	1	6	1	0.76773199	6	9904.7584	9904.9584	9904.9584	9905.1584	9905.7261
1	28	1	2	397	3	6	7	7	3	1	3	1	0.89535768	7	9906.9834	9907.1834	9907.1834	9907.3834	9908.0787
1	28	1	2	398	3	6	7	8	1	2	1	1	0.57449807	8	9909.2091	9909.8091	9909.8091	9910.0091	9910.3836
1	28	1	2	399	3	6	7	9	2	1	2	1	0.47493199	9	9911.834	9912.034	9912.034	9912.234	9912.5089
1	28	1	2	400	3	6	7	10	6	1	8	1	0.58881983	10	9914.0581	9914.2581	9914.2581	9914.4581	9914.8469
1	28	1	2	401	3	6	7	11	4	2	6	1	0.60218686	11	9916.2825	9916.8825	9916.8825	9917.0825	9917.4847
1	28	1	2	402	3	6	7	12	5	2	7	1	0.46647896	12	9918.9078	9919.5078	9919.5078	9919.7078	9919.9743
1	28	1	2	403	3	6	7	13	4	1	6	1	0.71454146	13	9921.5325	9921.7325	9921.7325	9921.9325	9922.447
1	28	1	2	404	3	6	7	14	2	2	2	1	0.74284252	14	9923.7571	9924.3571	9924.3571	9924.5571	9925.0999
1	28	1	2	405	3	6	7	15	3	1	3	1	0.76745187	15	9926.3817	9926.5817	9926.5817	9926.7817	9927.3492
1	28	1	2	406	3	6	7	16	4	2	6	1	0.64643039	16	9928.6063	9929.2063	9929.2063	9929.4063	9929.8528
1	28	1	2	407	3	6	7	17	1	2	1	1	0.65303949	17	9931.2309	9931.8309	9931.8309	9932.0309	9932.4839
1	28	1	2	408	3	6	7	18	2	1	2	1	0.65149479	18	9933.8564	9934.0564	9934.0564	9934.2564	9934.7079
1	28	1	2	409	3	6	7	19	1	2	1	1	0.80321344	19	9936.0816	9936.6816	9936.6816	9936.8816	9937.4848
1	28	1	2	410	3	6	7	20	5	1	7	1	0.88271836	20	9938.7062	9938.9062	9938.9062	9939.1062	9939.789
1	28	1	2	411	3	6	7	21	6	1	8	1	0.76862171	21	9940.9315	9941.1315	9941.1315	9941.3315	9941.9001
1	28	1	2	412	3	6	7	22	5	2	7	1	0.68159168	22	9943.1574	9943.7574	9943.7574	9943.9574	9944.439
1	28	1	2	413	3	6	7	23	2	1	2	1	0.84892182	23	9945.7828	9945.9828	9945.9828	9946.1828	9946.8317
1	28	1	2	414	3	6	7	24	3	1	3	1	0.76651146	24	9948.0076	9948.2076	9948.2076	9948.4076	9948.9741
1	28	1	2	415	3	6	7	25	6	2	8	1	0.69096555	25	9950.2332	9950.8332	9950.8332	9951.0332	9951.5242
1	28	1	2	416	3	6	7	26	2	1	2	1	0.75469804	26	9952.8591	9953.0591	9953.0591	9953.2591	9953.8138
1	28	1	2	417	3	6	7	27	3	1	3	1	0.84178253	27	9955.0847	9955.2847	9955.2847	9955.4847	9956.1265
1	28	1	2	418	3	6	7	28	3	2	3	1	0.61890745	28	9957.308	9957.908	9957.908	9958.108	9958.5269
1	28	1	2	419	3	6	7	29	5	1	7	1	0.61659679	29	9959.9339	9960.1339	9960.1339	9960.3339	9960.7505
1	28	1	2	420	3	6	7	30	1	1	1	1	0.637416	30	9962.1588	9962.3589	9962.3589	9962.5589	9962.9963
1	28	1	2	421	3	2	8	1	2	2	4	1	0.43057206	1	9992.4559	9993.0559	9993.056	9993.256	9993.4865
1	28	1	2	422	3	2	8	2	6	2	5	1	0.44834958	2	9995.0868	9995.6868	9995.6868	9995.8868	9996.1351
1	28	1	2	423	3	2	8	3	1	2	4	1	0.48585181	3	9997.7127	9998.3127	9998.3127	9998.5127	9998.7985
1	28	1	2	424	3	2	8	4	3	2	4	1	0.45838367	4	10000.339	10000.939	10000.939	10001.139	10001.397
1	28	1	2	425	3	2	8	5	6	2	5	1	0.50527875	5	10002.965	10003.565	10003.565	10003.765	10004.07
1	28	1	2	426	3	2	8	6	3	1	4	1	0.55006457	6	10005.591	10005.791	10005.791	10005.991	10006.341
1	28	1	2	427	3	2	8	7	5	1	5	1	0.47825414	7	10007.816	10008.016	10008.016	10008.216	10008.494
1	28	1	2	428	3	2	8	8	4	2	5	1	0.50763704	8	10010.042	10010.642	10010.642	10010.842	10011.149
1	28	1	2	429	3	2	8	9	2	1	4	1	0.51583751	9	10012.667	10012.867	10012.867	10013.067	10013.383
1	28	1	2	430	3	2	8	10	1	1	4	1	0.47040679	10	10014.893	10015.093	10015.093	10015.293	10015.564
1	28	1	2	431	3	2	8	11	2	2	4	1	0.45624675	11	10017.119	10017.719	10017.719	10017.919	10018.175
1	28	1	2	432	3	2	8	12	1	2	4	1	0.4281303	12	10019.745	10020.345	10020.345	10020.545	10020.773
1	28	1	2	433	3	2	8	13	4	1	5	1	0.56629781	13	10022.372	10022.572	10022.572	10022.772	10023.138
1	28	1	2	434	3	2	8	14	5	2	5	1	0.59444288	14	10024.595	10025.195	10025.195	10025.395	10025.79
1	28	1	2	435	3	2	8	15	6	1	5	1	0.49874283	15	10027.219	10027.419	10027.419	10027.619	10027.918
1	28	1	2	436	3	2	8	16	5	2	5	1	0.37606172	16	10029.447	10030.047	10030.047	10030.247	10030.423
1	28	1	2	437	3	2	8	17	2	2	4	1	0.43969657	17	10032.07	10032.67	10032.67	10032.87	10033.109
1	28	1	2	438	3	2	8	18	4	1	5	1	0.49114714	18	10034.696	10034.896	10034.896	10035.096	10035.387
1	28	1	2	439	3	2	8	19	1	2	4	1	0.51789876	19	10036.922	10037.522	10037.522	10037.722	10038.04
1	28	1	2	440	3	2	8	20	5	1	5	1	0.45595743	20	10039.549	10039.749	10039.749	10039.949	10040.205
1	28	1	2	441	3	2	8	21	3	1	4	1	0.57992684	21	10041.776	10041.976	10041.976	10042.176	10042.556
1	28	1	2	442	3	2	8	22	6	2	5	1	0.55356477	22	10044.002	10044.602	10044.602	10044.802	10045.156
1	28	1	2	443	3	2	8	23	2	1	4	1	0.45910304	23	10046.628	10046.828	10046.828	10047.028	10047.287
1	28	1	2	444	3	2	8	24	1	1	4	1	0.45331812	24	10048.855	10049.055	10049.055	10049.255	10049.508
1	28	1	2	445	3	2	8	25	4	2	5	1	0.50771021	25	10051.081	10051.681	10051.681	10051.881	10052.189
1	28	1	2	446	3	2	8	26	4	1	5	1	0.47528357	26	10053.707	10053.908	10053.908	10054.108	10054.383
1	28	1	2	447	3	2	8	27	5	1	5	1	0.44895296	27	10055.934	10056.134	10056.134	10056.334	10056.583
1	28	1	2	448	3	2	8	28	3	2	4	1	0.53504265	28	10058.16	10058.76	10058.76	10058.96	10059.295
1	28	1	2	449	3	2	8	29	3	1	4	1	0.48316253	29	10060.787	10060.987	10060.987	10061.187	10061.47
1	28	1	2	450	3	2	8	30	6	1	5	1	0.46624166	30	10063.012	10063.212	10063.212	10063.412	10063.679
1	28	1	2	451	3	6	8	1	4	2	6	1	0.72298447	1	10093.306	10093.906	10093.906	10094.106	10094.629
1	28	1	2	452	3	6	8	2	2	2	2	1	0.70280577	2	10095.934	10096.534	10096.534	10096.734	10097.236
1	28	1	2	453	3	6	8	3	1	2	1	1	0.61355199	3	10098.56	10099.16	10099.16	10099.36	10099.774
1	28	1	2	454	3	6	8	4	3	2	3	1	0.73824047	4	10101.189	10101.789	10101.789	10101.989	10102.527
1	28	1	2	455	3	6	8	5	3	2	3	1	0.59017192	5	10103.818	10104.418	10104.418	10104.618	10105.008
1	28	1	2	456	3	6	8	6	6	1	8	1	0.61394053	6	10106.448	10106.648	10106.648	10106.848	10107.262
1	28	1	2	457	3	6	8	7	3	1	3	1	0.65705233	7	10108.676	10108.876	10108.876	10109.076	10109.533
1	28	1	2	458	3	6	8	8	2	2	2	1	0.58351986	8	10110.903	10111.503	10111.503	10111.703	10112.086
1	28	1	2	459	3	6	8	9	5	1	7	1	0.70730477	9	10113.53	10113.73	10113.73	10113.93	10114.437
1	28	1	2	460	3	6	8	10	6	1	8	1	0.60434702	10	10115.764	10115.964	10115.964	10116.164	10116.568
1	28	1	2	461	3	6	8	11	1	2	1	1	0.6041817	11	10117.992	10118.592	10118.592	10118.792	10119.196
1	28	1	2	462	3	6	8	12	3	2	3	1	0.58524344	12	10120.62	10121.22	10121.22	10121.42	10121.806
1	28	1	2	463	3	6	8	13	4	1	6	1	0.65142613	13	10123.244	10123.444	10123.444	10123.644	10124.096
1	28	1	2	464	3	6	8	14	2	2	2	1	0.89753334	14	10125.468	10126.068	10126.068	10126.268	10126.966
1	28	1	2	465	3	6	8	15	2	1	2	1	0.59931127	15	10128.096	10128.296	10128.296	10128.496	10128.896
1	28	1	2	466	3	6	8	16	5	2	7	1	0.65425087	16	10130.321	10130.921	10130.921	10131.121	10131.575
1	28	1	2	467	3	6	8	17	1	2	1	1	0.6342705	17	10132.946	10133.546	10133.546	10133.746	10134.18
1	28	1	2	468	3	6	8	18	1	1	1	1	0.71473338	18	10135.572	10135.772	10135.772	10135.972	10136.486
1	28	1	2	469	3	6	8	19	5	2	7	1	1.029909	19	10137.8	10138.4	10138.4	10138.6	10139.43
1	28	1	2	470	3	6	8	20	4	1	6	1	0.70581825	20	10140.468	10140.668	10140.668	10140.868	10141.374
1	28	1	2	471	3	6	8	21	6	1	8	1	0.6616637	21	10142.695	10142.895	10142.895	10143.095	10143.557
1	28	1	2	472	3	6	8	22	5	2	7	1	0.72895201	22	10144.923	10145.523	10145.523	10145.723	10146.252
1	28	1	2	473	3	6	8	23	4	1	6	1	0.67901913	23	10147.549	10147.749	10147.749	10147.949	10148.428
1	28	1	2	474	3	6	8	24	6	1	8	1	0.71662486	24	10149.776	10149.976	10149.976	10150.176	10150.693
1	28	1	2	475	3	6	8	25	1	2	1	1	0.65215433	25	10152.009	10152.609	10152.609	10152.809	10153.262
1	28	1	2	476	3	6	8	26	4	1	6	1	0.6696427	26	10154.639	10154.839	10154.839	10155.039	10155.508
1	28	1	2	477	3	6	8	27	2	1	2	1	0.66192264	27	10156.872	10157.072	10157.072	10157.272	10157.734
1	28	1	2	478	3	6	8	28	5	2	7	1	0.72672295	28	10159.102	10159.702	10159.702	10159.902	10160.429
1	28	1	2	479	3	6	8	29	6	1	3	0	0.47642633	28	10161.73	10161.93	10161.93	10162.13	10162.407
1	28	1	2	480	3	6	8	30	3	1	3	1	1.0485327	29	10163.958	10164.158	10164.158	10164.358	10165.206
1	28	1	2	481	3	2	9	1	6	2	5	1	0.57587183	1	10194.255	10194.855	10194.855	10195.055	10195.431
1	28	1	2	482	3	2	9	2	5	2	5	1	0.48599661	2	10196.88	10197.48	10197.48	10197.68	10197.966
1	28	1	2	483	3	2	9	3	1	2	4	1	0.47226173	3	10199.508	10200.108	10200.108	10200.308	10200.581
1	28	1	2	484	3	2	9	4	4	2	5	1	0.42373562	4	10202.137	10202.737	10202.737	10202.937	10203.16
1	28	1	2	485	3	2	9	5	4	2	5	1	0.52317904	5	10204.765	10205.365	10205.365	10205.565	10205.888
1	28	1	2	486	3	2	9	6	5	1	5	1	0.42261122	6	10207.39	10207.59	10207.59	10207.79	10208.012
1	28	1	2	487	3	2	9	7	6	1	5	1	0.41998967	7	10209.618	10209.818	10209.818	10210.018	10210.238
1	28	1	2	488	3	2	9	8	3	2	4	1	0.44200319	8	10211.845	10212.445	10212.445	10212.645	10212.887
1	28	1	2	489	3	2	9	9	6	1	5	1	0.50489089	9	10214.473	10214.673	10214.673	10214.873	10215.178
1	28	1	2	490	3	2	9	10	1	1	4	1	0.44012151	10	10216.702	10216.902	10216.902	10217.102	10217.342
1	28	1	2	491	3	2	9	11	2	2	4	1	0.65268785	11	10218.93	10219.53	10219.53	10219.73	10220.183
1	28	1	2	492	3	2	9	12	3	2	4	1	0.49729066	12	10221.563	10222.163	10222.163	10222.363	10222.66
1	28	1	2	493	3	2	9	13	4	1	5	1	0.61627319	13	10224.191	10224.391	10224.391	10224.591	10225.007
1	28	1	2	494	3	2	9	14	4	2	5	1	0.42734565	14	10226.419	10227.019	10227.019	10227.219	10227.447
1	28	1	2	495	3	2	9	15	3	1	4	1	0.55868332	15	10229.048	10229.248	10229.248	10229.448	10229.806
1	28	1	2	496	3	2	9	16	1	2	4	1	0.59149455	16	10231.276	10231.876	10231.877	10232.077	10232.468
1	28	1	2	497	3	2	9	17	6	2	5	1	0.51083671	17	10233.905	10234.505	10234.505	10234.705	10235.016
1	28	1	2	498	3	2	9	18	3	1	4	1	0.72851014	18	10236.58	10236.78	10236.78	10236.98	10237.509
1	28	1	2	499	3	2	9	19	5	2	5	1	0.6833212	19	10238.809	10239.409	10239.409	10239.609	10240.092
1	28	1	2	500	3	2	9	20	2	1	4	1	0.61486071	20	10241.438	10241.638	10241.638	10241.838	10242.253
1	28	1	2	501	3	2	9	21	2	1	4	1	0.61215959	21	10243.667	10243.867	10243.867	10244.067	10244.479
1	28	1	2	502	3	2	9	22	4	2	5	1	0.53277847	22	10245.895	10246.495	10246.495	10246.695	10247.028
1	28	1	2	503	3	2	9	23	5	1	5	1	0.42507416	23	10248.525	10248.725	10248.725	10248.925	10249.15
1	28	1	2	504	3	2	9	24	2	1	4	1	0.56988166	24	10250.754	10250.954	10250.954	10251.154	10251.524
1	28	1	2	505	3	2	9	25	5	2	5	1	0.60516732	25	10252.983	10253.583	10253.583	10253.783	10254.188
1	28	1	2	506	3	2	9	26	6	1	5	1	0.4654278	26	10255.611	10255.811	10255.811	10256.011	10256.277
1	28	1	2	507	3	2	9	27	2	1	4	1	0.54956004	27	10257.841	10258.041	10258.041	10258.241	10258.591
1	28	1	2	508	3	2	9	28	3	2	4	1	0.47817598	28	10260.072	10260.672	10260.672	10260.872	10261.15
1	28	1	2	509	3	2	9	29	1	1	4	1	0.61872929	29	10262.701	10262.901	10262.901	10263.101	10263.52
1	28	1	2	510	3	2	9	30	1	1	4	1	0.50612566	30	10264.931	10265.131	10265.131	10265.331	10265.637
1	28	1	2	511	3	6	9	1	2	2	2	1	0.72235117	1	10295.226	10295.826	10295.826	10296.026	10296.548
1	28	1	2	512	3	6	9	2	1	2	1	1	0.61307339	2	10297.855	10298.455	10298.455	10298.655	10299.069
1	28	1	2	513	3	6	9	3	4	2	6	1	0.65731404	3	10300.486	10301.086	10301.086	10301.286	10301.743
1	28	1	2	514	3	6	9	4	3	2	3	1	0.73722649	4	10303.115	10303.715	10303.715	10303.915	10304.452
1	28	1	2	515	3	6	9	5	5	2	6	0	0.58310512	4	10305.745	10306.345	10306.345	10306.545	10306.928
1	28	1	2	516	3	6	9	6	6	1	8	1	0.62363088	5	10308.374	10308.574	10308.574	10308.774	10309.198
1	28	1	2	517	3	6	9	7	2	1	2	1	0.88089833	6	10310.603	10310.803	10310.803	10311.003	10311.684
1	28	1	2	518	3	6	9	8	2	2	2	1	0.60540994	7	10312.833	10313.433	10313.433	10313.633	10314.038
1	28	1	2	519	3	6	9	9	6	1	8	1	0.80416178	8	10315.462	10315.662	10315.662	10315.862	10316.467
1	28	1	2	520	3	6	9	10	2	1	2	1	0.67960433	9	10317.689	10317.889	10317.889	10318.089	10318.568
1	28	1	2	521	3	6	9	11	5	2	7	1	0.53267568	10	10319.919	10320.519	10320.519	10320.719	10321.052
1	28	1	2	522	3	6	9	12	5	2	7	1	0.56718995	11	10322.548	10323.148	10323.148	10323.348	10323.716
1	28	1	2	523	3	6	9	13	1	1	1	1	0.68429609	12	10325.179	10325.379	10325.379	10325.579	10326.063
1	28	1	2	524	3	6	9	14	3	2	3	1	0.7493421	13	10327.409	10328.009	10328.009	10328.209	10328.758
1	28	1	2	525	3	6	9	15	6	1	8	1	0.6751963	14	10330.035	10330.235	10330.235	10330.435	10330.911
1	28	1	2	526	3	6	9	16	4	2	6	1	0.94237199	15	10332.266	10332.866	10332.866	10333.066	10333.808
1	28	1	2	527	3	6	9	17	5	2	7	1	0.64777537	16	10334.896	10335.496	10335.496	10335.696	10336.144
1	28	1	2	528	3	6	9	18	6	1	8	1	0.61662908	17	10337.526	10337.726	10337.726	10337.926	10338.343
1	28	1	2	529	3	6	9	19	3	2	3	1	0.79489156	18	10339.756	10340.356	10340.356	10340.556	10341.151
1	28	1	2	530	3	6	9	20	3	1	3	1	0.61818072	19	10342.386	10342.586	10342.586	10342.786	10343.204
1	28	1	2	531	3	6	9	21	1	1	1	1	0.75473005	20	10344.617	10344.817	10344.817	10345.017	10345.572
1	28	1	2	532	3	6	9	22	1	2	1	1	0.65067781	21	10346.85	10347.45	10347.45	10347.65	10348.1
1	28	1	2	533	3	6	9	23	1	1	1	1	0.69756187	22	10349.477	10349.677	10349.677	10349.877	10350.374
1	28	1	2	534	3	6	9	24	4	1	6	1	0.73347017	23	10351.704	10351.904	10351.904	10352.104	10352.637
1	28	1	2	535	3	6	9	25	4	2	6	1	0.57447685	24	10353.934	10354.534	10354.534	10354.734	10355.108
1	28	1	2	536	3	6	9	26	6	1	8	1	0.65753148	25	10356.564	10356.764	10356.764	10356.964	10357.422
1	28	1	2	537	3	6	9	27	5	1	7	1	0.75788931	26	10358.794	10358.994	10358.994	10359.194	10359.752
1	28	1	2	538	3	6	9	28	3	2	3	1	0.7170612	27	10361.025	10361.625	10361.625	10361.825	10362.342
1	28	1	2	539	3	6	9	29	4	1	6	1	0.74678643	28	10363.652	10363.852	10363.852	10364.052	10364.599
1	28	1	2	540	3	6	9	30	2	1	2	1	1.0016083	29	10365.883	10366.083	10366.083	10366.283	10367.085
1	28	1	2	541	4	2	10	1	2	2	4	1	0.73514715	1	10934.728	10935.328	10935.328	10935.528	10936.063
1	28	1	2	542	4	2	10	2	3	2	4	1	0.53603939	2	10937.358	10937.958	10937.958	10938.158	10938.494
1	28	1	2	543	4	2	10	3	6	2	5	1	0.44141642	3	10939.989	10940.589	10940.589	10940.789	10941.03
1	28	1	2	544	4	2	10	4	4	2	5	1	0.41733845	4	10942.622	10943.222	10943.222	10943.422	10943.639
1	28	1	2	545	4	2	10	5	3	2	4	1	0.56142915	5	10945.252	10945.852	10945.852	10946.052	10946.414
1	28	1	2	546	4	2	10	6	2	1	4	1	0.50703879	6	10947.883	10948.083	10948.083	10948.283	10948.59
1	28	1	2	547	4	2	10	7	1	1	4	1	0.4580188	7	10950.114	10950.314	10950.314	10950.514	10950.772
1	28	1	2	548	4	2	10	8	6	2	5	1	0.54715933	8	10952.345	10952.945	10952.945	10953.145	10953.492
1	28	1	2	549	4	2	10	9	1	1	4	1	0.56383739	9	10954.976	10955.176	10955.176	10955.376	10955.74
1	28	1	2	550	4	2	10	10	2	1	4	1	0.47852634	10	10957.207	10957.407	10957.407	10957.607	10957.886
1	28	1	2	551	4	2	10	11	4	2	5	1	0.47060983	11	10959.438	10960.038	10960.038	10960.238	10960.509
1	28	1	2	552	4	2	10	12	4	2	5	1	0.45472806	12	10962.07	10962.67	10962.67	10962.87	10963.125
1	28	1	2	553	4	2	10	13	1	1	4	1	0.53772375	13	10964.701	10964.901	10964.901	10965.101	10965.438
1	28	1	2	554	4	2	10	14	6	2	5	1	0.48715861	14	10966.933	10967.533	10967.533	10967.733	10968.02
1	28	1	2	555	4	2	10	15	5	1	5	1	0.46165913	15	10969.563	10969.763	10969.763	10969.963	10970.224
1	28	1	2	556	4	2	10	16	2	2	4	1	0.47863823	16	10971.793	10972.393	10972.393	10972.593	10972.872
1	28	1	2	557	4	2	10	17	6	2	5	1	0.48581495	17	10974.425	10975.025	10975.025	10975.225	10975.51
1	28	1	2	558	4	2	10	18	3	1	4	1	0.48880734	18	10977.055	10977.255	10977.255	10977.455	10977.744
1	28	1	2	559	4	2	10	19	3	2	4	1	0.52086003	19	10979.286	10979.886	10979.886	10980.086	10980.407
1	28	1	2	560	4	2	10	20	6	1	5	1	0.50369737	20	10981.919	10982.119	10982.119	10982.319	10982.623
1	28	1	2	561	4	2	10	21	4	1	5	1	0.49641498	21	10984.151	10984.351	10984.351	10984.551	10984.848
1	28	1	2	562	4	2	10	22	2	2	4	1	0.45579003	22	10986.382	10986.982	10986.982	10987.182	10987.438
1	28	1	2	563	4	2	10	23	4	1	5	1	0.65601638	23	10989.014	10989.214	10989.214	10989.414	10989.87
1	28	1	2	564	4	2	10	24	5	1	5	1	0.50544648	24	10991.245	10991.445	10991.445	10991.645	10991.951
1	28	1	2	565	4	2	10	25	5	2	5	1	0.43311689	25	10993.476	10994.076	10994.076	10994.276	10994.509
1	28	1	2	566	4	2	10	26	3	1	4	1	0.59335895	26	10996.109	10996.309	10996.309	10996.509	10996.902
1	28	1	2	567	4	2	10	27	5	1	5	1	0.56935404	27	10998.34	10998.541	10998.541	10998.741	10999.11
1	28	1	2	568	4	2	10	28	1	2	4	1	0.52048066	28	11000.573	11001.173	11001.173	11001.373	11001.693
1	28	1	2	569	4	2	10	29	5	1	5	1	0.57692395	29	11003.205	11003.405	11003.405	11003.605	11003.982
1	28	1	2	570	4	2	10	30	1	1	4	1	0.57490061	30	11005.437	11005.637	11005.637	11005.837	11006.212
1	28	1	2	571	4	6	10	1	4	2	6	1	0.68300467	1	11035.738	11036.338	11036.338	11036.538	11037.021
1	28	1	2	572	4	6	10	2	3	2	3	1	0.75411672	2	11038.373	11038.973	11038.973	11039.173	11039.727
1	28	1	2	573	4	6	10	3	2	2	2	1	0.72832077	3	11041.004	11041.604	11041.604	11041.804	11042.332
1	28	1	2	574	4	6	10	4	1	2	1	1	0.61478847	4	11043.634	11044.234	11044.234	11044.434	11044.848
1	28	1	2	575	4	6	10	5	2	2	2	1	0.65402716	5	11046.266	11046.866	11046.866	11047.066	11047.52
1	28	1	2	576	4	6	10	6	1	1	1	1	0.67463134	6	11048.897	11049.097	11049.097	11049.297	11049.772
1	28	1	2	577	4	6	10	7	4	1	6	1	0.66087209	7	11051.129	11051.329	11051.329	11051.529	11051.99
1	28	1	2	578	4	6	10	8	2	2	2	1	0.78932718	8	11053.361	11053.961	11053.961	11054.161	11054.75
1	28	1	2	579	4	6	10	9	5	1	7	1	0.54641224	9	11055.994	11056.194	11056.194	11056.394	11056.74
1	28	1	2	580	4	6	10	10	6	1	8	1	0.61378596	10	11058.225	11058.425	11058.425	11058.625	11059.039
1	28	1	2	581	4	6	10	11	6	2	8	1	0.57411217	11	11060.457	11061.057	11061.057	11061.257	11061.631
1	28	1	2	582	4	6	10	12	1	2	1	1	0.74099755	12	11063.089	11063.689	11063.689	11063.889	11064.43
1	28	1	2	583	4	6	10	13	2	1	2	1	0.70026219	13	11065.729	11065.929	11065.929	11066.129	11066.629
1	28	1	2	584	4	6	10	14	5	2	7	1	0.63542636	14	11067.961	11068.561	11068.561	11068.761	11069.196
1	28	1	2	585	4	6	10	15	3	1	3	1	0.61907778	15	11070.593	11070.793	11070.793	11070.993	11071.412
1	28	1	2	586	4	6	10	16	6	2	8	1	0.58948137	16	11072.825	11073.425	11073.425	11073.625	11074.015
1	28	1	2	587	4	6	10	17	6	2	8	1	0.62981857	17	11075.457	11076.057	11076.057	11076.257	11076.687
1	28	1	2	588	4	6	10	18	5	1	7	1	0.77475384	18	11078.089	11078.289	11078.289	11078.489	11079.064
1	28	1	2	589	4	6	10	19	4	2	6	1	0.81977294	19	11080.323	11080.923	11080.923	11081.123	11081.742
1	28	1	2	590	4	6	10	20	5	1	7	1	0.78798253	20	11082.955	11083.155	11083.155	11083.355	11083.943
1	28	1	2	591	4	6	10	21	4	1	6	1	0.62444059	21	11085.188	11085.388	11085.388	11085.588	11086.012
1	28	1	2	592	4	6	10	22	1	2	1	1	0.63968155	22	11087.421	11088.021	11088.021	11088.221	11088.66
1	28	1	2	593	4	6	10	23	2	1	2	1	0.71080546	23	11090.054	11090.254	11090.254	11090.454	11090.965
1	28	1	2	594	4	6	10	24	5	1	7	1	0.98388663	24	11092.287	11092.487	11092.487	11092.687	11093.471
1	28	1	2	595	4	6	10	25	4	2	6	1	0.61329525	25	11094.52	11095.12	11095.12	11095.32	11095.733
1	28	1	2	596	4	6	10	26	6	1	8	1	0.69500362	26	11097.152	11097.352	11097.352	11097.552	11098.047
1	28	1	2	597	4	6	10	27	3	1	3	1	0.87415456	27	11099.389	11099.589	11099.589	11099.789	11100.463
1	28	1	2	598	4	6	10	28	1	2	1	1	0.61746758	28	11101.622	11102.222	11102.222	11102.422	11102.84
1	28	1	2	599	4	6	10	29	3	1	3	1	0.7674509	29	11104.256	11104.456	11104.456	11104.656	11105.223
1	28	1	2	600	4	6	10	30	3	1	3	1	0.58115412	30	11106.488	11106.688	11106.688	11106.888	11107.269
1	28	1	2	601	4	2	11	1	4	2	5	1	0.53835252	1	11136.787	11137.387	11137.387	11137.587	11137.925
1	28	1	2	602	4	2	11	2	2	2	4	1	0.5617887	2	11139.422	11140.022	11140.022	11140.222	11140.584
1	28	1	2	603	4	2	11	3	2	2	4	1	0.49476808	3	11142.056	11142.656	11142.656	11142.856	11143.151
1	28	1	2	604	4	2	11	4	1	2	4	1	0.42757339	4	11144.689	11145.289	11145.289	11145.489	11145.717
1	28	1	2	605	4	2	11	5	2	2	4	1	0.48471695	5	11147.319	11147.919	11147.919	11148.119	11148.404
1	28	1	2	606	4	2	11	6	5	1	5	1	0.53175707	6	11149.952	11150.152	11150.152	11150.353	11150.684
1	28	1	2	607	4	2	11	7	5	1	5	1	0.46347137	7	11152.187	11152.387	11152.387	11152.587	11152.851
1	28	1	2	608	4	2	11	8	4	2	5	1	0.42387987	8	11154.42	11155.02	11155.02	11155.22	11155.444
1	28	1	2	609	4	2	11	9	3	1	4	1	0.53376185	9	11157.055	11157.255	11157.255	11157.455	11157.789
1	28	1	2	610	4	2	11	10	2	1	4	1	0.48696698	10	11159.289	11159.489	11159.489	11159.689	11159.976
1	28	1	2	611	4	2	11	11	5	2	5	1	0.49992805	11	11161.523	11162.123	11162.123	11162.323	11162.623
1	28	1	2	612	4	2	11	12	1	2	4	1	0.49594784	12	11164.157	11164.757	11164.757	11164.957	11165.253
1	28	1	2	613	4	2	11	13	4	1	5	1	0.58651065	13	11166.794	11166.994	11166.994	11167.194	11167.58
1	28	1	2	614	4	2	11	14	3	2	4	1	0.58541572	14	11169.028	11169.628	11169.628	11169.828	11170.213
1	28	1	2	615	4	2	11	15	3	1	5	0	0.59985397	14	11171.661	11171.861	11171.861	11172.061	11172.461
1	28	1	2	616	4	2	11	16	4	2	5	1	0.46340253	15	11173.895	11174.495	11174.495	11174.695	11174.958
1	28	1	2	617	4	2	11	17	2	2	4	1	0.41812267	16	11176.532	11177.132	11177.132	11177.332	11177.55
1	28	1	2	618	4	2	11	18	4	1	5	1	0.57523699	17	11179.166	11179.366	11179.366	11179.566	11179.941
1	28	1	2	619	4	2	11	19	1	2	4	1	0.62897069	18	11181.399	11181.999	11181.999	11182.199	11182.628
1	28	1	2	620	4	2	11	20	1	1	4	1	0.48028889	19	11184.03	11184.23	11184.23	11184.43	11184.711
1	28	1	2	621	4	2	11	21	6	1	5	1	0.53258981	20	11186.268	11186.468	11186.468	11186.668	11187
1	28	1	2	622	4	2	11	22	6	2	5	1	0.4116594	21	11188.499	11189.099	11189.099	11189.299	11189.51
1	28	1	2	623	4	2	11	23	1	1	4	1	0.44627702	22	11191.132	11191.332	11191.332	11191.532	11191.778
1	28	1	2	624	4	2	11	24	5	1	5	1	0.56750164	23	11193.366	11193.566	11193.566	11193.766	11194.134
1	28	1	2	625	4	2	11	25	6	2	5	1	0.47495122	24	11195.604	11196.204	11196.204	11196.404	11196.679
1	28	1	2	626	4	2	11	26	6	1	5	1	0.49524899	25	11198.238	11198.438	11198.438	11198.638	11198.933
1	28	1	2	627	4	2	11	27	5	1	5	1	0.46911063	26	11200.472	11200.672	11200.672	11200.872	11201.141
1	28	1	2	628	4	2	11	28	3	2	4	1	0.56323502	27	11202.707	11203.307	11203.307	11203.507	11203.87
1	28	1	2	629	4	2	11	29	3	1	4	1	0.69545571	28	11205.341	11205.541	11205.541	11205.741	11206.237
1	28	1	2	630	4	2	11	30	6	1	5	1	0.63934302	29	11207.575	11207.775	11207.775	11207.975	11208.414
1	28	1	2	631	4	6	11	1	1	2	1	1	0.65079041	1	11237.907	11238.507	11238.507	11238.707	11239.158
1	28	1	2	632	4	6	11	2	3	2	3	1	0.83360607	2	11240.542	11241.142	11241.142	11241.342	11241.975
1	28	1	2	633	4	6	11	3	1	2	1	1	0.67214127	3	11243.172	11243.772	11243.772	11243.972	11244.444
1	28	1	2	634	4	6	11	4	5	2	7	1	0.59723789	4	11245.807	11246.407	11246.407	11246.607	11247.004
1	28	1	2	635	4	6	11	5	3	2	3	1	0.87608292	5	11248.441	11249.041	11249.041	11249.241	11249.917
1	28	1	2	636	4	6	11	6	5	1	7	1	0.68180273	6	11251.076	11251.276	11251.276	11251.476	11251.957
1	28	1	2	637	4	6	11	7	6	1	8	1	0.83285067	7	11253.309	11253.509	11253.509	11253.709	11254.342
1	28	1	2	638	4	6	11	8	6	2	8	1	0.6217982	8	11255.543	11256.143	11256.143	11256.343	11256.765
1	28	1	2	639	4	6	11	9	4	1	6	1	1.2326605	9	11258.182	11258.382	11258.382	11258.582	11259.614
1	28	1	2	640	4	6	11	10	2	1	2	1	0.74212251	10	11260.416	11260.616	11260.616	11260.816	11261.358
1	28	1	2	641	4	6	11	11	5	2	7	1	0.61386616	11	11262.648	11263.248	11263.248	11263.448	11263.862
1	28	1	2	642	4	6	11	12	6	2	8	1	0.60675514	12	11265.286	11265.886	11265.886	11266.086	11266.493
1	28	1	2	643	4	6	11	13	2	1	2	1	0.78699189	13	11267.921	11268.121	11268.121	11268.321	11268.908
1	28	1	2	644	4	6	11	14	4	2	6	1	0.80298904	14	11270.155	11270.755	11270.755	11270.955	11271.558
1	28	1	2	645	4	6	11	15	6	1	8	1	0.6488303	15	11272.79	11272.99	11272.99	11273.19	11273.639
1	28	1	2	646	4	6	11	16	4	2	6	1	0.67402988	16	11275.022	11275.622	11275.622	11275.822	11276.296
1	28	1	2	647	4	6	11	17	5	2	7	1	0.59806947	17	11277.656	11278.256	11278.256	11278.456	11278.855
1	28	1	2	648	4	6	11	18	2	1	2	1	0.66235817	18	11280.295	11280.495	11280.495	11280.695	11281.158
1	28	1	2	649	4	6	11	19	3	2	3	1	0.79609023	19	11282.532	11283.132	11283.132	11283.332	11283.928
1	28	1	2	650	4	6	11	20	4	1	6	1	0.70996185	20	11285.167	11285.367	11285.367	11285.567	11286.077
1	28	1	2	651	4	6	11	21	4	1	6	1	0.5707053	21	11287.401	11287.601	11287.601	11287.801	11288.172
1	28	1	2	652	4	6	11	22	1	2	1	1	0.65605993	22	11289.636	11290.236	11290.236	11290.436	11290.892
1	28	1	2	653	4	6	11	23	2	1	2	1	0.71480313	23	11292.268	11292.468	11292.468	11292.668	11293.183
1	28	1	2	654	4	6	11	24	1	1	1	1	0.64675789	24	11294.502	11294.702	11294.702	11294.902	11295.349
1	28	1	2	655	4	6	11	25	6	2	8	1	0.62164685	25	11296.737	11297.337	11297.337	11297.537	11297.959
1	28	1	2	656	4	6	11	26	2	1	2	1	0.73168572	26	11299.372	11299.572	11299.572	11299.772	11300.303
1	28	1	2	657	4	6	11	27	3	1	3	1	0.66333922	27	11301.607	11301.807	11301.807	11302.007	11302.47
1	28	1	2	658	4	6	11	28	3	2	3	1	0.66286284	28	11303.841	11304.441	11304.441	11304.641	11305.104
1	28	1	2	659	4	6	11	29	5	1	7	1	0.73379021	29	11306.48	11306.68	11306.68	11306.88	11307.414
1	28	1	2	660	4	6	11	30	1	1	1	1	0.69132664	30	11308.716	11308.916	11308.916	11309.116	11309.607
1	28	1	2	661	4	2	12	1	5	2	5	1	0.58746803	1	11339.017	11339.617	11339.617	11339.817	11340.204
1	28	1	2	662	4	2	12	2	4	2	5	1	0.46320362	2	11341.653	11342.253	11342.253	11342.453	11342.716
1	28	1	2	663	4	2	12	3	1	2	4	1	0.49351192	3	11344.288	11344.888	11344.888	11345.088	11345.382
1	28	1	2	664	4	2	12	4	2	2	4	1	0.42044392	4	11346.923	11347.523	11347.523	11347.723	11347.944
1	28	1	2	665	4	2	12	5	3	2	4	1	0.4955012	5	11349.559	11350.159	11350.159	11350.359	11350.655
1	28	1	2	666	4	2	12	6	1	1	4	1	0.4521964	6	11352.194	11352.394	11352.395	11352.595	11352.847
1	28	1	2	667	4	2	12	7	6	1	5	1	0.4975314	7	11354.43	11354.63	11354.63	11354.83	11355.127
1	28	1	2	668	4	2	12	8	5	2	5	1	0.44053643	8	11356.669	11357.269	11357.269	11357.469	11357.709
1	28	1	2	669	4	2	12	9	3	1	4	1	0.48086381	9	11359.305	11359.505	11359.505	11359.705	11359.985
1	28	1	2	670	4	2	12	10	2	1	4	1	0.51309902	10	11361.54	11361.74	11361.74	11361.94	11362.253
1	28	1	2	671	4	2	12	11	4	2	5	1	0.55596699	11	11363.776	11364.376	11364.376	11364.576	11364.932
1	28	1	2	672	4	2	12	12	3	2	4	1	0.60623687	12	11366.414	11367.014	11367.014	11367.214	11367.62
1	28	1	2	673	4	2	12	13	6	1	5	1	0.56692264	13	11369.085	11369.285	11369.285	11369.485	11369.852
1	28	1	2	674	4	2	12	14	1	2	4	1	0.59667923	14	11371.321	11371.921	11371.921	11372.121	11372.518
1	28	1	2	675	4	2	12	15	5	1	5	1	0.60177801	15	11373.955	11374.155	11374.155	11374.355	11374.757
1	28	1	2	676	4	2	12	16	1	2	4	1	0.55987866	16	11376.192	11376.792	11376.792	11376.992	11377.352
1	28	1	2	677	4	2	12	17	4	2	5	1	0.59285742	17	11378.828	11379.428	11379.428	11379.628	11380.021
1	28	1	2	678	4	2	12	18	6	1	5	1	0.55990999	18	11381.462	11381.662	11381.662	11381.862	11382.222
1	28	1	2	679	4	2	12	19	6	2	5	1	0.4588519	19	11383.698	11384.298	11384.298	11384.498	11384.757
1	28	1	2	680	4	2	12	20	2	1	4	1	0.54611679	20	11386.331	11386.531	11386.531	11386.731	11387.078
1	28	1	2	681	4	2	12	21	1	1	4	1	0.64039631	21	11388.572	11388.772	11388.772	11388.972	11389.413
1	28	1	2	682	4	2	12	22	3	2	4	1	0.45487848	22	11390.808	11391.408	11391.408	11391.608	11391.863
1	28	1	2	683	4	2	12	23	4	1	5	1	0.5344944	23	11393.441	11393.641	11393.641	11393.841	11394.176
1	28	1	2	684	4	2	12	24	5	1	5	1	0.49730006	24	11395.678	11395.878	11395.878	11396.078	11396.375
1	28	1	2	685	4	2	12	25	2	2	5	0	0.42456995	24	11397.934	11398.534	11398.534	11398.734	11398.958
1	28	1	2	686	4	2	12	26	5	1	5	1	0.49041987	25	11400.57	11400.77	11400.77	11400.97	11401.261
1	28	1	2	687	4	2	12	27	2	1	4	1	0.43265112	26	11402.807	11403.007	11403.007	11403.207	11403.44
1	28	1	2	688	4	2	12	28	3	2	4	1	0.4906806	27	11405.045	11405.645	11405.645	11405.845	11406.136
1	28	1	2	689	4	2	12	29	6	1	5	1	0.59792476	28	11407.681	11407.881	11407.881	11408.081	11408.479
1	28	1	2	690	4	2	12	30	4	1	5	1	0.52796346	29	11409.918	11410.118	11410.118	11410.318	11410.646
1	28	1	2	691	4	6	12	1	1	2	1	1	0.66790935	1	11440.218	11440.818	11440.818	11441.018	11441.486
1	28	1	2	692	4	6	12	2	6	2	8	1	0.61824264	2	11442.858	11443.458	11443.458	11443.658	11444.076
1	28	1	2	693	4	6	12	3	1	2	1	1	0.6616992	3	11445.495	11446.095	11446.095	11446.295	11446.756
1	28	1	2	694	4	6	12	4	3	2	3	1	0.80870126	4	11448.135	11448.735	11448.735	11448.935	11449.544
1	28	1	2	695	4	6	12	5	2	2	2	1	0.57187179	5	11450.771	11451.371	11451.371	11451.571	11451.943
1	28	1	2	696	4	6	12	6	3	1	3	1	0.57368394	6	11453.408	11453.608	11453.608	11453.808	11454.182
1	28	1	2	697	4	6	12	7	2	1	2	1	0.54995798	7	11455.648	11455.848	11455.848	11456.048	11456.398
1	28	1	2	698	4	6	12	8	5	2	7	1	0.71231785	8	11457.885	11458.485	11458.485	11458.685	11459.198
1	28	1	2	699	4	6	12	9	5	1	7	1	0.58923576	9	11460.523	11460.723	11460.723	11460.923	11461.312
1	28	1	2	700	4	6	12	10	6	1	8	1	0.66294424	10	11462.757	11462.957	11462.957	11463.157	11463.619
1	28	1	2	701	4	6	12	11	2	2	2	1	0.80240549	11	11464.993	11465.593	11465.593	11465.793	11466.396
1	28	1	2	702	4	6	12	12	4	2	6	1	0.71301385	12	11467.631	11468.231	11468.231	11468.431	11468.944
1	28	1	2	703	4	6	12	13	4	1	6	1	0.54776544	13	11470.268	11470.468	11470.468	11470.668	11471.015
1	28	1	2	704	4	6	12	14	3	2	3	1	0.77150246	14	11472.505	11473.105	11473.105	11473.305	11473.877
1	28	1	2	705	4	6	12	15	5	1	7	1	0.64668816	15	11475.142	11475.342	11475.342	11475.542	11475.988
1	28	1	2	706	4	6	12	16	6	2	8	1	0.66970394	16	11477.378	11477.978	11477.978	11478.178	11478.648
1	28	1	2	707	4	6	12	17	3	2	3	1	0.65325931	17	11480.016	11480.616	11480.616	11480.816	11481.269
1	28	1	2	708	4	6	12	18	4	1	6	1	0.71957124	18	11482.653	11482.853	11482.853	11483.053	11483.572
1	28	1	2	709	4	6	12	19	1	2	1	1	0.628269	19	11484.89	11485.49	11485.49	11485.69	11486.118
1	28	1	2	710	4	6	12	20	1	1	1	1	0.76294015	20	11487.529	11487.729	11487.729	11487.929	11488.492
1	28	1	2	711	4	6	12	21	2	1	2	1	0.70582595	21	11489.771	11489.971	11489.971	11490.171	11490.677
1	28	1	2	712	4	6	12	22	2	2	2	1	0.63576487	22	11492.009	11492.609	11492.609	11492.809	11493.244
1	28	1	2	713	4	6	12	23	1	1	1	1	0.66219121	23	11494.646	11494.846	11494.846	11495.046	11495.509
1	28	1	2	714	4	6	12	24	3	1	3	1	0.68061318	24	11496.884	11497.084	11497.084	11497.284	11497.765
1	28	1	2	715	4	6	12	25	4	2	6	1	0.60295723	25	11499.122	11499.722	11499.722	11499.922	11500.325
1	28	1	2	716	4	6	12	26	6	1	8	1	0.8196373	26	11501.76	11501.96	11501.96	11502.16	11502.78
1	28	1	2	717	4	6	12	27	4	1	6	1	0.67383095	27	11504.003	11504.203	11504.203	11504.403	11504.876
1	28	1	2	718	4	6	12	28	5	2	7	1	0.62959399	28	11506.24	11506.84	11506.84	11507.04	11507.469
1	28	1	2	719	4	6	12	29	5	1	7	1	0.61544021	29	11508.878	11509.078	11509.078	11509.278	11509.693
1	28	1	2	720	4	6	12	30	6	1	8	1	0.68560102	30	11511.115	11511.315	11511.315	11511.515	11512.001
