2	0	7	4	5	3	6	1	0	0	0	0	0	0	0	0	0	0	0	0
3	46	2	2	1	1	2	1	1	3	2	1	1	0.60503413	1	5523.5453	5524.1455	5524.1457	5524.3459	5524.7508
3	46	2	2	2	1	2	1	2	4	1	8	1	0.57517449	2	5526.1613	5526.3614	5526.3615	5526.5618	5526.9367
3	46	2	2	3	1	2	1	3	2	2	1	1	0.34349328	3	5528.3709	5528.9709	5528.9709	5529.171	5529.3144
3	46	2	2	4	1	2	1	4	1	2	8	0	0.39143244	3	5530.9775	5531.5775	5531.5775	5531.7775	5531.9689
3	46	2	2	5	1	2	1	5	5	1	8	1	0.48903798	4	5533.8946	5534.0947	5534.0947	5534.2947	5534.5837
3	46	2	2	6	1	2	1	6	4	2	8	1	0.43026455	5	5536.1004	5536.7004	5536.7004	5536.9005	5537.1306
3	46	2	2	7	1	2	1	7	1	2	1	1	0.76417411	6	5538.7066	5539.3066	5539.3066	5539.5066	5540.0708
3	46	2	2	8	1	2	1	8	4	2	8	1	0.48093325	7	5541.3121	5541.9121	5541.9121	5542.1121	5542.3931
3	46	2	2	9	1	2	1	9	6	2	8	1	0.55442388	8	5543.9176	5544.5176	5544.5176	5544.7176	5545.072
3	46	2	2	10	1	2	1	10	5	1	8	1	0.3575684	9	5546.5233	5546.7233	5546.7234	5546.9234	5547.0809
3	46	2	2	11	1	2	1	11	2	1	1	1	0.64210011	10	5548.7291	5548.9292	5548.9292	5549.1292	5549.5713
3	46	2	2	12	1	2	1	12	6	1	8	1	0.41603557	11	5550.9348	5551.1348	5551.1348	5551.3348	5551.5508
3	46	2	2	13	1	2	1	13	1	1	1	1	0.50035147	12	5553.1405	5553.3405	5553.3405	5553.5406	5553.8408
3	46	2	2	14	1	2	1	14	4	2	8	1	0.56805014	13	5555.3468	5555.9468	5555.9468	5556.1468	5556.5149
3	46	2	2	15	1	2	1	15	3	1	1	1	0.50374972	14	5557.9525	5558.1525	5558.1525	5558.3526	5558.6563
3	46	2	2	16	1	2	1	16	6	2	8	1	0.48098197	15	5560.1582	5560.7582	5560.7582	5560.9582	5561.2392
3	46	2	2	17	1	2	1	17	1	2	1	1	0.51567695	16	5562.7642	5563.3642	5563.3642	5563.5642	5563.8798
3	46	2	2	18	1	2	1	18	6	1	8	1	0.57310331	17	5565.3696	5565.5696	5565.5696	5565.7696	5566.1427
3	46	2	2	19	1	2	1	19	3	1	1	1	0.58790339	18	5567.5753	5567.7753	5567.7753	5567.9753	5568.3632
3	46	2	2	20	1	2	1	20	4	1	8	1	0.65368651	19	5569.7809	5569.9809	5569.9809	5570.1809	5570.6346
3	46	2	2	21	1	2	1	21	3	2	1	1	0.4929068	20	5571.9872	5572.5873	5572.5873	5572.7873	5573.0802
3	46	2	2	22	1	2	1	22	5	2	8	1	0.52813935	21	5574.5929	5575.1929	5575.1929	5575.3929	5575.721
3	46	2	2	23	1	2	1	23	5	1	8	1	0.4748905	22	5577.1989	5577.3989	5577.3989	5577.5989	5577.8738
3	46	2	2	24	1	2	1	24	2	1	1	1	0.51517284	23	5579.4051	5579.6051	5579.6051	5579.8051	5580.1203
3	46	2	2	25	1	2	1	25	2	2	1	1	0.38890478	24	5581.6121	5582.2121	5582.2121	5582.4122	5582.6011
3	46	2	2	26	1	2	1	26	6	2	8	1	0.6231671	25	5584.2187	5584.8187	5584.8187	5585.0187	5585.4418
3	46	2	2	27	1	2	1	27	1	1	1	1	0.50454478	26	5586.8246	5587.0246	5587.0246	5587.2246	5587.5292
3	46	2	2	28	1	2	1	28	3	1	1	1	0.40814934	27	5589.0309	5589.2309	5589.231	5589.431	5589.6391
3	46	2	2	29	1	2	1	29	2	2	1	1	0.53818528	28	5591.2378	5591.8378	5591.8378	5592.0378	5592.376
3	46	2	2	30	1	2	1	30	5	1	8	1	0.4845892	29	5593.8443	5594.0443	5594.0443	5594.2443	5594.5288
3	46	2	2	31	1	6	1	1	6	2	5	0	0.68508096	0	5604.1305	5604.7306	5604.7307	5604.9309	5605.4158
3	46	2	2	32	1	6	1	2	3	1	6	0	0.73033714	0	5607.0454	5607.2454	5607.2454	5607.4455	5607.9758
3	46	2	2	33	1	6	1	3	4	2	7	0	1.4424978	0	5609.5593	5610.1593	5610.1593	5610.3593	5611.6018
3	46	2	2	34	1	6	1	4	5	2	2	0	0.76378259	0	5612.4754	5613.0754	5613.0754	5613.2754	5613.8392
3	46	2	2	35	1	6	1	5	6	1	3	0	0.95230085	0	5615.3924	5615.5924	5615.5924	5615.7925	5616.5447
3	46	2	2	36	1	6	1	6	6	2	4	0	0.66476499	0	5617.9075	5618.5075	5618.5075	5618.7075	5619.1722
3	46	2	2	37	1	6	1	7	2	2	5	0	0.84116806	0	5620.824	5621.424	5621.424	5621.624	5622.2652
3	46	2	2	38	1	6	1	8	5	2	6	1	0.65215019	1	5623.7401	5624.3401	5624.3401	5624.5401	5624.9923
3	46	2	2	39	1	6	1	9	2	2	5	0	1.4625477	1	5626.347	5626.947	5626.947	5627.147	5628.4096
3	46	2	2	40	1	6	1	10	6	1	7	1	0.79974176	2	5629.262	5629.462	5629.462	5629.6621	5630.2618
3	46	2	2	41	1	6	1	11	1	1	5	0	1.0776189	2	5631.4689	5631.6689	5631.6689	5631.8689	5632.7465
3	46	2	2	42	1	6	1	12	1	1	2	1	0.84924033	3	5633.9826	5634.1826	5634.1826	5634.3826	5635.0318
3	46	2	2	43	1	6	1	13	2	1	7	0	1.1976518	3	5636.1894	5636.3894	5636.3894	5636.5895	5637.5871
3	46	2	2	44	1	6	1	14	3	2	5	0	0.94406016	3	5638.7028	5639.3028	5639.3028	5639.5029	5640.2469
3	46	2	2	45	1	6	1	15	4	1	3	0	0.7909748	3	5641.6193	5641.8193	5641.8193	5642.0193	5642.6103
3	46	2	2	46	1	6	1	16	5	2	4	0	0.65536078	3	5644.1357	5644.7357	5644.7358	5644.9358	5645.3911
3	46	2	2	47	1	6	1	17	4	2	5	1	0.6676248	4	5647.0523	5647.6523	5647.6523	5647.8523	5648.3199
3	46	2	2	48	1	6	1	18	1	1	6	0	0.81989256	4	5649.6596	5649.8596	5649.8596	5650.0596	5650.6795
3	46	2	2	49	1	6	1	19	4	1	5	1	0.82225442	5	5652.1727	5652.3727	5652.3728	5652.5728	5653.195
3	46	2	2	50	1	6	1	20	2	1	6	0	1.2179296	5	5654.3803	5654.5803	5654.5804	5654.7804	5655.7983
3	46	2	2	51	1	6	1	21	3	2	4	1	1.0335705	6	5656.893	5657.493	5657.493	5657.693	5658.5266
3	46	2	2	52	1	6	1	22	3	2	4	1	0.66108285	7	5659.5	5660.1001	5660.1001	5660.3001	5660.7611
3	46	2	2	53	1	6	1	23	3	1	4	1	0.66167283	8	5662.1074	5662.3074	5662.3075	5662.5075	5662.9691
3	46	2	2	54	1	6	1	24	4	1	3	0	0.93275634	8	5664.3152	5664.5152	5664.5152	5664.7152	5665.448
3	46	2	2	55	1	6	1	25	1	2	6	0	1.4403282	8	5666.8247	5667.4247	5667.4247	5667.6247	5668.865
3	46	2	2	56	1	6	1	26	5	2	2	0	1.0024069	8	5669.7411	5670.3411	5670.3411	5670.5411	5671.3436
3	46	2	2	57	1	6	1	27	5	1	4	0	0.62935389	8	5672.6576	5672.8576	5672.8576	5673.0576	5673.487
3	46	2	2	58	1	6	1	28	2	1	3	1	0.65925698	9	5675.173	5675.373	5675.373	5675.573	5676.0322
3	46	2	2	59	1	6	1	29	6	2	5	0	1.257503	9	5677.382	5677.982	5677.982	5678.182	5679.2395
3	46	2	2	60	1	6	1	30	1	1	4	0	1.7613081	9	5680.2943	5680.4943	5680.4943	5680.6943	5682.2556
3	46	2	2	61	1	2	2	1	6	2	8	1	1.2609421	1	5693.8043	5694.4043	5694.4043	5694.6044	5695.6653
3	46	2	2	62	1	2	2	2	4	1	8	1	0.48736855	2	5696.4118	5696.6118	5696.6118	5696.8118	5697.0992
3	46	2	2	63	1	2	2	3	6	2	1	0	0.46713057	2	5698.6214	5699.2215	5699.2215	5699.4216	5699.6887
3	46	2	2	64	1	2	2	4	6	2	8	1	0.48800104	3	5701.5306	5702.1306	5702.1306	5702.3306	5702.6186
3	46	2	2	65	1	2	2	5	3	1	1	1	0.63906937	4	5704.1387	5704.3387	5704.3388	5704.5388	5704.9778
3	46	2	2	66	1	2	2	6	6	2	8	1	0.41263324	5	5706.3467	5706.9468	5706.9468	5707.1468	5707.3594
3	46	2	2	67	1	2	2	7	2	2	1	1	0.67268506	6	5708.9546	5709.5547	5709.5547	5709.7547	5710.2274
3	46	2	2	68	1	2	2	8	1	2	1	1	0.45194672	7	5711.5646	5712.1646	5712.1647	5712.3647	5712.6167
3	46	2	2	69	1	2	2	9	4	2	1	0	0.59381714	7	5714.1731	5714.7732	5714.7732	5714.9732	5715.367
3	46	2	2	70	1	2	2	10	2	1	8	0	0.65150357	7	5717.0848	5717.2848	5717.2848	5717.4848	5717.9363
3	46	2	2	71	1	2	2	11	6	1	8	1	0.36771205	8	5719.6004	5719.8004	5719.8004	5720.0004	5720.1681
3	46	2	2	72	1	2	2	12	1	1	1	1	0.52643072	9	5721.8085	5722.0085	5722.0085	5722.2085	5722.535
3	46	2	2	73	1	2	2	13	1	1	1	1	0.49431135	10	5724.0168	5724.2168	5724.2168	5724.4168	5724.7111
3	46	2	2	74	1	2	2	14	1	2	1	1	0.34205837	11	5726.2253	5726.8253	5726.8253	5727.0253	5727.1673
3	46	2	2	75	1	2	2	15	2	1	1	1	0.39016699	12	5728.8338	5729.0338	5729.0338	5729.2338	5729.424
3	46	2	2	76	1	2	2	16	3	2	1	1	0.28758608	13	5731.0433	5731.6434	5731.6434	5731.8434	5731.9309
3	46	2	2	77	1	2	2	17	5	2	8	1	0.55580927	14	5733.652	5734.252	5734.252	5734.452	5734.8078
3	46	2	2	78	1	2	2	18	3	1	1	1	0.56217938	15	5736.2607	5736.4607	5736.4607	5736.6608	5737.0229
3	46	2	2	79	1	2	2	19	2	1	1	1	0.44544359	16	5738.4698	5738.6698	5738.6698	5738.8698	5739.1153
3	46	2	2	80	1	2	2	20	3	1	1	1	0.43338224	17	5740.6782	5740.8783	5740.8783	5741.0783	5741.3116
3	46	2	2	81	1	2	2	21	4	2	8	1	0.77924097	18	5742.887	5743.487	5743.487	5743.6871	5744.2663
3	46	2	2	82	1	2	2	22	1	2	8	0	0.70967517	18	5745.4964	5746.0964	5746.0964	5746.2964	5746.8061
3	46	2	2	83	1	2	2	23	5	1	8	1	1.3133649	19	5748.4136	5748.6136	5748.6136	5748.8136	5749.927
3	46	2	2	84	1	2	2	24	3	1	8	0	0.79311708	19	5750.6246	5750.8246	5750.8246	5751.0247	5751.6178
3	46	2	2	85	1	2	2	25	5	2	8	1	0.4808553	20	5753.1447	5753.7448	5753.7448	5753.9448	5754.2256
3	46	2	2	86	1	2	2	26	4	2	8	1	0.4615639	21	5755.753	5756.353	5756.353	5756.553	5756.8146
3	46	2	2	87	1	2	2	27	5	1	8	1	0.63908051	22	5758.3617	5758.5617	5758.5617	5758.7617	5759.2008
3	46	2	2	88	1	2	2	28	2	1	1	1	0.73676157	23	5760.5696	5760.7696	5760.7696	5760.9697	5761.5064
3	46	2	2	89	1	2	2	29	5	2	8	1	0.89240412	24	5762.7787	5763.3787	5763.3787	5763.5787	5764.2711
3	46	2	2	90	1	2	2	30	4	1	8	1	0.57145292	25	5765.3878	5765.5878	5765.5878	5765.7878	5766.1592
3	46	2	2	91	1	6	2	1	4	2	4	0	1.2010078	0	5853.9032	5854.5032	5854.5032	5854.7032	5855.7042
3	46	2	2	92	1	6	2	2	3	1	4	1	0.98935789	1	5856.8198	5857.0198	5857.0199	5857.2199	5858.0092
3	46	2	2	93	1	6	2	3	2	2	3	1	1.4283445	2	5859.0294	5859.6295	5859.6295	5859.8295	5861.0579
3	46	2	2	94	1	6	2	4	6	2	7	1	1.3055811	3	5861.6383	5862.2384	5862.2384	5862.4384	5863.5439
3	46	2	2	95	1	6	2	5	1	1	6	0	1.0042069	3	5864.248	5864.448	5864.448	5864.6481	5865.4523
3	46	2	2	96	1	6	2	6	4	2	5	1	1.4544705	4	5866.7616	5867.3617	5867.3617	5867.5617	5868.8162
3	46	2	2	97	1	6	2	7	4	2	5	1	0.5727229	5	5869.3709	5869.9709	5869.9709	5870.1709	5870.5436
3	46	2	2	98	1	6	2	8	4	2	5	1	0.45319031	6	5871.9805	5872.5805	5872.5806	5872.7806	5873.0338
3	46	2	2	99	1	6	2	9	2	2	2	0	0.73354212	6	5874.5896	5875.1897	5875.1897	5875.3897	5875.9233
3	46	2	2	100	1	6	2	10	1	1	6	0	1.6963031	6	5877.5052	5877.7052	5877.7053	5877.9053	5879.4016
3	46	2	2	101	1	6	2	11	3	1	3	0	1.4741698	6	5880.0216	5880.2217	5880.2217	5880.4217	5881.6958
3	46	2	2	102	1	6	2	12	3	1	4	1	0.52759046	7	5882.5363	5882.7363	5882.7363	5882.9363	5883.2639
3	46	2	2	103	1	6	2	13	5	1	3	0	1.0677212	7	5884.7459	5884.9459	5884.9459	5885.1459	5886.0136
3	46	2	2	104	1	6	2	14	6	2	7	1	1.4044219	8	5887.2668	5887.8668	5887.8668	5888.0668	5889.2712
3	46	2	2	105	1	6	2	15	5	1	6	1	0.8826049	9	5889.8767	5890.0767	5890.0767	5890.2768	5890.9594
3	46	2	2	106	1	6	2	16	4	2	5	1	2.0001774	10	5892.0862	5892.6862	5892.6862	5892.8862	5894.6863
3	46	2	2	107	1	6	2	17	6	2	7	1	1.2784773	11	5894.6988	5895.2988	5895.2988	5895.4988	5896.5773
3	46	2	2	108	1	6	2	18	5	1	6	1	0.5581092	12	5897.309	5897.509	5897.509	5897.709	5898.0671
3	46	2	2	109	1	6	2	19	2	1	3	1	1.2274085	13	5899.5188	5899.7188	5899.7188	5899.9189	5900.9463
3	46	2	2	110	1	6	2	20	1	1	2	1	1.2576611	14	5901.7285	5901.9285	5901.9286	5902.1286	5903.1862
3	46	2	2	111	1	6	2	21	5	2	5	0	0.94922317	14	5903.9388	5904.5389	5904.5389	5904.7389	5905.4881
3	46	2	2	112	1	6	2	22	3	2	4	1	1.6331372	15	5906.862	5907.462	5907.462	5907.662	5909.0951
3	46	2	2	113	1	6	2	23	2	1	3	1	1.3553948	16	5909.4719	5909.6719	5909.6719	5909.8719	5911.0273
3	46	2	2	114	1	6	2	24	1	1	2	1	1.3817515	17	5911.6844	5911.8844	5911.8844	5912.0844	5913.2661
3	46	2	2	115	1	6	2	25	1	2	2	1	0.62649763	18	5913.8949	5914.4949	5914.4949	5914.6949	5915.1214
3	46	2	2	116	1	6	2	26	5	2	5	0	0.60733906	18	5916.5048	5917.1048	5917.1048	5917.3048	5917.7121
3	46	2	2	117	1	6	2	27	2	1	4	0	1.1130562	18	5919.4172	5919.6172	5919.6172	5919.8172	5920.7302
3	46	2	2	118	1	6	2	28	6	1	7	1	0.9634649	19	5921.9331	5922.1331	5922.1331	5922.3331	5923.0966
3	46	2	2	119	1	6	2	29	6	2	7	1	0.5401769	20	5924.143	5924.743	5924.743	5924.943	5925.2831
3	46	2	2	120	1	6	2	30	3	1	4	1	1.0136648	21	5926.7527	5926.9527	5926.9527	5927.1527	5927.9663
3	46	2	2	121	1	2	3	1	5	2	8	1	0.6135523	1	5942.2751	5942.8751	5942.8751	5943.0751	5943.4887
3	46	2	2	122	1	2	3	2	1	1	1	1	0.63301532	2	5944.8863	5945.0863	5945.0863	5945.2863	5945.7193
3	46	2	2	123	1	2	3	3	6	2	8	1	0.82356639	3	5947.0968	5947.6968	5947.6968	5947.8968	5948.5203
3	46	2	2	124	1	2	3	4	2	2	1	1	0.5350633	4	5949.7073	5950.3073	5950.3073	5950.5073	5950.8424
3	46	2	2	125	1	2	3	5	1	1	1	1	0.875808	5	5952.3176	5952.5176	5952.5176	5952.7176	5953.3934
3	46	2	2	126	1	2	3	6	6	2	8	1	0.72063423	6	5954.5279	5955.1279	5955.1279	5955.3279	5955.8485
3	46	2	2	127	1	2	3	7	3	2	1	1	0.73433236	7	5957.1385	5957.7385	5957.7385	5957.9385	5958.4728
3	46	2	2	128	1	2	3	8	5	2	1	0	0.57920921	7	5959.7491	5960.3492	5960.3492	5960.5492	5960.9284
3	46	2	2	129	1	2	3	9	6	2	8	1	0.45720105	8	5962.6634	5963.2634	5963.2634	5963.4634	5963.7206
3	46	2	2	130	1	2	3	10	5	1	8	1	0.40003232	9	5965.2741	5965.4741	5965.4741	5965.6741	5965.8741
3	46	2	2	131	1	2	3	11	1	1	1	1	0.55524613	10	5967.4843	5967.6843	5967.6843	5967.8843	5968.2396
3	46	2	2	132	1	2	3	12	3	1	1	1	0.52234816	11	5969.6947	5969.8947	5969.8947	5970.0947	5970.4171
3	46	2	2	133	1	2	3	13	5	1	8	1	0.44280609	12	5971.9078	5972.1078	5972.1078	5972.3078	5972.5506
3	46	2	2	134	1	2	3	14	4	2	8	1	0.51998742	13	5974.1191	5974.7191	5974.7191	5974.9191	5975.2391
3	46	2	2	135	1	2	3	15	2	1	1	1	0.59811798	14	5976.7302	5976.9302	5976.9302	5977.1302	5977.5284
3	46	2	2	136	1	2	3	16	3	2	1	1	0.51771434	15	5978.9413	5979.5414	5979.5414	5979.7414	5980.0591
3	46	2	2	137	1	2	3	17	4	2	8	1	0.58577936	16	5981.5519	5982.1519	5982.152	5982.352	5982.7377
3	46	2	2	138	1	2	3	18	4	1	8	1	0.45366623	17	5984.1628	5984.3629	5984.3629	5984.5629	5984.8165
3	46	2	2	139	1	2	3	19	2	1	1	1	0.51275564	18	5986.3737	5986.5737	5986.5737	5986.7737	5987.0864
3	46	2	2	140	1	2	3	20	3	1	1	1	0.43923349	19	5988.5841	5988.7841	5988.7841	5988.9841	5989.2233
3	46	2	2	141	1	2	3	21	1	2	1	1	0.43747284	20	5990.7946	5991.3946	5991.3946	5991.5946	5991.8321
3	46	2	2	142	1	2	3	22	2	2	1	1	0.46156513	21	5993.4056	5994.0056	5994.0056	5994.2056	5994.4672
3	46	2	2	143	1	2	3	23	6	1	8	1	0.58404153	22	5996.0181	5996.2181	5996.2181	5996.4181	5996.8021
3	46	2	2	144	1	2	3	24	3	1	1	1	0.57066501	23	5998.2291	5998.4291	5998.4291	5998.6292	5998.9998
3	46	2	2	145	1	2	3	25	1	2	1	1	0.65660202	24	6000.4404	6001.0404	6001.0404	6001.2404	6001.697
3	46	2	2	146	1	2	3	26	2	2	1	1	0.4514782	25	6003.0522	6003.6522	6003.6522	6003.8522	6004.1037
3	46	2	2	147	1	2	3	27	6	1	8	1	0.43417161	26	6005.6634	6005.8634	6005.8634	6006.0634	6006.2976
3	46	2	2	148	1	2	3	28	4	1	8	1	0.43660552	27	6007.8751	6008.0751	6008.0751	6008.2751	6008.5117
3	46	2	2	149	1	2	3	29	5	2	8	1	0.41568357	28	6010.0889	6010.6889	6010.6889	6010.8889	6011.1046
3	46	2	2	150	1	2	3	30	4	1	8	1	0.39035771	29	6012.7007	6012.9008	6012.9008	6013.1008	6013.2911
3	46	2	2	151	1	6	3	1	6	2	7	1	0.47170629	1	6076.4873	6077.0873	6077.0873	6077.2873	6077.559
3	46	2	2	152	1	6	3	2	4	1	5	1	0.92581011	2	6079.0988	6079.2988	6079.2988	6079.4988	6080.2246
3	46	2	2	153	1	6	3	3	5	2	6	1	0.44242723	3	6081.3104	6081.9104	6081.9104	6082.1104	6082.3528
3	46	2	2	154	1	6	3	4	6	2	7	1	0.59320715	4	6083.9215	6084.5215	6084.5215	6084.7215	6085.1147
3	46	2	2	155	1	6	3	5	4	1	5	1	0.58089089	5	6086.5342	6086.7342	6086.7342	6086.9342	6087.3151
3	46	2	2	156	1	6	3	6	1	2	2	1	1.2859501	6	6088.7455	6089.3455	6089.3455	6089.5455	6090.6315
3	46	2	2	157	1	6	3	7	1	2	2	1	0.50879574	7	6091.3581	6091.9581	6091.9581	6092.1581	6092.4669
3	46	2	2	158	1	6	3	8	2	2	4	0	0.93359636	7	6093.9703	6094.5703	6094.5703	6094.7703	6095.5039
3	46	2	2	159	1	6	3	9	5	2	5	0	0.92595097	7	6096.8852	6097.4852	6097.4852	6097.6852	6098.4112
3	46	2	2	160	1	6	3	10	3	1	0	0	-6100.0014	7	6099.8014	6100.0014	6100.0014	6100.2014	0
3	46	2	2	161	1	6	3	11	1	1	2	1	1.7290191	8	6102.3139	6102.5139	6102.5139	6102.7139	6104.2429
3	46	2	2	162	1	6	3	12	2	1	4	0	1.243763	8	6104.5256	6104.7256	6104.7256	6104.9256	6105.9693
3	46	2	2	163	1	6	3	13	6	1	7	1	1.0473212	9	6107.0484	6107.2484	6107.2484	6107.4484	6108.2957
3	46	2	2	164	1	6	3	14	5	2	6	1	1.7421403	10	6109.2608	6109.8608	6109.8608	6110.0608	6111.603
3	46	2	2	165	1	6	3	15	6	1	7	1	0.71936958	11	6111.8729	6112.0729	6112.0729	6112.2729	6112.7922
3	46	2	2	166	1	6	3	16	6	2	7	1	0.68273781	12	6114.0851	6114.6851	6114.6851	6114.8851	6115.3678
3	46	2	2	167	1	6	3	17	5	2	6	1	0.64577617	13	6116.6972	6117.2972	6117.2972	6117.4972	6117.943
3	46	2	2	168	1	6	3	18	2	1	4	1	1.8697389	14	6119.3089	6119.5089	6119.5089	6119.7089	6121.3787
3	46	2	2	169	1	6	3	19	5	1	3	0	0.25555098	14	6121.5219	6121.7219	6121.7219	6121.9219	6121.9774
3	46	2	2	170	1	6	3	20	1	1	5	0	1.1074007	14	6124.0459	6124.2459	6124.2459	6124.4459	6125.3533
3	46	2	2	171	1	6	3	21	2	2	3	1	1.0870835	15	6126.5602	6127.1602	6127.1602	6127.3602	6128.2473
3	46	2	2	172	1	6	3	22	3	2	4	1	0.93230302	16	6129.1721	6129.7721	6129.7721	6129.9721	6130.7044
3	46	2	2	173	1	6	3	23	3	1	4	1	0.59822944	17	6131.7846	6131.9846	6131.9846	6132.1846	6132.5829
3	46	2	2	174	1	6	3	24	3	1	4	1	0.52934469	18	6133.9973	6134.1973	6134.1973	6134.3973	6134.7266
3	46	2	2	175	1	6	3	25	4	2	5	1	1.0542023	19	6136.2101	6136.8101	6136.8101	6137.0102	6137.8644
3	46	2	2	176	1	6	3	26	4	2	5	1	0.36421307	20	6138.8225	6139.4225	6139.4225	6139.6225	6139.7867
3	46	2	2	177	1	6	3	27	4	1	5	1	0.33431707	21	6141.4352	6141.6352	6141.6352	6141.8352	6141.9696
3	46	2	2	178	1	6	3	28	1	1	2	1	1.2807721	22	6143.6476	6143.8476	6143.8476	6144.0476	6145.1284
3	46	2	2	179	1	6	3	29	2	2	5	0	1.1326281	22	6145.8596	6146.4596	6146.4596	6146.6597	6147.5923
3	46	2	2	180	1	6	3	30	3	1	4	1	1.9102377	23	6148.7791	6148.9791	6148.9791	6149.1791	6150.8893
3	46	2	2	181	2	2	4	1	6	2	8	1	0.49285333	1	6513.7089	6514.3089	6514.309	6514.509	6514.8018
3	46	2	2	182	2	2	4	2	3	1	1	1	0.35860625	2	6516.3223	6516.5223	6516.5223	6516.7223	6516.8809
3	46	2	2	183	2	2	4	3	3	2	1	1	0.43170764	3	6518.5352	6519.1352	6519.1352	6519.3353	6519.567
3	46	2	2	184	2	2	4	4	4	2	8	1	0.43321243	4	6521.1523	6521.7523	6521.7523	6521.9523	6522.1855
3	46	2	2	185	2	2	4	5	5	1	8	1	0.39318963	5	6523.7658	6523.9658	6523.9658	6524.1658	6524.359
3	46	2	2	186	2	2	4	6	5	2	8	1	0.51731698	6	6525.9789	6526.579	6526.579	6526.779	6527.0963
3	46	2	2	187	2	2	4	7	4	2	8	1	0.52480623	7	6528.5963	6529.1963	6529.1963	6529.3963	6529.7211
3	46	2	2	188	2	2	4	8	1	2	1	1	0.59932162	8	6531.2093	6531.8093	6531.8093	6532.0094	6532.4087
3	46	2	2	189	2	2	4	9	5	2	8	1	0.41768711	9	6533.8231	6534.4231	6534.4231	6534.6231	6534.8408
3	46	2	2	190	2	2	4	10	1	1	1	1	0.50723061	10	6536.4387	6536.6387	6536.6387	6536.8388	6537.146
3	46	2	2	191	2	2	4	11	1	1	1	1	0.52468915	11	6538.652	6538.852	6538.852	6539.052	6539.3767
3	46	2	2	192	2	2	4	12	6	1	8	1	0.46551094	12	6540.8656	6541.0656	6541.0656	6541.2657	6541.5312
3	46	2	2	193	2	2	4	13	4	1	8	1	0.39399267	13	6543.0785	6543.2785	6543.2785	6543.4785	6543.6725
3	46	2	2	194	2	2	4	14	2	2	1	1	0.48432756	14	6545.2922	6545.8922	6545.8922	6546.0922	6546.3765
3	46	2	2	195	2	2	4	15	4	1	8	1	0.46925633	15	6547.9057	6548.1057	6548.1057	6548.3057	6548.5749
3	46	2	2	196	2	2	4	16	3	2	1	1	0.41517271	16	6550.1193	6550.7193	6550.7193	6550.9193	6551.1345
3	46	2	2	197	2	2	4	17	6	2	8	1	0.53428157	17	6552.7323	6553.3323	6553.3323	6553.5323	6553.8666
3	46	2	2	198	2	2	4	18	6	1	8	1	0.41360999	18	6555.3453	6555.5453	6555.5453	6555.7453	6555.9589
3	46	2	2	199	2	2	4	19	5	1	8	1	1.0521057	19	6557.5586	6557.7586	6557.7586	6557.9586	6558.8107
3	46	2	2	200	2	2	4	20	3	1	1	1	0.55652448	20	6559.7718	6559.9718	6559.9718	6560.1718	6560.5284
3	46	2	2	201	2	2	4	21	2	2	8	0	1.213388	20	6561.9861	6562.5861	6562.5861	6562.7861	6563.7995
3	46	2	2	202	2	2	4	22	2	2	1	1	0.45147412	21	6564.5996	6565.1997	6565.1997	6565.3997	6565.6511
3	46	2	2	203	2	2	4	23	1	1	1	1	0.43783009	22	6567.2132	6567.4132	6567.4132	6567.6132	6567.851
3	46	2	2	204	2	2	4	24	5	1	8	1	0.45394424	23	6569.4266	6569.6266	6569.6266	6569.8266	6570.0806
3	46	2	2	205	2	2	4	25	3	2	1	1	0.50076236	24	6571.6404	6572.2404	6572.2404	6572.4404	6572.7411
3	46	2	2	206	2	2	4	26	2	2	1	1	0.59968652	25	6574.2547	6574.8548	6574.8548	6575.0548	6575.4544
3	46	2	2	207	2	2	4	27	6	1	8	1	0.47585188	26	6576.8686	6577.0686	6577.0686	6577.2686	6577.5444
3	46	2	2	208	2	2	4	28	4	1	8	1	0.40583631	27	6579.0822	6579.2822	6579.2822	6579.4822	6579.688
3	46	2	2	209	2	2	4	29	2	2	1	1	0.51068713	28	6581.2963	6581.8963	6581.8963	6582.0963	6582.407
3	46	2	2	210	2	2	4	30	1	1	1	1	0.38718011	29	6583.9103	6584.1103	6584.1103	6584.3103	6584.4975
3	46	2	2	211	2	6	4	1	5	2	2	0	1.0171415	0	6614.398	6614.998	6614.998	6615.198	6616.0152
3	46	2	2	212	2	6	4	2	3	1	0	0	-6617.2125	0	6617.0125	6617.2125	6617.2125	6617.4125	0
3	46	2	2	213	2	6	4	3	4	2	5	1	1.1526265	1	6619.2263	6619.8263	6619.8263	6620.0263	6620.979
3	46	2	2	214	2	6	4	4	6	2	7	1	0.61581885	2	6621.8411	6622.4411	6622.4411	6622.6411	6623.0569
3	46	2	2	215	2	6	4	5	2	1	3	1	1.2242051	3	6624.4557	6624.6557	6624.6557	6624.8557	6625.8799
3	46	2	2	216	2	6	4	6	5	2	6	1	1.9297322	4	6626.6697	6627.2697	6627.2697	6627.4697	6629.1995
3	46	2	2	217	2	6	4	7	6	2	7	1	0.76163252	5	6629.2853	6629.8853	6629.8853	6630.0853	6630.6469
3	46	2	2	218	2	6	4	8	3	2	4	1	1.4849267	6	6631.8998	6632.4998	6632.4998	6632.6998	6633.9848
3	46	2	2	219	2	6	4	9	5	2	5	0	1.3665703	6	6634.5143	6635.1143	6635.1143	6635.3143	6636.4808
3	46	2	2	220	2	6	4	10	3	1	7	0	1.8876567	6	6637.1317	6637.3317	6637.3317	6637.5317	6639.2194
3	46	2	2	221	2	6	4	11	1	1	5	1	1.9491056	7	6639.3487	6639.5487	6639.5487	6639.7487	6641.4978
3	46	2	2	222	2	6	4	12	6	1	7	1	1.0021171	8	6641.5656	6641.7656	6641.7656	6641.9656	6642.7677
3	46	2	2	223	2	6	4	13	1	1	6	0	1.59732	8	6643.7801	6643.9801	6643.9801	6644.1801	6645.5774
3	46	2	2	224	2	6	4	14	4	2	6	0	1.6375957	8	6645.9941	6646.5941	6646.5941	6646.7941	6648.2317
3	46	2	2	225	2	6	4	15	4	1	0	0	-6648.8109	8	6648.6109	6648.8109	6648.8109	6649.0109	0
3	46	2	2	226	2	6	4	16	1	2	0	0	-6651.427	8	6650.827	6651.427	6651.427	6651.627	0
3	46	2	2	227	2	6	4	17	5	2	0	0	-6654.0451	8	6653.4451	6654.0451	6654.0451	6654.2451	0
3	46	2	2	228	2	6	4	18	2	1	7	0	1.3307337	8	6656.0598	6656.2598	6656.2598	6656.4599	6657.5906
3	46	2	2	229	2	6	4	19	1	1	7	0	1.4006472	8	6658.2744	6658.4744	6658.4744	6658.6744	6659.875
3	46	2	2	230	2	6	4	20	3	1	2	0	1.7495481	8	6660.4892	6660.6892	6660.6892	6660.8892	6662.4388
3	46	2	2	231	2	6	4	21	5	2	7	0	1.4580905	8	6662.7038	6663.3038	6663.3038	6663.5038	6664.7619
3	46	2	2	232	2	6	4	22	6	2	7	1	0.73688597	9	6665.3196	6665.9197	6665.9197	6666.1197	6666.6565
3	46	2	2	233	2	6	4	23	4	1	5	1	1.3539457	10	6667.9346	6668.1346	6668.1346	6668.3346	6669.4885
3	46	2	2	234	2	6	4	24	2	1	3	1	1.6279231	11	6670.1496	6670.3496	6670.3496	6670.5496	6671.9775
3	46	2	2	235	2	6	4	25	4	2	5	1	1.115757	12	6672.3643	6672.9643	6672.9643	6673.1643	6674.08
3	46	2	2	236	2	6	4	26	6	2	7	1	1.3937344	13	6674.9846	6675.5846	6675.5846	6675.7846	6676.9784
3	46	2	2	237	2	6	4	27	2	1	3	1	1.5868528	14	6677.5994	6677.7994	6677.7994	6677.9994	6679.3863
3	46	2	2	238	2	6	4	28	2	1	3	1	0.6658819	15	6679.8142	6680.0142	6680.0142	6680.2142	6680.6801
3	46	2	2	239	2	6	4	29	3	2	4	1	1.1858611	16	6682.031	6682.631	6682.631	6682.831	6683.8169
3	46	2	2	240	2	6	4	30	1	1	2	1	1.240743	17	6684.6463	6684.8463	6684.8463	6685.0463	6686.0871
3	46	2	2	241	2	2	5	1	4	2	8	1	1.0149512	1	6715.2275	6715.8275	6715.8275	6716.0275	6716.8424
3	46	2	2	242	2	2	5	2	2	1	1	1	0.56458944	2	6717.8431	6718.0431	6718.0431	6718.2431	6718.6077
3	46	2	2	243	2	2	5	3	1	2	1	1	0.41207774	3	6720.0585	6720.6585	6720.6585	6720.8585	6721.0706
3	46	2	2	244	2	2	5	4	1	2	1	1	0.40102315	4	6722.6741	6723.2742	6723.2742	6723.4742	6723.6752
3	46	2	2	245	2	2	5	5	5	1	8	1	1.0504371	5	6725.2931	6725.4931	6725.4931	6725.6931	6726.5435
3	46	2	2	246	2	2	5	6	2	2	1	1	0.52540415	6	6727.5083	6728.1083	6728.1083	6728.3083	6728.6337
3	46	2	2	247	2	2	5	7	2	2	1	1	0.31647898	7	6730.1239	6730.7239	6730.7239	6730.9239	6731.0404
3	46	2	2	248	2	2	5	8	4	2	8	1	0.59185443	8	6732.7396	6733.3396	6733.3396	6733.5396	6733.9314
3	46	2	2	249	2	2	5	9	3	2	1	1	0.6374626	9	6735.3551	6735.9551	6735.9551	6736.1551	6736.5925
3	46	2	2	250	2	2	5	10	4	1	8	1	0.75157804	10	6737.9713	6738.1713	6738.1713	6738.3713	6738.9229
3	46	2	2	251	2	2	5	11	1	1	1	1	0.52578782	11	6740.1873	6740.3873	6740.3873	6740.5873	6740.9131
3	46	2	2	252	2	2	5	12	2	1	1	1	0.55000037	12	6742.4035	6742.6035	6742.6035	6742.8035	6743.1535
3	46	2	2	253	2	2	5	13	3	1	1	1	0.62060009	13	6744.6193	6744.8193	6744.8193	6745.0193	6745.4399
3	46	2	2	254	2	2	5	14	6	2	8	1	0.51071103	14	6746.835	6747.4351	6747.4351	6747.6351	6747.9458
3	46	2	2	255	2	2	5	15	6	1	8	1	0.55820016	15	6749.4513	6749.6513	6749.6513	6749.8513	6750.2095
3	46	2	2	256	2	2	5	16	1	2	1	1	0.46845154	16	6751.6674	6752.2674	6752.2674	6752.4674	6752.7359
3	46	2	2	257	2	2	5	17	5	2	8	1	0.4692292	17	6754.2842	6754.8842	6754.8842	6755.0842	6755.3534
3	46	2	2	258	2	2	5	18	6	1	8	1	0.98319771	18	6756.8999	6757.0999	6757.0999	6757.2999	6758.0831
3	46	2	2	259	2	2	5	19	6	1	8	1	0.42070263	19	6759.1162	6759.3162	6759.3162	6759.5162	6759.7369
3	46	2	2	260	2	2	5	20	1	1	1	1	0.53889925	20	6761.333	6761.533	6761.533	6761.733	6762.0719
3	46	2	2	261	2	2	5	21	4	2	8	1	0.60577808	21	6763.549	6764.149	6764.149	6764.349	6764.7548
3	46	2	2	262	2	2	5	22	4	2	8	1	0.57355256	22	6766.165	6766.765	6766.765	6766.965	6767.3386
3	46	2	2	263	2	2	5	23	2	1	1	1	0.64998997	23	6768.7818	6768.9818	6768.9818	6769.1818	6769.6318
3	46	2	2	264	2	2	5	24	3	1	1	1	0.53152276	24	6770.9983	6771.1983	6771.1983	6771.3983	6771.7298
3	46	2	2	265	2	2	5	25	5	2	8	1	0.43989835	25	6773.2149	6773.8149	6773.8149	6774.0149	6774.2548
3	46	2	2	266	2	2	5	26	6	2	8	1	0.45036513	26	6775.8315	6776.4315	6776.4315	6776.6315	6776.8819
3	46	2	2	267	2	2	5	27	5	1	8	1	0.37490796	27	6778.4483	6778.6483	6778.6483	6778.8483	6779.0232
3	46	2	2	268	2	2	5	28	3	1	1	1	0.46622141	28	6780.6646	6780.8646	6780.8647	6781.0647	6781.3309
3	46	2	2	269	2	2	5	29	3	2	1	1	0.36912248	29	6782.8803	6783.4803	6783.4803	6783.6803	6783.8494
3	46	2	2	270	2	2	5	30	5	1	8	1	0.54554086	30	6785.4971	6785.6971	6785.6971	6785.8971	6786.2426
3	46	2	2	271	2	6	5	1	5	2	6	1	0.63713095	1	6815.7863	6816.3863	6816.3863	6816.5863	6817.0234
3	46	2	2	272	2	6	5	2	3	1	4	1	0.9799732	2	6818.4037	6818.6037	6818.6037	6818.8037	6819.5837
3	46	2	2	273	2	6	5	3	4	2	5	1	2.0007957	3	6820.6204	6821.2204	6821.2204	6821.4204	6823.2212
3	46	2	2	274	2	6	5	4	2	2	3	1	0.97531982	4	6823.2412	6823.8412	6823.8413	6824.0413	6824.8166
3	46	2	2	275	2	6	5	5	6	1	7	1	1.0376314	5	6825.8584	6826.0584	6826.0585	6826.2585	6827.0961
3	46	2	2	276	2	6	5	6	5	2	6	1	1.5666992	6	6828.0749	6828.6749	6828.6749	6828.875	6830.2416
3	46	2	2	277	2	6	5	7	6	2	7	1	0.77343479	7	6830.6933	6831.2933	6831.2933	6831.4933	6832.0667
3	46	2	2	278	2	6	5	8	3	2	4	1	1.7558895	8	6833.3102	6833.9102	6833.9102	6834.1102	6835.6661
3	46	2	2	279	2	6	5	9	6	2	7	1	0.71197164	9	6835.9273	6836.5273	6836.5273	6836.7273	6837.2392
3	46	2	2	280	2	6	5	10	5	1	6	1	1.5498781	10	6838.5476	6838.7476	6838.7476	6838.9476	6840.2974
3	46	2	2	281	2	6	5	11	5	1	6	1	0.58953169	11	6840.7647	6840.9647	6840.9647	6841.1648	6841.5543
3	46	2	2	282	2	6	5	12	1	1	2	1	1.4242366	12	6842.9843	6843.1844	6843.1844	6843.3844	6844.6086
3	46	2	2	283	2	6	5	13	2	1	3	1	1.7673641	13	6845.2025	6845.4025	6845.4025	6845.6025	6847.1699
3	46	2	2	284	2	6	5	14	2	2	3	1	0.44502272	14	6847.42	6848.0201	6848.0201	6848.2201	6848.4651
3	46	2	2	285	2	6	5	15	3	1	4	1	1.6590303	15	6850.0377	6850.2377	6850.2377	6850.4377	6851.8967
3	46	2	2	286	2	6	5	16	2	2	3	1	0.7764864	16	6852.2548	6852.8548	6852.8548	6853.0549	6853.6313
3	46	2	2	287	2	6	5	17	4	2	2	0	2.0000589	16	6854.8725	6855.4725	6855.4725	6855.6725	6857.4726
3	46	2	2	288	2	6	5	18	1	1	6	0	1.4353052	16	6857.4931	6857.6932	6857.6932	6857.8932	6859.1285
3	46	2	2	289	2	6	5	19	1	1	2	1	1.3362622	17	6859.711	6859.911	6859.911	6860.111	6861.2473
3	46	2	2	290	2	6	5	20	4	1	5	1	1.5906782	18	6861.9282	6862.1282	6862.1282	6862.3282	6863.7189
3	46	2	2	291	2	6	5	21	1	2	2	1	1.8089826	19	6864.1456	6864.7456	6864.7456	6864.9456	6866.5545
3	46	2	2	292	2	6	5	22	4	2	5	1	1.3190202	20	6866.7629	6867.3629	6867.3629	6867.5629	6868.682
3	46	2	2	293	2	6	5	23	1	1	2	1	1.1169188	21	6869.3807	6869.5808	6869.5808	6869.7808	6870.6977
3	46	2	2	294	2	6	5	24	3	1	4	1	1.3143161	22	6871.5984	6871.7984	6871.7984	6871.9984	6873.1127
3	46	2	2	295	2	6	5	25	6	2	7	1	1.1923296	23	6873.817	6874.417	6874.417	6874.617	6875.6093
3	46	2	2	296	2	6	5	26	5	2	6	1	0.97244754	24	6876.4343	6877.0343	6877.0343	6877.2343	6878.0068
3	46	2	2	297	2	6	5	27	6	1	7	1	1.0338504	25	6879.0542	6879.2542	6879.2542	6879.4542	6880.2881
3	46	2	2	298	2	6	5	28	3	1	4	1	1.2293971	26	6881.2734	6881.4734	6881.4734	6881.6734	6882.7028
3	46	2	2	299	2	6	5	29	4	2	0	0	-6884.0918	26	6883.4918	6884.0918	6884.0918	6884.2918	0
3	46	2	2	300	2	6	5	30	2	1	3	1	1.0811188	27	6886.1103	6886.3103	6886.3103	6886.5103	6887.3914
3	46	2	2	301	2	2	6	1	3	2	1	1	0.45627228	1	6916.7762	6917.3762	6917.3762	6917.5762	6917.8325
3	46	2	2	302	2	2	6	2	1	1	1	1	0.39235143	2	6919.3943	6919.5943	6919.5943	6919.7943	6919.9866
3	46	2	2	303	2	2	6	3	1	2	1	1	0.35682321	3	6921.6133	6922.2133	6922.2133	6922.4133	6922.5702
3	46	2	2	304	2	2	6	4	2	2	1	1	0.45095778	4	6924.2317	6924.8317	6924.8317	6925.0317	6925.2827
3	46	2	2	305	2	2	6	5	2	1	1	1	0.40599842	5	6926.8503	6927.0503	6927.0503	6927.2503	6927.4563
3	46	2	2	306	2	2	6	6	4	2	8	1	0.42935807	6	6929.0686	6929.6686	6929.6686	6929.8686	6930.098
3	46	2	2	307	2	2	6	7	5	2	8	1	0.29602939	7	6931.6868	6932.2868	6932.2868	6932.4868	6932.5828
3	46	2	2	308	2	2	6	8	5	2	8	1	0.47359616	8	6934.3052	6934.9052	6934.9052	6935.1052	6935.3788
3	46	2	2	309	2	2	6	9	6	2	8	1	0.31106645	9	6936.9236	6937.5236	6937.5236	6937.7236	6937.8347
3	46	2	2	310	2	2	6	10	3	1	1	1	0.4903162	10	6939.5423	6939.7423	6939.7423	6939.9423	6940.2326
3	46	2	2	311	2	2	6	11	3	1	1	1	0.37624338	11	6941.7606	6941.9606	6941.9606	6942.1606	6942.3368
3	46	2	2	312	2	2	6	12	1	1	1	1	0.39773281	12	6943.9793	6944.1793	6944.1793	6944.3793	6944.577
3	46	2	2	313	2	2	6	13	6	1	8	1	0.48039495	13	6946.1978	6946.3978	6946.3978	6946.5978	6946.8782
3	46	2	2	314	2	2	6	14	6	2	8	1	0.38908672	14	6948.4171	6949.0171	6949.0171	6949.2171	6949.4062
3	46	2	2	315	2	2	6	15	2	1	1	1	0.51154873	15	6951.0355	6951.2355	6951.2355	6951.4355	6951.7471
3	46	2	2	316	2	2	6	16	5	2	8	1	0.68999041	16	6953.2539	6953.8539	6953.8539	6954.0539	6954.5439
3	46	2	2	317	2	2	6	17	4	2	8	1	0.53653145	17	6955.8733	6956.4733	6956.4733	6956.6733	6957.0098
3	46	2	2	318	2	2	6	18	6	1	8	1	0.44216217	18	6958.4924	6958.6924	6958.6924	6958.8925	6959.1346
3	46	2	2	319	2	2	6	19	4	1	8	1	0.60186976	19	6960.711	6960.9111	6960.9111	6961.1111	6961.5129
3	46	2	2	320	2	2	6	20	4	1	8	1	0.35287755	20	6962.9297	6963.1297	6963.1297	6963.3297	6963.4825
3	46	2	2	321	2	2	6	21	4	2	8	1	0.4016687	21	6965.1497	6965.7497	6965.7497	6965.9497	6966.1514
3	46	2	2	322	2	2	6	22	1	2	1	1	0.56649727	22	6967.7691	6968.3691	6968.3691	6968.5691	6968.9356
3	46	2	2	323	2	2	6	23	3	1	1	1	0.57027513	23	6970.3886	6970.5886	6970.5886	6970.7886	6971.1588
3	46	2	2	324	2	2	6	24	3	1	1	1	0.40351205	24	6972.6078	6972.8078	6972.8078	6973.0078	6973.2113
3	46	2	2	325	2	2	6	25	2	2	1	1	0.40358897	25	6974.8282	6975.4282	6975.4282	6975.6282	6975.8318
3	46	2	2	326	2	2	6	26	5	2	8	1	0.4740664	26	6977.4467	6978.0467	6978.0467	6978.2467	6978.5208
3	46	2	2	327	2	2	6	27	6	1	8	1	1.1856084	27	6980.0656	6980.2656	6980.2656	6980.4656	6981.4512
3	46	2	2	328	2	2	6	28	1	1	1	1	0.77225867	28	6982.2848	6982.4848	6982.4848	6982.6848	6983.2571
3	46	2	2	329	2	2	6	29	5	2	8	1	0.53539952	29	6984.5039	6985.104	6985.104	6985.304	6985.6394
3	46	2	2	330	2	2	6	30	2	1	1	1	0.39037111	30	6987.1235	6987.3235	6987.3235	6987.5236	6987.7139
3	46	2	2	331	2	6	6	1	3	2	4	1	1.7556022	1	7017.7961	7018.3961	7018.3961	7018.5961	7020.1517
3	46	2	2	332	2	6	6	2	5	1	6	1	1.2244696	2	7020.4161	7020.6161	7020.6161	7020.8161	7021.8406
3	46	2	2	333	2	6	6	3	4	2	5	1	0.63783367	3	7022.6356	7023.2356	7023.2356	7023.4356	7023.8734
3	46	2	2	334	2	6	6	4	6	2	7	1	0.55419863	4	7025.2553	7025.8553	7025.8553	7026.0553	7026.4095
3	46	2	2	335	2	6	6	5	6	1	7	1	0.53436031	5	7027.8748	7028.0748	7028.0748	7028.2748	7028.6091
3	46	2	2	336	2	6	6	6	5	2	6	1	0.89948532	6	7030.0942	7030.6942	7030.6942	7030.8942	7031.5937
3	46	2	2	337	2	6	6	7	1	2	5	0	1.3817421	6	7032.7142	7033.3142	7033.3142	7033.5142	7034.6959
3	46	2	2	338	2	6	6	8	1	2	2	1	0.6190871	7	7035.3335	7035.9336	7035.9336	7036.1336	7036.5526
3	46	2	2	339	2	6	6	9	3	2	4	1	1.4717324	8	7037.9536	7038.5537	7038.5537	7038.7537	7040.0254
3	46	2	2	340	2	6	6	10	1	1	2	1	0.85021538	9	7040.5737	7040.7738	7040.7738	7040.9738	7041.624
3	46	2	2	341	2	6	6	11	6	1	7	1	0.79848235	10	7042.7938	7042.9938	7042.9938	7043.1938	7043.7923
3	46	2	2	342	2	6	6	12	3	1	4	1	1.6423693	11	7045.0138	7045.2138	7045.2138	7045.4138	7046.8562
3	46	2	2	343	2	6	6	13	3	1	4	1	0.72413753	12	7047.235	7047.435	7047.435	7047.635	7048.1592
3	46	2	2	344	2	6	6	14	2	2	3	1	0.82677444	13	7049.4548	7050.0548	7050.0548	7050.2548	7050.8816
3	46	2	2	345	2	6	6	15	2	1	3	1	0.51820669	14	7052.0746	7052.2746	7052.2746	7052.4746	7052.7928
3	46	2	2	346	2	6	6	16	3	2	4	1	0.68004459	15	7054.295	7054.895	7054.895	7055.095	7055.575
3	46	2	2	347	2	6	6	17	6	2	7	1	0.74071769	16	7056.9149	7057.5149	7057.5149	7057.7149	7058.2557
3	46	2	2	348	2	6	6	18	1	1	5	0	1.5622408	16	7059.5344	7059.7344	7059.7344	7059.9344	7061.2966
3	46	2	2	349	2	6	6	19	2	1	3	1	2.0002459	17	7061.7542	7061.9542	7061.9542	7062.1542	7063.9545
3	46	2	2	350	2	6	6	20	4	1	5	1	1.6224541	18	7063.9796	7064.1797	7064.1797	7064.3797	7065.8021
3	46	2	2	351	2	6	6	21	1	2	6	0	1.7680433	18	7066.2001	7066.8001	7066.8001	7067.0001	7068.5681
3	46	2	2	352	2	6	6	22	2	2	7	0	1.9971619	18	7068.8205	7069.4205	7069.4205	7069.6205	7071.4177
3	46	2	2	353	2	6	6	23	4	1	5	1	1.5606785	19	7071.4412	7071.6412	7071.6412	7071.8412	7073.2019
3	46	2	2	354	2	6	6	24	6	1	7	1	0.91610748	20	7073.6619	7073.8619	7073.8619	7074.0619	7074.778
3	46	2	2	355	2	6	6	25	2	2	3	1	1.9480867	21	7075.8827	7076.4827	7076.4827	7076.6827	7078.4307
3	46	2	2	356	2	6	6	26	4	2	5	1	1.7536539	22	7078.5034	7079.1034	7079.1034	7079.3035	7080.8571
3	46	2	2	357	2	6	6	27	5	1	6	1	1.1720889	23	7081.1235	7081.3235	7081.3235	7081.5235	7082.4956
3	46	2	2	358	2	6	6	28	5	1	6	1	0.55561528	24	7083.3479	7083.5479	7083.5479	7083.7479	7084.1035
3	46	2	2	359	2	6	6	29	5	2	6	1	0.55396055	25	7085.5691	7086.1691	7086.1691	7086.3691	7086.723
3	46	2	2	360	2	6	6	30	4	1	0	0	-7088.3897	25	7088.1897	7088.3897	7088.3897	7088.5897	0
3	46	2	2	361	3	2	7	1	1	2	1	1	0.35996857	1	8095.1913	8095.7913	8095.7913	8095.9913	8096.1512
3	46	2	2	362	3	2	7	2	1	1	1	1	0.49357863	2	8097.8123	8098.0123	8098.0123	8098.2124	8098.5059
3	46	2	2	363	3	2	7	3	6	2	8	1	0.52757156	3	8100.0327	8100.6327	8100.6327	8100.8327	8101.1603
3	46	2	2	364	3	2	7	4	5	2	8	1	0.29932935	4	8102.6531	8103.2531	8103.2531	8103.4531	8103.5524
3	46	2	2	365	3	2	7	5	6	1	8	1	0.39808688	5	8105.2735	8105.4735	8105.4735	8105.6735	8105.8716
3	46	2	2	366	3	2	7	6	2	2	1	1	0.49841948	6	8107.4946	8108.0947	8108.0947	8108.2947	8108.5931
3	46	2	2	367	3	2	7	7	4	2	8	1	0.36605805	7	8110.1151	8110.7151	8110.7151	8110.9151	8111.0811
3	46	2	2	368	3	2	7	8	3	2	1	1	0.42323131	8	8112.7366	8113.3366	8113.3366	8113.5366	8113.7598
3	46	2	2	369	3	2	7	9	5	2	8	1	0.40150113	9	8115.3584	8115.9584	8115.9584	8116.1584	8116.3599
3	46	2	2	370	3	2	7	10	3	1	1	1	0.9456915	10	8117.9821	8118.1821	8118.1822	8118.3822	8119.1278
3	46	2	2	371	3	2	7	11	2	1	1	1	0.48689849	11	8120.2028	8120.4028	8120.4028	8120.6029	8120.8897
3	46	2	2	372	3	2	7	12	1	1	1	1	0.40968985	12	8122.4243	8122.6243	8122.6243	8122.8243	8123.034
3	46	2	2	373	3	2	7	13	6	1	8	1	0.42783921	13	8124.6455	8124.8455	8124.8455	8125.0455	8125.2733
3	46	2	2	374	3	2	7	14	3	2	1	1	0.48003462	14	8126.8666	8127.4666	8127.4666	8127.6666	8127.9467
3	46	2	2	375	3	2	7	15	4	1	8	1	0.43295402	15	8129.4891	8129.6891	8129.6891	8129.8891	8130.122
3	46	2	2	376	3	2	7	16	6	2	8	1	0.44048509	16	8131.7111	8132.3111	8132.3111	8132.5111	8132.7516
3	46	2	2	377	3	2	7	17	3	2	1	1	0.48356318	17	8134.3334	8134.9334	8134.9334	8135.1334	8135.4169
3	46	2	2	378	3	2	7	18	5	1	8	1	0.48246819	18	8136.9549	8137.1549	8137.1549	8137.3549	8137.6374
3	46	2	2	379	3	2	7	19	5	1	8	1	1.2746777	19	8139.1765	8139.3765	8139.3765	8139.5765	8140.6512
3	46	2	2	380	3	2	7	20	6	1	8	1	0.47257816	20	8141.4005	8141.6005	8141.6005	8141.8005	8142.0731
3	46	2	2	381	3	2	7	21	2	2	1	1	0.47670027	21	8143.6216	8144.2216	8144.2216	8144.4216	8144.6983
3	46	2	2	382	3	2	7	22	4	2	8	1	0.85084804	22	8146.2436	8146.8436	8146.8436	8147.0436	8147.6945
3	46	2	2	383	3	2	7	23	2	1	1	1	0.39155254	23	8148.8655	8149.0655	8149.0655	8149.2655	8149.4571
3	46	2	2	384	3	2	7	24	1	1	1	1	0.49211071	24	8151.0871	8151.2871	8151.2871	8151.4871	8151.7792
3	46	2	2	385	3	2	7	25	4	2	8	1	0.39688439	25	8153.3089	8153.9089	8153.9089	8154.1089	8154.3058
3	46	2	2	386	3	2	7	26	1	2	1	1	0.51798656	26	8155.9313	8156.5313	8156.5313	8156.7313	8157.0493
3	46	2	2	387	3	2	7	27	3	1	1	1	0.96569768	27	8158.5564	8158.7564	8158.7564	8158.9564	8159.7221
3	46	2	2	388	3	2	7	28	4	1	8	1	0.41968246	28	8160.7789	8160.9789	8160.9789	8161.1789	8161.3986
3	46	2	2	389	3	2	7	29	2	2	1	1	0.38471307	29	8163.0011	8163.6011	8163.6011	8163.8011	8163.9858
3	46	2	2	390	3	2	7	30	5	1	8	1	0.36769273	30	8165.6234	8165.8234	8165.8234	8166.0234	8166.1911
3	46	2	2	391	3	6	7	1	5	2	6	1	0.57654092	1	8196.1209	8196.7209	8196.7209	8196.921	8197.2975
3	46	2	2	392	3	6	7	2	5	1	6	1	0.47591168	2	8198.743	8198.943	8198.943	8199.1431	8199.419
3	46	2	2	393	3	6	7	3	6	2	7	1	0.79728301	3	8200.965	8201.565	8201.565	8201.765	8202.3623
3	46	2	2	394	3	6	7	4	3	2	4	1	1.1747297	4	8203.5872	8204.1872	8204.1872	8204.3872	8205.3619
3	46	2	2	395	3	6	7	5	3	1	4	1	0.47163017	5	8206.2091	8206.4091	8206.4091	8206.6091	8206.8807
3	46	2	2	396	3	6	7	6	3	2	4	1	0.49548144	6	8208.4314	8209.0314	8209.0314	8209.2314	8209.5269
3	46	2	2	397	3	6	7	7	6	2	7	1	0.70971898	7	8211.0534	8211.6534	8211.6534	8211.8534	8212.3631
3	46	2	2	398	3	6	7	8	1	2	2	1	1.9787727	8	8213.6784	8214.2784	8214.2784	8214.4784	8216.2571
3	46	2	2	399	3	6	7	9	2	2	3	1	1.166145	9	8216.3006	8216.9007	8216.9007	8217.1007	8218.0668
3	46	2	2	400	3	6	7	10	5	1	6	1	1.0433608	10	8218.9225	8219.1225	8219.1225	8219.3225	8220.1659
3	46	2	2	401	3	6	7	11	5	1	6	1	0.53027392	11	8221.1448	8221.3448	8221.3448	8221.5448	8221.8751
3	46	2	2	402	3	6	7	12	2	1	3	1	1.2769279	12	8223.3704	8223.5704	8223.5704	8223.7704	8224.8473
3	46	2	2	403	3	6	7	13	1	1	4	0	0.5772693	12	8225.5928	8225.7928	8225.7928	8225.9928	8226.3701
3	46	2	2	404	3	6	7	14	6	2	7	1	0.71166122	13	8227.8155	8228.4155	8228.4155	8228.6155	8229.1271
3	46	2	2	405	3	6	7	15	4	1	5	1	1.2844093	14	8230.4376	8230.6376	8230.6376	8230.8376	8231.922
3	46	2	2	406	3	6	7	16	1	2	3	0	1.7907764	14	8232.6601	8233.2601	8233.2601	8233.4601	8235.0509
3	46	2	2	407	3	6	7	17	1	2	2	1	0.95649118	15	8235.2829	8235.8829	8235.8829	8236.0829	8236.8394
3	46	2	2	408	3	6	7	18	4	1	5	1	1.0126456	16	8237.9057	8238.1057	8238.1057	8238.3057	8239.1184
3	46	2	2	409	3	6	7	19	4	1	5	1	0.41431672	17	8240.1317	8240.3317	8240.3317	8240.5317	8240.746
3	46	2	2	410	3	6	7	20	3	1	4	1	1.2599977	18	8242.3565	8242.5565	8242.5565	8242.7565	8243.8165
3	46	2	2	411	3	6	7	21	2	2	3	1	0.92508566	19	8244.5795	8245.1795	8245.1795	8245.3795	8246.1046
3	46	2	2	412	3	6	7	22	5	2	6	1	1.0683649	20	8247.2023	8247.8023	8247.8023	8248.0023	8248.8707
3	46	2	2	413	3	6	7	23	1	1	2	1	1.9435027	21	8249.8251	8250.0251	8250.0251	8250.2251	8251.9686
3	46	2	2	414	3	6	7	24	6	1	7	1	0.88163794	22	8252.0478	8252.2478	8252.2478	8252.4478	8253.1295
3	46	2	2	415	3	6	7	25	4	2	5	1	1.3923753	23	8254.2706	8254.8706	8254.8706	8255.0706	8256.263
3	46	2	2	416	3	6	7	26	6	2	7	1	0.69188301	24	8256.894	8257.494	8257.494	8257.6941	8258.1859
3	46	2	2	417	3	6	7	27	3	1	4	1	1.5798648	25	8259.5182	8259.7182	8259.7182	8259.9182	8261.2981
3	46	2	2	418	3	6	7	28	2	1	3	1	0.62520501	26	8261.7418	8261.9418	8261.9418	8262.1418	8262.567
3	46	2	2	419	3	6	7	29	2	2	3	1	0.5317133	27	8263.965	8264.565	8264.565	8264.765	8265.0967
3	46	2	2	420	3	6	7	30	4	1	5	1	1.1235228	28	8266.5878	8266.7878	8266.7878	8266.9878	8267.9113
3	46	2	2	421	3	2	8	1	3	2	1	1	0.44208322	1	8297.281	8297.881	8297.881	8298.081	8298.3231
3	46	2	2	422	3	2	8	2	5	1	8	1	0.38594905	2	8299.9052	8300.1052	8300.1052	8300.3052	8300.4911
3	46	2	2	423	3	2	8	3	2	2	1	1	0.83776325	3	8302.1322	8302.7322	8302.7323	8302.9323	8303.57
3	46	2	2	424	3	2	8	4	1	2	1	1	0.9272589	4	8304.756	8305.356	8305.356	8305.556	8306.2832
3	46	2	2	425	3	2	8	5	3	1	1	1	0.44645605	5	8307.3794	8307.5794	8307.5794	8307.7794	8308.0258
3	46	2	2	426	3	2	8	6	4	2	8	1	0.31546339	6	8309.6028	8310.2028	8310.2029	8310.4029	8310.5183
3	46	2	2	427	3	2	8	7	6	2	8	1	0.70214645	7	8312.2268	8312.8268	8312.8268	8313.0268	8313.529
3	46	2	2	428	3	2	8	8	3	2	1	1	0.54871322	8	8314.8504	8315.4504	8315.4504	8315.6504	8315.9991
3	46	2	2	429	3	2	8	9	5	2	8	1	0.65304404	9	8317.4755	8318.0755	8318.0755	8318.2755	8318.7286
3	46	2	2	430	3	2	8	10	6	1	8	1	0.58308016	10	8320.0993	8320.2993	8320.2993	8320.4993	8320.8824
3	46	2	2	431	3	2	8	11	3	1	1	1	0.49360753	11	8322.3227	8322.5227	8322.5227	8322.7227	8323.0163
3	46	2	2	432	3	2	8	12	4	1	8	1	1.1078173	12	8324.5468	8324.7469	8324.7469	8324.9469	8325.8547
3	46	2	2	433	3	2	8	13	5	1	8	1	0.48651077	13	8326.7707	8326.9707	8326.9707	8327.1708	8327.4573
3	46	2	2	434	3	2	8	14	6	2	8	1	0.45238308	14	8328.9957	8329.5957	8329.5957	8329.7958	8330.0481
3	46	2	2	435	3	2	8	15	2	1	1	1	0.48720341	15	8331.6199	8331.8199	8331.8199	8332.0199	8332.3071
3	46	2	2	436	3	2	8	16	5	2	8	1	0.58864074	16	8333.8437	8334.4437	8334.4437	8334.6437	8335.0323
3	46	2	2	437	3	2	8	17	2	2	1	1	0.50717619	17	8336.4676	8337.0676	8337.0677	8337.2677	8337.5748
3	46	2	2	438	3	2	8	18	1	1	1	1	0.5472629	18	8339.0917	8339.2917	8339.2917	8339.4917	8339.8389
3	46	2	2	439	3	2	8	19	4	1	8	1	0.5785745	19	8341.317	8341.517	8341.517	8341.717	8342.0956
3	46	2	2	440	3	2	8	20	1	1	1	1	0.5961095	20	8343.5428	8343.7428	8343.7428	8343.9428	8344.3389
3	46	2	2	441	3	2	8	21	1	2	1	1	0.41689932	21	8345.7676	8346.3676	8346.3676	8346.5677	8346.7845
3	46	2	2	442	3	2	8	22	1	2	1	1	0.39379927	22	8348.392	8348.992	8348.992	8349.1921	8349.3858
3	46	2	2	443	3	2	8	23	2	1	1	1	0.43272792	23	8351.0161	8351.2161	8351.2161	8351.4161	8351.6488
3	46	2	2	444	3	2	8	24	6	1	8	1	0.62325252	24	8353.2407	8353.4407	8353.4407	8353.6407	8354.0639
3	46	2	2	445	3	2	8	25	4	2	8	1	0.43969946	25	8355.4655	8356.0655	8356.0655	8356.2655	8356.5052
3	46	2	2	446	3	2	8	26	5	2	8	1	0.45618701	26	8358.0899	8358.6899	8358.6899	8358.8899	8359.1461
3	46	2	2	447	3	2	8	27	4	1	8	1	0.4125689	27	8360.7174	8360.9174	8360.9174	8361.1174	8361.33
3	46	2	2	448	3	2	8	28	2	1	1	1	0.42674347	28	8362.9429	8363.1429	8363.1429	8363.3429	8363.5696
3	46	2	2	449	3	2	8	29	3	2	1	1	0.46533307	29	8365.1672	8365.7672	8365.7672	8365.9672	8366.2326
3	46	2	2	450	3	2	8	30	6	1	8	1	0.81705858	30	8367.7915	8367.9915	8367.9915	8368.1915	8368.8086
3	46	2	2	451	3	6	8	1	5	2	6	1	0.93261369	1	8398.4212	8399.0212	8399.0212	8399.2212	8399.9538
3	46	2	2	452	3	6	8	2	3	1	4	1	0.97247629	2	8401.0458	8401.2458	8401.2458	8401.4458	8402.2183
3	46	2	2	453	3	6	8	3	6	2	7	1	0.72330331	3	8403.271	8403.8711	8403.8711	8404.0711	8404.5944
3	46	2	2	454	3	6	8	4	6	2	7	1	0.43402973	4	8405.8958	8406.4958	8406.4958	8406.6958	8406.9299
3	46	2	2	455	3	6	8	5	6	1	7	1	0.50497354	5	8408.5207	8408.7207	8408.7207	8408.9207	8409.2257
3	46	2	2	456	3	6	8	6	5	2	6	1	1.6930733	6	8410.7496	8411.3496	8411.3496	8411.5496	8413.0426
3	46	2	2	457	3	6	8	7	5	2	6	1	0.60892023	7	8413.3765	8413.9765	8413.9765	8414.1765	8414.5854
3	46	2	2	458	3	6	8	8	1	2	2	1	1.7043872	8	8416.001	8416.601	8416.601	8416.801	8418.3054
3	46	2	2	459	3	6	8	9	2	2	3	1	0.92466166	9	8418.6262	8419.2262	8419.2262	8419.4262	8420.1509
3	46	2	2	460	3	6	8	10	4	1	5	1	0.84422626	10	8421.2513	8421.4513	8421.4513	8421.6513	8422.2955
3	46	2	2	461	3	6	8	11	5	1	6	1	1.2351638	11	8423.4757	8423.6757	8423.6757	8423.8757	8424.9109
3	46	2	2	462	3	6	8	12	1	1	2	1	0.52288641	12	8425.7001	8425.9001	8425.9001	8426.1001	8426.4229
3	46	2	2	463	3	6	8	13	3	1	4	1	0.87013391	13	8427.9249	8428.1249	8428.1249	8428.3249	8428.995
3	46	2	2	464	3	6	8	14	1	2	2	1	0.9370245	14	8430.1497	8430.7497	8430.7497	8430.9497	8431.6868
3	46	2	2	465	3	6	8	15	2	1	3	1	0.93978047	15	8432.7749	8432.9749	8432.9749	8433.1749	8433.9147
3	46	2	2	466	3	6	8	16	4	2	5	1	1.2137574	16	8435.0017	8435.6017	8435.6017	8435.8017	8436.8154
3	46	2	2	467	3	6	8	17	1	2	3	0	1.231142	16	8437.6272	8438.2272	8438.2272	8438.4272	8439.4584
3	46	2	2	468	3	6	8	18	2	1	7	0	1.9926816	16	8440.2534	8440.4534	8440.4534	8440.6534	8442.4461
3	46	2	2	469	3	6	8	19	4	1	5	1	1.6013267	17	8442.4798	8442.6798	8442.6798	8442.8798	8444.2811
3	46	2	2	470	3	6	8	20	2	1	3	1	0.91887945	18	8444.7078	8444.9078	8444.9078	8445.1078	8445.8267
3	46	2	2	471	3	6	8	21	3	2	4	1	1.554251	19	8446.9331	8447.5331	8447.5331	8447.7331	8449.0874
3	46	2	2	472	3	6	8	22	4	2	5	1	1.1467511	20	8449.558	8450.158	8450.158	8450.358	8451.3048
3	46	2	2	473	3	6	8	23	3	1	5	0	0.92972513	20	8452.1835	8452.3835	8452.3835	8452.5836	8453.3133
3	46	2	2	474	3	6	8	24	5	1	6	1	1.3942568	21	8454.4084	8454.6084	8454.6084	8454.8084	8456.0027
3	46	2	2	475	3	6	8	25	6	2	7	1	0.65220806	22	8456.6344	8457.2344	8457.2344	8457.4344	8457.8866
3	46	2	2	476	3	6	8	26	6	2	7	1	0.48537944	23	8459.2611	8459.8611	8459.8611	8460.0611	8460.3465
3	46	2	2	477	3	6	8	27	1	1	2	1	1.5614794	24	8461.8866	8462.0866	8462.0866	8462.2866	8463.6481
3	46	2	2	478	3	6	8	28	2	1	3	1	0.90234247	25	8464.1125	8464.3125	8464.3125	8464.5125	8465.2149
3	46	2	2	479	3	6	8	29	4	2	5	1	0.67838079	26	8466.3378	8466.9378	8466.9378	8467.1378	8467.6162
3	46	2	2	480	3	6	8	30	3	1	4	1	1.3793834	27	8468.9634	8469.1634	8469.1634	8469.3634	8470.5428
3	46	2	2	481	3	2	9	1	2	2	1	1	0.40564654	1	8499.5311	8500.1311	8500.1311	8500.3311	8500.5368
3	46	2	2	482	3	2	9	2	6	1	8	1	0.33825864	2	8502.1568	8502.3568	8502.3568	8502.5568	8502.6951
3	46	2	2	483	3	2	9	3	3	2	1	1	0.45673239	3	8504.3823	8504.9823	8504.9823	8505.1824	8505.4391
3	46	2	2	484	3	2	9	4	2	2	1	1	0.39059352	4	8507.0101	8507.6101	8507.6101	8507.8101	8508.0007
3	46	2	2	485	3	2	9	5	1	1	1	1	0.45117125	5	8509.6365	8509.8365	8509.8366	8510.0366	8510.2877
3	46	2	2	486	3	2	9	6	6	2	8	1	0.39530238	6	8511.8625	8512.4625	8512.4625	8512.6625	8512.8578
3	46	2	2	487	3	2	9	7	5	2	8	1	0.41696767	7	8514.4897	8515.0897	8515.0897	8515.2897	8515.5066
3	46	2	2	488	3	2	9	8	4	2	8	1	0.34263998	8	8517.1159	8517.7159	8517.7159	8517.9159	8518.0585
3	46	2	2	489	3	2	9	9	4	2	8	1	0.30497041	9	8519.744	8520.344	8520.344	8520.544	8520.649
3	46	2	2	490	3	2	9	10	2	1	1	1	0.51742909	10	8522.3706	8522.5706	8522.5706	8522.7706	8523.0881
3	46	2	2	491	3	2	9	11	2	1	1	1	0.38199176	11	8524.5972	8524.7972	8524.7972	8524.9972	8525.1792
3	46	2	2	492	3	2	9	12	4	1	8	1	0.72316717	12	8526.8237	8527.0237	8527.0237	8527.2237	8527.7469
3	46	2	2	493	3	2	9	13	1	1	1	1	0.75702616	13	8529.0528	8529.2528	8529.2528	8529.4528	8530.0099
3	46	2	2	494	3	2	9	14	4	2	8	1	0.55242196	14	8531.2792	8531.8792	8531.8792	8532.0792	8532.4316
3	46	2	2	495	3	2	9	15	5	1	8	1	0.59819612	15	8533.9055	8534.1055	8534.1055	8534.3055	8534.7037
3	46	2	2	496	3	2	9	16	4	2	8	1	0.41125575	16	8536.1318	8536.7318	8536.7318	8536.9318	8537.1431
3	46	2	2	497	3	2	9	17	1	2	1	1	0.55393089	17	8538.7579	8539.3579	8539.3579	8539.5579	8539.9118
3	46	2	2	498	3	2	9	18	6	1	8	1	0.47138593	18	8541.3844	8541.5844	8541.5844	8541.7844	8542.0558
3	46	2	2	499	3	2	9	19	6	1	8	1	0.38926564	19	8543.6131	8543.8131	8543.8131	8544.0131	8544.2024
3	46	2	2	500	3	2	9	20	5	1	8	1	0.35906789	20	8545.8398	8546.0398	8546.0398	8546.2398	8546.3989
3	46	2	2	501	3	2	9	21	3	2	1	1	0.62512147	21	8548.0663	8548.6663	8548.6663	8548.8663	8549.2914
3	46	2	2	502	3	2	9	22	3	2	1	1	0.52641315	22	8550.6927	8551.2927	8551.2927	8551.4927	8551.8191
3	46	2	2	503	3	2	9	23	3	1	1	1	0.46451123	23	8553.3192	8553.5192	8553.5192	8553.7192	8553.9838
3	46	2	2	504	3	2	9	24	5	1	8	1	0.59124576	24	8555.5459	8555.7459	8555.7459	8555.9459	8556.3371
3	46	2	2	505	3	2	9	25	5	2	8	1	0.45005982	25	8557.7729	8558.3729	8558.3729	8558.5729	8558.823
3	46	2	2	506	3	2	9	26	6	2	8	1	0.43120559	26	8560.3993	8560.9993	8560.9993	8561.1993	8561.4305
3	46	2	2	507	3	2	9	27	3	1	1	1	0.47693203	27	8563.0276	8563.2276	8563.2276	8563.4276	8563.7045
3	46	2	2	508	3	2	9	28	1	1	1	1	0.45752566	28	8565.2546	8565.4546	8565.4546	8565.6547	8565.9122
3	46	2	2	509	3	2	9	29	2	2	1	1	0.58144701	29	8567.4819	8568.082	8568.082	8568.282	8568.6634
3	46	2	2	510	3	2	9	30	1	1	1	1	0.41242369	30	8570.109	8570.309	8570.309	8570.509	8570.7214
3	46	2	2	511	3	6	9	1	3	2	4	1	1.5584299	1	8600.4609	8601.0609	8601.0609	8601.2609	8602.6193
3	46	2	2	512	3	6	9	2	6	1	7	1	0.82620478	2	8603.0877	8603.2877	8603.2877	8603.4877	8604.1139
3	46	2	2	513	3	6	9	3	3	2	4	1	0.90958694	3	8605.3146	8605.9146	8605.9146	8606.1146	8606.8242
3	46	2	2	514	3	6	9	4	6	2	7	1	0.61828266	4	8607.942	8608.542	8608.542	8608.742	8609.1603
3	46	2	2	515	3	6	9	5	1	1	2	1	1.4872513	5	8610.5695	8610.7695	8610.7695	8610.9695	8612.2567
3	46	2	2	516	3	6	9	6	6	2	7	1	0.67012375	6	8612.7965	8613.3965	8613.3965	8613.5965	8614.0666
3	46	2	2	517	3	6	9	7	2	2	3	1	0.9039683	7	8615.4237	8616.0237	8616.0237	8616.2237	8616.9277
3	46	2	2	518	3	6	9	8	2	2	3	1	0.53208759	8	8618.0514	8618.6514	8618.6514	8618.8514	8619.1835
3	46	2	2	519	3	6	9	9	2	2	3	1	0.57475131	9	8620.681	8621.281	8621.281	8621.481	8621.8558
3	46	2	2	520	3	6	9	10	6	1	7	1	0.85328554	10	8623.3085	8623.5085	8623.5085	8623.7085	8624.3617
3	46	2	2	521	3	6	9	11	5	1	6	1	1.4700498	11	8625.5389	8625.7389	8625.7389	8625.9389	8627.209
3	46	2	2	522	3	6	9	12	1	1	5	0	1.2112955	11	8627.7661	8627.9661	8627.9661	8628.1661	8629.1774
3	46	2	2	523	3	6	9	13	3	1	3	0	1.6262238	11	8629.9921	8630.1921	8630.1921	8630.3921	8631.8183
3	46	2	2	524	3	6	9	14	4	2	5	1	1.7545808	12	8632.2196	8632.8196	8632.8196	8633.0196	8634.5742
3	46	2	2	525	3	6	9	15	3	1	4	1	1.4746566	13	8634.8467	8635.0468	8635.0468	8635.2468	8636.5214
3	46	2	2	526	3	6	9	16	4	2	5	1	0.46364884	14	8637.0741	8637.6741	8637.6741	8637.8741	8638.1378
3	46	2	2	527	3	6	9	17	5	2	6	1	1.6158825	15	8639.7049	8640.3049	8640.3049	8640.5049	8641.9208
3	46	2	2	528	3	6	9	18	6	1	7	1	1.1708515	16	8642.3325	8642.5325	8642.5325	8642.7325	8643.7033
3	46	2	2	529	3	6	9	19	3	1	6	0	1.5994926	16	8644.5607	8644.7607	8644.7607	8644.9607	8646.3602
3	46	2	2	530	3	6	9	20	1	1	2	1	1.2303231	17	8646.7937	8646.9937	8646.9937	8647.1937	8648.224
3	46	2	2	531	3	6	9	21	1	2	2	1	0.59196273	18	8649.025	8649.625	8649.625	8649.825	8650.217
3	46	2	2	532	3	6	9	22	2	2	7	0	1.1595762	18	8651.656	8652.256	8652.256	8652.456	8653.4155
3	46	2	2	533	3	6	9	23	4	1	5	1	1.1228931	19	8654.2839	8654.4839	8654.484	8654.684	8655.6068
3	46	2	2	534	3	6	9	24	5	1	5	0	1.9968402	19	8656.5118	8656.7118	8656.7118	8656.9118	8658.7086
3	46	2	2	535	3	6	9	25	5	2	6	1	0.63600353	20	8658.7415	8659.3415	8659.3415	8659.5415	8659.9775
3	46	2	2	536	3	6	9	26	5	2	6	1	0.56180838	21	8661.3694	8661.9694	8661.9694	8662.1694	8662.5312
3	46	2	2	537	3	6	9	27	4	1	5	1	1.5564557	22	8663.9975	8664.1975	8664.1975	8664.3975	8665.754
3	46	2	2	538	3	6	9	28	2	1	4	0	1.6241143	22	8666.226	8666.426	8666.426	8666.626	8668.0501
3	46	2	2	539	3	6	9	29	4	2	5	1	1.7606551	23	8668.454	8669.054	8669.054	8669.254	8670.8146
3	46	2	2	540	3	6	9	30	1	1	3	0	1.7678087	23	8671.0825	8671.2825	8671.2825	8671.4825	8673.0503
3	46	2	2	541	4	2	10	1	3	2	1	1	0.46956298	1	9252.2696	9252.8696	9252.8696	9253.0696	9253.3392
3	46	2	2	542	4	2	10	2	4	1	8	1	0.35921871	2	9254.8978	9255.0978	9255.0978	9255.2978	9255.457
3	46	2	2	543	4	2	10	3	3	2	1	1	0.33021063	3	9257.1275	9257.7276	9257.7276	9257.9276	9258.0578
3	46	2	2	544	4	2	10	4	2	2	1	1	0.39040624	4	9259.7566	9260.3566	9260.3566	9260.5566	9260.747
3	46	2	2	545	4	2	10	5	6	1	8	1	0.41398996	5	9262.387	9262.587	9262.587	9262.787	9263.001
3	46	2	2	546	4	2	10	6	5	2	8	1	0.78342689	6	9264.6151	9265.2151	9265.2151	9265.4151	9265.9985
3	46	2	2	547	4	2	10	7	4	2	8	1	0.30972768	7	9267.2439	9267.8439	9267.8439	9268.0439	9268.1537
3	46	2	2	548	4	2	10	8	1	2	1	1	0.46536085	8	9269.8726	9270.4726	9270.4726	9270.6726	9270.9379
3	46	2	2	549	4	2	10	9	5	2	8	1	0.32225951	9	9272.5014	9273.1014	9273.1014	9273.3014	9273.4237
3	46	2	2	550	4	2	10	10	1	1	1	1	0.4777217	10	9275.1306	9275.3306	9275.3306	9275.5306	9275.8083
3	46	2	2	551	4	2	10	11	2	1	1	1	0.35465713	11	9277.3591	9277.5591	9277.5591	9277.7591	9277.9137
3	46	2	2	552	4	2	10	12	4	1	8	1	0.44739795	12	9279.5878	9279.7878	9279.7878	9279.9878	9280.2352
3	46	2	2	553	4	2	10	13	1	1	8	1	0.50513792	13	9281.8162	9282.0162	9282.0162	9282.2162	9282.5213
3	46	2	2	554	4	2	10	14	2	2	1	1	0.78056109	14	9284.0449	9284.6449	9284.6449	9284.8449	9285.4255
3	46	2	2	555	4	2	10	15	6	1	8	1	0.45794921	15	9286.6785	9286.8785	9286.8785	9287.0785	9287.3365
3	46	2	2	556	4	2	10	16	6	2	8	1	0.57999279	16	9288.9093	9289.5093	9289.5093	9289.7093	9290.0893
3	46	2	2	557	4	2	10	17	1	2	1	1	0.4951127	17	9291.5382	9292.1382	9292.1382	9292.3383	9292.6334
3	46	2	2	558	4	2	10	18	1	1	1	1	0.96510075	18	9294.1678	9294.3678	9294.3678	9294.5678	9295.3329
3	46	2	2	559	4	2	10	19	4	1	8	1	1.1819606	19	9296.3968	9296.5968	9296.5968	9296.7968	9297.7787
3	46	2	2	560	4	2	10	20	6	1	8	1	0.39236476	20	9298.6255	9298.8255	9298.8255	9299.0255	9299.2178
3	46	2	2	561	4	2	10	21	2	2	1	1	0.54678471	21	9300.8543	9301.4543	9301.4543	9301.6543	9302.0011
3	46	2	2	562	4	2	10	22	5	2	8	1	0.49084706	22	9303.4835	9304.0835	9304.0835	9304.2835	9304.5744
3	46	2	2	563	4	2	10	23	3	1	1	1	0.51090682	23	9306.113	9306.313	9306.313	9306.513	9306.8239
3	46	2	2	564	4	2	10	24	4	1	8	1	0.61835746	24	9308.342	9308.542	9308.542	9308.742	9309.1603
3	46	2	2	565	4	2	10	25	3	2	1	1	0.63010263	25	9310.5715	9311.1715	9311.1715	9311.3715	9311.8016
3	46	2	2	566	4	2	10	26	3	2	1	1	1.0708718	26	9313.2015	9313.8015	9313.8015	9314.0015	9314.8723
3	46	2	2	567	4	2	10	27	2	1	1	1	0.4268864	27	9315.8305	9316.0305	9316.0305	9316.2305	9316.4574
3	46	2	2	568	4	2	10	28	6	1	8	1	0.38159841	28	9318.0597	9318.2597	9318.2598	9318.4598	9318.6413
3	46	2	2	569	4	2	10	29	5	2	8	1	0.37468123	29	9320.2893	9320.8893	9320.8893	9321.0893	9321.264
3	46	2	2	570	4	2	10	30	5	1	8	1	0.37925588	30	9322.9186	9323.1186	9323.1186	9323.3186	9323.4978
3	46	2	2	571	4	6	10	1	2	2	3	1	0.91389938	1	9353.2093	9353.8093	9353.8094	9354.0094	9354.7233
3	46	2	2	572	4	6	10	2	5	1	6	1	1.0170183	2	9355.839	9356.039	9356.039	9356.239	9357.056
3	46	2	2	573	4	6	10	3	6	2	7	1	0.75589688	3	9358.0686	9358.6686	9358.6687	9358.8687	9359.4245
3	46	2	2	574	4	6	10	4	4	2	5	1	0.95869676	4	9360.6982	9361.2982	9361.2982	9361.4982	9362.2569
3	46	2	2	575	4	6	10	5	5	1	6	1	1.3780703	5	9363.3279	9363.5279	9363.5279	9363.7279	9364.906
3	46	2	2	576	4	6	10	6	4	2	5	1	0.7534466	6	9365.5576	9366.1576	9366.1576	9366.3576	9366.911
3	46	2	2	577	4	6	10	7	5	2	6	1	0.72689892	7	9368.1876	9368.7876	9368.7876	9368.9876	9369.5145
3	46	2	2	578	4	6	10	8	6	2	7	1	0.59746981	8	9370.8177	9371.4177	9371.4177	9371.6177	9372.0152
3	46	2	2	579	4	6	10	9	3	2	4	1	1.2240889	9	9373.448	9374.048	9374.048	9374.248	9375.2721
3	46	2	2	580	4	6	10	10	1	1	2	1	1.2087706	10	9376.0807	9376.2807	9376.2807	9376.4807	9377.4895
3	46	2	2	581	4	6	10	11	2	1	3	1	0.79104299	11	9378.3138	9378.5139	9378.5139	9378.7139	9379.3049
3	46	2	2	582	4	6	10	12	6	1	7	1	1.3943928	12	9380.5441	9380.7441	9380.7441	9380.9441	9382.1385
3	46	2	2	583	4	6	10	13	2	1	3	1	1.1801138	13	9382.7748	9382.9748	9382.9748	9383.1748	9384.1549
3	46	2	2	584	4	6	10	14	4	2	5	1	1.265219	14	9385.0057	9385.6057	9385.6057	9385.8057	9386.8709
3	46	2	2	585	4	6	10	15	3	1	4	1	1.3924998	15	9387.639	9387.839	9387.839	9388.039	9389.2315
3	46	2	2	586	4	6	10	16	3	2	4	1	0.43402681	16	9389.8687	9390.4687	9390.4687	9390.6687	9390.9028
3	46	2	2	587	4	6	10	17	1	2	2	1	1.4596104	17	9392.4991	9393.0991	9393.0991	9393.2991	9394.5587
3	46	2	2	588	4	6	10	18	2	1	3	1	1.655802	18	9395.1295	9395.3295	9395.3295	9395.5295	9396.9853
3	46	2	2	589	4	6	10	19	4	1	5	1	1.4957097	19	9397.3593	9397.5593	9397.5593	9397.7593	9399.055
3	46	2	2	590	4	6	10	20	4	1	5	1	0.388861	20	9399.5903	9399.7903	9399.7903	9399.9903	9400.1792
3	46	2	2	591	4	6	10	21	1	2	2	1	1.6453156	21	9401.8205	9402.4205	9402.4205	9402.6205	9404.0658
3	46	2	2	592	4	6	10	22	3	2	4	1	1.0365454	22	9404.4506	9405.0506	9405.0506	9405.2506	9406.0871
3	46	2	2	593	4	6	10	23	1	1	2	1	0.96223093	23	9407.0806	9407.2806	9407.2806	9407.4806	9408.2428
3	46	2	2	594	4	6	10	24	6	1	7	1	0.73190248	24	9409.3109	9409.5109	9409.5109	9409.7109	9410.2428
3	46	2	2	595	4	6	10	25	2	2	3	1	0.85583664	25	9411.5437	9412.1437	9412.1437	9412.3437	9412.9995
3	46	2	2	596	4	6	10	26	5	2	6	1	1.9552987	26	9414.1737	9414.7737	9414.7738	9414.9738	9416.729
3	46	2	2	597	4	6	10	27	1	1	2	1	1.6915145	27	9416.8077	9417.0077	9417.0077	9417.2077	9418.6992
3	46	2	2	598	4	6	10	28	5	1	6	1	0.60703662	28	9419.0425	9419.2425	9419.2425	9419.4425	9419.8495
3	46	2	2	599	4	6	10	29	3	2	4	1	1.7356694	29	9421.2726	9421.8726	9421.8726	9422.0726	9423.6083
3	46	2	2	600	4	6	10	30	6	1	7	1	0.90661525	30	9423.9041	9424.1041	9424.1041	9424.3041	9425.0107
3	46	2	2	601	4	2	11	1	1	2	1	1	0.64338803	1	9454.7001	9455.3001	9455.3001	9455.5002	9455.9435
3	46	2	2	602	4	2	11	2	1	1	1	1	0.41429994	2	9457.3313	9457.5313	9457.5313	9457.7313	9457.9456
3	46	2	2	603	4	2	11	3	3	2	1	1	0.34292605	3	9459.5622	9460.1623	9460.1623	9460.3623	9460.5052
3	46	2	2	604	4	2	11	4	5	2	8	1	0.49753238	4	9462.193	9462.793	9462.793	9462.993	9463.2905
3	46	2	2	605	4	2	11	5	2	1	1	1	0.53706216	5	9464.8241	9465.0241	9465.0241	9465.2241	9465.5612
3	46	2	2	606	4	2	11	6	1	2	1	1	0.51151128	6	9467.0551	9467.6551	9467.6551	9467.8551	9468.1666
3	46	2	2	607	4	2	11	7	6	2	8	1	0.38445883	7	9469.6868	9470.2868	9470.2868	9470.4868	9470.6713
3	46	2	2	608	4	2	11	8	4	2	8	1	0.37474755	8	9472.3202	9472.9202	9472.9202	9473.1202	9473.295
3	46	2	2	609	4	2	11	9	3	2	1	1	0.4903741	9	9474.9518	9475.5519	9475.5519	9475.7519	9476.0422
3	46	2	2	610	4	2	11	10	3	1	1	1	0.40851205	10	9477.5828	9477.7828	9477.7828	9477.9828	9478.1913
3	46	2	2	611	4	2	11	11	3	1	8	1	1.1395594	11	9479.8205	9480.0205	9480.0205	9480.2205	9481.16
3	46	2	2	612	4	2	11	12	2	1	1	1	0.55594572	12	9482.0513	9482.2513	9482.2513	9482.4513	9482.8073
3	46	2	2	613	4	2	11	13	2	1	1	1	0.38136527	13	9484.2844	9484.4844	9484.4844	9484.6844	9484.8658
3	46	2	2	614	4	2	11	14	1	2	1	1	0.33700306	14	9486.5189	9487.1189	9487.1189	9487.3189	9487.4559
3	46	2	2	615	4	2	11	15	2	1	1	1	0.33472098	15	9489.1532	9489.3532	9489.3532	9489.5532	9489.6879
3	46	2	2	616	4	2	11	16	5	2	8	1	0.44239949	16	9491.3885	9491.9885	9491.9885	9492.1885	9492.4309
3	46	2	2	617	4	2	11	17	5	2	8	1	0.3950816	17	9494.0204	9494.6205	9494.6205	9494.8206	9495.0155
3	46	2	2	618	4	2	11	18	1	1	1	1	0.43698937	18	9496.6524	9496.8524	9496.8524	9497.0524	9497.2894
3	46	2	2	619	4	2	11	19	4	1	8	1	0.90678664	19	9498.8871	9499.0871	9499.0871	9499.2871	9499.9939
3	46	2	2	620	4	2	11	20	2	1	1	1	0.48006486	20	9501.1218	9501.3218	9501.3219	9501.5219	9501.8019
3	46	2	2	621	4	2	11	21	6	2	8	1	0.75396394	21	9503.3533	9503.9533	9503.9533	9504.1533	9504.7073
3	46	2	2	622	4	2	11	22	4	2	8	1	0.41624375	22	9505.9854	9506.5854	9506.5854	9506.7854	9507.0016
3	46	2	2	623	4	2	11	23	4	1	8	1	0.43753348	23	9508.6191	9508.8191	9508.8192	9509.0192	9509.2567
3	46	2	2	624	4	2	11	24	5	1	8	1	0.48536875	24	9510.8521	9511.0521	9511.0521	9511.2521	9511.5375
3	46	2	2	625	4	2	11	25	6	2	8	1	0.40486124	25	9513.0843	9513.6843	9513.6843	9513.8843	9514.0892
3	46	2	2	626	4	2	11	26	3	2	1	1	0.4698082	26	9515.7162	9516.3162	9516.3162	9516.5162	9516.786
3	46	2	2	627	4	2	11	27	6	1	8	1	0.51719233	27	9518.3485	9518.5485	9518.5485	9518.7485	9519.0657
3	46	2	2	628	4	2	11	28	5	1	8	1	0.33972522	28	9520.587	9520.787	9520.787	9520.987	9521.1267
3	46	2	2	629	4	2	11	29	6	2	8	1	0.49358633	29	9522.8191	9523.4191	9523.4191	9523.6191	9523.9127
3	46	2	2	630	4	2	11	30	4	1	8	1	0.68977889	30	9525.4537	9525.6537	9525.6537	9525.8537	9526.3435
3	46	2	2	631	4	6	11	1	3	2	4	1	0.92827957	1	9556.1511	9556.7511	9556.7511	9556.9511	9557.6794
3	46	2	2	632	4	6	11	2	1	1	5	0	1.426862	1	9558.7832	9558.9832	9558.9832	9559.1832	9560.4101
3	46	2	2	633	4	6	11	3	2	2	3	1	1.346455	2	9561.0152	9561.6152	9561.6152	9561.8152	9562.9616
3	46	2	2	634	4	6	11	4	4	2	5	1	0.85163546	3	9563.6475	9564.2475	9564.2475	9564.4475	9565.0991
3	46	2	2	635	4	6	11	5	3	1	4	1	1.6560015	4	9566.2805	9566.4805	9566.4805	9566.6806	9568.1365
3	46	2	2	636	4	6	11	6	5	2	6	1	1.0940053	5	9568.5135	9569.1135	9569.1135	9569.3135	9570.2076
3	46	2	2	637	4	6	11	7	1	2	2	1	1.0962221	6	9571.1462	9571.7462	9571.7462	9571.9462	9572.8424
3	46	2	2	638	4	6	11	8	2	2	4	0	1.1324663	6	9573.7785	9574.3785	9574.3785	9574.5785	9575.5109
3	46	2	2	639	4	6	11	9	6	2	7	1	0.86405493	7	9576.4111	9577.0111	9577.0111	9577.2111	9577.8751
3	46	2	2	640	4	6	11	10	6	1	7	1	0.43638244	8	9579.0435	9579.2435	9579.2435	9579.4435	9579.6799
3	46	2	2	641	4	6	11	11	6	1	7	1	0.43744065	9	9581.2758	9581.4758	9581.4758	9581.6758	9581.9133
3	46	2	2	642	4	6	11	12	3	1	4	1	1.2529736	10	9583.5079	9583.7079	9583.7079	9583.9079	9584.9609
3	46	2	2	643	4	6	11	13	4	1	5	1	1.2578272	11	9585.741	9585.941	9585.941	9586.141	9587.1988
3	46	2	2	644	4	6	11	14	5	2	6	1	1.0985147	12	9587.9737	9588.5737	9588.5737	9588.7737	9589.6722
3	46	2	2	645	4	6	11	15	4	1	5	1	0.73548715	13	9590.6076	9590.8076	9590.8076	9591.0076	9591.5431
3	46	2	2	646	4	6	11	16	5	2	6	1	1.1761005	14	9592.8415	9593.4415	9593.4415	9593.6415	9594.6176
3	46	2	2	647	4	6	11	17	2	2	3	1	0.89276926	15	9595.4743	9596.0743	9596.0743	9596.2743	9596.9671
3	46	2	2	648	4	6	11	18	6	1	7	1	1.1802084	16	9598.1076	9598.3076	9598.3076	9598.5076	9599.4878
3	46	2	2	649	4	6	11	19	3	1	4	1	1.8917926	17	9600.3408	9600.5408	9600.5408	9600.7408	9602.4326
3	46	2	2	650	4	6	11	20	1	1	2	1	1.5138731	18	9602.5733	9602.7734	9602.7734	9602.9734	9604.2872
3	46	2	2	651	4	6	11	21	3	2	4	1	0.81744265	19	9604.8068	9605.4068	9605.4068	9605.6068	9606.2242
3	46	2	2	652	4	6	11	22	5	2	6	1	0.76124236	20	9607.4393	9608.0394	9608.0394	9608.2394	9608.8006
3	46	2	2	653	4	6	11	23	5	1	6	1	0.51441516	21	9610.0711	9610.2711	9610.2711	9610.4711	9610.7855
3	46	2	2	654	4	6	11	24	1	1	2	1	1.4911213	22	9612.3038	9612.5038	9612.5038	9612.7038	9613.995
3	46	2	2	655	4	6	11	25	2	2	3	1	1.6295405	23	9614.5398	9615.1398	9615.1398	9615.3398	9616.7693
3	46	2	2	656	4	6	11	26	4	2	5	1	1.5551617	24	9617.1729	9617.7729	9617.7729	9617.9729	9619.3281
3	46	2	2	657	4	6	11	27	4	1	5	1	0.51991034	25	9619.809	9620.009	9620.009	9620.209	9620.5289
3	46	2	2	658	4	6	11	28	6	1	7	1	0.61188997	26	9622.0458	9622.2458	9622.2458	9622.4458	9622.8577
3	46	2	2	659	4	6	11	29	1	2	2	1	1.4069208	27	9624.2825	9624.8825	9624.8825	9625.0825	9626.2894
3	46	2	2	660	4	6	11	30	2	1	3	1	1.2066445	28	9626.9165	9627.1165	9627.1165	9627.3165	9628.3232
3	46	2	2	661	4	2	12	1	1	2	1	1	0.40046347	1	9657.1909	9657.791	9657.791	9657.991	9658.1914
3	46	2	2	662	4	2	12	2	1	1	1	1	0.34501383	2	9659.8251	9660.0251	9660.0251	9660.2251	9660.3702
3	46	2	2	663	4	2	12	3	4	2	8	1	0.59957892	3	9662.0587	9662.6587	9662.6587	9662.8587	9663.2583
3	46	2	2	664	4	2	12	4	5	2	8	1	0.37200835	4	9664.6923	9665.2923	9665.2923	9665.4923	9665.6643
3	46	2	2	665	4	2	12	5	5	1	8	1	0.46484326	5	9667.3265	9667.5265	9667.5265	9667.7265	9667.9913
3	46	2	2	666	4	2	12	6	4	2	8	1	0.45440271	6	9669.5607	9670.1607	9670.1607	9670.3607	9670.6151
3	46	2	2	667	4	2	12	7	2	2	1	1	0.58106114	7	9672.1946	9672.7946	9672.7946	9672.9946	9673.3756
3	46	2	2	668	4	2	12	8	6	2	8	1	0.64430163	8	9674.8282	9675.4282	9675.4283	9675.6283	9676.0726
3	46	2	2	669	4	2	12	9	6	2	8	1	0.31393203	9	9677.4621	9678.0622	9678.0622	9678.2622	9678.3761
3	46	2	2	670	4	2	12	10	2	1	1	1	0.44530315	10	9680.099	9680.299	9680.299	9680.499	9680.7443
3	46	2	2	671	4	2	12	11	6	1	8	1	0.84665906	11	9682.3372	9682.5372	9682.5372	9682.7372	9683.3839
3	46	2	2	672	4	2	12	12	2	1	1	1	0.63758681	12	9684.5706	9684.7706	9684.7706	9684.9706	9685.4082
3	46	2	2	673	4	2	12	13	6	1	8	1	0.75494311	13	9686.8051	9687.0051	9687.0051	9687.2051	9687.76
3	46	2	2	674	4	2	12	14	5	2	8	1	0.5302522	14	9689.0394	9689.6394	9689.6394	9689.8394	9690.1697
3	46	2	2	675	4	2	12	15	3	1	1	1	0.8708712	15	9691.6731	9691.8731	9691.8731	9692.0731	9692.744
3	46	2	2	676	4	2	12	16	5	2	8	1	0.43473888	16	9693.9092	9694.5092	9694.5092	9694.7092	9694.944
3	46	2	2	677	4	2	12	17	4	2	8	1	0.34022794	17	9696.5432	9697.1432	9697.1432	9697.3432	9697.4834
3	46	2	2	678	4	2	12	18	3	1	1	1	0.51650276	18	9699.1811	9699.3811	9699.3811	9699.5811	9699.8976
3	46	2	2	679	4	2	12	19	2	1	1	1	0.35569111	19	9701.4153	9701.6153	9701.6153	9701.8153	9701.971
3	46	2	2	680	4	2	12	20	3	1	1	1	0.39198907	20	9703.6501	9703.8501	9703.8502	9704.0502	9704.2421
3	46	2	2	681	4	2	12	21	3	2	1	1	0.34093327	21	9705.8844	9706.4844	9706.4844	9706.6844	9706.8253
3	46	2	2	682	4	2	12	22	1	2	1	1	0.34476007	22	9708.5199	9709.1199	9709.1199	9709.3199	9709.4646
3	46	2	2	683	4	2	12	23	4	1	8	1	0.60864644	23	9711.1545	9711.3546	9711.3546	9711.5546	9711.9632
3	46	2	2	684	4	2	12	24	4	1	8	1	0.50869025	24	9713.3894	9713.5894	9713.5894	9713.7894	9714.0981
3	46	2	2	685	4	2	12	25	2	2	1	1	0.48256246	25	9715.6243	9716.2243	9716.2243	9716.4243	9716.7069
3	46	2	2	686	4	2	12	26	6	2	8	1	0.44220472	26	9718.2627	9718.8627	9718.8627	9719.0627	9719.3049
3	46	2	2	687	4	2	12	27	5	1	8	1	0.44133584	27	9720.8971	9721.0972	9721.0972	9721.2972	9721.5385
3	46	2	2	688	4	2	12	28	1	1	1	1	0.47903054	28	9723.1361	9723.3362	9723.3362	9723.5362	9723.8152
3	46	2	2	689	4	2	12	29	1	2	1	1	0.41993735	29	9725.3716	9725.9716	9725.9716	9726.1716	9726.3915
3	46	2	2	690	4	2	12	30	3	1	1	1	0.41045022	30	9728.0063	9728.2063	9728.2063	9728.4063	9728.6167
3	46	2	2	691	4	6	12	1	1	2	5	0	1.9092922	0	9758.6819	9759.2819	9759.2819	9759.482	9761.1912
3	46	2	2	692	4	6	12	2	4	1	5	1	0.76654968	1	9761.3202	9761.5202	9761.5202	9761.7202	9762.2868
3	46	2	2	693	4	6	12	3	6	2	7	1	0.8211009	2	9763.5569	9764.1569	9764.1569	9764.3569	9764.978
3	46	2	2	694	4	6	12	4	2	2	3	1	0.90173746	3	9766.1958	9766.7958	9766.7958	9766.9958	9767.6976
3	46	2	2	695	4	6	12	5	2	1	3	1	0.44879281	4	9768.8311	9769.0311	9769.0311	9769.2311	9769.4799
3	46	2	2	696	4	6	12	6	1	2	2	1	1.317218	5	9771.0658	9771.6658	9771.6658	9771.8658	9772.983
3	46	2	2	697	4	6	12	7	4	2	5	1	1.0120349	6	9773.7003	9774.3003	9774.3003	9774.5003	9775.3123
3	46	2	2	698	4	6	12	8	1	2	4	0	1.3220501	6	9776.3348	9776.9348	9776.9348	9777.1348	9778.2569
3	46	2	2	699	4	6	12	9	4	2	5	1	1.9749075	7	9778.9698	9779.5698	9779.5698	9779.7698	9781.5447
3	46	2	2	700	4	6	12	10	5	1	6	1	0.71942489	8	9781.6077	9781.8078	9781.8078	9782.0078	9782.5272
3	46	2	2	701	4	6	12	11	3	1	4	1	1.2196719	9	9784.0439	9784.2439	9784.2439	9784.4439	9785.4636
3	46	2	2	702	4	6	12	12	6	1	7	1	0.9374668	10	9786.2785	9786.4785	9786.4785	9786.6785	9787.416
3	46	2	2	703	4	6	12	13	3	1	5	0	0.86450592	10	9788.5136	9788.7136	9788.7136	9788.9136	9789.5781
3	46	2	2	704	4	6	12	14	6	2	7	1	1.2021309	11	9790.7518	9791.3518	9791.3518	9791.5518	9792.554
3	46	2	2	705	4	6	12	15	5	1	6	1	1.1392574	12	9793.3908	9793.5908	9793.5908	9793.7908	9794.73
3	46	2	2	706	4	6	12	16	2	2	3	1	1.0456457	13	9795.6258	9796.2258	9796.2258	9796.4259	9797.2715
3	46	2	2	707	4	6	12	17	2	2	3	1	0.54880569	14	9798.2609	9798.8609	9798.8609	9799.0609	9799.4097
3	46	2	2	708	4	6	12	18	5	1	6	1	1.608688	15	9800.8957	9801.0957	9801.0957	9801.2957	9802.7044
3	46	2	2	709	4	6	12	19	6	1	7	1	1.6695864	16	9803.1309	9803.3309	9803.3309	9803.5309	9805.0005
3	46	2	2	710	4	6	12	20	5	1	6	1	1.3452368	17	9805.3667	9805.5667	9805.5667	9805.7667	9806.912
3	46	2	2	711	4	6	12	21	4	2	5	1	1.2951517	18	9807.6025	9808.2025	9808.2025	9808.4025	9809.4977
3	46	2	2	712	4	6	12	22	1	2	2	1	1.2968313	19	9810.2387	9810.8388	9810.8388	9811.0388	9812.1356
3	46	2	2	713	4	6	12	23	4	1	5	1	1.7820078	20	9812.8741	9813.0741	9813.0741	9813.2741	9814.8561
3	46	2	2	714	4	6	12	24	6	1	7	1	0.89753804	21	9815.1098	9815.3098	9815.3098	9815.5098	9816.2073
3	46	2	2	715	4	6	12	25	3	2	6	0	0.95251521	21	9817.3452	9817.9452	9817.9452	9818.1452	9818.8977
3	46	2	2	716	4	6	12	26	5	2	6	1	1.2462054	22	9819.9848	9820.5848	9820.5848	9820.7848	9821.831
3	46	2	2	717	4	6	12	27	3	1	4	1	1.4291049	23	9822.6201	9822.8202	9822.8202	9823.0202	9824.2493
3	46	2	2	718	4	6	12	28	1	1	3	0	1.6010248	23	9824.8558	9825.0558	9825.0558	9825.2558	9826.6568
3	46	2	2	719	4	6	12	29	3	2	4	1	0.9017866	24	9827.0917	9827.6917	9827.6917	9827.8917	9828.5935
3	46	2	2	720	4	6	12	30	2	1	3	1	0.98380918	25	9829.7275	9829.9275	9829.9275	9830.1275	9830.9113
