124	37	35	126	43	64	94	42	0	0	0	0	0	0	0	0	0	0	0	0
2	52	1	2	1	1	2	1	1	5	2	5	1	0.73617414	1	17821.327	17821.927	17821.927	17822.127	17822.663
2	52	1	2	2	1	2	1	2	6	1	5	1	0.72399532	2	17823.945	17824.145	17824.145	17824.345	17824.869
2	52	1	2	3	1	2	1	3	6	1	5	1	0.47409275	3	17826.156	17826.356	17826.356	17826.556	17826.83
2	52	1	2	4	1	2	1	4	5	2	5	1	0.53664264	4	17828.363	17828.963	17828.963	17829.163	17829.499
2	52	1	2	5	1	2	1	5	3	2	4	1	0.58828228	5	17830.97	17831.57	17831.57	17831.77	17832.158
2	52	1	2	6	1	2	1	6	1	2	4	1	0.62025741	6	17833.578	17834.178	17834.178	17834.378	17834.798
2	52	1	2	7	1	2	1	7	1	2	4	1	0.55471149	7	17836.186	17836.786	17836.786	17836.986	17837.34
2	52	1	2	8	1	2	1	8	2	2	4	1	0.47821205	8	17838.793	17839.393	17839.393	17839.593	17839.871
2	52	1	2	9	1	2	1	9	4	2	5	1	0.64605719	9	17841.4	17842	17842	17842.2	17842.646
2	52	1	2	10	1	2	1	10	5	2	5	1	0.49566351	10	17844.007	17844.607	17844.607	17844.808	17845.103
2	52	1	2	11	1	2	1	11	2	1	4	1	0.63767071	11	17846.615	17846.815	17846.815	17847.015	17847.452
2	52	1	2	12	1	2	1	12	5	1	5	1	0.79019887	12	17848.822	17849.022	17849.022	17849.222	17849.812
2	52	1	2	13	1	2	1	13	2	1	4	1	0.58569707	13	17851.029	17851.229	17851.229	17851.429	17851.814
2	52	1	2	14	1	2	1	14	1	1	4	1	0.8569619	14	17853.236	17853.436	17853.436	17853.636	17854.293
2	52	1	2	15	1	2	1	15	4	2	5	1	0.63268437	15	17855.443	17856.043	17856.043	17856.243	17856.676
2	52	1	2	16	1	2	1	16	1	2	4	1	0.58715767	16	17858.049	17858.649	17858.649	17858.849	17859.236
2	52	1	2	17	1	2	1	17	3	2	4	1	0.4193767	17	17860.656	17861.256	17861.256	17861.456	17861.675
2	52	1	2	18	1	2	1	18	3	2	4	1	0.6900408	18	17863.261	17863.861	17863.861	17864.061	17864.551
2	52	1	2	19	1	2	1	19	6	1	5	1	0.75196311	19	17865.869	17866.069	17866.069	17866.269	17866.821
2	52	1	2	20	1	2	1	20	6	1	4	0	0.72894416	19	17868.076	17868.276	17868.276	17868.476	17869.005
2	52	1	2	21	1	2	1	21	2	1	4	1	0.83643684	20	17870.592	17870.792	17870.792	17870.992	17871.629
2	52	1	2	22	1	2	1	22	3	1	4	1	0.63967865	21	17872.8	17873	17873	17873.2	17873.639
2	52	1	2	23	1	2	1	23	5	1	5	1	0.68283971	22	17875.009	17875.209	17875.209	17875.409	17875.892
2	52	1	2	24	1	2	1	24	6	1	5	1	0.64090196	23	17877.215	17877.415	17877.415	17877.615	17878.056
2	52	1	2	25	1	2	1	25	2	2	4	1	0.56680097	24	17879.423	17880.023	17880.023	17880.223	17880.59
2	52	1	2	26	1	2	1	26	4	2	5	1	0.58898607	25	17882.03	17882.63	17882.63	17882.83	17883.219
2	52	1	2	27	1	2	1	27	1	2	4	1	0.62325876	26	17884.639	17885.239	17885.239	17885.439	17885.862
2	52	1	2	28	1	2	1	28	4	1	5	1	0.67985647	27	17887.247	17887.447	17887.447	17887.647	17888.127
2	52	1	2	29	1	2	1	29	3	1	4	1	0.76785389	28	17889.455	17889.655	17889.655	17889.855	17890.423
2	52	1	2	30	1	2	1	30	4	1	5	1	0.74512019	29	17891.663	17891.863	17891.863	17892.063	17892.608
2	52	1	2	31	1	6	1	1	4	2	6	1	1.1623848	1	18021.603	18022.203	18022.203	18022.403	18023.365
2	52	1	2	32	1	6	1	2	4	1	6	1	0.75290757	2	18024.214	18024.414	18024.414	18024.614	18025.167
2	52	1	2	33	1	6	1	3	6	1	8	1	0.79785958	3	18026.423	18026.623	18026.623	18026.823	18027.421
2	52	1	2	34	1	6	1	4	2	2	2	1	1.0945251	4	18028.631	18029.231	18029.231	18029.431	18030.326
2	52	1	2	35	1	6	1	5	6	2	8	1	0.8712675	5	18031.24	18031.84	18031.84	18032.04	18032.711
2	52	1	2	36	1	6	1	6	3	2	3	1	1.5404975	6	18033.849	18034.449	18034.449	18034.649	18035.99
2	52	1	2	37	1	6	1	7	5	2	7	1	1.246225	7	18036.458	18037.058	18037.058	18037.258	18038.304
2	52	1	2	38	1	6	1	8	5	2	7	1	0.6892132	8	18039.066	18039.666	18039.666	18039.866	18040.355
2	52	1	2	39	1	6	1	9	4	2	6	1	0.76076485	9	18041.675	18042.275	18042.275	18042.475	18043.036
2	52	1	2	40	1	6	1	10	6	2	8	1	0.82799616	10	18044.281	18044.881	18044.881	18045.081	18045.709
2	52	1	2	41	1	6	1	11	2	1	2	1	0.95351027	11	18046.89	18047.09	18047.09	18047.29	18048.044
2	52	1	2	42	1	6	1	12	1	1	1	1	0.69104972	12	18049.099	18049.299	18049.299	18049.499	18049.99
2	52	1	2	43	1	6	1	13	3	1	3	1	1.2075942	13	18051.307	18051.507	18051.507	18051.707	18052.715
2	52	1	2	44	1	6	1	14	6	1	8	1	0.91235357	14	18053.516	18053.716	18053.716	18053.916	18054.628
2	52	1	2	45	1	6	1	15	5	2	7	1	0.73010636	15	18055.723	18056.323	18056.323	18056.523	18057.054
2	52	1	2	46	1	6	1	16	4	2	6	1	0.78853298	16	18058.33	18058.93	18058.93	18059.13	18059.719
2	52	1	2	47	1	6	1	17	3	2	3	1	1.5526658	17	18060.94	18061.54	18061.54	18061.74	18063.092
2	52	1	2	48	1	6	1	18	5	2	7	1	0.76227897	18	18063.548	18064.148	18064.148	18064.348	18064.91
2	52	1	2	49	1	6	1	19	2	1	2	1	0.74338231	19	18066.158	18066.358	18066.358	18066.558	18067.101
2	52	1	2	50	1	6	1	20	3	1	3	1	1.7374332	20	18068.397	18068.597	18068.597	18068.797	18070.335
2	52	1	2	51	1	6	1	21	1	1	1	1	0.83963967	21	18070.605	18070.805	18070.805	18071.005	18071.644
2	52	1	2	52	1	6	1	22	4	1	6	1	0.78181919	22	18072.814	18073.014	18073.014	18073.214	18073.796
2	52	1	2	53	1	6	1	23	1	1	1	1	0.83018314	23	18075.022	18075.222	18075.222	18075.422	18076.052
2	52	1	2	54	1	6	1	24	1	1	1	1	0.74794271	24	18077.231	18077.431	18077.431	18077.631	18078.179
2	52	1	2	55	1	6	1	25	5	2	7	1	0.91173206	25	18079.441	18080.041	18080.041	18080.241	18080.952
2	52	1	2	56	1	6	1	26	6	2	8	1	0.71023276	26	18082.05	18082.65	18082.65	18082.85	18083.36
2	52	1	2	57	1	6	1	27	3	2	3	1	1.3275037	27	18084.66	18085.26	18085.26	18085.46	18086.587
2	52	1	2	58	1	6	1	28	2	1	2	1	0.9378128	28	18087.269	18087.469	18087.469	18087.669	18088.407
2	52	1	2	59	1	6	1	29	1	1	1	1	0.84702776	29	18089.477	18089.677	18089.677	18089.877	18090.524
2	52	1	2	60	1	6	1	30	2	1	2	1	1.0251058	30	18091.686	18091.886	18091.886	18092.086	18092.911
2	52	1	2	61	1	2	2	1	5	2	5	1	0.72689271	1	18113.752	18114.352	18114.352	18114.552	18115.079
2	52	1	2	62	1	2	2	2	5	1	5	1	0.50648952	2	18116.362	18116.562	18116.562	18116.762	18117.069
2	52	1	2	63	1	2	2	3	3	1	4	1	0.62146797	3	18118.572	18118.772	18118.772	18118.972	18119.394
2	52	1	2	64	1	2	2	4	1	2	5	0	1.0041829	3	18120.782	18121.382	18121.382	18121.582	18122.386
2	52	1	2	65	1	2	2	5	1	2	4	1	0.74406442	4	18123.698	18124.298	18124.298	18124.498	18125.042
2	52	1	2	66	1	2	2	6	6	2	5	1	0.62622233	5	18126.305	18126.905	18126.905	18127.105	18127.531
2	52	1	2	67	1	2	2	7	2	2	4	1	0.64258302	6	18128.915	18129.515	18129.515	18129.715	18130.157
2	52	1	2	68	1	2	2	8	1	2	4	1	0.60667687	7	18131.525	18132.125	18132.125	18132.325	18132.731
2	52	1	2	69	1	2	2	9	6	2	5	1	0.48717863	8	18134.135	18134.735	18134.735	18134.935	18135.222
2	52	1	2	70	1	2	2	10	1	2	4	1	0.6347367	9	18136.745	18137.345	18137.345	18137.545	18137.979
2	52	1	2	71	1	2	2	11	5	1	5	1	0.67564877	10	18139.355	18139.555	18139.555	18139.755	18140.231
2	52	1	2	72	1	2	2	12	4	1	5	1	0.66326566	11	18141.566	18141.766	18141.766	18141.966	18142.43
2	52	1	2	73	1	2	2	13	5	1	5	1	0.65058957	12	18143.777	18143.977	18143.977	18144.177	18144.628
2	52	1	2	74	1	2	2	14	3	1	4	1	0.66735727	13	18145.986	18146.186	18146.186	18146.386	18146.853
2	52	1	2	75	1	2	2	15	2	2	4	1	0.93015058	14	18148.197	18148.797	18148.797	18148.997	18149.727
2	52	1	2	76	1	2	2	16	4	2	5	1	0.67800443	15	18150.808	18151.408	18151.408	18151.608	18152.086
2	52	1	2	77	1	2	2	17	6	2	5	1	0.6397369	16	18153.416	18154.016	18154.016	18154.216	18154.655
2	52	1	2	78	1	2	2	18	6	2	5	1	0.67387432	17	18156.027	18156.627	18156.627	18156.827	18157.301
2	52	1	2	79	1	2	2	19	6	1	5	1	0.63745667	18	18158.638	18158.838	18158.838	18159.038	18159.475
2	52	1	2	80	1	2	2	20	2	1	4	1	0.79516312	19	18160.849	18161.049	18161.049	18161.249	18161.844
2	52	1	2	81	1	2	2	21	4	1	5	1	0.93519417	20	18163.059	18163.259	18163.259	18163.459	18164.195
2	52	1	2	82	1	2	2	22	2	1	4	1	0.70460699	21	18165.271	18165.471	18165.471	18165.671	18166.175
2	52	1	2	83	1	2	2	23	4	1	5	1	0.62548868	22	18167.506	18167.706	18167.706	18167.906	18168.331
2	52	1	2	84	1	2	2	24	5	1	5	1	0.76899807	23	18169.714	18169.914	18169.914	18170.114	18170.683
2	52	1	2	85	1	2	2	25	1	2	4	1	0.66451258	24	18171.925	18172.525	18172.525	18172.725	18173.189
2	52	1	2	86	1	2	2	26	3	2	4	1	0.62779259	25	18174.535	18175.135	18175.135	18175.335	18175.763
2	52	1	2	87	1	2	2	27	2	2	4	1	0.61987632	26	18177.147	18177.747	18177.747	18177.947	18178.367
2	52	1	2	88	1	2	2	28	3	1	4	1	0.62998397	27	18179.758	18179.958	18179.958	18180.158	18180.588
2	52	1	2	89	1	2	2	29	4	1	5	1	0.62650103	28	18181.969	18182.169	18182.169	18182.369	18182.796
2	52	1	2	90	1	2	2	30	3	1	4	1	0.62618417	29	18184.181	18184.381	18184.381	18184.581	18185.007
2	52	1	2	91	1	6	2	1	3	2	3	1	0.99652429	1	18200.993	18201.593	18201.593	18201.793	18202.589
2	52	1	2	92	1	6	2	2	4	1	6	1	1.1755056	2	18203.604	18203.804	18203.804	18204.004	18204.979
2	52	1	2	93	1	6	2	3	3	1	3	1	0.94272009	3	18205.815	18206.015	18206.015	18206.215	18206.958
2	52	1	2	94	1	6	2	4	2	2	2	1	0.80128598	4	18208.027	18208.627	18208.627	18208.827	18209.428
2	52	1	2	95	1	6	2	5	5	2	7	1	0.8403882	5	18210.638	18211.238	18211.238	18211.438	18212.079
2	52	1	2	96	1	6	2	6	5	2	7	1	1.4680763	6	18213.248	18213.848	18213.848	18214.048	18215.316
2	52	1	2	97	1	6	2	7	1	2	1	1	0.83330916	7	18215.86	18216.46	18216.46	18216.66	18217.293
2	52	1	2	98	1	6	2	8	4	2	6	1	0.81456346	8	18218.469	18219.069	18219.069	18219.269	18219.884
2	52	1	2	99	1	6	2	9	5	2	7	1	0.66044883	9	18221.081	18221.681	18221.681	18221.881	18222.341
2	52	1	2	100	1	6	2	10	6	2	8	1	0.68037566	10	18223.693	18224.293	18224.293	18224.493	18224.973
2	52	1	2	101	1	6	2	11	6	1	8	1	0.62696113	11	18226.305	18226.505	18226.505	18226.705	18227.131
2	52	1	2	102	1	6	2	12	3	1	3	1	1.3828609	12	18228.517	18228.717	18228.717	18228.917	18230.1
2	52	1	2	103	1	6	2	13	6	1	8	1	0.99601474	13	18230.729	18230.929	18230.929	18231.129	18231.925
2	52	1	2	104	1	6	2	14	3	1	3	1	1.2561574	14	18232.941	18233.141	18233.141	18233.341	18234.397
2	52	1	2	105	1	6	2	15	4	2	6	1	0.85463359	15	18235.151	18235.751	18235.751	18235.951	18236.605
2	52	1	2	106	1	6	2	16	2	2	2	1	1.021799	16	18237.761	18238.361	18238.361	18238.561	18239.382
2	52	1	2	107	1	6	2	17	6	2	8	1	1.1688079	17	18240.373	18240.973	18240.973	18241.173	18242.142
2	52	1	2	108	1	6	2	18	1	2	1	1	0.72585722	18	18242.983	18243.583	18243.583	18243.783	18244.309
2	52	1	2	109	1	6	2	19	4	1	6	1	1.2446826	19	18245.592	18245.792	18245.792	18245.992	18247.037
2	52	1	2	110	1	6	2	20	1	1	1	1	0.70666493	20	18247.802	18248.002	18248.002	18248.202	18248.708
2	52	1	2	111	1	6	2	21	1	1	1	1	0.72610362	21	18250.013	18250.213	18250.213	18250.413	18250.94
2	52	1	2	112	1	6	2	22	5	1	7	1	0.769165	22	18252.226	18252.426	18252.426	18252.626	18253.195
2	52	1	2	113	1	6	2	23	3	1	3	1	0.98434311	23	18254.438	18254.638	18254.638	18254.838	18255.623
2	52	1	2	114	1	6	2	24	2	1	2	1	0.68561583	24	18256.651	18256.851	18256.851	18257.051	18257.537
2	52	1	2	115	1	6	2	25	6	2	8	1	0.73469199	25	18258.864	18259.464	18259.464	18259.664	18260.198
2	52	1	2	116	1	6	2	26	4	2	6	1	1.3780656	26	18261.476	18262.076	18262.076	18262.276	18263.454
2	52	1	2	117	1	6	2	27	2	2	2	1	1.1958094	27	18264.089	18264.689	18264.689	18264.889	18265.885
2	52	1	2	118	1	6	2	28	1	1	1	1	0.79396929	28	18266.7	18266.9	18266.9	18267.1	18267.694
2	52	1	2	119	1	6	2	29	5	1	7	1	0.91648378	29	18268.913	18269.113	18269.113	18269.313	18270.029
2	52	1	2	120	1	6	2	30	2	1	2	1	1.221877	30	18271.126	18271.326	18271.326	18271.526	18272.548
2	52	1	2	121	1	2	3	1	4	2	5	1	0.54691192	1	18282.85	18283.45	18283.45	18283.65	18283.997
2	52	1	2	122	1	2	3	2	6	1	5	1	0.48687535	2	18285.463	18285.663	18285.663	18285.863	18286.15
2	52	1	2	123	1	2	3	3	2	1	4	1	0.50782444	3	18287.674	18287.874	18287.874	18288.074	18288.382
2	52	1	2	124	1	2	3	4	3	2	4	1	0.44776417	4	18289.887	18290.487	18290.487	18290.687	18290.935
2	52	1	2	125	1	2	3	5	5	2	5	1	0.56256209	5	18292.5	18293.1	18293.1	18293.3	18293.663
2	52	1	2	126	1	2	3	6	6	2	5	1	0.94236016	6	18295.111	18295.711	18295.711	18295.911	18296.653
2	52	1	2	127	1	2	3	7	5	2	5	1	0.58482181	7	18297.724	18298.324	18298.324	18298.524	18298.908
2	52	1	2	128	1	2	3	8	3	2	4	1	0.67646279	8	18300.336	18300.936	18300.936	18301.136	18301.613
2	52	1	2	129	1	2	3	9	3	2	4	1	1.1447067	9	18302.949	18303.549	18303.549	18303.749	18304.694
2	52	1	2	130	1	2	3	10	4	2	5	1	0.75631998	10	18305.562	18306.162	18306.162	18306.362	18306.918
2	52	1	2	131	1	2	3	11	6	1	5	1	0.59899357	11	18308.175	18308.375	18308.375	18308.575	18308.974
2	52	1	2	132	1	2	3	12	1	1	4	1	0.62474676	12	18310.389	18310.589	18310.589	18310.789	18311.213
2	52	1	2	133	1	2	3	13	3	1	4	1	0.58709143	13	18312.602	18312.802	18312.802	18313.002	18313.389
2	52	1	2	134	1	2	3	14	2	1	4	1	0.5564113	14	18314.815	18315.015	18315.015	18315.215	18315.571
2	52	1	2	135	1	2	3	15	1	2	4	1	0.47481208	15	18317.026	18317.626	18317.626	18317.826	18318.101
2	52	1	2	136	1	2	3	16	2	2	4	1	0.44168498	16	18319.64	18320.24	18320.24	18320.44	18320.681
2	52	1	2	137	1	2	3	17	1	2	4	1	0.43292848	17	18322.253	18322.853	18322.853	18323.053	18323.286
2	52	1	2	138	1	2	3	18	2	2	4	1	0.47224719	18	18324.866	18325.466	18325.466	18325.666	18325.939
2	52	1	2	139	1	2	3	19	2	1	4	1	0.49018386	19	18327.481	18327.681	18327.681	18327.881	18328.172
2	52	1	2	140	1	2	3	20	4	1	5	1	0.64151331	20	18329.692	18329.892	18329.892	18330.092	18330.534
2	52	1	2	141	1	2	3	21	5	1	5	1	0.59614083	21	18331.906	18332.106	18332.106	18332.306	18332.702
2	52	1	2	142	1	2	3	22	5	1	5	1	0.49463732	22	18334.12	18334.32	18334.32	18334.52	18334.815
2	52	1	2	143	1	2	3	23	4	1	5	1	0.57982755	23	18336.333	18336.533	18336.533	18336.733	18337.113
2	52	1	2	144	1	2	3	24	6	1	5	1	0.58464249	24	18338.547	18338.747	18338.747	18338.947	18339.331
2	52	1	2	145	1	2	3	25	4	2	5	1	0.57222089	25	18340.76	18341.36	18341.36	18341.56	18341.932
2	52	1	2	146	1	2	3	26	1	2	4	1	0.64690386	26	18343.374	18343.974	18343.974	18344.174	18344.621
2	52	1	2	147	1	2	3	27	3	2	4	1	0.64167931	27	18345.988	18346.588	18346.588	18346.788	18347.229
2	52	1	2	148	1	2	3	28	6	1	5	1	0.7787901	28	18348.602	18348.802	18348.802	18349.002	18349.58
2	52	1	2	149	1	2	3	29	5	1	5	1	0.84984062	29	18350.813	18351.013	18351.013	18351.213	18351.862
2	52	1	2	150	1	2	3	30	1	1	4	1	0.65521118	30	18353.028	18353.228	18353.228	18353.428	18353.883
2	52	1	2	151	1	6	3	1	4	2	6	1	0.80949816	1	18366.442	18367.042	18367.042	18367.242	18367.852
2	52	1	2	152	1	6	3	2	4	1	6	1	0.60339887	2	18369.056	18369.256	18369.256	18369.456	18369.86
2	52	1	2	153	1	6	3	3	3	1	3	1	1.0709263	3	18371.27	18371.47	18371.47	18371.67	18372.541
2	52	1	2	154	1	6	3	4	5	2	7	1	0.56209862	4	18373.484	18374.084	18374.084	18374.284	18374.646
2	52	1	2	155	1	6	3	5	2	2	2	1	0.67410762	5	18376.099	18376.699	18376.699	18376.899	18377.373
2	52	1	2	156	1	6	3	6	2	2	2	1	0.65088037	6	18378.713	18379.313	18379.313	18379.513	18379.964
2	52	1	2	157	1	6	3	7	6	2	8	1	0.72478646	7	18381.327	18381.927	18381.927	18382.127	18382.652
2	52	1	2	158	1	6	3	8	5	2	7	1	0.82523117	8	18383.942	18384.542	18384.542	18384.742	18385.367
2	52	1	2	159	1	6	3	9	1	2	1	1	0.77064862	9	18386.554	18387.154	18387.154	18387.354	18387.924
2	52	1	2	160	1	6	3	10	3	2	3	1	1.147969	10	18389.168	18389.768	18389.768	18389.968	18390.916
2	52	1	2	161	1	6	3	11	1	1	1	1	0.7652033	11	18391.783	18391.983	18391.983	18392.183	18392.748
2	52	1	2	162	1	6	3	12	5	1	7	1	0.85601446	12	18393.998	18394.198	18394.198	18394.398	18395.054
2	52	1	2	163	1	6	3	13	6	1	8	1	0.83323089	13	18396.212	18396.412	18396.412	18396.612	18397.246
2	52	1	2	164	1	6	3	14	3	1	2	0	0.65717953	13	18398.427	18398.627	18398.627	18398.827	18399.284
2	52	1	2	165	1	6	3	15	3	2	3	1	1.1455885	14	18400.954	18401.554	18401.554	18401.754	18402.7
2	52	1	2	166	1	6	3	16	4	2	6	1	1.0539654	15	18403.569	18404.169	18404.169	18404.369	18405.223
2	52	1	2	167	1	6	3	17	3	2	3	1	0.72920539	16	18406.183	18406.783	18406.783	18406.983	18407.513
2	52	1	2	168	1	6	3	18	4	2	6	1	0.75777694	17	18408.798	18409.398	18409.398	18409.598	18410.156
2	52	1	2	169	1	6	3	19	1	1	1	1	0.69717363	18	18411.413	18411.613	18411.613	18411.813	18412.31
2	52	1	2	170	1	6	3	20	6	1	8	1	0.7171028	19	18413.628	18413.828	18413.828	18414.028	18414.545
2	52	1	2	171	1	6	3	21	1	1	1	1	0.80048168	20	18415.843	18416.043	18416.043	18416.243	18416.843
2	52	1	2	172	1	6	3	22	2	1	2	1	1.0031674	21	18418.057	18418.257	18418.257	18418.457	18419.261
2	52	1	2	173	1	6	3	23	1	1	1	1	0.78839919	22	18420.272	18420.472	18420.472	18420.672	18421.261
2	52	1	2	174	1	6	3	24	6	1	8	1	0.80438775	23	18422.487	18422.687	18422.687	18422.887	18423.492
2	52	1	2	175	1	6	3	25	5	2	7	1	0.72782368	24	18424.703	18425.303	18425.303	18425.503	18426.031
2	52	1	2	176	1	6	3	26	5	2	7	1	0.7189161	25	18427.318	18427.918	18427.918	18428.118	18428.637
2	52	1	2	177	1	6	3	27	2	2	2	1	0.85439596	26	18429.933	18430.533	18430.533	18430.733	18431.387
2	52	1	2	178	1	6	3	28	2	1	2	1	0.95240988	27	18432.548	18432.748	18432.748	18432.948	18433.7
2	52	1	2	179	1	6	3	29	6	1	8	1	0.69223632	28	18434.781	18434.981	18434.981	18435.181	18435.674
2	52	1	2	180	1	6	3	30	4	1	6	1	0.73666332	29	18436.997	18437.197	18437.197	18437.397	18437.934
2	52	1	2	181	2	2	4	1	5	2	5	1	0.68395774	1	18800.136	18800.736	18800.736	18800.936	18801.42
2	52	1	2	182	2	2	4	2	4	1	5	1	0.51687487	2	18802.751	18802.951	18802.951	18803.151	18803.468
2	52	1	2	183	2	2	4	3	6	1	5	1	0.45468589	3	18804.967	18805.167	18805.167	18805.367	18805.621
2	52	1	2	184	2	2	4	4	3	2	4	1	0.44328046	4	18807.224	18807.824	18807.824	18808.024	18808.268
2	52	1	2	185	2	2	4	5	2	2	4	1	0.5331063	5	18809.84	18810.44	18810.44	18810.64	18810.973
2	52	1	2	186	2	2	4	6	4	2	5	1	0.64856809	6	18812.453	18813.053	18813.053	18813.253	18813.701
2	52	1	2	187	2	2	4	7	6	2	5	1	0.46899983	7	18815.069	18815.669	18815.669	18815.869	18816.138
2	52	1	2	188	2	2	4	8	1	2	4	1	0.58386143	8	18817.683	18818.283	18818.283	18818.483	18818.867
2	52	1	2	189	2	2	4	9	5	2	5	1	0.68743325	9	18820.297	18820.897	18820.897	18821.097	18821.584
2	52	1	2	190	2	2	4	10	1	2	4	1	0.60817234	10	18822.913	18823.513	18823.513	18823.713	18824.121
2	52	1	2	191	2	2	4	11	6	1	5	1	0.6198782	11	18825.529	18825.729	18825.729	18825.929	18826.349
2	52	1	2	192	2	2	4	12	3	1	4	1	0.58705838	12	18827.744	18827.944	18827.944	18828.144	18828.531
2	52	1	2	193	2	2	4	13	2	1	4	1	0.86805336	13	18829.96	18830.16	18830.16	18830.36	18831.028
2	52	1	2	194	2	2	4	14	6	1	5	1	0.52815042	14	18832.176	18832.376	18832.376	18832.576	18832.904
2	52	1	2	195	2	2	4	15	2	2	4	1	0.73372502	15	18834.392	18834.992	18834.992	18835.192	18835.726
2	52	1	2	196	2	2	4	16	5	2	5	1	0.61733085	16	18837.008	18837.608	18837.608	18837.808	18838.226
2	52	1	2	197	2	2	4	17	2	2	4	1	0.57416462	17	18839.623	18840.223	18840.223	18840.423	18840.797
2	52	1	2	198	2	2	4	18	3	2	4	1	0.56458098	18	18842.239	18842.839	18842.839	18843.039	18843.404
2	52	1	2	199	2	2	4	19	4	1	5	1	0.64612134	19	18844.856	18845.056	18845.056	18845.256	18845.702
2	52	1	2	200	2	2	4	20	1	1	4	1	0.57199439	20	18847.072	18847.272	18847.272	18847.472	18847.844
2	52	1	2	201	2	2	4	21	5	1	5	1	0.62945514	21	18849.286	18849.486	18849.486	18849.686	18850.115
2	52	1	2	202	2	2	4	22	6	1	5	1	0.70280521	22	18851.502	18851.702	18851.702	18851.902	18852.404
2	52	1	2	203	2	2	4	23	1	1	4	1	0.54741735	23	18853.719	18853.919	18853.919	18854.119	18854.466
2	52	1	2	204	2	2	4	24	2	1	4	1	0.52272729	24	18855.936	18856.136	18856.136	18856.336	18856.659
2	52	1	2	205	2	2	4	25	3	2	4	1	0.57533805	25	18858.15	18858.75	18858.75	18858.95	18859.325
2	52	1	2	206	2	2	4	26	4	2	5	1	0.50918984	26	18860.766	18861.366	18861.366	18861.566	18861.876
2	52	1	2	207	2	2	4	27	1	2	4	1	0.5647446	27	18863.383	18863.983	18863.983	18864.183	18864.548
2	52	1	2	208	2	2	4	28	3	1	4	1	0.44501787	28	18866	18866.2	18866.2	18866.4	18866.645
2	52	1	2	209	2	2	4	29	5	1	5	1	0.6661274	29	18868.216	18868.416	18868.416	18868.616	18869.082
2	52	1	2	210	2	2	4	30	4	1	5	1	0.58764078	30	18870.433	18870.633	18870.633	18870.833	18871.22
2	52	1	2	211	2	6	4	1	4	2	6	1	1.0317138	1	18900.725	18901.325	18901.325	18901.525	18902.357
2	52	1	2	212	2	6	4	2	1	1	1	1	1.0054769	2	18903.342	18903.542	18903.542	18903.742	18904.547
2	52	1	2	213	2	6	4	3	5	1	7	1	0.80205169	3	18905.556	18905.756	18905.756	18905.956	18906.558
2	52	1	2	214	2	6	4	4	5	2	7	1	0.82966743	4	18907.773	18908.373	18908.373	18908.573	18909.203
2	52	1	2	215	2	6	4	5	3	2	3	1	1.4088708	5	18910.388	18910.988	18910.988	18911.188	18912.397
2	52	1	2	216	2	6	4	6	2	2	2	1	0.65156205	6	18913.002	18913.602	18913.602	18913.802	18914.254
2	52	1	2	217	2	6	4	7	6	2	8	1	1.0008067	7	18915.619	18916.219	18916.219	18916.419	18917.22
2	52	1	2	218	2	6	4	8	6	2	8	1	0.6979897	8	18918.237	18918.837	18918.837	18919.037	18919.535
2	52	1	2	219	2	6	4	9	2	2	2	1	0.95141206	9	18920.851	18921.451	18921.451	18921.651	18922.403
2	52	1	2	220	2	6	4	10	4	2	6	1	0.76510923	10	18923.47	18924.07	18924.07	18924.27	18924.835
2	52	1	2	221	2	6	4	11	3	1	3	1	0.9943647	11	18926.088	18926.288	18926.288	18926.488	18927.282
2	52	1	2	222	2	6	4	12	3	1	3	1	0.66695903	12	18928.305	18928.505	18928.505	18928.705	18929.172
2	52	1	2	223	2	6	4	13	1	1	1	1	0.7608943	13	18930.523	18930.723	18930.723	18930.923	18931.484
2	52	1	2	224	2	6	4	14	3	1	3	1	1.2937798	14	18932.742	18932.942	18932.942	18933.142	18934.235
2	52	1	2	225	2	6	4	15	2	2	2	1	1.2076797	15	18934.959	18935.559	18935.559	18935.759	18936.767
2	52	1	2	226	2	6	4	16	4	2	6	1	0.755614	16	18937.577	18938.177	18938.177	18938.377	18938.932
2	52	1	2	227	2	6	4	17	5	2	7	1	1.4800126	17	18940.195	18940.795	18940.795	18940.995	18942.275
2	52	1	2	228	2	6	4	18	1	2	1	1	0.70427519	18	18942.812	18943.412	18943.412	18943.612	18944.117
2	52	1	2	229	2	6	4	19	1	1	1	1	0.81514813	19	18945.431	18945.631	18945.631	18945.831	18946.446
2	52	1	2	230	2	6	4	20	5	1	7	1	1.0304849	20	18947.649	18947.849	18947.849	18948.049	18948.879
2	52	1	2	231	2	6	4	21	6	1	8	1	0.6736011	21	18949.866	18950.066	18950.066	18950.266	18950.74
2	52	1	2	232	2	6	4	22	2	1	2	1	1.0476607	22	18952.084	18952.284	18952.285	18952.485	18953.332
2	52	1	2	233	2	6	4	23	3	1	3	1	1.6277798	23	18954.303	18954.503	18954.503	18954.703	18956.13
2	52	1	2	234	2	6	4	24	6	1	8	1	0.93570547	24	18956.517	18956.717	18956.717	18956.917	18957.653
2	52	1	2	235	2	6	4	25	5	2	7	1	1.7630779	25	18958.738	18959.338	18959.338	18959.538	18961.101
2	52	1	2	236	2	6	4	26	2	2	2	1	0.86514968	26	18961.356	18961.956	18961.956	18962.156	18962.821
2	52	1	2	237	2	6	4	27	1	2	1	1	0.70222551	27	18963.975	18964.575	18964.575	18964.775	18965.277
2	52	1	2	238	2	6	4	28	4	1	6	1	0.73349718	28	18966.59	18966.79	18966.79	18966.99	18967.523
2	52	1	2	239	2	6	4	29	4	1	6	1	0.92659904	29	18968.808	18969.008	18969.008	18969.208	18969.934
2	52	1	2	240	2	6	4	30	6	1	8	1	0.67559686	30	18971.027	18971.227	18971.227	18971.427	18971.903
2	52	1	2	241	2	2	5	1	2	2	4	1	0.60110231	1	19001.314	19001.914	19001.914	19002.114	19002.515
2	52	1	2	242	2	2	5	2	6	1	5	1	0.70005548	2	19003.93	19004.13	19004.13	19004.33	19004.83
2	52	1	2	243	2	2	5	3	6	1	5	1	0.56674711	3	19006.148	19006.348	19006.348	19006.548	19006.915
2	52	1	2	244	2	2	5	4	6	2	5	1	0.56793253	4	19008.364	19008.964	19008.964	19009.164	19009.532
2	52	1	2	245	2	2	5	5	1	2	4	1	0.55704414	5	19010.984	19011.584	19011.584	19011.784	19012.141
2	52	1	2	246	2	2	5	6	5	2	5	1	0.63339491	6	19013.602	19014.202	19014.202	19014.402	19014.836
2	52	1	2	247	2	2	5	7	5	2	5	1	0.77719293	7	19016.218	19016.818	19016.818	19017.018	19017.595
2	52	1	2	248	2	2	5	8	4	2	5	1	0.7828152	8	19018.837	19019.437	19019.437	19019.637	19020.219
2	52	1	2	249	2	2	5	9	6	2	5	1	0.47313557	9	19021.454	19022.054	19022.054	19022.254	19022.527
2	52	1	2	250	2	2	5	10	4	2	5	1	0.52163224	10	19024.073	19024.673	19024.673	19024.873	19025.195
2	52	1	2	251	2	2	5	11	3	1	4	1	0.65362034	11	19026.69	19026.89	19026.89	19027.09	19027.543
2	52	1	2	252	2	2	5	12	5	1	5	1	0.68888058	12	19028.907	19029.107	19029.107	19029.307	19029.796
2	52	1	2	253	2	2	5	13	3	1	4	1	0.68559159	13	19031.128	19031.328	19031.328	19031.528	19032.013
2	52	1	2	254	2	2	5	14	3	1	4	1	0.53290023	14	19033.346	19033.546	19033.546	19033.746	19034.079
2	52	1	2	255	2	2	5	15	2	2	4	1	0.50813093	15	19035.563	19036.163	19036.163	19036.363	19036.671
2	52	1	2	256	2	2	5	16	4	2	5	1	0.58770083	16	19038.182	19038.782	19038.782	19038.982	19039.37
2	52	1	2	257	2	2	5	17	6	2	5	1	0.71417298	17	19040.801	19041.401	19041.401	19041.601	19042.115
2	52	1	2	258	2	2	5	18	1	2	4	1	0.6271048	18	19043.42	19044.02	19044.02	19044.22	19044.647
2	52	1	2	259	2	2	5	19	2	1	4	1	0.61361169	19	19046.039	19046.239	19046.239	19046.439	19046.853
2	52	1	2	260	2	2	5	20	5	1	5	1	0.59658504	20	19048.258	19048.458	19048.458	19048.658	19049.055
2	52	1	2	261	2	2	5	21	5	1	5	1	0.80476647	21	19050.486	19050.686	19050.686	19050.886	19051.491
2	52	1	2	262	2	2	5	22	1	1	4	1	0.73018544	22	19052.705	19052.905	19052.905	19053.105	19053.635
2	52	1	2	263	2	2	5	23	3	1	4	1	0.76741242	23	19054.924	19055.124	19055.124	19055.324	19055.892
2	52	1	2	264	2	2	5	24	4	1	5	1	0.52407022	24	19057.143	19057.343	19057.343	19057.543	19057.867
2	52	1	2	265	2	2	5	25	1	2	4	1	0.73722522	25	19059.362	19059.962	19059.962	19060.162	19060.7
2	52	1	2	266	2	2	5	26	3	2	4	1	0.5601008	26	19061.982	19062.582	19062.582	19062.782	19063.142
2	52	1	2	267	2	2	5	27	2	2	4	1	0.59907613	27	19064.601	19065.201	19065.201	19065.401	19065.8
2	52	1	2	268	2	2	5	28	4	1	5	1	0.73829533	28	19067.221	19067.421	19067.421	19067.621	19068.159
2	52	1	2	269	2	2	5	29	2	1	4	1	0.78133645	29	19069.441	19069.641	19069.641	19069.841	19070.422
2	52	1	2	270	2	2	5	30	1	1	4	1	0.66368415	30	19071.661	19071.861	19071.861	19072.061	19072.525
2	52	1	2	271	2	6	5	1	3	2	3	1	1.1477911	1	19101.953	19102.553	19102.553	19102.753	19103.701
2	52	1	2	272	2	6	5	2	3	1	3	1	0.68914432	2	19104.573	19104.773	19104.773	19104.973	19105.462
2	52	1	2	273	2	6	5	3	3	1	3	1	0.57118408	3	19106.793	19106.993	19106.993	19107.193	19107.564
2	52	1	2	274	2	6	5	4	6	2	8	1	0.77052002	4	19109.01	19109.61	19109.61	19109.81	19110.381
2	52	1	2	275	2	6	5	5	1	2	1	1	0.8778369	5	19111.629	19112.229	19112.229	19112.429	19113.107
2	52	1	2	276	2	6	5	6	4	2	6	1	0.85189393	6	19114.249	19114.85	19114.85	19115.05	19115.701
2	52	1	2	277	2	6	5	7	4	2	6	1	0.61148476	7	19116.867	19117.467	19117.467	19117.667	19118.078
2	52	1	2	278	2	6	5	8	4	2	6	1	0.73429742	8	19119.487	19120.087	19120.087	19120.287	19120.822
2	52	1	2	279	2	6	5	9	4	2	6	1	0.67353939	9	19122.107	19122.707	19122.707	19122.907	19123.381
2	52	1	2	280	2	6	5	10	2	2	2	1	0.82188058	10	19124.728	19125.328	19125.328	19125.528	19126.15
2	52	1	2	281	2	6	5	11	1	1	1	1	0.92239171	11	19127.348	19127.548	19127.548	19127.748	19128.471
2	52	1	2	282	2	6	5	12	5	1	7	1	0.81526646	12	19129.566	19129.766	19129.766	19129.966	19130.581
2	52	1	2	283	2	6	5	13	1	1	1	1	0.73037208	13	19131.787	19131.987	19131.987	19132.187	19132.717
2	52	1	2	284	2	6	5	14	5	1	7	1	1.4956242	14	19134.007	19134.207	19134.207	19134.407	19135.703
2	52	1	2	285	2	6	5	15	6	2	8	1	0.80749002	15	19136.228	19136.828	19136.828	19137.028	19137.635
2	52	1	2	286	2	6	5	16	1	2	1	1	0.73454392	16	19138.848	19139.448	19139.448	19139.648	19140.183
2	52	1	2	287	2	6	5	17	2	2	2	1	1.3373553	17	19141.468	19142.068	19142.068	19142.268	19143.406
2	52	1	2	288	2	6	5	18	6	2	8	1	0.70468314	18	19144.091	19144.691	19144.691	19144.891	19145.396
2	52	1	2	289	2	6	5	19	5	1	7	1	1.6000399	19	19146.711	19146.911	19146.911	19147.111	19148.511
2	52	1	2	290	2	6	5	20	2	1	2	1	0.97236985	20	19148.931	19149.131	19149.131	19149.331	19150.103
2	52	1	2	291	2	6	5	21	3	1	3	1	0.8124737	21	19151.151	19151.351	19151.351	19151.551	19152.164
2	52	1	2	292	2	6	5	22	3	1	3	1	0.76895832	22	19153.372	19153.572	19153.572	19153.772	19154.341
2	52	1	2	293	2	6	5	23	6	1	8	1	0.65486278	23	19155.597	19155.797	19155.797	19155.997	19156.452
2	52	1	2	294	2	6	5	24	6	1	8	1	0.70003743	24	19157.818	19158.018	19158.018	19158.218	19158.718
2	52	1	2	295	2	6	5	25	2	2	7	0	1.5195241	24	19160.035	19160.635	19160.635	19160.835	19162.155
2	52	1	2	296	2	6	5	26	2	2	2	1	0.90339791	25	19162.653	19163.253	19163.253	19163.453	19164.156
2	52	1	2	297	2	6	5	27	5	2	7	1	1.0274783	26	19165.274	19165.874	19165.874	19166.074	19166.901
2	52	1	2	298	2	6	5	28	1	1	1	1	0.64672193	27	19167.894	19168.094	19168.094	19168.294	19168.741
2	52	1	2	299	2	6	5	29	5	1	7	1	1.1603358	28	19170.115	19170.315	19170.315	19170.515	19171.475
2	52	1	2	300	2	6	5	30	4	1	6	1	0.771658	29	19172.337	19172.537	19172.537	19172.737	19173.308
2	52	1	2	301	2	2	6	1	5	2	5	1	0.67847038	1	19202.622	19203.222	19203.222	19203.422	19203.901
2	52	1	2	302	2	2	6	2	2	1	4	1	0.51981431	2	19205.246	19205.446	19205.446	19205.646	19205.966
2	52	1	2	303	2	2	6	3	4	1	5	1	0.5638788	3	19207.467	19207.667	19207.667	19207.867	19208.23
2	52	1	2	304	2	2	6	4	6	2	5	1	0.61544487	4	19209.687	19210.287	19210.287	19210.487	19210.902
2	52	1	2	305	2	2	6	5	3	2	4	1	0.60015021	5	19212.309	19212.909	19212.909	19213.109	19213.509
2	52	1	2	306	2	2	6	6	5	2	5	1	0.71327078	6	19214.93	19215.53	19215.53	19215.73	19216.243
2	52	1	2	307	2	2	6	7	3	2	4	1	0.53464445	7	19217.551	19218.151	19218.151	19218.351	19218.686
2	52	1	2	308	2	2	6	8	2	2	4	1	0.59060004	8	19220.172	19220.772	19220.772	19220.972	19221.363
2	52	1	2	309	2	2	6	9	6	2	5	1	0.66954596	9	19222.794	19223.394	19223.394	19223.594	19224.063
2	52	1	2	310	2	2	6	10	4	2	5	1	0.60740315	10	19225.415	19226.015	19226.015	19226.215	19226.623
2	52	1	2	311	2	2	6	11	4	1	5	1	0.61308591	11	19228.039	19228.239	19228.239	19228.439	19228.853
2	52	1	2	312	2	2	6	12	4	1	5	1	0.45482067	12	19230.261	19230.461	19230.461	19230.661	19230.916
2	52	1	2	313	2	2	6	13	1	1	4	1	0.66282703	13	19232.483	19232.683	19232.683	19232.883	19233.345
2	52	1	2	314	2	2	6	14	1	1	4	1	0.56439721	14	19234.704	19234.904	19234.904	19235.104	19235.469
2	52	1	2	315	2	2	6	15	1	2	4	1	0.46070004	15	19236.926	19237.526	19237.526	19237.726	19237.987
2	52	1	2	316	2	2	6	16	5	2	5	1	0.62385442	16	19239.548	19240.148	19240.148	19240.348	19240.772
2	52	1	2	317	2	2	6	17	2	2	4	1	0.6717324	17	19242.166	19242.766	19242.766	19242.966	19243.438
2	52	1	2	318	2	2	6	18	5	2	5	1	0.68376541	18	19244.788	19245.388	19245.388	19245.588	19246.071
2	52	1	2	319	2	2	6	19	3	1	4	1	0.80346403	19	19247.409	19247.609	19247.609	19247.809	19248.413
2	52	1	2	320	2	2	6	20	6	1	5	1	0.5203711	20	19249.635	19249.835	19249.835	19250.035	19250.355
2	52	1	2	321	2	2	6	21	4	1	5	1	0.48738096	21	19251.855	19252.055	19252.055	19252.255	19252.542
2	52	1	2	322	2	2	6	22	6	1	4	0	0.7192575	21	19254.077	19254.277	19254.277	19254.477	19254.996
2	52	1	2	323	2	2	6	23	1	1	4	1	0.46635519	22	19256.299	19256.499	19256.499	19256.699	19256.965
2	52	1	2	324	2	2	6	24	6	1	5	1	0.50775755	23	19258.52	19258.72	19258.72	19258.92	19259.227
2	52	1	2	325	2	2	6	25	3	2	4	1	0.61239381	24	19260.739	19261.339	19261.339	19261.539	19261.951
2	52	1	2	326	2	2	6	26	2	2	4	1	0.71480684	25	19263.36	19263.96	19263.96	19264.16	19264.675
2	52	1	2	327	2	2	6	27	3	2	4	1	1.0312851	26	19265.983	19266.583	19266.583	19266.783	19267.614
2	52	1	2	328	2	2	6	28	5	1	5	1	0.66527044	27	19268.605	19268.805	19268.805	19269.005	19269.471
2	52	1	2	329	2	2	6	29	1	1	4	1	0.56955326	28	19270.826	19271.026	19271.026	19271.226	19271.595
2	52	1	2	330	2	2	6	30	2	1	4	1	0.56986251	29	19273.049	19273.249	19273.249	19273.449	19273.819
2	52	1	2	331	2	6	6	1	1	2	1	1	0.74380621	1	19303.331	19303.931	19303.931	19304.131	19304.675
2	52	1	2	332	2	6	6	2	5	1	7	1	0.76957955	2	19305.955	19306.155	19306.155	19306.355	19306.925
2	52	1	2	333	2	6	6	3	2	1	2	1	0.98676771	3	19308.178	19308.378	19308.378	19308.578	19309.365
2	52	1	2	334	2	6	6	4	3	2	3	1	1.1060403	4	19310.4	19311	19311	19311.2	19312.106
2	52	1	2	335	2	6	6	5	2	2	2	1	1.5681355	5	19313.023	19313.623	19313.623	19313.823	19315.191
2	52	1	2	336	2	6	6	6	2	2	2	1	0.63910245	6	19315.646	19316.246	19316.246	19316.446	19316.885
2	52	1	2	337	2	6	6	7	3	2	3	1	0.88209274	7	19318.269	19318.869	19318.869	19319.069	19319.751
2	52	1	2	338	2	6	6	8	4	2	6	1	0.76845174	8	19320.891	19321.491	19321.491	19321.691	19322.259
2	52	1	2	339	2	6	6	9	6	2	8	1	0.74690903	9	19323.513	19324.113	19324.113	19324.313	19324.86
2	52	1	2	340	2	6	6	10	5	2	7	1	0.81190941	10	19326.137	19326.737	19326.737	19326.937	19327.549
2	52	1	2	341	2	6	6	11	4	1	6	1	0.87077245	11	19328.76	19328.96	19328.96	19329.16	19329.831
2	52	1	2	342	2	6	6	12	3	1	3	1	1.1273154	12	19330.983	19331.183	19331.183	19331.383	19332.31
2	52	1	2	343	2	6	6	13	6	1	8	1	0.76660486	13	19333.205	19333.405	19333.405	19333.605	19334.172
2	52	1	2	344	2	6	6	14	3	1	0	0	-19335.628	13	19335.428	19335.628	19335.628	19335.828	0
2	52	1	2	345	2	6	6	15	1	2	7	0	0.30215807	13	19337.647	19338.247	19338.247	19338.447	19338.55
2	52	1	2	346	2	6	6	16	1	2	1	1	0.60411372	14	19340.27	19340.87	19340.87	19341.071	19341.475
2	52	1	2	347	2	6	6	17	6	2	8	1	0.77789561	15	19342.893	19343.493	19343.493	19343.693	19344.271
2	52	1	2	348	2	6	6	18	1	2	1	1	0.69635149	16	19345.516	19346.116	19346.116	19346.316	19346.812
2	52	1	2	349	2	6	6	19	4	1	6	1	0.66455436	17	19348.139	19348.339	19348.339	19348.539	19349.003
2	52	1	2	350	2	6	6	20	6	1	8	1	0.60473472	18	19350.36	19350.56	19350.56	19350.76	19351.164
2	52	1	2	351	2	6	6	21	5	1	7	1	1.1825058	19	19352.583	19352.783	19352.783	19352.983	19353.966
2	52	1	2	352	2	6	6	22	4	1	6	1	0.66582566	20	19354.807	19355.007	19355.007	19355.207	19355.673
2	52	1	2	353	2	6	6	23	2	1	2	1	1.128354	21	19357.03	19357.23	19357.23	19357.43	19358.358
2	52	1	2	354	2	6	6	24	4	1	6	1	0.64429099	22	19359.256	19359.456	19359.456	19359.656	19360.1
2	52	1	2	355	2	6	6	25	1	2	1	1	0.77529461	23	19361.479	19362.079	19362.079	19362.279	19362.854
2	52	1	2	356	2	6	6	26	3	2	2	0	1.3749748	23	19364.103	19364.703	19364.703	19364.903	19366.078
2	52	1	2	357	2	6	6	27	5	2	7	1	1.072864	24	19366.722	19367.322	19367.322	19367.522	19368.395
2	52	1	2	358	2	6	6	28	6	1	8	1	0.94674243	25	19369.346	19369.546	19369.546	19369.746	19370.492
2	52	1	2	359	2	6	6	29	2	1	2	1	0.77056951	26	19371.569	19371.769	19371.769	19371.969	19372.54
2	52	1	2	360	2	6	6	30	5	1	7	1	0.76306343	27	19373.792	19373.992	19373.992	19374.192	19374.755
2	52	1	2	361	3	2	7	1	6	2	5	1	0.58508335	1	20337.973	20338.573	20338.573	20338.773	20339.158
2	52	1	2	362	3	2	7	2	3	1	4	1	0.58322587	2	20340.597	20340.797	20340.797	20340.997	20341.381
2	52	1	2	363	3	2	7	3	1	1	4	1	0.70218869	3	20342.821	20343.021	20343.021	20343.221	20343.723
2	52	1	2	364	3	2	7	4	2	2	4	1	0.46276235	4	20345.044	20345.644	20345.644	20345.844	20346.107
2	52	1	2	365	3	2	7	5	4	2	5	1	0.54717817	5	20347.668	20348.268	20348.268	20348.468	20348.815
2	52	1	2	366	3	2	7	6	4	2	5	1	0.59186313	6	20350.292	20350.892	20350.892	20351.092	20351.484
2	52	1	2	367	3	2	7	7	3	2	4	1	0.57759649	7	20352.916	20353.516	20353.516	20353.716	20354.093
2	52	1	2	368	3	2	7	8	5	2	5	1	0.6094793	8	20355.54	20356.14	20356.14	20356.34	20356.75
2	52	1	2	369	3	2	7	9	1	2	4	1	0.50280443	9	20358.165	20358.765	20358.765	20358.965	20359.267
2	52	1	2	370	3	2	7	10	1	2	4	1	0.61070817	10	20360.789	20361.389	20361.389	20361.589	20361.999
2	52	1	2	371	3	2	7	11	6	1	5	1	0.55224569	11	20363.431	20363.631	20363.631	20363.831	20364.183
2	52	1	2	372	3	2	7	12	2	1	4	1	0.58091595	12	20365.656	20365.856	20365.856	20366.056	20366.437
2	52	1	2	373	3	2	7	13	2	1	4	1	0.50023999	13	20367.88	20368.08	20368.08	20368.28	20368.58
2	52	1	2	374	3	2	7	14	4	1	5	1	0.55669448	14	20370.104	20370.304	20370.304	20370.504	20370.861
2	52	1	2	375	3	2	7	15	5	2	5	1	0.61929582	15	20372.328	20372.928	20372.928	20373.128	20373.547
2	52	1	2	376	3	2	7	16	5	2	5	1	0.48844098	16	20374.956	20375.556	20375.556	20375.756	20376.044
2	52	1	2	377	3	2	7	17	2	2	4	1	0.52306031	17	20377.578	20378.178	20378.178	20378.378	20378.701
2	52	1	2	378	3	2	7	18	4	2	5	1	0.57299452	18	20380.202	20380.802	20380.802	20381.002	20381.375
2	52	1	2	379	3	2	7	19	3	1	4	1	0.65241305	19	20382.826	20383.026	20383.026	20383.227	20383.679
2	52	1	2	380	3	2	7	20	6	1	5	1	0.46038825	20	20385.049	20385.249	20385.249	20385.449	20385.71
2	52	1	2	381	3	2	7	21	4	1	5	1	0.66862909	21	20387.273	20387.473	20387.473	20387.673	20388.142
2	52	1	2	382	3	2	7	22	5	1	5	1	0.7603588	22	20389.498	20389.698	20389.698	20389.898	20390.459
2	52	1	2	383	3	2	7	23	6	1	5	1	0.45665848	23	20391.723	20391.923	20391.923	20392.123	20392.38
2	52	1	2	384	3	2	7	24	1	1	4	1	0.55811628	24	20393.95	20394.15	20394.15	20394.35	20394.708
2	52	1	2	385	3	2	7	25	2	2	4	1	0.68609829	25	20396.174	20396.774	20396.774	20396.975	20397.461
2	52	1	2	386	3	2	7	26	6	2	5	1	0.47811798	26	20398.799	20399.399	20399.399	20399.599	20399.877
2	52	1	2	387	3	2	7	27	1	2	4	1	0.85222299	27	20401.425	20402.025	20402.025	20402.225	20402.877
2	52	1	2	388	3	2	7	28	3	1	4	1	0.59808568	28	20404.05	20404.25	20404.25	20404.45	20404.848
2	52	1	2	389	3	2	7	29	5	1	5	1	0.77920746	29	20406.275	20406.475	20406.475	20406.675	20407.254
2	52	1	2	390	3	2	7	30	3	1	4	1	0.74776788	30	20408.499	20408.699	20408.699	20408.899	20409.447
2	52	1	2	391	3	6	7	1	3	2	3	1	1.2968669	1	20438.783	20439.383	20439.383	20439.583	20440.68
2	52	1	2	392	3	6	7	2	2	1	2	1	0.65334206	2	20441.408	20441.608	20441.608	20441.808	20442.261
2	52	1	2	393	3	6	7	3	4	1	6	1	0.80515506	3	20443.633	20443.833	20443.833	20444.033	20444.638
2	52	1	2	394	3	6	7	4	2	2	2	1	0.74246479	4	20445.858	20446.458	20446.458	20446.658	20447.2
2	52	1	2	395	3	6	7	5	4	2	6	1	0.79133268	5	20448.486	20449.086	20449.086	20449.286	20449.878
2	52	1	2	396	3	6	7	6	1	2	1	1	0.79058705	6	20451.111	20451.711	20451.711	20451.911	20452.502
2	52	1	2	397	3	6	7	7	5	2	7	1	0.57699433	7	20453.738	20454.338	20454.338	20454.538	20454.915
2	52	1	2	398	3	6	7	8	6	2	8	1	0.57355745	8	20456.367	20456.967	20456.967	20457.167	20457.541
2	52	1	2	399	3	6	7	9	3	2	3	1	1.5381061	9	20458.993	20459.593	20459.593	20459.793	20461.131
2	52	1	2	400	3	6	7	10	4	2	6	1	0.75690932	10	20461.618	20462.218	20462.218	20462.418	20462.975
2	52	1	2	401	3	6	7	11	3	1	3	1	1.0336796	11	20464.244	20464.444	20464.444	20464.644	20465.477
2	52	1	2	402	3	6	7	12	2	1	2	1	1.0517349	12	20466.466	20466.666	20466.666	20466.866	20467.718
2	52	1	2	403	3	6	7	13	1	1	1	1	0.69716225	13	20468.69	20468.89	20468.89	20469.09	20469.588
2	52	1	2	404	3	6	7	14	5	1	7	1	1.9217414	14	20470.916	20471.116	20471.116	20471.316	20473.038
2	52	1	2	405	3	6	7	15	5	2	7	1	0.63089756	15	20473.14	20473.74	20473.74	20473.94	20474.371
2	52	1	2	406	3	6	7	16	1	2	1	1	0.69756149	16	20475.765	20476.365	20476.365	20476.565	20477.063
2	52	1	2	407	3	6	7	17	6	2	8	1	0.70239237	17	20478.391	20478.991	20478.991	20479.191	20479.693
2	52	1	2	408	3	6	7	18	3	2	3	1	1.8326569	18	20481.02	20481.62	20481.62	20481.82	20483.453
2	52	1	2	409	3	6	7	19	5	1	7	1	0.96758283	19	20483.643	20483.843	20483.843	20484.043	20484.811
2	52	1	2	410	3	6	7	20	1	1	1	1	0.72861017	20	20485.869	20486.069	20486.069	20486.269	20486.797
2	52	1	2	411	3	6	7	21	6	1	8	1	0.66793773	21	20488.095	20488.295	20488.295	20488.495	20488.963
2	52	1	2	412	3	6	7	22	6	1	8	1	0.604429	22	20490.321	20490.521	20490.521	20490.721	20491.125
2	52	1	2	413	3	6	7	23	4	1	6	1	0.66257867	23	20492.583	20492.783	20492.783	20492.983	20493.446
2	52	1	2	414	3	6	7	24	2	1	2	1	0.87013939	24	20494.809	20495.009	20495.009	20495.209	20495.879
2	52	1	2	415	3	6	7	25	6	2	8	1	0.64044019	25	20497.035	20497.635	20497.635	20497.835	20498.276
2	52	1	2	416	3	6	7	26	4	2	6	1	0.69608325	26	20499.661	20500.261	20500.261	20500.461	20500.957
2	52	1	2	417	3	6	7	27	3	2	3	1	1.1405897	27	20502.288	20502.888	20502.888	20503.088	20504.029
2	52	1	2	418	3	6	7	28	2	1	2	1	1.195605	28	20504.914	20505.114	20505.114	20505.314	20506.309
2	52	1	2	419	3	6	7	29	5	1	7	1	0.60740248	29	20507.14	20507.34	20507.34	20507.54	20507.947
2	52	1	2	420	3	6	7	30	1	1	1	1	0.68422807	30	20509.363	20509.563	20509.563	20509.763	20510.247
2	52	1	2	421	3	2	8	1	3	2	4	1	0.73602964	1	20539.653	20540.253	20540.253	20540.453	20540.989
2	52	1	2	422	3	2	8	2	3	1	4	1	0.51014402	2	20542.279	20542.479	20542.479	20542.679	20542.989
2	52	1	2	423	3	2	8	3	5	1	5	1	0.56615184	3	20544.505	20544.705	20544.705	20544.905	20545.271
2	52	1	2	424	3	2	8	4	4	2	5	1	0.57743594	4	20546.731	20547.331	20547.331	20547.531	20547.908
2	52	1	2	425	3	2	8	5	3	2	4	1	0.4507802	5	20549.354	20549.954	20549.954	20550.154	20550.405
2	52	1	2	426	3	2	8	6	4	2	5	1	0.63109809	6	20551.98	20552.58	20552.58	20552.78	20553.211
2	52	1	2	427	3	2	8	7	3	2	4	1	0.44427658	7	20554.607	20555.207	20555.207	20555.407	20555.651
2	52	1	2	428	3	2	8	8	4	2	5	1	0.66100556	8	20557.234	20557.834	20557.834	20558.034	20558.495
2	52	1	2	429	3	2	8	9	6	2	5	1	0.59057319	9	20559.86	20560.46	20560.46	20560.66	20561.051
2	52	1	2	430	3	2	8	10	6	2	5	1	0.63876255	10	20562.487	20563.087	20563.087	20563.287	20563.726
2	52	1	2	431	3	2	8	11	4	1	5	1	0.59433205	11	20565.114	20565.314	20565.314	20565.514	20565.908
2	52	1	2	432	3	2	8	12	1	1	4	1	0.55286107	12	20567.34	20567.54	20567.54	20567.74	20568.093
2	52	1	2	433	3	2	8	13	3	1	4	1	0.46825877	13	20569.567	20569.767	20569.767	20569.967	20570.235
2	52	1	2	434	3	2	8	14	1	1	4	1	0.4623845	14	20571.791	20571.991	20571.991	20572.191	20572.453
2	52	1	2	435	3	2	8	15	5	2	5	1	0.56549717	15	20574.017	20574.617	20574.617	20574.817	20575.183
2	52	1	2	436	3	2	8	16	4	2	5	1	0.57378594	16	20576.689	20577.289	20577.289	20577.489	20577.863
2	52	1	2	437	3	2	8	17	2	2	4	1	0.60582117	17	20579.313	20579.913	20579.913	20580.113	20580.519
2	52	1	2	438	3	2	8	18	2	2	4	1	0.46222093	18	20581.943	20582.543	20582.543	20582.743	20583.005
2	52	1	2	439	3	2	8	19	5	1	5	1	0.57543763	19	20584.572	20584.772	20584.772	20584.972	20585.348
2	52	1	2	440	3	2	8	20	6	1	5	1	0.54219399	20	20586.8	20587	20587	20587.2	20587.542
2	52	1	2	441	3	2	8	21	6	1	5	1	0.45867992	21	20589.027	20589.227	20589.227	20589.427	20589.685
2	52	1	2	442	3	2	8	22	2	1	4	1	0.48676242	22	20591.253	20591.453	20591.453	20591.653	20591.94
2	52	1	2	443	3	2	8	23	6	1	5	1	0.56488241	23	20593.48	20593.68	20593.68	20593.88	20594.245
2	52	1	2	444	3	2	8	24	2	1	4	1	0.52531081	24	20595.706	20595.906	20595.906	20596.106	20596.431
2	52	1	2	445	3	2	8	25	5	2	5	1	0.53635707	25	20597.933	20598.533	20598.533	20598.733	20599.07
2	52	1	2	446	3	2	8	26	1	2	4	1	0.56116735	26	20600.561	20601.161	20601.161	20601.361	20601.723
2	52	1	2	447	3	2	8	27	5	2	5	1	0.51299177	27	20603.188	20603.788	20603.788	20603.988	20604.301
2	52	1	2	448	3	2	8	28	1	1	4	1	0.6136789	28	20605.815	20606.015	20606.015	20606.215	20606.629
2	52	1	2	449	3	2	8	29	1	1	4	1	0.51444745	29	20608.042	20608.242	20608.242	20608.442	20608.757
2	52	1	2	450	3	2	8	30	2	1	4	1	0.52373395	30	20610.27	20610.47	20610.47	20610.67	20610.993
2	52	1	2	451	3	6	8	1	1	2	0	0	-20641.162	0	20640.562	20641.162	20641.162	20641.362	0
2	52	1	2	452	3	6	8	2	1	1	1	1	0.72768545	1	20643.19	20643.39	20643.39	20643.59	20644.118
2	52	1	2	453	3	6	8	3	1	1	1	1	0.68568561	2	20645.418	20645.618	20645.618	20645.818	20646.303
2	52	1	2	454	3	6	8	4	5	2	7	1	1.2438244	3	20647.646	20648.246	20648.246	20648.446	20649.489
2	52	1	2	455	3	6	8	5	3	2	3	1	1.3544194	4	20650.273	20650.873	20650.873	20651.073	20652.227
2	52	1	2	456	3	6	8	6	6	2	2	0	0.50646818	4	20652.898	20653.498	20653.498	20653.698	20654.005
2	52	1	2	457	3	6	8	7	6	2	8	1	0.74974674	5	20655.526	20656.126	20656.126	20656.326	20656.876
2	52	1	2	458	3	6	8	8	2	2	2	1	0.83096575	6	20658.154	20658.754	20658.754	20658.954	20659.585
2	52	1	2	459	3	6	8	9	4	2	6	1	0.8080248	7	20660.782	20661.382	20661.382	20661.582	20662.19
2	52	1	2	460	3	6	8	10	1	2	1	1	0.71648929	8	20663.409	20664.009	20664.009	20664.209	20664.726
2	52	1	2	461	3	6	8	11	3	1	3	1	1.3608014	9	20666.037	20666.237	20666.237	20666.437	20667.598
2	52	1	2	462	3	6	8	12	2	1	2	1	1.1499231	10	20668.265	20668.465	20668.465	20668.665	20669.615
2	52	1	2	463	3	6	8	13	3	1	3	1	1.961338	11	20670.499	20670.699	20670.699	20670.899	20672.661
2	52	1	2	464	3	6	8	14	4	1	6	1	0.76445958	12	20672.726	20672.926	20672.926	20673.126	20673.69
2	52	1	2	465	3	6	8	15	5	2	7	1	0.73332244	13	20674.954	20675.554	20675.554	20675.754	20676.287
2	52	1	2	466	3	6	8	16	1	2	1	1	0.6534832	14	20677.582	20678.182	20678.182	20678.382	20678.836
2	52	1	2	467	3	6	8	17	5	2	7	1	1.9968807	15	20680.212	20680.812	20680.812	20681.012	20682.809
2	52	1	2	468	3	6	8	18	2	2	2	1	1.2314454	16	20682.838	20683.438	20683.438	20683.638	20684.669
2	52	1	2	469	3	6	8	19	2	1	2	1	0.79066887	17	20685.467	20685.667	20685.667	20685.867	20686.457
2	52	1	2	470	3	6	8	20	6	1	8	1	1.9999786	18	20687.695	20687.895	20687.895	20688.095	20689.895
2	52	1	2	471	3	6	8	21	4	1	6	1	1.1791719	19	20689.926	20690.126	20690.126	20690.326	20691.305
2	52	1	2	472	3	6	8	22	6	1	8	1	0.66526086	20	20692.155	20692.355	20692.355	20692.555	20693.02
2	52	1	2	473	3	6	8	23	2	1	2	1	1.0072253	21	20694.383	20694.583	20694.583	20694.783	20695.59
2	52	1	2	474	3	6	8	24	6	1	8	1	0.86070626	22	20696.615	20696.815	20696.815	20697.015	20697.676
2	52	1	2	475	3	6	8	25	5	2	7	1	0.69033177	23	20698.843	20699.443	20699.443	20699.643	20700.134
2	52	1	2	476	3	6	8	26	5	2	7	1	0.65196382	24	20701.471	20702.071	20702.071	20702.271	20702.723
2	52	1	2	477	3	6	8	27	4	2	6	1	0.64195584	25	20704.1	20704.7	20704.7	20704.9	20705.342
2	52	1	2	478	3	6	8	28	3	1	3	1	1.0242459	26	20706.731	20706.931	20706.931	20707.131	20707.956
2	52	1	2	479	3	6	8	29	3	1	3	1	0.69113176	27	20708.96	20709.16	20709.16	20709.36	20709.851
2	52	1	2	480	3	6	8	30	4	1	6	1	0.88019545	28	20711.189	20711.389	20711.389	20711.589	20712.269
2	52	1	2	481	3	2	9	1	4	2	5	1	0.48163082	1	20741.482	20742.082	20742.082	20742.282	20742.563
2	52	1	2	482	3	2	9	2	6	1	5	1	0.59901526	2	20744.116	20744.316	20744.316	20744.516	20744.915
2	52	1	2	483	3	2	9	3	2	1	4	1	0.55631913	3	20746.344	20746.544	20746.544	20746.744	20747.1
2	52	1	2	484	3	2	9	4	2	2	4	1	0.92093724	4	20748.573	20749.173	20749.173	20749.373	20750.094
2	52	1	2	485	3	2	9	5	1	2	4	1	0.54492463	5	20751.202	20751.802	20751.802	20752.002	20752.347
2	52	1	2	486	3	2	9	6	3	2	4	1	0.61489622	6	20753.861	20754.461	20754.461	20754.661	20755.076
2	52	1	2	487	3	2	9	7	3	2	4	1	0.54044549	7	20756.49	20757.09	20757.09	20757.29	20757.631
2	52	1	2	488	3	2	9	8	6	2	5	1	0.57297791	8	20759.119	20759.719	20759.719	20759.919	20760.292
2	52	1	2	489	3	2	9	9	5	2	5	1	0.52230609	9	20761.752	20762.352	20762.352	20762.552	20762.875
2	52	1	2	490	3	2	9	10	3	2	4	1	0.58122231	10	20764.382	20764.982	20764.982	20765.182	20765.563
2	52	1	2	491	3	2	9	11	5	1	5	1	0.6258827	11	20767.011	20767.211	20767.211	20767.411	20767.837
2	52	1	2	492	3	2	9	12	4	1	5	1	0.46825038	12	20769.24	20769.44	20769.44	20769.64	20769.908
2	52	1	2	493	3	2	9	13	5	1	5	1	0.51828788	13	20771.47	20771.67	20771.67	20771.87	20772.188
2	52	1	2	494	3	2	9	14	2	1	4	1	0.57106558	14	20773.698	20773.898	20773.898	20774.098	20774.469
2	52	1	2	495	3	2	9	15	6	2	5	1	0.54641618	15	20775.924	20776.524	20776.524	20776.724	20777.07
2	52	1	2	496	3	2	9	16	1	2	4	1	0.54663652	16	20778.553	20779.153	20779.153	20779.353	20779.7
2	52	1	2	497	3	2	9	17	4	2	5	1	0.54145707	17	20781.183	20781.783	20781.783	20781.983	20782.324
2	52	1	2	498	3	2	9	18	4	2	5	1	0.72181648	18	20783.812	20784.412	20784.412	20784.612	20785.134
2	52	1	2	499	3	2	9	19	5	1	5	1	0.52404441	19	20786.442	20786.642	20786.642	20786.842	20787.166
2	52	1	2	500	3	2	9	20	5	1	5	1	0.52232623	20	20788.672	20788.872	20788.872	20789.072	20789.394
2	52	1	2	501	3	2	9	21	3	1	4	1	0.53458465	21	20790.901	20791.101	20791.101	20791.301	20791.636
2	52	1	2	502	3	2	9	22	1	1	4	1	0.55895956	22	20793.134	20793.334	20793.334	20793.534	20793.893
2	52	1	2	503	3	2	9	23	1	1	4	1	0.50848955	23	20795.363	20795.563	20795.563	20795.763	20796.071
2	52	1	2	504	3	2	9	24	2	1	4	1	0.56257675	24	20797.596	20797.796	20797.796	20797.996	20798.359
2	52	1	2	505	3	2	9	25	3	2	4	1	0.52873961	25	20799.826	20800.426	20800.426	20800.626	20800.954
2	52	1	2	506	3	2	9	26	6	2	5	1	0.59826438	26	20802.456	20803.056	20803.056	20803.256	20803.654
2	52	1	2	507	3	2	9	27	4	2	5	1	0.65115194	27	20805.089	20805.689	20805.689	20805.889	20806.34
2	52	1	2	508	3	2	9	28	1	1	4	1	0.91872856	28	20807.719	20807.919	20807.919	20808.119	20808.838
2	52	1	2	509	3	2	9	29	2	1	4	1	0.52822875	29	20809.948	20810.148	20810.148	20810.348	20810.677
2	52	1	2	510	3	2	9	30	6	1	5	1	0.59384606	30	20812.178	20812.378	20812.378	20812.578	20812.972
2	52	1	2	511	3	6	9	1	2	2	2	1	0.98085462	1	20842.472	20843.072	20843.072	20843.272	20844.052
2	52	1	2	512	3	6	9	2	3	1	3	1	1.0755805	2	20845.099	20845.299	20845.299	20845.499	20846.375
2	52	1	2	513	3	6	9	3	2	1	2	1	0.61949958	3	20847.33	20847.53	20847.53	20847.73	20848.149
2	52	1	2	514	3	6	9	4	4	2	6	1	0.69936746	4	20849.56	20850.16	20850.16	20850.36	20850.859
2	52	1	2	515	3	6	9	5	6	2	8	1	0.61297867	5	20852.19	20852.79	20852.79	20852.99	20853.403
2	52	1	2	516	3	6	9	6	6	2	8	1	0.56101432	6	20854.82	20855.42	20855.42	20855.62	20855.981
2	52	1	2	517	3	6	9	7	5	2	7	1	1.0005818	7	20857.451	20858.051	20858.051	20858.251	20859.052
2	52	1	2	518	3	6	9	8	1	2	1	1	0.64656784	8	20860.077	20860.677	20860.677	20860.877	20861.324
2	52	1	2	519	3	6	9	9	1	2	1	1	0.72071918	9	20862.708	20863.308	20863.308	20863.508	20864.028
2	52	1	2	520	3	6	9	10	1	2	1	1	0.64154145	10	20865.338	20865.938	20865.938	20866.138	20866.58
2	52	1	2	521	3	6	9	11	2	1	2	1	1.3015231	11	20868	20868.2	20868.2	20868.4	20869.501
2	52	1	2	522	3	6	9	12	6	1	8	1	0.68613827	12	20870.23	20870.43	20870.43	20870.63	20871.116
2	52	1	2	523	3	6	9	13	2	1	8	0	0.59157247	12	20872.461	20872.661	20872.661	20872.861	20873.252
2	52	1	2	524	3	6	9	14	3	1	3	1	1.0436962	13	20874.688	20874.888	20874.888	20875.088	20875.932
2	52	1	2	525	3	6	9	15	2	2	2	1	1.9607403	14	20876.918	20877.518	20877.518	20877.718	20879.479
2	52	1	2	526	3	6	9	16	3	2	3	1	1.341716	15	20879.549	20880.149	20880.149	20880.349	20881.491
2	52	1	2	527	3	6	9	17	4	2	6	1	0.71130131	16	20882.181	20882.781	20882.781	20882.981	20883.492
2	52	1	2	528	3	6	9	18	4	2	6	1	0.83962545	17	20884.812	20885.412	20885.412	20885.612	20886.251
2	52	1	2	529	3	6	9	19	3	1	3	1	1.2763037	18	20887.443	20887.643	20887.643	20887.843	20888.919
2	52	1	2	530	3	6	9	20	1	1	1	1	0.72710872	19	20889.677	20889.877	20889.877	20890.077	20890.604
2	52	1	2	531	3	6	9	21	5	1	7	1	1.3316435	20	20891.907	20892.107	20892.107	20892.307	20893.439
2	52	1	2	532	3	6	9	22	4	1	6	1	0.6963797	21	20894.138	20894.338	20894.338	20894.538	20895.034
2	52	1	2	533	3	6	9	23	1	1	1	1	0.71639986	22	20896.37	20896.57	20896.57	20896.77	20897.286
2	52	1	2	534	3	6	9	24	6	1	8	1	1.500253	23	20898.601	20898.801	20898.801	20899.001	20900.301
2	52	1	2	535	3	6	9	25	5	2	7	1	1.0465365	24	20900.831	20901.431	20901.431	20901.631	20902.478
2	52	1	2	536	3	6	9	26	5	2	7	1	0.83206551	25	20903.462	20904.062	20904.062	20904.262	20904.894
2	52	1	2	537	3	6	9	27	6	2	8	1	0.67151854	26	20906.094	20906.694	20906.694	20906.894	20907.365
2	52	1	2	538	3	6	9	28	3	1	3	1	1.3753777	27	20908.725	20908.925	20908.925	20909.125	20910.3
2	52	1	2	539	3	6	9	29	5	1	7	1	0.72121	28	20910.956	20911.156	20911.156	20911.356	20911.878
2	52	1	2	540	3	6	9	30	4	1	6	1	0.67461373	29	20913.188	20913.388	20913.388	20913.588	20914.063
2	52	1	2	541	4	2	10	1	2	2	4	1	0.4498883	1	21479.107	21479.707	21479.707	21479.907	21480.157
2	52	1	2	542	4	2	10	2	5	1	4	0	0.42553038	1	21481.739	21481.939	21481.939	21482.139	21482.365
2	52	1	2	543	4	2	10	3	2	1	4	1	0.45713764	2	21483.971	21484.171	21484.171	21484.371	21484.628
2	52	1	2	544	4	2	10	4	5	2	5	1	0.52275534	3	21486.203	21486.803	21486.803	21487.003	21487.326
2	52	1	2	545	4	2	10	5	5	2	5	1	0.41714074	4	21488.836	21489.436	21489.436	21489.636	21489.853
2	52	1	2	546	4	2	10	6	1	2	4	1	0.5600732	5	21491.469	21492.069	21492.069	21492.269	21492.629
2	52	1	2	547	4	2	10	7	5	2	5	1	0.45618388	6	21494.101	21494.701	21494.701	21494.901	21495.157
2	52	1	2	548	4	2	10	8	2	2	4	1	0.5277632	7	21496.733	21497.333	21497.333	21497.533	21497.86
2	52	1	2	549	4	2	10	9	6	2	5	1	0.50397126	8	21499.364	21499.964	21499.964	21500.164	21500.468
2	52	1	2	550	4	2	10	10	3	2	4	1	0.59903973	9	21501.996	21502.596	21502.596	21502.796	21503.195
2	52	1	2	551	4	2	10	11	6	1	5	1	0.76792255	10	21504.628	21504.828	21504.828	21505.028	21505.596
2	52	1	2	552	4	2	10	12	2	1	4	1	0.61719494	11	21506.86	21507.06	21507.06	21507.26	21507.677
2	52	1	2	553	4	2	10	13	5	1	5	1	0.51306383	12	21509.098	21509.298	21509.298	21509.498	21509.811
2	52	1	2	554	4	2	10	14	6	1	5	1	0.56135583	13	21511.33	21511.53	21511.53	21511.73	21512.092
2	52	1	2	555	4	2	10	15	1	2	4	1	0.58145159	14	21513.562	21514.162	21514.162	21514.362	21514.743
2	52	1	2	556	4	2	10	16	1	2	4	1	0.64131306	15	21516.197	21516.797	21516.797	21516.997	21517.438
2	52	1	2	557	4	2	10	17	3	2	4	1	0.61822397	16	21518.828	21519.428	21519.428	21519.628	21520.046
2	52	1	2	558	4	2	10	18	3	2	4	1	0.59913058	17	21521.46	21522.06	21522.06	21522.26	21522.659
2	52	1	2	559	4	2	10	19	1	1	4	1	0.49533198	18	21524.092	21524.292	21524.292	21524.492	21524.787
2	52	1	2	560	4	2	10	20	2	1	4	1	0.54578552	19	21526.324	21526.524	21526.524	21526.724	21527.07
2	52	1	2	561	4	2	10	21	6	1	5	1	0.53463809	20	21528.558	21528.758	21528.758	21528.958	21529.292
2	52	1	2	562	4	2	10	22	4	1	5	1	0.41609435	21	21530.79	21530.99	21530.99	21531.19	21531.406
2	52	1	2	563	4	2	10	23	3	1	4	1	0.67429469	22	21533.022	21533.222	21533.222	21533.422	21533.896
2	52	1	2	564	4	2	10	24	4	1	5	1	0.49560219	23	21535.253	21535.453	21535.453	21535.653	21535.949
2	52	1	2	565	4	2	10	25	4	2	5	1	0.51138193	24	21537.487	21538.087	21538.087	21538.287	21538.598
2	52	1	2	566	4	2	10	26	3	2	4	1	0.54957159	25	21540.119	21540.719	21540.719	21540.919	21541.269
2	52	1	2	567	4	2	10	27	6	2	5	1	0.48759772	26	21542.752	21543.352	21543.352	21543.552	21543.84
2	52	1	2	568	4	2	10	28	1	1	4	1	0.78737176	27	21545.385	21545.585	21545.585	21545.785	21546.372
2	52	1	2	569	4	2	10	29	4	1	5	1	0.66065099	28	21547.617	21547.817	21547.817	21548.017	21548.478
2	52	1	2	570	4	2	10	30	4	1	5	1	0.62643516	29	21549.851	21550.051	21550.051	21550.251	21550.677
2	52	1	2	571	4	6	10	1	3	2	3	1	1.1712304	1	21580.147	21580.747	21580.747	21580.947	21581.918
2	52	1	2	572	4	6	10	2	4	1	6	1	0.73875171	2	21582.784	21582.984	21582.984	21583.184	21583.722
2	52	1	2	573	4	6	10	3	4	1	6	1	0.67034551	3	21585.017	21585.217	21585.217	21585.417	21585.887
2	52	1	2	574	4	6	10	4	6	2	8	1	0.57128889	4	21587.25	21587.85	21587.85	21588.05	21588.421
2	52	1	2	575	4	6	10	5	6	2	8	1	0.65853624	5	21589.883	21590.483	21590.483	21590.683	21591.142
2	52	1	2	576	4	6	10	6	6	2	8	1	0.58618672	6	21592.517	21593.117	21593.117	21593.317	21593.703
2	52	1	2	577	4	6	10	7	5	2	7	1	1.6793241	7	21595.15	21595.75	21595.75	21595.95	21597.429
2	52	1	2	578	4	6	10	8	2	2	2	1	0.76040935	8	21597.782	21598.382	21598.382	21598.582	21599.142
2	52	1	2	579	4	6	10	9	3	2	3	1	0.85498408	9	21600.415	21601.015	21601.015	21601.215	21601.87
2	52	1	2	580	4	6	10	10	3	2	3	1	1.4613404	10	21603.048	21603.648	21603.648	21603.848	21605.109
2	52	1	2	581	4	6	10	11	2	1	2	1	0.85951904	11	21605.681	21605.881	21605.881	21606.081	21606.741
2	52	1	2	582	4	6	10	12	5	1	7	1	1.0180046	12	21607.913	21608.113	21608.113	21608.313	21609.131
2	52	1	2	583	4	6	10	13	6	1	8	1	0.69677731	13	21610.146	21610.346	21610.346	21610.546	21611.043
2	52	1	2	584	4	6	10	14	1	1	1	1	0.76286726	14	21612.377	21612.577	21612.577	21612.777	21613.339
2	52	1	2	585	4	6	10	15	5	2	7	1	0.70038384	15	21614.611	21615.211	21615.211	21615.411	21615.911
2	52	1	2	586	4	6	10	16	4	2	6	1	0.73968041	16	21617.241	21617.841	21617.841	21618.041	21618.581
2	52	1	2	587	4	6	10	17	4	2	6	1	0.67480591	17	21619.875	21620.475	21620.475	21620.675	21621.149
2	52	1	2	588	4	6	10	18	3	2	3	1	1.6712515	18	21622.508	21623.108	21623.108	21623.308	21624.779
2	52	1	2	589	4	6	10	19	4	1	6	1	0.97414808	19	21625.142	21625.342	21625.342	21625.542	21626.316
2	52	1	2	590	4	6	10	20	1	1	1	1	1.0772405	20	21627.373	21627.573	21627.573	21627.773	21628.65
2	52	1	2	591	4	6	10	21	2	1	0	0	-21629.807	20	21629.607	21629.807	21629.807	21630.007	0
2	52	1	2	592	4	6	10	22	5	1	7	1	1.7655618	21	21631.841	21632.041	21632.041	21632.241	21633.806
2	52	1	2	593	4	6	10	23	1	1	1	1	0.68680305	22	21634.071	21634.271	21634.271	21634.471	21634.958
2	52	1	2	594	4	6	10	24	5	1	7	1	0.66083582	23	21636.305	21636.505	21636.505	21636.705	21637.166
2	52	1	2	595	4	6	10	25	2	2	2	1	1.0518741	24	21638.539	21639.139	21639.139	21639.339	21640.191
2	52	1	2	596	4	6	10	26	2	2	2	1	0.62523627	25	21641.172	21641.772	21641.772	21641.972	21642.397
2	52	1	2	597	4	6	10	27	3	2	3	1	0.77744486	26	21643.805	21644.405	21644.405	21644.605	21645.183
2	52	1	2	598	4	6	10	28	1	1	1	1	0.77592243	27	21646.436	21646.636	21646.636	21646.836	21647.412
2	52	1	2	599	4	6	10	29	1	1	1	1	0.71743172	28	21648.67	21648.87	21648.87	21649.07	21649.588
2	52	1	2	600	4	6	10	30	6	1	8	1	0.75744404	29	21650.904	21651.104	21651.104	21651.304	21651.861
2	52	1	2	601	4	2	11	1	5	2	5	1	0.7398088	1	21681.207	21681.807	21681.807	21682.007	21682.547
2	52	1	2	602	4	2	11	2	2	1	4	1	0.59725601	2	21683.848	21684.048	21684.048	21684.248	21684.646
2	52	1	2	603	4	2	11	3	2	1	4	1	0.45268274	3	21686.089	21686.289	21686.289	21686.489	21686.742
2	52	1	2	604	4	2	11	4	3	2	4	1	0.43952219	4	21688.324	21688.924	21688.924	21689.124	21689.363
2	52	1	2	605	4	2	11	5	3	2	4	1	0.43462106	5	21690.958	21691.558	21691.558	21691.758	21691.992
2	52	1	2	606	4	2	11	6	3	2	4	1	0.62974481	6	21693.591	21694.191	21694.191	21694.391	21694.821
2	52	1	2	607	4	2	11	7	3	2	4	1	0.48965682	7	21696.226	21696.826	21696.826	21697.026	21697.315
2	52	1	2	608	4	2	11	8	5	2	5	1	0.54850156	8	21698.864	21699.464	21699.464	21699.664	21700.012
2	52	1	2	609	4	2	11	9	6	2	5	1	0.55574461	9	21701.498	21702.098	21702.098	21702.298	21702.654
2	52	1	2	610	4	2	11	10	5	2	5	1	0.48498021	10	21704.135	21704.735	21704.735	21704.935	21705.22
2	52	1	2	611	4	2	11	11	2	1	4	1	0.60543893	11	21706.766	21706.966	21706.966	21707.167	21707.572
2	52	1	2	612	4	2	11	12	2	1	4	1	0.57353453	12	21709	21709.2	21709.2	21709.4	21709.774
2	52	1	2	613	4	2	11	13	5	1	5	1	0.42971875	13	21711.234	21711.434	21711.434	21711.634	21711.863
2	52	1	2	614	4	2	11	14	2	1	4	1	0.49065664	14	21713.467	21713.667	21713.668	21713.868	21714.158
2	52	1	2	615	4	2	11	15	1	2	4	1	0.48230363	15	21715.699	21716.299	21716.299	21716.499	21716.781
2	52	1	2	616	4	2	11	16	4	2	5	1	0.55599618	16	21718.336	21718.936	21718.936	21719.136	21719.492
2	52	1	2	617	4	2	11	17	6	2	5	1	0.52324104	17	21720.971	21721.571	21721.571	21721.771	21722.094
2	52	1	2	618	4	2	11	18	1	2	4	1	0.50461987	18	21723.605	21724.205	21724.205	21724.405	21724.709
2	52	1	2	619	4	2	11	19	1	1	4	1	0.71441111	19	21726.244	21726.444	21726.444	21726.644	21727.158
2	52	1	2	620	4	2	11	20	5	1	5	1	0.57763846	20	21728.484	21728.684	21728.684	21728.884	21729.261
2	52	1	2	621	4	2	11	21	4	1	5	1	0.5279786	21	21730.716	21730.916	21730.916	21731.116	21731.444
2	52	1	2	622	4	2	11	22	1	1	4	1	0.58503707	22	21732.948	21733.148	21733.148	21733.348	21733.733
2	52	1	2	623	4	2	11	23	6	1	5	1	0.44712118	23	21735.183	21735.383	21735.383	21735.583	21735.83
2	52	1	2	624	4	2	11	24	4	1	5	1	0.52506248	24	21737.418	21737.618	21737.618	21737.818	21738.143
2	52	1	2	625	4	2	11	25	6	2	5	1	0.4827963	25	21739.653	21740.253	21740.253	21740.453	21740.736
2	52	1	2	626	4	2	11	26	4	2	5	1	0.44967217	26	21742.288	21742.888	21742.888	21743.088	21743.337
2	52	1	2	627	4	2	11	27	6	2	5	1	0.50695596	27	21744.922	21745.522	21745.522	21745.722	21746.029
2	52	1	2	628	4	2	11	28	4	1	5	1	0.56749122	28	21747.558	21747.758	21747.758	21747.958	21748.325
2	52	1	2	629	4	2	11	29	1	1	4	1	0.57186747	29	21749.793	21749.993	21749.993	21750.193	21750.565
2	52	1	2	630	4	2	11	30	3	1	4	1	0.68071972	30	21752.028	21752.228	21752.228	21752.428	21752.909
2	52	1	2	631	4	6	11	1	4	2	6	1	0.71037688	1	21782.317	21782.917	21782.917	21783.117	21783.628
2	52	1	2	632	4	6	11	2	6	1	8	1	1.5145125	2	21784.953	21785.153	21785.153	21785.353	21786.667
2	52	1	2	633	4	6	11	3	3	1	3	1	1.9899821	3	21787.192	21787.392	21787.392	21787.592	21789.382
2	52	1	2	634	4	6	11	4	2	2	2	1	0.67601126	4	21789.427	21790.027	21790.027	21790.227	21790.703
2	52	1	2	635	4	6	11	5	4	2	6	1	0.64605669	5	21792.062	21792.662	21792.662	21792.862	21793.308
2	52	1	2	636	4	6	11	6	1	2	1	1	0.71434456	6	21794.697	21795.297	21795.297	21795.497	21796.011
2	52	1	2	637	4	6	11	7	5	2	7	1	0.71141463	7	21797.333	21797.933	21797.933	21798.133	21798.645
2	52	1	2	638	4	6	11	8	6	2	8	1	1.4468205	8	21799.969	21800.569	21800.569	21800.769	21802.015
2	52	1	2	639	4	6	11	9	5	2	7	1	0.73993358	9	21802.605	21803.205	21803.205	21803.405	21803.945
2	52	1	2	640	4	6	11	10	2	2	2	1	0.75379105	10	21805.237	21805.837	21805.837	21806.037	21806.591
2	52	1	2	641	4	6	11	11	3	1	3	1	1.0772687	11	21807.872	21808.072	21808.072	21808.272	21809.149
2	52	1	2	642	4	6	11	12	5	1	7	1	0.78676365	12	21810.104	21810.304	21810.304	21810.504	21811.091
2	52	1	2	643	4	6	11	13	1	1	1	1	0.74586627	13	21812.338	21812.538	21812.538	21812.738	21813.284
2	52	1	2	644	4	6	11	14	2	1	2	1	0.95318073	14	21814.574	21814.774	21814.774	21814.974	21815.727
2	52	1	2	645	4	6	11	15	2	2	7	1	1.5176336	15	21816.809	21817.409	21817.409	21817.609	21818.927
2	52	1	2	646	4	6	11	16	3	2	3	1	0.84585659	16	21819.445	21820.045	21820.045	21820.245	21820.891
2	52	1	2	647	4	6	11	17	1	2	1	1	0.72415121	17	21822.08	21822.68	21822.68	21822.88	21823.404
2	52	1	2	648	4	6	11	18	3	2	3	1	1.9756295	18	21824.715	21825.315	21825.315	21825.515	21827.291
2	52	1	2	649	4	6	11	19	5	1	7	1	0.71512879	19	21827.355	21827.555	21827.555	21827.755	21828.27
2	52	1	2	650	4	6	11	20	4	1	6	1	0.72517199	20	21829.591	21829.791	21829.791	21829.991	21830.516
2	52	1	2	651	4	6	11	21	2	1	2	1	0.85102517	21	21831.827	21832.027	21832.027	21832.227	21832.878
2	52	1	2	652	4	6	11	22	6	1	8	1	0.71039631	22	21834.062	21834.262	21834.262	21834.462	21834.972
2	52	1	2	653	4	6	11	23	4	1	6	1	0.70708267	23	21836.299	21836.499	21836.499	21836.699	21837.206
2	52	1	2	654	4	6	11	24	1	1	1	1	0.7294923	24	21838.53	21838.73	21838.73	21838.93	21839.46
2	52	1	2	655	4	6	11	25	1	2	1	1	1.0551403	25	21840.766	21841.366	21841.366	21841.566	21842.422
2	52	1	2	656	4	6	11	26	6	2	8	1	1.8603132	26	21843.402	21844.002	21844.002	21844.202	21845.862
2	52	1	2	657	4	6	11	27	4	2	6	1	0.71923301	27	21846.038	21846.638	21846.638	21846.838	21847.357
2	52	1	2	658	4	6	11	28	5	1	7	1	1.3801861	28	21848.674	21848.874	21848.874	21849.074	21850.254
2	52	1	2	659	4	6	11	29	3	1	3	1	1.2929004	29	21850.911	21851.111	21851.111	21851.311	21852.404
2	52	1	2	660	4	6	11	30	6	1	8	1	0.86170483	30	21853.144	21853.344	21853.344	21853.544	21854.206
2	52	1	2	661	4	2	12	1	4	2	5	1	0.80533802	1	21883.447	21884.047	21884.047	21884.247	21884.853
2	52	1	2	662	4	2	12	2	2	1	4	1	0.50581956	2	21886.083	21886.283	21886.283	21886.483	21886.789
2	52	1	2	663	4	2	12	3	6	1	5	1	0.54926048	3	21888.32	21888.52	21888.521	21888.721	21889.07
2	52	1	2	664	4	2	12	4	3	2	4	1	0.88177906	4	21890.557	21891.157	21891.157	21891.357	21892.039
2	52	1	2	665	4	2	12	5	3	2	4	1	0.73858521	5	21893.194	21893.794	21893.794	21893.994	21894.532
2	52	1	2	666	4	2	12	6	4	2	5	1	0.52637054	6	21895.83	21896.43	21896.43	21896.63	21896.956
2	52	1	2	667	4	2	12	7	2	2	4	1	0.87598376	7	21898.466	21899.066	21899.066	21899.266	21899.942
2	52	1	2	668	4	2	12	8	6	2	5	1	0.53448892	8	21901.102	21901.702	21901.702	21901.902	21902.237
2	52	1	2	669	4	2	12	9	2	2	4	1	0.65693321	9	21903.739	21904.339	21904.339	21904.539	21904.996
2	52	1	2	670	4	2	12	10	1	2	4	1	0.48410498	10	21906.377	21906.977	21906.977	21907.177	21907.461
2	52	1	2	671	4	2	12	11	5	1	5	1	0.62225523	11	21909.015	21909.215	21909.215	21909.415	21909.837
2	52	1	2	672	4	2	12	12	2	1	4	1	0.51167016	12	21911.252	21911.452	21911.452	21911.652	21911.964
2	52	1	2	673	4	2	12	13	1	1	4	1	0.47768718	13	21913.489	21913.689	21913.689	21913.889	21914.167
2	52	1	2	674	4	2	12	14	5	1	5	1	0.65562273	14	21915.725	21915.925	21915.925	21916.125	21916.581
2	52	1	2	675	4	2	12	15	6	2	5	1	1.0440067	15	21917.962	21918.562	21918.562	21918.762	21919.606
2	52	1	2	676	4	2	12	16	4	2	5	1	0.47874147	16	21920.599	21921.199	21921.199	21921.399	21921.678
2	52	1	2	677	4	2	12	17	1	2	4	1	0.66968	17	21923.233	21923.833	21923.833	21924.033	21924.503
2	52	1	2	678	4	2	12	18	3	2	4	1	0.6244841	18	21925.868	21926.468	21926.468	21926.668	21927.092
2	52	1	2	679	4	2	12	19	3	1	4	1	0.5861477	19	21928.505	21928.705	21928.705	21928.905	21929.292
2	52	1	2	680	4	2	12	20	1	1	4	1	0.56000122	20	21930.743	21930.943	21930.943	21931.143	21931.503
2	52	1	2	681	4	2	12	21	6	1	5	1	0.62910866	21	21932.984	21933.184	21933.184	21933.384	21933.813
2	52	1	2	682	4	2	12	22	5	1	5	1	0.56649549	22	21935.222	21935.422	21935.422	21935.622	21935.989
2	52	1	2	683	4	2	12	23	4	1	5	1	0.51445433	23	21937.456	21937.657	21937.657	21937.857	21938.171
2	52	1	2	684	4	2	12	24	6	1	5	1	0.56084441	24	21939.694	21939.894	21939.894	21940.094	21940.455
2	52	1	2	685	4	2	12	25	3	2	4	1	0.62527938	25	21941.931	21942.531	21942.531	21942.731	21943.157
2	52	1	2	686	4	2	12	26	2	2	4	1	0.78450001	26	21944.569	21945.169	21945.169	21945.369	21945.953
2	52	1	2	687	4	2	12	27	1	2	4	1	0.47361672	27	21947.205	21947.806	21947.806	21948.006	21948.279
2	52	1	2	688	4	2	12	28	5	1	5	1	0.58773381	28	21949.844	21950.044	21950.044	21950.244	21950.631
2	52	1	2	689	4	2	12	29	4	1	5	1	0.63872579	29	21952.081	21952.281	21952.281	21952.481	21952.92
2	52	1	2	690	4	2	12	30	5	1	5	1	0.51306885	30	21954.322	21954.522	21954.522	21954.722	21955.035
2	52	1	2	691	4	6	12	1	3	2	3	1	0.95447134	1	21984.618	21985.218	21985.218	21985.418	21986.172
2	52	1	2	692	4	6	12	2	3	1	3	1	0.65675865	2	21987.261	21987.461	21987.461	21987.661	21988.118
2	52	1	2	693	4	6	12	3	4	1	6	1	1.2809448	3	21989.499	21989.699	21989.699	21989.899	21990.98
2	52	1	2	694	4	6	12	4	6	2	8	1	0.70666349	4	21991.736	21992.336	21992.336	21992.536	21993.043
2	52	1	2	695	4	6	12	5	4	2	6	1	0.72559241	5	21994.374	21994.974	21994.974	21995.174	21995.7
2	52	1	2	696	4	6	12	6	2	2	2	1	0.89934443	6	21997.012	21997.612	21997.612	21997.812	21998.511
2	52	1	2	697	4	6	12	7	1	2	1	1	0.72475974	7	21999.649	22000.249	22000.249	22000.449	22000.974
2	52	1	2	698	4	6	12	8	3	2	3	1	1.0297377	8	22002.288	22002.888	22002.888	22003.088	22003.918
2	52	1	2	699	4	6	12	9	6	2	8	1	0.68406703	9	22004.928	22005.528	22005.528	22005.728	22006.213
2	52	1	2	700	4	6	12	10	5	2	7	1	0.71732534	10	22007.566	22008.166	22008.166	22008.366	22008.884
2	52	1	2	701	4	6	12	11	2	1	2	1	0.69378859	11	22010.206	22010.406	22010.406	22010.606	22011.1
2	52	1	2	702	4	6	12	12	1	1	1	1	0.81988349	12	22012.488	22012.688	22012.688	22012.888	22013.508
2	52	1	2	703	4	6	12	13	6	1	8	1	0.66055158	13	22014.726	22014.926	22014.926	22015.126	22015.587
2	52	1	2	704	4	6	12	14	6	1	8	1	0.59631748	14	22016.962	22017.162	22017.162	22017.362	22017.758
2	52	1	2	705	4	6	12	15	5	2	7	1	0.67962742	15	22019.199	22019.799	22019.799	22019.999	22020.479
2	52	1	2	706	4	6	12	16	4	2	6	1	0.67308053	16	22021.837	22022.437	22022.437	22022.637	22023.11
2	52	1	2	707	4	6	12	17	5	2	7	1	0.81071705	17	22024.497	22025.097	22025.097	22025.297	22025.908
2	52	1	2	708	4	6	12	18	5	2	7	1	0.67316013	18	22027.132	22027.732	22027.732	22027.932	22028.406
2	52	1	2	709	4	6	12	19	5	1	7	1	0.67620528	19	22029.771	22029.971	22029.971	22030.171	22030.647
2	52	1	2	710	4	6	12	20	1	1	1	1	0.75255204	20	22032.012	22032.212	22032.212	22032.412	22032.965
2	52	1	2	711	4	6	12	21	2	1	2	1	1.2181337	21	22034.25	22034.45	22034.45	22034.65	22035.668
2	52	1	2	712	4	6	12	22	4	1	0	0	-22036.711	21	22036.511	22036.711	22036.711	22036.911	0
2	52	1	2	713	4	6	12	23	6	1	8	1	0.67016127	22	22038.752	22038.952	22038.952	22039.152	22039.622
2	52	1	2	714	4	6	12	24	2	1	2	1	0.89589457	23	22040.991	22041.191	22041.191	22041.391	22042.087
2	52	1	2	715	4	6	12	25	1	2	1	1	0.7206165	24	22043.23	22043.83	22043.83	22044.03	22044.551
2	52	1	2	716	4	6	12	26	3	2	3	1	0.93643653	25	22045.868	22046.468	22046.468	22046.668	22047.404
2	52	1	2	717	4	6	12	27	2	2	2	1	0.63253855	26	22048.534	22049.134	22049.134	22049.334	22049.766
2	52	1	2	718	4	6	12	28	1	1	1	1	0.73596154	27	22051.172	22051.372	22051.372	22051.572	22052.108
2	52	1	2	719	4	6	12	29	4	1	6	1	0.70838078	28	22053.41	22053.61	22053.61	22053.81	22054.319
2	52	1	2	720	4	6	12	30	3	1	3	1	1.1334488	29	22055.649	22055.849	22055.849	22056.049	22056.983
