151	65	255	30	119	48	36	220	0	0	0	0	0	0	0	0	0	0	0	0
1	20	1	2	1	1	2	1	1	3	2	4	1	0.4649522	1	678.44657	679.04672	679.04698	679.24718	679.51193
1	20	1	2	2	1	2	1	2	6	1	5	1	0.48962143	2	681.06464	681.2648	681.26492	681.46517	681.75454
1	20	1	2	3	1	2	1	3	3	1	4	1	0.50410843	3	683.61889	683.8189	683.81892	684.01893	684.32303
1	20	1	2	4	1	2	1	4	4	1	5	1	0.4661996	4	685.82549	686.02551	686.02553	686.22555	686.49172
1	20	1	2	5	1	2	1	5	6	2	5	1	0.53993355	5	688.03128	688.63131	688.63132	688.83133	689.17126
1	20	1	2	6	1	2	1	6	5	1	5	1	0.5157531	6	690.63704	690.83707	690.83707	691.03714	691.35282
1	20	1	2	7	1	2	1	7	1	2	4	1	0.47785937	7	692.84398	693.44398	693.44401	693.64402	693.92187
1	20	1	2	8	1	2	1	8	1	1	4	1	0.68544509	8	695.45215	695.65218	695.65218	695.85218	696.33763
1	20	1	2	9	1	2	1	9	5	1	5	1	0.40759852	9	697.65944	697.85945	697.85945	698.05945	698.26705
1	20	1	2	10	1	2	1	10	3	2	4	1	0.48133438	10	699.86613	700.46614	700.46614	700.66618	700.94747
1	20	1	2	11	1	2	1	11	3	1	4	1	0.48004798	11	702.47353	702.67353	702.67354	702.8736	703.15358
1	20	1	2	12	1	2	1	12	2	1	4	1	0.497305	12	704.68213	704.88213	704.88214	705.08214	705.37944
1	20	1	2	13	1	2	1	13	2	2	4	1	0.45184901	13	706.88906	707.48906	707.48909	707.68913	707.94094
1	20	1	2	14	1	2	1	14	4	1	5	1	0.47548735	14	709.49577	709.6958	709.6958	709.8958	710.17129
1	20	1	2	15	1	2	1	15	6	2	5	1	0.51556976	15	711.76034	712.36034	712.36035	712.56041	712.87592
1	20	1	2	16	1	2	1	16	2	1	4	1	0.49624656	16	714.36769	714.56769	714.5677	714.7677	715.06394
1	20	1	2	17	1	2	1	17	1	1	4	1	0.44196914	17	716.57472	716.77472	716.77472	716.97473	717.21669
1	20	1	2	18	1	2	1	18	3	2	4	1	0.48129202	18	718.78351	719.38351	719.38358	719.58359	719.86487
1	20	1	2	19	1	2	1	19	2	2	4	1	0.48871292	19	721.39099	721.99106	721.99106	722.19111	722.47978
1	20	1	2	20	1	2	1	20	4	1	5	1	0.50800936	20	723.99917	724.19918	724.19918	724.39918	724.70719
1	20	1	2	21	1	2	1	21	4	1	5	1	0.44624616	21	726.20629	726.4063	726.4063	726.60636	726.85254
1	20	1	2	22	1	2	1	22	4	1	5	1	0.41930433	22	728.41349	728.6135	728.6135	728.81356	729.0328
1	20	1	2	23	1	2	1	23	1	1	4	1	0.49461918	23	730.62114	730.82115	730.82121	731.02121	731.31583
1	20	1	2	24	1	2	1	24	5	2	5	1	0.37630495	24	732.82768	733.42774	733.42778	733.62779	733.80409
1	20	1	2	25	1	2	1	25	5	2	5	1	0.43041863	25	735.43537	736.03544	736.03544	736.23544	736.46586
1	20	1	2	26	1	2	1	26	5	2	5	1	0.43104347	26	738.04309	738.64309	738.6431	738.8431	739.07414
1	20	1	2	27	1	2	1	27	6	2	5	1	0.41791364	27	740.65079	741.25079	741.25079	741.4508	741.66871
1	20	1	2	28	1	2	1	28	2	2	4	1	0.47047695	28	743.25869	743.8587	743.85877	744.05877	744.32925
1	20	1	2	29	1	2	1	29	6	2	5	1	0.44109931	29	745.86672	746.46678	746.46679	746.66679	746.90789
1	20	1	2	30	1	2	1	30	1	2	4	1	0.49444109	30	748.47465	749.07465	749.07465	749.27466	749.56909
1	20	1	2	31	1	6	1	1	6	2	8	1	0.70794663	1	849.86989	850.47	850.4701	850.67026	851.17804
1	20	1	2	32	1	6	1	2	4	1	6	1	1.2491932	2	852.48119	852.6812	852.68121	852.88123	853.93041
1	20	1	2	33	1	6	1	3	1	1	1	1	0.76164664	3	854.68913	854.88915	854.88916	855.08918	855.65081
1	20	1	2	34	1	6	1	4	2	1	2	1	0.85025569	4	856.89741	857.09743	857.09744	857.29744	857.94769
1	20	1	2	35	1	6	1	5	1	2	1	1	0.88036289	5	859.10603	859.70603	859.70604	859.90608	860.5864
1	20	1	2	36	1	6	1	6	2	1	2	1	1.0263717	6	861.71475	861.91475	861.91475	862.11476	862.94113
1	20	1	2	37	1	6	1	7	5	2	7	1	0.49936533	7	863.92325	864.52325	864.52327	864.72328	865.02264
1	20	1	2	38	1	6	1	8	3	1	3	1	1.6251622	8	866.53138	866.7314	866.73141	866.93142	868.35658
1	20	1	2	39	1	6	1	9	1	1	1	1	0.83133621	9	868.73801	868.93803	868.93804	869.13804	869.76937
1	20	1	2	40	1	6	1	10	3	2	3	1	1.6521843	10	870.94476	871.54476	871.54477	871.7448	873.19695
1	20	1	2	41	1	6	1	11	6	1	8	1	0.86716285	11	873.55344	873.75344	873.75347	873.95352	874.62063
1	20	1	2	42	1	6	1	12	4	1	6	1	1.3144076	12	875.7625	875.96252	875.96253	876.16254	877.27694
1	20	1	2	43	1	6	1	13	4	2	6	1	0.68592412	13	877.97119	878.57121	878.57122	878.77125	879.25715
1	20	1	2	44	1	6	1	14	4	1	6	1	0.5825462	14	880.5795	880.77952	880.77954	880.97958	881.36208
1	20	1	2	45	1	6	1	15	5	2	7	1	0.72626521	15	882.78812	883.38814	883.38815	883.58815	884.11441
1	20	1	2	46	1	6	1	16	2	1	2	1	1.1366944	16	885.39654	885.59654	885.5966	885.79661	886.73329
1	20	1	2	47	1	6	1	17	3	1	3	1	1.2050669	17	887.60535	887.8054	887.80541	888.00541	889.01048
1	20	1	2	48	1	6	1	18	4	2	6	1	0.88564681	18	889.81228	890.41229	890.41229	890.61232	891.29794
1	20	1	2	49	1	6	1	19	6	2	8	1	0.78539493	19	892.42371	893.02372	893.02372	893.22375	893.80912
1	20	1	2	50	1	6	1	20	6	1	8	1	0.63074905	20	895.02985	895.22985	895.22986	895.42986	895.86061
1	20	1	2	51	1	6	1	21	1	1	1	1	0.70717422	21	897.23812	897.43813	897.43813	897.63813	898.1453
1	20	1	2	52	1	6	1	22	3	1	3	1	1.7537665	22	899.44733	899.64733	899.64733	899.84734	901.4011
1	20	1	2	53	1	6	1	23	2	1	2	1	0.92865366	23	901.65487	901.85488	901.85488	902.05488	902.78353
1	20	1	2	54	1	6	1	24	5	2	7	1	0.76885811	24	903.86357	904.46357	904.46358	904.66358	905.23243
1	20	1	2	55	1	6	1	25	3	2	3	1	1.3783024	25	906.47263	907.07264	907.07264	907.27264	908.45094
1	20	1	2	56	1	6	1	26	5	2	7	1	0.97703588	26	909.08199	909.68199	909.682	909.882	910.65903
1	20	1	2	57	1	6	1	27	2	2	2	1	1.8009663	27	911.69112	912.29112	912.29118	912.49119	914.09214
1	20	1	2	58	1	6	1	28	1	2	1	1	0.72606646	28	914.29857	914.89862	914.89862	915.09862	915.62469
1	20	1	2	59	1	6	1	29	6	2	8	1	0.66886377	29	916.90828	917.50828	917.50829	917.70829	918.17715
1	20	1	2	60	1	6	1	30	5	2	7	1	0.89453338	30	919.51762	920.11762	920.11762	920.31763	921.01216
1	20	1	2	61	1	2	2	1	5	2	5	1	0.47100497	1	932.38797	932.98798	932.98798	933.18799	933.45899
1	20	1	2	62	1	2	2	2	4	1	5	1	0.52532067	2	934.99806	935.19806	935.19807	935.39807	935.72339
1	20	1	2	63	1	2	2	3	1	1	4	1	0.63723155	3	937.20789	937.40789	937.40796	937.60797	938.04519
1	20	1	2	64	1	2	2	4	3	1	4	1	0.4800051	4	939.41792	939.61798	939.61799	939.81799	940.09799
1	20	1	2	65	1	2	2	5	4	2	5	1	0.4969026	5	941.62801	942.22801	942.22802	942.42802	942.72492
1	20	1	2	66	1	2	2	6	1	1	4	1	0.63746231	6	944.23828	944.43829	944.43829	944.6383	945.07576
1	20	1	2	67	1	2	2	7	3	2	4	1	0.49928562	7	946.44587	947.04587	947.04587	947.24588	947.54516
1	20	1	2	68	1	2	2	8	3	1	4	1	0.46813754	8	949.05404	949.25405	949.25412	949.45412	949.72225
1	20	1	2	69	1	2	2	9	1	1	4	1	0.44426564	9	951.26391	951.46397	951.46398	951.66398	951.90824
1	20	1	2	70	1	2	2	10	2	2	4	1	0.51297746	10	953.47402	954.07402	954.07402	954.27403	954.587
1	20	1	2	71	1	2	2	11	5	1	5	1	0.52021573	11	956.08382	956.28382	956.28382	956.48389	956.80404
1	20	1	2	72	1	2	2	12	6	1	5	1	0.40624343	12	958.29427	958.49427	958.49428	958.69428	958.90052
1	20	1	2	73	1	2	2	13	6	2	5	1	0.62645781	13	960.50498	961.10499	961.10499	961.30499	961.73145
1	20	1	2	74	1	2	2	14	2	1	4	1	0.46371817	14	963.1133	963.3133	963.3133	963.51331	963.77702
1	20	1	2	75	1	2	2	15	5	2	5	1	0.40910198	15	965.32369	965.92369	965.9237	966.1237	966.3328
1	20	1	2	76	1	2	2	16	1	1	4	1	0.50048888	16	967.93433	968.13433	968.13433	968.33434	968.63482
1	20	1	2	77	1	2	2	17	5	1	5	1	0.46771176	17	970.14238	970.34239	970.34239	970.54239	970.8101
1	20	1	2	78	1	2	2	18	5	2	5	1	0.51365696	18	972.35264	972.95264	972.95265	973.15265	973.4663
1	20	1	2	79	1	2	2	19	2	2	4	1	0.88627533	19	974.96313	975.56313	975.56314	975.76314	976.44941
1	20	1	2	80	1	2	2	20	3	1	4	1	0.47646462	20	977.57342	977.77342	977.77342	977.97343	978.24989
1	20	1	2	81	1	2	2	21	4	1	5	1	0.50316846	21	979.78193	979.98193	979.98193	980.18194	980.4851
1	20	1	2	82	1	2	2	22	3	1	4	1	0.50780498	22	982.04072	982.24073	982.24073	982.44073	982.74853
1	20	1	2	83	1	2	2	23	4	1	5	1	0.46003674	23	984.25083	984.45083	984.45084	984.65084	984.91087
1	20	1	2	84	1	2	2	24	2	2	4	1	0.42879382	24	986.46184	987.06184	987.06184	987.26185	987.49064
1	20	1	2	85	1	2	2	25	6	2	5	1	0.54719676	25	989.07279	989.6728	989.6728	989.8728	990.22
1	20	1	2	86	1	2	2	26	2	2	4	1	0.43305352	26	991.68301	992.28302	992.28302	992.48302	992.71607
1	20	1	2	87	1	2	2	27	6	2	5	1	0.46817552	27	994.29403	994.89403	994.89404	995.09404	995.36221
1	20	1	2	88	1	2	2	28	1	2	4	1	0.47840679	28	996.90481	997.50481	997.50481	997.70482	997.98322
1	20	1	2	89	1	2	2	29	6	2	5	1	0.38566288	29	999.51564	1000.1156	1000.1156	1000.3156	1000.5013
1	20	1	2	90	1	2	2	30	4	2	5	1	0.61986254	30	1002.1268	1002.7268	1002.7268	1002.9268	1003.3467
1	20	1	2	91	1	6	2	1	5	2	7	1	0.66839104	1	1033.9883	1034.5883	1034.5884	1034.7884	1035.2568
1	20	1	2	92	1	6	2	2	2	1	2	1	0.98746772	2	1036.5997	1036.7997	1036.7998	1036.9998	1037.7872
1	20	1	2	93	1	6	2	3	1	1	1	1	0.64601216	3	1038.8111	1039.0112	1039.0112	1039.2112	1039.6572
1	20	1	2	94	1	6	2	4	4	1	6	1	0.91575193	4	1041.0225	1041.2225	1041.2225	1041.4225	1042.1382
1	20	1	2	95	1	6	2	5	6	2	8	1	0.63335148	5	1043.2341	1043.8341	1043.8341	1044.0341	1044.4675
1	20	1	2	96	1	6	2	6	6	1	8	1	0.69579433	6	1045.8433	1046.0433	1046.0433	1046.2433	1046.7391
1	20	1	2	97	1	6	2	7	3	2	3	1	0.99323076	7	1048.0961	1048.6961	1048.6961	1048.8961	1049.6893
1	20	1	2	98	1	6	2	8	3	1	3	1	0.56985809	8	1050.7075	1050.9075	1050.9075	1051.1075	1051.4773
1	20	1	2	99	1	6	2	9	1	1	1	1	0.69091403	9	1052.9188	1053.1188	1053.1188	1053.3188	1053.8097
1	20	1	2	100	1	6	2	10	4	2	6	1	0.68636698	10	1055.1302	1055.7302	1055.7302	1055.9302	1056.4166
1	20	1	2	101	1	6	2	11	5	1	7	1	0.93666011	11	1057.7422	1057.9422	1057.9422	1058.1422	1058.8788
1	20	1	2	102	1	6	2	12	3	1	3	1	1.1857483	12	1059.9536	1060.1536	1060.1536	1060.3536	1061.3394
1	20	1	2	103	1	6	2	13	6	2	8	1	0.73863844	13	1062.1656	1062.7656	1062.7656	1062.9656	1063.5043
1	20	1	2	104	1	6	2	14	2	1	2	1	1.1957403	14	1064.7773	1064.9773	1064.9773	1065.1773	1066.173
1	20	1	2	105	1	6	2	15	2	2	2	1	0.85258651	15	1066.989	1067.589	1067.589	1067.789	1068.4416
1	20	1	2	106	1	6	2	16	4	1	6	1	0.68522607	16	1069.5981	1069.7981	1069.7981	1069.9981	1070.4833
1	20	1	2	107	1	6	2	17	3	1	3	1	0.80063979	17	1071.8095	1072.0095	1072.0095	1072.2095	1072.8102
1	20	1	2	108	1	6	2	18	1	2	1	1	0.67703465	18	1074.021	1074.621	1074.621	1074.821	1075.298
1	20	1	2	109	1	6	2	19	1	2	1	1	0.64021141	19	1076.6327	1077.2327	1077.2327	1077.4327	1077.8729
1	20	1	2	110	1	6	2	20	1	1	1	1	0.58926752	20	1079.2448	1079.4448	1079.4448	1079.6448	1080.034
1	20	1	2	111	1	6	2	21	6	1	8	1	0.63830345	21	1081.4572	1081.6572	1081.6572	1081.8572	1082.2955
1	20	1	2	112	1	6	2	22	4	1	6	1	0.79832401	22	1083.6674	1083.8674	1083.8674	1084.0675	1084.6658
1	20	1	2	113	1	6	2	23	4	1	6	1	0.51000357	23	1085.8792	1086.0792	1086.0792	1086.2792	1086.5892
1	20	1	2	114	1	6	2	24	5	2	7	1	0.68708052	24	1088.0919	1088.6919	1088.6919	1088.8919	1089.3789
1	20	1	2	115	1	6	2	25	2	2	2	1	0.66651045	25	1090.704	1091.304	1091.304	1091.504	1091.9705
1	20	1	2	116	1	6	2	26	5	2	7	1	0.59654315	26	1093.3162	1093.9162	1093.9163	1094.1163	1094.5128
1	20	1	2	117	1	6	2	27	2	2	1	0	0.83655105	26	1095.9285	1096.5285	1096.5286	1096.7286	1097.3651
1	20	1	2	118	1	6	2	28	6	2	8	1	0.79761042	27	1098.8545	1099.4545	1099.4545	1099.6545	1100.2521
1	20	1	2	119	1	6	2	29	3	2	3	1	1.0245756	28	1101.467	1102.067	1102.067	1102.2671	1103.0916
1	20	1	2	120	1	6	2	30	5	2	7	1	0.7954153	29	1104.0796	1104.6796	1104.6796	1104.8796	1105.475
1	20	1	2	121	1	2	3	1	3	2	4	1	0.50418227	1	1118.0311	1118.6311	1118.6311	1118.8311	1119.1353
1	20	1	2	122	1	2	3	2	6	1	5	1	0.42924023	2	1120.6438	1120.8438	1120.8438	1121.0438	1121.273
1	20	1	2	123	1	2	3	3	4	1	5	1	0.467248	3	1122.8533	1123.0533	1123.0534	1123.2534	1123.5206
1	20	1	2	124	1	2	3	4	2	1	4	1	0.49862303	4	1125.0659	1125.2659	1125.2659	1125.4659	1125.7645
1	20	1	2	125	1	2	3	5	1	2	4	1	0.49955997	5	1127.2788	1127.8789	1127.8789	1128.0789	1128.3784
1	20	1	2	126	1	2	3	6	2	1	4	1	0.51254544	6	1129.8916	1130.0916	1130.0916	1130.2916	1130.6042
1	20	1	2	127	1	2	3	7	4	2	5	1	0.3573157	7	1132.1025	1132.7025	1132.7025	1132.9025	1133.0598
1	20	1	2	128	1	2	3	8	1	1	4	1	0.41995151	8	1134.7122	1134.9122	1134.9123	1135.1123	1135.3322
1	20	1	2	129	1	2	3	9	6	1	5	1	0.33368149	9	1136.9245	1137.1245	1137.1245	1137.3245	1137.4582
1	20	1	2	130	1	2	3	10	3	2	4	1	0.49732041	10	1139.1373	1139.7373	1139.7373	1139.9373	1140.2346
1	20	1	2	131	1	2	3	11	5	1	5	1	0.41180732	11	1141.7507	1141.9507	1141.9507	1142.1507	1142.3625
1	20	1	2	132	1	2	3	12	4	1	5	1	0.42081015	12	1143.9638	1144.1638	1144.1638	1144.3638	1144.5846
1	20	1	2	133	1	2	3	13	5	2	5	1	0.44465829	13	1146.1773	1146.7773	1146.7773	1146.9773	1147.222
1	20	1	2	134	1	2	3	14	1	1	4	1	0.52389995	14	1148.7906	1148.9906	1148.9906	1149.1906	1149.5145
1	20	1	2	135	1	2	3	15	6	2	5	1	0.49885767	15	1151.0021	1151.6021	1151.6021	1151.8021	1152.101
1	20	1	2	136	1	2	3	16	1	1	4	1	0.48406739	16	1153.6147	1153.8147	1153.8147	1154.0147	1154.2988
1	20	1	2	137	1	2	3	17	3	1	4	1	0.50101092	17	1155.8281	1156.0281	1156.0281	1156.2281	1156.5291
1	20	1	2	138	1	2	3	18	5	2	5	1	0.40291891	18	1158.0409	1158.6409	1158.6409	1158.8409	1159.0438
1	20	1	2	139	1	2	3	19	2	2	4	1	0.48628927	19	1160.6515	1161.2515	1161.2515	1161.4515	1161.7378
1	20	1	2	140	1	2	3	20	5	1	5	1	0.41243821	20	1163.2646	1163.4646	1163.4646	1163.6646	1163.877
1	20	1	2	141	1	2	3	21	6	1	5	1	0.4353463	21	1165.4778	1165.6778	1165.6778	1165.8778	1166.1131
1	20	1	2	142	1	2	3	22	4	1	5	1	0.436471	22	1167.6882	1167.8882	1167.8882	1168.0882	1168.3247
1	20	1	2	143	1	2	3	23	2	1	4	1	0.49445335	23	1169.9014	1170.1014	1170.1014	1170.3015	1170.5959
1	20	1	2	144	1	2	3	24	6	2	5	1	0.43132125	24	1172.115	1172.715	1172.715	1172.915	1173.1464
1	20	1	2	145	1	2	3	25	2	2	4	1	0.5268748	25	1174.7263	1175.3263	1175.3263	1175.5263	1175.8532
1	20	1	2	146	1	2	3	26	5	2	5	1	0.45708869	26	1177.34	1177.94	1177.94	1178.14	1178.3971
1	20	1	2	147	1	2	3	27	4	2	5	1	0.44963403	27	1179.9533	1180.5533	1180.5533	1180.7533	1181.0029
1	20	1	2	148	1	2	3	28	3	2	4	1	0.47827189	28	1182.5668	1183.1668	1183.1668	1183.3668	1183.6451
1	20	1	2	149	1	2	3	29	3	2	4	1	0.89012094	29	1185.1779	1185.7779	1185.7779	1185.9779	1186.668
1	20	1	2	150	1	2	3	30	1	2	4	1	0.52521559	30	1187.7895	1188.3895	1188.3895	1188.5895	1188.9147
1	20	1	2	151	1	6	3	1	4	2	6	1	1.2285435	1	1219.4632	1220.0632	1220.0632	1220.2632	1221.2918
1	20	1	2	152	1	6	3	2	6	1	8	1	0.62154993	2	1222.0768	1222.2768	1222.2768	1222.4768	1222.8984
1	20	1	2	153	1	6	3	3	2	1	2	1	0.84683085	3	1224.291	1224.491	1224.491	1224.691	1225.3378
1	20	1	2	154	1	6	3	4	6	1	8	1	0.68198336	4	1226.5045	1226.7046	1226.7046	1226.9046	1227.3865
1	20	1	2	155	1	6	3	5	3	2	3	1	1.1092965	5	1228.7181	1229.3181	1229.3181	1229.5181	1230.4274
1	20	1	2	156	1	6	3	6	5	1	7	1	0.77741186	6	1231.3293	1231.5293	1231.5293	1231.7293	1232.3067
1	20	1	2	157	1	6	3	7	5	2	7	1	0.6945716	7	1233.5426	1234.1426	1234.1426	1234.3426	1234.8372
1	20	1	2	158	1	6	3	8	1	1	1	1	0.70094914	8	1236.1566	1236.3566	1236.3566	1236.5566	1237.0575
1	20	1	2	159	1	6	3	9	2	1	2	1	0.87118654	9	1238.3702	1238.5702	1238.5702	1238.7702	1239.4414
1	20	1	2	160	1	6	3	10	2	2	2	1	0.71539133	10	1240.584	1241.184	1241.184	1241.384	1241.8994
1	20	1	2	161	1	6	3	11	2	1	2	1	0.46384665	11	1243.1961	1243.3961	1243.3961	1243.5961	1243.8599
1	20	1	2	162	1	6	3	12	5	1	7	1	0.72779989	12	1245.41	1245.61	1245.61	1245.81	1246.3378
1	20	1	2	163	1	6	3	13	4	2	6	1	0.83467022	13	1247.6228	1248.2228	1248.2228	1248.4228	1249.0575
1	20	1	2	164	1	6	3	14	1	1	1	1	0.74251578	14	1250.2367	1250.4367	1250.4367	1250.6367	1251.1793
1	20	1	2	165	1	6	3	15	4	2	6	1	0.94477577	15	1252.4514	1253.0514	1253.0514	1253.2514	1253.9962
1	20	1	2	166	1	6	3	16	3	1	3	1	0.7612696	16	1255.0663	1255.2663	1255.2663	1255.4663	1256.0276
1	20	1	2	167	1	6	3	17	3	1	3	1	0.58369563	17	1257.2813	1257.4813	1257.4813	1257.6813	1258.065
1	20	1	2	168	1	6	3	18	1	2	1	1	0.6841582	18	1259.4928	1260.0928	1260.0928	1260.2929	1260.777
1	20	1	2	169	1	6	3	19	4	2	6	1	1.1574482	19	1262.1076	1262.7077	1262.7077	1262.9077	1263.8651
1	20	1	2	170	1	6	3	20	5	1	7	1	0.76282936	20	1264.7194	1264.9194	1264.9194	1265.1194	1265.6823
1	20	1	2	171	1	6	3	21	3	1	3	1	0.85339195	21	1266.9339	1267.1339	1267.1339	1267.3339	1267.9873
1	20	1	2	172	1	6	3	22	1	1	1	1	0.74108825	22	1269.1487	1269.3487	1269.3487	1269.5487	1270.0898
1	20	1	2	173	1	6	3	23	5	1	7	1	0.7505023	23	1271.3634	1271.5634	1271.5634	1271.7634	1272.3139
1	20	1	2	174	1	6	3	24	6	2	8	1	0.67136834	24	1273.5782	1274.1782	1274.1782	1274.3782	1274.8496
1	20	1	2	175	1	6	3	25	6	2	8	1	0.6799168	25	1276.193	1276.793	1276.793	1276.993	1277.4729
1	20	1	2	176	1	6	3	26	6	2	8	1	0.66165652	26	1278.8077	1279.4077	1279.4077	1279.6077	1280.0693
1	20	1	2	177	1	6	3	27	2	2	2	1	0.72215093	27	1281.4227	1282.0227	1282.0227	1282.2227	1282.7449
1	20	1	2	178	1	6	3	28	1	2	1	1	0.78931337	28	1284.0375	1284.6375	1284.6375	1284.8375	1285.4268
1	20	1	2	179	1	6	3	29	4	2	6	1	0.58120327	29	1286.6529	1287.2529	1287.2529	1287.4529	1287.8341
1	20	1	2	180	1	6	3	30	3	2	3	1	0.68615916	30	1289.2683	1289.8683	1289.8683	1290.0684	1290.5545
1	20	1	2	181	2	2	4	1	3	2	4	1	0.55050277	1	1741.8608	1742.4608	1742.4608	1742.6608	1743.0113
1	20	1	2	182	2	2	4	2	3	1	4	1	0.77310094	2	1744.4761	1744.6761	1744.6761	1744.8761	1745.4492
1	20	1	2	183	2	2	4	3	6	1	5	1	0.79317897	3	1746.6912	1746.8912	1746.8912	1747.0912	1747.6844
1	20	1	2	184	2	2	4	4	2	1	4	1	0.51447834	4	1748.9059	1749.1059	1749.1059	1749.306	1749.6204
1	20	1	2	185	2	2	4	5	1	2	4	1	0.5153248	5	1751.1181	1751.7181	1751.7181	1751.9181	1752.2334
1	20	1	2	186	2	2	4	6	4	1	5	1	0.44614069	6	1753.7309	1753.9309	1753.9309	1754.1309	1754.3771
1	20	1	2	187	2	2	4	7	2	2	4	1	0.43078771	7	1755.9464	1756.5464	1756.5464	1756.7464	1756.9771
1	20	1	2	188	2	2	4	8	6	1	5	1	0.53558678	8	1758.5618	1758.7618	1758.7618	1758.9618	1759.2974
1	20	1	2	189	2	2	4	9	1	1	4	1	0.4919423	9	1760.7774	1760.9774	1760.9774	1761.1774	1761.4693
1	20	1	2	190	2	2	4	10	5	2	5	1	0.42729386	10	1762.9897	1763.5897	1763.5897	1763.7897	1764.017
1	20	1	2	191	2	2	4	11	5	1	5	1	0.48688253	11	1765.6057	1765.8057	1765.8057	1766.0058	1766.2926
1	20	1	2	192	2	2	4	12	6	1	5	1	0.63032647	12	1767.8218	1768.0218	1768.0218	1768.2218	1768.6521
1	20	1	2	193	2	2	4	13	3	2	4	1	0.46805937	13	1770.0376	1770.6376	1770.6376	1770.8376	1771.1056
1	20	1	2	194	2	2	4	14	6	1	5	1	0.49864184	14	1772.6505	1772.8505	1772.8505	1773.0505	1773.3492
1	20	1	2	195	2	2	4	15	1	2	4	1	0.46959376	15	1774.8633	1775.4633	1775.4633	1775.6633	1775.9329
1	20	1	2	196	2	2	4	16	5	1	5	1	0.46713878	16	1777.4789	1777.6789	1777.6789	1777.8789	1778.146
1	20	1	2	197	2	2	4	17	5	1	5	1	0.45512476	17	1779.6918	1779.8918	1779.8918	1780.0918	1780.347
1	20	1	2	198	2	2	4	18	1	2	4	1	0.44505813	18	1781.9087	1782.5087	1782.5087	1782.7087	1782.9537
1	20	1	2	199	2	2	4	19	4	2	5	1	0.39681828	19	1784.5242	1785.1242	1785.1242	1785.3242	1785.521
1	20	1	2	200	2	2	4	20	2	1	4	1	0.44880701	20	1787.1369	1787.3369	1787.3369	1787.5369	1787.7857
1	20	1	2	201	2	2	4	21	1	1	4	1	0.50592282	21	1789.3527	1789.5527	1789.5527	1789.7527	1790.0586
1	20	1	2	202	2	2	4	22	4	1	5	1	0.4020796	22	1791.5684	1791.7684	1791.7684	1791.9684	1792.1705
1	20	1	2	203	2	2	4	23	3	1	4	1	0.4995447	23	1793.782	1793.982	1793.982	1794.182	1794.4816
1	20	1	2	204	2	2	4	24	3	2	4	1	0.50869991	24	1796.0056	1796.6056	1796.6056	1796.8056	1797.1143
1	20	1	2	205	2	2	4	25	4	2	5	1	0.41559203	25	1798.6217	1799.2218	1799.2218	1799.4218	1799.6373
1	20	1	2	206	2	2	4	26	2	2	4	1	0.47053502	26	1801.2379	1801.8379	1801.8379	1802.0379	1802.3084
1	20	1	2	207	2	2	4	27	6	2	5	1	0.45670046	27	1803.8543	1804.4543	1804.4543	1804.6543	1804.911
1	20	1	2	208	2	2	4	28	5	2	5	1	0.50083652	28	1806.4711	1807.0711	1807.0711	1807.2711	1807.5719
1	20	1	2	209	2	2	4	29	4	2	5	1	0.48451103	29	1809.0875	1809.6875	1809.6875	1809.8875	1810.172
1	20	1	2	210	2	2	4	30	2	2	4	1	0.45696662	30	1811.7039	1812.3039	1812.3039	1812.5039	1812.7609
1	20	1	2	211	2	6	4	1	1	2	1	1	0.54855993	1	1842.3898	1842.9898	1842.9898	1843.1898	1843.5383
1	20	1	2	212	2	6	4	2	1	1	1	1	0.70336428	2	1845.0031	1845.2031	1845.2031	1845.4031	1845.9065
1	20	1	2	213	2	6	4	3	6	1	8	1	0.69284386	3	1847.2202	1847.4202	1847.4202	1847.6202	1848.1131
1	20	1	2	214	2	6	4	4	4	1	6	1	1.0296221	4	1849.4372	1849.6372	1849.6372	1849.8373	1850.6669
1	20	1	2	215	2	6	4	5	1	2	1	1	0.61481205	5	1851.6533	1852.2533	1852.2533	1852.4533	1852.8681
1	20	1	2	216	2	6	4	6	6	1	8	1	0.55058675	6	1854.2707	1854.4707	1854.4707	1854.6707	1855.0213
1	20	1	2	217	2	6	4	7	2	2	2	1	0.88603664	7	1856.4869	1857.0869	1857.0869	1857.2869	1857.973
1	20	1	2	218	2	6	4	8	4	1	6	1	0.77927901	8	1859.1008	1859.3008	1859.3008	1859.5008	1860.0801
1	20	1	2	219	2	6	4	9	5	1	7	1	0.65335254	9	1861.317	1861.517	1861.5171	1861.7171	1862.1704
1	20	1	2	220	2	6	4	10	4	2	6	1	0.67498507	10	1863.5342	1864.1342	1864.1342	1864.3342	1864.8092
1	20	1	2	221	2	6	4	11	3	1	3	1	0.77801625	11	1866.1513	1866.3513	1866.3513	1866.5513	1867.1293
1	20	1	2	222	2	6	4	12	2	1	2	1	1.0206559	12	1868.3683	1868.5683	1868.5683	1868.7683	1869.5889
1	20	1	2	223	2	6	4	13	5	2	7	1	0.69244474	13	1870.585	1871.185	1871.185	1871.385	1871.8774
1	20	1	2	224	2	6	4	14	6	1	8	1	0.5348172	14	1873.2027	1873.4027	1873.4027	1873.6027	1873.9375
1	20	1	2	225	2	6	4	15	2	2	2	1	0.74839214	15	1875.4166	1876.0166	1876.0166	1876.2166	1876.765
1	20	1	2	226	2	6	4	16	3	1	3	1	0.89689929	16	1878.0345	1878.2345	1878.2345	1878.4345	1879.1314
1	20	1	2	227	2	6	4	17	5	1	7	1	0.70947281	17	1880.2523	1880.4523	1880.4523	1880.6523	1881.1618
1	20	1	2	228	2	6	4	18	4	2	6	1	0.73372842	18	1882.4698	1883.0699	1883.0699	1883.2699	1883.8036
1	20	1	2	229	2	6	4	19	3	2	3	1	0.88421196	19	1885.0871	1885.6871	1885.6871	1885.8871	1886.5713
1	20	1	2	230	2	6	4	20	3	1	3	1	0.56116195	20	1887.7053	1887.9053	1887.9053	1888.1053	1888.4665
1	20	1	2	231	2	6	4	21	4	1	6	1	0.81218457	21	1889.9195	1890.1195	1890.1195	1890.3195	1890.9317
1	20	1	2	232	2	6	4	22	2	1	2	1	0.9617418	22	1892.136	1892.336	1892.336	1892.536	1893.2977
1	20	1	2	233	2	6	4	23	1	1	1	1	0.68197791	23	1894.3512	1894.5513	1894.5513	1894.7513	1895.2332
1	20	1	2	234	2	6	4	24	1	2	1	1	0.69664273	24	1896.5684	1897.1684	1897.1684	1897.3684	1897.865
1	20	1	2	235	2	6	4	25	5	2	7	1	0.75068992	25	1899.1862	1899.7862	1899.7862	1899.9862	1900.5369
1	20	1	2	236	2	6	4	26	5	2	7	1	0.654423	26	1901.804	1902.404	1902.404	1902.604	1903.0584
1	20	1	2	237	2	6	4	27	3	2	3	1	0.76577291	27	1904.422	1905.022	1905.022	1905.222	1905.7877
1	20	1	2	238	2	6	4	28	6	2	8	1	0.62937444	28	1907.1236	1907.7236	1907.7236	1907.9236	1908.353
1	20	1	2	239	2	6	4	29	2	2	2	1	0.89405896	29	1909.7416	1910.3416	1910.3416	1910.5416	1911.2357
1	20	1	2	240	2	6	4	30	6	2	8	1	0.60615995	30	1912.3568	1912.9568	1912.9568	1913.1568	1913.563
1	20	1	2	241	2	2	5	1	4	2	5	1	0.53082974	1	1943.0482	1943.6482	1943.6482	1943.8482	1944.179
1	20	1	2	242	2	2	5	2	1	1	4	1	0.45888586	2	1945.6665	1945.8665	1945.8665	1946.0665	1946.3254
1	20	1	2	243	2	2	5	3	2	1	4	1	0.5361934	3	1947.8818	1948.0818	1948.0818	1948.2818	1948.618
1	20	1	2	244	2	2	5	4	5	1	5	1	0.48793034	4	1950.0999	1950.2999	1950.2999	1950.4999	1950.7878
1	20	1	2	245	2	2	5	5	4	2	5	1	0.47859392	5	1952.3179	1952.9179	1952.9179	1953.118	1953.3965
1	20	1	2	246	2	2	5	6	1	1	4	1	0.41203915	6	1954.9371	1955.1371	1955.1371	1955.3371	1955.5491
1	20	1	2	247	2	2	5	7	5	2	5	1	0.32101673	7	1957.1557	1957.7557	1957.7557	1957.9557	1958.0767
1	20	1	2	248	2	2	5	8	6	1	5	1	0.45381606	8	1959.7737	1959.9737	1959.9737	1960.1737	1960.4275
1	20	1	2	249	2	2	5	9	2	1	4	1	0.39725655	9	1961.9919	1962.1919	1962.1919	1962.3919	1962.5891
1	20	1	2	250	2	2	5	10	3	2	4	1	0.8379743	10	1964.2071	1964.8071	1964.8071	1965.0071	1965.6451
1	20	1	2	251	2	2	5	11	1	1	4	1	0.49982589	11	1966.823	1967.023	1967.023	1967.223	1967.5229
1	20	1	2	252	2	2	5	12	4	1	5	1	0.4155675	12	1969.0419	1969.2419	1969.2419	1969.4419	1969.6575
1	20	1	2	253	2	2	5	13	2	2	4	1	0.41227741	13	1971.2612	1971.8612	1971.8612	1972.0612	1972.2735
1	20	1	2	254	2	2	5	14	5	1	5	1	0.49874273	14	1973.88	1974.08	1974.08	1974.28	1974.5787
1	20	1	2	255	2	2	5	15	6	2	5	1	0.39619914	15	1976.1099	1976.7099	1976.7099	1976.9099	1977.1061
1	20	1	2	256	2	2	5	16	2	1	4	1	0.41839926	16	1978.7288	1978.9288	1978.9288	1979.1289	1979.3472
1	20	1	2	257	2	2	5	17	5	1	5	1	0.44969564	17	1980.9474	1981.1474	1981.1474	1981.3474	1981.5971
1	20	1	2	258	2	2	5	18	5	2	5	1	0.42119567	18	1983.1668	1983.7668	1983.7668	1983.9668	1984.188
1	20	1	2	259	2	2	5	19	2	2	4	1	0.38537068	19	1985.7873	1986.3873	1986.3873	1986.5873	1986.7727
1	20	1	2	260	2	2	5	20	1	1	4	1	0.52385785	20	1988.4065	1988.6065	1988.6065	1988.8065	1989.1304
1	20	1	2	261	2	2	5	21	6	1	5	1	0.38685655	21	1990.6253	1990.8253	1990.8253	1991.0253	1991.2122
1	20	1	2	262	2	2	5	22	1	1	4	1	0.42171138	22	1992.8447	1993.0447	1993.0447	1993.2448	1993.4665
1	20	1	2	263	2	2	5	23	3	1	4	1	0.48859995	23	1995.0641	1995.2641	1995.2641	1995.4641	1995.7527
1	20	1	2	264	2	2	5	24	3	2	4	1	0.47104771	24	1997.2833	1997.8833	1997.8833	1998.0833	1998.3543
1	20	1	2	265	2	2	5	25	4	2	5	1	0.41595279	25	1999.8989	2000.4989	2000.4989	2000.6989	2000.9148
1	20	1	2	266	2	2	5	26	3	2	4	1	0.45253189	26	2002.5178	2003.1178	2003.1178	2003.3178	2003.5703
1	20	1	2	267	2	2	5	27	4	2	5	1	0.38025992	27	2005.1364	2005.7364	2005.7364	2005.9364	2006.1167
1	20	1	2	268	2	2	5	28	6	2	5	1	0.45161449	28	2007.7598	2008.3598	2008.3598	2008.5598	2008.8114
1	20	1	2	269	2	2	5	29	6	2	5	1	0.49623853	29	2010.3789	2010.9789	2010.9789	2011.1789	2011.4751
1	20	1	2	270	2	2	5	30	3	2	4	1	0.48477286	30	2012.9978	2013.5978	2013.5978	2013.7978	2014.0825
1	20	1	2	271	2	6	5	1	6	2	8	1	0.65295513	1	2043.677	2044.277	2044.277	2044.477	2044.9299
1	20	1	2	272	2	6	5	2	4	1	6	1	0.92195237	2	2046.2968	2046.4968	2046.4968	2046.6968	2047.4188
1	20	1	2	273	2	6	5	3	1	1	1	1	0.68738956	3	2048.5133	2048.7133	2048.7134	2048.9134	2049.4008
1	20	1	2	274	2	6	5	4	2	1	2	1	0.70811184	4	2050.7331	2050.9331	2050.9331	2051.1331	2051.6412
1	20	1	2	275	2	6	5	5	5	2	7	1	0.62238203	5	2052.9522	2053.5522	2053.5522	2053.7522	2054.1746
1	20	1	2	276	2	6	5	6	3	1	3	1	1.0723855	6	2055.5719	2055.7719	2055.7719	2055.9719	2056.8443
1	20	1	2	277	2	6	5	7	5	2	7	1	0.69185747	7	2057.7921	2058.3921	2058.3921	2058.5921	2059.084
1	20	1	2	278	2	6	5	8	2	1	2	1	0.97086972	8	2060.4092	2060.6092	2060.6092	2060.8092	2061.5801
1	20	1	2	279	2	6	5	9	1	1	1	1	0.69646196	9	2062.6288	2062.8288	2062.8288	2063.0288	2063.5253
1	20	1	2	280	2	6	5	10	2	2	2	1	0.73446628	10	2064.8483	2065.4483	2065.4483	2065.6483	2066.1828
1	20	1	2	281	2	6	5	11	4	1	6	1	0.80109968	11	2067.4664	2067.6664	2067.6664	2067.8664	2068.4675
1	20	1	2	282	2	6	5	12	1	1	1	1	0.69479059	12	2069.684	2069.884	2069.884	2070.0841	2070.5788
1	20	1	2	283	2	6	5	13	4	2	6	1	0.77183042	13	2071.9042	2072.5043	2072.5043	2072.7043	2073.2761
1	20	1	2	284	2	6	5	14	6	1	8	1	0.62448143	14	2074.5247	2074.7247	2074.7247	2074.9247	2075.3492
1	20	1	2	285	2	6	5	15	1	2	1	1	0.62641489	15	2076.7451	2077.3451	2077.3451	2077.5451	2077.9715
1	20	1	2	286	2	6	5	16	3	1	3	1	1.1626992	16	2079.3616	2079.5616	2079.5616	2079.7616	2080.7243
1	20	1	2	287	2	6	5	17	3	1	3	1	0.58893015	17	2081.5818	2081.7818	2081.7818	2081.9818	2082.3707
1	20	1	2	288	2	6	5	18	6	2	8	1	0.83717848	18	2083.7996	2084.3996	2084.3996	2084.5996	2085.2368
1	20	1	2	289	2	6	5	19	5	2	7	1	0.77434141	19	2086.4194	2087.0194	2087.0194	2087.2194	2087.7937
1	20	1	2	290	2	6	5	20	6	1	8	1	0.90628133	20	2089.0397	2089.2397	2089.2397	2089.4397	2090.146
1	20	1	2	291	2	6	5	21	2	1	2	1	0.6809876	21	2091.2562	2091.4562	2091.4562	2091.6562	2092.1372
1	20	1	2	292	2	6	5	22	6	1	8	1	0.62920196	22	2093.4793	2093.6793	2093.6793	2093.8793	2094.3085
1	20	1	2	293	2	6	5	23	4	1	6	1	0.58243812	23	2095.6992	2095.8992	2095.8992	2096.0992	2096.4817
1	20	1	2	294	2	6	5	24	5	2	7	1	0.66873259	24	2097.9191	2098.5191	2098.5191	2098.7191	2099.1879
1	20	1	2	295	2	6	5	25	3	2	3	1	0.87805567	25	2100.5391	2101.1391	2101.1391	2101.3391	2102.0172
1	20	1	2	296	2	6	5	26	5	2	7	1	0.61947581	26	2103.1609	2103.7609	2103.7609	2103.9609	2104.3804
1	20	1	2	297	2	6	5	27	2	2	2	1	1.0608371	27	2105.7816	2106.3816	2106.3816	2106.5816	2107.4424
1	20	1	2	298	2	6	5	28	1	2	1	1	0.6343661	28	2108.4012	2109.0012	2109.0012	2109.2012	2109.6356
1	20	1	2	299	2	6	5	29	3	2	3	1	0.65213974	29	2111.0215	2111.6215	2111.6215	2111.8215	2112.2736
1	20	1	2	300	2	6	5	30	4	2	6	1	0.60209634	30	2113.6421	2114.2421	2114.2421	2114.4421	2114.8442
1	20	1	2	301	2	2	6	1	2	2	4	1	0.42745641	1	2144.335	2144.935	2144.935	2145.135	2145.3624
1	20	1	2	302	2	2	6	2	5	1	5	1	0.44748852	2	2146.9556	2147.1556	2147.1556	2147.3556	2147.6031
1	20	1	2	303	2	2	6	3	3	1	4	1	0.50797139	3	2149.1759	2149.3759	2149.3759	2149.576	2149.8839
1	20	1	2	304	2	2	6	4	6	1	5	1	0.42391756	4	2151.4966	2151.6966	2151.6966	2151.8966	2152.1205
1	20	1	2	305	2	2	6	5	5	2	5	1	0.42095729	5	2153.7171	2154.3171	2154.3171	2154.5171	2154.738
1	20	1	2	306	2	2	6	6	2	1	4	1	0.42667698	6	2156.3848	2156.5848	2156.5848	2156.7848	2157.0115
1	20	1	2	307	2	2	6	7	3	2	4	1	0.48201789	7	2158.6021	2159.2021	2159.2022	2159.4022	2159.6842
1	20	1	2	308	2	2	6	8	5	1	5	1	0.50706875	8	2161.2231	2161.4231	2161.4231	2161.6231	2161.9302
1	20	1	2	309	2	2	6	9	4	1	5	1	0.46370939	9	2163.4444	2163.6445	2163.6445	2163.8445	2164.1082
1	20	1	2	310	2	2	6	10	4	2	5	1	0.40864322	10	2165.6658	2166.2658	2166.2658	2166.4658	2166.6745
1	20	1	2	311	2	2	6	11	6	1	5	1	0.45563233	11	2168.2893	2168.4893	2168.4893	2168.6893	2168.9449
1	20	1	2	312	2	2	6	12	1	1	4	1	0.56695923	12	2170.5101	2170.7101	2170.7101	2170.9101	2171.2771
1	20	1	2	313	2	2	6	13	4	2	5	1	0.4143402	13	2172.7311	2173.3311	2173.3311	2173.5311	2173.7455
1	20	1	2	314	2	2	6	14	5	1	5	1	0.51989018	14	2175.355	2175.5551	2175.5551	2175.7551	2176.0749
1	20	1	2	315	2	2	6	15	2	2	4	1	0.40391775	15	2177.5761	2178.1761	2178.1761	2178.3761	2178.58
1	20	1	2	316	2	2	6	16	1	1	4	1	0.53209539	16	2180.1972	2180.3972	2180.3972	2180.5972	2180.9293
1	20	1	2	317	2	2	6	17	4	1	5	1	0.4643443	17	2182.4181	2182.6181	2182.6181	2182.8181	2183.0825
1	20	1	2	318	2	2	6	18	1	2	4	1	0.47685241	18	2184.64	2185.24	2185.24	2185.44	2185.7168
1	20	1	2	319	2	2	6	19	6	2	5	1	0.66226416	19	2187.2617	2187.8617	2187.8617	2188.0617	2188.5239
1	20	1	2	320	2	2	6	20	2	1	4	1	0.49824906	20	2189.883	2190.083	2190.083	2190.283	2190.5813
1	20	1	2	321	2	2	6	21	3	1	4	1	0.53864004	21	2192.1043	2192.3043	2192.3043	2192.5043	2192.8429
1	20	1	2	322	2	2	6	22	4	1	5	1	0.48970643	22	2194.3283	2194.5283	2194.5284	2194.7284	2195.0181
1	20	1	2	323	2	2	6	23	1	1	4	1	0.42174708	23	2196.5498	2196.7498	2196.7498	2196.9498	2197.1715
1	20	1	2	324	2	2	6	24	5	2	5	1	0.40000782	24	2198.7717	2199.3717	2199.3717	2199.5717	2199.7717
1	20	1	2	325	2	2	6	25	1	2	4	1	0.67100427	25	2201.436	2202.036	2202.0361	2202.2361	2202.7071
1	20	1	2	326	2	2	6	26	2	2	4	1	0.56131231	26	2204.0566	2204.6566	2204.6566	2204.8566	2205.218
1	20	1	2	327	2	2	6	27	3	2	4	1	0.39571441	27	2206.6782	2207.2782	2207.2782	2207.4782	2207.6739
1	20	1	2	328	2	2	6	28	6	2	5	1	0.42054717	28	2209.3005	2209.9005	2209.9005	2210.1005	2210.3211
1	20	1	2	329	2	2	6	29	6	2	5	1	0.39599716	29	2211.9213	2212.5213	2212.5213	2212.7213	2212.9173
1	20	1	2	330	2	2	6	30	3	2	4	1	0.44187922	30	2214.5432	2215.1432	2215.1432	2215.3432	2215.5851
1	20	1	2	331	2	6	6	1	2	2	2	1	0.67498544	1	2245.2259	2245.8259	2245.8259	2246.0259	2246.5008
1	20	1	2	332	2	6	6	2	5	1	7	1	0.59598207	2	2247.8476	2248.0476	2248.0476	2248.2476	2248.6436
1	20	1	2	333	2	6	6	3	6	1	8	1	0.55417362	3	2250.0714	2250.2714	2250.2714	2250.4714	2250.8255
1	20	1	2	334	2	6	6	4	4	1	6	1	0.52420822	4	2252.2941	2252.4941	2252.4941	2252.6942	2253.0184
1	20	1	2	335	2	6	6	5	4	2	6	1	0.62234284	5	2254.5168	2255.1168	2255.1168	2255.3169	2255.7392
1	20	1	2	336	2	6	6	6	4	1	6	1	0.54629009	6	2257.1385	2257.3385	2257.3385	2257.5385	2257.8848
1	20	1	2	337	2	6	6	7	5	2	7	1	0.44874643	7	2259.3611	2259.9611	2259.9611	2260.1611	2260.4099
1	20	1	2	338	2	6	6	8	2	1	2	1	0.64239891	8	2261.9831	2262.1831	2262.1832	2262.3832	2262.8256
1	20	1	2	339	2	6	6	9	1	1	1	1	0.69472834	9	2264.2054	2264.4054	2264.4054	2264.6054	2265.1001
1	20	1	2	340	2	6	6	10	4	2	6	1	0.68645668	10	2266.4307	2267.0307	2267.0307	2267.2307	2267.7171
1	20	1	2	341	2	6	6	11	1	1	1	1	0.72571441	11	2269.0531	2269.2531	2269.2531	2269.4531	2269.9788
1	20	1	2	342	2	6	6	12	2	1	2	1	0.85694431	12	2271.2759	2271.4759	2271.4759	2271.6759	2272.3328
1	20	1	2	343	2	6	6	13	5	2	7	1	0.60236135	13	2273.532	2274.132	2274.132	2274.332	2274.7343
1	20	1	2	344	2	6	6	14	1	1	1	1	0.92659548	14	2276.1548	2276.3548	2276.3548	2276.5549	2277.2814
1	20	1	2	345	2	6	6	15	3	2	3	1	0.91951974	15	2278.3803	2278.9803	2278.9803	2279.1803	2279.8998
1	20	1	2	346	2	6	6	16	2	1	2	1	1.1934065	16	2281.0031	2281.2031	2281.2031	2281.4031	2282.3965
1	20	1	2	347	2	6	6	17	2	1	2	1	0.64924742	17	2283.2249	2283.4249	2283.4249	2283.6249	2284.0741
1	20	1	2	348	2	6	6	18	3	2	3	1	0.71170679	18	2285.4495	2286.0495	2286.0495	2286.2495	2286.7612
1	20	1	2	349	2	6	6	19	6	2	8	1	0.67301812	19	2288.072	2288.672	2288.672	2288.872	2289.3451
1	20	1	2	350	2	6	6	20	6	1	8	1	0.54912774	20	2290.6953	2290.8953	2290.8953	2291.0953	2291.4444
1	20	1	2	351	2	6	6	21	3	1	3	1	1.0632083	21	2292.9153	2293.1153	2293.1153	2293.3153	2294.1785
1	20	1	2	352	2	6	6	22	5	1	7	1	0.66545242	22	2295.1368	2295.3368	2295.3368	2295.5368	2296.0022
1	20	1	2	353	2	6	6	23	3	1	3	1	0.74596598	23	2297.3595	2297.5595	2297.5595	2297.7595	2298.3055
1	20	1	2	354	2	6	6	24	3	2	3	1	0.61272303	24	2299.5815	2300.1815	2300.1815	2300.3816	2300.7943
1	20	1	2	355	2	6	6	25	6	2	8	1	0.64802633	25	2302.2046	2302.8046	2302.8046	2303.0046	2303.4527
1	20	1	2	356	2	6	6	26	5	2	7	1	0.72633467	26	2304.8275	2305.4275	2305.4275	2305.6275	2306.1539
1	20	1	2	357	2	6	6	27	4	2	6	1	0.98506087	27	2307.4507	2308.0507	2308.0507	2308.2507	2309.0358
1	20	1	2	358	2	6	6	28	1	2	1	1	0.77128641	28	2310.0737	2310.6737	2310.6737	2310.8737	2311.445
1	20	1	2	359	2	6	6	29	6	2	8	1	0.67266784	29	2312.6972	2313.2972	2313.2972	2313.4972	2313.9699
1	20	1	2	360	2	6	6	30	1	2	1	1	0.76380658	30	2315.3215	2315.9215	2315.9215	2316.1215	2316.6853
1	20	1	2	361	3	2	7	1	2	2	4	1	0.47665016	1	3344.5583	3345.1583	3345.1583	3345.3583	3345.6349
1	20	1	2	362	3	2	7	2	5	1	5	1	0.49241611	2	3347.1805	3347.3805	3347.3805	3347.5805	3347.873
1	20	1	2	363	3	2	7	3	3	1	4	1	0.48572551	3	3349.4033	3349.6033	3349.6033	3349.8033	3350.089
1	20	1	2	364	3	2	7	4	5	1	5	1	0.40809855	4	3351.6263	3351.8263	3351.8263	3352.0263	3352.2344
1	20	1	2	365	3	2	7	5	2	2	4	1	0.50785296	5	3353.8493	3354.4493	3354.4493	3354.6493	3354.9571
1	20	1	2	366	3	2	7	6	3	1	4	1	0.48318194	6	3356.4738	3356.6738	3356.6738	3356.8738	3357.1569
1	20	1	2	367	3	2	7	7	6	2	5	1	0.48645412	7	3358.6995	3359.2995	3359.2995	3359.4995	3359.7859
1	20	1	2	368	3	2	7	8	4	1	5	1	0.41214719	8	3361.3202	3361.5202	3361.5202	3361.7202	3361.9324
1	20	1	2	369	3	2	7	9	5	1	5	1	0.48056965	9	3363.5455	3363.7455	3363.7455	3363.9455	3364.2261
1	20	1	2	370	3	2	7	10	1	2	4	1	0.38416042	10	3365.7697	3366.3697	3366.3697	3366.5697	3366.7539
1	20	1	2	371	3	2	7	11	1	1	4	1	0.48885412	11	3368.3937	3368.5937	3368.5937	3368.7937	3369.0826
1	20	1	2	372	3	2	7	12	6	1	5	1	0.45546389	12	3370.6175	3370.8175	3370.8175	3371.0175	3371.273
1	20	1	2	373	3	2	7	13	3	2	4	1	0.40964889	13	3372.8412	3373.4412	3373.4412	3373.6412	3373.8508
1	20	1	2	374	3	2	7	14	2	1	4	1	0.4607044	14	3375.4648	3375.6648	3375.6648	3375.8648	3376.1255
1	20	1	2	375	3	2	7	15	3	2	4	1	0.45296304	15	3377.6882	3378.2882	3378.2882	3378.4882	3378.7412
1	20	1	2	376	3	2	7	16	4	1	5	1	0.42826256	16	3380.3119	3380.5119	3380.5119	3380.7119	3380.9401
1	20	1	2	377	3	2	7	17	4	1	5	1	0.48346121	17	3382.5353	3382.7353	3382.7353	3382.9353	3383.2188
1	20	1	2	378	3	2	7	18	4	2	5	1	0.36924121	18	3384.7593	3385.3593	3385.3593	3385.5593	3385.7286
1	20	1	2	379	3	2	7	19	3	2	4	1	0.46836652	19	3387.3836	3387.9836	3387.9836	3388.1836	3388.4519
1	20	1	2	380	3	2	7	20	6	1	5	1	0.56278795	20	3390.0079	3390.2079	3390.2079	3390.4079	3390.7707
1	20	1	2	381	3	2	7	21	5	1	5	1	0.45204728	21	3392.2317	3392.4317	3392.4317	3392.6317	3392.8837
1	20	1	2	382	3	2	7	22	1	1	5	0	0.42205278	21	3394.4522	3394.6522	3394.6522	3394.8522	3395.0743
1	20	1	2	383	3	2	7	23	4	1	5	1	0.49421112	22	3396.6759	3396.8759	3396.8759	3397.0759	3397.3701
1	20	1	2	384	3	2	7	24	2	2	4	1	0.41202581	23	3398.9004	3399.5004	3399.5004	3399.7004	3399.9124
1	20	1	2	385	3	2	7	25	1	2	4	1	0.47290973	24	3401.5241	3402.1241	3402.1241	3402.3241	3402.597
1	20	1	2	386	3	2	7	26	5	2	5	1	0.43247335	25	3404.1528	3404.7528	3404.7528	3404.9528	3405.1853
1	20	1	2	387	3	2	7	27	6	2	5	1	0.56702675	26	3406.7801	3407.3801	3407.3801	3407.5801	3407.9471
1	20	1	2	388	3	2	7	28	2	2	4	1	0.41568194	27	3409.4047	3410.0047	3410.0047	3410.2047	3410.4203
1	20	1	2	389	3	2	7	29	6	2	5	1	0.47946912	28	3412.0281	3412.6282	3412.6282	3412.8282	3413.1076
1	20	1	2	390	3	2	7	30	1	2	4	1	0.43707052	29	3414.6524	3415.2524	3415.2524	3415.4524	3415.6894
1	20	1	2	391	3	6	7	1	3	2	3	1	1.302798	1	3445.3377	3445.9377	3445.9377	3446.1377	3447.2405
1	20	1	2	392	3	6	7	2	6	1	8	1	0.6940255	2	3447.9628	3448.1628	3448.1628	3448.3628	3448.8568
1	20	1	2	393	3	6	7	3	5	1	7	1	0.93733309	3	3450.1845	3450.3845	3450.3845	3450.5845	3451.3218
1	20	1	2	394	3	6	7	4	4	1	6	1	0.69504333	4	3452.4094	3452.6094	3452.6095	3452.8095	3453.3045
1	20	1	2	395	3	6	7	5	2	2	2	1	0.67782934	5	3454.6381	3455.2381	3455.2381	3455.4381	3455.9159
1	20	1	2	396	3	6	7	6	1	1	1	1	0.69433347	6	3457.3327	3457.5327	3457.5327	3457.7327	3458.227
1	20	1	2	397	3	6	7	7	6	2	8	1	0.67389485	7	3459.5611	3460.1611	3460.1611	3460.3611	3460.835
1	20	1	2	398	3	6	7	8	5	1	7	1	0.64325114	8	3462.1854	3462.3854	3462.3854	3462.5854	3463.0286
1	20	1	2	399	3	6	7	9	6	1	8	1	0.67906534	9	3464.4109	3464.6109	3464.6109	3464.8109	3465.2899
1	20	1	2	400	3	6	7	10	4	2	6	1	0.73751357	10	3466.6357	3467.2357	3467.2357	3467.4357	3467.9732
1	20	1	2	401	3	6	7	11	1	1	1	1	0.69307764	11	3469.3431	3469.5431	3469.5431	3469.7431	3470.2362
1	20	1	2	402	3	6	7	12	5	1	7	1	0.82612854	12	3471.5681	3471.7681	3471.7681	3471.9681	3472.5942
1	20	1	2	403	3	6	7	13	1	2	1	1	0.70573126	13	3473.7928	3474.3928	3474.3928	3474.5928	3475.0985
1	20	1	2	404	3	6	7	14	4	1	6	1	0.69516583	14	3476.4179	3476.6179	3476.6179	3476.8179	3477.3131
1	20	1	2	405	3	6	7	15	4	2	6	1	0.67048388	15	3478.6436	3479.2436	3479.2437	3479.4437	3479.9141
1	20	1	2	406	3	6	7	16	2	1	2	1	0.963862	16	3481.3524	3481.5524	3481.5524	3481.7524	3482.5163
1	20	1	2	407	3	6	7	17	6	1	8	1	0.69469646	17	3483.5886	3483.7886	3483.7886	3483.9886	3484.4833
1	20	1	2	408	3	6	7	18	3	2	3	1	0.66973522	18	3485.8143	3486.4143	3486.4143	3486.6143	3487.0841
1	20	1	2	409	3	6	7	19	2	2	2	1	0.6606922	19	3488.4392	3489.0392	3489.0392	3489.2392	3489.6999
1	20	1	2	410	3	6	7	20	2	1	2	1	0.66188677	20	3491.0609	3491.2609	3491.2609	3491.461	3491.9228
1	20	1	2	411	3	6	7	21	5	1	7	1	0.72560204	21	3493.3729	3493.5729	3493.5729	3493.7729	3494.2985
1	20	1	2	412	3	6	7	22	5	1	7	1	0.68578586	22	3495.5981	3495.7981	3495.7981	3495.9981	3496.4839
1	20	1	2	413	3	6	7	23	3	1	3	1	0.81725994	23	3497.8239	3498.0239	3498.0239	3498.2239	3498.8411
1	20	1	2	414	3	6	7	24	2	2	2	1	0.92949617	24	3500.0495	3500.6495	3500.6495	3500.8495	3501.579
1	20	1	2	415	3	6	7	25	1	2	1	1	0.68712233	25	3502.6756	3503.2756	3503.2756	3503.4756	3503.9627
1	20	1	2	416	3	6	7	26	3	2	3	1	0.74429379	26	3505.3877	3505.9877	3505.9877	3506.1877	3506.732
1	20	1	2	417	3	6	7	27	1	2	1	1	0.61977728	27	3508.0138	3508.6138	3508.6138	3508.8138	3509.2336
1	20	1	2	418	3	6	7	28	6	2	8	1	0.65912258	28	3510.6394	3511.2394	3511.2394	3511.4394	3511.8985
1	20	1	2	419	3	6	7	29	3	2	3	1	0.77720929	29	3513.2653	3513.8653	3513.8653	3514.0653	3514.6425
1	20	1	2	420	3	6	7	30	4	2	6	1	0.69708615	30	3515.891	3516.491	3516.491	3516.691	3517.188
1	20	1	2	421	3	2	8	1	1	2	4	1	0.54401286	1	3546.5877	3547.1877	3547.1877	3547.3877	3547.7317
1	20	1	2	422	3	2	8	2	6	1	5	1	0.44416459	2	3549.2135	3549.4135	3549.4135	3549.6135	3549.8577
1	20	1	2	423	3	2	8	3	5	1	5	1	0.43220328	3	3551.4398	3551.6398	3551.6398	3551.8398	3552.072
1	20	1	2	424	3	2	8	4	2	1	4	1	0.38908076	4	3553.6684	3553.8684	3553.8684	3554.0684	3554.2574
1	20	1	2	425	3	2	8	5	5	2	5	1	0.4028708	5	3555.8944	3556.4944	3556.4945	3556.6945	3556.8973
1	20	1	2	426	3	2	8	6	2	1	4	1	0.42085729	6	3558.5202	3558.7202	3558.7202	3558.9202	3559.141
1	20	1	2	427	3	2	8	7	4	2	5	1	0.44713301	7	3560.7463	3561.3463	3561.3463	3561.5463	3561.7934
1	20	1	2	428	3	2	8	8	1	1	4	1	0.4228515	8	3563.372	3563.572	3563.5721	3563.7721	3563.9949
1	20	1	2	429	3	2	8	9	2	1	5	0	0.33840511	8	3565.5988	3565.7988	3565.7988	3565.9988	3566.1372
1	20	1	2	430	3	2	8	10	4	2	5	1	0.47397181	9	3567.8254	3568.4254	3568.4254	3568.6254	3568.8994
1	20	1	2	431	3	2	8	11	6	1	5	1	0.46193057	10	3570.4522	3570.6522	3570.6522	3570.8522	3571.1142
1	20	1	2	432	3	2	8	12	2	1	4	1	0.3565915	11	3572.6767	3572.8767	3572.8767	3573.0767	3573.2333
1	20	1	2	433	3	2	8	13	3	2	4	1	0.40964188	12	3574.9039	3575.5039	3575.5039	3575.7039	3575.9135
1	20	1	2	434	3	2	8	14	1	1	4	1	0.41839506	13	3577.5348	3577.7348	3577.7348	3577.9348	3578.1532
1	20	1	2	435	3	2	8	15	1	2	4	1	0.496905	14	3579.7613	3580.3613	3580.3613	3580.5613	3580.8582
1	20	1	2	436	3	2	8	16	3	1	4	1	0.47966163	15	3582.3879	3582.5879	3582.5879	3582.7879	3583.0676
1	20	1	2	437	3	2	8	17	2	1	4	1	0.46975808	16	3584.6144	3584.8145	3584.8145	3585.0145	3585.2842
1	20	1	2	438	3	2	8	18	1	2	4	1	0.4102753	17	3586.8417	3587.4417	3587.4417	3587.6417	3587.852
1	20	1	2	439	3	2	8	19	3	2	4	1	0.52637247	18	3589.4831	3590.0831	3590.0831	3590.2831	3590.6095
1	20	1	2	440	3	2	8	20	5	1	5	1	0.36768046	19	3592.1091	3592.3091	3592.3091	3592.5091	3592.6768
1	20	1	2	441	3	2	8	21	4	1	5	1	0.43390778	20	3594.3392	3594.5392	3594.5392	3594.7392	3594.9731
1	20	1	2	442	3	2	8	22	6	1	5	1	0.48593763	21	3596.5658	3596.7658	3596.7658	3596.9658	3597.2517
1	20	1	2	443	3	2	8	23	5	1	5	1	0.49033253	22	3598.7923	3598.9923	3598.9923	3599.1923	3599.4826
1	20	1	2	444	3	2	8	24	6	2	5	1	0.58431999	23	3601.0186	3601.6186	3601.6186	3601.8186	3602.2029
1	20	1	2	445	3	2	8	25	3	2	4	1	0.50497261	24	3603.6486	3604.2486	3604.2486	3604.4487	3604.7536
1	20	1	2	446	3	2	8	26	4	2	5	1	0.51321758	25	3606.2761	3606.8761	3606.8761	3607.0761	3607.3893
1	20	1	2	447	3	2	8	27	3	2	4	1	0.54482977	26	3608.9045	3609.5045	3609.5045	3609.7045	3610.0494
1	20	1	2	448	3	2	8	28	5	2	5	1	0.39698159	27	3611.533	3612.133	3612.133	3612.333	3612.5299
1	20	1	2	449	3	2	8	29	6	2	5	1	0.45304373	28	3614.1587	3614.7587	3614.7587	3614.9587	3615.2117
1	20	1	2	450	3	2	8	30	4	2	5	1	0.46863173	29	3616.7826	3617.3826	3617.3826	3617.5826	3617.8513
1	20	1	2	451	3	6	8	1	5	2	7	1	0.67717037	1	3647.5576	3648.1576	3648.1576	3648.3576	3648.8348
1	20	1	2	452	3	6	8	2	5	1	7	1	0.54898214	2	3650.1843	3650.3843	3650.3843	3650.5843	3650.9333
1	20	1	2	453	3	6	8	3	2	1	2	1	0.68512597	3	3652.4123	3652.6123	3652.6123	3652.8123	3653.2974
1	20	1	2	454	3	6	8	4	1	1	1	1	0.7458225	4	3654.6396	3654.8396	3654.8396	3655.0396	3655.5854
1	20	1	2	455	3	6	8	5	5	2	7	1	0.71080682	5	3656.8667	3657.4667	3657.4667	3657.6667	3658.1775
1	20	1	2	456	3	6	8	6	2	1	2	1	0.63601502	6	3659.4939	3659.6939	3659.6939	3659.8939	3660.3299
1	20	1	2	457	3	6	8	7	1	2	1	1	0.59766373	7	3661.7244	3662.3244	3662.3244	3662.5244	3662.922
1	20	1	2	458	3	6	8	8	4	1	6	1	0.74739502	8	3664.3522	3664.5522	3664.5522	3664.7522	3665.2996
1	20	1	2	459	3	6	8	9	4	1	6	1	0.46291511	9	3666.5803	3666.7803	3666.7803	3666.9803	3667.2432
1	20	1	2	460	3	6	8	10	1	2	1	1	0.74664873	10	3668.8078	3669.4078	3669.4078	3669.6078	3670.1544
1	20	1	2	461	3	6	8	11	6	1	8	1	0.70198987	11	3671.4355	3671.6355	3671.6355	3671.8355	3672.3375
1	20	1	2	462	3	6	8	12	1	1	1	1	0.77383409	12	3673.6635	3673.8635	3673.8635	3674.0635	3674.6373
1	20	1	2	463	3	6	8	13	3	2	3	1	0.82289172	13	3675.8912	3676.4912	3676.4912	3676.6912	3677.3141
1	20	1	2	464	3	6	8	14	3	1	3	1	0.49921025	14	3678.5188	3678.7188	3678.7188	3678.9188	3679.218
1	20	1	2	465	3	6	8	15	3	2	3	1	0.565722	15	3680.7462	3681.3462	3681.3462	3681.5462	3681.9119
1	20	1	2	466	3	6	8	16	5	1	7	1	0.84702259	16	3683.3703	3683.5703	3683.5703	3683.7703	3684.4174
1	20	1	2	467	3	6	8	17	4	1	6	1	0.75199599	17	3685.5968	3685.7968	3685.7968	3685.9968	3686.5488
1	20	1	2	468	3	6	8	18	4	2	6	1	0.72365057	18	3687.8248	3688.4248	3688.4248	3688.6248	3689.1484
1	20	1	2	469	3	6	8	19	1	2	1	1	1.1407208	19	3690.4529	3691.0529	3691.0529	3691.2529	3692.1936
1	20	1	2	470	3	6	8	20	6	1	8	1	0.68819988	20	3693.0815	3693.2816	3693.2816	3693.4816	3693.9698
1	20	1	2	471	3	6	8	21	2	1	2	1	0.76656139	21	3695.3101	3695.5101	3695.5101	3695.7101	3696.2767
1	20	1	2	472	3	6	8	22	2	1	2	1	0.81814903	22	3697.609	3697.8091	3697.8091	3698.0091	3698.6272
1	20	1	2	473	3	6	8	23	6	1	8	1	0.69658068	23	3699.8404	3700.0404	3700.0404	3700.2404	3700.737
1	20	1	2	474	3	6	8	24	4	2	6	1	0.6371388	24	3702.0679	3702.6679	3702.6679	3702.8679	3703.305
1	20	1	2	475	3	6	8	25	2	2	2	1	0.69122121	25	3704.6955	3705.2955	3705.2955	3705.4955	3705.9867
1	20	1	2	476	3	6	8	26	6	2	8	1	0.67120015	26	3707.3237	3707.9237	3707.9237	3708.1238	3708.5949
1	20	1	2	477	3	6	8	27	3	2	3	1	0.65968069	27	3709.9523	3710.5523	3710.5523	3710.7523	3711.212
1	20	1	2	478	3	6	8	28	6	2	8	1	0.70733061	28	3712.6228	3713.2228	3713.2228	3713.4228	3713.9301
1	20	1	2	479	3	6	8	29	5	2	7	1	0.63250473	29	3715.2509	3715.8509	3715.8509	3716.0509	3716.4834
1	20	1	2	480	3	6	8	30	3	2	3	1	1.0145479	30	3717.8765	3718.4765	3718.4766	3718.6766	3719.4911
1	20	1	2	481	3	2	9	1	3	2	4	1	0.53067238	1	3748.5774	3749.1774	3749.1774	3749.3774	3749.7081
1	20	1	2	482	3	2	9	2	1	1	4	1	0.46310406	2	3751.2023	3751.4023	3751.4023	3751.6023	3751.8654
1	20	1	2	483	3	2	9	3	2	1	4	1	0.48259697	3	3753.4305	3753.6305	3753.6305	3753.8305	3754.1131
1	20	1	2	484	3	2	9	4	6	1	5	1	0.38344512	4	3755.6581	3755.8581	3755.8581	3756.0581	3756.2416
1	20	1	2	485	3	2	9	5	5	2	5	1	0.39559885	5	3757.8868	3758.4868	3758.4868	3758.6868	3758.8824
1	20	1	2	486	3	2	9	6	4	1	5	1	0.45488707	6	3760.5161	3760.7161	3760.7161	3760.9161	3761.171
1	20	1	2	487	3	2	9	7	6	2	5	1	0.39152771	7	3762.7489	3763.3489	3763.3489	3763.5489	3763.7404
1	20	1	2	488	3	2	9	8	5	1	5	1	0.4994504	8	3765.3773	3765.5773	3765.5773	3765.7773	3766.0767
1	20	1	2	489	3	2	9	9	5	1	5	1	0.44209152	9	3767.6066	3767.8066	3767.8066	3768.0066	3768.2487
1	20	1	2	490	3	2	9	10	3	2	4	1	0.47779909	10	3769.8355	3770.4355	3770.4355	3770.6355	3770.9133
1	20	1	2	491	3	2	9	11	5	1	5	1	0.51585205	11	3772.4647	3772.6647	3772.6647	3772.8647	3773.1806
1	20	1	2	492	3	2	9	12	2	1	4	1	0.38158929	12	3774.6953	3774.8953	3774.8953	3775.0953	3775.2768
1	20	1	2	493	3	2	9	13	4	2	5	1	0.4602829	13	3776.9247	3777.5247	3777.5247	3777.7247	3777.985
1	20	1	2	494	3	2	9	14	4	1	5	1	0.508478	14	3779.5499	3779.7499	3779.7499	3779.95	3780.2584
1	20	1	2	495	3	2	9	15	4	2	5	1	0.43781569	15	3781.7797	3782.3797	3782.3797	3782.5797	3782.8175
1	20	1	2	496	3	2	9	16	3	1	4	1	0.44795838	16	3784.4089	3784.6089	3784.6089	3784.8089	3785.0568
1	20	1	2	497	3	2	9	17	6	1	5	1	0.42191388	17	3786.6378	3786.8378	3786.8378	3787.0379	3787.2597
1	20	1	2	498	3	2	9	18	2	2	4	1	0.40666278	18	3788.8691	3789.4691	3789.4691	3789.6691	3789.8758
1	20	1	2	499	3	2	9	19	6	2	5	1	0.39413976	19	3791.4988	3792.0988	3792.0988	3792.2988	3792.4929
1	20	1	2	500	3	2	9	20	1	1	4	1	0.46171027	20	3794.1246	3794.3246	3794.3246	3794.5246	3794.7863
1	20	1	2	501	3	2	9	21	4	1	5	1	0.39258004	21	3796.3538	3796.5538	3796.5538	3796.7538	3796.9464
1	20	1	2	502	3	2	9	22	5	1	5	1	0.41562225	22	3798.5797	3798.7797	3798.7797	3798.9797	3799.1954
1	20	1	2	503	3	2	9	23	1	1	4	1	0.43411786	23	3800.8096	3801.0096	3801.0096	3801.2096	3801.4437
1	20	1	2	504	3	2	9	24	3	2	4	1	0.56361755	24	3803.0387	3803.6387	3803.6387	3803.8387	3804.2024
1	20	1	2	505	3	2	9	25	1	2	4	1	0.85515183	25	3805.734	3806.334	3806.334	3806.534	3807.1891
1	20	1	2	506	3	2	9	26	2	2	4	1	0.48792	26	3808.3635	3808.9636	3808.9636	3809.1636	3809.4515
1	20	1	2	507	3	2	9	27	2	2	4	1	0.53443371	27	3810.9898	3811.5898	3811.5898	3811.7898	3812.1242
1	20	1	2	508	3	2	9	28	1	2	4	1	0.41303799	28	3813.6197	3814.2197	3814.2197	3814.4197	3814.6327
1	20	1	2	509	3	2	9	29	3	2	4	1	0.47814662	29	3816.2486	3816.8486	3816.8486	3817.0486	3817.3267
1	20	1	2	510	3	2	9	30	6	2	5	1	0.43772579	30	3818.8778	3819.4778	3819.4778	3819.6779	3819.9156
1	20	1	2	511	3	6	9	1	1	2	1	1	0.60263563	1	3849.5771	3850.1771	3850.1772	3850.3772	3850.7798
1	20	1	2	512	3	6	9	2	5	1	7	1	0.69963024	2	3852.2068	3852.4068	3852.4068	3852.6068	3853.1064
1	20	1	2	513	3	6	9	3	2	1	2	1	0.72894489	3	3854.4332	3854.6332	3854.6332	3854.8332	3855.3622
1	20	1	2	514	3	6	9	4	1	1	1	1	0.62697373	4	3856.6637	3856.8637	3856.8637	3857.0637	3857.4907
1	20	1	2	515	3	6	9	5	6	2	8	1	0.5587075	5	3858.8941	3859.4941	3859.4941	3859.6941	3860.0528
1	20	1	2	516	3	6	9	6	5	1	7	1	0.71348703	6	3861.5235	3861.7235	3861.7235	3861.9235	3862.437
1	20	1	2	517	3	6	9	7	4	2	6	1	0.5796614	7	3863.7525	3864.3525	3864.3525	3864.5525	3864.9322
1	20	1	2	518	3	6	9	8	2	1	2	1	0.93830216	8	3866.3829	3866.5829	3866.5829	3866.7829	3867.5212
1	20	1	2	519	3	6	9	9	6	1	8	1	0.65354131	9	3868.6128	3868.8128	3868.8128	3869.0128	3869.4664
1	20	1	2	520	3	6	9	10	3	2	3	1	0.98597853	10	3870.8431	3871.4431	3871.4431	3871.6431	3872.4291
1	20	1	2	521	3	6	9	11	3	1	3	1	0.50448068	11	3873.4735	3873.6735	3873.6735	3873.8735	3874.178
1	20	1	2	522	3	6	9	12	6	1	8	1	0.63545892	12	3875.7043	3875.9043	3875.9043	3876.1043	3876.5397
1	20	1	2	523	3	6	9	13	3	2	3	1	0.49207735	13	3877.935	3878.535	3878.535	3878.735	3879.0271
1	20	1	2	524	3	6	9	14	4	1	6	1	0.75776998	14	3880.5651	3880.7651	3880.7651	3880.9651	3881.5229
1	20	1	2	525	3	6	9	15	4	2	6	1	0.46240829	15	3882.7953	3883.3953	3883.3953	3883.5953	3883.8577
1	20	1	2	526	3	6	9	16	6	1	8	1	0.6573207	16	3885.426	3885.626	3885.626	3885.826	3886.2833
1	20	1	2	527	3	6	9	17	5	1	7	1	0.61918177	17	3887.6567	3887.8567	3887.8567	3888.0568	3888.4759
1	20	1	2	528	3	6	9	18	1	2	1	1	0.7061746	18	3889.8868	3890.4868	3890.4868	3890.6869	3891.193
1	20	1	2	529	3	6	9	19	2	2	2	1	0.67147338	19	3892.5175	3893.1175	3893.1175	3893.3175	3893.7889
1	20	1	2	530	3	6	9	20	2	1	2	1	0.58817967	20	3895.1487	3895.3487	3895.3487	3895.5487	3895.9369
1	20	1	2	531	3	6	9	21	4	1	6	1	0.65477703	21	3897.3794	3897.5794	3897.5794	3897.7794	3898.2341
1	20	1	2	532	3	6	9	22	2	1	2	1	0.94002212	22	3899.6133	3899.8133	3899.8133	3900.0133	3900.7534
1	20	1	2	533	3	6	9	23	1	1	1	1	0.64783209	23	3901.8433	3902.0433	3902.0433	3902.2433	3902.6912
1	20	1	2	534	3	6	9	24	6	2	8	1	0.67112755	24	3904.0754	3904.6754	3904.6754	3904.8754	3905.3465
1	20	1	2	535	3	6	9	25	3	2	3	1	0.771548	25	3906.7026	3907.3026	3907.3026	3907.5026	3908.0741
1	20	1	2	536	3	6	9	26	5	2	7	1	0.64989897	26	3909.3394	3909.9394	3909.9394	3910.1394	3910.5893
1	20	1	2	537	3	6	9	27	1	2	1	1	0.73164546	27	3911.9661	3912.5661	3912.5661	3912.7661	3913.2978
1	20	1	2	538	3	6	9	28	3	2	3	1	0.8883027	28	3914.5957	3915.1957	3915.1957	3915.3957	3916.084
1	20	1	2	539	3	6	9	29	4	2	6	1	0.65817827	29	3917.2266	3917.8266	3917.8266	3918.0266	3918.4848
1	20	1	2	540	3	6	9	30	5	2	7	1	0.87806272	30	3919.8624	3920.4624	3920.4624	3920.6624	3921.3405
1	20	1	2	541	4	2	10	1	3	2	4	1	0.59811785	1	4497.5883	4498.1884	4498.1884	4498.3884	4498.7865
1	20	1	2	542	4	2	10	2	5	1	5	1	0.48193207	2	4500.2183	4500.4183	4500.4183	4500.6183	4500.9003
1	20	1	2	543	4	2	10	3	3	1	4	1	0.42555041	3	4502.4492	4502.6492	4502.6492	4502.8492	4503.0747
1	20	1	2	544	4	2	10	4	6	1	5	1	0.38627255	4	4504.6808	4504.8808	4504.8808	4505.0809	4505.2671
1	20	1	2	545	4	2	10	5	6	2	5	1	0.41362968	5	4506.9118	4507.5118	4507.5118	4507.7118	4507.9254
1	20	1	2	546	4	2	10	6	2	1	4	1	0.42790737	6	4509.5433	4509.7433	4509.7433	4509.9433	4510.1712
1	20	1	2	547	4	2	10	7	2	2	4	1	0.46999417	7	4511.775	4512.375	4512.375	4512.575	4512.845
1	20	1	2	548	4	2	10	8	6	1	5	1	0.42686436	8	4514.4062	4514.6062	4514.6062	4514.8062	4515.0331
1	20	1	2	549	4	2	10	9	5	1	5	1	0.49387197	9	4516.6373	4516.8373	4516.8373	4517.0373	4517.3312
1	20	1	2	550	4	2	10	10	5	2	5	1	0.47302395	10	4518.8717	4519.4717	4519.4717	4519.6717	4519.9447
1	20	1	2	551	4	2	10	11	1	1	4	1	0.47657369	11	4521.5034	4521.7034	4521.7034	4521.9034	4522.18
1	20	1	2	552	4	2	10	12	6	1	5	1	0.46329094	12	4523.7494	4523.9494	4523.9494	4524.1494	4524.4127
1	20	1	2	553	4	2	10	13	4	2	5	1	0.42783783	13	4525.981	4526.581	4526.581	4526.7811	4527.0089
1	20	1	2	554	4	2	10	14	2	1	4	1	0.61827652	14	4528.6097	4528.8097	4528.8097	4529.0097	4529.428
1	20	1	2	555	4	2	10	15	3	2	4	1	0.49724411	15	4530.8413	4531.4413	4531.4413	4531.6413	4531.9386
1	20	1	2	556	4	2	10	16	1	1	4	1	0.49038763	16	4533.4713	4533.6713	4533.6713	4533.8713	4534.1617
1	20	1	2	557	4	2	10	17	4	1	5	1	0.44580581	17	4535.771	4535.971	4535.971	4536.171	4536.4168
1	20	1	2	558	4	2	10	18	3	2	4	1	0.44226151	18	4538.0028	4538.6028	4538.6028	4538.8028	4539.0451
1	20	1	2	559	4	2	10	19	6	2	5	1	0.37644677	19	4540.6351	4541.2351	4541.2351	4541.4351	4541.6115
1	20	1	2	560	4	2	10	20	4	1	5	1	0.44056169	20	4543.2672	4543.4672	4543.4672	4543.6672	4543.9077
1	20	1	2	561	4	2	10	21	2	1	4	1	0.43171616	21	4545.4986	4545.6986	4545.6986	4545.8986	4546.1303
1	20	1	2	562	4	2	10	22	4	1	5	1	0.46679559	22	4547.7825	4547.9825	4547.9825	4548.1825	4548.4493
1	20	1	2	563	4	2	10	23	5	1	5	1	0.38149365	23	4550.0132	4550.2132	4550.2132	4550.4132	4550.5947
1	20	1	2	564	4	2	10	24	3	2	4	1	0.38488843	24	4552.2481	4552.8481	4552.8481	4553.0481	4553.233
1	20	1	2	565	4	2	10	25	1	2	4	1	0.49151001	25	4554.8803	4555.4803	4555.4803	4555.6803	4555.9718
1	20	1	2	566	4	2	10	26	1	2	4	1	0.50615368	26	4557.5133	4558.1133	4558.1133	4558.3133	4558.6195
1	20	1	2	567	4	2	10	27	4	2	5	1	0.35799548	27	4560.1425	4560.7425	4560.7425	4560.9425	4561.1005
1	20	1	2	568	4	2	10	28	5	2	5	1	0.44277754	28	4562.7928	4563.3928	4563.3928	4563.5928	4563.8356
1	20	1	2	569	4	2	10	29	2	2	4	1	0.47031655	29	4565.4285	4566.0285	4566.0285	4566.2285	4566.4988
1	20	1	2	570	4	2	10	30	1	2	4	1	0.47864205	30	4568.0603	4568.6603	4568.6603	4568.8603	4569.1389
1	20	1	2	571	4	6	10	1	4	2	6	1	0.90894859	1	4598.7579	4599.3579	4599.3579	4599.5579	4600.2669
1	20	1	2	572	4	6	10	2	5	1	7	1	0.63458531	2	4601.3912	4601.5912	4601.5912	4601.7912	4602.2258
1	20	1	2	573	4	6	10	3	6	1	8	1	0.57057072	3	4603.6238	4603.8238	4603.8238	4604.0239	4604.3944
1	20	1	2	574	4	6	10	4	3	1	3	1	0.71334278	4	4605.8567	4606.0567	4606.0567	4606.2567	4606.7701
1	20	1	2	575	4	6	10	5	5	2	7	1	0.78477055	5	4608.0892	4608.6892	4608.6892	4608.8892	4609.474
1	20	1	2	576	4	6	10	6	6	1	8	1	0.66345247	6	4610.7228	4610.9228	4610.9228	4611.1228	4611.5863
1	20	1	2	577	4	6	10	7	1	2	1	1	0.606704	7	4612.955	4613.555	4613.555	4613.755	4614.1617
1	20	1	2	578	4	6	10	8	3	1	3	1	0.76744452	8	4615.5877	4615.7877	4615.7877	4615.9877	4616.5551
1	20	1	2	579	4	6	10	9	5	1	7	1	0.88030137	9	4617.8207	4618.0207	4618.0207	4618.2207	4618.901
1	20	1	2	580	4	6	10	10	1	2	1	1	0.66139611	10	4620.0523	4620.6523	4620.6523	4620.8523	4621.3137
1	20	1	2	581	4	6	10	11	5	1	7	1	0.61287636	11	4622.685	4622.885	4622.885	4623.085	4623.4979
1	20	1	2	582	4	6	10	12	5	1	7	1	0.62715273	12	4624.9188	4625.1188	4625.1188	4625.3188	4625.746
1	20	1	2	583	4	6	10	13	3	2	3	1	0.59244682	13	4627.1489	4627.7489	4627.7489	4627.9489	4628.3414
1	20	1	2	584	4	6	10	14	2	1	2	1	0.7462371	14	4629.7825	4629.9825	4629.9825	4630.1825	4630.7287
1	20	1	2	585	4	6	10	15	2	2	2	1	0.82951257	15	4632.0147	4632.6147	4632.6147	4632.8147	4633.4442
1	20	1	2	586	4	6	10	16	6	1	8	1	0.65941009	16	4634.6479	4634.8479	4634.8479	4635.0479	4635.5073
1	20	1	2	587	4	6	10	17	4	1	6	1	0.4768082	17	4636.8837	4637.0837	4637.0837	4637.2837	4637.5605
1	20	1	2	588	4	6	10	18	4	2	6	1	0.5375071	18	4639.1126	4639.7126	4639.7126	4639.9126	4640.2501
1	20	1	2	589	4	6	10	19	1	2	1	1	0.68892069	19	4641.7464	4642.3464	4642.3464	4642.5464	4643.0354
1	20	1	2	590	4	6	10	20	1	1	1	1	0.67605913	20	4644.3767	4644.5767	4644.5767	4644.7767	4645.2528
1	20	1	2	591	4	6	10	21	4	1	6	1	0.75440295	21	4646.6105	4646.8105	4646.8105	4647.0105	4647.5649
1	20	1	2	592	4	6	10	22	1	1	1	1	0.72417809	22	4648.8426	4649.0426	4649.0426	4649.2426	4649.7668
1	20	1	2	593	4	6	10	23	3	1	3	1	0.76499345	23	4651.0781	4651.2781	4651.2781	4651.4781	4652.0431
1	20	1	2	594	4	6	10	24	2	2	2	1	0.80242245	24	4653.3121	4653.9121	4653.9121	4654.1121	4654.7146
1	20	1	2	595	4	6	10	25	6	2	8	1	0.6664986	25	4655.9457	4656.5457	4656.5457	4656.7457	4657.2122
1	20	1	2	596	4	6	10	26	2	2	2	1	0.78594765	26	4658.5823	4659.1823	4659.1823	4659.3823	4659.9682
1	20	1	2	597	4	6	10	27	3	2	3	1	0.73826409	27	4661.2153	4661.8153	4661.8153	4662.0153	4662.5536
1	20	1	2	598	4	6	10	28	6	2	8	1	0.59523271	28	4663.8481	4664.4481	4664.4481	4664.6481	4665.0434
1	20	1	2	599	4	6	10	29	2	2	2	1	0.79017658	29	4666.4842	4667.0842	4667.0842	4667.2842	4667.8744
1	20	1	2	600	4	6	10	30	4	2	6	1	0.77611594	30	4669.1171	4669.7171	4669.7171	4669.9171	4670.4932
1	20	1	2	601	4	2	11	1	5	2	5	1	0.49882049	1	4699.818	4700.418	4700.418	4700.618	4700.9168
1	20	1	2	602	4	2	11	2	2	1	4	1	0.44936505	2	4702.4505	4702.6505	4702.6505	4702.8505	4703.0998
1	20	1	2	603	4	2	11	3	2	1	4	1	0.41270145	3	4704.6868	4704.8868	4704.8868	4705.0868	4705.2995
1	20	1	2	604	4	2	11	4	1	1	4	1	0.43973721	4	4706.9467	4707.1467	4707.1468	4707.3468	4707.5865
1	20	1	2	605	4	2	11	5	1	2	4	1	0.48539907	5	4709.1801	4709.7801	4709.7801	4709.9801	4710.2655
1	20	1	2	606	4	2	11	6	6	1	5	1	0.51730468	6	4711.8144	4712.0144	4712.0144	4712.2144	4712.5317
1	20	1	2	607	4	2	11	7	5	2	5	1	0.45583631	7	4714.0492	4714.6492	4714.6492	4714.8492	4715.105
1	20	1	2	608	4	2	11	8	3	1	4	1	0.38511689	8	4716.6835	4716.8835	4716.8836	4717.0836	4717.2687
1	20	1	2	609	4	2	11	9	4	1	5	1	0.38820236	9	4718.9568	4719.1568	4719.1568	4719.3568	4719.545
1	20	1	2	610	4	2	11	10	4	2	5	1	0.50754502	10	4721.1925	4721.7925	4721.7925	4721.9925	4722.3001
1	20	1	2	611	4	2	11	11	4	1	5	1	0.49350666	11	4723.8283	4724.0284	4724.0284	4724.2284	4724.5219
1	20	1	2	612	4	2	11	12	3	1	4	1	0.40025897	12	4726.0659	4726.2659	4726.2659	4726.4659	4726.6662
1	20	1	2	613	4	2	11	13	2	2	4	1	0.74883684	13	4728.3034	4728.9034	4728.9034	4729.1034	4729.6523
1	20	1	2	614	4	2	11	14	2	1	4	1	0.4550921	14	4730.9621	4731.1621	4731.1621	4731.3621	4731.6172
1	20	1	2	615	4	2	11	15	1	2	4	1	0.48421566	15	4733.1969	4733.7969	4733.7969	4733.9969	4734.2811
1	20	1	2	616	4	2	11	16	6	1	5	1	0.40430525	16	4735.8313	4736.0314	4736.0314	4736.2314	4736.4357
1	20	1	2	617	4	2	11	17	6	1	5	1	0.46848773	17	4738.0628	4738.2628	4738.2628	4738.4628	4738.7313
1	20	1	2	618	4	2	11	18	6	2	5	1	0.41877153	18	4740.2968	4740.8968	4740.8968	4741.0968	4741.3156
1	20	1	2	619	4	2	11	19	1	2	4	1	0.47302197	19	4742.9854	4743.5854	4743.5854	4743.7854	4744.0585
1	20	1	2	620	4	2	11	20	2	1	4	1	0.48406404	20	4745.6205	4745.8205	4745.8205	4746.0205	4746.3045
1	20	1	2	621	4	2	11	21	5	1	5	1	0.35762753	21	4747.8531	4748.0531	4748.0532	4748.2532	4748.4108
1	20	1	2	622	4	2	11	22	1	1	4	1	0.39184287	22	4750.0898	4750.2898	4750.2898	4750.4898	4750.6816
1	20	1	2	623	4	2	11	23	4	1	5	1	0.36736903	23	4752.3245	4752.5245	4752.5245	4752.7245	4752.8918
1	20	1	2	624	4	2	11	24	6	2	5	1	0.46763987	24	4754.5597	4755.1597	4755.1597	4755.3597	4755.6273
1	20	1	2	625	4	2	11	25	5	2	5	1	0.47018342	25	4757.1954	4757.7954	4757.7954	4757.9954	4758.2656
1	20	1	2	626	4	2	11	26	3	2	4	1	0.40452398	26	4759.8327	4760.4327	4760.4327	4760.6327	4760.8372
1	20	1	2	627	4	2	11	27	3	2	4	1	1.1429573	27	4762.4702	4763.0702	4763.0702	4763.2702	4764.2132
1	20	1	2	628	4	2	11	28	3	2	4	1	0.45779312	28	4765.1046	4765.7046	4765.7046	4765.9046	4766.1624
1	20	1	2	629	4	2	11	29	4	2	5	1	0.61757934	29	4767.7377	4768.3377	4768.3377	4768.5377	4768.9553
1	20	1	2	630	4	2	11	30	5	2	5	1	0.41328098	30	4770.3727	4770.9727	4770.9727	4771.1727	4771.386
1	20	1	2	631	4	6	11	1	5	2	7	1	0.7012021	1	4801.0782	4801.6782	4801.6782	4801.8782	4802.3794
1	20	1	2	632	4	6	11	2	4	1	6	1	0.77634064	2	4803.7126	4803.9126	4803.9126	4804.1126	4804.6889
1	20	1	2	633	4	6	11	3	6	1	8	1	0.66184302	3	4805.9564	4806.1564	4806.1564	4806.3564	4806.8183
1	20	1	2	634	4	6	11	4	1	1	1	1	0.45071534	4	4808.1918	4808.3918	4808.3918	4808.5918	4808.8425
1	20	1	2	635	4	6	11	5	1	2	1	1	0.7428933	5	4810.4273	4811.0273	4811.0273	4811.2273	4811.7702
1	20	1	2	636	4	6	11	6	1	1	1	1	0.57142144	6	4813.0633	4813.2633	4813.2633	4813.4633	4813.8348
1	20	1	2	637	4	6	11	7	3	2	3	1	0.59338187	7	4815.2988	4815.8988	4815.8988	4816.0988	4816.4922
1	20	1	2	638	4	6	11	8	5	1	7	1	0.65295531	8	4817.9329	4818.1329	4818.1329	4818.3329	4818.7859
1	20	1	2	639	4	6	11	9	5	1	7	1	0.51788814	9	4820.1669	4820.3669	4820.367	4820.567	4820.8848
1	20	1	2	640	4	6	11	10	6	2	8	1	0.65326521	10	4822.4036	4823.0036	4823.0036	4823.2036	4823.6568
1	20	1	2	641	4	6	11	11	3	1	3	1	0.93167778	11	4825.0396	4825.2396	4825.2396	4825.4396	4826.1713
1	20	1	2	642	4	6	11	12	2	1	2	1	0.79259075	12	4827.2768	4827.4768	4827.4768	4827.6768	4828.2694
1	20	1	2	643	4	6	11	13	5	2	7	1	0.75003655	13	4829.5113	4830.1113	4830.1113	4830.3113	4830.8613
1	20	1	2	644	4	6	11	14	2	1	2	1	0.7839906	14	4832.1471	4832.3471	4832.3471	4832.5471	4833.1311
1	20	1	2	645	4	6	11	15	2	2	2	1	0.64296448	15	4834.3834	4834.9834	4834.9834	4835.1834	4835.6263
1	20	1	2	646	4	6	11	16	4	1	6	1	0.75871025	16	4837.0191	4837.2191	4837.2191	4837.4192	4837.9778
1	20	1	2	647	4	6	11	17	3	1	3	1	0.58729749	17	4839.2551	4839.4551	4839.4551	4839.6551	4840.0424
1	20	1	2	648	4	6	11	18	1	2	1	1	0.69283768	18	4841.4882	4842.0882	4842.0882	4842.2882	4842.781
1	20	1	2	649	4	6	11	19	6	2	8	1	0.61702448	19	4844.1243	4844.7243	4844.7243	4844.9243	4845.3413
1	20	1	2	650	4	6	11	20	4	1	6	1	0.77582942	20	4846.7616	4846.9616	4846.9616	4847.1616	4847.7374
1	20	1	2	651	4	6	11	21	2	1	2	1	0.84616145	21	4848.9978	4849.1978	4849.1978	4849.3978	4850.044
1	20	1	2	652	4	6	11	22	6	1	8	1	0.72435011	22	4851.2316	4851.4316	4851.4316	4851.6316	4852.1559
1	20	1	2	653	4	6	11	23	3	1	3	1	0.73485359	23	4853.4704	4853.6704	4853.6704	4853.8704	4854.4052
1	20	1	2	654	4	6	11	24	6	2	8	1	0.67338078	24	4855.7063	4856.3063	4856.3063	4856.5063	4856.9797
1	20	1	2	655	4	6	11	25	2	2	2	1	0.71764648	25	4858.3424	4858.9424	4858.9424	4859.1424	4859.66
1	20	1	2	656	4	6	11	26	4	2	6	1	0.73694624	26	4860.9766	4861.5767	4861.5767	4861.7767	4862.3136
1	20	1	2	657	4	6	11	27	4	2	6	1	0.56743819	27	4863.6099	4864.2099	4864.2099	4864.4099	4864.7773
1	20	1	2	658	4	6	11	28	3	2	3	1	0.74977161	28	4866.2462	4866.8462	4866.8462	4867.0462	4867.596
1	20	1	2	659	4	6	11	29	1	2	1	1	0.63699715	29	4868.8797	4869.4797	4869.4797	4869.6798	4870.1167
1	20	1	2	660	4	6	11	30	5	2	7	1	0.67491836	30	4871.5188	4872.1188	4872.1188	4872.3188	4872.7938
1	20	1	2	661	4	2	12	1	6	2	5	1	0.50818958	1	4902.229	4902.829	4902.829	4903.029	4903.3372
1	20	1	2	662	4	2	12	2	3	1	4	1	0.48160307	2	4904.8652	4905.0652	4905.0652	4905.2652	4905.5468
1	20	1	2	663	4	2	12	3	2	1	4	1	0.46153996	3	4907.1017	4907.3017	4907.3017	4907.5017	4907.7633
1	20	1	2	664	4	2	12	4	6	1	5	1	0.54025898	4	4909.3419	4909.5419	4909.5419	4909.7419	4910.0821
1	20	1	2	665	4	2	12	5	6	2	5	1	0.40366428	5	4911.582	4912.182	4912.182	4912.382	4912.5857
1	20	1	2	666	4	2	12	6	3	1	4	1	0.42616717	6	4914.2189	4914.4189	4914.4189	4914.6189	4914.845
1	20	1	2	667	4	2	12	7	4	2	5	1	0.57735062	7	4916.4593	4917.0593	4917.0593	4917.2593	4917.6367
1	20	1	2	668	4	2	12	8	6	1	5	1	0.47679292	8	4919.0964	4919.2964	4919.2964	4919.4964	4919.7732
1	20	1	2	669	4	2	12	9	5	1	5	1	0.52907373	9	4921.3362	4921.5362	4921.5362	4921.7362	4922.0653
1	20	1	2	670	4	2	12	10	2	2	4	1	0.50662646	10	4923.5764	4924.1764	4924.1764	4924.3764	4924.683
1	20	1	2	671	4	2	12	11	5	1	5	1	0.43089009	11	4926.2108	4926.4109	4926.4109	4926.6109	4926.8417
1	20	1	2	672	4	2	12	12	1	1	4	1	0.41153523	12	4928.4483	4928.6483	4928.6483	4928.8483	4929.0599
1	20	1	2	673	4	2	12	13	4	2	5	1	0.39399575	13	4930.6893	4931.2893	4931.2893	4931.4893	4931.6833
1	20	1	2	674	4	2	12	14	2	1	4	1	0.7391515	14	4933.3266	4933.5266	4933.5266	4933.7266	4934.2657
1	20	1	2	675	4	2	12	15	4	2	5	1	0.40279913	15	4935.5602	4936.1602	4936.1602	4936.3602	4936.563
1	20	1	2	676	4	2	12	16	1	1	4	1	0.56849922	16	4938.2013	4938.4014	4938.4014	4938.6014	4938.9699
1	20	1	2	677	4	2	12	17	1	1	4	1	0.43476079	17	4940.4343	4940.6343	4940.6343	4940.8343	4941.0691
1	20	1	2	678	4	2	12	18	6	2	5	1	0.58809405	18	4942.6733	4943.2733	4943.2733	4943.4733	4943.8614
1	20	1	2	679	4	2	12	19	5	2	5	1	0.3558449	19	4945.3106	4945.9106	4945.9106	4946.1106	4946.2664
1	20	1	2	680	4	2	12	20	5	1	5	1	0.39106932	20	4947.9484	4948.1484	4948.1484	4948.3484	4948.5394
1	20	1	2	681	4	2	12	21	1	1	4	1	0.33347336	21	4950.2066	4950.4066	4950.4066	4950.6066	4950.7401
1	20	1	2	682	4	2	12	22	4	1	5	1	0.43579826	22	4952.4459	4952.6459	4952.6459	4952.8459	4953.0817
1	20	1	2	683	4	2	12	23	3	1	4	1	0.39129279	23	4954.6832	4954.8832	4954.8832	4955.0832	4955.2745
1	20	1	2	684	4	2	12	24	4	2	5	1	0.34414507	24	4956.9211	4957.5211	4957.5211	4957.7211	4957.8653
1	20	1	2	685	4	2	12	25	2	2	4	1	0.47483081	25	4959.5615	4960.1615	4960.1615	4960.3615	4960.6363
1	20	1	2	686	4	2	12	26	2	2	4	1	0.48408103	26	4962.2242	4962.8242	4962.8242	4963.0242	4963.3083
1	20	1	2	687	4	2	12	27	5	2	5	1	0.49248641	27	4964.8613	4965.4613	4965.4613	4965.6613	4965.9538
1	20	1	2	688	4	2	12	28	3	2	4	1	0.39165429	28	4967.4994	4968.0994	4968.0994	4968.2994	4968.491
1	20	1	2	689	4	2	12	29	3	2	4	1	0.36500322	29	4970.1375	4970.7375	4970.7375	4970.9375	4971.1025
1	20	1	2	690	4	2	12	30	1	2	4	1	0.46278164	30	4972.773	4973.373	4973.373	4973.573	4973.8358
1	20	1	2	691	4	6	12	1	3	2	3	1	0.66038503	1	5003.4796	5004.0796	5004.0796	5004.2796	5004.74
1	20	1	2	692	4	6	12	2	1	1	1	1	0.70836758	2	5006.1176	5006.3176	5006.3176	5006.5176	5007.026
1	20	1	2	693	4	6	12	3	6	1	8	1	0.64769599	3	5008.3547	5008.5547	5008.5547	5008.7547	5009.2024
1	20	1	2	694	4	6	12	4	5	1	7	1	0.63330429	4	5010.5929	5010.7929	5010.7929	5010.9929	5011.4262
1	20	1	2	695	4	6	12	5	6	2	8	1	0.58045262	5	5012.8294	5013.4294	5013.4294	5013.6294	5014.0099
1	20	1	2	696	4	6	12	6	1	1	1	1	0.58666126	6	5015.4702	5015.6702	5015.6702	5015.8702	5016.2568
1	20	1	2	697	4	6	12	7	2	2	2	1	0.77375246	7	5017.7112	5018.3112	5018.3112	5018.5112	5019.085
1	20	1	2	698	4	6	12	8	4	1	6	1	0.63819502	8	5020.3489	5020.5489	5020.5489	5020.7489	5021.1871
1	20	1	2	699	4	6	12	9	2	1	2	1	1.02419	9	5022.5868	5022.7868	5022.7868	5022.9868	5023.811
1	20	1	2	700	4	6	12	10	6	2	8	1	0.60093968	10	5024.8251	5025.4251	5025.4251	5025.6251	5026.0261
1	20	1	2	701	4	6	12	11	3	1	3	1	0.70990523	11	5027.4685	5027.6685	5027.6685	5027.8685	5028.3784
1	20	1	2	702	4	6	12	12	1	1	1	1	0.76712427	12	5029.707	5029.907	5029.907	5030.107	5030.6741
1	20	1	2	703	4	6	12	13	6	2	8	1	0.64991722	13	5031.9446	5032.5446	5032.5446	5032.7446	5033.1945
1	20	1	2	704	4	6	12	14	5	1	7	1	0.65081859	14	5034.5828	5034.7828	5034.7828	5034.9828	5035.4336
1	20	1	2	705	4	6	12	15	4	2	6	1	0.56642853	15	5036.8218	5037.4218	5037.4218	5037.6218	5037.9882
1	20	1	2	706	4	6	12	16	6	1	8	1	0.66923007	16	5039.4611	5039.6611	5039.6611	5039.8611	5040.3303
1	20	1	2	707	4	6	12	17	1	1	1	1	0.67719258	17	5041.7015	5041.9015	5041.9016	5042.1016	5042.5787
1	20	1	2	708	4	6	12	18	4	2	6	1	1.0454206	18	5043.9402	5044.5403	5044.5403	5044.7403	5045.5857
1	20	1	2	709	4	6	12	19	5	2	7	1	0.71982398	19	5046.5786	5047.1786	5047.1786	5047.3786	5047.8984
1	20	1	2	710	4	6	12	20	4	1	6	1	0.69328146	20	5049.2211	5049.4211	5049.4211	5049.6211	5050.1144
1	20	1	2	711	4	6	12	21	5	1	7	1	0.63824236	21	5051.4547	5051.6547	5051.6547	5051.8547	5052.2929
1	20	1	2	712	4	6	12	22	2	1	2	1	0.81794399	22	5053.698	5053.898	5053.898	5054.098	5054.716
1	20	1	2	713	4	6	12	23	3	1	3	1	0.67210786	23	5055.9378	5056.1378	5056.1378	5056.3378	5056.8099
1	20	1	2	714	4	6	12	24	5	2	7	1	0.67399184	24	5058.1773	5058.7773	5058.7773	5058.9773	5059.4513
1	20	1	2	715	4	6	12	25	4	2	6	1	0.8831154	25	5060.8163	5061.4163	5061.4163	5061.6163	5062.2994
1	20	1	2	716	4	6	12	26	3	2	3	1	0.69802715	26	5063.4568	5064.0568	5064.0568	5064.2568	5064.7549
1	20	1	2	717	4	6	12	27	2	2	2	1	0.68517929	27	5066.096	5066.696	5066.696	5066.896	5067.3812
1	20	1	2	718	4	6	12	28	2	2	2	1	0.78649778	28	5068.7365	5069.3365	5069.3365	5069.5365	5070.123
1	20	1	2	719	4	6	12	29	1	2	1	1	0.6465631	29	5071.3727	5071.9727	5071.9727	5072.1727	5072.6193
1	20	1	2	720	4	6	12	30	3	2	3	1	0.81635452	30	5074.0098	5074.6098	5074.6098	5074.8098	5075.4262
