151	36	30	255	220	65	119	48	0	0	0	0	0	0	0	0	0	0	0	0
1	31	2	1	1	1	6	1	1	1	2	2	1	0.85396708	1	319.9524	320.55251	320.55278	320.75309	321.40675
1	31	2	1	2	1	6	1	2	2	2	3	1	1.2309648	2	322.56742	323.16758	323.16771	323.36797	324.39867
1	31	2	1	3	1	6	1	3	3	2	4	1	0.56856247	3	325.23597	325.83599	325.836	326.03602	326.40456
1	31	2	1	4	1	6	1	4	4	2	5	1	0.74691263	4	327.84216	328.44218	328.44223	328.64225	329.18914
1	31	2	1	5	1	6	1	5	4	1	5	1	0.62673372	5	330.44952	330.64958	330.64959	330.84959	331.27632
1	31	2	1	6	1	6	1	6	5	2	6	1	0.57953844	6	332.65639	333.25639	333.25639	333.45646	333.83593
1	31	2	1	7	1	6	1	7	1	1	2	1	0.74021238	7	335.26388	335.46388	335.46388	335.66389	336.2041
1	31	2	1	8	1	6	1	8	6	2	7	1	0.70240759	8	337.47111	338.07111	338.07112	338.27112	338.77352
1	31	2	1	9	1	6	1	9	1	2	2	1	0.88097919	9	340.07805	340.67805	340.67806	340.87806	341.55903
1	31	2	1	10	1	6	1	10	1	1	2	1	0.70743006	10	342.68476	342.88476	342.88476	343.08482	343.59219
1	31	2	1	11	1	6	1	11	4	2	5	1	0.68456625	11	344.89162	345.49163	345.49163	345.69169	346.1762
1	31	2	1	12	1	6	1	12	3	1	4	1	1.3167005	12	347.49855	347.69856	347.69856	347.89856	349.01526
1	31	2	1	13	1	6	1	13	6	2	7	1	1.1744901	13	349.70577	350.30578	350.30578	350.50584	351.48027
1	31	2	1	14	1	6	1	14	2	2	3	1	1.0213038	14	352.31323	352.91323	352.91323	353.11324	353.93454
1	31	2	1	15	1	6	1	15	5	1	6	1	0.97608063	15	354.91991	355.11991	355.11991	355.31997	356.09599
1	31	2	1	16	1	6	1	16	2	2	3	1	1.0074424	16	357.16525	357.76525	357.76526	357.96526	358.7727
1	31	2	1	17	1	6	1	17	6	2	7	1	1.0187075	17	359.77871	360.37872	360.37872	360.57872	361.39743
1	31	2	1	18	1	6	1	18	6	1	7	1	0.59818743	18	362.38504	362.58505	362.58505	362.78505	363.18324
1	31	2	1	19	1	6	1	19	5	1	6	1	0.69299701	19	364.59252	364.79252	364.79259	364.99265	365.48559
1	31	2	1	20	1	6	1	20	2	1	3	1	0.95028718	20	366.7998	366.99986	366.9999	367.19997	367.95019
1	31	2	1	21	1	6	1	21	6	1	7	1	0.98420053	21	369.00695	369.20701	369.20702	369.40702	370.19122
1	31	2	1	22	1	6	1	22	3	1	4	1	0.88597225	22	371.21453	371.41453	371.41454	371.61454	372.30051
1	31	2	1	23	1	6	1	23	2	1	2	0	1.1358867	22	373.42208	373.62209	373.62215	373.82215	374.75804
1	31	2	1	24	1	6	1	24	4	1	6	0	1.4735082	22	375.94114	376.1412	376.1412	376.34121	377.61471
1	31	2	1	25	1	6	1	25	5	2	6	1	0.67700583	23	378.45745	379.05746	379.05746	379.25746	379.73446
1	31	2	1	26	1	6	1	26	3	2	3	0	1.3073725	23	381.06483	381.66484	381.66484	381.86484	382.97221
1	31	2	1	27	1	6	1	27	1	1	2	1	0.85349443	24	383.9773	384.17731	384.17731	384.37731	385.0308
1	31	2	1	28	1	6	1	28	3	1	4	1	1.2674134	25	386.18488	386.38488	386.38489	386.58489	387.6523
1	31	2	1	29	1	6	1	29	4	2	5	1	1.2537889	26	388.39278	388.99278	388.99279	389.19279	390.24657
1	31	2	1	30	1	6	1	30	5	1	6	1	0.63565909	27	391.00015	391.20016	391.20022	391.40023	391.83588
1	31	2	1	31	1	2	1	1	6	2	8	1	0.55422646	1	408.67501	409.2751	409.27519	409.47534	409.82941
1	31	2	1	32	1	2	1	2	4	2	8	1	0.439216	2	411.28692	411.88693	411.88694	412.08695	412.32616
1	31	2	1	33	1	2	1	3	5	2	8	1	0.42154809	3	413.89538	414.4954	414.49545	414.69548	414.917
1	31	2	1	34	1	2	1	4	1	2	1	1	0.58204946	4	416.50388	417.10394	417.10394	417.30394	417.68599
1	31	2	1	35	1	2	1	5	4	1	8	1	0.54896669	5	419.11158	419.31159	419.31159	419.51164	419.86056
1	31	2	1	36	1	2	1	6	5	2	8	1	0.59282814	6	421.31948	421.91948	421.91948	422.11949	422.51231
1	31	2	1	37	1	2	1	7	2	1	1	1	0.69192842	7	423.9281	424.12811	424.12811	424.32811	424.82004
1	31	2	1	38	1	2	1	8	5	2	8	1	0.71577192	8	426.13664	426.73664	426.73665	426.93665	427.45242
1	31	2	1	39	1	2	1	9	3	2	1	1	0.56204221	9	428.74595	429.34595	429.34596	429.54596	429.908
1	31	2	1	40	1	2	1	10	4	1	8	1	0.61417213	10	431.35238	431.55238	431.55238	431.75242	432.16655
1	31	2	1	41	1	2	1	11	2	2	1	1	0.54872934	11	433.56131	434.16131	434.16132	434.36134	434.71005
1	31	2	1	42	1	2	1	12	2	1	1	1	0.61993069	12	436.17011	436.37011	436.37012	436.57012	436.99005
1	31	2	1	43	1	2	1	13	3	2	1	1	0.48979193	13	438.37828	438.97828	438.97829	439.17832	439.46808
1	31	2	1	44	1	2	1	14	4	2	8	1	0.57742304	14	440.98687	441.58687	441.58692	441.78695	442.16435
1	31	2	1	45	1	2	1	15	1	1	1	1	0.73219907	15	443.59592	443.79596	443.79597	443.99597	444.52817
1	31	2	1	46	1	2	1	16	6	2	8	1	0.61952369	16	445.80477	446.40477	446.40477	446.60477	447.0243
1	31	2	1	47	1	2	1	17	3	2	1	1	0.62612791	17	448.41372	449.01373	449.01373	449.21373	449.63986
1	31	2	1	48	1	2	1	18	6	1	8	1	0.66450162	18	451.02248	451.22249	451.22249	451.42253	451.88699
1	31	2	1	49	1	2	1	19	6	1	8	1	0.71040223	19	453.22978	453.42978	453.42983	453.62984	454.14024
1	31	2	1	50	1	2	1	20	1	1	1	1	0.59310874	20	455.43843	455.63847	455.63848	455.83852	456.23159
1	31	2	1	51	1	2	1	21	1	1	1	1	0.53328015	21	457.64724	457.84724	457.84729	458.0473	458.38057
1	31	2	1	52	1	2	1	22	2	1	1	1	0.56244428	22	459.85482	460.05487	460.05487	460.25488	460.61732
1	31	2	1	53	1	2	1	23	5	1	8	1	0.68596558	23	462.06362	462.26362	462.26363	462.46363	462.94959
1	31	2	1	54	1	2	1	24	2	1	1	1	0.75502193	24	464.2729	464.4729	464.4729	464.67291	465.22792
1	31	2	1	55	1	2	1	25	1	2	1	1	0.66621065	25	466.48239	467.08239	467.0824	467.2824	467.74861
1	31	2	1	56	1	2	1	26	4	2	8	1	0.86098894	26	469.09015	469.69016	469.69016	469.89016	470.55115
1	31	2	1	57	1	2	1	27	3	1	1	1	1.0572018	27	471.70008	471.90009	471.90014	472.10014	472.95734
1	31	2	1	58	1	2	1	28	3	1	1	1	0.66551267	28	473.90971	474.10976	474.10976	474.30977	474.77527
1	31	2	1	59	1	2	1	29	6	2	8	1	0.81659775	29	476.11946	476.71946	476.71947	476.91947	477.53606
1	31	2	1	60	1	2	1	30	5	1	8	1	0.64531304	30	478.72924	478.92925	478.92925	479.1293	479.57456
1	31	2	1	61	1	6	2	1	6	2	7	1	0.99170339	31	496.46415	497.06421	497.06422	497.26429	498.05592
1	31	2	1	62	1	6	2	2	4	2	5	1	0.98974855	32	499.07391	499.67391	499.67391	499.87392	500.66366
1	31	2	1	63	1	6	2	3	5	2	6	1	1.771295	33	501.68343	502.28344	502.28344	502.48344	504.05473
1	31	2	1	64	1	6	2	4	1	2	2	1	1.1309599	34	504.34725	504.94725	504.94731	505.14732	506.07827
1	31	2	1	65	1	6	2	5	4	1	6	0	1.4428504	34	506.95543	507.15549	507.15554	507.35554	508.59839
1	31	2	1	66	1	6	2	6	5	2	6	1	0.70570844	35	509.4746	510.07466	510.07466	510.27467	510.78037
1	31	2	1	67	1	6	2	7	2	1	4	0	1.651562	35	512.08474	512.28474	512.28475	512.48475	513.93631
1	31	2	1	68	1	6	2	8	5	2	6	1	0.83067712	36	514.60665	515.20666	515.20666	515.40666	516.03734
1	31	2	1	69	1	6	2	9	3	2	6	0	1.0539478	36	517.21423	517.81423	517.81424	518.01424	518.86818
1	31	2	1	70	1	6	2	10	4	1	5	1	0.94247118	37	520.1374	520.3374	520.33741	520.53741	521.27988
1	31	2	1	71	1	6	2	11	2	2	3	1	0.82277756	38	522.3697	522.9697	522.9697	523.16977	523.79248
1	31	2	1	72	1	6	2	12	2	1	3	1	0.65833348	39	524.98014	525.18014	525.18014	525.38015	525.83848
1	31	2	1	73	1	6	2	13	3	2	6	0	0.96234084	39	527.18852	527.78853	527.78853	527.98854	528.75087
1	31	2	1	74	1	6	2	14	4	2	5	1	1.2487857	40	530.10941	530.70941	530.70942	530.90942	531.9582
1	31	2	1	75	1	6	2	15	1	1	2	1	0.9012783	41	532.72013	532.92013	532.92013	533.12014	533.82141
1	31	2	1	76	1	6	2	16	6	2	6	0	1.067416	41	534.93053	535.53053	535.53053	535.73054	536.59795
1	31	2	1	77	1	6	2	17	3	2	4	1	0.99210259	42	537.84418	538.44419	538.44419	538.64419	539.43629
1	31	2	1	78	1	6	2	18	6	1	5	0	0.58415402	42	540.45494	540.65494	540.65494	540.85495	541.2391
1	31	2	1	79	1	6	2	19	6	1	7	1	0.58669601	43	542.9777	543.1777	543.1777	543.37771	543.7644
1	31	2	1	80	1	6	2	20	1	1	2	1	1.064323	44	545.18825	545.38825	545.38826	545.58826	546.45258
1	31	2	1	81	1	6	2	21	1	1	2	1	0.79903245	45	547.39877	547.59878	547.59884	547.79884	548.39787
1	31	2	1	82	1	6	2	22	2	1	4	0	1.6443019	45	549.60903	549.80909	549.8091	550.0091	551.4534
1	31	2	1	83	1	6	2	23	5	1	6	1	0.72547718	46	552.12656	552.32656	552.32657	552.52657	553.05204
1	31	2	1	84	1	6	2	24	2	1	3	1	0.90130922	47	554.33595	554.53596	554.53596	554.73596	555.43727
1	31	2	1	85	1	6	2	25	1	2	2	1	0.93873991	48	556.54675	557.14676	557.14676	557.34676	558.0855
1	31	2	1	86	1	6	2	26	4	2	5	1	1.6714344	49	559.15801	559.75802	559.75802	559.95802	561.42945
1	31	2	1	87	1	6	2	27	3	1	4	1	1.0073518	50	561.76623	561.96623	561.96623	562.16624	562.97359
1	31	2	1	88	1	6	2	28	3	1	7	0	1.1344532	50	563.97723	564.17723	564.17723	564.37724	565.31169
1	31	2	1	89	1	6	2	29	6	2	7	1	1.4275606	51	566.49804	567.09805	567.09805	567.29805	568.52561
1	31	2	1	90	1	6	2	30	5	1	6	1	0.81070042	52	569.10943	569.30943	569.30943	569.50944	570.12013
1	31	2	1	91	1	2	2	1	2	2	1	1	0.68051743	1	580.76745	581.36746	581.36746	581.56746	582.04798
1	31	2	1	92	1	2	2	2	1	2	1	1	0.4368296	2	583.3793	583.9793	583.9793	584.17931	584.41613
1	31	2	1	93	1	2	2	3	4	2	8	1	0.59972905	3	585.99031	586.59032	586.59037	586.79037	587.1901
1	31	2	1	94	1	2	2	4	4	2	8	1	0.49096738	4	588.60153	589.20159	589.2016	589.4016	589.69256
1	31	2	1	95	1	2	2	5	6	1	8	1	0.48073512	5	591.21306	591.41306	591.41306	591.61307	591.8938
1	31	2	1	96	1	2	2	6	5	2	8	1	0.44401044	6	593.42519	594.02519	594.02525	594.22526	594.46926
1	31	2	1	97	1	2	2	7	4	1	8	1	0.41555594	7	596.03678	596.23683	596.23684	596.43684	596.65239
1	31	2	1	98	1	2	2	8	5	2	8	1	0.40699798	8	598.2468	598.84683	598.84684	599.04684	599.25384
1	31	2	1	99	1	2	2	9	6	2	8	1	0.49757201	9	600.85869	601.45869	601.45869	601.6587	601.95627
1	31	2	1	100	1	2	2	10	1	1	1	1	0.63458412	10	603.468	603.668	603.668	603.86801	604.30259
1	31	2	1	101	1	2	2	11	2	2	1	1	0.48638625	11	605.68053	606.28053	606.28053	606.48053	606.76692
1	31	2	1	102	1	2	2	12	2	1	1	1	0.4654895	12	608.29232	608.49233	608.49233	608.69233	608.95782
1	31	2	1	103	1	2	2	13	3	2	1	1	0.53593529	13	610.50399	611.104	611.104	611.304	611.63993
1	31	2	1	104	1	2	2	14	1	2	1	1	0.44892587	14	613.11627	613.71627	613.71627	613.91628	614.1652
1	31	2	1	105	1	2	2	15	6	1	8	1	0.73228298	15	615.72865	615.92865	615.92865	616.12866	616.66094
1	31	2	1	106	1	2	2	16	2	2	1	1	0.7203858	16	617.94067	618.54068	618.54068	618.74068	619.26106
1	31	2	1	107	1	2	2	17	4	2	8	1	0.55852456	17	620.5524	621.1524	621.1524	621.35241	621.71093
1	31	2	1	108	1	2	2	18	5	1	8	1	0.52830458	18	623.16443	623.36443	623.36444	623.56444	623.89274
1	31	2	1	109	1	2	2	19	3	1	1	1	0.70308544	19	625.37618	625.57618	625.57618	625.77619	626.27927
1	31	2	1	110	1	2	2	20	6	1	8	1	0.68481577	20	627.58695	627.78695	627.78696	627.98696	628.47177
1	31	2	1	111	1	2	2	21	3	1	1	1	0.70390481	21	629.79924	629.99924	629.99924	630.19925	630.70315
1	31	2	1	112	1	2	2	22	1	1	1	1	0.52814052	22	632.01162	632.21162	632.21163	632.41163	632.73977
1	31	2	1	113	1	2	2	23	1	1	1	1	0.58469291	23	634.22122	634.42122	634.42122	634.62123	635.00592
1	31	2	1	114	1	2	2	24	5	1	8	1	0.67469761	24	636.4359	636.63591	636.63591	636.83591	637.31061
1	31	2	1	115	1	2	2	25	3	2	1	1	0.57645982	25	638.6479	639.24791	639.24791	639.44791	639.82437
1	31	2	1	116	1	2	2	26	6	2	8	1	0.71570448	26	641.25973	641.85973	641.85973	642.05974	642.57544
1	31	2	1	117	1	2	2	27	2	1	1	1	0.647398	27	643.87228	644.07228	644.07229	644.27229	644.71968
1	31	2	1	118	1	2	2	28	4	1	8	1	0.68053538	28	646.08461	646.28462	646.28462	646.48462	646.96515
1	31	2	1	119	1	2	2	29	3	2	1	1	0.60402877	29	648.2969	648.8969	648.8969	649.09691	649.50093
1	31	2	1	120	1	2	2	30	5	1	8	1	0.72123139	30	650.90917	651.10918	651.10918	651.30918	651.83041
1	31	2	1	121	1	6	3	1	2	2	3	1	0.80070242	31	667.04458	667.64458	667.64458	667.84459	668.44528
1	31	2	1	122	1	6	3	2	1	2	2	1	1.1327942	32	669.65677	670.25677	670.25677	670.45678	671.38957
1	31	2	1	123	1	6	3	3	4	2	5	1	1.7145622	33	672.26964	672.86964	672.86964	673.06965	674.58421
1	31	2	1	124	1	6	3	4	4	2	5	1	0.56505689	34	674.8799	675.47991	675.47991	675.67992	676.04497
1	31	2	1	125	1	6	3	5	6	1	6	0	1.0802012	34	677.49266	677.69266	677.69267	677.89267	678.77287
1	31	2	1	126	1	6	3	6	5	2	6	1	0.70136296	35	680.01695	680.61695	680.61695	680.81696	681.31831
1	31	2	1	127	1	6	3	7	4	1	5	1	1.3296283	36	682.62964	682.82964	682.82964	683.02965	684.15927
1	31	2	1	128	1	6	3	8	5	2	7	0	0.96907579	36	684.84015	685.44015	685.44015	685.64015	686.40923
1	31	2	1	129	1	6	3	9	6	2	2	0	0.81626721	36	687.76513	688.36513	688.36513	688.56514	689.1814
1	31	2	1	130	1	6	3	10	1	1	2	1	0.79472104	37	690.69166	690.89166	690.89166	691.09167	691.68638
1	31	2	1	131	1	6	3	11	2	2	3	1	0.99340322	38	692.90465	693.50466	693.50466	693.70466	694.49806
1	31	2	1	132	1	6	3	12	2	1	3	1	0.75259945	39	695.51721	695.71722	695.71722	695.91722	696.46982
1	31	2	1	133	1	6	3	13	3	2	6	0	1.4025591	39	697.73048	698.33049	698.33049	698.53049	699.73305
1	31	2	1	134	1	6	3	14	1	2	2	1	1.2509925	40	700.65436	701.25436	701.25436	701.45437	702.50536
1	31	2	1	135	1	6	3	15	6	1	7	1	1.5702234	41	703.26776	703.46777	703.46777	703.66777	705.03799
1	31	2	1	136	1	6	3	16	2	2	3	1	0.94885969	42	705.48113	706.08114	706.08114	706.28114	707.03
1	31	2	1	137	1	6	3	17	4	2	5	1	1.0365493	43	708.09591	708.69592	708.69592	708.89592	709.73247
1	31	2	1	138	1	6	3	18	5	1	6	1	0.8256747	44	710.70921	710.90921	710.90922	711.10922	711.73489
1	31	2	1	139	1	6	3	19	3	1	4	1	1.2737956	45	712.92224	713.12225	713.12225	713.32226	714.39605
1	31	2	1	140	1	6	3	20	6	1	5	0	1.6212168	45	715.13636	715.33636	715.33637	715.53637	716.95758
1	31	2	1	141	1	6	3	21	3	1	4	1	1.4081546	46	717.66097	717.86097	717.86097	718.06098	719.26913
1	31	2	1	142	1	6	3	22	1	1	2	1	0.84505557	47	719.87445	720.07446	720.07446	720.27446	720.91951
1	31	2	1	143	1	6	3	23	1	1	2	1	0.76639166	48	722.08829	722.28829	722.2883	722.4883	723.05469
1	31	2	1	144	1	6	3	24	5	1	6	1	0.93468959	49	724.3028	724.5028	724.5028	724.70281	725.43749
1	31	2	1	145	1	6	3	25	3	2	3	0	1.0506903	49	726.51581	727.11581	727.11582	727.31582	728.16651
1	31	2	1	146	1	6	3	26	6	2	7	1	1.520327	50	729.43743	730.03743	730.03743	730.23744	731.55776
1	31	2	1	147	1	6	3	27	2	1	3	1	1.7567502	51	732.0501	732.2501	732.25011	732.45011	734.00686
1	31	2	1	148	1	6	3	28	4	1	5	1	0.9052005	52	734.26348	734.46349	734.46349	734.66349	735.36869
1	31	2	1	149	1	6	3	29	3	2	4	1	0.91295146	53	736.47697	737.07698	737.07698	737.27698	737.98993
1	31	2	1	150	1	6	3	30	5	1	6	1	0.65832516	54	739.0912	739.2912	739.29121	739.49121	739.94953
1	31	2	1	151	1	2	3	1	5	2	8	1	0.68339272	1	752.68103	753.28104	753.28104	753.48104	753.96443
1	31	2	1	152	1	2	3	2	5	2	8	1	0.44707495	2	755.29546	755.89546	755.89546	756.09547	756.34254
1	31	2	1	153	1	2	3	3	4	2	8	1	0.57534753	3	757.90965	758.50965	758.50966	758.70966	759.085
1	31	2	1	154	1	2	3	4	6	2	8	1	0.60994532	4	760.52372	761.12372	761.12373	761.32373	761.73367
1	31	2	1	155	1	2	3	5	1	1	1	1	0.66266561	5	763.1377	763.33771	763.33771	763.53771	764.00038
1	31	2	1	156	1	2	3	6	3	2	1	1	0.66288998	6	765.35182	765.95182	765.95183	766.15183	766.61472
1	31	2	1	157	1	2	3	7	3	1	1	1	0.67992208	7	767.96602	768.16603	768.16603	768.36603	768.84595
1	31	2	1	158	1	2	3	8	6	2	8	1	0.76447804	8	770.17994	770.77995	770.77995	770.97995	771.54443
1	31	2	1	159	1	2	3	9	1	2	1	1	1.0219382	9	772.7944	773.3944	773.39441	773.59441	774.41634
1	31	2	1	160	1	2	3	10	6	1	8	1	0.77356021	10	775.40848	775.60848	775.60849	775.80849	776.38205
1	31	2	1	161	1	2	3	11	5	2	8	1	0.99415981	11	777.65145	778.25146	778.25146	778.45146	779.24562
1	31	2	1	162	1	2	3	12	4	1	8	1	0.85413359	12	780.2658	780.4658	780.4658	780.66581	781.31994
1	31	2	1	163	1	2	3	13	2	2	1	1	0.86238681	13	782.48067	783.08067	783.08067	783.28067	783.94306
1	31	2	1	164	1	2	3	14	2	2	1	1	0.64621989	14	785.09553	785.69554	785.69554	785.89554	786.34176
1	31	2	1	165	1	2	3	15	3	1	1	1	0.55568085	15	787.70686	787.90687	787.90687	788.10687	788.46255
1	31	2	1	166	1	2	3	16	1	2	1	1	0.59893654	16	789.92189	790.5219	790.5219	790.72191	791.12084
1	31	2	1	167	1	2	3	17	3	2	1	1	0.639514	17	792.53352	793.13352	793.13352	793.33353	793.77304
1	31	2	1	168	1	2	3	18	3	1	1	1	0.62792346	18	795.1479	795.3479	795.34791	795.54791	795.97583
1	31	2	1	169	1	2	3	19	4	1	1	0	0.49930392	18	797.36302	797.56302	797.56303	797.76303	798.06233
1	31	2	1	170	1	2	3	20	2	1	1	1	0.64456082	19	799.89108	800.09108	800.09109	800.29109	800.73565
1	31	2	1	171	1	2	3	21	2	1	1	1	0.91737782	20	802.10566	802.30567	802.30567	802.50567	803.22305
1	31	2	1	172	1	2	3	22	5	1	8	1	0.66465268	21	804.31817	804.51817	804.51818	804.71818	805.18283
1	31	2	1	173	1	2	3	23	4	1	8	1	0.72813623	22	806.53418	806.73418	806.73419	806.93419	807.46232
1	31	2	1	174	1	2	3	24	1	1	1	1	0.70601014	23	808.74896	808.94897	808.94897	809.14897	809.65498
1	31	2	1	175	1	2	3	25	6	2	8	1	0.70638694	24	810.96377	811.56378	811.56378	811.76378	812.27017
1	31	2	1	176	1	2	3	26	4	2	8	1	0.78791803	25	813.57909	814.1791	814.1791	814.3791	814.96702
1	31	2	1	177	1	2	3	27	2	1	1	1	0.68005757	26	816.19219	816.39219	816.3922	816.5922	817.07225
1	31	2	1	178	1	2	3	28	1	1	1	1	0.72521259	27	818.40751	818.60751	818.60751	818.80751	819.33272
1	31	2	1	179	1	2	3	29	6	2	8	1	0.79157113	28	820.62228	821.22228	821.22228	821.42228	822.01385
1	31	2	1	180	1	2	3	30	5	1	8	1	0.70299426	29	823.23796	823.43796	823.43796	823.63797	824.14096
1	31	2	1	181	2	6	4	1	5	2	6	1	0.73278104	30	1128.2401	1128.8401	1128.8401	1129.0401	1129.5729
1	31	2	1	182	2	6	4	2	5	2	6	1	0.48905315	31	1130.8531	1131.4531	1131.4531	1131.6531	1131.9421
1	31	2	1	183	2	6	4	3	4	2	5	1	0.3856709	32	1133.4684	1134.0684	1134.0684	1134.2685	1134.4541
1	31	2	1	184	2	6	4	4	6	2	5	0	0.96754891	32	1136.0813	1136.6813	1136.6813	1136.8813	1137.6488
1	31	2	1	185	2	6	4	5	1	1	2	1	0.75156081	33	1138.6967	1138.8967	1138.8967	1139.0967	1139.6482
1	31	2	1	186	2	6	4	6	3	2	4	1	1.0631225	34	1140.912	1141.512	1141.512	1141.712	1142.5751
1	31	2	1	187	2	6	4	7	3	1	4	1	0.63923939	35	1143.5253	1143.7254	1143.7254	1143.9254	1144.3646
1	31	2	1	188	2	6	4	8	6	2	2	0	0.86717989	35	1145.7377	1146.3377	1146.3377	1146.5377	1147.2049
1	31	2	1	189	2	6	4	9	1	2	2	1	0.77907039	36	1148.3535	1148.9535	1148.9535	1149.1535	1149.7325
1	31	2	1	190	2	6	4	10	6	1	7	1	0.51704528	37	1150.9692	1151.1692	1151.1692	1151.3692	1151.6863
1	31	2	1	191	2	6	4	11	5	2	6	1	0.69945215	38	1153.1852	1153.7852	1153.7852	1153.9853	1154.4847
1	31	2	1	192	2	6	4	12	4	1	4	0	1.8021831	38	1155.8019	1156.0019	1156.0019	1156.2019	1157.8041
1	31	2	1	193	2	6	4	13	2	2	3	1	0.79477203	39	1158.0204	1158.6204	1158.6204	1158.8204	1159.4152
1	31	2	1	194	2	6	4	14	2	2	3	1	0.747521	40	1160.6336	1161.2336	1161.2336	1161.4336	1161.9812
1	31	2	1	195	2	6	4	15	3	1	3	0	0.78340692	40	1163.2468	1163.4468	1163.4468	1163.6469	1164.2303
1	31	2	1	196	2	6	4	16	1	2	2	1	1.1425702	41	1165.4629	1166.0629	1166.0629	1166.2629	1167.2055
1	31	2	1	197	2	6	4	17	3	2	4	1	1.5430394	42	1168.1012	1168.7012	1168.7012	1168.9012	1170.2442
1	31	2	1	198	2	6	4	18	3	1	4	1	1.0793966	43	1170.7173	1170.9173	1170.9173	1171.1173	1171.9967
1	31	2	1	199	2	6	4	19	4	1	5	1	0.7193103	44	1172.9343	1173.1343	1173.1343	1173.3343	1173.8536
1	31	2	1	200	2	6	4	20	2	1	3	1	0.9527727	45	1175.15	1175.35	1175.35	1175.5501	1176.3028
1	31	2	1	201	2	6	4	21	2	1	3	1	0.92725547	46	1177.366	1177.566	1177.566	1177.766	1178.4933
1	31	2	1	202	2	6	4	22	5	1	6	1	0.88003506	47	1179.5819	1179.7819	1179.7819	1179.9819	1180.6619
1	31	2	1	203	2	6	4	23	4	1	5	1	1.1592548	48	1181.7982	1181.9982	1181.9982	1182.1982	1183.1575
1	31	2	1	204	2	6	4	24	1	1	2	1	0.88915563	49	1184.015	1184.215	1184.215	1184.415	1185.1041
1	31	2	1	205	2	6	4	25	6	2	7	1	1.2275878	50	1186.2337	1186.8337	1186.8337	1187.0337	1188.0613
1	31	2	1	206	2	6	4	26	4	2	5	1	0.72965202	51	1188.8501	1189.4501	1189.4501	1189.6501	1190.1797
1	31	2	1	207	2	6	4	27	2	1	3	1	0.6414042	52	1191.4667	1191.6667	1191.6667	1191.8667	1192.3081
1	31	2	1	208	2	6	4	28	1	1	2	1	0.74068047	53	1193.6831	1193.8831	1193.8831	1194.0831	1194.6238
1	31	2	1	209	2	6	4	29	6	2	7	1	0.58670064	54	1195.8992	1196.4992	1196.4992	1196.6992	1197.0859
1	31	2	1	210	2	6	4	30	5	1	6	1	0.6575538	55	1198.5156	1198.7156	1198.7156	1198.9156	1199.3732
1	31	2	1	211	2	2	4	1	1	2	1	1	0.5272952	1	1228.7996	1229.3996	1229.3996	1229.5996	1229.9269
1	31	2	1	212	2	2	4	2	3	2	1	1	0.4421651	2	1231.4164	1232.0164	1232.0164	1232.2164	1232.4586
1	31	2	1	213	2	2	4	3	6	2	1	0	0.42925375	2	1234.0336	1234.6336	1234.6336	1234.8336	1235.0628
1	31	2	1	214	2	2	4	4	2	2	1	1	0.69068863	3	1236.6498	1237.2498	1237.2498	1237.4498	1237.9405
1	31	2	1	215	2	2	4	5	4	1	8	1	0.55416865	4	1239.2665	1239.4665	1239.4665	1239.6665	1240.0206
1	31	2	1	216	2	2	4	6	3	2	1	1	0.58076458	5	1241.4833	1242.0833	1242.0833	1242.2833	1242.6641
1	31	2	1	217	2	2	4	7	2	1	1	1	0.56526038	6	1244.0996	1244.2996	1244.2996	1244.4996	1244.8649
1	31	2	1	218	2	2	4	8	1	2	1	1	0.5700631	7	1246.314	1246.914	1246.914	1247.114	1247.4841
1	31	2	1	219	2	2	4	9	3	2	1	1	0.61208983	8	1248.9315	1249.5315	1249.5315	1249.7315	1250.1436
1	31	2	1	220	2	2	4	10	4	1	8	1	0.74607783	9	1251.5487	1251.7487	1251.7487	1251.9487	1252.4948
1	31	2	1	221	2	2	4	11	4	2	8	1	0.60885801	10	1253.7655	1254.3655	1254.3655	1254.5655	1254.9743
1	31	2	1	222	2	2	4	12	2	1	1	1	0.67875935	11	1256.3825	1256.5825	1256.5825	1256.7825	1257.2612
1	31	2	1	223	2	2	4	13	3	2	1	1	0.63087557	12	1258.5978	1259.1978	1259.1978	1259.3978	1259.8287
1	31	2	1	224	2	2	4	14	6	2	8	1	0.58870975	13	1261.2149	1261.8149	1261.8149	1262.0149	1262.4036
1	31	2	1	225	2	2	4	15	2	1	1	1	0.6195762	14	1263.8327	1264.0327	1264.0327	1264.2328	1264.6523
1	31	2	1	226	2	2	4	16	6	2	8	1	0.49715459	15	1266.051	1266.651	1266.651	1266.851	1267.1482
1	31	2	1	227	2	2	4	17	5	2	8	1	0.52830548	16	1268.6685	1269.2685	1269.2685	1269.4685	1269.7968
1	31	2	1	228	2	2	4	18	1	1	1	1	0.64713725	17	1271.2858	1271.4858	1271.4858	1271.6858	1272.133
1	31	2	1	229	2	2	4	19	4	1	8	1	0.59095993	18	1273.5039	1273.7039	1273.7039	1273.9039	1274.2948
1	31	2	1	230	2	2	4	20	4	1	8	1	0.59099663	19	1275.7211	1275.9211	1275.9211	1276.1211	1276.5121
1	31	2	1	231	2	2	4	21	2	1	1	1	0.64607477	20	1277.9343	1278.1343	1278.1343	1278.3343	1278.7803
1	31	2	1	232	2	2	4	22	1	1	1	1	0.60950572	21	1280.155	1280.355	1280.355	1280.555	1280.9645
1	31	2	1	233	2	2	4	23	6	1	8	1	0.56232679	22	1282.37	1282.57	1282.57	1282.77	1283.1323
1	31	2	1	234	2	2	4	24	5	1	8	1	0.52331209	23	1284.5849	1284.7849	1284.785	1284.985	1285.3083
1	31	2	1	235	2	2	4	25	3	2	1	1	0.65762385	24	1286.8031	1287.4031	1287.4031	1287.6031	1288.0607
1	31	2	1	236	2	2	4	26	6	2	8	1	0.53545715	25	1289.4211	1290.0211	1290.0211	1290.2211	1290.5565
1	31	2	1	237	2	2	4	27	5	1	8	1	0.63774709	26	1292.039	1292.239	1292.239	1292.439	1292.8767
1	31	2	1	238	2	2	4	28	1	1	1	1	0.72675183	27	1294.2543	1294.4543	1294.4543	1294.6543	1295.181
1	31	2	1	239	2	2	4	29	5	2	8	1	0.53382185	28	1296.4729	1297.0729	1297.0729	1297.2729	1297.6067
1	31	2	1	240	2	2	4	30	5	1	8	1	0.48150941	29	1299.0905	1299.2905	1299.2905	1299.4905	1299.772
1	31	2	1	241	2	6	5	1	1	2	2	1	0.51932566	30	1329.4085	1330.0085	1330.0085	1330.2085	1330.5278
1	31	2	1	242	2	6	5	2	3	2	4	1	1.6824233	31	1332.0264	1332.6264	1332.6264	1332.8264	1334.3088
1	31	2	1	243	2	6	5	3	6	2	5	0	0.89476864	31	1334.6409	1335.2409	1335.2409	1335.4409	1336.1357
1	31	2	1	244	2	6	5	4	2	2	3	1	0.74488891	32	1337.2593	1337.8593	1337.8593	1338.0593	1338.6042
1	31	2	1	245	2	6	5	5	4	1	5	1	0.90157252	33	1339.8783	1340.0783	1340.0783	1340.2784	1340.9799
1	31	2	1	246	2	6	5	6	3	2	7	0	1.1404253	33	1342.0967	1342.6967	1342.6967	1342.8968	1343.8372
1	31	2	1	247	2	6	5	7	2	1	3	1	1.2903927	34	1344.7151	1344.9151	1344.9151	1345.1151	1346.2055
1	31	2	1	248	2	6	5	8	1	2	2	1	0.86293804	35	1346.933	1347.533	1347.5331	1347.7331	1348.396
1	31	2	1	249	2	6	5	9	3	2	4	1	1.0841753	36	1349.5512	1350.1512	1350.1512	1350.3512	1351.2354
1	31	2	1	250	2	6	5	10	4	1	5	1	1.5792261	37	1352.1699	1352.3699	1352.3699	1352.5699	1353.9491
1	31	2	1	251	2	6	5	11	4	2	5	1	0.56097904	38	1354.3885	1354.9886	1354.9886	1355.1886	1355.5495
1	31	2	1	252	2	6	5	12	2	1	3	1	1.3616249	39	1357.0068	1357.2068	1357.2068	1357.4068	1358.5684
1	31	2	1	253	2	6	5	13	3	2	7	0	2.0000481	39	1359.2252	1359.8252	1359.8252	1360.0253	1361.8253
1	31	2	1	254	2	6	5	14	6	2	7	1	1.4347627	40	1361.843	1362.443	1362.443	1362.6431	1363.8778
1	31	2	1	255	2	6	5	15	2	1	3	1	1.103328	41	1364.4617	1364.6617	1364.6617	1364.8617	1365.765
1	31	2	1	256	2	6	5	16	6	2	5	0	1.2445806	41	1366.6805	1367.2805	1367.2805	1367.4806	1368.5251
1	31	2	1	257	2	6	5	17	5	2	6	1	0.90687767	42	1369.3226	1369.9226	1369.9226	1370.1226	1370.8295
1	31	2	1	258	2	6	5	18	1	1	2	1	0.97842798	43	1371.9416	1372.1416	1372.1416	1372.3416	1373.1201
1	31	2	1	259	2	6	5	19	4	1	5	1	0.72167924	44	1374.1611	1374.3612	1374.3612	1374.5612	1375.0828
1	31	2	1	260	2	6	5	20	4	1	5	1	0.53782803	45	1376.3802	1376.5802	1376.5802	1376.7802	1377.118
1	31	2	1	261	2	6	5	21	2	1	3	1	1.1194458	46	1378.599	1378.799	1378.799	1378.999	1379.9184
1	31	2	1	262	2	6	5	22	1	1	2	1	0.99725447	47	1380.8183	1381.0183	1381.0183	1381.2183	1382.0156
1	31	2	1	263	2	6	5	23	6	1	7	1	1.4472321	48	1383.0376	1383.2376	1383.2376	1383.4376	1384.6848
1	31	2	1	264	2	6	5	24	5	1	6	1	0.6449734	49	1385.2575	1385.4575	1385.4575	1385.6575	1386.1025
1	31	2	1	265	2	6	5	25	3	2	4	1	0.65134069	50	1387.4771	1388.0771	1388.0771	1388.2771	1388.7284
1	31	2	1	266	2	6	5	26	6	2	7	1	0.97272346	51	1390.0962	1390.6962	1390.6962	1390.8962	1391.6689
1	31	2	1	267	2	6	5	27	5	1	6	1	0.97734794	52	1392.7153	1392.9153	1392.9153	1393.1153	1393.8927
1	31	2	1	268	2	6	5	28	1	1	2	1	1.4972216	53	1394.9343	1395.1343	1395.1343	1395.3343	1396.6315
1	31	2	1	269	2	6	5	29	5	2	6	1	0.93055433	54	1397.1544	1397.7544	1397.7544	1397.9545	1398.685
1	31	2	1	270	2	6	5	30	5	1	6	1	0.70975673	55	1399.774	1399.974	1399.974	1400.174	1400.6838
1	31	2	1	271	2	2	5	1	6	2	8	1	0.97300946	1	1430.0568	1430.6568	1430.6568	1430.8568	1431.6298
1	31	2	1	272	2	2	5	2	6	2	8	1	0.68350513	2	1432.6759	1433.2759	1433.2759	1433.4759	1433.9594
1	31	2	1	273	2	2	5	3	5	2	8	1	0.38148813	3	1435.2952	1435.8952	1435.8952	1436.0952	1436.2766
1	31	2	1	274	2	2	5	4	2	2	1	1	0.57839885	4	1437.9147	1438.5147	1438.5147	1438.7147	1439.0931
1	31	2	1	275	2	2	5	5	4	1	8	1	0.68654059	5	1440.5345	1440.7345	1440.7345	1440.9345	1441.4211
1	31	2	1	276	2	2	5	6	6	2	8	1	0.66152826	6	1442.7538	1443.3538	1443.3538	1443.5538	1444.0153
1	31	2	1	277	2	2	5	7	1	1	1	1	0.82327652	7	1445.3734	1445.5734	1445.5734	1445.7734	1446.3967
1	31	2	1	278	2	2	5	8	3	2	1	1	0.83671758	8	1447.5928	1448.1928	1448.1928	1448.3928	1449.0295
1	31	2	1	279	2	2	5	9	6	2	8	1	0.75316936	9	1450.2126	1450.8126	1450.8126	1451.0126	1451.5657
1	31	2	1	280	2	2	5	10	2	1	1	1	0.8048912	10	1452.8325	1453.0325	1453.0325	1453.2325	1453.8373
1	31	2	1	281	2	2	5	11	2	2	1	1	0.77665148	11	1455.0518	1455.6518	1455.6518	1455.8518	1456.4285
1	31	2	1	282	2	2	5	12	1	1	1	1	0.6562438	12	1457.6714	1457.8714	1457.8714	1458.0714	1458.5277
1	31	2	1	283	2	2	5	13	5	2	8	1	0.6731748	13	1459.8916	1460.4916	1460.4916	1460.6916	1461.1647
1	31	2	1	284	2	2	5	14	5	2	8	1	0.54272133	14	1462.5117	1463.1117	1463.1117	1463.3117	1463.6545
1	31	2	1	285	2	2	5	15	1	1	1	1	0.69056743	15	1465.1322	1465.3322	1465.3322	1465.5322	1466.0228
1	31	2	1	286	2	2	5	16	5	2	8	1	0.67060258	16	1467.3517	1467.9517	1467.9517	1468.1518	1468.6224
1	31	2	1	287	2	2	5	17	6	2	8	1	0.73811465	17	1469.9716	1470.5716	1470.5716	1470.7716	1471.3098
1	31	2	1	288	2	2	5	18	3	1	1	1	0.79900092	18	1472.5918	1472.7918	1472.7918	1472.9918	1473.5908
1	31	2	1	289	2	2	5	19	3	1	1	1	0.8294649	19	1474.8106	1475.0106	1475.0106	1475.2106	1475.8401
1	31	2	1	290	2	2	5	20	4	1	8	1	0.6467032	20	1477.0304	1477.2304	1477.2304	1477.4304	1477.8771
1	31	2	1	291	2	2	5	21	1	1	1	1	0.93348656	21	1479.2506	1479.4506	1479.4506	1479.6506	1480.3841
1	31	2	1	292	2	2	5	22	2	1	8	0	0.70203446	21	1481.4714	1481.6714	1481.6714	1481.8714	1482.3734
1	31	2	1	293	2	2	5	23	4	1	8	1	0.94506909	22	1483.6918	1483.8918	1483.8918	1484.0918	1484.8368
1	31	2	1	294	2	2	5	24	3	1	1	1	0.86057794	23	1485.9116	1486.1116	1486.1116	1486.3116	1486.9722
1	31	2	1	295	2	2	5	25	3	2	1	1	0.97088197	24	1488.1315	1488.7315	1488.7315	1488.9315	1489.7024
1	31	2	1	296	2	2	5	26	4	2	8	1	0.56579148	25	1490.7519	1491.3519	1491.3519	1491.5519	1491.9177
1	31	2	1	297	2	2	5	27	4	1	8	1	0.55364611	26	1493.3729	1493.5729	1493.5729	1493.7729	1494.1265
1	31	2	1	298	2	2	5	28	5	1	8	1	0.51348752	27	1495.5899	1495.7899	1495.7899	1495.9899	1496.3034
1	31	2	1	299	2	2	5	29	2	2	1	1	0.52553699	28	1497.8108	1498.4108	1498.4109	1498.6109	1498.9364
1	31	2	1	300	2	2	5	30	1	1	1	1	0.49625766	29	1500.4295	1500.6295	1500.6295	1500.8295	1501.1257
1	31	2	1	301	2	6	6	1	6	2	7	1	1.1877566	30	1530.7458	1531.3458	1531.3458	1531.5459	1532.5336
1	31	2	1	302	2	6	6	2	6	2	7	1	0.47267673	31	1533.3666	1533.9667	1533.9667	1534.1667	1534.4394
1	31	2	1	303	2	6	6	3	5	2	6	1	1.0415384	32	1535.9876	1536.5876	1536.5876	1536.7876	1537.6291
1	31	2	1	304	2	6	6	4	2	2	3	1	1.0811247	33	1538.6073	1539.2073	1539.2073	1539.4073	1540.2884
1	31	2	1	305	2	6	6	5	4	1	5	1	1.1451402	34	1541.2282	1541.4282	1541.4282	1541.6282	1542.5733
1	31	2	1	306	2	6	6	6	6	2	7	1	0.94241624	35	1543.4498	1544.0498	1544.0498	1544.2498	1544.9922
1	31	2	1	307	2	6	6	7	1	1	1	1	0.83694464	36	1546.0675	1546.2675	1546.2675	1546.4675	1547.1045
1	31	2	1	308	2	6	6	8	3	2	4	1	0.89531143	37	1548.2887	1548.8887	1548.8887	1549.0888	1549.7841
1	31	2	1	309	2	6	6	9	6	2	7	1	1.2552324	38	1550.9105	1551.5105	1551.5105	1551.7105	1552.7658
1	31	2	1	310	2	6	6	10	2	1	3	1	1.4346392	39	1553.5323	1553.7323	1553.7323	1553.9323	1555.167
1	31	2	1	311	2	6	6	11	2	2	3	1	0.69327785	40	1555.7539	1556.3539	1556.3539	1556.5539	1557.0472
1	31	2	1	312	2	6	6	12	1	1	2	1	1.612953	41	1558.3749	1558.5749	1558.5749	1558.7749	1560.1878
1	31	2	1	313	2	6	6	13	5	2	6	1	0.68889405	42	1560.5962	1561.1962	1561.1962	1561.3962	1561.8851
1	31	2	1	314	2	6	6	14	5	2	6	1	0.63518455	43	1563.2184	1563.8184	1563.8184	1564.0184	1564.4536
1	31	2	1	315	2	6	6	15	1	1	2	1	0.83858336	44	1565.8403	1566.0403	1566.0403	1566.2403	1566.8789
1	31	2	1	316	2	6	6	16	5	2	6	1	1.2508507	45	1568.0613	1568.6613	1568.6613	1568.8613	1569.9121
1	31	2	1	317	2	6	6	17	6	2	7	1	1.2131931	46	1570.6796	1571.2796	1571.2796	1571.4796	1572.4928
1	31	2	1	318	2	6	6	18	3	1	4	1	1.4399012	47	1573.3015	1573.5015	1573.5015	1573.7015	1574.9414
1	31	2	1	319	2	6	6	19	3	1	4	1	0.88591286	48	1575.5224	1575.7224	1575.7224	1575.9224	1576.6083
1	31	2	1	320	2	6	6	20	4	1	5	1	1.1654106	49	1577.7439	1577.9439	1577.9439	1578.1439	1579.1093
1	31	2	1	321	2	6	6	21	1	1	2	1	0.95205192	50	1579.9651	1580.1651	1580.1651	1580.3652	1581.1172
1	31	2	1	322	2	6	6	22	2	1	3	1	1.0019318	51	1582.1873	1582.3873	1582.3873	1582.5873	1583.3892
1	31	2	1	323	2	6	6	23	4	1	6	0	1.3672627	51	1584.4074	1584.6074	1584.6074	1584.8074	1585.9747
1	31	2	1	324	2	6	6	24	3	1	7	0	1.7677078	51	1586.6293	1586.8293	1586.8293	1587.0293	1588.597
1	31	2	1	325	2	6	6	25	3	2	4	1	1.3565601	52	1588.8505	1589.4505	1589.4505	1589.6505	1590.807
1	31	2	1	326	2	6	6	26	4	2	5	1	0.69528523	53	1591.4722	1592.0722	1592.0722	1592.2722	1592.7675
1	31	2	1	327	2	6	6	27	4	1	5	1	0.59004282	54	1594.0973	1594.2973	1594.2973	1594.4973	1594.8873
1	31	2	1	328	2	6	6	28	5	1	6	1	1.0535844	55	1596.3193	1596.5193	1596.5193	1596.7193	1597.5728
1	31	2	1	329	2	6	6	29	2	2	3	1	0.84958871	56	1598.5408	1599.1408	1599.1408	1599.3408	1599.9904
1	31	2	1	330	2	6	6	30	1	1	2	1	0.87835719	57	1601.1615	1601.3615	1601.3615	1601.5615	1602.2398
1	31	2	1	331	2	2	6	1	4	2	8	1	0.69534027	1	1631.4456	1632.0456	1632.0456	1632.2456	1632.741
1	31	2	1	332	2	2	6	2	5	2	8	1	0.41143505	2	1634.0674	1634.6674	1634.6674	1634.8674	1635.0789
1	31	2	1	333	2	2	6	3	2	2	1	1	0.67175966	3	1636.6864	1637.2864	1637.2864	1637.4864	1637.9581
1	31	2	1	334	2	2	6	4	5	2	8	1	0.72295867	4	1639.3078	1639.9079	1639.9079	1640.1079	1640.6308
1	31	2	1	335	2	2	6	5	6	1	8	1	0.57409361	5	1641.93	1642.13	1642.1301	1642.3301	1642.7041
1	31	2	1	336	2	2	6	6	6	2	8	1	0.64475557	6	1644.1521	1644.7521	1644.7521	1644.9521	1645.3969
1	31	2	1	337	2	2	6	7	3	1	1	1	0.69162082	7	1646.7781	1646.9781	1646.9781	1647.1781	1647.6697
1	31	2	1	338	2	2	6	8	4	2	8	1	0.85476093	8	1649.0006	1649.6006	1649.6006	1649.8006	1650.4554
1	31	2	1	339	2	2	6	9	5	2	8	1	0.66291772	9	1651.6373	1652.2373	1652.2373	1652.4374	1652.9003
1	31	2	1	340	2	2	6	10	5	1	8	1	0.63201843	10	1654.2607	1654.4607	1654.4607	1654.6607	1655.0927
1	31	2	1	341	2	2	6	11	4	2	8	1	0.74086123	11	1656.4832	1657.0832	1657.0832	1657.2832	1657.8241
1	31	2	1	342	2	2	6	12	2	1	1	1	0.60319418	12	1659.1053	1659.3053	1659.3053	1659.5053	1659.9085
1	31	2	1	343	2	2	6	13	1	2	1	1	0.50793536	13	1661.3243	1661.9243	1661.9243	1662.1243	1662.4322
1	31	2	1	344	2	2	6	14	5	2	8	1	0.68240812	14	1663.9463	1664.5463	1664.5463	1664.7463	1665.2287
1	31	2	1	345	2	2	6	15	2	1	1	1	0.68731152	15	1666.5691	1666.7691	1666.7691	1666.9691	1667.4565
1	31	2	1	346	2	2	6	16	4	2	8	1	0.65294123	16	1668.7918	1669.3918	1669.3918	1669.5918	1670.0447
1	31	2	1	347	2	2	6	17	3	2	1	1	0.68826	17	1671.4129	1672.0129	1672.0129	1672.2129	1672.7012
1	31	2	1	348	2	2	6	18	6	1	8	1	0.63406716	18	1674.0354	1674.2354	1674.2354	1674.4354	1674.8695
1	31	2	1	349	2	2	6	19	6	1	8	1	0.56559978	19	1676.2581	1676.4581	1676.4581	1676.6581	1677.0237
1	31	2	1	350	2	2	6	20	2	1	1	1	1.0864947	20	1678.4813	1678.6813	1678.6813	1678.8813	1679.7678
1	31	2	1	351	2	2	6	21	1	1	1	1	0.61038653	21	1680.7017	1680.9017	1680.9017	1681.1017	1681.5121
1	31	2	1	352	2	2	6	22	1	1	1	1	0.52816433	22	1682.9246	1683.1246	1683.1246	1683.3246	1683.6528
1	31	2	1	353	2	2	6	23	6	1	8	1	0.69190562	23	1685.1473	1685.3473	1685.3474	1685.5474	1686.0393
1	31	2	1	354	2	2	6	24	3	1	1	1	0.9567367	24	1687.3704	1687.5704	1687.5704	1687.7704	1688.5271
1	31	2	1	355	2	2	6	25	1	2	1	1	0.54622761	25	1689.594	1690.194	1690.194	1690.394	1690.7403
1	31	2	1	356	2	2	6	26	3	2	1	1	0.65871994	26	1692.2176	1692.8176	1692.8176	1693.0176	1693.4763
1	31	2	1	357	2	2	6	27	3	1	1	1	0.57877367	27	1694.8413	1695.0413	1695.0413	1695.2413	1695.6201
1	31	2	1	358	2	2	6	28	1	1	1	1	0.57460068	28	1697.0645	1697.2645	1697.2645	1697.4645	1697.8391
1	31	2	1	359	2	2	6	29	4	2	8	1	0.61601533	29	1699.2884	1699.8884	1699.8884	1700.0884	1700.5044
1	31	2	1	360	2	2	6	30	2	1	1	1	0.96671399	30	1701.911	1702.111	1702.1111	1702.3111	1703.0778
1	31	2	1	361	3	6	7	1	4	2	5	1	1.1976904	31	2548.3105	2548.9105	2548.9105	2549.1105	2550.1082
1	31	2	1	362	3	6	7	2	5	2	6	1	0.64163238	32	2550.9335	2551.5335	2551.5335	2551.7335	2552.1752
1	31	2	1	363	3	6	7	3	2	2	3	1	1.2988694	33	2553.5536	2554.1536	2554.1536	2554.3536	2555.4525
1	31	2	1	364	3	6	7	4	5	2	6	1	0.62378891	34	2556.1764	2556.7764	2556.7764	2556.9764	2557.4002
1	31	2	1	365	3	6	7	5	6	1	7	1	1.168353	35	2558.7996	2558.9996	2558.9996	2559.1996	2560.168
1	31	2	1	366	3	6	7	6	6	2	7	1	0.51747358	36	2561.023	2561.623	2561.623	2561.823	2562.1405
1	31	2	1	367	3	6	7	7	3	1	4	1	0.87030616	37	2563.6467	2563.8467	2563.8467	2564.0467	2564.717
1	31	2	1	368	3	6	7	8	4	2	5	1	0.87009483	38	2565.8698	2566.4698	2566.4698	2566.6698	2567.3399
1	31	2	1	369	3	6	7	9	5	2	6	1	0.97419347	39	2568.4943	2569.0943	2569.0943	2569.2943	2570.0685
1	31	2	1	370	3	6	7	10	5	1	6	1	0.53615829	40	2571.1152	2571.3153	2571.3153	2571.5153	2571.8514
1	31	2	1	371	3	6	7	11	4	2	5	1	1.2570589	41	2573.3404	2573.9404	2573.9404	2574.1404	2575.1975
1	31	2	1	372	3	6	7	12	2	1	3	1	1.2749337	42	2575.9644	2576.1644	2576.1644	2576.3644	2577.4394
1	31	2	1	373	3	6	7	13	1	2	2	1	1.570115	43	2578.1888	2578.7888	2578.7888	2578.9888	2580.3589
1	31	2	1	374	3	6	7	14	5	2	6	1	1.407977	44	2580.8123	2581.4123	2581.4123	2581.6123	2582.8203
1	31	2	1	375	3	6	7	15	2	1	3	1	1.6466353	45	2583.4361	2583.6361	2583.6361	2583.8361	2585.2827
1	31	2	1	376	3	6	7	16	4	2	7	0	1.8846676	45	2585.6565	2586.2565	2586.2565	2586.4565	2588.1411
1	31	2	1	377	3	6	7	17	3	2	4	1	1.2778413	46	2588.2799	2588.8799	2588.8799	2589.0799	2590.1578
1	31	2	1	378	3	6	7	18	6	1	0	0	-2591.104	46	2590.9039	2591.104	2591.104	2591.304	0
1	31	2	1	379	3	6	7	19	6	1	7	1	0.70697665	47	2593.1285	2593.3285	2593.3285	2593.5285	2594.0354
1	31	2	1	380	3	6	7	20	2	1	3	1	1.0551532	48	2595.352	2595.552	2595.552	2595.752	2596.6071
1	31	2	1	381	3	6	7	21	1	1	2	1	0.96511812	49	2597.5757	2597.7757	2597.7757	2597.9757	2598.7408
1	31	2	1	382	3	6	7	22	1	1	2	1	0.80730847	50	2599.7993	2599.9993	2599.9993	2600.1993	2600.8066
1	31	2	1	383	3	6	7	23	6	1	7	1	0.88667913	51	2602.0232	2602.2232	2602.2232	2602.4232	2603.1099
1	31	2	1	384	3	6	7	24	3	1	4	1	0.96903675	52	2604.2475	2604.4475	2604.4475	2604.6475	2605.4166
1	31	2	1	385	3	6	7	25	1	2	2	1	0.83738408	53	2606.472	2607.072	2607.072	2607.272	2607.9094
1	31	2	1	386	3	6	7	26	3	2	4	1	1.3977175	54	2609.096	2609.696	2609.696	2609.896	2611.0937
1	31	2	1	387	3	6	7	27	3	1	4	1	0.74294583	55	2611.7206	2611.9206	2611.9206	2612.1206	2612.6636
1	31	2	1	388	3	6	7	28	1	1	2	1	0.94177213	56	2613.9447	2614.1447	2614.1447	2614.3447	2615.0865
1	31	2	1	389	3	6	7	29	4	2	6	0	1.5753477	56	2616.1658	2616.7658	2616.7658	2616.9658	2618.3412
1	31	2	1	390	3	6	7	30	2	1	3	1	0.88746121	57	2618.7903	2618.9903	2618.9903	2619.1903	2619.8778
1	31	2	1	391	3	2	7	1	4	2	8	1	0.64860294	1	2649.0795	2649.6795	2649.6796	2649.8796	2650.3282
1	31	2	1	392	3	2	7	2	1	2	1	1	0.67217184	2	2651.704	2652.304	2652.304	2652.504	2652.9762
1	31	2	1	393	3	2	7	3	6	2	8	1	0.70425567	3	2654.3281	2654.9281	2654.9281	2655.1281	2655.6323
1	31	2	1	394	3	2	7	4	4	2	8	1	0.55014365	4	2656.9527	2657.5527	2657.5527	2657.7527	2658.1029
1	31	2	1	395	3	2	7	5	5	1	8	1	0.44423903	5	2659.578	2659.778	2659.778	2659.978	2660.2223
1	31	2	1	396	3	2	7	6	6	2	8	1	0.50481982	6	2661.8033	2662.4033	2662.4033	2662.6033	2662.9081
1	31	2	1	397	3	2	7	7	3	1	1	1	0.60144131	7	2664.4285	2664.6286	2664.6286	2664.8286	2665.23
1	31	2	1	398	3	2	7	8	5	2	8	1	0.92248963	8	2666.6534	2667.2534	2667.2534	2667.4534	2668.1759
1	31	2	1	399	3	2	7	9	2	2	1	1	0.80994658	9	2669.2779	2669.8779	2669.8779	2670.0779	2670.6878
1	31	2	1	400	3	2	7	10	6	1	8	1	0.81046741	10	2671.9079	2672.1079	2672.1079	2672.3079	2672.9184
1	31	2	1	401	3	2	7	11	3	2	1	1	0.8725156	11	2674.1344	2674.7344	2674.7344	2674.9344	2675.6069
1	31	2	1	402	3	2	7	12	6	1	8	1	0.66959518	12	2676.7605	2676.9606	2676.9606	2677.1606	2677.6302
1	31	2	1	403	3	2	7	13	3	2	1	1	0.68376752	13	2678.9859	2679.5859	2679.5859	2679.7859	2680.2697
1	31	2	1	404	3	2	7	14	3	2	1	1	0.78086181	14	2681.611	2682.211	2682.211	2682.411	2682.9919
1	31	2	1	405	3	2	7	15	3	1	1	1	0.63082893	15	2684.236	2684.436	2684.436	2684.636	2685.0668
1	31	2	1	406	3	2	7	16	5	2	8	1	0.67161927	16	2686.4605	2687.0605	2687.0605	2687.2605	2687.7322
1	31	2	1	407	3	2	7	17	1	2	1	1	0.67923059	17	2689.085	2689.685	2689.685	2689.885	2690.3642
1	31	2	1	408	3	2	7	18	4	1	8	1	0.7187044	18	2691.7102	2691.9102	2691.9102	2692.1102	2692.6289
1	31	2	1	409	3	2	7	19	1	1	1	1	0.81307753	19	2693.9358	2694.1358	2694.1358	2694.3358	2694.9489
1	31	2	1	410	3	2	7	20	2	1	1	1	0.66045492	20	2696.161	2696.361	2696.361	2696.561	2697.0214
1	31	2	1	411	3	2	7	21	2	1	1	1	0.57976193	21	2698.386	2698.586	2698.586	2698.786	2699.1658
1	31	2	1	412	3	2	7	22	2	1	1	1	0.58638416	22	2700.6112	2700.8112	2700.8112	2701.0112	2701.3976
1	31	2	1	413	3	2	7	23	5	1	1	0	0.50973461	22	2702.834	2703.034	2703.034	2703.234	2703.5438
1	31	2	1	414	3	2	7	24	6	1	8	1	0.59564706	23	2705.0596	2705.2597	2705.2597	2705.4597	2705.8553
1	31	2	1	415	3	2	7	25	2	2	1	1	0.61537322	24	2707.2849	2707.8849	2707.8849	2708.0849	2708.5003
1	31	2	1	416	3	2	7	26	4	2	8	1	0.67854079	25	2709.9112	2710.5112	2710.5112	2710.7112	2711.1897
1	31	2	1	417	3	2	7	27	1	1	1	1	0.85086565	26	2712.5368	2712.7368	2712.7368	2712.9368	2713.5877
1	31	2	1	418	3	2	7	28	4	1	8	1	0.62005894	27	2714.7623	2714.9623	2714.9623	2715.1623	2715.5823
1	31	2	1	419	3	2	7	29	5	2	8	1	0.84271512	28	2716.9877	2717.5877	2717.5877	2717.7877	2718.4304
1	31	2	1	420	3	2	7	30	1	1	1	1	0.90658943	29	2719.6107	2719.8107	2719.8107	2720.0107	2720.7173
1	31	2	1	421	3	6	8	1	4	2	6	0	0.90125007	29	2749.9293	2750.5293	2750.5293	2750.7293	2751.4305
1	31	2	1	422	3	6	8	2	1	2	2	1	0.83717742	30	2752.5551	2753.1551	2753.1551	2753.3551	2753.9923
1	31	2	1	423	3	6	8	3	6	2	7	1	1.3280534	31	2755.1811	2755.7811	2755.7811	2755.9811	2757.1092
1	31	2	1	424	3	6	8	4	4	2	3	0	1.5242171	31	2757.8042	2758.4042	2758.4042	2758.6042	2759.9284
1	31	2	1	425	3	6	8	5	5	1	6	1	1.0597881	32	2760.4335	2760.6335	2760.6335	2760.8335	2761.6933
1	31	2	1	426	3	6	8	6	6	2	7	1	1.2037742	33	2762.6595	2763.2595	2763.2595	2763.4596	2764.4633
1	31	2	1	427	3	6	8	7	3	1	4	1	1.1311496	34	2765.2833	2765.4833	2765.4834	2765.6834	2766.6145
1	31	2	1	428	3	6	8	8	5	2	6	1	0.71314519	35	2767.5091	2768.1091	2768.1091	2768.3091	2768.8222
1	31	2	1	429	3	6	8	9	2	2	3	1	0.74116714	36	2770.135	2770.735	2770.735	2770.935	2771.4762
1	31	2	1	430	3	6	8	10	6	1	5	0	1.6351121	36	2772.761	2772.9611	2772.9611	2773.1611	2774.5962
1	31	2	1	431	3	6	8	11	3	2	4	1	1.1624807	37	2774.9877	2775.5877	2775.5877	2775.7877	2776.7502
1	31	2	1	432	3	6	8	12	6	1	5	0	1.375156	37	2777.6149	2777.8149	2777.8149	2778.0149	2779.1901
1	31	2	1	433	3	6	8	13	3	2	4	1	0.98776579	38	2779.8409	2780.441	2780.441	2780.641	2781.4287
1	31	2	1	434	3	6	8	14	3	2	4	1	0.68302231	39	2782.4682	2783.0682	2783.0682	2783.2682	2783.7512
1	31	2	1	435	3	6	8	15	3	1	4	1	0.53572686	40	2785.095	2785.295	2785.295	2785.495	2785.8307
1	31	2	1	436	3	6	8	16	5	2	6	1	1.1793306	41	2787.3207	2787.9207	2787.9207	2788.1207	2789.1001
1	31	2	1	437	3	6	8	17	1	2	2	1	0.93892284	42	2789.9474	2790.5474	2790.5474	2790.7474	2791.4863
1	31	2	1	438	3	6	8	18	4	1	5	1	1.0157511	43	2792.5748	2792.7748	2792.7748	2792.9748	2793.7905
1	31	2	1	439	3	6	8	19	1	1	2	1	0.99446844	44	2794.801	2795.001	2795.001	2795.201	2795.9954
1	31	2	1	440	3	6	8	20	2	1	3	1	1.1482741	45	2797.0281	2797.2282	2797.2282	2797.4282	2798.3764
1	31	2	1	441	3	6	8	21	2	1	6	0	1.1222134	45	2799.2774	2799.4774	2799.4774	2799.6775	2800.5997
1	31	2	1	442	3	6	8	22	2	1	3	1	0.64947416	46	2801.5012	2801.7012	2801.7012	2801.9012	2802.3507
1	31	2	1	443	3	6	8	23	5	1	6	1	0.8835007	47	2803.7332	2803.9332	2803.9332	2804.1332	2804.8167
1	31	2	1	444	3	6	8	24	6	1	7	1	1.469729	48	2805.9599	2806.1599	2806.1599	2806.3599	2807.6296
1	31	2	1	445	3	6	8	25	2	2	3	1	1.6510545	49	2808.1863	2808.7863	2808.7863	2808.9863	2810.4373
1	31	2	1	446	3	6	8	26	4	2	5	1	1.7787266	50	2810.8136	2811.4136	2811.4136	2811.6136	2813.1923
1	31	2	1	447	3	6	8	27	1	1	2	1	1.4395234	51	2813.4397	2813.6397	2813.6397	2813.8397	2815.0792
1	31	2	1	448	3	6	8	28	4	1	5	1	1.7159471	52	2815.6672	2815.8672	2815.8673	2816.0673	2817.5832
1	31	2	1	449	3	6	8	29	5	2	6	1	0.68964965	53	2817.8945	2818.4945	2818.4945	2818.6945	2819.1841
1	31	2	1	450	3	6	8	30	1	1	2	1	0.84714822	54	2820.5208	2820.7208	2820.7208	2820.9208	2821.5679
1	31	2	1	451	3	2	8	1	2	2	1	1	0.78937662	1	2850.8088	2851.4088	2851.4088	2851.6088	2852.1982
1	31	2	1	452	3	2	8	2	5	2	8	1	0.64011076	2	2853.4377	2854.0377	2854.0377	2854.2377	2854.6778
1	31	2	1	453	3	2	8	3	2	2	1	1	0.67642173	3	2856.0649	2856.6649	2856.665	2856.865	2857.3414
1	31	2	1	454	3	2	8	4	4	2	8	1	1.0964089	4	2858.6923	2859.2923	2859.2923	2859.4923	2860.3887
1	31	2	1	455	3	2	8	5	3	1	1	1	0.72738277	5	2861.32	2861.52	2861.52	2861.72	2862.2474
1	31	2	1	456	3	2	8	6	1	2	1	1	0.62666879	6	2863.5468	2864.1468	2864.1468	2864.3468	2864.7735
1	31	2	1	457	3	2	8	7	5	1	8	1	0.66382122	7	2866.1748	2866.3748	2866.3748	2866.5749	2867.0387
1	31	2	1	458	3	2	8	8	5	2	8	1	0.54578489	8	2868.4027	2869.0027	2869.0027	2869.2028	2869.5485
1	31	2	1	459	3	2	8	9	3	2	1	1	0.57881606	9	2871.034	2871.634	2871.634	2871.834	2872.2128
1	31	2	1	460	3	2	8	10	5	1	8	1	0.62951325	10	2873.6623	2873.8623	2873.8623	2874.0623	2874.4918
1	31	2	1	461	3	2	8	11	6	2	8	1	0.63044455	11	2875.8893	2876.4893	2876.4894	2876.6894	2877.1198
1	31	2	1	462	3	2	8	12	1	1	1	1	0.6582331	12	2878.5166	2878.7166	2878.7166	2878.9166	2879.3749
1	31	2	1	463	3	2	8	13	5	2	8	1	0.60949099	13	2880.7483	2881.3484	2881.3484	2881.5484	2881.9578
1	31	2	1	464	3	2	8	14	3	2	1	1	0.57333197	14	2883.3774	2883.9774	2883.9774	2884.1774	2884.5507
1	31	2	1	465	3	2	8	15	1	1	8	0	0.71090523	14	2886.0055	2886.2055	2886.2055	2886.4055	2886.9164
1	31	2	1	466	3	2	8	16	1	2	1	1	0.66863719	15	2888.2332	2888.8332	2888.8332	2889.0333	2889.5019
1	31	2	1	467	3	2	8	17	2	2	1	1	0.75746854	16	2890.865	2891.465	2891.465	2891.665	2892.2224
1	31	2	1	468	3	2	8	18	3	1	1	1	0.62366134	17	2893.4929	2893.6929	2893.6929	2893.8929	2894.3166
1	31	2	1	469	3	2	8	19	6	1	8	1	0.76655214	18	2895.7201	2895.9201	2895.9201	2896.1201	2896.6866
1	31	2	1	470	3	2	8	20	6	1	1	0	0.76002358	18	2897.948	2898.148	2898.1481	2898.3481	2898.9081
1	31	2	1	471	3	2	8	21	4	1	8	1	0.50997908	19	2900.1757	2900.3757	2900.3757	2900.5757	2900.8857
1	31	2	1	472	3	2	8	22	4	1	8	1	0.44911873	20	2902.4041	2902.6041	2902.6041	2902.8041	2903.0532
1	31	2	1	473	3	2	8	23	6	1	8	1	0.50428705	21	2904.6312	2904.8312	2904.8312	2905.0312	2905.3355
1	31	2	1	474	3	2	8	24	3	1	1	1	0.66477275	22	2906.8595	2907.0595	2907.0595	2907.2595	2907.7242
1	31	2	1	475	3	2	8	25	2	2	1	1	0.7992912	23	2909.0875	2909.6875	2909.6875	2909.8875	2910.4868
1	31	2	1	476	3	2	8	26	4	2	8	1	0.54455032	24	2911.7154	2912.3154	2912.3154	2912.5154	2912.8599
1	31	2	1	477	3	2	8	27	2	1	1	1	0.82824982	25	2914.3446	2914.5446	2914.5446	2914.7446	2915.3728
1	31	2	1	478	3	2	8	28	6	1	8	1	0.66491304	26	2916.5719	2916.7719	2916.7719	2916.9719	2917.4368
1	31	2	1	479	3	2	8	29	4	2	8	1	0.51564422	27	2918.801	2919.401	2919.401	2919.601	2919.9166
1	31	2	1	480	3	2	8	30	1	1	1	1	0.69847828	28	2921.4287	2921.6287	2921.6287	2921.8287	2922.3272
1	31	2	1	481	3	6	9	1	2	2	3	1	0.68956711	29	2951.7482	2952.3482	2952.3482	2952.5482	2953.0377
1	31	2	1	482	3	6	9	2	5	2	6	1	0.68515546	30	2954.3772	2954.9772	2954.9772	2955.1772	2955.6623
1	31	2	1	483	3	6	9	3	2	2	3	1	0.66693444	31	2957.0112	2957.6112	2957.6113	2957.8113	2958.2782
1	31	2	1	484	3	6	9	4	4	2	5	1	0.86118877	32	2959.6402	2960.2402	2960.2402	2960.4402	2961.1013
1	31	2	1	485	3	6	9	5	3	1	7	0	0.81698925	32	2962.2684	2962.4684	2962.4684	2962.6684	2963.2854
1	31	2	1	486	3	6	9	6	1	2	2	1	1.0563864	33	2964.4948	2965.0948	2965.0948	2965.2948	2966.1512
1	31	2	1	487	3	6	9	7	5	1	6	1	1.0723437	34	2967.1235	2967.3235	2967.3235	2967.5236	2968.3959
1	31	2	1	488	3	6	9	8	5	2	6	1	0.62061324	35	2969.3516	2969.9516	2969.9516	2970.1516	2970.5722
1	31	2	1	489	3	6	9	9	3	2	4	1	1.0401098	36	2971.9807	2972.5807	2972.5807	2972.7807	2973.6208
1	31	2	1	490	3	6	9	10	5	1	4	0	0.81270139	36	2974.6099	2974.8099	2974.8099	2975.0099	2975.6226
1	31	2	1	491	3	6	9	11	6	2	7	1	1.0169536	37	2976.8391	2977.4391	2977.4391	2977.6391	2978.456
1	31	2	1	492	3	6	9	12	1	1	2	1	0.81462244	38	2979.4858	2979.6858	2979.6858	2979.8858	2980.5004
1	31	2	1	493	3	6	9	13	5	2	6	1	0.6660803	39	2981.7151	2982.3151	2982.3151	2982.5151	2982.9811
1	31	2	1	494	3	6	9	14	3	2	4	1	1.4270704	40	2984.3461	2984.9461	2984.9461	2985.1461	2986.3732
1	31	2	1	495	3	6	9	15	1	1	2	1	0.94906849	41	2986.9747	2987.1747	2987.1747	2987.3747	2988.1238
1	31	2	1	496	3	6	9	16	1	2	2	1	0.76890486	42	2989.2041	2989.8041	2989.8041	2990.0041	2990.573
1	31	2	1	497	3	6	9	17	2	2	3	1	0.92563698	43	2991.8332	2992.4332	2992.4332	2992.6332	2993.3588
1	31	2	1	498	3	6	9	18	3	1	4	1	1.1066337	44	2994.5096	2994.7096	2994.7096	2994.9096	2995.8162
1	31	2	1	499	3	6	9	19	6	1	7	1	1.0573074	45	2996.7395	2996.9395	2996.9395	2997.1395	2997.9968
1	31	2	1	500	3	6	9	20	6	1	7	1	0.7118805	46	2998.9687	2999.1687	2999.1687	2999.3687	2999.8806
1	31	2	1	501	3	6	9	21	4	1	5	1	0.95012181	47	3001.1974	3001.3974	3001.3974	3001.5974	3002.3475
1	31	2	1	502	3	6	9	22	4	1	5	1	0.49975127	48	3003.4263	3003.6263	3003.6263	3003.8263	3004.1261
1	31	2	1	503	3	6	9	23	6	1	7	1	1.5336997	49	3005.6561	3005.8561	3005.8561	3006.0561	3007.3898
1	31	2	1	504	3	6	9	24	3	1	3	0	0.71273968	49	3007.8874	3008.0874	3008.0875	3008.2875	3008.8002
1	31	2	1	505	3	6	9	25	2	2	3	1	0.77994351	50	3010.1163	3010.7163	3010.7163	3010.9163	3011.4963
1	31	2	1	506	3	6	9	26	4	2	5	1	1.0121004	51	3012.7453	3013.3453	3013.3453	3013.5453	3014.3574
1	31	2	1	507	3	6	9	27	2	1	3	1	0.96063012	52	3015.3741	3015.5741	3015.5741	3015.7741	3016.5348
1	31	2	1	508	3	6	9	28	6	1	7	1	0.85607377	53	3017.6041	3017.8041	3017.8041	3018.0041	3018.6602
1	31	2	1	509	3	6	9	29	4	2	5	1	1.5155858	54	3019.8332	3020.4332	3020.4332	3020.6332	3021.9488
1	31	2	1	510	3	6	9	30	1	1	2	1	1.0227442	55	3022.4619	3022.6619	3022.662	3022.862	3023.6847
1	31	2	1	511	3	2	9	1	6	2	8	1	1.0738675	1	3052.748	3053.348	3053.348	3053.548	3054.4218
1	31	2	1	512	3	2	9	2	6	2	8	1	0.63657081	2	3055.3787	3055.9787	3055.9787	3056.1787	3056.6153
1	31	2	1	513	3	2	9	3	6	2	8	1	0.74910981	3	3058.0091	3058.6091	3058.6092	3058.8092	3059.3583
1	31	2	1	514	3	2	9	4	1	2	1	1	0.5021127	4	3060.6384	3061.2384	3061.2384	3061.4385	3061.7406
1	31	2	1	515	3	2	9	5	2	1	2	1	1.0042105	5	3063.2681	3063.4681	3063.4681	3063.6681	3064.4723
1	31	2	1	516	3	2	9	6	6	2	8	1	0.66704896	6	3065.5014	3066.1014	3066.1014	3066.3014	3066.7685
1	31	2	1	517	3	2	9	7	1	1	1	1	0.8272757	7	3068.1313	3068.3313	3068.3313	3068.5313	3069.1586
1	31	2	1	518	3	2	9	8	1	2	1	1	0.58766377	8	3070.3612	3070.9612	3070.9612	3071.1612	3071.5489
1	31	2	1	519	3	2	9	9	1	2	1	1	0.72213702	9	3072.9881	3073.5881	3073.5881	3073.7881	3074.3103
1	31	2	1	520	3	2	9	10	4	1	8	1	0.64475379	10	3075.6155	3075.8155	3075.8155	3076.0155	3076.4603
1	31	2	1	521	3	2	9	11	2	2	1	1	0.62607752	11	3077.8455	3078.4455	3078.4455	3078.6455	3079.0716
1	31	2	1	522	3	2	9	12	3	1	8	0	0.70453336	11	3080.4794	3080.6794	3080.6794	3080.8794	3081.3839
1	31	2	1	523	3	2	9	13	2	2	1	1	0.53503712	12	3082.709	3083.309	3083.309	3083.509	3083.844
1	31	2	1	524	3	2	9	14	2	2	1	1	0.69524101	13	3085.3398	3085.9398	3085.9398	3086.1398	3086.6351
1	31	2	1	525	3	2	9	15	3	1	1	1	0.58103174	14	3087.9708	3088.1708	3088.1708	3088.3708	3088.7518
1	31	2	1	526	3	2	9	16	4	2	8	1	0.81552106	15	3090.201	3090.801	3090.801	3091.001	3091.6165
1	31	2	1	527	3	2	9	17	3	2	1	1	0.79150844	16	3092.8288	3093.4288	3093.4288	3093.6289	3094.2203
1	31	2	1	528	3	2	9	18	6	1	8	1	0.75625037	17	3095.4586	3095.6586	3095.6586	3095.8586	3096.4149
1	31	2	1	529	3	2	9	19	1	1	1	1	0.72235297	18	3097.6925	3097.8925	3097.8925	3098.0925	3098.6148
1	31	2	1	530	3	2	9	20	3	1	1	1	0.64397824	19	3099.9226	3100.1226	3100.1226	3100.3226	3100.7665
1	31	2	1	531	3	2	9	21	5	1	8	1	0.67987034	20	3102.1562	3102.3562	3102.3562	3102.5562	3103.0361
1	31	2	1	532	3	2	9	22	5	1	8	1	0.78085366	21	3104.3865	3104.5865	3104.5865	3104.7865	3105.3674
1	31	2	1	533	3	2	9	23	3	1	1	1	0.76202056	22	3106.6173	3106.8173	3106.8173	3107.0173	3107.5794
1	31	2	1	534	3	2	9	24	5	1	8	1	0.695985	23	3108.8464	3109.0464	3109.0464	3109.2464	3109.7424
1	31	2	1	535	3	2	9	25	5	2	8	1	0.74547773	24	3111.0769	3111.6769	3111.6769	3111.8769	3112.4224
1	31	2	1	536	3	2	9	26	2	2	1	1	0.73855147	25	3113.7074	3114.3074	3114.3074	3114.5074	3115.046
1	31	2	1	537	3	2	9	27	4	1	8	1	0.69839976	26	3116.3382	3116.5383	3116.5383	3116.7383	3117.2367
1	31	2	1	538	3	2	9	28	4	1	8	1	0.67191761	27	3118.5659	3118.7659	3118.7659	3118.9659	3119.4379
1	31	2	1	539	3	2	9	29	4	2	8	1	0.49500214	28	3120.7929	3121.3929	3121.3929	3121.5929	3121.8879
1	31	2	1	540	3	2	9	30	5	1	8	1	0.58379871	29	3123.4238	3123.6238	3123.6238	3123.8238	3124.2076
1	31	2	1	541	4	6	10	1	6	2	7	1	1.451837	30	3698.0334	3698.6334	3698.6334	3698.8334	3700.0852
1	31	2	1	542	4	6	10	2	6	2	7	1	0.6768587	31	3700.6654	3701.2654	3701.2654	3701.4654	3701.9422
1	31	2	1	543	4	6	10	3	6	2	7	1	0.67604294	32	3703.2961	3703.8961	3703.8961	3704.0961	3704.5721
1	31	2	1	544	4	6	10	4	1	2	2	1	0.98447699	33	3705.9265	3706.5265	3706.5265	3706.7266	3707.511
1	31	2	1	545	4	6	10	5	2	1	3	1	1.2892306	34	3708.5577	3708.7577	3708.7577	3708.9578	3710.047
1	31	2	1	546	4	6	10	6	6	2	7	1	0.96911638	35	3710.7883	3711.3883	3711.3883	3711.5883	3712.3574
1	31	2	1	547	4	6	10	7	1	1	2	1	0.85073339	36	3713.4193	3713.6194	3713.6194	3713.8194	3714.4701
1	31	2	1	548	4	6	10	8	1	2	2	1	0.79571671	37	3715.6509	3716.2509	3716.2509	3716.4509	3717.0466
1	31	2	1	549	4	6	10	9	1	2	2	1	0.8264245	38	3718.2834	3718.8834	3718.8834	3719.0834	3719.7099
1	31	2	1	550	4	6	10	10	4	1	3	0	1.0589661	38	3720.9154	3721.1154	3721.1154	3721.3154	3722.1743
1	31	2	1	551	4	6	10	11	2	2	3	1	0.77259661	39	3723.1463	3723.7463	3723.7463	3723.9463	3724.5189
1	31	2	1	552	4	6	10	12	3	1	4	1	1.4640322	40	3725.7755	3725.9755	3725.9755	3726.1755	3727.4395
1	31	2	1	553	4	6	10	13	2	2	3	1	1.606618	41	3728.0078	3728.6078	3728.6078	3728.8078	3730.2144
1	31	2	1	554	4	6	10	14	2	2	3	1	0.70995182	42	3730.6392	3731.2392	3731.2392	3731.4392	3731.9491
1	31	2	1	555	4	6	10	15	3	1	4	1	1.0169139	43	3733.2715	3733.4715	3733.4715	3733.6715	3734.4884
1	31	2	1	556	4	6	10	16	4	2	5	1	1.3509274	44	3735.5037	3736.1037	3736.1037	3736.3037	3737.4547
1	31	2	1	557	4	6	10	17	3	2	4	1	0.91102677	45	3738.1346	3738.7346	3738.7346	3738.9346	3739.6457
1	31	2	1	558	4	6	10	18	6	1	5	0	1.4480731	45	3740.7656	3740.9656	3740.9656	3741.1656	3742.4137
1	31	2	1	559	4	6	10	19	1	1	2	1	0.96133025	46	3742.9967	3743.1967	3743.1967	3743.3967	3744.158
1	31	2	1	560	4	6	10	20	3	1	4	1	0.86868648	47	3745.2279	3745.4279	3745.4279	3745.6279	3746.2966
1	31	2	1	561	4	6	10	21	5	1	6	1	1.2169509	48	3747.4604	3747.6604	3747.6604	3747.8604	3748.8773
1	31	2	1	562	4	6	10	22	5	1	6	1	0.63283185	49	3749.6926	3749.8926	3749.8926	3750.0926	3750.5254
1	31	2	1	563	4	6	10	23	3	1	3	0	1.2671653	49	3751.924	3752.124	3752.124	3752.324	3753.3911
1	31	2	1	564	4	6	10	24	5	1	6	1	1.1329947	50	3754.1531	3754.3531	3754.3531	3754.5531	3755.4861
1	31	2	1	565	4	6	10	25	5	2	6	1	1.6784169	51	3756.3842	3756.9842	3756.9842	3757.1842	3758.6627
1	31	2	1	566	4	6	10	26	2	2	3	1	0.85670215	52	3759.0126	3759.6126	3759.6126	3759.8126	3760.4693
1	31	2	1	567	4	6	10	27	4	1	7	0	1.3240243	52	3761.6442	3761.8442	3761.8443	3762.0443	3763.1683
1	31	2	1	568	4	6	10	28	4	1	5	1	0.71968152	53	3763.8758	3764.0758	3764.0758	3764.2758	3764.7955
1	31	2	1	569	4	6	10	29	4	2	5	1	0.69146433	54	3766.1091	3766.7091	3766.7091	3766.9091	3767.4005
1	31	2	1	570	4	6	10	30	5	1	3	0	0.98855527	54	3768.7436	3768.9437	3768.9437	3769.1437	3769.9322
1	31	2	1	571	4	2	10	1	1	2	1	1	0.72284457	1	3799.0424	3799.6424	3799.6424	3799.8424	3800.3652
1	31	2	1	572	4	2	10	2	1	2	1	1	0.59360881	2	3801.6778	3802.2778	3802.2778	3802.4778	3802.8714
1	31	2	1	573	4	2	10	3	2	2	1	1	0.57056209	3	3804.3097	3804.9097	3804.9097	3805.1097	3805.4803
1	31	2	1	574	4	2	10	4	2	2	1	1	0.54290507	4	3806.9416	3807.5416	3807.5416	3807.7416	3808.0845
1	31	2	1	575	4	2	10	5	6	1	8	1	0.66222312	5	3809.5748	3809.7748	3809.7748	3809.9748	3810.437
1	31	2	1	576	4	2	10	6	5	2	8	1	0.70091177	6	3811.8079	3812.4079	3812.4079	3812.6079	3813.1088
1	31	2	1	577	4	2	10	7	6	1	8	1	0.7683117	7	3814.444	3814.6441	3814.6441	3814.8441	3815.4124
1	31	2	1	578	4	2	10	8	4	2	8	1	0.80135791	8	3816.6765	3817.2765	3817.2765	3817.4765	3818.0778
1	31	2	1	579	4	2	10	9	1	2	1	1	0.64229439	9	3819.3082	3819.9082	3819.9082	3820.1082	3820.5505
1	31	2	1	580	4	2	10	10	5	1	8	1	0.77978729	10	3821.9406	3822.1406	3822.1406	3822.3406	3822.9204
1	31	2	1	581	4	2	10	11	3	2	1	1	0.63412419	11	3824.1736	3824.7736	3824.7736	3824.9736	3825.4077
1	31	2	1	582	4	2	10	12	4	1	8	1	0.76047432	12	3826.8057	3827.0057	3827.0057	3827.2057	3827.7662
1	31	2	1	583	4	2	10	13	6	2	8	1	1.3012304	13	3829.0392	3829.6392	3829.6392	3829.8392	3830.9404
1	31	2	1	584	4	2	10	14	6	2	8	1	0.70472652	14	3831.6713	3832.2713	3832.2713	3832.4713	3832.976
1	31	2	1	585	4	2	10	15	1	1	1	1	0.57221905	15	3834.3045	3834.5046	3834.5046	3834.7046	3835.0768
1	31	2	1	586	4	2	10	16	5	2	8	1	0.71067872	16	3836.5342	3837.1342	3837.1342	3837.3342	3837.8448
1	31	2	1	587	4	2	10	17	3	2	1	1	0.58954085	17	3839.1676	3839.7676	3839.7676	3839.9676	3840.3571
1	31	2	1	588	4	2	10	18	6	1	8	1	0.58945474	18	3841.7995	3841.9995	3841.9995	3842.1995	3842.589
1	31	2	1	589	4	2	10	19	2	1	1	1	0.76620269	19	3844.0323	3844.2323	3844.2323	3844.4323	3844.9985
1	31	2	1	590	4	2	10	20	2	1	1	1	0.55838496	20	3846.2695	3846.4695	3846.4695	3846.6695	3847.0279
1	31	2	1	591	4	2	10	21	4	1	8	1	0.65306007	21	3848.5028	3848.7028	3848.7028	3848.9028	3849.3558
1	31	2	1	592	4	2	10	22	4	1	8	1	0.70748444	22	3850.7354	3850.9355	3850.9355	3851.1355	3851.6429
1	31	2	1	593	4	2	10	23	3	1	1	1	0.81210632	23	3852.9695	3853.1695	3853.1695	3853.3695	3853.9816
1	31	2	1	594	4	2	10	24	5	1	8	1	0.6285022	24	3855.2023	3855.4023	3855.4023	3855.6023	3856.0308
1	31	2	1	595	4	2	10	25	3	2	8	0	0.95364502	24	3857.435	3858.035	3858.035	3858.235	3858.9887
1	31	2	1	596	4	2	10	26	3	2	1	1	0.80168091	25	3860.0683	3860.6683	3860.6683	3860.8683	3861.47
1	31	2	1	597	4	2	10	27	2	1	8	0	0.98463362	25	3862.7021	3862.9021	3862.9021	3863.1021	3863.8868
1	31	2	1	598	4	2	10	28	4	1	8	1	1.0132589	26	3864.9351	3865.1351	3865.1351	3865.3351	3866.1483
1	31	2	1	599	4	2	10	29	1	2	1	1	0.94833001	27	3867.1684	3867.7684	3867.7684	3867.9684	3868.7167
1	31	2	1	600	4	2	10	30	5	1	8	1	0.88396075	28	3869.8015	3870.0015	3870.0015	3870.2015	3870.8855
1	31	2	1	601	4	6	11	1	1	2	2	1	0.9135218	29	3900.1324	3900.7324	3900.7324	3900.9324	3901.6459
1	31	2	1	602	4	6	11	2	1	2	2	1	0.73441628	30	3902.7662	3903.3662	3903.3662	3903.5663	3904.1007
1	31	2	1	603	4	6	11	3	2	2	3	1	1.1472266	31	3905.3996	3905.9996	3905.9996	3906.1996	3907.1468
1	31	2	1	604	4	6	11	4	2	2	3	1	0.65035704	32	3908.03	3908.63	3908.63	3908.83	3909.2804
1	31	2	1	605	4	6	11	5	6	1	6	0	0.99688066	32	3910.6637	3910.8637	3910.8637	3911.0637	3911.8606
1	31	2	1	606	4	6	11	6	5	2	6	1	0.94840383	33	3912.8975	3913.4975	3913.4975	3913.6975	3914.4459
1	31	2	1	607	4	6	11	7	6	1	5	0	1.0111742	33	3915.5307	3915.7307	3915.7307	3915.9307	3916.7419
1	31	2	1	608	4	6	11	8	4	2	5	1	1.1548601	34	3917.761	3918.361	3918.361	3918.561	3919.5159
1	31	2	1	609	4	6	11	9	1	2	2	1	0.80572641	35	3920.3989	3920.9989	3920.9989	3921.1989	3921.8047
1	31	2	1	610	4	6	11	10	5	1	6	1	0.7588741	36	3923.0329	3923.2329	3923.2329	3923.4329	3923.9918
1	31	2	1	611	4	6	11	11	3	2	4	1	1.4587888	37	3925.2665	3925.8665	3925.8665	3926.0665	3927.3253
1	31	2	1	612	4	6	11	12	4	1	6	0	1.6671173	37	3927.9002	3928.1002	3928.1002	3928.3002	3929.7674
1	31	2	1	613	4	6	11	13	6	2	7	1	0.88611265	38	3930.1303	3930.7303	3930.7303	3930.9303	3931.6164
1	31	2	1	614	4	6	11	14	6	2	5	0	1.035982	38	3932.7638	3933.3638	3933.3638	3933.5638	3934.3998
1	31	2	1	615	4	6	11	15	1	1	2	1	0.80544386	39	3935.3987	3935.5987	3935.5987	3935.7987	3936.4041
1	31	2	1	616	4	6	11	16	5	2	6	1	0.76047763	40	3937.636	3938.236	3938.236	3938.4361	3938.9965
1	31	2	1	617	4	6	11	17	3	2	4	1	1.112454	41	3940.2694	3940.8694	3940.8694	3941.0695	3941.9819
1	31	2	1	618	4	6	11	18	6	1	7	1	1.4263793	42	3942.9066	3943.1066	3943.1066	3943.3066	3944.533
1	31	2	1	619	4	6	11	19	2	1	3	1	1.4759993	43	3945.145	3945.345	3945.345	3945.545	3946.821
1	31	2	1	620	4	6	11	20	2	1	3	1	0.7083058	44	3947.3784	3947.5784	3947.5784	3947.7784	3948.2867
1	31	2	1	621	4	6	11	21	4	1	5	1	0.87984573	45	3949.6159	3949.8159	3949.8159	3950.0159	3950.6957
1	31	2	1	622	4	6	11	22	4	1	5	1	1.1724116	46	3951.8496	3952.0496	3952.0496	3952.2496	3953.222
1	31	2	1	623	4	6	11	23	3	1	4	1	1.0993341	47	3954.0835	3954.2835	3954.2835	3954.4835	3955.3828
1	31	2	1	624	4	6	11	24	5	1	6	1	1.0002627	48	3956.3187	3956.5187	3956.5187	3956.7187	3957.5189
1	31	2	1	625	4	6	11	25	3	2	4	1	1.0777774	49	3958.5496	3959.1496	3959.1496	3959.3497	3960.2274
1	31	2	1	626	4	6	11	26	3	2	4	1	0.77248263	50	3961.186	3961.786	3961.786	3961.9861	3962.5585
1	31	2	1	627	4	6	11	27	2	1	3	1	1.2075868	51	3963.8214	3964.0214	3964.0214	3964.2214	3965.229
1	31	2	1	628	4	6	11	28	4	1	6	0	1.0690847	51	3966.0554	3966.2554	3966.2555	3966.4555	3967.3246
1	31	2	1	629	4	6	11	29	1	2	5	0	0.88537159	51	3968.2893	3968.8894	3968.8894	3969.0894	3969.7748
1	31	2	1	630	4	6	11	30	5	1	6	1	0.93162506	52	3970.9208	3971.1208	3971.1208	3971.3208	3972.0524
1	31	2	1	631	4	2	11	1	3	2	1	1	0.6535902	1	4001.2233	4001.8233	4001.8233	4002.0233	4002.4769
1	31	2	1	632	4	2	11	2	1	2	1	1	0.48572679	2	4003.8557	4004.4557	4004.4557	4004.6558	4004.9415
1	31	2	1	633	4	2	11	3	4	2	8	1	0.60323296	3	4006.4903	4007.0903	4007.0903	4007.2903	4007.6935
1	31	2	1	634	4	2	11	4	4	2	8	1	0.58130354	4	4009.1288	4009.7288	4009.7288	4009.9288	4010.3101
1	31	2	1	635	4	2	11	5	2	1	1	1	0.64491064	5	4011.7631	4011.9631	4011.9631	4012.1631	4012.608
1	31	2	1	636	4	2	11	6	1	2	1	1	0.56739453	6	4013.997	4014.597	4014.597	4014.797	4015.1644
1	31	2	1	637	4	2	11	7	4	1	8	1	0.85466419	7	4016.6319	4016.8319	4016.8319	4017.0319	4017.6866
1	31	2	1	638	4	2	11	8	2	2	8	0	0.44778156	7	4018.8686	4019.4686	4019.4686	4019.6686	4019.9164
1	31	2	1	639	4	2	11	9	5	2	8	1	0.83964541	8	4021.5028	4022.1028	4022.1028	4022.3028	4022.9424
1	31	2	1	640	4	2	11	10	6	1	8	1	0.51475435	9	4024.1374	4024.3374	4024.3374	4024.5374	4024.8522
1	31	2	1	641	4	2	11	11	6	2	8	1	0.57308636	10	4026.3775	4026.9775	4026.9775	4027.1775	4027.5506
1	31	2	1	642	4	2	11	12	5	1	8	1	0.60723984	11	4029.0137	4029.2137	4029.2137	4029.4137	4029.8209
1	31	2	1	643	4	2	11	13	5	2	8	1	0.56698603	12	4031.2489	4031.8489	4031.8489	4032.0489	4032.4159
1	31	2	1	644	4	2	11	14	6	2	8	1	0.62919856	13	4033.8888	4034.4888	4034.4889	4034.6889	4035.118
1	31	2	1	645	4	2	11	15	5	1	8	1	0.53983818	14	4036.5214	4036.7214	4036.7214	4036.9214	4037.2612
1	31	2	1	646	4	2	11	16	3	2	1	1	0.99005911	15	4038.758	4039.358	4039.358	4039.558	4040.348
1	31	2	1	647	4	2	11	17	6	2	8	1	0.69338658	16	4041.3933	4041.9933	4041.9933	4042.1933	4042.6866
1	31	2	1	648	4	2	11	18	3	1	1	1	0.65036991	17	4044.0286	4044.2286	4044.2286	4044.4286	4044.879
1	31	2	1	649	4	2	11	19	4	1	8	1	0.76040169	18	4046.2635	4046.4635	4046.4635	4046.6635	4047.2239
1	31	2	1	650	4	2	11	20	5	1	8	1	0.5493712	19	4048.4988	4048.6988	4048.6988	4048.8988	4049.2482
1	31	2	1	651	4	2	11	21	2	1	1	1	0.61322337	20	4050.7382	4050.9382	4050.9382	4051.1382	4051.5514
1	31	2	1	652	4	2	11	22	2	1	1	1	0.53536147	21	4052.9729	4053.1729	4053.1729	4053.3729	4053.7083
1	31	2	1	653	4	2	11	23	1	1	1	1	0.54138646	22	4055.2096	4055.4096	4055.4096	4055.6096	4055.951
1	31	2	1	654	4	2	11	24	1	1	1	1	0.79126472	23	4057.4455	4057.6455	4057.6455	4057.8455	4058.4367
1	31	2	1	655	4	2	11	25	1	2	1	1	0.49882829	24	4059.6777	4060.2777	4060.2777	4060.4777	4060.7765
1	31	2	1	656	4	2	11	26	4	2	8	1	0.67583158	25	4062.3142	4062.9142	4062.9142	4063.1142	4063.5901
1	31	2	1	657	4	2	11	27	3	1	1	1	0.6477065	26	4064.9495	4065.1495	4065.1495	4065.3495	4065.7972
1	31	2	1	658	4	2	11	28	2	1	1	1	0.57346964	27	4067.1844	4067.3844	4067.3844	4067.5844	4067.9578
1	31	2	1	659	4	2	11	29	3	2	1	1	0.46267466	28	4069.4238	4070.0238	4070.0238	4070.2238	4070.4865
1	31	2	1	660	4	2	11	30	6	1	8	1	0.58638662	29	4072.0591	4072.2591	4072.2591	4072.4591	4072.8455
1	31	2	1	661	4	6	12	1	3	2	4	1	1.028738	30	4102.3833	4102.9833	4102.9833	4103.1833	4104.012
1	31	2	1	662	4	6	12	2	1	2	2	1	0.84340353	31	4105.0183	4105.6183	4105.6183	4105.8183	4106.4617
1	31	2	1	663	4	6	12	3	4	2	5	1	1.0637662	32	4107.6533	4108.2533	4108.2533	4108.4533	4109.3171
1	31	2	1	664	4	6	12	4	4	2	5	1	1.3191474	33	4110.2865	4110.8865	4110.8865	4111.0865	4112.2056
1	31	2	1	665	4	6	12	5	2	1	3	1	0.99493429	34	4112.922	4113.122	4113.122	4113.322	4114.1169
1	31	2	1	666	4	6	12	6	1	2	2	1	0.88768062	35	4115.1595	4115.7595	4115.7595	4115.9595	4116.6472
1	31	2	1	667	4	6	12	7	4	1	6	0	1.1591067	35	4117.8	4118	4118	4118.2	4119.1591
1	31	2	1	668	4	6	12	8	2	2	3	1	0.82850612	36	4120.0362	4120.6362	4120.6362	4120.8362	4121.4647
1	31	2	1	669	4	6	12	9	5	2	6	1	0.63208407	37	4122.6719	4123.2719	4123.2719	4123.472	4123.904
1	31	2	1	670	4	6	12	10	6	1	7	1	1.0116103	38	4125.3073	4125.5073	4125.5073	4125.7073	4126.519
1	31	2	1	671	4	6	12	11	6	2	7	1	0.6378091	39	4127.5437	4128.1437	4128.1437	4128.3437	4128.7815
1	31	2	1	672	4	6	12	12	5	1	6	1	0.74650013	40	4130.1803	4130.3803	4130.3803	4130.5803	4131.1268
1	31	2	1	673	4	6	12	13	5	2	6	1	0.56714494	41	4132.4164	4133.0164	4133.0164	4133.2164	4133.5836
1	31	2	1	674	4	6	12	14	6	2	7	1	1.3919729	42	4135.053	4135.653	4135.6531	4135.8531	4137.045
1	31	2	1	675	4	6	12	15	5	1	6	1	1.3801372	43	4137.6894	4137.8894	4137.8894	4138.0894	4139.2695
1	31	2	1	676	4	6	12	16	3	2	4	1	0.85654137	44	4139.9264	4140.5264	4140.5264	4140.7264	4141.3829
1	31	2	1	677	4	6	12	17	6	2	7	1	1.3300241	45	4142.5627	4143.1627	4143.1627	4143.3627	4144.4928
1	31	2	1	678	4	6	12	18	3	1	4	1	1.5070507	46	4145.2033	4145.4033	4145.4033	4145.6033	4146.9103
1	31	2	1	679	4	6	12	19	4	1	7	0	1.7260042	46	4147.4395	4147.6395	4147.6395	4147.8395	4149.3655
1	31	2	1	680	4	6	12	20	5	1	6	1	0.91443017	47	4149.6753	4149.8753	4149.8753	4150.0753	4150.7897
1	31	2	1	681	4	6	12	21	2	1	3	1	1.1130172	48	4151.9112	4152.1112	4152.1112	4152.3112	4153.2242
1	31	2	1	682	4	6	12	22	2	1	3	1	0.67740802	49	4154.1472	4154.3473	4154.3473	4154.5473	4155.0247
1	31	2	1	683	4	6	12	23	1	1	2	1	0.82179245	50	4156.3829	4156.5829	4156.5829	4156.7829	4157.4047
1	31	2	1	684	4	6	12	24	1	1	2	1	0.64520037	51	4158.6193	4158.8193	4158.8193	4159.0193	4159.4645
1	31	2	1	685	4	6	12	25	1	2	2	1	0.60573662	52	4160.8555	4161.4555	4161.4555	4161.6555	4162.0613
1	31	2	1	686	4	6	12	26	4	2	7	0	1.2498382	52	4163.4923	4164.0923	4164.0923	4164.2923	4165.3421
1	31	2	1	687	4	6	12	27	3	1	4	1	1.6945138	53	4166.1282	4166.3282	4166.3282	4166.5282	4168.0227
1	31	2	1	688	4	6	12	28	2	1	3	1	0.95255701	54	4168.3661	4168.5661	4168.5661	4168.7661	4169.5187
1	31	2	1	689	4	6	12	29	3	2	4	1	0.91579334	55	4170.604	4171.204	4171.204	4171.404	4172.1198
1	31	2	1	690	4	6	12	30	6	1	7	1	1.2379281	56	4173.24	4173.44	4173.44	4173.64	4174.678
1	31	2	1	691	4	2	12	1	2	2	1	1	0.83879592	1	4203.5431	4204.1431	4204.1431	4204.3431	4204.9819
1	31	2	1	692	4	2	12	2	5	2	8	1	0.65965058	2	4206.18	4206.78	4206.78	4206.98	4207.4397
1	31	2	1	693	4	2	12	3	6	2	8	1	0.75828964	3	4208.8176	4209.4176	4209.4176	4209.6176	4210.1759
1	31	2	1	694	4	2	12	4	1	2	1	1	0.79949848	4	4211.4543	4212.0543	4212.0543	4212.2543	4212.8538
1	31	2	1	695	4	2	12	5	1	1	1	1	0.66470173	5	4214.0941	4214.2941	4214.2941	4214.4941	4214.9588
1	31	2	1	696	4	2	12	6	6	2	8	1	0.89242282	6	4216.3312	4216.9312	4216.9312	4217.1312	4217.8236
1	31	2	1	697	4	2	12	7	5	1	8	1	1.0227976	7	4218.9677	4219.1677	4219.1677	4219.3677	4220.1905
1	31	2	1	698	4	2	12	8	3	2	1	1	0.81704005	8	4221.2052	4221.8052	4221.8052	4222.0052	4222.6222
1	31	2	1	699	4	2	12	9	2	2	1	1	0.81930835	9	4223.8423	4224.4423	4224.4424	4224.6424	4225.2617
1	31	2	1	700	4	2	12	10	6	1	8	1	0.9498565	10	4226.4791	4226.6791	4226.6791	4226.8791	4227.629
1	31	2	1	701	4	2	12	11	5	2	8	1	0.76854591	11	4228.7159	4229.3159	4229.3159	4229.516	4230.0845
1	31	2	1	702	4	2	12	12	3	1	1	1	0.61179758	12	4231.3528	4231.5528	4231.5528	4231.7528	4232.1646
1	31	2	1	703	4	2	12	13	3	2	1	1	0.5132915	13	4233.733	4234.333	4234.333	4234.533	4234.8463
1	31	2	1	704	4	2	12	14	5	2	8	1	0.61049865	14	4236.3705	4236.9705	4236.9705	4237.1705	4237.581
1	31	2	1	705	4	2	12	15	4	1	8	1	0.55973491	15	4239.0083	4239.2083	4239.2083	4239.4083	4239.768
1	31	2	1	706	4	2	12	16	6	2	8	1	0.5385087	16	4241.2432	4241.8432	4241.8432	4242.0432	4242.3817
1	31	2	1	707	4	2	12	17	4	2	8	1	0.70820148	17	4243.8809	4244.481	4244.481	4244.681	4245.1892
1	31	2	1	708	4	2	12	18	2	1	1	1	0.80650015	18	4246.5181	4246.7181	4246.7181	4246.9181	4247.5246
1	31	2	1	709	4	2	12	19	4	1	8	1	0.73721235	19	4248.7556	4248.9556	4248.9556	4249.1556	4249.6929
1	31	2	1	710	4	2	12	20	1	1	1	1	0.68704195	20	4250.9982	4251.1982	4251.1982	4251.3982	4251.8852
1	31	2	1	711	4	2	12	21	2	1	1	1	0.6832033	21	4253.2351	4253.4351	4253.4351	4253.6351	4254.1183
1	31	2	1	712	4	2	12	22	3	1	1	1	0.63097364	22	4255.4728	4255.6728	4255.6728	4255.8728	4256.3038
1	31	2	1	713	4	2	12	23	4	1	8	1	0.7526392	23	4257.711	4257.911	4257.911	4258.111	4258.6637
1	31	2	1	714	4	2	12	24	3	1	1	1	0.63817257	24	4259.9499	4260.1499	4260.1499	4260.3499	4260.788
1	31	2	1	715	4	2	12	25	5	2	8	1	0.66621777	25	4262.1898	4262.7898	4262.7898	4262.9898	4263.456
1	31	2	1	716	4	2	12	26	2	2	1	1	0.61741764	26	4264.8283	4265.4283	4265.4283	4265.6283	4266.0457
1	31	2	1	717	4	2	12	27	4	1	8	1	0.69168101	27	4267.4661	4267.6661	4267.6662	4267.8662	4268.3578
1	31	2	1	718	4	2	12	28	1	1	1	1	0.72594792	28	4269.7039	4269.9039	4269.9039	4270.1039	4270.6298
1	31	2	1	719	4	2	12	29	1	2	1	1	0.65142013	29	4271.939	4272.539	4272.539	4272.739	4273.1904
1	31	2	1	720	4	2	12	30	6	1	8	1	0.64916566	30	4274.5833	4274.7833	4274.7833	4274.9834	4275.4325
