119	36	30	255	220	65	151	48	0	0	0	0	0	0	0	0	0	0	0	0
1	35	2	1	1	1	6	1	1	5	2	6	1	1.2991922	1	18420.498	18421.099	18421.099	18421.299	18422.398
1	35	2	1	2	1	6	1	2	4	2	5	1	1.0675596	2	18423.113	18423.713	18423.713	18423.913	18424.78
1	35	2	1	3	1	6	1	3	3	1	0	0	-18425.923	2	18425.723	18425.923	18425.923	18426.123	0
1	35	2	1	4	1	6	1	4	5	2	6	1	1.26128	3	18428.231	18428.831	18428.831	18429.031	18430.092
1	35	2	1	5	1	6	1	5	6	2	7	1	0.88148132	4	18430.837	18431.437	18431.437	18431.637	18432.318
1	35	2	1	6	1	6	1	6	5	2	6	1	0.88901825	5	18433.444	18434.044	18434.044	18434.244	18434.933
1	35	2	1	7	1	6	1	7	3	1	4	1	1.2974071	6	18436.051	18436.251	18436.251	18436.451	18437.548
1	35	2	1	8	1	6	1	8	4	1	5	1	1.3811114	7	18438.258	18438.458	18438.458	18438.658	18439.839
1	35	2	1	9	1	6	1	9	2	1	3	1	0.91704652	8	18440.465	18440.665	18440.665	18440.865	18441.582
1	35	2	1	10	1	6	1	10	6	2	2	0	0.78073672	8	18442.672	18443.272	18443.272	18443.472	18444.052
1	35	2	1	11	1	6	1	11	6	1	7	1	0.67883108	9	18445.59	18445.79	18445.79	18445.99	18446.469
1	35	2	1	12	1	6	1	12	4	1	5	1	0.82094595	10	18447.797	18447.997	18447.997	18448.197	18448.818
1	35	2	1	13	1	6	1	13	2	1	3	1	1.2478359	11	18450.004	18450.204	18450.204	18450.404	18451.451
1	35	2	1	14	1	6	1	14	2	2	3	1	0.56372233	12	18452.21	18452.81	18452.81	18453.011	18453.374
1	35	2	1	15	1	6	1	15	3	2	4	1	1.1553036	13	18454.818	18455.418	18455.418	18455.618	18456.574
1	35	2	1	16	1	6	1	16	1	1	2	1	0.59496912	14	18457.425	18457.625	18457.625	18457.825	18458.22
1	35	2	1	17	1	6	1	17	5	2	5	0	0.89934859	14	18459.632	18460.232	18460.232	18460.432	18461.132
1	35	2	1	18	1	6	1	18	1	1	2	1	0.84086729	15	18462.546	18462.746	18462.746	18462.946	18463.587
1	35	2	1	19	1	6	1	19	3	2	5	0	1.2362735	15	18464.752	18465.352	18465.352	18465.552	18466.588
1	35	2	1	20	1	6	1	20	1	2	2	1	0.82391448	16	18467.668	18468.268	18468.268	18468.468	18469.092
1	35	2	1	21	1	6	1	21	4	2	5	1	0.85938231	17	18470.274	18470.874	18470.874	18471.074	18471.733
1	35	2	1	22	1	6	1	22	4	2	5	1	0.61104553	18	18472.88	18473.48	18473.48	18473.68	18474.091
1	35	2	1	23	1	6	1	23	1	1	2	1	0.73403618	19	18475.487	18475.687	18475.687	18475.887	18476.422
1	35	2	1	24	1	6	1	24	2	1	3	1	0.67806938	20	18477.695	18477.895	18477.895	18478.095	18478.573
1	35	2	1	25	1	6	1	25	6	1	7	1	0.83818734	21	18479.901	18480.101	18480.101	18480.301	18480.939
1	35	2	1	26	1	6	1	26	2	2	3	1	1.2639201	22	18482.108	18482.708	18482.708	18482.908	18483.972
1	35	2	1	27	1	6	1	27	6	1	7	1	0.97029318	23	18484.717	18484.917	18484.917	18485.117	18485.887
1	35	2	1	28	1	6	1	28	1	1	2	1	0.45616125	24	18486.925	18487.125	18487.125	18487.325	18487.581
1	35	2	1	29	1	6	1	29	5	2	6	1	1.1034779	25	18489.132	18489.732	18489.732	18489.932	18490.836
1	35	2	1	30	1	6	1	30	3	1	4	1	0.77649499	26	18491.74	18491.94	18491.94	18492.14	18492.717
1	35	2	1	31	1	2	1	1	4	2	1	0	0.81876469	0	18505.212	18505.812	18505.812	18506.012	18506.631
1	35	2	1	32	1	2	1	2	6	2	8	1	0.60500942	1	18508.128	18508.728	18508.728	18508.928	18509.333
1	35	2	1	33	1	2	1	3	3	1	1	1	0.37896207	2	18510.737	18510.937	18510.937	18511.137	18511.316
1	35	2	1	34	1	2	1	4	4	2	8	1	0.55516998	3	18512.947	18513.547	18513.547	18513.747	18514.102
1	35	2	1	35	1	2	1	5	5	2	8	1	0.43390288	4	18515.555	18516.155	18516.155	18516.355	18516.589
1	35	2	1	36	1	2	1	6	1	2	1	1	0.41048706	5	18518.163	18518.763	18518.763	18518.963	18519.173
1	35	2	1	37	1	2	1	7	3	1	1	1	1.0095601	6	18520.771	18520.971	18520.971	18521.171	18521.981
1	35	2	1	38	1	2	1	8	5	1	8	1	0.71868772	7	18522.98	18523.18	18523.18	18523.38	18523.898
1	35	2	1	39	1	2	1	9	6	1	8	1	0.46306657	8	18525.189	18525.389	18525.389	18525.589	18525.852
1	35	2	1	40	1	2	1	10	3	2	1	1	0.54947698	9	18527.4	18528	18528	18528.2	18528.55
1	35	2	1	41	1	2	1	11	2	1	1	1	0.61319039	10	18530.007	18530.207	18530.207	18530.407	18530.82
1	35	2	1	42	1	2	1	12	2	1	1	1	0.41149987	11	18532.216	18532.416	18532.416	18532.616	18532.827
1	35	2	1	43	1	2	1	13	4	1	8	1	0.47818425	12	18534.424	18534.624	18534.624	18534.824	18535.102
1	35	2	1	44	1	2	1	14	5	2	8	1	0.46081025	13	18536.633	18537.233	18537.233	18537.433	18537.694
1	35	2	1	45	1	2	1	15	2	2	1	1	0.48883723	14	18539.242	18539.842	18539.842	18540.042	18540.331
1	35	2	1	46	1	2	1	16	4	1	8	1	0.53202512	15	18541.849	18542.049	18542.049	18542.249	18542.581
1	35	2	1	47	1	2	1	17	2	2	1	1	0.48097625	16	18544.059	18544.659	18544.659	18544.859	18545.14
1	35	2	1	48	1	2	1	18	1	1	1	1	0.46544275	17	18546.668	18546.868	18546.868	18547.068	18547.333
1	35	2	1	49	1	2	1	19	6	2	8	1	0.47925857	18	18548.877	18549.477	18549.477	18549.677	18549.956
1	35	2	1	50	1	2	1	20	6	2	8	1	0.48070697	19	18551.486	18552.086	18552.086	18552.286	18552.566
1	35	2	1	51	1	2	1	21	3	2	1	1	0.43957362	20	18554.093	18554.693	18554.693	18554.893	18555.132
1	35	2	1	52	1	2	1	22	5	2	8	1	0.55553947	21	18556.703	18557.303	18557.303	18557.503	18557.859
1	35	2	1	53	1	2	1	23	1	1	1	1	0.45099139	22	18559.313	18559.513	18559.513	18559.713	18559.964
1	35	2	1	54	1	2	1	24	5	1	8	1	0.66732113	23	18561.522	18561.722	18561.722	18561.922	18562.39
1	35	2	1	55	1	2	1	25	6	1	8	1	0.45172491	24	18563.731	18563.931	18563.931	18564.131	18564.383
1	35	2	1	56	1	2	1	26	3	2	1	1	0.35063639	25	18565.94	18566.54	18566.54	18566.74	18566.891
1	35	2	1	57	1	2	1	27	4	1	8	1	0.52891628	26	18568.548	18568.748	18568.748	18568.948	18569.277
1	35	2	1	58	1	2	1	28	1	1	1	1	0.43007994	27	18570.757	18570.957	18570.957	18571.157	18571.387
1	35	2	1	59	1	2	1	29	1	2	1	1	0.43085902	28	18572.966	18573.566	18573.566	18573.766	18573.997
1	35	2	1	60	1	2	1	30	2	1	1	1	0.41896269	29	18575.576	18575.776	18575.776	18575.976	18576.195
1	35	2	1	61	1	6	2	1	4	2	5	1	0.78564789	30	18592.571	18593.171	18593.171	18593.371	18593.957
1	35	2	1	62	1	6	2	2	6	2	7	1	0.79042679	31	18595.181	18595.781	18595.781	18595.981	18596.572
1	35	2	1	63	1	6	2	3	3	1	4	1	1.4559876	32	18597.791	18597.991	18597.991	18598.191	18599.447
1	35	2	1	64	1	6	2	4	4	2	5	1	1.2049292	33	18600.001	18600.601	18600.601	18600.801	18601.806
1	35	2	1	65	1	6	2	5	5	2	6	1	0.91283563	34	18602.611	18603.211	18603.211	18603.411	18604.124
1	35	2	1	66	1	6	2	6	1	2	2	1	0.84605043	35	18605.221	18605.821	18605.821	18606.021	18606.667
1	35	2	1	67	1	6	2	7	3	1	4	1	0.90994928	36	18607.831	18608.031	18608.031	18608.231	18608.941
1	35	2	1	68	1	6	2	8	5	1	0	0	-18610.241	36	18610.041	18610.241	18610.241	18610.441	0
1	35	2	1	69	1	6	2	9	6	1	7	1	1.0192893	37	18612.552	18612.752	18612.752	18612.952	18613.771
1	35	2	1	70	1	6	2	10	3	2	4	1	1.3620321	38	18614.762	18615.362	18615.362	18615.562	18616.724
1	35	2	1	71	1	6	2	11	2	1	3	1	0.67894833	39	18617.372	18617.572	18617.572	18617.772	18618.251
1	35	2	1	72	1	6	2	12	2	1	3	1	0.5965721	40	18619.584	18619.784	18619.784	18619.984	18620.38
1	35	2	1	73	1	6	2	13	4	1	5	1	0.84091466	41	18621.794	18621.994	18621.994	18622.194	18622.835
1	35	2	1	74	1	6	2	14	5	2	6	1	0.85634608	42	18624.005	18624.605	18624.605	18624.805	18625.461
1	35	2	1	75	1	6	2	15	2	2	3	1	0.78994365	43	18626.615	18627.215	18627.215	18627.415	18628.004
1	35	2	1	76	1	6	2	16	4	1	5	1	1.2604374	44	18629.224	18629.424	18629.424	18629.624	18630.685
1	35	2	1	77	1	6	2	17	2	2	3	1	0.73876832	45	18631.434	18632.034	18632.035	18632.235	18632.773
1	35	2	1	78	1	6	2	18	1	1	2	1	0.75580385	46	18634.043	18634.243	18634.243	18634.443	18634.999
1	35	2	1	79	1	6	2	19	6	2	7	1	0.56939131	47	18636.252	18636.852	18636.852	18637.052	18637.421
1	35	2	1	80	1	6	2	20	6	2	7	1	0.57633239	48	18638.862	18639.462	18639.462	18639.662	18640.039
1	35	2	1	81	1	6	2	21	3	2	5	0	1.1560952	48	18641.473	18642.073	18642.073	18642.273	18643.229
1	35	2	1	82	1	6	2	22	5	2	6	1	0.95379329	49	18644.394	18644.994	18644.994	18645.194	18645.948
1	35	2	1	83	1	6	2	23	1	1	2	1	0.80920481	50	18647.005	18647.205	18647.205	18647.405	18648.014
1	35	2	1	84	1	6	2	24	5	1	6	1	1.0689086	51	18649.216	18649.416	18649.416	18649.616	18650.485
1	35	2	1	85	1	6	2	25	6	1	7	1	0.58922345	52	18651.426	18651.626	18651.626	18651.826	18652.215
1	35	2	1	86	1	6	2	26	3	2	5	0	0.86367049	52	18653.637	18654.237	18654.237	18654.437	18655.1
1	35	2	1	87	1	6	2	27	4	1	5	1	0.84246126	53	18656.549	18656.749	18656.749	18656.949	18657.591
1	35	2	1	88	1	6	2	28	1	1	2	1	0.86805432	54	18658.76	18658.96	18658.96	18659.16	18659.828
1	35	2	1	89	1	6	2	29	1	2	2	1	0.92215022	55	18660.971	18661.571	18661.571	18661.771	18662.493
1	35	2	1	90	1	6	2	30	2	1	3	1	0.70064707	56	18663.582	18663.782	18663.782	18663.982	18664.482
1	35	2	1	91	1	2	2	1	6	2	8	1	0.62998148	1	18674.759	18675.359	18675.359	18675.559	18675.989
1	35	2	1	92	1	2	2	2	4	2	8	1	0.45151355	2	18677.37	18677.97	18677.97	18678.17	18678.421
1	35	2	1	93	1	2	2	3	1	1	1	1	0.41557995	3	18679.981	18680.181	18680.181	18680.381	18680.596
1	35	2	1	94	1	2	2	4	2	2	1	1	0.35491223	4	18682.192	18682.792	18682.792	18682.992	18683.147
1	35	2	1	95	1	2	2	5	5	2	8	1	0.43120853	5	18684.804	18685.404	18685.404	18685.604	18685.835
1	35	2	1	96	1	2	2	6	1	2	1	1	0.42109542	6	18687.415	18688.015	18688.015	18688.215	18688.436
1	35	2	1	97	1	2	2	7	2	1	1	1	0.38052207	7	18690.026	18690.226	18690.226	18690.426	18690.607
1	35	2	1	98	1	2	2	8	2	1	1	1	0.44149509	8	18692.235	18692.435	18692.435	18692.635	18692.876
1	35	2	1	99	1	2	2	9	6	1	8	1	0.60509116	9	18694.447	18694.647	18694.647	18694.847	18695.252
1	35	2	1	100	1	2	2	10	4	2	8	1	0.42872655	10	18696.656	18697.256	18697.256	18697.456	18697.685
1	35	2	1	101	1	2	2	11	3	1	1	1	0.46655916	11	18699.268	18699.468	18699.468	18699.668	18699.935
1	35	2	1	102	1	2	2	12	2	1	1	1	0.50963912	12	18701.48	18701.68	18701.68	18701.88	18702.19
1	35	2	1	103	1	2	2	13	5	1	8	1	0.57874229	13	18703.692	18703.892	18703.892	18704.092	18704.47
1	35	2	1	104	1	2	2	14	4	2	8	1	0.48669103	14	18705.904	18706.504	18706.504	18706.704	18706.99
1	35	2	1	105	1	2	2	15	5	2	8	1	0.40938259	15	18708.516	18709.116	18709.116	18709.316	18709.525
1	35	2	1	106	1	2	2	16	5	1	8	1	0.42708788	16	18711.128	18711.328	18711.328	18711.528	18711.755
1	35	2	1	107	1	2	2	17	4	2	8	1	0.45719458	17	18713.34	18713.94	18713.94	18714.14	18714.397
1	35	2	1	108	1	2	2	18	6	1	8	1	0.55127096	18	18715.952	18716.152	18716.152	18716.352	18716.703
1	35	2	1	109	1	2	2	19	3	2	1	1	0.44140311	19	18718.164	18718.764	18718.764	18718.964	18719.205
1	35	2	1	110	1	2	2	20	4	2	8	1	0.42258073	20	18720.776	18721.376	18721.376	18721.576	18721.799
1	35	2	1	111	1	2	2	21	3	2	1	1	0.63156557	21	18723.388	18723.988	18723.988	18724.188	18724.619
1	35	2	1	112	1	2	2	22	1	2	1	1	0.4280687	22	18726	18726.6	18726.6	18726.8	18727.028
1	35	2	1	113	1	2	2	23	1	1	1	1	0.38680659	23	18728.609	18728.809	18728.809	18729.009	18729.196
1	35	2	1	114	1	2	2	24	3	1	1	1	0.48710813	24	18730.821	18731.021	18731.021	18731.221	18731.508
1	35	2	1	115	1	2	2	25	6	1	8	1	0.53142578	25	18733.034	18733.234	18733.234	18733.434	18733.765
1	35	2	1	116	1	2	2	26	1	2	1	1	0.40624011	26	18735.246	18735.846	18735.846	18736.046	18736.252
1	35	2	1	117	1	2	2	27	5	1	8	1	0.51286182	27	18737.858	18738.058	18738.058	18738.258	18738.571
1	35	2	1	118	1	2	2	28	3	1	1	1	0.48081807	28	18740.068	18740.268	18740.268	18740.468	18740.749
1	35	2	1	119	1	2	2	29	6	2	8	1	0.50033045	29	18742.28	18742.88	18742.88	18743.08	18743.381
1	35	2	1	120	1	2	2	30	2	1	1	1	0.55282974	30	18744.891	18745.091	18745.091	18745.291	18745.644
1	35	2	1	121	1	6	3	1	6	2	7	1	0.92347502	31	18759.072	18759.672	18759.672	18759.872	18760.595
1	35	2	1	122	1	6	3	2	4	2	5	1	0.84181301	32	18761.685	18762.285	18762.285	18762.485	18763.127
1	35	2	1	123	1	6	3	3	1	1	2	1	0.7368474	33	18764.299	18764.499	18764.499	18764.699	18765.236
1	35	2	1	124	1	6	3	4	2	2	3	1	0.62292646	34	18766.512	18767.112	18767.112	18767.312	18767.735
1	35	2	1	125	1	6	3	5	5	2	6	1	0.88998634	35	18769.124	18769.724	18769.724	18769.924	18770.614
1	35	2	1	126	1	6	3	6	1	2	2	1	0.85072353	36	18771.737	18772.337	18772.337	18772.537	18773.188
1	35	2	1	127	1	6	3	7	2	1	3	1	0.76101018	37	18774.35	18774.55	18774.55	18774.75	18775.311
1	35	2	1	128	1	6	3	8	2	1	3	1	0.57959262	38	18776.563	18776.763	18776.763	18776.963	18777.343
1	35	2	1	129	1	6	3	9	6	1	7	1	0.70960087	39	18778.776	18778.976	18778.976	18779.176	18779.686
1	35	2	1	130	1	6	3	10	4	2	5	1	0.87774682	40	18780.989	18781.589	18781.589	18781.789	18782.467
1	35	2	1	131	1	6	3	11	3	1	3	0	1.3947511	40	18783.602	18783.802	18783.802	18784.002	18785.197
1	35	2	1	132	1	6	3	12	2	1	3	1	0.72809728	41	18786.127	18786.327	18786.327	18786.527	18787.055
1	35	2	1	133	1	6	3	13	5	1	6	1	0.88615626	42	18788.337	18788.537	18788.537	18788.737	18789.423
1	35	2	1	134	1	6	3	14	4	2	5	1	0.81203326	43	18790.55	18791.15	18791.15	18791.35	18791.962
1	35	2	1	135	1	6	3	15	5	2	6	1	1.0493545	44	18793.164	18793.764	18793.764	18793.964	18794.813
1	35	2	1	136	1	6	3	16	5	1	6	1	0.58848216	45	18795.775	18795.975	18795.975	18796.175	18796.563
1	35	2	1	137	1	6	3	17	4	2	5	1	1.9413486	46	18797.985	18798.585	18798.585	18798.785	18800.526
1	35	2	1	138	1	6	3	18	6	1	7	1	0.839394	47	18800.596	18800.796	18800.796	18800.996	18801.635
1	35	2	1	139	1	6	3	19	3	2	4	1	0.89182655	48	18802.808	18803.408	18803.408	18803.608	18804.3
1	35	2	1	140	1	6	3	20	4	2	5	1	0.62898111	49	18805.422	18806.022	18806.022	18806.222	18806.651
1	35	2	1	141	1	6	3	21	3	2	4	1	0.92551679	50	18808.036	18808.636	18808.636	18808.836	18809.562
1	35	2	1	142	1	6	3	22	1	2	2	1	1.013144	51	18810.649	18811.249	18811.249	18811.449	18812.262
1	35	2	1	143	1	6	3	23	1	1	2	1	0.63904203	52	18813.263	18813.463	18813.463	18813.663	18814.102
1	35	2	1	144	1	6	3	24	3	1	4	1	1.0240571	53	18815.477	18815.677	18815.677	18815.877	18816.701
1	35	2	1	145	1	6	3	25	6	1	7	1	0.77907114	54	18817.691	18817.891	18817.891	18818.091	18818.67
1	35	2	1	146	1	6	3	26	1	2	2	1	0.8631324	55	18819.904	18820.504	18820.504	18820.704	18821.367
1	35	2	1	147	1	6	3	27	5	1	6	1	0.92067027	56	18822.517	18822.717	18822.717	18822.917	18823.638
1	35	2	1	148	1	6	3	28	3	1	4	1	0.8426636	57	18824.731	18824.931	18824.931	18825.131	18825.774
1	35	2	1	149	1	6	3	29	6	2	7	1	0.75459029	58	18826.945	18827.545	18827.545	18827.745	18828.299
1	35	2	1	150	1	6	3	30	2	1	3	1	0.66491139	59	18829.556	18829.756	18829.756	18829.956	18830.421
1	35	2	1	151	1	2	3	1	6	2	8	1	0.54452028	1	18840.669	18841.269	18841.269	18841.469	18841.814
1	35	2	1	152	1	2	3	2	2	2	1	1	0.45559351	2	18843.284	18843.884	18843.884	18844.084	18844.339
1	35	2	1	153	1	2	3	3	1	1	1	1	0.50076768	3	18845.898	18846.098	18846.098	18846.298	18846.599
1	35	2	1	154	1	2	3	4	1	2	1	1	0.45423712	4	18848.112	18848.712	18848.712	18848.912	18849.166
1	35	2	1	155	1	2	3	5	1	2	1	1	0.4496384	5	18850.724	18851.324	18851.324	18851.524	18851.774
1	35	2	1	156	1	2	3	6	6	2	8	1	0.45672904	6	18853.338	18853.938	18853.938	18854.138	18854.395
1	35	2	1	157	1	2	3	7	5	1	8	1	0.4437735	7	18855.952	18856.152	18856.152	18856.352	18856.596
1	35	2	1	158	1	2	3	8	5	1	8	1	0.46705709	8	18858.168	18858.368	18858.368	18858.568	18858.835
1	35	2	1	159	1	2	3	9	6	1	8	1	0.41544877	9	18860.379	18860.579	18860.579	18860.779	18860.995
1	35	2	1	160	1	2	3	10	5	2	8	1	0.45175502	10	18862.593	18863.193	18863.193	18863.393	18863.645
1	35	2	1	161	1	2	3	11	2	1	1	1	0.42749197	11	18865.207	18865.407	18865.407	18865.607	18865.835
1	35	2	1	162	1	2	3	12	4	1	8	1	0.4383884	12	18867.421	18867.621	18867.621	18867.821	18868.059
1	35	2	1	163	1	2	3	13	3	1	1	1	0.43961549	13	18869.636	18869.836	18869.836	18870.036	18870.275
1	35	2	1	164	1	2	3	14	4	2	8	1	0.47029063	14	18871.848	18872.448	18872.448	18872.648	18872.918
1	35	2	1	165	1	2	3	15	3	2	1	1	0.4541576	15	18874.462	18875.062	18875.062	18875.262	18875.516
1	35	2	1	166	1	2	3	16	3	1	1	1	0.44123926	16	18877.076	18877.276	18877.276	18877.476	18877.717
1	35	2	1	167	1	2	3	17	6	2	8	1	0.80990692	17	18879.291	18879.891	18879.891	18880.091	18880.7
1	35	2	1	168	1	2	3	18	2	1	1	1	0.53265537	18	18881.905	18882.105	18882.105	18882.305	18882.638
1	35	2	1	169	1	2	3	19	4	2	8	1	0.62205868	19	18884.12	18884.72	18884.72	18884.92	18885.342
1	35	2	1	170	1	2	3	20	2	2	1	1	0.46170023	20	18886.734	18887.334	18887.334	18887.534	18887.796
1	35	2	1	171	1	2	3	21	4	2	8	1	0.46608267	21	18889.349	18889.949	18889.949	18890.149	18890.415
1	35	2	1	172	1	2	3	22	1	2	1	1	0.62645576	22	18891.965	18892.565	18892.565	18892.765	18893.191
1	35	2	1	173	1	2	3	23	3	1	1	1	0.45558027	23	18894.58	18894.78	18894.78	18894.98	18895.235
1	35	2	1	174	1	2	3	24	1	1	1	1	0.6359841	24	18896.792	18896.992	18896.992	18897.192	18897.628
1	35	2	1	175	1	2	3	25	5	1	8	1	0.61562563	25	18899.004	18899.204	18899.204	18899.404	18899.82
1	35	2	1	176	1	2	3	26	2	2	1	1	0.55711368	26	18901.222	18901.822	18901.822	18902.022	18902.379
1	35	2	1	177	1	2	3	27	6	1	8	1	0.58155955	27	18903.837	18904.037	18904.037	18904.237	18904.619
1	35	2	1	178	1	2	3	28	3	1	1	1	0.6707596	28	18906.052	18906.252	18906.252	18906.452	18906.923
1	35	2	1	179	1	2	3	29	4	2	8	1	0.65939718	29	18908.268	18908.868	18908.868	18909.068	18909.527
1	35	2	1	180	1	2	3	30	5	1	8	1	0.72573366	30	18910.88	18911.08	18911.08	18911.28	18911.806
1	35	2	1	181	2	6	4	1	6	2	7	1	0.69741709	31	19253.891	19254.491	19254.491	19254.691	19255.188
1	35	2	1	182	2	6	4	2	2	2	3	1	0.72241064	32	19256.506	19257.106	19257.106	19257.306	19257.829
1	35	2	1	183	2	6	4	3	1	1	2	1	0.65778487	33	19259.122	19259.322	19259.322	19259.522	19259.979
1	35	2	1	184	2	6	4	4	1	2	2	1	0.82161917	34	19261.337	19261.937	19261.937	19262.137	19262.759
1	35	2	1	185	2	6	4	5	1	2	2	1	0.62669878	35	19263.953	19264.553	19264.553	19264.753	19265.179
1	35	2	1	186	2	6	4	6	6	2	7	1	0.76324161	36	19266.568	19267.168	19267.168	19267.368	19267.931
1	35	2	1	187	2	6	4	7	5	1	6	1	0.8387192	37	19269.183	19269.383	19269.383	19269.583	19270.222
1	35	2	1	188	2	6	4	8	5	1	6	1	0.68820737	38	19271.399	19271.599	19271.599	19271.799	19272.287
1	35	2	1	189	2	6	4	9	6	1	7	1	0.69455192	39	19273.615	19273.815	19273.815	19274.015	19274.509
1	35	2	1	190	2	6	4	10	5	2	6	1	0.76297607	40	19275.828	19276.428	19276.428	19276.628	19277.191
1	35	2	1	191	2	6	4	11	2	1	3	1	0.83242953	41	19278.443	19278.643	19278.643	19278.843	19279.476
1	35	2	1	192	2	6	4	12	4	1	5	1	0.61617476	42	19280.659	19280.859	19280.859	19281.059	19281.475
1	35	2	1	193	2	6	4	13	3	1	4	1	0.45752966	43	19282.874	19283.074	19283.074	19283.274	19283.532
1	35	2	1	194	2	6	4	14	4	2	5	1	0.94582748	44	19285.09	19285.69	19285.69	19285.89	19286.636
1	35	2	1	195	2	6	4	15	3	2	4	1	0.89611464	45	19287.707	19288.307	19288.307	19288.507	19289.203
1	35	2	1	196	2	6	4	16	3	1	4	1	0.545734	46	19290.323	19290.523	19290.523	19290.723	19291.068
1	35	2	1	197	2	6	4	17	6	2	7	1	0.70285687	47	19292.539	19293.139	19293.139	19293.339	19293.842
1	35	2	1	198	2	6	4	18	2	1	3	1	1.2105759	48	19295.155	19295.355	19295.355	19295.555	19296.566
1	35	2	1	199	2	6	4	19	4	2	5	1	1.0875161	49	19297.371	19297.971	19297.971	19298.171	19299.059
1	35	2	1	200	2	6	4	20	2	2	3	1	0.75149725	50	19299.988	19300.588	19300.588	19300.788	19301.339
1	35	2	1	201	2	6	4	21	4	2	5	1	0.81940144	51	19302.6	19303.2	19303.2	19303.4	19304.02
1	35	2	1	202	2	6	4	22	1	2	2	1	0.8127242	52	19305.216	19305.816	19305.817	19306.017	19306.629
1	35	2	1	203	2	6	4	23	3	1	4	1	0.95959168	53	19307.831	19308.031	19308.031	19308.231	19308.99
1	35	2	1	204	2	6	4	24	1	1	2	1	0.75733178	54	19310.047	19310.247	19310.247	19310.447	19311.005
1	35	2	1	205	2	6	4	25	5	1	6	1	1.0217611	55	19312.264	19312.464	19312.464	19312.664	19313.486
1	35	2	1	206	2	6	4	26	2	2	3	1	0.66834264	56	19314.48	19315.08	19315.08	19315.28	19315.749
1	35	2	1	207	2	6	4	27	6	1	7	1	0.68414639	57	19317.096	19317.296	19317.296	19317.496	19317.98
1	35	2	1	208	2	6	4	28	3	1	4	1	0.90636299	58	19319.313	19319.513	19319.513	19319.713	19320.419
1	35	2	1	209	2	6	4	29	4	2	5	1	1.0501077	59	19321.529	19322.129	19322.129	19322.329	19323.179
1	35	2	1	210	2	6	4	30	5	1	6	1	0.79338891	60	19324.147	19324.347	19324.347	19324.547	19325.14
1	35	2	1	211	2	2	4	1	5	2	8	1	0.57447838	1	19354.429	19355.029	19355.029	19355.229	19355.603
1	35	2	1	212	2	2	4	2	1	2	1	1	0.46369779	2	19357.046	19357.646	19357.646	19357.846	19358.11
1	35	2	1	213	2	2	4	3	1	1	1	1	0.5361195	3	19359.663	19359.863	19359.863	19360.063	19360.399
1	35	2	1	214	2	2	4	4	5	2	8	1	0.48548958	4	19361.88	19362.48	19362.48	19362.68	19362.965
1	35	2	1	215	2	2	4	5	3	2	1	1	0.55524341	5	19364.496	19365.096	19365.096	19365.296	19365.652
1	35	2	1	216	2	2	4	6	5	2	8	1	0.65280769	6	19367.113	19367.713	19367.713	19367.913	19368.366
1	35	2	1	217	2	2	4	7	2	1	1	1	0.73280555	7	19369.729	19369.929	19369.929	19370.129	19370.662
1	35	2	1	218	2	2	4	8	6	1	8	1	0.53048331	8	19371.946	19372.146	19372.146	19372.346	19372.676
1	35	2	1	219	2	2	4	9	6	1	8	1	0.49818886	9	19374.163	19374.363	19374.363	19374.563	19374.861
1	35	2	1	220	2	2	4	10	6	2	8	1	0.45825557	10	19376.379	19376.979	19376.979	19377.179	19377.437
1	35	2	1	221	2	2	4	11	4	1	8	1	0.43189728	11	19378.997	19379.197	19379.197	19379.397	19379.629
1	35	2	1	222	2	2	4	12	3	1	1	1	0.46878397	12	19381.215	19381.415	19381.415	19381.615	19381.884
1	35	2	1	223	2	2	4	13	3	1	1	1	0.51138595	13	19383.432	19383.632	19383.632	19383.832	19384.143
1	35	2	1	224	2	2	4	14	4	2	8	1	0.5025854	14	19385.648	19386.248	19386.248	19386.448	19386.751
1	35	2	1	225	2	2	4	15	2	2	1	1	0.63507045	15	19388.266	19388.866	19388.866	19389.066	19389.501
1	35	2	1	226	2	2	4	16	1	1	1	1	0.49134873	16	19390.88	19391.08	19391.08	19391.28	19391.572
1	35	2	1	227	2	2	4	17	5	2	8	1	0.6025508	17	19393.098	19393.698	19393.698	19393.898	19394.3
1	35	2	1	228	2	2	4	18	6	1	8	1	0.43554854	18	19395.715	19395.915	19395.915	19396.115	19396.351
1	35	2	1	229	2	2	4	19	2	2	1	1	0.52513415	19	19397.933	19398.533	19398.533	19398.733	19399.058
1	35	2	1	230	2	2	4	20	4	2	8	1	0.56604802	20	19400.55	19401.15	19401.15	19401.35	19401.716
1	35	2	1	231	2	2	4	21	3	2	1	1	0.50303448	21	19403.168	19403.768	19403.768	19403.968	19404.271
1	35	2	1	232	2	2	4	22	2	2	1	1	0.53318106	22	19405.783	19406.383	19406.383	19406.583	19406.916
1	35	2	1	233	2	2	4	23	4	1	8	1	0.53102003	23	19408.401	19408.601	19408.601	19408.801	19409.132
1	35	2	1	234	2	2	4	24	1	1	1	1	0.61524879	24	19410.616	19410.816	19410.816	19411.016	19411.431
1	35	2	1	235	2	2	4	25	6	1	8	1	0.51580678	25	19412.834	19413.034	19413.034	19413.234	19413.55
1	35	2	1	236	2	2	4	26	3	2	1	1	0.61123478	26	19415.052	19415.652	19415.652	19415.852	19416.263
1	35	2	1	237	2	2	4	27	4	1	8	1	0.58904582	27	19417.67	19417.87	19417.87	19418.07	19418.459
1	35	2	1	238	2	2	4	28	2	1	1	1	0.48225868	28	19419.888	19420.088	19420.088	19420.288	19420.57
1	35	2	1	239	2	2	4	29	1	2	1	1	0.4813684	29	19422.106	19422.706	19422.706	19422.906	19423.188
1	35	2	1	240	2	2	4	30	5	1	8	1	0.65757246	30	19424.724	19424.924	19424.924	19425.124	19425.581
1	35	2	1	241	2	6	5	1	5	2	6	1	0.63939403	31	19455.028	19455.628	19455.628	19455.828	19456.268
1	35	2	1	242	2	6	5	2	1	2	2	1	0.7998661	32	19457.647	19458.247	19458.247	19458.447	19459.047
1	35	2	1	243	2	6	5	3	1	1	2	1	0.56432066	33	19460.265	19460.465	19460.465	19460.665	19461.03
1	35	2	1	244	2	6	5	4	5	2	6	1	0.71405992	34	19462.483	19463.083	19463.083	19463.283	19463.798
1	35	2	1	245	2	6	5	5	3	2	4	1	0.90293825	35	19465.103	19465.703	19465.703	19465.903	19466.606
1	35	2	1	246	2	6	5	6	5	2	6	1	0.65157725	36	19467.721	19468.321	19468.321	19468.521	19468.973
1	35	2	1	247	2	6	5	7	2	1	3	1	0.76124469	37	19470.34	19470.54	19470.54	19470.74	19471.302
1	35	2	1	248	2	6	5	8	6	1	7	1	0.70114248	38	19472.559	19472.759	19472.759	19472.959	19473.461
1	35	2	1	249	2	6	5	9	6	1	7	1	0.61892773	39	19474.779	19474.979	19474.979	19475.179	19475.598
1	35	2	1	250	2	6	5	10	6	2	7	1	0.60510339	40	19476.999	19477.599	19477.599	19477.799	19478.204
1	35	2	1	251	2	6	5	11	4	1	5	1	1.0936794	41	19479.617	19479.817	19479.817	19480.017	19480.911
1	35	2	1	252	2	6	5	12	3	1	4	1	0.78611157	42	19481.833	19482.033	19482.033	19482.233	19482.819
1	35	2	1	253	2	6	5	13	3	1	4	1	0.52669352	43	19484.052	19484.252	19484.252	19484.452	19484.779
1	35	2	1	254	2	6	5	14	4	2	5	1	0.45189153	44	19486.27	19486.87	19486.87	19487.07	19487.322
1	35	2	1	255	2	6	5	15	2	2	3	1	0.70236358	45	19488.888	19489.488	19489.488	19489.688	19490.191
1	35	2	1	256	2	6	5	16	1	1	2	1	0.93897297	46	19491.505	19491.705	19491.705	19491.905	19492.644
1	35	2	1	257	2	6	5	17	5	2	6	1	1.0953748	47	19493.723	19494.323	19494.323	19494.523	19495.419
1	35	2	1	258	2	6	5	18	6	1	7	1	0.8220349	48	19496.342	19496.542	19496.542	19496.742	19497.364
1	35	2	1	259	2	6	5	19	2	2	3	1	0.77162484	49	19498.56	19499.16	19499.16	19499.36	19499.932
1	35	2	1	260	2	6	5	20	4	2	5	1	0.91193389	50	19501.179	19501.779	19501.779	19501.979	19502.691
1	35	2	1	261	2	6	5	21	3	2	4	1	0.45281192	51	19503.799	19504.399	19504.399	19504.599	19504.852
1	35	2	1	262	2	6	5	22	2	2	3	1	0.74150901	52	19506.418	19507.018	19507.018	19507.218	19507.759
1	35	2	1	263	2	6	5	23	4	1	5	1	0.89031209	53	19509.033	19509.233	19509.233	19509.433	19510.123
1	35	2	1	264	2	6	5	24	1	1	2	1	0.73247594	54	19511.25	19511.45	19511.45	19511.65	19512.183
1	35	2	1	265	2	6	5	25	6	1	7	1	0.5788153	55	19513.466	19513.666	19513.666	19513.866	19514.245
1	35	2	1	266	2	6	5	26	3	2	5	0	0.82946667	55	19515.686	19516.286	19516.286	19516.486	19517.115
1	35	2	1	267	2	6	5	27	4	1	5	1	0.6157344	56	19518.308	19518.508	19518.508	19518.708	19519.124
1	35	2	1	268	2	6	5	28	2	1	3	1	0.69418482	57	19520.528	19520.728	19520.728	19520.928	19521.422
1	35	2	1	269	2	6	5	29	1	2	2	1	0.61629399	58	19522.748	19523.348	19523.348	19523.548	19523.964
1	35	2	1	270	2	6	5	30	5	1	6	1	0.90069626	59	19525.367	19525.567	19525.567	19525.767	19526.468
1	35	2	1	271	2	2	5	1	1	2	1	1	0.70334748	1	19555.647	19556.247	19556.247	19556.447	19556.95
1	35	2	1	272	2	2	5	2	2	2	1	1	0.42628761	2	19558.267	19558.867	19558.867	19559.067	19559.293
1	35	2	1	273	2	2	5	3	2	1	1	1	0.46456629	3	19560.886	19561.086	19561.086	19561.286	19561.551
1	35	2	1	274	2	2	5	4	5	2	8	1	0.45904929	4	19563.105	19563.705	19563.705	19563.905	19564.164
1	35	2	1	275	2	2	5	5	2	2	1	1	0.44696794	5	19565.726	19566.326	19566.326	19566.526	19566.773
1	35	2	1	276	2	2	5	6	1	2	1	1	0.49122872	6	19568.345	19568.945	19568.945	19569.145	19569.436
1	35	2	1	277	2	2	5	7	4	1	8	1	1.0918583	7	19570.961	19571.161	19571.161	19571.361	19572.253
1	35	2	1	278	2	2	5	8	4	1	8	1	0.46501907	8	19573.181	19573.381	19573.381	19573.581	19573.846
1	35	2	1	279	2	2	5	9	1	1	1	1	0.5184192	9	19575.401	19575.601	19575.601	19575.801	19576.119
1	35	2	1	280	2	2	5	10	5	2	8	1	0.54109423	10	19577.622	19578.222	19578.222	19578.422	19578.763
1	35	2	1	281	2	2	5	11	6	1	8	1	0.42801602	11	19580.238	19580.438	19580.438	19580.638	19580.866
1	35	2	1	282	2	2	5	12	5	1	8	1	0.55304983	12	19582.458	19582.658	19582.658	19582.858	19583.211
1	35	2	1	283	2	2	5	13	3	1	1	1	0.53528028	13	19584.678	19584.878	19584.878	19585.078	19585.413
1	35	2	1	284	2	2	5	14	6	2	8	1	0.5297561	14	19586.897	19587.497	19587.497	19587.697	19588.027
1	35	2	1	285	2	2	5	15	3	2	1	1	0.48812436	15	19589.517	19590.117	19590.117	19590.317	19590.605
1	35	2	1	286	2	2	5	16	3	1	1	1	0.82310228	16	19592.135	19592.335	19592.335	19592.535	19593.159
1	35	2	1	287	2	2	5	17	4	2	8	1	0.54753592	17	19594.355	19594.955	19594.955	19595.155	19595.503
1	35	2	1	288	2	2	5	18	6	1	8	1	0.39942646	18	19596.975	19597.175	19597.175	19597.375	19597.575
1	35	2	1	289	2	2	5	19	4	2	8	1	0.46751276	19	19599.2	19599.8	19599.8	19600	19600.268
1	35	2	1	290	2	2	5	20	3	2	1	1	0.59232616	20	19601.82	19602.42	19602.42	19602.62	19603.013
1	35	2	1	291	2	2	5	21	3	2	1	1	0.58326599	21	19604.444	19605.044	19605.044	19605.244	19605.627
1	35	2	1	292	2	2	5	22	1	2	1	1	0.50129016	22	19607.064	19607.664	19607.664	19607.864	19608.165
1	35	2	1	293	2	2	5	23	2	1	1	1	0.66684982	23	19609.681	19609.881	19609.881	19610.081	19610.548
1	35	2	1	294	2	2	5	24	5	1	8	1	0.5175124	24	19611.902	19612.102	19612.102	19612.302	19612.62
1	35	2	1	295	2	2	5	25	1	1	1	1	0.59545695	25	19614.122	19614.322	19614.322	19614.522	19614.918
1	35	2	1	296	2	2	5	26	6	2	8	1	0.77621122	26	19616.34	19616.94	19616.94	19617.14	19617.716
1	35	2	1	297	2	2	5	27	6	1	8	1	0.63469353	27	19618.961	19619.161	19619.161	19619.361	19619.796
1	35	2	1	298	2	2	5	28	5	1	8	1	0.67879467	28	19621.183	19621.383	19621.383	19621.583	19622.062
1	35	2	1	299	2	2	5	29	4	2	8	1	0.70622104	29	19623.404	19624.004	19624.004	19624.204	19624.71
1	35	2	1	300	2	2	5	30	2	1	1	1	1.1063797	30	19626.025	19626.225	19626.225	19626.425	19627.331
1	35	2	1	301	2	6	6	1	1	2	2	1	0.72994276	31	19656.346	19656.946	19656.946	19657.146	19657.676
1	35	2	1	302	2	6	6	2	2	2	3	1	0.86217907	32	19658.967	19659.567	19659.567	19659.767	19660.429
1	35	2	1	303	2	6	6	3	2	1	3	1	0.54012277	33	19661.591	19661.791	19661.791	19661.991	19662.331
1	35	2	1	304	2	6	6	4	5	2	6	1	0.82696264	34	19663.812	19664.412	19664.412	19664.612	19665.239
1	35	2	1	305	2	6	6	5	2	2	3	1	0.70824011	35	19666.432	19667.032	19667.032	19667.232	19667.741
1	35	2	1	306	2	6	6	6	1	2	2	1	1.1039109	36	19669.053	19669.653	19669.653	19669.853	19670.757
1	35	2	1	307	2	6	6	7	4	1	5	1	0.88219297	37	19671.674	19671.874	19671.874	19672.074	19672.756
1	35	2	1	308	2	6	6	8	4	1	5	1	0.59163755	38	19673.894	19674.094	19674.094	19674.294	19674.686
1	35	2	1	309	2	6	6	9	1	1	2	1	0.66237299	39	19676.115	19676.315	19676.315	19676.515	19676.978
1	35	2	1	310	2	6	6	10	5	2	6	1	1.058152	40	19678.337	19678.937	19678.937	19679.137	19679.995
1	35	2	1	311	2	6	6	11	6	1	7	1	0.78460738	41	19680.96	19681.16	19681.16	19681.36	19681.945
1	35	2	1	312	2	6	6	12	5	1	6	1	0.89035678	42	19683.18	19683.38	19683.38	19683.58	19684.271
1	35	2	1	313	2	6	6	13	3	1	4	1	1.1089516	43	19685.402	19685.602	19685.602	19685.802	19686.711
1	35	2	1	314	2	6	6	14	6	2	7	1	0.85447281	44	19687.623	19688.223	19688.223	19688.423	19689.077
1	35	2	1	315	2	6	6	15	3	2	4	1	0.84291435	45	19690.241	19690.841	19690.841	19691.041	19691.684
1	35	2	1	316	2	6	6	16	3	1	4	1	0.68072689	46	19692.862	19693.062	19693.062	19693.262	19693.743
1	35	2	1	317	2	6	6	17	4	2	5	1	0.45047312	47	19695.083	19695.683	19695.683	19695.883	19696.134
1	35	2	1	318	2	6	6	18	6	1	7	1	0.82311503	48	19697.703	19697.903	19697.903	19698.103	19698.727
1	35	2	1	319	2	6	6	19	4	2	5	1	1.1466858	49	19699.925	19700.525	19700.525	19700.725	19701.672
1	35	2	1	320	2	6	6	20	3	2	4	1	1.0893182	50	19702.546	19703.146	19703.146	19703.346	19704.235
1	35	2	1	321	2	6	6	21	3	2	4	1	0.77892221	51	19705.168	19705.768	19705.768	19705.968	19706.547
1	35	2	1	322	2	6	6	22	1	2	2	1	1.1017282	52	19707.792	19708.392	19708.392	19708.592	19709.494
1	35	2	1	323	2	6	6	23	2	1	3	1	0.73941402	53	19710.411	19710.611	19710.611	19710.811	19711.351
1	35	2	1	324	2	6	6	24	5	1	6	1	0.89868748	54	19712.633	19712.833	19712.833	19713.033	19713.731
1	35	2	1	325	2	6	6	25	1	1	2	1	1.1015845	55	19714.855	19715.055	19715.055	19715.255	19716.157
1	35	2	1	326	2	6	6	26	6	2	7	1	0.76879153	56	19717.077	19717.677	19717.677	19717.877	19718.445
1	35	2	1	327	2	6	6	27	6	1	7	1	0.72949194	57	19719.698	19719.898	19719.898	19720.098	19720.628
1	35	2	1	328	2	6	6	28	5	1	6	1	0.89485699	58	19721.92	19722.12	19722.12	19722.321	19723.015
1	35	2	1	329	2	6	6	29	4	2	5	1	1.8209528	59	19724.142	19724.742	19724.742	19724.942	19726.563
1	35	2	1	330	2	6	6	30	2	1	3	1	0.75294303	60	19726.764	19726.964	19726.964	19727.164	19727.717
1	35	2	1	331	2	2	6	1	1	2	1	1	0.70134303	1	19757.046	19757.646	19757.646	19757.846	19758.347
1	35	2	1	332	2	2	6	2	3	2	1	1	0.51571962	2	19759.671	19760.271	19760.271	19760.471	19760.787
1	35	2	1	333	2	2	6	3	5	1	8	1	0.51847849	3	19762.293	19762.493	19762.493	19762.693	19763.012
1	35	2	1	334	2	2	6	4	6	2	8	1	0.46333159	4	19764.513	19765.113	19765.113	19765.313	19765.576
1	35	2	1	335	2	2	6	5	5	2	8	1	0.46246615	5	19767.134	19767.734	19767.734	19767.934	19768.197
1	35	2	1	336	2	2	6	6	4	2	8	1	0.41118704	6	19769.756	19770.356	19770.356	19770.556	19770.767
1	35	2	1	337	2	2	6	7	1	1	1	1	0.50442936	7	19772.378	19772.578	19772.578	19772.778	19773.083
1	35	2	1	338	2	2	6	8	6	1	8	1	0.45408804	8	19774.601	19774.801	19774.801	19775.001	19775.255
1	35	2	1	339	2	2	6	9	4	1	8	1	0.50097067	9	19776.822	19777.022	19777.022	19777.222	19777.523
1	35	2	1	340	2	2	6	10	6	2	8	1	0.51022132	10	19779.045	19779.645	19779.645	19779.845	19780.155
1	35	2	1	341	2	2	6	11	2	1	1	1	0.65261263	11	19781.667	19781.867	19781.867	19782.067	19782.52
1	35	2	1	342	2	2	6	12	3	1	1	1	0.82037981	12	19783.887	19784.087	19784.087	19784.287	19784.907
1	35	2	1	343	2	2	6	13	5	1	8	1	0.99983102	13	19786.108	19786.308	19786.308	19786.508	19787.308
1	35	2	1	344	2	2	6	14	3	2	1	1	0.63295402	14	19788.33	19788.93	19788.93	19789.13	19789.563
1	35	2	1	345	2	2	6	15	2	2	1	1	0.492976	15	19790.95	19791.55	19791.55	19791.75	19792.043
1	35	2	1	346	2	2	6	16	1	1	1	1	0.49535598	16	19793.572	19793.772	19793.772	19793.972	19794.267
1	35	2	1	347	2	2	6	17	6	2	8	1	0.56036281	17	19795.794	19796.394	19796.394	19796.594	19796.955
1	35	2	1	348	2	2	6	18	4	1	8	1	0.48529842	18	19798.417	19798.617	19798.617	19798.817	19799.102
1	35	2	1	349	2	2	6	19	2	2	1	1	0.53793647	19	19800.641	19801.241	19801.241	19801.441	19801.779
1	35	2	1	350	2	2	6	20	5	2	8	1	0.61287019	20	19803.266	19803.866	19803.866	19804.066	19804.479
1	35	2	1	351	2	2	6	21	5	2	8	1	0.65993432	21	19805.889	19806.489	19806.489	19806.689	19807.149
1	35	2	1	352	2	2	6	22	3	2	1	1	0.77198688	22	19808.512	19809.112	19809.112	19809.312	19809.884
1	35	2	1	353	2	2	6	23	2	1	1	1	0.52725619	23	19811.135	19811.335	19811.335	19811.535	19811.863
1	35	2	1	354	2	2	6	24	2	1	1	1	0.46704571	24	19813.359	19813.559	19813.559	19813.759	19814.026
1	35	2	1	355	2	2	6	25	3	1	1	1	0.58965589	25	19815.581	19815.782	19815.782	19815.982	19816.371
1	35	2	1	356	2	2	6	26	4	2	8	1	0.58356505	26	19817.804	19818.404	19818.404	19818.604	19818.988
1	35	2	1	357	2	2	6	27	1	1	1	1	0.67036449	27	19820.431	19820.631	19820.631	19820.831	19821.302
1	35	2	1	358	2	2	6	28	4	1	0	0	-19822.854	27	19822.654	19822.854	19822.854	19823.054	0
1	35	2	1	359	2	2	6	29	6	2	8	1	0.61751053	28	19824.877	19825.477	19825.477	19825.677	19826.095
1	35	2	1	360	2	2	6	30	1	1	1	1	0.52371037	29	19827.497	19827.697	19827.697	19827.897	19828.221
1	35	2	1	361	3	6	7	1	1	2	2	1	1.116689	30	20772.215	20772.815	20772.815	20773.015	20773.932
1	35	2	1	362	3	6	7	2	3	2	4	1	0.7510782	31	20774.838	20775.438	20775.438	20775.638	20776.189
1	35	2	1	363	3	6	7	3	5	1	6	1	0.65321439	32	20777.461	20777.661	20777.661	20777.861	20778.315
1	35	2	1	364	3	6	7	4	6	2	7	1	0.7059406	33	20779.684	20780.284	20780.284	20780.484	20780.99
1	35	2	1	365	3	6	7	5	5	2	6	1	0.609281	34	20782.309	20782.909	20782.909	20783.109	20783.518
1	35	2	1	366	3	6	7	6	4	2	5	1	0.81446523	35	20784.932	20785.532	20785.532	20785.732	20786.347
1	35	2	1	367	3	6	7	7	1	1	2	1	0.72931705	36	20787.555	20787.755	20787.755	20787.955	20788.484
1	35	2	1	368	3	6	7	8	6	1	7	1	0.70299708	37	20789.776	20789.976	20789.976	20790.176	20790.679
1	35	2	1	369	3	6	7	9	4	1	5	1	0.72821564	38	20791.996	20792.196	20792.196	20792.396	20792.924
1	35	2	1	370	3	6	7	10	6	2	7	1	0.68417941	39	20794.219	20794.819	20794.819	20795.019	20795.503
1	35	2	1	371	3	6	7	11	2	1	3	1	0.75952047	40	20796.846	20797.046	20797.046	20797.246	20797.805
1	35	2	1	372	3	6	7	12	3	1	4	1	1.1117658	41	20799.069	20799.269	20799.269	20799.469	20800.381
1	35	2	1	373	3	6	7	13	5	1	6	1	0.99466544	42	20801.292	20801.492	20801.492	20801.692	20802.487
1	35	2	1	374	3	6	7	14	3	2	4	1	1.0714665	43	20803.516	20804.116	20804.116	20804.316	20805.187
1	35	2	1	375	3	6	7	15	2	2	3	1	0.65628401	44	20806.139	20806.739	20806.739	20806.939	20807.395
1	35	2	1	376	3	6	7	16	1	1	2	1	0.78054138	45	20808.762	20808.962	20808.962	20809.162	20809.743
1	35	2	1	377	3	6	7	17	6	2	7	1	0.54716019	46	20810.986	20811.586	20811.586	20811.786	20812.133
1	35	2	1	378	3	6	7	18	4	1	5	1	0.75411062	47	20813.609	20813.809	20813.809	20814.009	20814.563
1	35	2	1	379	3	6	7	19	2	2	3	1	0.65166672	48	20815.833	20816.433	20816.433	20816.633	20817.085
1	35	2	1	380	3	6	7	20	5	2	6	1	0.74485978	49	20818.454	20819.054	20819.054	20819.254	20819.799
1	35	2	1	381	3	6	7	21	5	2	6	1	0.54352816	50	20821.078	20821.678	20821.678	20821.878	20822.221
1	35	2	1	382	3	6	7	22	3	2	4	1	1.7646201	51	20823.702	20824.302	20824.302	20824.502	20826.067
1	35	2	1	383	3	6	7	23	2	1	3	1	0.66864825	52	20826.327	20826.527	20826.527	20826.727	20827.195
1	35	2	1	384	3	6	7	24	2	1	3	1	0.57290538	53	20828.551	20828.751	20828.751	20828.951	20829.324
1	35	2	1	385	3	6	7	25	3	1	4	1	0.87065301	54	20830.775	20830.975	20830.975	20831.175	20831.846
1	35	2	1	386	3	6	7	26	4	2	5	1	0.82289532	55	20832.999	20833.599	20833.599	20833.799	20834.422
1	35	2	1	387	3	6	7	27	1	1	2	1	0.7709154	56	20835.628	20835.828	20835.828	20836.028	20836.599
1	35	2	1	388	3	6	7	28	4	1	5	1	0.84227839	57	20837.851	20838.051	20838.051	20838.251	20838.894
1	35	2	1	389	3	6	7	29	6	2	7	1	0.69794796	58	20840.073	20840.673	20840.673	20840.873	20841.371
1	35	2	1	390	3	6	7	30	1	1	2	1	0.69638406	59	20842.697	20842.897	20842.897	20843.097	20843.594
1	35	2	1	391	3	2	7	1	4	2	8	1	0.69952171	1	20872.984	20873.584	20873.584	20873.784	20874.284
1	35	2	1	392	3	2	7	2	4	2	8	1	0.47177897	2	20875.609	20876.209	20876.209	20876.409	20876.681
1	35	2	1	393	3	2	7	3	6	1	8	1	0.45088437	3	20878.233	20878.433	20878.433	20878.633	20878.884
1	35	2	1	394	3	2	7	4	5	2	8	1	0.40863765	4	20880.458	20881.058	20881.058	20881.258	20881.467
1	35	2	1	395	3	2	7	5	3	2	1	1	0.4800469	5	20883.082	20883.682	20883.682	20883.882	20884.162
1	35	2	1	396	3	2	7	6	4	2	8	1	0.47000216	6	20885.708	20886.308	20886.308	20886.508	20886.778
1	35	2	1	397	3	2	7	7	5	1	8	1	0.45068989	7	20888.333	20888.533	20888.533	20888.733	20888.983
1	35	2	1	398	3	2	7	8	1	1	1	1	0.43048804	8	20890.557	20890.757	20890.757	20890.957	20891.188
1	35	2	1	399	3	2	7	9	2	1	1	1	0.50971073	9	20892.782	20892.982	20892.982	20893.182	20893.492
1	35	2	1	400	3	2	7	10	2	2	1	1	0.38285314	10	20895.007	20895.607	20895.607	20895.807	20895.99
1	35	2	1	401	3	2	7	11	1	1	1	1	0.43487678	11	20897.632	20897.832	20897.832	20898.032	20898.267
1	35	2	1	402	3	2	7	12	4	1	8	1	0.49271654	12	20899.856	20900.056	20900.056	20900.256	20900.549
1	35	2	1	403	3	2	7	13	1	1	1	1	0.68006227	13	20902.084	20902.284	20902.284	20902.484	20902.964
1	35	2	1	404	3	2	7	14	1	2	1	1	0.53478275	14	20904.309	20904.909	20904.909	20905.109	20905.444
1	35	2	1	405	3	2	7	15	5	2	8	1	0.48773329	15	20906.933	20907.533	20907.533	20907.733	20908.021
1	35	2	1	406	3	2	7	16	5	1	8	1	0.5116991	16	20909.555	20909.755	20909.755	20909.955	20910.267
1	35	2	1	407	3	2	7	17	6	2	8	1	0.42370377	17	20911.78	20912.38	20912.38	20912.58	20912.804
1	35	2	1	408	3	2	7	18	3	1	1	1	0.53593444	18	20914.406	20914.606	20914.606	20914.806	20915.142
1	35	2	1	409	3	2	7	19	3	2	1	1	0.46170346	19	20916.631	20917.231	20917.231	20917.431	20917.692
1	35	2	1	410	3	2	7	20	4	2	8	1	0.81294755	20	20919.256	20919.856	20919.856	20920.056	20920.669
1	35	2	1	411	3	2	7	21	3	2	1	1	0.54584046	21	20921.882	20922.482	20922.482	20922.682	20923.028
1	35	2	1	412	3	2	7	22	6	2	8	1	0.4927196	22	20924.504	20925.104	20925.104	20925.304	20925.596
1	35	2	1	413	3	2	7	23	2	1	1	1	0.52481522	23	20927.126	20927.326	20927.326	20927.526	20927.851
1	35	2	1	414	3	2	7	24	1	1	1	1	0.50630033	24	20929.352	20929.552	20929.552	20929.752	20930.058
1	35	2	1	415	3	2	7	25	6	1	8	1	0.58798634	25	20931.578	20931.778	20931.778	20931.978	20932.366
1	35	2	1	416	3	2	7	26	2	2	1	1	0.58360694	26	20933.804	20934.404	20934.404	20934.604	20934.987
1	35	2	1	417	3	2	7	27	3	1	1	1	1.1674711	27	20936.43	20936.63	20936.63	20936.83	20937.797
1	35	2	1	418	3	2	7	28	2	1	1	1	0.52394594	28	20938.655	20938.855	20938.855	20939.055	20939.379
1	35	2	1	419	3	2	7	29	6	2	8	1	0.5311314	29	20940.88	20941.48	20941.48	20941.68	20942.011
1	35	2	1	420	3	2	7	30	5	1	8	1	0.45223252	30	20943.506	20943.706	20943.706	20943.906	20944.158
1	35	2	1	421	3	6	8	1	4	2	5	1	0.88587484	31	20973.825	20974.425	20974.425	20974.625	20975.311
1	35	2	1	422	3	6	8	2	4	2	5	1	0.61737455	32	20976.45	20977.05	20977.05	20977.25	20977.668
1	35	2	1	423	3	6	8	3	6	1	7	1	0.71946803	33	20979.076	20979.276	20979.276	20979.476	20979.996
1	35	2	1	424	3	6	8	4	5	2	6	1	0.51959861	34	20981.301	20981.901	20981.901	20982.101	20982.421
1	35	2	1	425	3	6	8	5	3	2	4	1	0.7521507	35	20983.927	20984.527	20984.527	20984.727	20985.279
1	35	2	1	426	3	6	8	6	4	2	5	1	0.78196119	36	20986.553	20987.153	20987.153	20987.353	20987.935
1	35	2	1	427	3	6	8	7	5	1	6	1	0.89196955	37	20989.179	20989.379	20989.379	20989.579	20990.271
1	35	2	1	428	3	6	8	8	1	1	2	1	0.85854335	38	20991.404	20991.604	20991.604	20991.804	20992.463
1	35	2	1	429	3	6	8	9	2	1	3	1	0.48496405	39	20993.63	20993.83	20993.83	20994.03	20994.315
1	35	2	1	430	3	6	8	10	2	2	3	1	0.60348078	40	20995.855	20996.455	20996.455	20996.655	20997.059
1	35	2	1	431	3	6	8	11	1	1	2	1	0.74663967	41	20998.481	20998.681	20998.681	20998.881	20999.428
1	35	2	1	432	3	6	8	12	4	1	5	1	0.72956504	42	21000.707	21000.907	21000.907	21001.107	21001.637
1	35	2	1	433	3	6	8	13	1	1	2	1	0.84595076	43	21002.934	21003.134	21003.134	21003.334	21003.98
1	35	2	1	434	3	6	8	14	1	2	2	1	0.87311078	44	21005.16	21005.76	21005.76	21005.96	21006.633
1	35	2	1	435	3	6	8	15	5	2	6	1	0.92272958	45	21007.785	21008.385	21008.385	21008.585	21009.308
1	35	2	1	436	3	6	8	16	5	1	6	1	0.76420442	46	21010.415	21010.615	21010.615	21010.815	21011.379
1	35	2	1	437	3	6	8	17	6	2	7	1	0.66605791	47	21012.641	21013.241	21013.241	21013.441	21013.907
1	35	2	1	438	3	6	8	18	3	1	4	1	0.97067484	48	21015.268	21015.468	21015.468	21015.668	21016.439
1	35	2	1	439	3	6	8	19	3	2	4	1	0.5009112	49	21017.494	21018.094	21018.094	21018.294	21018.595
1	35	2	1	440	3	6	8	20	4	2	5	1	0.80704632	50	21020.12	21020.72	21020.72	21020.92	21021.527
1	35	2	1	441	3	6	8	21	3	2	4	1	1.1787333	51	21022.747	21023.347	21023.347	21023.547	21024.525
1	35	2	1	442	3	6	8	22	6	2	7	1	0.73500151	52	21025.372	21025.972	21025.972	21026.172	21026.707
1	35	2	1	443	3	6	8	23	2	1	3	1	0.69025538	53	21027.996	21028.196	21028.196	21028.396	21028.886
1	35	2	1	444	3	6	8	24	1	1	2	1	0.75517408	54	21030.227	21030.427	21030.427	21030.627	21031.182
1	35	2	1	445	3	6	8	25	6	1	7	1	0.67876726	55	21032.454	21032.654	21032.654	21032.854	21033.333
1	35	2	1	446	3	6	8	26	2	2	3	1	0.65395777	56	21034.681	21035.281	21035.281	21035.481	21035.935
1	35	2	1	447	3	6	8	27	3	1	4	1	1.2104012	57	21037.308	21037.508	21037.508	21037.708	21038.718
1	35	2	1	448	3	6	8	28	2	1	3	1	0.76627314	58	21039.535	21039.735	21039.735	21039.935	21040.502
1	35	2	1	449	3	6	8	29	6	2	7	1	0.74779539	59	21041.767	21042.367	21042.367	21042.567	21043.115
1	35	2	1	450	3	6	8	30	5	1	6	1	0.74702908	60	21044.394	21044.594	21044.594	21044.794	21045.341
1	35	2	1	451	3	2	8	1	4	2	8	1	0.53320842	1	21074.683	21075.283	21075.283	21075.483	21075.816
1	35	2	1	452	3	2	8	2	6	2	8	1	0.59120641	2	21077.31	21077.91	21077.91	21078.11	21078.501
1	35	2	1	453	3	2	8	3	2	1	1	1	0.48027486	3	21079.937	21080.137	21080.137	21080.337	21080.617
1	35	2	1	454	3	2	8	4	5	2	8	1	0.52058113	4	21082.164	21082.764	21082.764	21082.964	21083.285
1	35	2	1	455	3	2	8	5	5	2	8	1	0.61124084	5	21084.791	21085.391	21085.391	21085.591	21086.002
1	35	2	1	456	3	2	8	6	1	2	1	1	0.43096306	6	21087.419	21088.019	21088.019	21088.219	21088.45
1	35	2	1	457	3	2	8	7	3	1	1	1	0.48617568	7	21090.045	21090.245	21090.245	21090.445	21090.731
1	35	2	1	458	3	2	8	8	3	1	1	1	0.4774142	8	21092.273	21092.473	21092.473	21092.673	21092.95
1	35	2	1	459	3	2	8	9	1	1	1	1	0.49653959	9	21094.501	21094.701	21094.701	21094.901	21095.197
1	35	2	1	460	3	2	8	10	4	2	8	1	0.49627413	10	21096.725	21097.325	21097.325	21097.525	21097.821
1	35	2	1	461	3	2	8	11	6	1	8	1	0.56278127	11	21099.352	21099.552	21099.552	21099.752	21100.115
1	35	2	1	462	3	2	8	12	5	1	8	1	0.43339581	12	21101.58	21101.78	21101.78	21101.98	21102.213
1	35	2	1	463	3	2	8	13	3	1	1	1	0.6393856	13	21103.807	21104.007	21104.007	21104.207	21104.646
1	35	2	1	464	3	2	8	14	5	2	8	1	0.52094633	14	21106.034	21106.634	21106.634	21106.834	21107.155
1	35	2	1	465	3	2	8	15	6	2	8	1	0.5202294	15	21108.661	21109.261	21109.261	21109.461	21109.782
1	35	2	1	466	3	2	8	16	2	1	1	1	0.488604	16	21111.293	21111.493	21111.493	21111.693	21111.982
1	35	2	1	467	3	2	8	17	4	2	8	1	0.53042162	17	21113.524	21114.124	21114.124	21114.324	21114.655
1	35	2	1	468	3	2	8	18	4	1	8	1	1.0523777	18	21116.152	21116.352	21116.352	21116.552	21117.405
1	35	2	1	469	3	2	8	19	1	2	1	1	0.54565765	19	21118.38	21118.98	21118.98	21119.18	21119.525
1	35	2	1	470	3	2	8	20	3	2	1	1	0.46095053	20	21121.007	21121.607	21121.607	21121.807	21122.068
1	35	2	1	471	3	2	8	21	4	2	8	1	0.86361724	21	21123.635	21124.235	21124.235	21124.435	21125.099
1	35	2	1	472	3	2	8	22	2	2	1	1	0.60708145	22	21126.264	21126.864	21126.864	21127.064	21127.471
1	35	2	1	473	3	2	8	23	2	1	1	1	0.61597729	23	21128.891	21129.091	21129.091	21129.291	21129.707
1	35	2	1	474	3	2	8	24	1	1	1	1	0.63650362	24	21131.121	21131.321	21131.321	21131.521	21131.957
1	35	2	1	475	3	2	8	25	6	1	8	1	0.62114974	25	21133.351	21133.551	21133.551	21133.751	21134.172
1	35	2	1	476	3	2	8	26	5	2	8	1	0.51480257	26	21135.579	21136.179	21136.179	21136.379	21136.693
1	35	2	1	477	3	2	8	27	3	1	1	1	0.65222313	27	21138.21	21138.41	21138.41	21138.61	21139.062
1	35	2	1	478	3	2	8	28	2	1	1	1	0.4440615	28	21140.441	21140.641	21140.641	21140.841	21141.085
1	35	2	1	479	3	2	8	29	1	2	1	1	0.558669	29	21142.669	21143.269	21143.269	21143.469	21143.828
1	35	2	1	480	3	2	8	30	6	1	8	1	0.54102051	30	21145.297	21145.497	21145.497	21145.697	21146.038
1	35	2	1	481	3	6	9	1	4	2	5	1	0.90752984	31	21175.623	21176.223	21176.223	21176.423	21177.13
1	35	2	1	482	3	6	9	2	6	2	7	1	0.74025886	32	21178.25	21178.85	21178.85	21179.05	21179.591
1	35	2	1	483	3	6	9	3	2	1	3	1	0.6710134	33	21180.878	21181.078	21181.078	21181.278	21181.749
1	35	2	1	484	3	6	9	4	5	2	6	1	0.81896488	34	21183.106	21183.706	21183.706	21183.906	21184.525
1	35	2	1	485	3	6	9	5	5	2	6	1	0.68656744	35	21185.735	21186.335	21186.335	21186.535	21187.021
1	35	2	1	486	3	6	9	6	1	2	2	1	0.88897015	36	21188.362	21188.962	21188.962	21189.162	21189.851
1	35	2	1	487	3	6	9	7	3	1	4	1	1.0058994	37	21190.991	21191.191	21191.191	21191.391	21192.197
1	35	2	1	488	3	6	9	8	3	1	4	1	0.51402086	38	21193.219	21193.419	21193.419	21193.619	21193.933
1	35	2	1	489	3	6	9	9	1	1	2	1	0.87602438	39	21195.448	21195.648	21195.648	21195.848	21196.524
1	35	2	1	490	3	6	9	10	4	2	5	1	0.81534662	40	21197.675	21198.275	21198.275	21198.475	21199.091
1	35	2	1	491	3	6	9	11	6	1	7	1	0.74943494	41	21200.303	21200.503	21200.503	21200.703	21201.253
1	35	2	1	492	3	6	9	12	5	1	6	1	0.85632387	42	21202.531	21202.731	21202.731	21202.931	21203.588
1	35	2	1	493	3	6	9	13	3	1	4	1	0.87657188	43	21204.76	21204.96	21204.96	21205.16	21205.837
1	35	2	1	494	3	6	9	14	5	2	6	1	0.82744704	44	21206.986	21207.586	21207.586	21207.786	21208.413
1	35	2	1	495	3	6	9	15	6	2	7	1	0.72512892	45	21209.614	21210.214	21210.214	21210.414	21210.939
1	35	2	1	496	3	6	9	16	2	1	3	1	0.88208791	46	21212.242	21212.442	21212.442	21212.642	21213.324
1	35	2	1	497	3	6	9	17	4	2	5	1	0.93302452	47	21214.471	21215.071	21215.071	21215.271	21216.004
1	35	2	1	498	3	6	9	18	4	1	5	1	0.65769129	48	21217.097	21217.297	21217.297	21217.497	21217.955
1	35	2	1	499	3	6	9	19	1	2	2	1	0.87292189	49	21219.326	21219.926	21219.926	21220.126	21220.799
1	35	2	1	500	3	6	9	20	3	2	4	1	0.88121784	50	21221.957	21222.557	21222.557	21222.757	21223.439
1	35	2	1	501	3	6	9	21	4	2	5	1	0.94449622	51	21224.589	21225.189	21225.189	21225.389	21226.134
1	35	2	1	502	3	6	9	22	2	2	3	1	0.8492666	52	21227.218	21227.818	21227.818	21228.018	21228.668
1	35	2	1	503	3	6	9	23	2	1	3	1	0.54989445	53	21229.847	21230.047	21230.047	21230.247	21230.597
1	35	2	1	504	3	6	9	24	1	1	2	1	0.78187249	54	21232.076	21232.276	21232.276	21232.476	21233.058
1	35	2	1	505	3	6	9	25	6	1	7	1	0.70515972	55	21234.302	21234.502	21234.502	21234.702	21235.207
1	35	2	1	506	3	6	9	26	5	2	6	1	1.3006628	56	21236.528	21237.128	21237.128	21237.328	21238.429
1	35	2	1	507	3	6	9	27	3	1	4	1	0.90689207	57	21239.16	21239.36	21239.36	21239.56	21240.267
1	35	2	1	508	3	6	9	28	2	1	3	1	0.88647051	58	21241.389	21241.589	21241.589	21241.789	21242.476
1	35	2	1	509	3	6	9	29	1	2	2	1	0.97093642	59	21243.619	21244.219	21244.219	21244.419	21245.19
1	35	2	1	510	3	6	9	30	6	1	7	1	0.6794774	60	21246.254	21246.454	21246.454	21246.654	21247.133
1	35	2	1	511	3	2	9	1	3	2	0	0	-21277.143	0	21276.543	21277.143	21277.143	21277.343	0
1	35	2	1	512	3	2	9	2	2	2	1	1	0.58250015	1	21279.173	21279.773	21279.773	21279.973	21280.356
1	35	2	1	513	3	2	9	3	6	1	8	1	0.53916276	2	21281.802	21282.002	21282.002	21282.202	21282.542
1	35	2	1	514	3	2	9	4	4	2	8	1	0.49227914	3	21284.034	21284.634	21284.634	21284.834	21285.127
1	35	2	1	515	3	2	9	5	1	2	1	1	0.50737206	4	21286.664	21287.264	21287.264	21287.464	21287.771
1	35	2	1	516	3	2	9	6	4	2	8	1	0.83184693	5	21289.293	21289.893	21289.893	21290.093	21290.725
1	35	2	1	517	3	2	9	7	5	1	8	1	0.65092886	6	21291.922	21292.122	21292.122	21292.323	21292.773
1	35	2	1	518	3	2	9	8	4	1	8	1	0.53971974	7	21294.152	21294.352	21294.352	21294.552	21294.891
1	35	2	1	519	3	2	9	9	1	1	1	1	0.59122793	8	21296.381	21296.581	21296.581	21296.781	21297.172
1	35	2	1	520	3	2	9	10	2	2	1	1	0.59616415	9	21298.607	21299.208	21299.208	21299.408	21299.804
1	35	2	1	521	3	2	9	11	6	1	8	1	0.82776613	10	21301.235	21301.435	21301.435	21301.635	21302.262
1	35	2	1	522	3	2	9	12	5	1	8	1	0.93189201	11	21303.466	21303.666	21303.666	21303.866	21304.598
1	35	2	1	523	3	2	9	13	4	1	8	1	0.55740349	12	21305.697	21305.897	21305.897	21306.097	21306.455
1	35	2	1	524	3	2	9	14	2	2	1	1	0.62063808	13	21307.927	21308.527	21308.527	21308.727	21309.147
1	35	2	1	525	3	2	9	15	6	2	8	1	0.57019262	14	21310.556	21311.156	21311.156	21311.356	21311.726
1	35	2	1	526	3	2	9	16	6	1	8	1	0.63375258	15	21313.189	21313.389	21313.389	21313.589	21314.023
1	35	2	1	527	3	2	9	17	4	2	8	1	0.68584467	16	21315.416	21316.016	21316.016	21316.216	21316.702
1	35	2	1	528	3	2	9	18	5	1	8	1	0.78504058	17	21318.044	21318.244	21318.244	21318.444	21319.029
1	35	2	1	529	3	2	9	19	5	2	8	1	0.91450948	18	21320.273	21320.873	21320.873	21321.073	21321.788
1	35	2	1	530	3	2	9	20	3	2	1	1	0.63000647	19	21322.903	21323.503	21323.503	21323.703	21324.133
1	35	2	1	531	3	2	9	21	3	2	1	1	0.53736981	20	21325.53	21326.13	21326.13	21326.33	21326.667
1	35	2	1	532	3	2	9	22	2	2	1	1	0.47942432	21	21328.159	21328.759	21328.759	21328.959	21329.238
1	35	2	1	533	3	2	9	23	3	1	1	1	0.49378993	22	21330.789	21330.989	21330.989	21331.189	21331.483
1	35	2	1	534	3	2	9	24	3	1	1	1	0.49592321	23	21333.019	21333.219	21333.219	21333.419	21333.715
1	35	2	1	535	3	2	9	25	1	1	1	1	0.84621023	24	21335.254	21335.454	21335.454	21335.654	21336.3
1	35	2	1	536	3	2	9	26	1	2	1	1	0.97481643	25	21337.484	21338.084	21338.084	21338.284	21339.059
1	35	2	1	537	3	2	9	27	6	1	8	1	0.62011292	26	21340.114	21340.314	21340.314	21340.514	21340.934
1	35	2	1	538	3	2	9	28	1	1	1	1	0.56254279	27	21342.344	21342.544	21342.544	21342.744	21343.107
1	35	2	1	539	3	2	9	29	5	2	8	1	0.64522235	28	21344.575	21345.175	21345.175	21345.375	21345.82
1	35	2	1	540	3	2	9	30	2	1	1	1	0.5831623	29	21347.205	21347.405	21347.405	21347.605	21347.989
1	35	2	1	541	4	6	10	1	3	2	4	1	1.0528689	30	21918.45	21919.05	21919.05	21919.25	21920.103
1	35	2	1	542	4	6	10	2	2	2	3	1	0.60426892	31	21921.078	21921.678	21921.678	21921.878	21922.283
1	35	2	1	543	4	6	10	3	6	1	7	1	0.64721863	32	21923.708	21923.908	21923.908	21924.108	21924.555
1	35	2	1	544	4	6	10	4	4	2	5	1	0.82239403	33	21925.936	21926.536	21926.536	21926.736	21927.358
1	35	2	1	545	4	6	10	5	1	2	2	1	0.69080841	34	21928.569	21929.169	21929.169	21929.369	21929.86
1	35	2	1	546	4	6	10	6	4	2	5	1	0.8981279	35	21931.201	21931.801	21931.801	21932.001	21932.699
1	35	2	1	547	4	6	10	7	5	1	6	1	0.68450157	36	21933.832	21934.032	21934.032	21934.232	21934.716
1	35	2	1	548	4	6	10	8	4	1	4	1	0.8319668	37	21936.063	21936.263	21936.263	21936.463	21937.095
1	35	2	1	549	4	6	10	9	1	1	2	1	0.73334627	38	21938.294	21938.494	21938.494	21938.694	21939.228
1	35	2	1	550	4	6	10	10	2	2	3	1	0.83075969	39	21940.525	21941.125	21941.125	21941.325	21941.956
1	35	2	1	551	4	6	10	11	6	1	7	1	0.6864412	40	21943.156	21943.356	21943.356	21943.556	21944.043
1	35	2	1	552	4	6	10	12	5	1	6	1	0.64107106	41	21945.386	21945.586	21945.586	21945.786	21946.228
1	35	2	1	553	4	6	10	13	4	1	5	1	0.71449444	42	21947.618	21947.818	21947.818	21948.018	21948.532
1	35	2	1	554	4	6	10	14	2	2	3	1	0.67535118	43	21949.849	21950.449	21950.449	21950.649	21951.125
1	35	2	1	555	4	6	10	15	6	2	7	1	0.66169534	44	21952.481	21953.081	21953.081	21953.281	21953.743
1	35	2	1	556	4	6	10	16	6	1	7	1	0.51369296	45	21955.113	21955.313	21955.313	21955.513	21955.827
1	35	2	1	557	4	6	10	17	4	2	5	1	0.84728523	46	21957.341	21957.941	21957.941	21958.141	21958.789
1	35	2	1	558	4	6	10	18	5	1	6	1	0.72816637	47	21959.973	21960.173	21960.173	21960.373	21960.901
1	35	2	1	559	4	6	10	19	5	2	6	1	0.61467753	48	21962.205	21962.805	21962.805	21963.005	21963.419
1	35	2	1	560	4	6	10	20	3	2	4	1	1.1667305	49	21964.836	21965.436	21965.436	21965.636	21966.603
1	35	2	1	561	4	6	10	21	3	2	4	1	0.49161164	50	21967.468	21968.068	21968.068	21968.268	21968.56
1	35	2	1	562	4	6	10	22	2	2	3	1	0.61031538	51	21970.098	21970.699	21970.699	21970.899	21971.309
1	35	2	1	563	4	6	10	23	3	1	4	1	0.62177493	52	21972.729	21972.929	21972.929	21973.129	21973.551
1	35	2	1	564	4	6	10	24	3	1	4	1	0.63466898	53	21974.96	21975.16	21975.16	21975.36	21975.795
1	35	2	1	565	4	6	10	25	1	1	2	1	0.82526878	54	21977.198	21977.398	21977.398	21977.598	21978.223
1	35	2	1	566	4	6	10	26	1	2	2	1	0.64776488	55	21979.437	21980.037	21980.037	21980.237	21980.684
1	35	2	1	567	4	6	10	27	6	1	7	1	0.69552119	56	21982.069	21982.269	21982.269	21982.469	21982.964
1	35	2	1	568	4	6	10	28	1	1	2	1	0.74522294	57	21984.3	21984.5	21984.5	21984.7	21985.245
1	35	2	1	569	4	6	10	29	5	2	6	1	0.75387221	58	21986.533	21987.133	21987.133	21987.333	21987.887
1	35	2	1	570	4	6	10	30	2	1	3	1	0.7061716	59	21989.164	21989.364	21989.364	21989.564	21990.071
1	35	2	1	571	4	2	10	1	2	2	1	1	0.61370822	1	22019.46	22020.06	22020.06	22020.26	22020.673
1	35	2	1	572	4	2	10	2	4	2	8	1	0.46597251	2	22022.091	22022.691	22022.691	22022.891	22023.157
1	35	2	1	573	4	2	10	3	1	1	1	1	0.68289749	3	22024.724	22024.924	22024.924	22025.124	22025.607
1	35	2	1	574	4	2	10	4	2	2	1	1	0.47376498	4	22026.956	22027.556	22027.556	22027.756	22028.03
1	35	2	1	575	4	2	10	5	6	2	8	1	0.43399616	5	22029.586	22030.186	22030.186	22030.386	22030.62
1	35	2	1	576	4	2	10	6	6	2	8	1	0.42704325	6	22032.224	22032.824	22032.824	22033.024	22033.251
1	35	2	1	577	4	2	10	7	1	1	1	1	0.47027552	7	22034.856	22035.056	22035.056	22035.256	22035.526
1	35	2	1	578	4	2	10	8	4	1	8	1	0.8768321	8	22037.089	22037.289	22037.289	22037.489	22038.165
1	35	2	1	579	4	2	10	9	3	1	1	1	0.59526154	9	22039.322	22039.522	22039.522	22039.722	22040.117
1	35	2	1	580	4	2	10	10	4	2	8	1	0.6612881	10	22041.55	22042.15	22042.15	22042.35	22042.812
1	35	2	1	581	4	2	10	11	5	1	8	1	0.49045236	11	22044.18	22044.38	22044.38	22044.58	22044.87
1	35	2	1	582	4	2	10	12	3	1	1	1	0.47710183	12	22046.412	22046.612	22046.612	22046.812	22047.089
1	35	2	1	583	4	2	10	13	1	1	1	1	0.45898068	13	22048.641	22048.841	22048.841	22049.041	22049.3
1	35	2	1	584	4	2	10	14	1	2	1	1	0.58760377	14	22050.874	22051.474	22051.474	22051.674	22052.062
1	35	2	1	585	4	2	10	15	3	2	1	1	0.53399339	15	22053.505	22054.105	22054.105	22054.305	22054.639
1	35	2	1	586	4	2	10	16	5	1	8	1	0.48468918	16	22056.142	22056.342	22056.342	22056.542	22056.827
1	35	2	1	587	4	2	10	17	6	2	8	1	0.42134832	17	22058.375	22058.975	22058.975	22059.175	22059.397
1	35	2	1	588	4	2	10	18	5	1	8	1	0.48378957	18	22061.007	22061.207	22061.207	22061.407	22061.691
1	35	2	1	589	4	2	10	19	3	2	1	1	0.58116535	19	22063.24	22063.84	22063.84	22064.04	22064.422
1	35	2	1	590	4	2	10	20	5	2	8	1	0.55061905	20	22065.87	22066.47	22066.47	22066.67	22067.021
1	35	2	1	591	4	2	10	21	2	2	1	1	0.53107076	21	22068.505	22069.105	22069.105	22069.305	22069.636
1	35	2	1	592	4	2	10	22	3	2	1	1	0.52968319	22	22071.138	22071.738	22071.738	22071.938	22072.267
1	35	2	1	593	4	2	10	23	5	1	8	1	0.51861326	23	22073.767	22073.967	22073.967	22074.167	22074.485
1	35	2	1	594	4	2	10	24	2	1	1	1	0.54285294	24	22076	22076.2	22076.2	22076.4	22076.743
1	35	2	1	595	4	2	10	25	4	1	8	1	1.0435717	25	22078.233	22078.433	22078.433	22078.633	22079.476
1	35	2	1	596	4	2	10	26	6	2	8	1	0.56283388	26	22080.466	22081.066	22081.066	22081.266	22081.629
1	35	2	1	597	4	2	10	27	1	1	1	1	0.5460132	27	22083.105	22083.305	22083.305	22083.505	22083.851
1	35	2	1	598	4	2	10	28	4	1	8	1	0.51533067	28	22085.338	22085.538	22085.538	22085.738	22086.053
1	35	2	1	599	4	2	10	29	2	2	1	1	0.63261265	29	22087.571	22088.171	22088.171	22088.371	22088.804
1	35	2	1	600	4	2	10	30	6	1	8	1	0.61689048	30	22090.204	22090.404	22090.404	22090.604	22091.021
1	35	2	1	601	4	6	11	1	2	2	3	1	0.6884768	31	22120.54	22121.14	22121.14	22121.34	22121.828
1	35	2	1	602	4	6	11	2	4	2	5	1	0.67312769	32	22123.173	22123.773	22123.773	22123.973	22124.446
1	35	2	1	603	4	6	11	3	1	1	2	1	0.85711257	33	22125.806	22126.006	22126.006	22126.206	22126.863
1	35	2	1	604	4	6	11	4	2	2	3	1	0.60074025	34	22128.038	22128.638	22128.638	22128.838	22129.239
1	35	2	1	605	4	6	11	5	6	2	7	1	0.76379876	35	22130.671	22131.271	22131.271	22131.471	22132.035
1	35	2	1	606	4	6	11	6	6	2	7	1	0.71713561	36	22133.306	22133.906	22133.906	22134.106	22134.623
1	35	2	1	607	4	6	11	7	1	1	2	1	0.73957966	37	22135.94	22136.14	22136.14	22136.34	22136.879
1	35	2	1	608	4	6	11	8	4	1	5	1	0.80872147	38	22138.172	22138.372	22138.372	22138.572	22139.181
1	35	2	1	609	4	6	11	9	3	1	4	1	0.73334879	39	22140.406	22140.606	22140.606	22140.806	22141.339
1	35	2	1	610	4	6	11	10	4	2	5	1	0.81679951	40	22142.645	22143.245	22143.245	22143.445	22144.061
1	35	2	1	611	4	6	11	11	5	1	6	1	0.76383834	41	22145.278	22145.478	22145.478	22145.678	22146.242
1	35	2	1	612	4	6	11	12	3	1	4	1	0.71583486	42	22147.511	22147.711	22147.711	22147.911	22148.427
1	35	2	1	613	4	6	11	13	1	1	2	1	0.76334105	43	22149.745	22149.945	22149.945	22150.145	22150.708
1	35	2	1	614	4	6	11	14	1	2	2	1	0.69128559	44	22151.978	22152.578	22152.578	22152.778	22153.27
1	35	2	1	615	4	6	11	15	3	2	4	1	0.8640363	45	22154.612	22155.212	22155.212	22155.412	22156.076
1	35	2	1	616	4	6	11	16	5	1	6	1	0.84803277	46	22157.245	22157.445	22157.445	22157.645	22158.293
1	35	2	1	617	4	6	11	17	6	2	7	1	0.62597517	47	22159.483	22160.083	22160.083	22160.283	22160.709
1	35	2	1	618	4	6	11	18	5	1	6	1	0.64666016	48	22162.117	22162.317	22162.317	22162.517	22162.964
1	35	2	1	619	4	6	11	19	3	2	4	1	1.1273817	49	22164.35	22164.95	22164.95	22165.15	22166.078
1	35	2	1	620	4	6	11	20	5	2	6	1	0.7422925	50	22166.983	22167.583	22167.583	22167.783	22168.325
1	35	2	1	621	4	6	11	21	2	2	3	1	0.6938969	51	22169.617	22170.217	22170.217	22170.417	22170.911
1	35	2	1	622	4	6	11	22	3	2	4	1	1.0297494	52	22172.256	22172.856	22172.856	22173.056	22173.886
1	35	2	1	623	4	6	11	23	5	1	6	1	0.75498128	53	22174.888	22175.088	22175.088	22175.288	22175.843
1	35	2	1	624	4	6	11	24	2	1	3	1	0.79058651	54	22177.12	22177.32	22177.32	22177.52	22178.111
1	35	2	1	625	4	6	11	25	4	1	5	1	0.67114805	55	22179.357	22179.557	22179.557	22179.757	22180.228
1	35	2	1	626	4	6	11	26	6	2	7	1	0.66317575	56	22181.59	22182.19	22182.19	22182.39	22182.853
1	35	2	1	627	4	6	11	27	1	1	2	1	0.82346889	57	22184.221	22184.421	22184.421	22184.621	22185.245
1	35	2	1	628	4	6	11	28	4	1	5	1	0.87170269	58	22186.455	22186.655	22186.655	22186.855	22187.527
1	35	2	1	629	4	6	11	29	2	2	3	1	0.79561196	59	22188.69	22189.29	22189.29	22189.49	22190.086
1	35	2	1	630	4	6	11	30	6	1	7	1	0.76466107	60	22191.321	22191.521	22191.521	22191.721	22192.286
1	35	2	1	631	4	2	11	1	2	2	1	1	0.59784876	1	22221.62	22222.22	22222.22	22222.42	22222.818
1	35	2	1	632	4	2	11	2	4	2	8	1	0.77645995	2	22224.255	22224.855	22224.855	22225.055	22225.631
1	35	2	1	633	4	2	11	3	4	1	8	1	0.54933047	3	22226.886	22227.086	22227.086	22227.286	22227.635
1	35	2	1	634	4	2	11	4	3	2	1	1	0.69032147	4	22229.12	22229.72	22229.72	22229.92	22230.41
1	35	2	1	635	4	2	11	5	1	2	1	1	0.59225649	5	22231.755	22232.355	22232.355	22232.555	22232.947
1	35	2	1	636	4	2	11	6	4	2	6	1	2.0002787	6	22234.39	22234.99	22234.99	22235.19	22236.99
1	35	2	1	637	4	2	11	7	5	1	6	0	1.9984647	6	22237.03	22237.23	22237.23	22237.43	22239.228
1	35	2	1	638	4	2	11	8	3	1	6	1	1.9985804	7	22239.268	22239.468	22239.468	22239.668	22241.466
1	35	2	1	639	4	2	11	9	6	1	6	0	1.3943228	7	22241.505	22241.705	22241.705	22241.905	22243.099
1	35	2	1	640	4	2	11	10	2	2	1	1	0.46353256	8	22243.736	22244.336	22244.336	22244.536	22244.8
1	35	2	1	641	4	2	11	11	3	1	1	1	0.54368891	9	22246.371	22246.571	22246.571	22246.771	22247.115
1	35	2	1	642	4	2	11	12	6	1	8	1	0.51983285	10	22248.604	22248.804	22248.804	22249.004	22249.324
1	35	2	1	643	4	2	11	13	6	1	8	1	0.46104073	11	22250.838	22251.038	22251.038	22251.238	22251.499
1	35	2	1	644	4	2	11	14	6	2	6	1	0.51554487	12	22253.073	22253.673	22253.673	22253.873	22254.189
1	35	2	1	645	4	2	11	15	1	2	1	1	0.53581117	13	22255.708	22256.308	22256.308	22256.508	22256.844
1	35	2	1	646	4	2	11	16	4	1	8	1	0.55432281	14	22258.347	22258.547	22258.547	22258.747	22259.102
1	35	2	1	647	4	2	11	17	2	2	1	1	0.61856099	15	22260.579	22261.179	22261.179	22261.379	22261.797
1	35	2	1	648	4	2	11	18	1	1	1	1	0.54668456	16	22263.22	22263.42	22263.42	22263.62	22263.967
1	35	2	1	649	4	2	11	19	2	2	1	1	0.63769271	17	22265.455	22266.055	22266.055	22266.255	22266.693
1	35	2	1	650	4	2	11	20	6	2	8	1	0.58800145	18	22268.09	22268.69	22268.69	22268.89	22269.278
1	35	2	1	651	4	2	11	21	4	2	8	1	0.60166223	19	22270.725	22271.325	22271.325	22271.525	22271.927
1	35	2	1	652	4	2	11	22	5	2	8	1	0.58859196	20	22273.36	22273.96	22273.96	22274.16	22274.549
1	35	2	1	653	4	2	11	23	5	1	8	1	0.49141154	21	22275.994	22276.194	22276.194	22276.394	22276.686
1	35	2	1	654	4	2	11	24	2	1	1	1	0.61702569	22	22278.229	22278.429	22278.429	22278.629	22279.046
1	35	2	1	655	4	2	11	25	5	1	8	1	0.60533831	23	22280.464	22280.664	22280.664	22280.864	22281.269
1	35	2	1	656	4	2	11	26	3	2	1	1	0.62887362	24	22282.698	22283.298	22283.298	22283.498	22283.927
1	35	2	1	657	4	2	11	27	5	1	8	1	0.83792297	25	22285.333	22285.533	22285.533	22285.733	22286.371
1	35	2	1	658	4	2	11	28	1	1	1	1	0.60713746	26	22287.568	22287.768	22287.768	22287.968	22288.375
1	35	2	1	659	4	2	11	29	3	2	1	1	0.6141467	27	22289.805	22290.405	22290.405	22290.605	22291.019
1	35	2	1	660	4	2	11	30	1	1	1	1	0.5513611	28	22292.438	22292.638	22292.638	22292.838	22293.189
1	35	2	1	661	4	6	12	1	2	2	3	1	0.80853386	29	22322.77	22323.37	22323.37	22323.57	22324.179
1	35	2	1	662	4	6	12	2	4	2	5	1	0.63685231	30	22325.406	22326.007	22326.007	22326.207	22326.643
1	35	2	1	663	4	6	12	3	4	1	5	1	0.53609928	31	22328.043	22328.243	22328.243	22328.443	22328.779
1	35	2	1	664	4	6	12	4	3	2	4	1	0.45068598	32	22330.282	22330.882	22330.882	22331.082	22331.333
1	35	2	1	665	4	6	12	5	1	2	2	1	0.73462931	33	22332.918	22333.518	22333.518	22333.718	22334.253
1	35	2	1	666	4	6	12	6	4	2	5	1	0.69849396	34	22335.553	22336.153	22336.153	22336.353	22336.852
1	35	2	1	667	4	6	12	7	5	1	6	1	0.65326685	35	22338.189	22338.389	22338.389	22338.589	22339.043
1	35	2	1	668	4	6	12	8	3	1	4	1	0.73077616	36	22340.424	22340.624	22340.624	22340.824	22341.355
1	35	2	1	669	4	6	12	9	6	1	7	1	0.77120575	37	22342.664	22342.864	22342.864	22343.064	22343.636
1	35	2	1	670	4	6	12	10	2	2	3	1	0.99880251	38	22344.901	22345.501	22345.501	22345.701	22346.5
1	35	2	1	671	4	6	12	11	3	1	4	1	0.80223743	39	22347.537	22347.737	22347.737	22347.937	22348.539
1	35	2	1	672	4	6	12	12	6	1	7	1	0.74644829	40	22349.779	22349.979	22349.979	22350.179	22350.726
1	35	2	1	673	4	6	12	13	6	1	7	1	0.59839163	41	22352.015	22352.215	22352.215	22352.415	22352.813
1	35	2	1	674	4	6	12	14	6	2	7	1	0.53184798	42	22354.255	22354.855	22354.855	22355.055	22355.387
1	35	2	1	675	4	6	12	15	1	2	2	1	0.77433121	43	22356.887	22357.487	22357.487	22357.687	22358.262
1	35	2	1	676	4	6	12	16	4	1	5	1	1.2884331	44	22359.524	22359.724	22359.724	22359.924	22361.013
1	35	2	1	677	4	6	12	17	2	2	3	1	0.6785907	45	22361.757	22362.357	22362.357	22362.557	22363.035
1	35	2	1	678	4	6	12	18	1	1	2	1	0.7554154	46	22364.393	22364.593	22364.593	22364.793	22365.348
1	35	2	1	679	4	6	12	19	2	2	3	1	0.69909693	47	22366.626	22367.226	22367.226	22367.426	22367.925
1	35	2	1	680	4	6	12	20	6	2	7	1	0.68105236	48	22369.262	22369.862	22369.862	22370.062	22370.543
1	35	2	1	681	4	6	12	21	4	2	5	1	1.2831876	49	22371.9	22372.5	22372.5	22372.7	22373.783
1	35	2	1	682	4	6	12	22	5	2	6	1	0.75643189	50	22374.536	22375.136	22375.136	22375.336	22375.892
1	35	2	1	683	4	6	12	23	5	1	6	1	0.57131955	51	22377.175	22377.375	22377.375	22377.575	22377.947
1	35	2	1	684	4	6	12	24	2	1	3	1	0.62264831	52	22379.413	22379.613	22379.613	22379.813	22380.235
1	35	2	1	685	4	6	12	25	5	1	6	1	0.74125187	53	22381.649	22381.849	22381.849	22382.049	22382.59
1	35	2	1	686	4	6	12	26	3	2	4	1	1.5292164	54	22383.882	22384.482	22384.482	22384.682	22386.011
1	35	2	1	687	4	6	12	27	5	1	6	1	0.85970172	55	22386.515	22386.715	22386.715	22386.915	22387.575
1	35	2	1	688	4	6	12	28	1	1	2	1	0.84396896	56	22388.752	22388.952	22388.952	22389.152	22389.796
1	35	2	1	689	4	6	12	29	3	2	4	1	0.86084558	57	22390.99	22391.59	22391.59	22391.79	22392.451
1	35	2	1	690	4	6	12	30	1	1	2	1	0.88412342	58	22393.634	22393.834	22393.834	22394.034	22394.718
1	35	2	1	691	4	2	12	1	1	2	1	1	0.78730625	1	22423.93	22424.53	22424.53	22424.73	22425.317
1	35	2	1	692	4	2	12	2	4	2	8	1	0.52089542	2	22426.566	22427.166	22427.166	22427.366	22427.687
1	35	2	1	693	4	2	12	3	3	1	1	1	0.42465126	3	22429.203	22429.403	22429.403	22429.603	22429.827
1	35	2	1	694	4	2	12	4	1	2	1	1	0.47865893	4	22431.439	22432.039	22432.039	22432.239	22432.517
1	35	2	1	695	4	2	12	5	3	2	1	1	0.42789939	5	22434.082	22434.682	22434.682	22434.882	22435.11
1	35	2	1	696	4	2	12	6	6	2	8	1	0.44481213	6	22436.719	22437.319	22437.319	22437.519	22437.764
1	35	2	1	697	4	2	12	7	2	1	1	1	0.40112325	7	22439.355	22439.555	22439.555	22439.755	22439.956
1	35	2	1	698	4	2	12	8	4	1	8	1	0.50909716	8	22441.592	22441.792	22441.792	22441.992	22442.301
1	35	2	1	699	4	2	12	9	5	1	8	1	0.43162641	9	22443.828	22444.028	22444.028	22444.228	22444.46
1	35	2	1	700	4	2	12	10	3	2	2	1	0.5481784	10	22446.065	22446.665	22446.665	22446.865	22447.213
1	35	2	1	701	4	2	12	11	5	1	8	1	0.5038845	11	22448.702	22448.902	22448.902	22449.102	22449.406
1	35	2	1	702	4	2	12	12	3	1	1	1	0.62070261	12	22450.942	22451.142	22451.142	22451.342	22451.763
1	35	2	1	703	4	2	12	13	2	1	1	1	0.50678275	13	22453.177	22453.377	22453.377	22453.577	22453.884
1	35	2	1	704	4	2	12	14	6	2	8	1	0.51804407	14	22455.415	22456.015	22456.015	22456.215	22456.533
1	35	2	1	705	4	2	12	15	2	2	1	1	0.83755485	15	22458.053	22458.653	22458.653	22458.853	22459.491
1	35	2	1	706	4	2	12	16	5	1	8	1	0.6636271	16	22460.692	22460.892	22460.892	22461.092	22461.556
1	35	2	1	707	4	2	12	17	1	2	1	1	0.85064258	17	22462.929	22463.529	22463.529	22463.729	22464.38
1	35	2	1	708	4	2	12	18	6	1	8	1	0.51842583	18	22465.567	22465.767	22465.767	22465.967	22466.285
1	35	2	1	709	4	2	12	19	4	2	8	1	0.44539331	19	22467.805	22468.405	22468.405	22468.605	22468.851
1	35	2	1	710	4	2	12	20	1	2	1	1	0.54634247	20	22470.443	22471.043	22471.043	22471.243	22471.589
1	35	2	1	711	4	2	12	21	6	2	8	1	0.66836947	21	22473.08	22473.68	22473.68	22473.88	22474.349
1	35	2	1	712	4	2	12	22	6	2	8	1	0.45481432	22	22475.718	22476.318	22476.318	22476.518	22476.773
1	35	2	1	713	4	2	12	23	4	1	8	1	0.53746469	23	22478.357	22478.557	22478.557	22478.757	22479.095
1	35	2	1	714	4	2	12	24	2	1	1	1	0.48100604	24	22480.594	22480.794	22480.794	22480.994	22481.275
1	35	2	1	715	4	2	12	25	1	1	2	1	0.53361671	25	22482.832	22483.032	22483.032	22483.232	22483.565
1	35	2	1	716	4	2	12	26	4	2	8	1	0.51240432	26	22485.07	22485.67	22485.67	22485.87	22486.182
1	35	2	1	717	4	2	12	27	2	1	1	1	0.73224727	27	22487.705	22487.905	22487.905	22488.105	22488.637
1	35	2	1	718	4	2	12	28	5	1	8	1	0.58291147	28	22489.942	22490.142	22490.142	22490.342	22490.725
1	35	2	1	719	4	2	12	29	3	2	1	1	0.44199347	29	22492.179	22492.779	22492.779	22492.979	22493.221
1	35	2	1	720	4	2	12	30	5	1	8	1	0.4570233	30	22494.818	22495.018	22495.018	22495.218	22495.475
