35	43	94	42	124	37	64	126	0	0	0	0	0	0	0	0	0	0	0	0
2	21	1	1	1	1	6	1	1	2	1	2	1	1.7357139	1	11891.844	11892.044	11892.044	11892.244	11893.78
2	21	1	1	2	1	6	1	2	3	2	0	0	-11894.661	1	11894.061	11894.661	11894.661	11894.861	0
2	21	1	1	3	1	6	1	3	4	2	0	0	-11897.569	1	11896.969	11897.569	11897.569	11897.769	0
2	21	1	1	4	1	6	1	4	5	2	7	1	1.3641233	2	11899.877	11900.477	11900.477	11900.677	11901.841
2	21	1	1	5	1	6	1	5	4	2	2	0	2.000602	2	11902.483	11903.083	11903.083	11903.283	11905.084
2	21	1	1	6	1	6	1	6	4	2	0	0	-11906	2	11905.4	11906	11906	11906.2	0
2	21	1	1	7	1	6	1	7	2	2	2	1	1.6488354	3	11908.306	11908.906	11908.906	11909.106	11910.555
2	21	1	1	8	1	6	1	8	6	1	8	1	1.316085	4	11910.912	11911.112	11911.112	11911.312	11912.428
2	21	1	1	9	1	6	1	9	6	1	8	1	0.91948071	5	11913.118	11913.318	11913.318	11913.518	11914.237
2	21	1	1	10	1	6	1	10	5	1	7	1	1.2291219	6	11915.324	11915.524	11915.524	11915.724	11916.754
2	21	1	1	11	1	6	1	11	3	2	3	1	1.6099937	7	11917.531	11918.131	11918.131	11918.331	11919.741
2	21	1	1	12	1	6	1	12	5	1	0	0	-11920.337	7	11920.137	11920.337	11920.337	11920.537	0
2	21	1	1	13	1	6	1	13	1	2	1	1	0.89272132	8	11922.645	11923.245	11923.245	11923.445	11924.138
2	21	1	1	14	1	6	1	14	1	1	1	1	0.80625199	9	11925.252	11925.452	11925.452	11925.652	11926.258
2	21	1	1	15	1	6	1	15	3	1	2	0	1.5107349	9	11927.458	11927.658	11927.658	11927.859	11929.169
2	21	1	1	16	1	6	1	16	1	2	3	0	0.93902309	9	11929.974	11930.574	11930.574	11930.774	11931.513
2	21	1	1	17	1	6	1	17	5	1	7	1	1.3305503	10	11932.891	11933.091	11933.091	11933.291	11934.421
2	21	1	1	18	1	6	1	18	3	1	3	1	1.5606468	11	11935.097	11935.297	11935.297	11935.497	11936.858
2	21	1	1	19	1	6	1	19	6	1	8	1	1.050861	12	11937.305	11937.505	11937.505	11937.705	11938.556
2	21	1	1	20	1	6	1	20	1	2	1	1	0.83593018	13	11939.512	11940.112	11940.112	11940.312	11940.948
2	21	1	1	21	1	6	1	21	2	1	2	1	1.017679	14	11942.119	11942.319	11942.319	11942.519	11943.337
2	21	1	1	22	1	6	1	22	1	2	1	1	0.84268853	15	11944.328	11944.928	11944.928	11945.128	11945.77
2	21	1	1	23	1	6	1	23	2	2	0	0	-11947.535	15	11946.935	11947.535	11947.535	11947.735	0
2	21	1	1	24	1	6	1	24	2	2	0	0	-11950.443	15	11949.843	11950.443	11950.443	11950.643	0
2	21	1	1	25	1	6	1	25	4	2	6	1	1.3677918	16	11952.749	11953.349	11953.349	11953.549	11954.717
2	21	1	1	26	1	6	1	26	4	1	6	1	0.66263898	17	11955.357	11955.557	11955.557	11955.757	11956.22
2	21	1	1	27	1	6	1	27	3	1	3	1	1.8705784	18	11957.563	11957.763	11957.763	11957.963	11959.633
2	21	1	1	28	1	6	1	28	6	1	8	1	1.0974186	19	11959.771	11959.971	11959.971	11960.171	11961.068
2	21	1	1	29	1	6	1	29	5	1	7	1	1.1029249	20	11961.979	11962.179	11962.179	11962.379	11963.281
2	21	1	1	30	1	6	1	30	6	2	8	1	1.0813367	21	11964.186	11964.786	11964.786	11964.986	11965.867
2	21	1	1	31	1	2	1	1	5	1	5	1	0.75680147	1	11982.932	11983.132	11983.132	11983.332	11983.889
2	21	1	1	32	1	2	1	2	6	2	5	1	0.6191498	2	11985.144	11985.744	11985.744	11985.944	11986.363
2	21	1	1	33	1	2	1	3	4	2	5	1	0.50364864	3	11987.754	11988.354	11988.354	11988.554	11988.857
2	21	1	1	34	1	2	1	4	1	2	4	1	0.45056003	4	11990.361	11990.961	11990.961	11991.161	11991.411
2	21	1	1	35	1	2	1	5	1	2	4	1	0.56858748	5	11992.972	11993.572	11993.572	11993.772	11994.14
2	21	1	1	36	1	2	1	6	4	2	5	1	0.736679	6	11995.581	11996.181	11996.181	11996.381	11996.917
2	21	1	1	37	1	2	1	7	3	2	4	1	0.69736654	7	11998.187	11998.787	11998.787	11998.987	11999.484
2	21	1	1	38	1	2	1	8	2	1	4	1	0.80170004	8	12000.794	12000.994	12000.994	12001.194	12001.795
2	21	1	1	39	1	2	1	9	2	1	4	1	0.74096389	9	12003.024	12003.224	12003.224	12003.424	12003.965
2	21	1	1	40	1	2	1	10	6	1	5	1	0.73787966	10	12005.234	12005.434	12005.434	12005.634	12006.172
2	21	1	1	41	1	2	1	11	3	2	4	1	0.88064122	11	12007.442	12008.042	12008.042	12008.242	12008.923
2	21	1	1	42	1	2	1	12	1	1	0	0	-12010.25	11	12010.05	12010.25	12010.25	12010.45	0
2	21	1	1	43	1	2	1	13	3	2	4	1	0.72203963	12	12012.559	12013.159	12013.159	12013.359	12013.881
2	21	1	1	44	1	2	1	14	2	1	4	1	0.66945381	13	12015.166	12015.366	12015.366	12015.566	12016.036
2	21	1	1	45	1	2	1	15	4	1	5	1	0.61338932	14	12017.374	12017.574	12017.574	12017.774	12018.188
2	21	1	1	46	1	2	1	16	2	2	4	1	1.4290018	15	12019.583	12020.183	12020.183	12020.383	12021.612
2	21	1	1	47	1	2	1	17	3	1	4	1	0.691436	16	12022.191	12022.391	12022.391	12022.591	12023.083
2	21	1	1	48	1	2	1	18	5	1	5	1	0.63424401	17	12024.4	12024.6	12024.601	12024.801	12025.235
2	21	1	1	49	1	2	1	19	4	1	5	1	0.64892497	18	12026.609	12026.809	12026.809	12027.009	12027.458
2	21	1	1	50	1	2	1	20	5	2	5	1	0.51171343	19	12028.818	12029.418	12029.418	12029.618	12029.93
2	21	1	1	51	1	2	1	21	2	1	4	1	0.58567096	20	12031.427	12031.627	12031.627	12031.827	12032.213
2	21	1	1	52	1	2	1	22	6	2	5	1	0.74290253	21	12033.636	12034.236	12034.236	12034.436	12034.979
2	21	1	1	53	1	2	1	23	3	2	4	1	0.77608564	22	12036.244	12036.844	12036.844	12037.044	12037.62
2	21	1	1	54	1	2	1	24	6	2	5	1	0.62779673	23	12038.854	12039.454	12039.454	12039.654	12040.082
2	21	1	1	55	1	2	1	25	5	2	5	1	0.57196368	24	12041.463	12042.063	12042.063	12042.263	12042.635
2	21	1	1	56	1	2	1	26	5	1	5	1	0.50474488	25	12044.073	12044.273	12044.273	12044.473	12044.778
2	21	1	1	57	1	2	1	27	6	1	5	1	0.43854856	26	12046.282	12046.482	12046.482	12046.682	12046.921
2	21	1	1	58	1	2	1	28	1	1	4	1	0.5197352	27	12048.491	12048.691	12048.691	12048.891	12049.211
2	21	1	1	59	1	2	1	29	4	1	5	1	0.68872227	28	12050.7	12050.9	12050.9	12051.1	12051.589
2	21	1	1	60	1	2	1	30	1	2	4	1	0.66929437	29	12052.91	12053.51	12053.51	12053.71	12054.18
2	21	1	1	61	1	6	2	1	5	1	7	1	0.90860127	30	12081.144	12081.344	12081.344	12081.544	12082.253
2	21	1	1	62	1	6	2	2	6	2	8	1	0.81656801	31	12083.354	12083.954	12083.954	12084.154	12084.771
2	21	1	1	63	1	6	2	3	4	2	6	1	1.2248974	32	12085.965	12086.565	12086.565	12086.765	12087.789
2	21	1	1	64	1	6	2	4	1	2	1	1	0.83813925	33	12088.575	12089.175	12089.175	12089.375	12090.013
2	21	1	1	65	1	6	2	5	1	2	1	1	0.71792218	34	12091.183	12091.783	12091.783	12091.983	12092.501
2	21	1	1	66	1	6	2	6	4	2	6	1	1.5933801	35	12093.793	12094.393	12094.393	12094.593	12095.986
2	21	1	1	67	1	6	2	7	3	2	2	0	0.79422298	35	12096.403	12097.003	12097.003	12097.203	12097.797
2	21	1	1	68	1	6	2	8	2	1	0	0	-12099.514	35	12099.314	12099.514	12099.514	12099.714	0
2	21	1	1	69	1	6	2	9	2	1	2	1	1.8656981	36	12101.824	12102.024	12102.024	12102.224	12103.89
2	21	1	1	70	1	6	2	10	6	1	1	1	1.5626002	37	12104.034	12104.234	12104.234	12104.434	12105.796
2	21	1	1	71	1	6	2	11	3	2	3	1	1.8879034	38	12106.243	12106.843	12106.843	12107.043	12108.731
2	21	1	1	72	1	6	2	12	1	1	1	1	0.87780888	39	12108.851	12109.051	12109.051	12109.251	12109.929
2	21	1	1	73	1	6	2	13	3	2	3	1	1.619151	40	12111.126	12111.726	12111.726	12111.926	12113.345
2	21	1	1	74	1	6	2	14	2	1	2	1	1.4189224	41	12113.736	12113.936	12113.936	12114.136	12115.355
2	21	1	1	75	1	6	2	15	4	1	6	1	1.0428752	42	12115.946	12116.146	12116.146	12116.346	12117.189
2	21	1	1	76	1	6	2	16	2	2	2	1	1.2844128	43	12118.157	12118.757	12118.757	12118.957	12120.042
2	21	1	1	77	1	6	2	17	3	1	3	1	0.81311867	44	12120.767	12120.967	12120.967	12121.168	12121.781
2	21	1	1	78	1	6	2	18	5	1	7	1	1.0347581	45	12122.978	12123.178	12123.178	12123.378	12124.213
2	21	1	1	79	1	6	2	19	4	1	6	1	1.0073661	46	12125.189	12125.389	12125.389	12125.589	12126.397
2	21	1	1	80	1	6	2	20	5	2	7	1	0.97766732	47	12127.4	12128	12128	12128.2	12128.978
2	21	1	1	81	1	6	2	21	2	1	2	1	1.84361	48	12130.011	12130.211	12130.211	12130.411	12132.054
2	21	1	1	82	1	6	2	22	6	2	8	1	1.5659351	49	12132.223	12132.823	12132.823	12133.023	12134.389
2	21	1	1	83	1	6	2	23	3	2	2	0	1.4283303	49	12134.831	12135.431	12135.431	12135.631	12136.859
2	21	1	1	84	1	6	2	24	6	2	8	1	0.99939707	50	12137.75	12138.35	12138.35	12138.55	12139.349
2	21	1	1	85	1	6	2	25	5	2	7	1	0.78724443	51	12140.361	12140.961	12140.961	12141.161	12141.748
2	21	1	1	86	1	6	2	26	5	1	7	1	1.0999488	52	12142.969	12143.169	12143.169	12143.369	12144.269
2	21	1	1	87	1	6	2	27	6	1	8	1	1.0313146	53	12145.18	12145.38	12145.38	12145.58	12146.411
2	21	1	1	88	1	6	2	28	1	1	1	1	0.93835588	54	12147.391	12147.591	12147.591	12147.791	12148.53
2	21	1	1	89	1	6	2	29	4	1	0	0	-12149.802	54	12149.602	12149.802	12149.802	12150.002	0
2	21	1	1	90	1	6	2	30	1	2	1	1	0.84461449	55	12152.111	12152.711	12152.711	12152.911	12153.556
2	21	1	1	91	1	2	2	1	1	1	4	1	0.8734167	1	12165.538	12165.738	12165.738	12165.938	12166.612
2	21	1	1	92	1	2	2	2	5	2	5	1	0.58276622	2	12167.749	12168.349	12168.349	12168.549	12168.932
2	21	1	1	93	1	2	2	3	1	2	4	1	0.61398414	3	12170.358	12170.958	12170.958	12171.158	12171.572
2	21	1	1	94	1	2	2	4	1	2	4	1	0.70089403	4	12172.968	12173.568	12173.568	12173.768	12174.269
2	21	1	1	95	1	2	2	5	6	2	5	1	0.49808651	5	12175.577	12176.177	12176.177	12176.377	12176.675
2	21	1	1	96	1	2	2	6	1	2	4	1	0.52678217	6	12178.188	12178.788	12178.788	12178.988	12179.315
2	21	1	1	97	1	2	2	7	2	2	4	1	0.65816657	7	12180.8	12181.4	12181.4	12181.6	12182.058
2	21	1	1	98	1	2	2	8	5	1	5	1	0.58377957	8	12183.412	12183.612	12183.612	12183.812	12184.196
2	21	1	1	99	1	2	2	9	2	1	4	1	0.6597155	9	12185.624	12185.824	12185.824	12186.024	12186.483
2	21	1	1	100	1	2	2	10	5	1	5	1	0.53904076	10	12187.833	12188.033	12188.033	12188.233	12188.572
2	21	1	1	101	1	2	2	11	1	2	4	1	0.53493474	11	12190.045	12190.645	12190.645	12190.845	12191.18
2	21	1	1	102	1	2	2	12	4	1	5	1	0.396769	12	12192.655	12192.855	12192.855	12193.055	12193.252
2	21	1	1	103	1	2	2	13	6	2	5	1	0.7431107	13	12194.867	12195.467	12195.467	12195.667	12196.21
2	21	1	1	104	1	2	2	14	2	1	4	1	0.45023818	14	12197.478	12197.678	12197.678	12197.878	12198.129
2	21	1	1	105	1	2	2	15	6	1	5	1	0.64789628	15	12199.69	12199.89	12199.89	12200.09	12200.538
2	21	1	1	106	1	2	2	16	4	2	5	1	0.48721299	16	12201.902	12202.502	12202.502	12202.702	12202.989
2	21	1	1	107	1	2	2	17	3	1	4	1	0.51525841	17	12204.511	12204.711	12204.711	12204.911	12205.226
2	21	1	1	108	1	2	2	18	2	1	4	1	0.4221435	18	12206.726	12206.926	12206.926	12207.126	12207.348
2	21	1	1	109	1	2	2	19	5	1	5	1	0.45101213	19	12208.938	12209.138	12209.138	12209.338	12209.589
2	21	1	1	110	1	2	2	20	3	2	4	1	0.6607263	20	12211.15	12211.75	12211.75	12211.95	12212.411
2	21	1	1	111	1	2	2	21	6	1	5	1	0.58401837	21	12213.763	12213.963	12213.963	12214.163	12214.547
2	21	1	1	112	1	2	2	22	4	2	5	1	0.79057053	22	12215.975	12216.575	12216.575	12216.775	12217.365
2	21	1	1	113	1	2	2	23	4	2	5	1	0.62532363	23	12218.587	12219.187	12219.187	12219.387	12219.812
2	21	1	1	114	1	2	2	24	2	2	4	1	0.59381544	24	12221.199	12221.799	12221.799	12221.999	12222.393
2	21	1	1	115	1	2	2	25	3	2	4	1	0.55910169	25	12223.811	12224.411	12224.411	12224.611	12224.97
2	21	1	1	116	1	2	2	26	6	1	5	1	0.62845167	26	12226.424	12226.624	12226.624	12226.824	12227.252
2	21	1	1	117	1	2	2	27	5	1	5	1	0.67347331	27	12228.636	12228.836	12228.836	12229.036	12229.509
2	21	1	1	118	1	2	2	28	3	1	4	1	0.44667928	28	12230.846	12231.046	12231.046	12231.246	12231.492
2	21	1	1	119	1	2	2	29	3	1	4	1	0.40225981	29	12233.057	12233.257	12233.257	12233.457	12233.659
2	21	1	1	120	1	2	2	30	4	2	5	1	0.57486404	30	12235.269	12235.869	12235.869	12236.069	12236.443
2	21	1	1	121	1	6	3	1	1	1	1	1	0.72443623	31	12255.814	12256.014	12256.014	12256.214	12256.739
2	21	1	1	122	1	6	3	2	5	2	7	1	0.74249113	32	12258.027	12258.627	12258.627	12258.827	12259.369
2	21	1	1	123	1	6	3	3	1	2	1	1	0.81115737	33	12260.64	12261.24	12261.24	12261.44	12262.051
2	21	1	1	124	1	6	3	4	1	2	1	1	0.67872196	34	12263.252	12263.852	12263.852	12264.052	12264.531
2	21	1	1	125	1	6	3	5	6	2	8	1	0.88181709	35	12265.864	12266.465	12266.465	12266.665	12267.346
2	21	1	1	126	1	6	3	6	1	2	1	1	0.85226192	36	12268.477	12269.077	12269.077	12269.277	12269.93
2	21	1	1	127	1	6	3	7	2	2	0	0	-12271.69	36	12271.09	12271.69	12271.69	12271.89	0
2	21	1	1	128	1	6	3	8	5	1	0	0	-12274.203	36	12274.003	12274.203	12274.203	12274.403	0
2	21	1	1	129	1	6	3	9	2	1	2	1	0.70513718	37	12276.516	12276.716	12276.716	12276.916	12277.421
2	21	1	1	130	1	6	3	10	5	1	7	1	0.86676248	38	12278.728	12278.928	12278.928	12279.128	12279.795
2	21	1	1	131	1	6	3	11	1	2	1	1	0.92418676	39	12280.941	12281.541	12281.541	12281.741	12282.465
2	21	1	1	132	1	6	3	12	4	1	6	1	1.2409729	40	12283.554	12283.754	12283.754	12283.954	12284.995
2	21	1	1	133	1	6	3	13	6	2	8	1	1.0768884	41	12285.767	12286.367	12286.367	12286.567	12287.444
2	21	1	1	134	1	6	3	14	2	1	2	1	1.3038961	42	12288.378	12288.578	12288.578	12288.778	12289.882
2	21	1	1	135	1	6	3	15	6	1	8	1	1.202491	43	12290.591	12290.791	12290.791	12290.991	12291.993
2	21	1	1	136	1	6	3	16	4	2	6	1	0.92049481	44	12292.804	12293.404	12293.404	12293.604	12294.324
2	21	1	1	137	1	6	3	17	3	1	2	0	1.1095467	44	12295.416	12295.616	12295.616	12295.816	12296.725
2	21	1	1	138	1	6	3	18	2	1	0	0	-12298.129	44	12297.929	12298.129	12298.129	12298.329	0
2	21	1	1	139	1	6	3	19	5	1	7	1	1.1369983	45	12300.443	12300.643	12300.643	12300.843	12301.78
2	21	1	1	140	1	6	3	20	3	2	3	1	0.78563617	46	12302.657	12303.257	12303.257	12303.457	12304.042
2	21	1	1	141	1	6	3	21	6	1	8	1	0.93591763	47	12305.268	12305.468	12305.468	12305.668	12306.404
2	21	1	1	142	1	6	3	22	4	2	6	1	1.0038854	48	12307.481	12308.081	12308.081	12308.281	12309.085
2	21	1	1	143	1	6	3	23	4	2	6	1	0.66988594	49	12310.093	12310.693	12310.693	12310.893	12311.362
2	21	1	1	144	1	6	3	24	2	2	2	1	1.8911805	50	12312.704	12313.304	12313.304	12313.504	12315.195
2	21	1	1	145	1	6	3	25	3	2	3	1	1.5391122	51	12315.345	12315.945	12315.945	12316.145	12317.484
2	21	1	1	146	1	6	3	26	6	1	8	1	0.84995945	52	12317.959	12318.159	12318.159	12318.359	12319.009
2	21	1	1	147	1	6	3	27	5	1	7	1	0.84633468	53	12320.173	12320.373	12320.373	12320.573	12321.219
2	21	1	1	148	1	6	3	28	3	1	3	1	1.014199	54	12322.387	12322.587	12322.587	12322.787	12323.601
2	21	1	1	149	1	6	3	29	3	1	3	1	0.74895232	55	12324.598	12324.798	12324.798	12324.998	12325.547
2	21	1	1	150	1	6	3	30	4	2	2	0	0.95745473	55	12326.812	12327.412	12327.412	12327.612	12328.369
2	21	1	1	151	1	2	3	1	6	1	5	1	0.70484557	1	12340.348	12340.548	12340.548	12340.748	12341.253
2	21	1	1	152	1	2	3	2	4	2	5	1	0.77769913	2	12342.562	12343.162	12343.162	12343.362	12343.94
2	21	1	1	153	1	2	3	3	1	2	4	1	0.54718715	3	12345.176	12345.776	12345.776	12345.976	12346.323
2	21	1	1	154	1	2	3	4	3	2	4	1	0.73807853	4	12347.787	12348.387	12348.387	12348.587	12349.125
2	21	1	1	155	1	2	3	5	3	2	4	1	0.69042489	5	12350.401	12351.001	12351.001	12351.201	12351.691
2	21	1	1	156	1	2	3	6	4	2	5	1	0.64662244	6	12353.013	12353.613	12353.613	12353.813	12354.26
2	21	1	1	157	1	2	3	7	3	2	4	1	0.53466908	7	12355.627	12356.227	12356.227	12356.427	12356.762
2	21	1	1	158	1	2	3	8	2	1	4	1	0.63399939	8	12358.241	12358.441	12358.441	12358.641	12359.075
2	21	1	1	159	1	2	3	9	2	1	4	1	0.53366899	9	12360.453	12360.653	12360.653	12360.853	12361.187
2	21	1	1	160	1	2	3	10	4	1	5	1	0.52795105	10	12362.666	12362.866	12362.866	12363.066	12363.394
2	21	1	1	161	1	2	3	11	6	2	5	1	0.5397552	11	12364.88	12365.48	12365.48	12365.68	12366.02
2	21	1	1	162	1	2	3	12	4	1	5	1	0.52543374	12	12367.495	12367.695	12367.695	12367.895	12368.22
2	21	1	1	163	1	2	3	13	6	2	5	1	0.52771958	13	12369.709	12370.309	12370.309	12370.509	12370.837
2	21	1	1	164	1	2	3	14	2	1	4	1	0.56264366	14	12372.408	12372.608	12372.608	12372.808	12373.171
2	21	1	1	165	1	2	3	15	5	1	5	1	0.48954023	15	12374.622	12374.822	12374.822	12375.022	12375.312
2	21	1	1	166	1	2	3	16	5	2	5	1	0.56376991	16	12376.837	12377.437	12377.437	12377.637	12378.001
2	21	1	1	167	1	2	3	17	1	1	4	1	0.52959501	17	12379.452	12379.652	12379.652	12379.852	12380.181
2	21	1	1	168	1	2	3	18	1	1	4	1	0.81222291	18	12381.664	12381.864	12381.864	12382.064	12382.676
2	21	1	1	169	1	2	3	19	5	1	5	1	0.56481871	19	12383.878	12384.078	12384.078	12384.278	12384.643
2	21	1	1	170	1	2	3	20	5	2	5	1	0.45278067	20	12386.092	12386.692	12386.692	12386.892	12387.145
2	21	1	1	171	1	2	3	21	3	1	4	1	0.51979649	21	12388.707	12388.907	12388.907	12389.107	12389.427
2	21	1	1	172	1	2	3	22	2	2	4	1	0.69854427	22	12390.921	12391.521	12391.521	12391.721	12392.22
2	21	1	1	173	1	2	3	23	1	2	4	1	0.65127846	23	12393.534	12394.134	12394.134	12394.334	12394.785
2	21	1	1	174	1	2	3	24	2	2	4	1	0.69496022	24	12396.147	12396.747	12396.747	12396.947	12397.442
2	21	1	1	175	1	2	3	25	4	2	5	1	0.51615291	25	12398.76	12399.36	12399.36	12399.56	12399.876
2	21	1	1	176	1	2	3	26	1	1	4	1	0.51460752	26	12401.375	12401.575	12401.575	12401.775	12402.09
2	21	1	1	177	1	2	3	27	3	1	4	1	0.53848004	27	12403.591	12403.791	12403.791	12403.991	12404.329
2	21	1	1	178	1	2	3	28	5	1	5	1	0.58073835	28	12405.806	12406.006	12406.006	12406.206	12406.587
2	21	1	1	179	1	2	3	29	6	1	5	1	0.71118618	29	12408.021	12408.221	12408.221	12408.421	12408.932
2	21	1	1	180	1	2	3	30	6	2	5	1	0.50550653	30	12410.236	12410.836	12410.836	12411.036	12411.341
2	21	1	1	181	2	6	4	1	6	1	8	1	1.039234	31	12808.587	12808.787	12808.787	12808.987	12809.827
2	21	1	1	182	2	6	4	2	4	2	6	1	0.92361803	32	12810.803	12811.403	12811.403	12811.603	12812.326
2	21	1	1	183	2	6	4	3	1	2	1	1	0.97748351	33	12813.418	12814.018	12814.018	12814.218	12814.995
2	21	1	1	184	2	6	4	4	3	2	3	1	1.8193453	34	12816.034	12816.634	12816.634	12816.834	12818.453
2	21	1	1	185	2	6	4	5	3	2	3	1	0.60080839	35	12818.65	12819.25	12819.25	12819.45	12819.85
2	21	1	1	186	2	6	4	6	4	2	6	1	1.1761696	36	12821.265	12821.865	12821.865	12822.065	12823.041
2	21	1	1	187	2	6	4	7	3	2	3	1	1.1484315	37	12823.88	12824.48	12824.48	12824.68	12825.629
2	21	1	1	188	2	6	4	8	2	1	2	1	0.50592823	38	12826.496	12826.696	12826.696	12826.896	12827.202
2	21	1	1	189	2	6	4	9	2	1	2	1	1.65951	39	12828.711	12828.911	12828.911	12829.111	12830.57
2	21	1	1	190	2	6	4	10	4	1	6	1	0.9751559	40	12830.926	12831.126	12831.126	12831.326	12832.101
2	21	1	1	191	2	6	4	11	6	2	8	1	0.93172014	41	12833.142	12833.742	12833.742	12833.942	12834.674
2	21	1	1	192	2	6	4	12	4	1	6	1	1.2356411	42	12835.757	12835.957	12835.957	12836.157	12837.193
2	21	1	1	193	2	6	4	13	6	2	8	1	0.77929806	43	12837.975	12838.575	12838.575	12838.775	12839.355
2	21	1	1	194	2	6	4	14	2	1	2	1	0.85283363	44	12840.59	12840.79	12840.79	12840.99	12841.643
2	21	1	1	195	2	6	4	15	5	1	7	1	0.78036712	45	12842.806	12843.006	12843.006	12843.206	12843.786
2	21	1	1	196	2	6	4	16	5	2	7	1	0.79932021	46	12845.022	12845.622	12845.622	12845.822	12846.421
2	21	1	1	197	2	6	4	17	1	1	1	1	1.1612271	47	12847.635	12847.835	12847.835	12848.035	12848.996
2	21	1	1	198	2	6	4	18	1	1	1	1	0.72828654	48	12849.851	12850.051	12850.051	12850.251	12850.779
2	21	1	1	199	2	6	4	19	5	1	7	1	0.84495052	49	12852.064	12852.264	12852.264	12852.464	12853.109
2	21	1	1	200	2	6	4	20	5	2	7	1	0.76919872	50	12854.281	12854.881	12854.881	12855.081	12855.65
2	21	1	1	201	2	6	4	21	3	1	3	1	1.5002244	51	12856.895	12857.095	12857.095	12857.295	12858.595
2	21	1	1	202	2	6	4	22	2	2	2	1	0.69272405	52	12859.111	12859.711	12859.711	12859.911	12860.404
2	21	1	1	203	2	6	4	23	1	2	1	1	1.4929618	53	12861.724	12862.324	12862.324	12862.524	12863.817
2	21	1	1	204	2	6	4	24	2	2	2	1	1.4090052	54	12864.34	12864.94	12864.94	12865.14	12866.349
2	21	1	1	205	2	6	4	25	4	2	6	1	0.87086657	55	12866.956	12867.556	12867.556	12867.756	12868.427
2	21	1	1	206	2	6	4	26	1	1	1	1	0.95197784	56	12869.573	12869.773	12869.773	12869.973	12870.725
2	21	1	1	207	2	6	4	27	3	1	3	1	1.8919132	57	12871.789	12871.989	12871.989	12872.189	12873.881
2	21	1	1	208	2	6	4	28	5	1	7	1	0.85159417	58	12874.008	12874.208	12874.208	12874.408	12875.06
2	21	1	1	209	2	6	4	29	6	1	8	1	0.77407464	59	12876.223	12876.423	12876.423	12876.623	12877.197
2	21	1	1	210	2	6	4	30	6	2	8	1	0.74020279	60	12878.44	12879.04	12879.04	12879.24	12879.78
2	21	1	1	211	2	2	4	1	4	1	5	1	0.69276291	1	12909.116	12909.316	12909.316	12909.516	12910.009
2	21	1	1	212	2	2	4	2	3	2	4	1	0.6235359	2	12911.333	12911.933	12911.933	12912.133	12912.556
2	21	1	1	213	2	2	4	3	4	2	5	1	0.52796937	3	12913.949	12914.549	12914.549	12914.749	12915.077
2	21	1	1	214	2	2	4	4	4	2	5	1	0.57099602	4	12916.566	12917.166	12917.166	12917.366	12917.737
2	21	1	1	215	2	2	4	5	3	2	4	1	1.1325859	5	12919.181	12919.781	12919.781	12919.981	12920.913
2	21	1	1	216	2	2	4	6	2	2	4	1	0.56435167	6	12921.797	12922.397	12922.397	12922.597	12922.962
2	21	1	1	217	2	2	4	7	1	2	4	1	0.55667863	7	12924.414	12925.014	12925.014	12925.214	12925.571
2	21	1	1	218	2	2	4	8	6	1	5	1	1.4844901	8	12927.031	12927.231	12927.231	12927.431	12928.715
2	21	1	1	219	2	2	4	9	1	1	4	1	0.64142297	9	12929.248	12929.448	12929.448	12929.648	12930.089
2	21	1	1	220	2	2	4	10	5	1	5	1	0.5056909	10	12931.465	12931.665	12931.665	12931.865	12932.171
2	21	1	1	221	2	2	4	11	6	2	5	1	0.56913834	11	12933.683	12934.283	12934.283	12934.483	12934.852
2	21	1	1	222	2	2	4	12	6	1	5	1	0.47632888	12	12936.3	12936.5	12936.5	12936.7	12936.976
2	21	1	1	223	2	2	4	13	4	2	5	1	0.59737884	13	12938.517	12939.117	12939.117	12939.317	12939.715
2	21	1	1	224	2	2	4	14	3	1	4	1	0.48508926	14	12941.135	12941.335	12941.335	12941.535	12941.82
2	21	1	1	225	2	2	4	15	5	1	5	1	0.43180186	15	12943.349	12943.549	12943.549	12943.749	12943.981
2	21	1	1	226	2	2	4	16	6	2	5	1	0.46146186	16	12945.566	12946.166	12946.166	12946.366	12946.628
2	21	1	1	227	2	2	4	17	3	1	4	1	0.52521477	17	12948.18	12948.38	12948.38	12948.58	12948.905
2	21	1	1	228	2	2	4	18	2	1	4	1	0.55389778	18	12950.395	12950.595	12950.595	12950.795	12951.148
2	21	1	1	229	2	2	4	19	5	1	5	1	0.51026406	19	12952.612	12952.812	12952.812	12953.012	12953.322
2	21	1	1	230	2	2	4	20	1	2	4	1	0.42798431	20	12954.829	12955.429	12955.429	12955.629	12955.857
2	21	1	1	231	2	2	4	21	1	1	4	1	0.60258478	21	12957.446	12957.646	12957.646	12957.846	12958.249
2	21	1	1	232	2	2	4	22	2	2	4	1	0.51437126	22	12959.664	12960.264	12960.264	12960.464	12960.778
2	21	1	1	233	2	2	4	23	4	2	5	1	0.49635465	23	12962.282	12962.882	12962.882	12963.082	12963.378
2	21	1	1	234	2	2	4	24	2	2	4	1	0.53353804	24	12964.9	12965.5	12965.5	12965.7	12966.034
2	21	1	1	235	2	2	4	25	3	2	4	1	0.52782075	25	12967.517	12968.117	12968.117	12968.317	12968.645
2	21	1	1	236	2	2	4	26	5	1	5	1	0.62839345	26	12970.136	12970.336	12970.336	12970.536	12970.965
2	21	1	1	237	2	2	4	27	1	1	4	1	0.46429668	27	12972.355	12972.555	12972.555	12972.755	12973.019
2	21	1	1	238	2	2	4	28	5	1	5	1	0.52782961	28	12974.574	12974.774	12974.774	12974.974	12975.301
2	21	1	1	239	2	2	4	29	2	1	4	1	0.57389431	29	12976.789	12976.989	12976.989	12977.189	12977.563
2	21	1	1	240	2	2	4	30	6	2	5	1	0.39699478	30	12979.007	12979.607	12979.607	12979.807	12980.004
2	21	1	1	241	2	6	5	1	4	1	6	1	0.94817177	31	13009.705	13009.905	13009.905	13010.105	13010.853
2	21	1	1	242	2	6	5	2	3	2	3	1	1.2052689	32	13011.924	13012.524	13012.524	13012.724	13013.729
2	21	1	1	243	2	6	5	3	4	2	6	1	0.60999793	33	13014.543	13015.143	13015.143	13015.343	13015.753
2	21	1	1	244	2	6	5	4	4	2	6	1	1.608154	34	13017.162	13017.762	13017.762	13017.962	13019.37
2	21	1	1	245	2	6	5	5	3	2	3	1	0.99802293	35	13019.781	13020.381	13020.381	13020.581	13021.379
2	21	1	1	246	2	6	5	6	2	2	2	1	0.83539535	36	13022.401	13023.001	13023.001	13023.201	13023.837
2	21	1	1	247	2	6	5	7	1	2	1	1	0.76094389	37	13025.02	13025.62	13025.62	13025.82	13026.381
2	21	1	1	248	2	6	5	8	6	1	8	1	0.90254664	38	13027.635	13027.835	13027.835	13028.035	13028.737
2	21	1	1	249	2	6	5	9	1	1	1	1	0.9514454	39	13029.853	13030.053	13030.053	13030.253	13031.005
2	21	1	1	250	2	6	5	10	5	1	7	1	0.71507108	40	13032.072	13032.272	13032.272	13032.472	13032.987
2	21	1	1	251	2	6	5	11	6	2	8	1	0.73563855	41	13034.29	13034.89	13034.89	13035.09	13035.626
2	21	1	1	252	2	6	5	12	6	1	8	1	1.2530709	42	13036.909	13037.109	13037.109	13037.309	13038.362
2	21	1	1	253	2	6	5	13	4	2	6	1	1.2583289	43	13039.198	13039.798	13039.798	13039.998	13041.057
2	21	1	1	254	2	6	5	14	3	1	3	1	1.1865226	44	13041.817	13042.017	13042.017	13042.217	13043.204
2	21	1	1	255	2	6	5	15	5	1	7	1	0.72998027	45	13044.032	13044.232	13044.232	13044.432	13044.962
2	21	1	1	256	2	6	5	16	6	2	8	1	0.72224483	46	13046.251	13046.851	13046.851	13047.051	13047.573
2	21	1	1	257	2	6	5	17	3	1	3	1	1.0158906	47	13048.87	13049.07	13049.07	13049.27	13050.086
2	21	1	1	258	2	6	5	18	2	1	2	1	0.66711239	48	13051.088	13051.288	13051.288	13051.488	13051.955
2	21	1	1	259	2	6	5	19	5	1	7	1	0.74070675	49	13053.309	13053.509	13053.509	13053.709	13054.249
2	21	1	1	260	2	6	5	20	1	2	1	1	0.97372502	50	13055.528	13056.128	13056.128	13056.328	13057.101
2	21	1	1	261	2	6	5	21	1	1	1	1	0.67066742	51	13058.148	13058.348	13058.348	13058.548	13059.019
2	21	1	1	262	2	6	5	22	2	2	2	1	0.75497268	52	13060.367	13060.967	13060.967	13061.167	13061.722
2	21	1	1	263	2	6	5	23	4	2	6	1	1.1231807	53	13062.986	13063.586	13063.586	13063.786	13064.709
2	21	1	1	264	2	6	5	24	2	2	2	1	0.83699026	54	13065.605	13066.205	13066.205	13066.405	13067.042
2	21	1	1	265	2	6	5	25	3	2	3	1	0.75296894	55	13068.224	13068.824	13068.824	13069.024	13069.577
2	21	1	1	266	2	6	5	26	5	1	7	1	0.72628265	56	13070.843	13071.043	13071.043	13071.243	13071.77
2	21	1	1	267	2	6	5	27	1	1	1	1	0.95143939	57	13073.061	13073.261	13073.261	13073.461	13074.212
2	21	1	1	268	2	6	5	28	5	1	7	1	0.75158883	58	13075.277	13075.477	13075.477	13075.677	13076.228
2	21	1	1	269	2	6	5	29	2	1	2	1	0.89285002	59	13077.496	13077.696	13077.696	13077.896	13078.589
2	21	1	1	270	2	6	5	30	6	2	8	1	0.8282406	60	13079.715	13080.315	13080.315	13080.515	13081.143
2	21	1	1	271	2	2	5	1	2	1	4	1	0.6739231	1	13110.394	13110.594	13110.594	13110.794	13111.268
2	21	1	1	272	2	2	5	2	4	2	5	1	0.53907758	2	13112.614	13113.214	13113.214	13113.414	13113.753
2	21	1	1	273	2	2	5	3	6	2	5	1	0.43245048	3	13115.233	13115.833	13115.833	13116.033	13116.266
2	21	1	1	274	2	2	5	4	5	2	5	1	0.49211052	4	13117.853	13118.453	13118.453	13118.653	13118.945
2	21	1	1	275	2	2	5	5	5	2	5	1	0.48686224	5	13120.469	13121.069	13121.069	13121.269	13121.556
2	21	1	1	276	2	2	5	6	1	2	4	1	0.50732908	6	13123.088	13123.688	13123.688	13123.888	13124.196
2	21	1	1	277	2	2	5	7	5	2	5	1	0.61556808	7	13125.708	13126.308	13126.308	13126.508	13126.924
2	21	1	1	278	2	2	5	8	6	1	5	1	0.67521407	8	13128.328	13128.528	13128.528	13128.728	13129.204
2	21	1	1	279	2	2	5	9	2	1	4	1	0.50379012	9	13130.548	13130.748	13130.748	13130.948	13131.252
2	21	1	1	280	2	2	5	10	3	1	4	1	0.43280793	10	13132.768	13132.968	13132.968	13133.168	13133.4
2	21	1	1	281	2	2	5	11	4	2	5	1	0.6234245	11	13134.988	13135.588	13135.588	13135.788	13136.212
2	21	1	1	282	2	2	5	12	6	1	5	1	0.54016169	12	13137.608	13137.808	13137.808	13138.008	13138.348
2	21	1	1	283	2	2	5	13	5	2	5	1	0.47857508	13	13139.83	13140.43	13140.43	13140.63	13140.908
2	21	1	1	284	2	2	5	14	3	1	4	1	0.56970255	14	13142.449	13142.649	13142.649	13142.849	13143.219
2	21	1	1	285	2	2	5	15	3	1	4	1	0.61815857	15	13144.666	13144.866	13144.866	13145.066	13145.484
2	21	1	1	286	2	2	5	16	2	2	4	1	0.56325071	16	13146.886	13147.486	13147.486	13147.686	13148.05
2	21	1	1	287	2	2	5	17	4	1	5	1	0.65042498	17	13149.506	13149.706	13149.706	13149.906	13150.356
2	21	1	1	288	2	2	5	18	2	1	4	1	0.5880328	18	13151.726	13151.926	13151.926	13152.126	13152.514
2	21	1	1	289	2	2	5	19	1	1	4	1	0.58326621	19	13153.947	13154.147	13154.147	13154.347	13154.73
2	21	1	1	290	2	2	5	20	6	2	5	1	0.52210652	20	13156.167	13156.767	13156.767	13156.967	13157.289
2	21	1	1	291	2	2	5	21	1	1	4	1	0.63167594	21	13158.786	13158.986	13158.986	13159.186	13159.618
2	21	1	1	292	2	2	5	22	5	2	5	1	0.53436234	22	13161.004	13161.604	13161.604	13161.804	13162.139
2	21	1	1	293	2	2	5	23	1	2	4	1	0.70512462	23	13163.624	13164.224	13164.224	13164.424	13164.93
2	21	1	1	294	2	2	5	24	1	2	4	1	0.57091275	24	13166.242	13166.842	13166.842	13167.042	13167.413
2	21	1	1	295	2	2	5	25	6	2	5	1	0.71216171	25	13168.859	13169.459	13169.459	13169.659	13170.171
2	21	1	1	296	2	2	5	26	4	1	5	1	0.55327068	26	13171.48	13171.68	13171.68	13171.88	13172.233
2	21	1	1	297	2	2	5	27	3	1	4	1	0.51753533	27	13173.701	13173.901	13173.901	13174.101	13174.418
2	21	1	1	298	2	2	5	28	2	1	4	1	0.59475481	28	13175.921	13176.121	13176.121	13176.321	13176.716
2	21	1	1	299	2	2	5	29	3	1	4	1	0.50038562	29	13178.142	13178.342	13178.342	13178.542	13178.842
2	21	1	1	300	2	2	5	30	4	2	5	1	0.50509997	30	13180.364	13180.964	13180.964	13181.164	13181.469
2	21	1	1	301	2	6	6	1	2	1	2	1	1.0031662	31	13211.063	13211.263	13211.263	13211.463	13212.267
2	21	1	1	302	2	6	6	2	4	2	6	1	0.78380649	32	13213.285	13213.885	13213.885	13214.085	13214.668
2	21	1	1	303	2	6	6	3	6	2	8	1	0.59857734	33	13215.906	13216.506	13216.506	13216.706	13217.104
2	21	1	1	304	2	6	6	4	5	2	7	1	0.81809836	34	13218.527	13219.127	13219.127	13219.327	13219.945
2	21	1	1	305	2	6	6	5	5	2	7	1	0.55755219	35	13221.148	13221.748	13221.748	13221.948	13222.306
2	21	1	1	306	2	6	6	6	1	2	1	1	0.7056635	36	13223.769	13224.369	13224.369	13224.569	13225.074
2	21	1	1	307	2	6	6	7	5	2	7	1	0.68766355	37	13226.389	13226.989	13226.989	13227.189	13227.677
2	21	1	1	308	2	6	6	8	6	1	8	1	0.91953537	38	13229.009	13229.209	13229.209	13229.409	13230.129
2	21	1	1	309	2	6	6	9	2	1	2	1	0.81491657	39	13231.229	13231.429	13231.429	13231.629	13232.244
2	21	1	1	310	2	6	6	10	3	1	3	1	0.78214535	40	13233.451	13233.651	13233.651	13233.851	13234.433
2	21	1	1	311	2	6	6	11	4	2	6	1	0.85201618	41	13235.672	13236.272	13236.272	13236.472	13237.124
2	21	1	1	312	2	6	6	12	6	1	8	1	0.8140483	42	13238.294	13238.494	13238.494	13238.694	13239.308
2	21	1	1	313	2	6	6	13	5	2	7	1	0.72169942	43	13240.515	13241.115	13241.115	13241.315	13241.837
2	21	1	1	314	2	6	6	14	3	1	3	1	0.79136593	44	13243.134	13243.334	13243.334	13243.534	13244.125
2	21	1	1	315	2	6	6	15	3	1	3	1	0.78078369	45	13245.355	13245.555	13245.555	13245.755	13246.336
2	21	1	1	316	2	6	6	16	2	2	2	1	0.72215497	46	13247.577	13248.177	13248.177	13248.377	13248.899
2	21	1	1	317	2	6	6	17	4	1	6	1	0.8367166	47	13250.198	13250.398	13250.398	13250.598	13251.235
2	21	1	1	318	2	6	6	18	2	1	2	1	0.86597541	48	13252.447	13252.647	13252.647	13252.847	13253.513
2	21	1	1	319	2	6	6	19	1	1	1	1	0.86747834	49	13254.666	13254.866	13254.866	13255.066	13255.733
2	21	1	1	320	2	6	6	20	6	2	8	1	0.70927662	50	13256.887	13257.487	13257.487	13257.687	13258.196
2	21	1	1	321	2	6	6	21	1	1	1	1	0.80724867	51	13259.509	13259.709	13259.709	13259.909	13260.516
2	21	1	1	322	2	6	6	22	5	2	7	1	0.65895483	52	13261.729	13262.329	13262.329	13262.529	13262.988
2	21	1	1	323	2	6	6	23	1	2	1	1	0.90934424	53	13264.348	13264.948	13264.948	13265.148	13265.858
2	21	1	1	324	2	6	6	24	1	2	1	1	0.77314794	54	13266.967	13267.567	13267.567	13267.767	13268.34
2	21	1	1	325	2	6	6	25	6	2	8	1	0.80780164	55	13269.588	13270.188	13270.188	13270.388	13270.996
2	21	1	1	326	2	6	6	26	4	1	6	1	1.5200528	56	13272.21	13272.41	13272.41	13272.61	13273.93
2	21	1	1	327	2	6	6	27	3	1	3	1	0.80028937	57	13274.435	13274.635	13274.635	13274.835	13275.435
2	21	1	1	328	2	6	6	28	2	1	2	1	0.72664518	58	13276.654	13276.854	13276.854	13277.054	13277.581
2	21	1	1	329	2	6	6	29	3	1	3	1	0.84540955	59	13278.876	13279.076	13279.076	13279.276	13279.921
2	21	1	1	330	2	6	6	30	4	2	6	1	0.67236166	60	13281.098	13281.698	13281.698	13281.898	13282.371
2	21	1	1	331	2	2	6	1	2	1	4	1	0.65333569	1	13311.783	13311.983	13311.983	13312.183	13312.636
2	21	1	1	332	2	2	6	2	1	2	4	1	0.42059206	2	13314.005	13314.605	13314.605	13314.805	13315.026
2	21	1	1	333	2	2	6	3	5	2	5	1	0.50402205	3	13316.627	13317.227	13317.227	13317.427	13317.731
2	21	1	1	334	2	2	6	4	4	2	5	1	0.53770591	4	13319.25	13319.85	13319.85	13320.05	13320.387
2	21	1	1	335	2	2	6	5	3	2	4	1	0.49975187	5	13321.871	13322.471	13322.471	13322.671	13322.971
2	21	1	1	336	2	2	6	6	5	2	5	1	0.60423948	6	13324.534	13325.134	13325.134	13325.334	13325.738
2	21	1	1	337	2	2	6	7	3	2	4	1	0.55926481	7	13327.157	13327.757	13327.757	13327.957	13328.316
2	21	1	1	338	2	2	6	8	4	1	5	1	0.43715786	8	13329.781	13329.981	13329.981	13330.181	13330.419
2	21	1	1	339	2	2	6	9	5	1	5	1	0.53726818	9	13332.003	13332.203	13332.203	13332.403	13332.741
2	21	1	1	340	2	2	6	10	4	1	5	1	0.50346794	10	13334.226	13334.426	13334.426	13334.626	13334.929
2	21	1	1	341	2	2	6	11	2	2	4	1	0.42976638	11	13336.454	13337.054	13337.054	13337.254	13337.484
2	21	1	1	342	2	2	6	12	1	1	4	1	0.49236137	12	13339.077	13339.277	13339.277	13339.477	13339.77
2	21	1	1	343	2	2	6	13	1	2	4	1	0.4227318	13	13341.3	13341.9	13341.9	13342.1	13342.322
2	21	1	1	344	2	2	6	14	6	1	5	1	0.47932625	14	13343.922	13344.122	13344.122	13344.322	13344.601
2	21	1	1	345	2	2	6	15	5	1	5	1	0.6238735	15	13346.147	13346.347	13346.347	13346.547	13346.971
2	21	1	1	346	2	2	6	16	6	2	5	1	0.47182022	16	13348.37	13348.97	13348.97	13349.17	13349.441
2	21	1	1	347	2	2	6	17	6	1	5	1	0.50651104	17	13350.992	13351.192	13351.192	13351.392	13351.699
2	21	1	1	348	2	2	6	18	2	1	4	1	0.40311877	18	13353.215	13353.415	13353.415	13353.615	13353.818
2	21	1	1	349	2	2	6	19	6	1	5	1	0.47960329	19	13355.438	13355.638	13355.638	13355.838	13356.117
2	21	1	1	350	2	2	6	20	3	2	4	1	0.55427261	20	13357.658	13358.258	13358.258	13358.458	13358.812
2	21	1	1	351	2	2	6	21	3	1	4	1	0.50208531	21	13360.284	13360.484	13360.484	13360.684	13360.986
2	21	1	1	352	2	2	6	22	3	2	4	1	0.57871798	22	13362.505	13363.105	13363.105	13363.305	13363.684
2	21	1	1	353	2	2	6	23	5	2	5	1	0.65293605	23	13365.129	13365.729	13365.729	13365.929	13366.381
2	21	1	1	354	2	2	6	24	4	2	5	1	0.58644382	24	13367.752	13368.352	13368.352	13368.552	13368.938
2	21	1	1	355	2	2	6	25	1	2	4	1	0.57836218	25	13370.375	13370.975	13370.975	13371.175	13371.553
2	21	1	1	356	2	2	6	26	2	1	4	1	0.55815599	26	13372.996	13373.196	13373.196	13373.396	13373.755
2	21	1	1	357	2	2	6	27	1	1	4	1	0.34315088	27	13375.22	13375.42	13375.42	13375.62	13375.763
2	21	1	1	358	2	2	6	28	6	1	5	1	0.51822093	28	13377.443	13377.643	13377.643	13377.843	13378.161
2	21	1	1	359	2	2	6	29	4	1	5	1	0.50044984	29	13379.662	13379.862	13379.862	13380.062	13380.363
2	21	1	1	360	2	2	6	30	2	2	4	1	0.44521549	30	13381.885	13382.485	13382.485	13382.685	13382.93
2	21	1	1	361	3	6	7	1	2	1	2	1	0.82851238	31	14462.929	14463.129	14463.129	14463.329	14463.957
2	21	1	1	362	3	6	7	2	1	2	1	1	0.72274852	32	14465.152	14465.752	14465.752	14465.952	14466.475
2	21	1	1	363	3	6	7	3	5	2	7	1	0.69360229	33	14467.776	14468.376	14468.376	14468.576	14469.069
2	21	1	1	364	3	6	7	4	4	2	6	1	0.9962028	34	14470.399	14470.999	14470.999	14471.199	14471.995
2	21	1	1	365	3	6	7	5	3	2	3	1	0.76548785	35	14473.024	14473.624	14473.624	14473.824	14474.389
2	21	1	1	366	3	6	7	6	5	2	7	1	0.66877299	36	14475.647	14476.247	14476.247	14476.447	14476.916
2	21	1	1	367	3	6	7	7	3	2	3	1	0.78281491	37	14478.325	14478.925	14478.925	14479.125	14479.708
2	21	1	1	368	3	6	7	8	4	1	6	1	0.88688258	38	14480.949	14481.149	14481.149	14481.349	14482.035
2	21	1	1	369	3	6	7	9	5	1	7	1	0.66818928	39	14483.173	14483.373	14483.373	14483.573	14484.042
2	21	1	1	370	3	6	7	10	4	1	6	1	0.99070144	40	14485.398	14485.598	14485.598	14485.798	14486.588
2	21	1	1	371	3	6	7	11	2	2	2	1	0.70993445	41	14487.622	14488.222	14488.222	14488.422	14488.932
2	21	1	1	372	3	6	7	12	1	1	1	1	0.55030418	42	14490.246	14490.446	14490.446	14490.646	14490.996
2	21	1	1	373	3	6	7	13	1	2	1	1	0.72649147	43	14492.47	14493.07	14493.07	14493.27	14493.796
2	21	1	1	374	3	6	7	14	6	1	8	1	0.70781638	44	14495.097	14495.297	14495.297	14495.497	14496.005
2	21	1	1	375	3	6	7	15	5	1	7	1	0.63757365	45	14497.318	14497.518	14497.518	14497.718	14498.155
2	21	1	1	376	3	6	7	16	6	2	8	1	0.69447774	46	14499.539	14500.139	14500.139	14500.339	14500.834
2	21	1	1	377	3	6	7	17	6	1	8	1	0.90392538	47	14502.164	14502.364	14502.364	14502.564	14503.268
2	21	1	1	378	3	6	7	18	2	1	2	1	0.81598327	48	14504.388	14504.588	14504.588	14504.788	14505.404
2	21	1	1	379	3	6	7	19	6	1	8	1	1.2005979	49	14506.612	14506.812	14506.812	14507.012	14508.012
2	21	1	1	380	3	6	7	20	3	2	3	1	0.74424163	50	14508.837	14509.437	14509.437	14509.637	14510.181
2	21	1	1	381	3	6	7	21	3	1	3	1	0.67888895	51	14511.461	14511.661	14511.661	14511.861	14512.34
2	21	1	1	382	3	6	7	22	3	2	3	1	0.63787563	52	14513.686	14514.286	14514.286	14514.486	14514.924
2	21	1	1	383	3	6	7	23	5	2	7	1	0.65126077	53	14516.312	14516.912	14516.912	14517.112	14517.563
2	21	1	1	384	3	6	7	24	4	2	6	1	0.46542124	54	14518.936	14519.536	14519.536	14519.736	14520.001
2	21	1	1	385	3	6	7	25	1	2	1	1	0.92307926	55	14521.56	14522.16	14522.16	14522.36	14523.084
2	21	1	1	386	3	6	7	26	2	1	2	1	0.76038762	56	14524.185	14524.385	14524.385	14524.585	14525.145
2	21	1	1	387	3	6	7	27	1	1	1	1	0.69201011	57	14526.406	14526.606	14526.606	14526.806	14527.298
2	21	1	1	388	3	6	7	28	6	1	8	1	0.74818841	58	14528.63	14528.83	14528.83	14529.03	14529.579
2	21	1	1	389	3	6	7	29	4	1	6	1	0.84382494	59	14530.855	14531.055	14531.055	14531.255	14531.899
2	21	1	1	390	3	6	7	30	2	2	2	1	1.0357688	60	14533.08	14533.68	14533.68	14533.88	14534.716
2	21	1	1	391	3	2	7	1	4	1	5	1	0.57748246	1	14563.768	14563.968	14563.968	14564.168	14564.545
2	21	1	1	392	3	2	7	2	1	2	4	1	0.55456196	2	14565.992	14566.592	14566.592	14566.792	14567.146
2	21	1	1	393	3	2	7	3	5	2	5	1	0.58496577	3	14568.617	14569.217	14569.217	14569.417	14569.802
2	21	1	1	394	3	2	7	4	5	2	5	1	0.6082997	4	14571.241	14571.841	14571.841	14572.041	14572.45
2	21	1	1	395	3	2	7	5	5	2	5	1	0.4672227	5	14573.864	14574.464	14574.464	14574.664	14574.932
2	21	1	1	396	3	2	7	6	3	2	4	1	0.49580106	6	14576.49	14577.09	14577.09	14577.29	14577.586
2	21	1	1	397	3	2	7	7	2	2	4	1	0.62067973	7	14579.114	14579.714	14579.714	14579.914	14580.335
2	21	1	1	398	3	2	7	8	2	1	4	1	0.60824041	8	14581.739	14581.939	14581.939	14582.139	14582.547
2	21	1	1	399	3	2	7	9	6	1	5	1	0.55781306	9	14583.965	14584.165	14584.165	14584.365	14584.722
2	21	1	1	400	3	2	7	10	4	1	5	1	0.63160494	10	14586.19	14586.39	14586.39	14586.59	14587.021
2	21	1	1	401	3	2	7	11	1	2	4	1	0.5381419	11	14588.415	14589.015	14589.015	14589.215	14589.553
2	21	1	1	402	3	2	7	12	2	1	4	1	0.53690306	12	14591.04	14591.24	14591.24	14591.44	14591.777
2	21	1	1	403	3	2	7	13	3	2	4	1	0.47566167	13	14593.266	14593.866	14593.866	14594.066	14594.341
2	21	1	1	404	3	2	7	14	3	1	4	1	0.52610739	14	14595.892	14596.092	14596.092	14596.292	14596.618
2	21	1	1	405	3	2	7	15	6	1	5	1	0.71173975	15	14598.118	14598.318	14598.318	14598.518	14599.029
2	21	1	1	406	3	2	7	16	3	2	4	1	0.49811463	16	14600.345	14600.945	14600.945	14601.145	14601.443
2	21	1	1	407	3	2	7	17	1	1	4	1	0.48862009	17	14602.97	14603.17	14603.17	14603.37	14603.659
2	21	1	1	408	3	2	7	18	4	1	5	1	0.61697312	18	14605.196	14605.396	14605.396	14605.596	14606.013
2	21	1	1	409	3	2	7	19	1	1	4	1	0.5770185	19	14607.473	14607.673	14607.673	14607.873	14608.25
2	21	1	1	410	3	2	7	20	6	2	5	1	0.5176887	20	14609.698	14610.298	14610.298	14610.498	14610.816
2	21	1	1	411	3	2	7	21	5	1	5	1	0.49618504	21	14612.324	14612.524	14612.524	14612.724	14613.02
2	21	1	1	412	3	2	7	22	4	2	5	1	0.61431382	22	14614.549	14615.149	14615.149	14615.349	14615.763
2	21	1	1	413	3	2	7	23	6	2	5	1	0.54708641	23	14617.175	14617.775	14617.775	14617.975	14618.322
2	21	1	1	414	3	2	7	24	4	2	5	1	0.4795926	24	14619.797	14620.397	14620.397	14620.597	14620.877
2	21	1	1	415	3	2	7	25	3	2	4	1	0.49566939	25	14622.493	14623.093	14623.093	14623.293	14623.588
2	21	1	1	416	3	2	7	26	2	1	4	1	0.41057505	26	14625.12	14625.32	14625.32	14625.52	14625.731
2	21	1	1	417	3	2	7	27	6	1	5	1	0.51923549	27	14627.349	14627.549	14627.549	14627.749	14628.068
2	21	1	1	418	3	2	7	28	2	1	4	1	0.45128529	28	14629.574	14629.774	14629.774	14629.974	14630.226
2	21	1	1	419	3	2	7	29	1	1	4	1	0.52764643	29	14631.804	14632.004	14632.004	14632.204	14632.532
2	21	1	1	420	3	2	7	30	5	2	5	1	0.74909163	30	14634.03	14634.63	14634.63	14634.83	14635.379
2	21	1	1	421	3	6	8	1	4	1	6	1	0.82445215	31	14664.738	14664.938	14664.938	14665.138	14665.762
2	21	1	1	422	3	6	8	2	1	2	1	1	0.74141762	32	14666.964	14667.564	14667.564	14667.764	14668.306
2	21	1	1	423	3	6	8	3	5	2	7	1	0.72217888	33	14669.591	14670.191	14670.191	14670.391	14670.913
2	21	1	1	424	3	6	8	4	5	2	7	1	1.9987456	34	14672.217	14672.817	14672.817	14673.017	14674.816
2	21	1	1	425	3	6	8	5	5	2	7	1	1.3363385	35	14674.841	14675.441	14675.441	14675.641	14676.778
2	21	1	1	426	3	6	8	6	3	2	3	1	0.76120475	36	14677.468	14678.068	14678.068	14678.268	14678.829
2	21	1	1	427	3	6	8	7	2	2	2	1	0.52692246	37	14680.094	14680.694	14680.694	14680.894	14681.221
2	21	1	1	428	3	6	8	8	2	1	2	1	0.72451101	38	14682.717	14682.917	14682.917	14683.117	14683.642
2	21	1	1	429	3	6	8	9	6	1	8	1	0.74604596	39	14684.943	14685.143	14685.143	14685.343	14685.889
2	21	1	1	430	3	6	8	10	4	1	6	1	0.99659098	40	14687.169	14687.369	14687.369	14687.569	14688.365
2	21	1	1	431	3	6	8	11	1	2	1	1	0.949514	41	14689.396	14689.996	14689.996	14690.196	14690.946
2	21	1	1	432	3	6	8	12	2	1	2	1	0.73174748	42	14692.024	14692.224	14692.224	14692.424	14692.956
2	21	1	1	433	3	6	8	13	3	2	3	1	0.73671283	43	14694.249	14694.849	14694.849	14695.049	14695.586
2	21	1	1	434	3	6	8	14	3	1	3	1	1.5807717	44	14696.876	14697.076	14697.076	14697.276	14698.657
2	21	1	1	435	3	6	8	15	6	1	8	1	0.86997634	45	14699.101	14699.301	14699.301	14699.501	14700.171
2	21	1	1	436	3	6	8	16	3	2	3	1	0.72290714	46	14701.328	14701.928	14701.928	14702.128	14702.651
2	21	1	1	437	3	6	8	17	1	1	1	1	0.90423368	47	14703.955	14704.155	14704.155	14704.355	14705.059
2	21	1	1	438	3	6	8	18	4	1	6	1	0.94920704	48	14706.182	14706.382	14706.382	14706.582	14707.331
2	21	1	1	439	3	6	8	19	1	1	1	1	1.0245071	49	14708.408	14708.609	14708.609	14708.809	14709.633
2	21	1	1	440	3	6	8	20	6	2	8	1	0.67984661	50	14710.636	14711.236	14711.236	14711.436	14711.916
2	21	1	1	441	3	6	8	21	5	1	7	1	0.67937638	51	14713.26	14713.46	14713.46	14713.66	14714.139
2	21	1	1	442	3	6	8	22	4	2	6	1	0.92462975	52	14715.494	14716.094	14716.094	14716.294	14717.018
2	21	1	1	443	3	6	8	23	6	2	8	1	0.81266247	53	14718.12	14718.72	14718.72	14718.92	14719.533
2	21	1	1	444	3	6	8	24	4	2	6	1	0.63045809	54	14720.748	14721.348	14721.348	14721.548	14721.978
2	21	1	1	445	3	6	8	25	3	2	3	1	0.97823953	55	14723.375	14723.975	14723.975	14724.175	14724.954
2	21	1	1	446	3	6	8	26	2	1	2	1	0.7695796	56	14726.002	14726.202	14726.202	14726.402	14726.971
2	21	1	1	447	3	6	8	27	6	1	8	1	0.81203892	57	14728.23	14728.43	14728.43	14728.63	14729.242
2	21	1	1	448	3	6	8	28	2	1	2	1	1.6984963	58	14730.456	14730.656	14730.656	14730.856	14732.355
2	21	1	1	449	3	6	8	29	1	1	1	1	0.99994128	59	14732.684	14732.884	14732.884	14733.084	14733.884
2	21	1	1	450	3	6	8	30	5	2	7	1	0.71609715	60	14734.911	14735.511	14735.511	14735.711	14736.227
2	21	1	1	451	3	2	8	1	4	1	5	1	0.90001137	1	14765.597	14765.797	14765.797	14765.997	14766.697
2	21	1	1	452	3	2	8	2	5	2	5	1	0.57689723	2	14767.825	14768.425	14768.425	14768.625	14769.001
2	21	1	1	453	3	2	8	3	5	2	5	1	1.0385355	3	14770.452	14771.052	14771.052	14771.252	14772.091
2	21	1	1	454	3	2	8	4	4	2	5	1	0.57910408	4	14773.08	14773.68	14773.68	14773.88	14774.259
2	21	1	1	455	3	2	8	5	3	2	4	1	0.56954206	5	14775.706	14776.306	14776.306	14776.506	14776.876
2	21	1	1	456	3	2	8	6	4	2	5	1	0.45599029	6	14778.337	14778.937	14778.937	14779.137	14779.393
2	21	1	1	457	3	2	8	7	2	2	4	1	0.52079843	7	14780.965	14781.565	14781.565	14781.765	14782.085
2	21	1	1	458	3	2	8	8	5	1	5	1	0.5969516	8	14783.593	14783.793	14783.793	14783.993	14784.389
2	21	1	1	459	3	2	8	9	4	1	5	1	0.50940322	9	14785.824	14786.024	14786.024	14786.224	14786.533
2	21	1	1	460	3	2	8	10	6	1	5	1	0.43123413	10	14788.052	14788.252	14788.252	14788.452	14788.683
2	21	1	1	461	3	2	8	11	3	2	4	1	0.42610369	11	14790.28	14790.88	14790.88	14791.08	14791.306
2	21	1	1	462	3	2	8	12	1	1	4	1	0.56805219	12	14792.907	14793.107	14793.107	14793.307	14793.675
2	21	1	1	463	3	2	8	13	1	2	4	1	0.41873253	13	14795.135	14795.735	14795.735	14795.935	14796.154
2	21	1	1	464	3	2	8	14	6	1	5	1	0.79383345	14	14797.76	14797.96	14797.96	14798.16	14798.754
2	21	1	1	465	3	2	8	15	6	1	5	1	0.52586923	15	14799.988	14800.188	14800.188	14800.388	14800.713
2	21	1	1	466	3	2	8	16	3	2	4	1	0.53861159	16	14802.216	14802.816	14802.816	14803.016	14803.355
2	21	1	1	467	3	2	8	17	1	1	4	1	0.5178948	17	14804.844	14805.044	14805.044	14805.244	14805.562
2	21	1	1	468	3	2	8	18	5	1	5	1	0.64209654	18	14807.073	14807.273	14807.273	14807.473	14807.915
2	21	1	1	469	3	2	8	19	2	1	4	1	0.48604873	19	14809.301	14809.501	14809.501	14809.701	14809.987
2	21	1	1	470	3	2	8	20	4	2	5	1	0.51404435	20	14811.531	14812.131	14812.131	14812.331	14812.645
2	21	1	1	471	3	2	8	21	2	1	4	1	0.54115041	21	14814.159	14814.359	14814.359	14814.559	14814.9
2	21	1	1	472	3	2	8	22	3	2	4	1	0.4460323	22	14816.388	14816.988	14816.988	14817.188	14817.434
2	21	1	1	473	3	2	8	23	1	2	4	1	0.59695294	23	14819.016	14819.616	14819.616	14819.816	14820.213
2	21	1	1	474	3	2	8	24	1	2	4	1	0.43096602	24	14821.644	14822.244	14822.244	14822.444	14822.675
2	21	1	1	475	3	2	8	25	6	2	5	1	0.41783643	25	14824.273	14824.873	14824.873	14825.073	14825.291
2	21	1	1	476	3	2	8	26	3	1	4	1	0.41216104	26	14826.901	14827.101	14827.101	14827.301	14827.513
2	21	1	1	477	3	2	8	27	6	1	5	1	0.47121685	27	14829.13	14829.33	14829.33	14829.53	14829.801
2	21	1	1	478	3	2	8	28	5	1	5	1	0.65185338	28	14831.358	14831.558	14831.558	14831.758	14832.21
2	21	1	1	479	3	2	8	29	2	1	4	1	0.53064624	29	14833.587	14833.787	14833.787	14833.987	14834.317
2	21	1	1	480	3	2	8	30	2	2	4	1	0.58251548	30	14835.815	14836.415	14836.415	14836.615	14836.997
2	21	1	1	481	3	6	9	1	4	1	5	0	0.91702275	30	14866.517	14866.717	14866.717	14866.917	14867.634
2	21	1	1	482	3	6	9	2	5	2	7	1	0.73515653	31	14868.746	14869.346	14869.346	14869.546	14870.081
2	21	1	1	483	3	6	9	3	5	2	7	1	0.66984388	32	14871.374	14871.974	14871.974	14872.174	14872.644
2	21	1	1	484	3	6	9	4	4	2	2	1	1.9982264	33	14874.006	14874.606	14874.606	14874.806	14876.604
2	21	1	1	485	3	6	9	5	3	2	0	0	-14877.235	33	14876.635	14877.235	14877.235	14877.435	0
2	21	1	1	486	3	6	9	6	4	2	6	1	0.72867768	34	14879.265	14879.865	14879.865	14880.065	14880.594
2	21	1	1	487	3	6	9	7	2	2	2	1	0.66942815	35	14881.894	14882.494	14882.494	14882.694	14883.163
2	21	1	1	488	3	6	9	8	5	1	7	1	0.67805109	36	14884.524	14884.724	14884.724	14884.924	14885.402
2	21	1	1	489	3	6	9	9	4	1	6	1	0.72741534	37	14886.771	14886.971	14886.971	14887.171	14887.699
2	21	1	1	490	3	6	9	10	6	1	8	1	0.89749165	38	14889	14889.2	14889.2	14889.4	14890.098
2	21	1	1	491	3	6	9	11	3	2	3	1	0.91188403	39	14891.333	14891.933	14891.933	14892.133	14892.845
2	21	1	1	492	3	6	9	12	1	1	1	1	0.83034193	40	14893.963	14894.163	14894.163	14894.363	14894.994
2	21	1	1	493	3	6	9	13	1	2	1	1	0.93635159	41	14896.193	14896.793	14896.793	14896.993	14897.729
2	21	1	1	494	3	6	9	14	6	1	8	1	0.79974707	42	14898.818	14899.018	14899.018	14899.218	14899.818
2	21	1	1	495	3	6	9	15	6	1	8	1	0.7953752	43	14901.048	14901.248	14901.248	14901.448	14902.043
2	21	1	1	496	3	6	9	16	3	2	3	1	0.78092635	44	14903.278	14903.878	14903.878	14904.078	14904.659
2	21	1	1	497	3	6	9	17	1	1	1	1	0.99081949	45	14905.909	14906.109	14906.109	14906.309	14907.1
2	21	1	1	498	3	6	9	18	5	1	7	1	0.72205143	46	14908.138	14908.338	14908.338	14908.538	14909.06
2	21	1	1	499	3	6	9	19	2	1	2	1	0.92184002	47	14910.368	14910.568	14910.568	14910.768	14911.489
2	21	1	1	500	3	6	9	20	4	2	6	1	0.73376104	48	14912.597	14913.197	14913.197	14913.397	14913.931
2	21	1	1	501	3	6	9	21	2	1	2	1	0.80806786	49	14915.227	14915.427	14915.427	14915.627	14916.235
2	21	1	1	502	3	6	9	22	3	2	3	1	0.65709031	50	14917.456	14918.056	14918.056	14918.256	14918.713
2	21	1	1	503	3	6	9	23	1	2	1	1	0.74887579	51	14920.086	14920.686	14920.686	14920.886	14921.435
2	21	1	1	504	3	6	9	24	1	2	1	1	0.73436343	52	14922.805	14923.405	14923.405	14923.605	14924.139
2	21	1	1	505	3	6	9	25	6	2	8	1	0.53863689	53	14925.434	14926.034	14926.034	14926.235	14926.573
2	21	1	1	506	3	6	9	26	3	1	3	1	0.71723669	54	14928.064	14928.264	14928.264	14928.464	14928.981
2	21	1	1	507	3	6	9	27	6	1	8	1	0.7307564	55	14930.294	14930.494	14930.494	14930.694	14931.225
2	21	1	1	508	3	6	9	28	5	1	7	1	0.47972598	56	14932.523	14932.723	14932.723	14932.923	14933.203
2	21	1	1	509	3	6	9	29	2	1	2	1	0.72272578	57	14934.824	14935.024	14935.024	14935.224	14935.746
2	21	1	1	510	3	6	9	30	2	2	2	1	0.64351796	58	14937.054	14937.654	14937.654	14937.854	14938.297
2	21	1	1	511	3	2	9	1	2	1	4	1	0.61631448	1	14967.747	14967.947	14967.947	14968.147	14968.564
2	21	1	1	512	3	2	9	2	6	2	5	1	0.44445248	2	14969.982	14970.582	14970.582	14970.782	14971.027
2	21	1	1	513	3	2	9	3	3	2	4	1	0.48913701	3	14972.612	14973.212	14973.212	14973.412	14973.701
2	21	1	1	514	3	2	9	4	2	2	4	1	0.56345607	4	14975.242	14975.842	14975.842	14976.042	14976.405
2	21	1	1	515	3	2	9	5	6	2	5	1	0.51901195	5	14977.878	14978.478	14978.478	14978.678	14978.997
2	21	1	1	516	3	2	9	6	3	2	4	1	0.47762225	6	14980.508	14981.108	14981.108	14981.308	14981.585
2	21	1	1	517	3	2	9	7	2	2	4	1	0.43294374	7	14983.137	14983.737	14983.737	14983.937	14984.17
2	21	1	1	518	3	2	9	8	5	1	5	1	0.48712241	8	14985.771	14985.971	14985.971	14986.171	14986.459
2	21	1	1	519	3	2	9	9	1	1	4	1	0.55785926	9	14987.998	14988.198	14988.198	14988.398	14988.756
2	21	1	1	520	3	2	9	10	4	1	5	1	0.50230749	10	14990.228	14990.428	14990.428	14990.628	14990.931
2	21	1	1	521	3	2	9	11	4	2	5	1	0.45206942	11	14992.459	14993.059	14993.059	14993.259	14993.511
2	21	1	1	522	3	2	9	12	1	1	4	1	0.60193933	12	14995.09	14995.29	14995.29	14995.49	14995.892
2	21	1	1	523	3	2	9	13	3	2	4	1	0.45771371	13	14997.32	14997.92	14997.92	14998.12	14998.378
2	21	1	1	524	3	2	9	14	5	1	6	1	0.58702416	14	14999.95	15000.15	15000.15	15000.35	15000.737
2	21	1	1	525	3	2	9	15	6	1	5	1	0.61446932	15	15002.18	15002.38	15002.38	15002.58	15002.995
2	21	1	1	526	3	2	9	16	5	2	5	1	0.5043095	16	15004.411	15005.011	15005.011	15005.211	15005.515
2	21	1	1	527	3	2	9	17	1	1	4	1	0.38461072	17	15007.041	15007.241	15007.241	15007.441	15007.625
2	21	1	1	528	3	2	9	18	5	1	5	1	0.57115535	18	15009.271	15009.471	15009.471	15009.671	15010.042
2	21	1	1	529	3	2	9	19	3	1	4	1	0.3914586	19	15011.502	15011.702	15011.702	15011.902	15012.093
2	21	1	1	530	3	2	9	20	5	2	5	1	0.46363118	20	15013.732	15014.332	15014.332	15014.532	15014.796
2	21	1	1	531	3	2	9	21	6	1	5	1	0.64639922	21	15016.364	15016.564	15016.564	15016.764	15017.21
2	21	1	1	532	3	2	9	22	2	2	4	1	0.49783556	22	15018.595	15019.195	15019.195	15019.395	15019.693
2	21	1	1	533	3	2	9	23	4	2	5	1	0.43232227	23	15021.226	15021.826	15021.826	15022.026	15022.259
2	21	1	1	534	3	2	9	24	6	2	5	1	0.5290989	24	15023.858	15024.458	15024.458	15024.658	15024.987
2	21	1	1	535	3	2	9	25	2	2	4	1	0.45167275	25	15026.489	15027.089	15027.089	15027.289	15027.541
2	21	1	1	536	3	2	9	26	4	1	5	1	0.49149437	26	15029.12	15029.32	15029.32	15029.52	15029.812
2	21	1	1	537	3	2	9	27	1	1	4	1	0.46626568	27	15031.352	15031.552	15031.552	15031.752	15032.018
2	21	1	1	538	3	2	9	28	3	1	4	1	0.49757027	28	15033.587	15033.787	15033.787	15033.987	15034.285
2	21	1	1	539	3	2	9	29	4	1	5	1	0.51911529	29	15035.819	15036.019	15036.019	15036.219	15036.538
2	21	1	1	540	3	2	9	30	1	2	4	1	0.52316872	30	15038.05	15038.65	15038.65	15038.85	15039.173
2	21	1	1	541	4	6	10	1	2	1	2	1	0.92103595	31	15611.929	15612.129	15612.129	15612.329	15613.05
2	21	1	1	542	4	6	10	2	6	2	8	1	0.93523726	32	15614.163	15614.763	15614.763	15614.963	15615.698
2	21	1	1	543	4	6	10	3	3	2	3	1	0.64971479	33	15616.795	15617.395	15617.395	15617.595	15618.045
2	21	1	1	544	4	6	10	4	2	2	2	1	0.79270519	34	15619.434	15620.034	15620.034	15620.234	15620.826
2	21	1	1	545	4	6	10	5	6	2	8	1	0.77394198	35	15622.068	15622.668	15622.668	15622.868	15623.442
2	21	1	1	546	4	6	10	6	3	2	3	1	0.68156993	36	15624.7	15625.3	15625.3	15625.5	15625.981
2	21	1	1	547	4	6	10	7	2	2	2	1	0.83162744	37	15627.332	15627.932	15627.932	15628.132	15628.763
2	21	1	1	548	4	6	10	8	5	1	7	1	0.66300498	38	15629.964	15630.164	15630.164	15630.364	15630.827
2	21	1	1	549	4	6	10	9	1	1	1	1	0.81449936	39	15632.195	15632.395	15632.395	15632.595	15633.21
2	21	1	1	550	4	6	10	10	4	1	6	1	0.84556651	40	15634.427	15634.627	15634.627	15634.827	15635.473
2	21	1	1	551	4	6	10	11	4	2	6	1	0.65484349	41	15636.659	15637.259	15637.259	15637.459	15637.914
2	21	1	1	552	4	6	10	12	1	1	1	1	0.80541754	42	15639.292	15639.492	15639.492	15639.692	15640.297
2	21	1	1	553	4	6	10	13	3	2	3	1	0.83090871	43	15641.524	15642.124	15642.124	15642.324	15642.955
2	21	1	1	554	4	6	10	14	5	1	7	1	0.65517477	44	15644.156	15644.356	15644.356	15644.556	15645.011
2	21	1	1	555	4	6	10	15	6	1	8	1	0.78835006	45	15646.385	15646.585	15646.585	15646.785	15647.373
2	21	1	1	556	4	6	10	16	5	2	7	1	0.59681192	46	15648.617	15649.217	15649.217	15649.417	15649.813
2	21	1	1	557	4	6	10	17	1	1	1	1	0.80223038	47	15651.249	15651.449	15651.449	15651.649	15652.251
2	21	1	1	558	4	6	10	18	5	1	7	1	0.73638128	48	15653.481	15653.681	15653.681	15653.881	15654.417
2	21	1	1	559	4	6	10	19	3	1	3	1	0.58177299	49	15655.755	15655.955	15655.955	15656.155	15656.537
2	21	1	1	560	4	6	10	20	5	2	7	1	0.68248688	50	15657.985	15658.585	15658.585	15658.785	15659.268
2	21	1	1	561	4	6	10	21	6	1	8	1	0.6653515	51	15660.618	15660.818	15660.818	15661.018	15661.484
2	21	1	1	562	4	6	10	22	2	2	2	1	0.77005697	52	15662.848	15663.448	15663.448	15663.648	15664.218
2	21	1	1	563	4	6	10	23	4	2	6	1	0.77473362	53	15665.477	15666.077	15666.077	15666.277	15666.851
2	21	1	1	564	4	6	10	24	6	2	8	1	0.65600996	54	15668.106	15668.706	15668.706	15668.906	15669.362
2	21	1	1	565	4	6	10	25	2	2	2	1	0.89798718	55	15670.779	15671.379	15671.379	15671.579	15672.277
2	21	1	1	566	4	6	10	26	4	1	6	1	1.069795	56	15673.415	15673.615	15673.615	15673.815	15674.685
2	21	1	1	567	4	6	10	27	1	1	1	1	0.80316736	57	15675.648	15675.848	15675.848	15676.048	15676.651
2	21	1	1	568	4	6	10	28	3	1	3	1	0.83362009	58	15677.881	15678.081	15678.081	15678.281	15678.915
2	21	1	1	569	4	6	10	29	4	1	6	1	0.73891701	59	15680.114	15680.314	15680.314	15680.514	15681.053
2	21	1	1	570	4	6	10	30	1	2	1	1	0.86287867	60	15682.347	15682.947	15682.947	15683.147	15683.81
2	21	1	1	571	4	2	10	1	6	1	5	1	0.59653399	1	15713.039	15713.239	15713.239	15713.439	15713.836
2	21	1	1	572	4	2	10	2	1	2	4	1	0.54947091	2	15715.272	15715.872	15715.872	15716.072	15716.422
2	21	1	1	573	4	2	10	3	1	2	4	1	0.577366	3	15717.905	15718.505	15718.505	15718.705	15719.082
2	21	1	1	574	4	2	10	4	4	2	5	1	0.5627648	4	15720.538	15721.138	15721.138	15721.338	15721.701
2	21	1	1	575	4	2	10	5	1	2	4	1	0.46612253	5	15723.171	15723.771	15723.771	15723.971	15724.237
2	21	1	1	576	4	2	10	6	3	2	4	1	0.47966734	6	15725.806	15726.406	15726.406	15726.606	15726.885
2	21	1	1	577	4	2	10	7	2	2	4	1	0.49374192	7	15728.436	15729.036	15729.036	15729.236	15729.529
2	21	1	1	578	4	2	10	8	4	1	5	1	0.59792734	8	15731.069	15731.269	15731.269	15731.469	15731.867
2	21	1	1	579	4	2	10	9	6	1	5	1	0.53541376	9	15733.307	15733.507	15733.507	15733.707	15734.042
2	21	1	1	580	4	2	10	10	4	1	5	1	0.50226324	10	15735.539	15735.739	15735.739	15735.939	15736.241
2	21	1	1	581	4	2	10	11	5	2	5	1	0.45388159	11	15737.775	15738.375	15738.375	15738.575	15738.829
2	21	1	1	582	4	2	10	12	5	1	5	1	0.5801029	12	15740.409	15740.609	15740.609	15740.809	15741.189
2	21	1	1	583	4	2	10	13	6	2	5	1	0.51246079	13	15742.641	15743.241	15743.241	15743.441	15743.754
2	21	1	1	584	4	2	10	14	2	1	4	1	0.47706729	14	15745.271	15745.471	15745.471	15745.671	15745.948
2	21	1	1	585	4	2	10	15	6	1	5	1	0.53654853	15	15747.505	15747.705	15747.705	15747.905	15748.242
2	21	1	1	586	4	2	10	16	2	2	4	1	0.41812373	16	15749.738	15750.338	15750.338	15750.538	15750.756
2	21	1	1	587	4	2	10	17	5	1	5	1	0.4503636	17	15752.368	15752.568	15752.568	15752.768	15753.018
2	21	1	1	588	4	2	10	18	5	1	5	1	0.49878725	18	15754.602	15754.802	15754.802	15755.002	15755.301
2	21	1	1	589	4	2	10	19	3	1	4	1	0.60043215	19	15756.842	15757.042	15757.042	15757.242	15757.643
2	21	1	1	590	4	2	10	20	2	2	4	1	0.52137187	20	15759.076	15759.676	15759.676	15759.876	15760.197
2	21	1	1	591	4	2	10	21	6	1	6	1	0.58493479	21	15761.706	15761.906	15761.906	15762.106	15762.491
2	21	1	1	592	4	2	10	22	3	2	4	1	0.558411	22	15763.94	15764.54	15764.54	15764.74	15765.098
2	21	1	1	593	4	2	10	23	4	2	5	1	0.51960841	23	15766.574	15767.174	15767.174	15767.374	15767.693
2	21	1	1	594	4	2	10	24	1	2	4	1	0.44501441	24	15769.208	15769.808	15769.808	15770.008	15770.253
2	21	1	1	595	4	2	10	25	4	2	5	1	0.48216154	25	15771.842	15772.442	15772.442	15772.642	15772.924
2	21	1	1	596	4	2	10	26	5	1	5	1	0.69409546	26	15774.479	15774.679	15774.679	15774.879	15775.373
2	21	1	1	597	4	2	10	27	3	1	4	1	0.52271471	27	15776.713	15776.913	15776.913	15777.113	15777.436
2	21	1	1	598	4	2	10	28	3	1	4	1	0.50637235	28	15778.947	15779.147	15779.147	15779.347	15779.653
2	21	1	1	599	4	2	10	29	2	1	4	1	0.54641064	29	15781.183	15781.383	15781.383	15781.583	15781.929
2	21	1	1	600	4	2	10	30	1	2	4	1	0.43752019	30	15783.416	15784.016	15784.016	15784.216	15784.453
2	21	1	1	601	4	6	11	1	6	1	8	1	0.77907637	31	15814.13	15814.33	15814.33	15814.53	15815.109
2	21	1	1	602	4	6	11	2	1	2	1	1	0.85900126	32	15816.364	15816.964	15816.964	15817.164	15817.823
2	21	1	1	603	4	6	11	3	1	2	1	1	0.91112229	33	15818.996	15819.596	15819.596	15819.796	15820.507
2	21	1	1	604	4	6	11	4	4	2	6	1	0.47414503	34	15821.631	15822.231	15822.231	15822.431	15822.705
2	21	1	1	605	4	6	11	5	1	2	1	1	1.1137319	35	15824.266	15824.866	15824.866	15825.066	15825.98
2	21	1	1	606	4	6	11	6	3	2	3	1	0.73907712	36	15826.959	15827.559	15827.559	15827.759	15828.298
2	21	1	1	607	4	6	11	7	2	2	2	1	0.71632424	37	15829.59	15830.19	15830.19	15830.39	15830.906
2	21	1	1	608	4	6	11	8	4	1	6	1	0.69196567	38	15832.225	15832.425	15832.425	15832.625	15833.117
2	21	1	1	609	4	6	11	9	6	1	8	1	0.73245367	39	15834.461	15834.661	15834.661	15834.861	15835.394
2	21	1	1	610	4	6	11	10	4	1	6	1	0.72858889	40	15836.696	15836.896	15836.896	15837.096	15837.625
2	21	1	1	611	4	6	11	11	5	2	7	1	0.71105887	41	15838.979	15839.579	15839.579	15839.779	15840.29
2	21	1	1	612	4	6	11	12	5	1	7	1	0.75671268	42	15841.616	15841.816	15841.816	15842.016	15842.573
2	21	1	1	613	4	6	11	13	6	2	8	1	0.59889851	43	15843.851	15844.451	15844.451	15844.651	15845.05
2	21	1	1	614	4	6	11	14	2	1	2	1	0.81479943	44	15846.487	15846.687	15846.687	15846.887	15847.501
2	21	1	1	615	4	6	11	15	6	1	8	1	0.94699104	45	15848.722	15848.922	15848.922	15849.122	15849.869
2	21	1	1	616	4	6	11	16	2	2	2	1	0.67527546	46	15850.983	15851.583	15851.583	15851.783	15852.258
2	21	1	1	617	4	6	11	17	5	1	7	1	0.87542089	47	15853.615	15853.815	15853.815	15854.015	15854.69
2	21	1	1	618	4	6	11	18	5	1	7	1	0.69946721	48	15855.849	15856.049	15856.049	15856.249	15856.748
2	21	1	1	619	4	6	11	19	3	1	3	1	0.76560126	49	15858.083	15858.283	15858.283	15858.483	15859.049
2	21	1	1	620	4	6	11	20	2	2	2	1	0.7382628	50	15860.321	15860.921	15860.921	15861.121	15861.659
2	21	1	1	621	4	6	11	21	6	1	8	1	0.81402929	51	15862.998	15863.198	15863.198	15863.398	15864.012
2	21	1	1	622	4	6	11	22	3	2	3	1	0.77629474	52	15865.236	15865.836	15865.836	15866.036	15866.613
2	21	1	1	623	4	6	11	23	4	2	6	1	0.8924437	53	15867.87	15868.47	15868.47	15868.67	15869.362
2	21	1	1	624	4	6	11	24	1	2	1	1	0.7793376	54	15870.505	15871.105	15871.105	15871.305	15871.885
2	21	1	1	625	4	6	11	25	4	2	6	1	0.78689733	55	15873.143	15873.743	15873.743	15873.943	15874.53
2	21	1	1	626	4	6	11	26	5	1	7	1	0.74654422	56	15875.778	15875.978	15875.978	15876.178	15876.725
2	21	1	1	627	4	6	11	27	3	1	3	1	0.77012388	57	15878.017	15878.217	15878.217	15878.417	15878.987
2	21	1	1	628	4	6	11	28	3	1	3	1	0.82424588	58	15880.253	15880.453	15880.453	15880.653	15881.277
2	21	1	1	629	4	6	11	29	2	1	2	1	0.75124876	59	15882.486	15882.686	15882.686	15882.886	15883.437
2	21	1	1	630	4	6	11	30	1	2	1	1	0.79197897	60	15884.722	15885.322	15885.322	15885.522	15886.114
2	21	1	1	631	4	2	11	1	4	1	5	1	0.69320328	1	15915.42	15915.62	15915.62	15915.82	15916.313
2	21	1	1	632	4	2	11	2	6	2	5	1	0.46720906	2	15917.656	15918.256	15918.256	15918.456	15918.723
2	21	1	1	633	4	2	11	3	4	2	5	1	0.57160312	3	15920.287	15920.887	15920.887	15921.087	15921.459
2	21	1	1	634	4	2	11	4	2	2	4	1	0.48815706	4	15922.923	15923.523	15923.523	15923.723	15924.011
2	21	1	1	635	4	2	11	5	2	2	4	1	0.52627394	5	15925.559	15926.159	15926.159	15926.359	15926.685
2	21	1	1	636	4	2	11	6	5	2	5	1	0.45374512	6	15928.196	15928.796	15928.796	15928.996	15929.249
2	21	1	1	637	4	2	11	7	3	2	4	1	0.41781462	7	15930.831	15931.431	15931.431	15931.631	15931.849
2	21	1	1	638	4	2	11	8	1	1	4	1	0.52769944	8	15933.467	15933.667	15933.667	15933.867	15934.195
2	21	1	1	639	4	2	11	9	3	1	4	1	0.45736726	9	15935.698	15935.898	15935.898	15936.098	15936.356
2	21	1	1	640	4	2	11	10	5	1	5	1	0.49013289	10	15937.937	15938.137	15938.137	15938.337	15938.627
2	21	1	1	641	4	2	11	11	2	2	4	1	0.46647512	11	15940.176	15940.776	15940.776	15940.976	15941.242
2	21	1	1	642	4	2	11	12	4	1	5	1	0.48798767	12	15942.812	15943.012	15943.012	15943.213	15943.5
2	21	1	1	643	4	2	11	13	1	2	4	1	0.45424777	13	15945.051	15945.651	15945.651	15945.851	15946.105
2	21	1	1	644	4	2	11	14	3	1	4	1	0.40691495	14	15947.684	15947.884	15947.884	15948.084	15948.291
2	21	1	1	645	4	2	11	15	6	1	5	1	0.48354718	15	15949.919	15950.119	15950.119	15950.319	15950.602
2	21	1	1	646	4	2	11	16	6	2	5	1	0.41599793	16	15952.156	15952.756	15952.756	15952.956	15953.172
2	21	1	1	647	4	2	11	17	3	1	4	1	0.66843225	17	15954.792	15954.992	15954.992	15955.192	15955.661
2	21	1	1	648	4	2	11	18	1	1	4	1	0.53640875	18	15957.025	15957.225	15957.225	15957.425	15957.762
2	21	1	1	649	4	2	11	19	1	1	4	1	0.40741779	19	15959.258	15959.458	15959.458	15959.658	15959.866
2	21	1	1	650	4	2	11	20	2	2	4	1	0.41582078	20	15961.5	15962.1	15962.1	15962.3	15962.516
2	21	1	1	651	4	2	11	21	5	1	5	1	0.47581307	21	15964.136	15964.336	15964.336	15964.536	15964.812
2	21	1	1	652	4	2	11	22	6	2	5	1	0.43871776	22	15966.373	15966.973	15966.973	15967.173	15967.412
2	21	1	1	653	4	2	11	23	1	2	4	1	0.61706296	23	15969.01	15969.61	15969.61	15969.81	15970.227
2	21	1	1	654	4	2	11	24	5	2	5	1	0.52364996	24	15971.647	15972.247	15972.247	15972.447	15972.77
2	21	1	1	655	4	2	11	25	5	2	5	1	0.42327901	25	15974.285	15974.885	15974.885	15975.085	15975.308
2	21	1	1	656	4	2	11	26	3	1	4	1	0.55839347	26	15976.926	15977.126	15977.126	15977.326	15977.684
2	21	1	1	657	4	2	11	27	4	1	5	1	0.6396575	27	15979.163	15979.363	15979.363	15979.563	15980.003
2	21	1	1	658	4	2	11	28	2	1	4	1	0.51592733	28	15981.399	15981.599	15981.599	15981.799	15982.115
2	21	1	1	659	4	2	11	29	6	1	5	1	0.42467413	29	15983.637	15983.837	15983.837	15984.037	15984.261
2	21	1	1	660	4	2	11	30	4	2	5	1	0.47431148	30	15985.873	15986.473	15986.473	15986.673	15986.948
2	21	1	1	661	4	6	12	1	4	1	6	1	0.77807856	31	16016.6	16016.8	16016.8	16017	16017.578
2	21	1	1	662	4	6	12	2	6	2	8	1	0.84915724	32	16018.836	16019.436	16019.436	16019.636	16020.285
2	21	1	1	663	4	6	12	3	4	2	6	1	0.65830293	33	16021.475	16022.075	16022.075	16022.275	16022.733
2	21	1	1	664	4	6	12	4	2	2	2	1	0.7173543	34	16024.109	16024.709	16024.709	16024.909	16025.427
2	21	1	1	665	4	6	12	5	2	2	2	1	0.69459245	35	16026.747	16027.347	16027.347	16027.547	16028.042
2	21	1	1	666	4	6	12	6	5	2	7	1	0.6987011	36	16029.385	16029.985	16029.985	16030.185	16030.684
2	21	1	1	667	4	6	12	7	3	2	3	1	0.69998456	37	16032.022	16032.622	16032.622	16032.822	16033.322
2	21	1	1	668	4	6	12	8	1	1	1	1	0.83920964	38	16034.66	16034.86	16034.86	16035.06	16035.699
2	21	1	1	669	4	6	12	9	3	1	3	1	0.72993425	39	16036.899	16037.099	16037.099	16037.299	16037.829
2	21	1	1	670	4	6	12	10	5	1	7	1	0.67658281	40	16039.135	16039.335	16039.335	16039.535	16040.011
2	21	1	1	671	4	6	12	11	2	2	2	1	0.72049956	41	16041.369	16041.969	16041.969	16042.169	16042.689
2	21	1	1	672	4	6	12	12	4	1	6	1	0.73476068	42	16044.003	16044.203	16044.203	16044.403	16044.938
2	21	1	1	673	4	6	12	13	1	2	1	1	0.79268734	43	16046.24	16046.84	16046.84	16047.04	16047.633
2	21	1	1	674	4	6	12	14	3	1	3	1	0.74878203	44	16048.879	16049.079	16049.079	16049.279	16049.828
2	21	1	1	675	4	6	12	15	6	1	8	1	0.73919396	45	16051.119	16051.319	16051.319	16051.519	16052.058
2	21	1	1	676	4	6	12	16	6	2	8	1	0.68471596	46	16053.359	16053.959	16053.959	16054.159	16054.644
2	21	1	1	677	4	6	12	17	3	1	3	1	0.77535753	47	16056.002	16056.202	16056.202	16056.402	16056.977
2	21	1	1	678	4	6	12	18	1	1	1	1	0.81921233	48	16058.24	16058.44	16058.44	16058.64	16059.259
2	21	1	1	679	4	6	12	19	1	1	1	1	0.644354	49	16060.477	16060.677	16060.677	16060.877	16061.321
2	21	1	1	680	4	6	12	20	2	2	2	1	0.70814495	50	16062.713	16063.313	16063.313	16063.513	16064.021
2	21	1	1	681	4	6	12	21	5	1	7	1	0.64002213	51	16065.349	16065.549	16065.549	16065.749	16066.189
2	21	1	1	682	4	6	12	22	6	2	8	1	0.68277301	52	16067.586	16068.186	16068.186	16068.386	16068.869
2	21	1	1	683	4	6	12	23	1	2	1	1	0.87945618	53	16070.221	16070.821	16070.821	16071.021	16071.7
2	21	1	1	684	4	6	12	24	5	2	7	1	0.65161122	54	16072.858	16073.458	16073.458	16073.658	16074.109
2	21	1	1	685	4	6	12	25	5	2	7	1	0.58841247	55	16075.494	16076.094	16076.094	16076.294	16076.683
2	21	1	1	686	4	6	12	26	3	1	3	1	0.75268289	56	16078.133	16078.333	16078.333	16078.533	16079.085
2	21	1	1	687	4	6	12	27	4	1	6	1	0.65785761	57	16080.372	16080.572	16080.572	16080.772	16081.229
2	21	1	1	688	4	6	12	28	2	1	2	1	0.71154774	58	16082.61	16082.81	16082.81	16083.01	16083.522
2	21	1	1	689	4	6	12	29	6	1	8	1	0.74669902	59	16084.848	16085.048	16085.048	16085.249	16085.795
2	21	1	1	690	4	6	12	30	4	2	6	1	0.90079828	60	16087.087	16087.687	16087.687	16087.887	16088.588
2	21	1	1	691	4	2	12	1	1	1	4	1	0.52530606	1	16117.78	16117.98	16117.98	16118.18	16118.506
2	21	1	1	692	4	2	12	2	4	2	5	1	0.4994827	2	16120.017	16120.617	16120.617	16120.817	16121.116
2	21	1	1	693	4	2	12	3	6	2	5	1	0.44262558	3	16122.655	16123.255	16123.255	16123.455	16123.698
2	21	1	1	694	4	2	12	4	6	2	5	1	0.48810711	4	16125.3	16125.9	16125.9	16126.1	16126.388
2	21	1	1	695	4	2	12	5	2	2	4	1	0.68921814	5	16127.937	16128.537	16128.537	16128.737	16129.226
2	21	1	1	696	4	2	12	6	1	2	4	1	0.56344031	6	16130.574	16131.174	16131.174	16131.374	16131.738
2	21	1	1	697	4	2	12	7	3	2	4	1	0.44389222	7	16133.27	16133.87	16133.87	16134.07	16134.314
2	21	1	1	698	4	2	12	8	5	1	5	1	0.4403271	8	16135.908	16136.108	16136.108	16136.308	16136.549
2	21	1	1	699	4	2	12	9	2	1	4	1	0.43274735	9	16138.147	16138.347	16138.347	16138.547	16138.78
2	21	1	1	700	4	2	12	10	6	1	5	1	0.48276287	10	16140.386	16140.586	16140.586	16140.786	16141.069
2	21	1	1	701	4	2	12	11	3	2	4	1	0.55875109	11	16142.627	16143.227	16143.227	16143.427	16143.786
2	21	1	1	702	4	2	12	12	5	1	5	1	0.44836186	12	16145.291	16145.491	16145.491	16145.691	16145.939
2	21	1	1	703	4	2	12	13	5	2	5	1	0.59998175	13	16147.53	16148.13	16148.13	16148.33	16148.73
2	21	1	1	704	4	2	12	14	3	1	4	1	0.45643944	14	16150.171	16150.371	16150.371	16150.571	16150.828
2	21	1	1	705	4	2	12	15	6	1	5	1	0.44122341	15	16152.41	16152.61	16152.61	16152.81	16153.051
2	21	1	1	706	4	2	12	16	2	2	4	1	0.37701399	16	16154.65	16155.25	16155.25	16155.45	16155.627
2	21	1	1	707	4	2	12	17	5	1	5	1	0.46974762	17	16157.301	16157.501	16157.501	16157.701	16157.971
2	21	1	1	708	4	2	12	18	5	1	5	1	0.43443763	18	16159.541	16159.741	16159.741	16159.941	16160.175
2	21	1	1	709	4	2	12	19	1	1	4	1	0.61814095	19	16161.783	16161.983	16161.983	16162.183	16162.601
2	21	1	1	710	4	2	12	20	4	2	5	1	0.5268116	20	16164.022	16164.622	16164.622	16164.822	16165.149
2	21	1	1	711	4	2	12	21	2	1	4	1	0.43536255	21	16166.664	16166.864	16166.864	16167.064	16167.299
2	21	1	1	712	4	2	12	22	4	2	5	1	0.59587489	22	16168.904	16169.504	16169.504	16169.704	16170.099
2	21	1	1	713	4	2	12	23	1	2	4	1	0.40320864	23	16171.543	16172.143	16172.143	16172.343	16172.546
2	21	1	1	714	4	2	12	24	4	2	5	1	0.41301082	24	16174.18	16174.78	16174.78	16174.98	16175.193
2	21	1	1	715	4	2	12	25	1	2	4	1	0.4299488	25	16176.821	16177.421	16177.421	16177.621	16177.851
2	21	1	1	716	4	2	12	26	3	1	4	1	0.56661232	26	16179.46	16179.66	16179.66	16179.86	16180.226
2	21	1	1	717	4	2	12	27	2	1	4	1	0.58831124	27	16181.702	16181.902	16181.902	16182.102	16182.49
2	21	1	1	718	4	2	12	28	3	1	4	1	0.43893152	28	16183.941	16184.141	16184.141	16184.341	16184.58
2	21	1	1	719	4	2	12	29	6	1	5	1	0.59132366	29	16186.181	16186.381	16186.381	16186.581	16186.972
2	21	1	1	720	4	2	12	30	4	2	5	1	0.76847643	30	16188.421	16189.021	16189.021	16189.221	16189.789
