126	42	94	35	37	43	64	124	0	0	0	0	0	0	0	0	0	0	0	0
2	29	1	1	1	1	6	1	1	3	1	3	1	0.92906828	1	11970.142	11970.342	11970.342	11970.542	11971.271
2	29	1	1	2	1	6	1	2	2	2	2	1	0.98549267	2	11972.357	11972.957	11972.957	11973.157	11973.943
2	29	1	1	3	1	6	1	3	5	2	7	1	1.0644191	3	11974.97	11975.57	11975.57	11975.77	11976.634
2	29	1	1	4	1	6	1	4	6	2	8	1	0.80487941	4	11977.575	11978.175	11978.175	11978.375	11978.98
2	29	1	1	5	1	6	1	5	3	2	3	1	1.9928518	5	11980.183	11980.783	11980.783	11980.983	11982.776
2	29	1	1	6	1	6	1	6	6	1	7	0	1.5540324	5	11982.789	11982.989	11982.989	11983.189	11984.543
2	29	1	1	7	1	6	1	7	2	1	2	1	1.1749951	6	11985.302	11985.502	11985.502	11985.702	11986.677
2	29	1	1	8	1	6	1	8	4	1	6	1	1.62481	7	11987.509	11987.709	11987.709	11987.909	11989.334
2	29	1	1	9	1	6	1	9	3	1	3	1	1.1805869	8	11989.715	11989.915	11989.915	11990.115	11991.096
2	29	1	1	10	1	6	1	10	1	2	1	1	0.84349957	9	11991.921	11992.521	11992.521	11992.721	11993.365
2	29	1	1	11	1	6	1	11	6	2	8	1	0.71629886	10	11994.53	11995.13	11995.13	11995.33	11995.846
2	29	1	1	12	1	6	1	12	1	2	1	1	0.88001294	11	11997.135	11997.735	11997.735	11997.935	11998.615
2	29	1	1	13	1	6	1	13	4	2	6	1	1.161122	12	11999.741	12000.341	12000.341	12000.541	12001.502
2	29	1	1	14	1	6	1	14	3	2	3	1	1.4402514	13	12002.348	12002.948	12002.948	12003.148	12004.388
2	29	1	1	15	1	6	1	15	2	1	2	1	0.88885896	14	12004.955	12005.155	12005.155	12005.355	12006.044
2	29	1	1	16	1	6	1	16	4	1	6	1	0.8099464	15	12007.163	12007.363	12007.363	12007.563	12008.173
2	29	1	1	17	1	6	1	17	5	1	7	1	0.7729766	16	12009.368	12009.568	12009.568	12009.768	12010.341
2	29	1	1	18	1	6	1	18	6	2	8	1	0.88670295	17	12011.575	12012.175	12012.175	12012.375	12013.062
2	29	1	1	19	1	6	1	19	4	2	6	1	1.0781909	18	12014.183	12014.783	12014.783	12014.983	12015.861
2	29	1	1	20	1	6	1	20	1	1	1	1	0.753442	19	12016.79	12016.99	12016.99	12017.19	12017.743
2	29	1	1	21	1	6	1	21	3	1	3	1	1.0038048	20	12018.998	12019.198	12019.198	12019.398	12020.201
2	29	1	1	22	1	6	1	22	2	1	2	1	1.0040601	21	12021.204	12021.404	12021.404	12021.604	12022.408
2	29	1	1	23	1	6	1	23	5	1	7	1	1.4900677	22	12023.411	12023.611	12023.611	12023.811	12025.101
2	29	1	1	24	1	6	1	24	6	2	8	1	0.83412613	23	12025.618	12026.218	12026.218	12026.418	12027.052
2	29	1	1	25	1	6	1	25	2	1	1	0	0.70721494	23	12028.226	12028.426	12028.426	12028.626	12029.133
2	29	1	1	26	1	6	1	26	4	2	6	1	1.0216362	24	12030.741	12031.341	12031.341	12031.541	12032.363
2	29	1	1	27	1	6	1	27	1	2	1	1	0.80083679	25	12033.348	12033.948	12033.948	12034.148	12034.748
2	29	1	1	28	1	6	1	28	1	1	1	1	0.78087988	26	12035.954	12036.154	12036.154	12036.354	12036.935
2	29	1	1	29	1	6	1	29	5	2	7	1	1.1480713	27	12038.162	12038.762	12038.762	12038.962	12039.91
2	29	1	1	30	1	6	1	30	5	1	7	1	0.71049537	28	12040.769	12040.969	12040.969	12041.169	12041.679
2	29	1	1	31	1	2	1	1	1	1	4	1	0.60016995	1	12063.645	12063.845	12063.845	12064.045	12064.445
2	29	1	1	32	1	2	1	2	2	2	4	1	0.47594907	2	12065.857	12066.458	12066.458	12066.658	12066.933
2	29	1	1	33	1	2	1	3	3	2	4	1	0.50774652	3	12068.467	12069.067	12069.067	12069.267	12069.575
2	29	1	1	34	1	2	1	4	4	2	5	1	0.49092045	4	12071.075	12071.675	12071.675	12071.875	12072.166
2	29	1	1	35	1	2	1	5	5	2	5	1	0.57667924	5	12073.685	12074.285	12074.285	12074.485	12074.861
2	29	1	1	36	1	2	1	6	2	1	4	1	0.59179189	6	12076.293	12076.493	12076.493	12076.693	12077.085
2	29	1	1	37	1	2	1	7	6	1	5	1	0.46457726	7	12078.5	12078.7	12078.7	12078.9	12079.164
2	29	1	1	38	1	2	1	8	6	1	5	1	0.54453819	8	12080.708	12080.908	12080.908	12081.108	12081.452
2	29	1	1	39	1	2	1	9	4	1	5	1	0.47168474	9	12082.917	12083.117	12083.117	12083.317	12083.588
2	29	1	1	40	1	2	1	10	5	2	5	1	0.42393532	10	12085.125	12085.725	12085.725	12085.925	12086.149
2	29	1	1	41	1	2	1	11	3	2	4	1	0.56755914	11	12087.733	12088.333	12088.333	12088.533	12088.9
2	29	1	1	42	1	2	1	12	4	2	5	1	0.42419007	12	12090.341	12090.941	12090.941	12091.141	12091.365
2	29	1	1	43	1	2	1	13	1	2	4	1	0.51247174	13	12092.949	12093.549	12093.549	12093.749	12094.062
2	29	1	1	44	1	2	1	14	6	2	5	1	0.4355594	14	12095.558	12096.158	12096.158	12096.358	12096.593
2	29	1	1	45	1	2	1	15	1	1	4	1	0.52739917	15	12098.166	12098.366	12098.366	12098.566	12098.894
2	29	1	1	46	1	2	1	16	1	1	4	1	0.64616694	16	12100.375	12100.575	12100.575	12100.775	12101.221
2	29	1	1	47	1	2	1	17	6	1	5	1	0.52518304	17	12102.584	12102.784	12102.784	12102.984	12103.309
2	29	1	1	48	1	2	1	18	4	2	5	1	0.47016749	18	12104.81	12105.41	12105.41	12105.61	12105.88
2	29	1	1	49	1	2	1	19	5	2	5	1	0.49891893	19	12107.418	12108.018	12108.018	12108.218	12108.517
2	29	1	1	50	1	2	1	20	3	1	5	0	0.41853082	19	12110.027	12110.227	12110.227	12110.427	12110.646
2	29	1	1	51	1	2	1	21	3	1	4	1	0.6826689	20	12112.538	12112.738	12112.738	12112.938	12113.421
2	29	1	1	52	1	2	1	22	2	1	4	1	0.56346072	21	12114.745	12114.945	12114.945	12115.145	12115.509
2	29	1	1	53	1	2	1	23	3	1	4	1	0.53755506	22	12116.954	12117.154	12117.154	12117.354	12117.692
2	29	1	1	54	1	2	1	24	5	2	5	1	0.5079838	23	12119.164	12119.764	12119.764	12119.964	12120.272
2	29	1	1	55	1	2	1	25	5	1	5	1	0.72046	24	12121.772	12121.972	12121.973	12122.173	12122.693
2	29	1	1	56	1	2	1	26	2	2	4	1	0.62450143	25	12123.983	12124.583	12124.583	12124.783	12125.207
2	29	1	1	57	1	2	1	27	1	2	4	1	0.59665955	26	12126.592	12127.192	12127.192	12127.392	12127.788
2	29	1	1	58	1	2	1	28	6	1	5	1	0.67533254	27	12129.201	12129.401	12129.401	12129.601	12130.076
2	29	1	1	59	1	2	1	29	2	2	4	1	0.56235847	28	12131.41	12132.01	12132.01	12132.21	12132.573
2	29	1	1	60	1	2	1	30	4	1	5	1	0.57156679	29	12134.019	12134.219	12134.219	12134.419	12134.791
2	29	1	1	61	1	6	2	1	1	1	1	1	0.73783989	30	12209.22	12209.42	12209.42	12209.62	12210.158
2	29	1	1	62	1	6	2	2	2	2	2	1	0.71010978	31	12211.43	12212.03	12212.03	12212.23	12212.74
2	29	1	1	63	1	6	2	3	3	2	3	1	0.93016196	32	12214.038	12214.638	12214.638	12214.838	12215.568
2	29	1	1	64	1	6	2	4	4	2	6	1	0.51950683	33	12216.647	12217.247	12217.247	12217.447	12217.767
2	29	1	1	65	1	6	2	5	5	2	7	1	0.69022179	34	12219.257	12219.857	12219.857	12220.057	12220.547
2	29	1	1	66	1	6	2	6	2	1	1	0	0.93298644	34	12221.866	12222.066	12222.066	12222.266	12222.999
2	29	1	1	67	1	6	2	7	6	1	8	1	1.1261414	35	12224.385	12224.585	12224.585	12224.785	12225.711
2	29	1	1	68	1	6	2	8	6	1	8	1	0.96530722	36	12226.593	12226.793	12226.793	12226.993	12227.758
2	29	1	1	69	1	6	2	9	4	1	6	1	1.045456	37	12228.801	12229.001	12229.001	12229.201	12230.046
2	29	1	1	70	1	6	2	10	5	2	7	1	0.96395471	38	12231.011	12231.611	12231.611	12231.811	12232.575
2	29	1	1	71	1	6	2	11	3	2	2	0	0.89430259	38	12233.622	12234.222	12234.222	12234.422	12235.116
2	29	1	1	72	1	6	2	12	4	2	6	1	1.0479204	39	12236.542	12237.142	12237.142	12237.342	12238.19
2	29	1	1	73	1	6	2	13	1	2	1	1	0.75836569	40	12239.151	12239.751	12239.751	12239.951	12240.509
2	29	1	1	74	1	6	2	14	6	2	8	1	0.72302435	41	12241.761	12242.361	12242.361	12242.561	12243.084
2	29	1	1	75	1	6	2	15	1	1	1	1	0.78810371	42	12244.372	12244.572	12244.572	12244.772	12245.36
2	29	1	1	76	1	6	2	16	1	1	1	1	0.89620887	43	12246.583	12246.783	12246.783	12246.983	12247.679
2	29	1	1	77	1	6	2	17	6	1	8	1	0.82852997	44	12248.793	12248.993	12248.993	12249.193	12249.822
2	29	1	1	78	1	6	2	18	4	2	6	1	1.2584635	45	12251.004	12251.604	12251.604	12251.804	12252.862
2	29	1	1	79	1	6	2	19	5	2	7	1	0.78186824	46	12253.614	12254.214	12254.214	12254.414	12254.996
2	29	1	1	80	1	6	2	20	3	1	3	1	0.88472272	47	12256.225	12256.425	12256.425	12256.625	12257.309
2	29	1	1	81	1	6	2	21	3	1	3	1	0.68609075	48	12258.433	12258.633	12258.633	12258.833	12259.319
2	29	1	1	82	1	6	2	22	2	1	2	1	0.77312839	49	12260.643	12260.843	12260.843	12261.043	12261.616
2	29	1	1	83	1	6	2	23	3	1	3	1	0.66311457	50	12262.855	12263.055	12263.055	12263.255	12263.718
2	29	1	1	84	1	6	2	24	5	2	7	1	0.72486193	51	12265.066	12265.666	12265.666	12265.866	12266.391
2	29	1	1	85	1	6	2	25	5	1	7	1	0.62642736	52	12267.677	12267.877	12267.877	12268.077	12268.503
2	29	1	1	86	1	6	2	26	2	2	2	1	0.82046026	53	12269.889	12270.489	12270.489	12270.689	12271.31
2	29	1	1	87	1	6	2	27	1	2	1	1	0.79317063	54	12272.502	12273.102	12273.102	12273.302	12273.895
2	29	1	1	88	1	6	2	28	6	1	8	1	0.870103	55	12275.112	12275.312	12275.312	12275.512	12276.183
2	29	1	1	89	1	6	2	29	2	2	2	1	0.96189023	56	12277.324	12277.924	12277.924	12278.124	12278.886
2	29	1	1	90	1	6	2	30	4	1	6	1	0.89724372	57	12279.934	12280.134	12280.134	12280.334	12281.032
2	29	1	1	91	1	2	2	1	2	1	4	1	0.53036892	1	12294.316	12294.516	12294.516	12294.716	12295.046
2	29	1	1	92	1	2	2	2	5	2	5	1	0.54226153	2	12296.527	12297.127	12297.127	12297.327	12297.669
2	29	1	1	93	1	2	2	3	4	2	5	1	0.59527784	3	12299.138	12299.738	12299.739	12299.939	12300.334
2	29	1	1	94	1	2	2	4	2	2	4	1	0.58126326	4	12301.747	12302.347	12302.347	12302.547	12302.928
2	29	1	1	95	1	2	2	5	3	2	4	1	1.0560502	5	12304.359	12304.959	12304.959	12305.159	12306.015
2	29	1	1	96	1	2	2	6	4	1	5	1	0.56415865	6	12306.97	12307.17	12307.17	12307.37	12307.734
2	29	1	1	97	1	2	2	7	5	1	5	1	0.54730917	7	12309.18	12309.38	12309.38	12309.58	12309.927
2	29	1	1	98	1	2	2	8	1	1	4	1	0.59419772	8	12311.389	12311.589	12311.589	12311.789	12312.183
2	29	1	1	99	1	2	2	9	1	1	4	1	0.57330544	9	12313.6	12313.801	12313.801	12314.001	12314.374
2	29	1	1	100	1	2	2	10	2	2	4	1	0.53096918	10	12315.812	12316.412	12316.412	12316.612	12316.943
2	29	1	1	101	1	2	2	11	6	2	5	1	0.42375586	11	12318.424	12319.024	12319.024	12319.224	12319.448
2	29	1	1	102	1	2	2	12	1	2	4	1	0.56264733	12	12321.037	12321.637	12321.637	12321.837	12322.2
2	29	1	1	103	1	2	2	13	4	2	5	1	0.69612471	13	12323.646	12324.246	12324.246	12324.446	12324.942
2	29	1	1	104	1	2	2	14	3	2	4	1	0.6147783	14	12326.255	12326.855	12326.855	12327.055	12327.47
2	29	1	1	105	1	2	2	15	2	1	4	1	0.6343338	15	12328.867	12329.067	12329.067	12329.267	12329.701
2	29	1	1	106	1	2	2	16	1	1	4	1	0.57432273	16	12331.079	12331.279	12331.279	12331.479	12331.853
2	29	1	1	107	1	2	2	17	4	1	5	1	0.49292399	17	12333.291	12333.491	12333.491	12333.691	12333.983
2	29	1	1	108	1	2	2	18	6	2	5	1	0.52770366	18	12335.503	12336.103	12336.103	12336.303	12336.63
2	29	1	1	109	1	2	2	19	3	2	4	1	0.57837932	19	12338.114	12338.714	12338.714	12338.914	12339.293
2	29	1	1	110	1	2	2	20	4	1	5	1	0.61588338	20	12340.727	12340.927	12340.927	12341.127	12341.542
2	29	1	1	111	1	2	2	21	5	1	5	1	0.65349124	21	12342.939	12343.139	12343.139	12343.339	12343.792
2	29	1	1	112	1	2	2	22	6	1	5	1	0.55931445	22	12345.151	12345.351	12345.351	12345.551	12345.91
2	29	1	1	113	1	2	2	23	3	1	4	1	0.58732291	23	12347.363	12347.563	12347.563	12347.763	12348.151
2	29	1	1	114	1	2	2	24	3	2	4	1	0.67645715	24	12349.576	12350.176	12350.176	12350.376	12350.853
2	29	1	1	115	1	2	2	25	6	1	5	1	0.58872245	25	12352.186	12352.386	12352.386	12352.586	12352.975
2	29	1	1	116	1	2	2	26	5	2	5	1	0.56725625	26	12354.398	12354.998	12354.998	12355.198	12355.566
2	29	1	1	117	1	2	2	27	2	2	4	1	0.61942024	27	12357.009	12357.609	12357.609	12357.809	12358.228
2	29	1	1	118	1	2	2	28	5	1	5	1	0.52931071	28	12359.621	12359.821	12359.821	12360.021	12360.35
2	29	1	1	119	1	2	2	29	1	2	4	1	0.58074462	29	12361.834	12362.434	12362.434	12362.634	12363.015
2	29	1	1	120	1	2	2	30	6	1	5	1	0.52521252	30	12364.446	12364.646	12364.646	12364.846	12365.172
2	29	1	1	121	1	6	3	1	2	1	2	1	0.82252709	31	12382.648	12382.848	12382.848	12383.048	12383.67
2	29	1	1	122	1	6	3	2	5	2	7	1	0.98708654	32	12384.86	12385.46	12385.46	12385.66	12386.447
2	29	1	1	123	1	6	3	3	4	2	6	1	0.78459339	33	12387.47	12388.07	12388.07	12388.27	12388.855
2	29	1	1	124	1	6	3	4	2	2	2	1	0.95658812	34	12390.105	12390.705	12390.705	12390.905	12391.662
2	29	1	1	125	1	6	3	5	3	2	1	0	0.7687932	34	12392.718	12393.318	12393.318	12393.518	12394.087
2	29	1	1	126	1	6	3	6	4	1	6	1	0.77695817	35	12395.644	12395.844	12395.844	12396.044	12396.621
2	29	1	1	127	1	6	3	7	5	1	7	1	0.82111868	36	12397.857	12398.057	12398.057	12398.257	12398.878
2	29	1	1	128	1	6	3	8	1	1	1	1	0.74765237	37	12400.067	12400.267	12400.267	12400.467	12401.015
2	29	1	1	129	1	6	3	9	1	1	1	1	0.75867795	38	12402.277	12402.477	12402.477	12402.677	12403.236
2	29	1	1	130	1	6	3	10	2	2	2	1	0.79450894	39	12404.49	12405.09	12405.09	12405.29	12405.885
2	29	1	1	131	1	6	3	11	6	2	8	1	0.85243212	40	12407.103	12407.703	12407.703	12407.903	12408.556
2	29	1	1	132	1	6	3	12	1	2	1	1	0.84106731	41	12409.717	12410.317	12410.317	12410.517	12411.158
2	29	1	1	133	1	6	3	13	4	2	6	1	0.99578947	42	12412.33	12412.93	12412.93	12413.13	12413.926
2	29	1	1	134	1	6	3	14	3	2	3	1	1.2089038	43	12414.94	12415.54	12415.54	12415.74	12416.749
2	29	1	1	135	1	6	3	15	2	1	2	1	0.83170401	44	12417.55	12417.75	12417.75	12417.95	12418.582
2	29	1	1	136	1	6	3	16	1	1	1	1	0.82000719	45	12419.764	12419.964	12419.964	12420.164	12420.784
2	29	1	1	137	1	6	3	17	4	1	6	1	0.89400344	46	12421.977	12422.177	12422.177	12422.377	12423.071
2	29	1	1	138	1	6	3	18	6	2	8	1	0.7127853	47	12424.191	12424.791	12424.791	12424.991	12425.504
2	29	1	1	139	1	6	3	19	3	2	3	1	0.82912947	48	12426.801	12427.401	12427.401	12427.601	12428.23
2	29	1	1	140	1	6	3	20	4	1	6	1	0.8703345	49	12429.415	12429.615	12429.615	12429.815	12430.485
2	29	1	1	141	1	6	3	21	5	1	7	1	0.85766343	50	12431.629	12431.829	12431.829	12432.029	12432.686
2	29	1	1	142	1	6	3	22	6	1	8	1	1.1541066	51	12433.842	12434.042	12434.042	12434.242	12435.196
2	29	1	1	143	1	6	3	23	3	1	3	1	1.1547406	52	12436.053	12436.253	12436.253	12436.453	12437.408
2	29	1	1	144	1	6	3	24	3	2	3	1	0.70653717	53	12438.267	12438.867	12438.867	12439.067	12439.573
2	29	1	1	145	1	6	3	25	6	1	8	1	0.83602879	54	12440.88	12441.08	12441.08	12441.28	12441.916
2	29	1	1	146	1	6	3	26	5	2	7	1	0.97497231	55	12443.094	12443.694	12443.694	12443.894	12444.669
2	29	1	1	147	1	6	3	27	2	2	2	1	0.98401462	56	12445.708	12446.308	12446.308	12446.508	12447.292
2	29	1	1	148	1	6	3	28	5	1	7	1	1.1382234	57	12448.323	12448.523	12448.523	12448.723	12449.661
2	29	1	1	149	1	6	3	29	1	2	1	1	0.63020004	58	12450.536	12451.136	12451.136	12451.336	12451.767
2	29	1	1	150	1	6	3	30	6	1	8	1	1.0008577	59	12453.165	12453.365	12453.365	12453.565	12454.366
2	29	1	1	151	1	2	3	1	5	1	5	1	0.78294981	1	12465.768	12465.968	12465.968	12466.168	12466.751
2	29	1	1	152	1	2	3	2	3	2	4	1	0.60976542	2	12467.982	12468.582	12468.582	12468.782	12469.192
2	29	1	1	153	1	2	3	3	6	2	5	1	0.4597741	3	12470.596	12471.196	12471.196	12471.396	12471.656
2	29	1	1	154	1	2	3	4	2	2	4	1	0.73945219	4	12473.21	12473.81	12473.81	12474.01	12474.55
2	29	1	1	155	1	2	3	5	1	2	4	1	0.47687111	5	12475.826	12476.426	12476.426	12476.626	12476.903
2	29	1	1	156	1	2	3	6	3	1	4	1	0.49979041	6	12478.44	12478.64	12478.64	12478.84	12479.14
2	29	1	1	157	1	2	3	7	6	1	5	1	0.56690263	7	12480.654	12480.854	12480.854	12481.054	12481.421
2	29	1	1	158	1	2	3	8	2	1	4	1	0.48307352	8	12482.868	12483.068	12483.068	12483.268	12483.551
2	29	1	1	159	1	2	3	9	5	1	5	1	0.45013015	9	12485.082	12485.283	12485.283	12485.483	12485.733
2	29	1	1	160	1	2	3	10	4	2	5	1	0.49220859	10	12487.297	12487.897	12487.897	12488.097	12488.389
2	29	1	1	161	1	2	3	11	3	2	4	1	0.58062099	11	12489.911	12490.511	12490.511	12490.711	12491.092
2	29	1	1	162	1	2	3	12	6	2	5	1	0.61836311	12	12492.526	12493.126	12493.126	12493.326	12493.744
2	29	1	1	163	1	2	3	13	2	2	4	1	0.78727017	13	12495.138	12495.738	12495.738	12495.938	12496.525
2	29	1	1	164	1	2	3	14	6	2	5	1	0.62260625	14	12497.753	12498.353	12498.353	12498.553	12498.976
2	29	1	1	165	1	2	3	15	2	1	4	1	0.58223159	15	12500.367	12500.567	12500.567	12500.767	12501.15
2	29	1	1	166	1	2	3	16	4	1	5	1	0.5305616	16	12502.579	12502.779	12502.779	12502.979	12503.309
2	29	1	1	167	1	2	3	17	1	1	4	1	0.58849196	17	12504.793	12504.993	12504.993	12505.193	12505.582
2	29	1	1	168	1	2	3	18	5	2	5	1	0.46020226	18	12507.009	12507.609	12507.609	12507.809	12508.069
2	29	1	1	169	1	2	3	19	5	2	4	0	0.48064309	18	12509.624	12510.224	12510.224	12510.424	12510.704
2	29	1	1	170	1	2	3	20	6	1	5	1	0.66134673	19	12512.547	12512.747	12512.747	12512.947	12513.408
2	29	1	1	171	1	2	3	21	1	1	4	1	0.81177238	20	12514.762	12514.962	12514.962	12515.162	12515.774
2	29	1	1	172	1	2	3	22	1	1	4	1	0.60469564	21	12516.976	12517.176	12517.176	12517.376	12517.781
2	29	1	1	173	1	2	3	23	3	1	4	1	0.50445317	22	12519.23	12519.43	12519.43	12519.63	12519.934
2	29	1	1	174	1	2	3	24	5	2	5	1	0.56966434	23	12521.445	12522.045	12522.045	12522.245	12522.614
2	29	1	1	175	1	2	3	25	4	1	5	1	0.61785959	24	12524.06	12524.26	12524.26	12524.46	12524.878
2	29	1	1	176	1	2	3	26	3	2	4	1	0.60446846	25	12526.275	12526.875	12526.875	12527.075	12527.479
2	29	1	1	177	1	2	3	27	1	2	4	1	0.49900203	26	12528.89	12529.49	12529.49	12529.69	12529.989
2	29	1	1	178	1	2	3	28	4	1	5	1	0.67868784	27	12531.502	12531.702	12531.702	12531.902	12532.381
2	29	1	1	179	1	2	3	29	2	2	4	1	0.62663669	28	12533.717	12534.317	12534.317	12534.517	12534.944
2	29	1	1	180	1	2	3	30	4	1	5	1	0.60851536	29	12536.332	12536.532	12536.532	12536.732	12537.141
2	29	1	1	181	2	6	4	1	5	1	7	1	0.78429382	30	12849.684	12849.884	12849.884	12850.084	12850.668
2	29	1	1	182	2	6	4	2	3	2	3	1	0.9788394	31	12851.899	12852.499	12852.499	12852.699	12853.478
2	29	1	1	183	2	6	4	3	6	2	8	1	0.93137573	32	12854.514	12855.114	12855.114	12855.314	12856.046
2	29	1	1	184	2	6	4	4	2	2	2	1	0.81578882	33	12857.129	12857.729	12857.729	12857.929	12858.545
2	29	1	1	185	2	6	4	5	1	2	1	1	0.76210325	34	12859.741	12860.341	12860.341	12860.541	12861.103
2	29	1	1	186	2	6	4	6	3	1	3	1	0.92768526	35	12862.357	12862.557	12862.557	12862.757	12863.485
2	29	1	1	187	2	6	4	7	6	1	8	1	0.92662053	36	12864.606	12864.806	12864.806	12865.006	12865.732
2	29	1	1	188	2	6	4	8	2	1	2	1	0.92626257	37	12866.821	12867.021	12867.021	12867.221	12867.948
2	29	1	1	189	2	6	4	9	5	1	7	1	0.64288798	38	12869.037	12869.237	12869.237	12869.437	12869.88
2	29	1	1	190	2	6	4	10	4	2	6	1	0.55307687	39	12871.252	12871.852	12871.852	12872.052	12872.406
2	29	1	1	191	2	6	4	11	3	2	3	1	1.1443904	40	12873.868	12874.468	12874.468	12874.668	12875.613
2	29	1	1	192	2	6	4	12	6	2	8	1	0.7885202	41	12876.481	12877.081	12877.081	12877.281	12877.87
2	29	1	1	193	2	6	4	13	2	2	2	1	0.74568838	42	12879.097	12879.697	12879.697	12879.897	12880.443
2	29	1	1	194	2	6	4	14	6	2	8	1	0.74163851	43	12881.713	12882.313	12882.313	12882.513	12883.055
2	29	1	1	195	2	6	4	15	2	1	2	1	0.77374465	44	12884.329	12884.529	12884.529	12884.729	12885.303
2	29	1	1	196	2	6	4	16	4	1	7	0	0.75510373	44	12886.545	12886.745	12886.745	12886.945	12887.5
2	29	1	1	197	2	6	4	17	1	1	1	1	0.81424073	45	12888.758	12888.958	12888.958	12889.158	12889.772
2	29	1	1	198	2	6	4	18	5	2	7	1	0.96753802	46	12890.974	12891.574	12891.574	12891.774	12892.542
2	29	1	1	199	2	6	4	19	5	2	7	1	0.76689366	47	12893.59	12894.19	12894.19	12894.39	12894.957
2	29	1	1	200	2	6	4	20	6	1	8	1	0.67889372	48	12896.207	12896.407	12896.407	12896.607	12897.086
2	29	1	1	201	2	6	4	21	1	1	1	1	0.81258979	49	12898.423	12898.623	12898.623	12898.823	12899.436
2	29	1	1	202	2	6	4	22	1	1	1	1	0.83281055	50	12900.653	12900.853	12900.853	12901.053	12901.686
2	29	1	1	203	2	6	4	23	3	1	3	1	0.92716778	51	12902.869	12903.069	12903.069	12903.269	12903.996
2	29	1	1	204	2	6	4	24	5	2	7	1	0.80246954	52	12905.082	12905.682	12905.682	12905.882	12906.485
2	29	1	1	205	2	6	4	25	4	1	6	1	0.84064426	53	12907.698	12907.898	12907.898	12908.098	12908.739
2	29	1	1	206	2	6	4	26	3	2	3	1	0.85778127	54	12909.915	12910.515	12910.515	12910.715	12911.373
2	29	1	1	207	2	6	4	27	1	2	1	1	0.72077928	55	12912.532	12913.132	12913.132	12913.332	12913.853
2	29	1	1	208	2	6	4	28	4	1	6	1	0.82524712	56	12915.15	12915.35	12915.35	12915.55	12916.176
2	29	1	1	209	2	6	4	29	2	2	2	1	0.85591368	57	12917.367	12917.967	12917.967	12918.167	12918.823
2	29	1	1	210	2	6	4	30	4	1	6	1	0.77405814	58	12919.984	12920.184	12920.184	12920.384	12920.958
2	29	1	1	211	2	2	4	1	4	1	5	1	0.68870776	1	12950.263	12950.463	12950.463	12950.663	12951.152
2	29	1	1	212	2	2	4	2	3	2	4	1	0.65538271	2	12952.48	12953.08	12953.08	12953.28	12953.736
2	29	1	1	213	2	2	4	3	1	2	4	1	0.67871985	3	12955.096	12955.696	12955.696	12955.896	12956.375
2	29	1	1	214	2	2	4	4	2	2	4	1	0.59262382	4	12957.716	12958.316	12958.316	12958.516	12958.909
2	29	1	1	215	2	2	4	5	5	2	5	1	0.61025633	5	12960.334	12960.934	12960.934	12961.134	12961.544
2	29	1	1	216	2	2	4	6	3	1	4	1	0.62505545	6	12962.95	12963.15	12963.15	12963.35	12963.775
2	29	1	1	217	2	2	4	7	2	1	4	1	0.62299971	7	12965.167	12965.367	12965.367	12965.567	12965.99
2	29	1	1	218	2	2	4	8	2	1	4	1	0.52806195	8	12967.384	12967.584	12967.584	12967.784	12968.112
2	29	1	1	219	2	2	4	9	4	1	5	1	0.47634429	9	12969.601	12969.801	12969.801	12970.001	12970.277
2	29	1	1	220	2	2	4	10	1	2	4	1	0.55705386	10	12971.817	12972.417	12972.417	12972.617	12972.974
2	29	1	1	221	2	2	4	11	3	2	4	1	0.69035464	11	12974.434	12975.034	12975.034	12975.234	12975.725
2	29	1	1	222	2	2	4	12	4	2	5	1	0.57232581	12	12977.052	12977.652	12977.652	12977.852	12978.224
2	29	1	1	223	2	2	4	13	3	2	4	1	0.55235581	13	12979.669	12980.269	12980.269	12980.469	12980.822
2	29	1	1	224	2	2	4	14	6	2	5	1	0.44723433	14	12982.286	12982.886	12982.886	12983.086	12983.334
2	29	1	1	225	2	2	4	15	6	1	5	1	0.46850095	15	12984.904	12985.104	12985.104	12985.304	12985.572
2	29	1	1	226	2	2	4	16	6	1	5	1	0.47454213	16	12987.121	12987.321	12987.322	12987.522	12987.796
2	29	1	1	227	2	2	4	17	5	1	5	1	0.44328314	17	12989.339	12989.539	12989.539	12989.739	12989.982
2	29	1	1	228	2	2	4	18	2	2	4	1	0.63072369	18	12991.557	12992.157	12992.157	12992.357	12992.788
2	29	1	1	229	2	2	4	19	6	2	5	1	0.47871108	19	12994.176	12994.776	12994.776	12994.976	12995.254
2	29	1	1	230	2	2	4	20	6	1	5	1	0.64048753	20	12996.79	12996.99	12996.99	12997.19	12997.63
2	29	1	1	231	2	2	4	21	4	1	5	1	0.45238849	21	12999.007	12999.207	12999.207	12999.407	12999.66
2	29	1	1	232	2	2	4	22	5	1	5	1	0.54102689	22	13001.225	13001.425	13001.425	13001.625	13001.966
2	29	1	1	233	2	2	4	23	4	1	5	1	0.4571218	23	13003.446	13003.646	13003.646	13003.846	13004.103
2	29	1	1	234	2	2	4	24	1	2	4	1	0.59532353	24	13005.665	13006.265	13006.265	13006.465	13006.86
2	29	1	1	235	2	2	4	25	5	1	5	1	0.66454854	25	13008.283	13008.483	13008.483	13008.683	13009.148
2	29	1	1	236	2	2	4	26	3	2	4	1	0.55337888	26	13010.501	13011.101	13011.101	13011.301	13011.655
2	29	1	1	237	2	2	4	27	2	2	4	1	0.63800463	27	13013.119	13013.719	13013.719	13013.919	13014.357
2	29	1	1	238	2	2	4	28	1	1	4	1	0.75644792	28	13015.736	13015.936	13015.936	13016.137	13016.693
2	29	1	1	239	2	2	4	29	5	2	5	1	0.77830628	29	13017.955	13018.555	13018.555	13018.755	13019.333
2	29	1	1	240	2	2	4	30	1	1	4	1	0.54264613	30	13020.573	13020.773	13020.773	13020.973	13021.316
2	29	1	1	241	2	6	5	1	4	1	6	1	1.520409	31	13050.862	13051.062	13051.062	13051.262	13052.582
2	29	1	1	242	2	6	5	2	3	2	3	1	0.74898734	32	13053.08	13053.68	13053.68	13053.88	13054.429
2	29	1	1	243	2	6	5	3	1	2	1	1	0.69058402	33	13055.698	13056.298	13056.298	13056.498	13056.989
2	29	1	1	244	2	6	5	4	2	2	2	1	0.92351724	34	13058.317	13058.917	13058.917	13059.117	13059.84
2	29	1	1	245	2	6	5	5	5	2	7	1	0.94271748	35	13060.935	13061.535	13061.535	13061.735	13062.478
2	29	1	1	246	2	6	5	6	3	1	3	1	1.1254806	36	13063.554	13063.754	13063.754	13063.954	13064.879
2	29	1	1	247	2	6	5	7	2	1	2	1	0.77691686	37	13065.773	13065.973	13065.973	13066.173	13066.749
2	29	1	1	248	2	6	5	8	2	1	2	1	0.60205745	38	13067.988	13068.188	13068.188	13068.388	13068.79
2	29	1	1	249	2	6	5	9	4	1	6	1	0.74392054	39	13070.206	13070.406	13070.406	13070.606	13071.15
2	29	1	1	250	2	6	5	10	1	2	1	1	0.85855372	40	13072.422	13073.022	13073.022	13073.222	13073.88
2	29	1	1	251	2	6	5	11	3	2	3	1	0.73489711	41	13075.039	13075.639	13075.639	13075.839	13076.374
2	29	1	1	252	2	6	5	12	4	2	6	1	0.83168009	42	13077.657	13078.257	13078.257	13078.457	13079.089
2	29	1	1	253	2	6	5	13	3	2	3	1	0.75077113	43	13080.276	13080.876	13080.876	13081.076	13081.627
2	29	1	1	254	2	6	5	14	6	2	8	1	0.82055021	44	13082.896	13083.496	13083.496	13083.696	13084.316
2	29	1	1	255	2	6	5	15	6	1	8	1	0.80916355	45	13085.515	13085.715	13085.715	13085.915	13086.525
2	29	1	1	256	2	6	5	16	6	1	8	1	0.69451047	46	13087.734	13087.934	13087.934	13088.134	13088.629
2	29	1	1	257	2	6	5	17	5	1	7	1	0.90965634	47	13089.953	13090.153	13090.153	13090.353	13091.062
2	29	1	1	258	2	6	5	18	2	2	2	1	0.96003587	48	13092.172	13092.772	13092.772	13092.972	13093.732
2	29	1	1	259	2	6	5	19	6	2	8	1	0.82095628	49	13094.791	13095.391	13095.391	13095.591	13096.212
2	29	1	1	260	2	6	5	20	6	1	8	1	0.73260185	50	13097.41	13097.61	13097.61	13097.81	13098.343
2	29	1	1	261	2	6	5	21	4	1	6	1	0.91941999	51	13099.63	13099.83	13099.83	13100.03	13100.749
2	29	1	1	262	2	6	5	22	5	1	7	1	0.84191226	52	13101.891	13102.091	13102.091	13102.291	13102.933
2	29	1	1	263	2	6	5	23	4	1	6	1	0.84593119	53	13104.11	13104.31	13104.31	13104.51	13105.156
2	29	1	1	264	2	6	5	24	1	2	1	1	0.90236799	54	13106.33	13106.93	13106.93	13107.13	13107.832
2	29	1	1	265	2	6	5	25	5	1	7	1	1.0507587	55	13108.95	13109.15	13109.15	13109.35	13110.2
2	29	1	1	266	2	6	5	26	3	2	3	1	1.094635	56	13111.168	13111.768	13111.768	13111.968	13112.863
2	29	1	1	267	2	6	5	27	2	2	2	1	0.99431986	57	13113.788	13114.388	13114.388	13114.588	13115.382
2	29	1	1	268	2	6	5	28	1	1	1	1	0.8715043	58	13116.407	13116.607	13116.607	13116.807	13117.479
2	29	1	1	269	2	6	5	29	5	2	7	1	1.1502397	59	13118.627	13119.227	13119.227	13119.427	13120.377
2	29	1	1	270	2	6	5	30	1	1	1	1	1.0744297	60	13121.246	13121.446	13121.446	13121.646	13122.52
2	29	1	1	271	2	2	5	1	2	1	4	1	0.59870068	1	13151.521	13151.721	13151.721	13151.921	13152.32
2	29	1	1	272	2	2	5	2	2	2	4	1	0.48257004	2	13153.741	13154.341	13154.341	13154.541	13154.824
2	29	1	1	273	2	2	5	3	4	2	5	1	0.46658645	3	13156.363	13156.963	13156.963	13157.163	13157.429
2	29	1	1	274	2	2	5	4	4	2	5	1	0.4815379	4	13158.979	13159.579	13159.579	13159.779	13160.061
2	29	1	1	275	2	2	5	5	1	2	4	1	0.63719673	5	13161.599	13162.199	13162.199	13162.399	13162.836
2	29	1	1	276	2	2	5	6	1	1	4	1	0.61893928	6	13164.219	13164.419	13164.419	13164.619	13165.037
2	29	1	1	277	2	2	5	7	2	1	4	1	0.52505927	7	13166.439	13166.639	13166.639	13166.839	13167.164
2	29	1	1	278	2	2	5	8	1	1	4	1	0.56294801	8	13168.659	13168.859	13168.859	13169.059	13169.422
2	29	1	1	279	2	2	5	9	5	1	5	1	0.68011869	9	13170.879	13171.079	13171.079	13171.279	13171.759
2	29	1	1	280	2	2	5	10	4	2	5	1	0.5054479	10	13173.099	13173.699	13173.699	13173.899	13174.205
2	29	1	1	281	2	2	5	11	3	2	4	1	0.59255393	11	13175.72	13176.32	13176.32	13176.52	13176.912
2	29	1	1	282	2	2	5	12	5	2	5	1	0.68057318	12	13178.34	13178.94	13178.94	13179.14	13179.62
2	29	1	1	283	2	2	5	13	3	2	4	1	0.66076434	13	13180.96	13181.56	13181.56	13181.76	13182.221
2	29	1	1	284	2	2	5	14	6	2	5	1	0.59483798	14	13183.58	13184.18	13184.18	13184.38	13184.775
2	29	1	1	285	2	2	5	15	1	1	4	1	0.827107	15	13186.201	13186.401	13186.401	13186.601	13187.228
2	29	1	1	286	2	2	5	16	2	1	4	1	0.66844553	16	13188.425	13188.625	13188.625	13188.825	13189.294
2	29	1	1	287	2	2	5	17	3	1	4	1	0.56118081	17	13190.645	13190.845	13190.845	13191.045	13191.407
2	29	1	1	288	2	2	5	18	4	2	5	1	0.59665722	18	13192.865	13193.465	13193.465	13193.665	13194.062
2	29	1	1	289	2	2	5	19	3	2	4	1	0.68120374	19	13195.483	13196.083	13196.083	13196.283	13196.765
2	29	1	1	290	2	2	5	20	6	1	5	1	0.67760012	20	13198.104	13198.304	13198.304	13198.504	13198.982
2	29	1	1	291	2	2	5	21	5	1	5	1	0.59159356	21	13200.324	13200.525	13200.525	13200.725	13201.116
2	29	1	1	292	2	2	5	22	3	1	4	1	0.67115605	22	13202.545	13202.745	13202.745	13202.945	13203.416
2	29	1	1	293	2	2	5	23	1	1	4	1	0.63979735	23	13204.764	13204.964	13204.964	13205.164	13205.604
2	29	1	1	294	2	2	5	24	4	2	5	1	0.67274109	24	13207.021	13207.621	13207.621	13207.821	13208.293
2	29	1	1	295	2	2	5	25	5	1	5	1	0.57345881	25	13209.641	13209.841	13209.841	13210.041	13210.415
2	29	1	1	296	2	2	5	26	6	2	5	1	0.60164303	26	13211.861	13212.461	13212.461	13212.661	13213.063
2	29	1	1	297	2	2	5	27	6	2	5	1	0.61295038	27	13214.481	13215.081	13215.081	13215.281	13215.694
2	29	1	1	298	2	2	5	28	6	1	5	1	0.5294434	28	13217.102	13217.302	13217.302	13217.502	13217.831
2	29	1	1	299	2	2	5	29	2	2	4	1	0.67024149	29	13219.32	13219.92	13219.92	13220.12	13220.59
2	29	1	1	300	2	2	5	30	5	1	5	1	0.62686406	30	13221.941	13222.141	13222.141	13222.341	13222.768
2	29	1	1	301	2	6	6	1	2	1	2	1	0.9333882	31	13252.24	13252.44	13252.44	13252.64	13253.374
2	29	1	1	302	2	6	6	2	2	2	2	1	0.83319607	32	13254.462	13255.062	13255.062	13255.262	13255.895
2	29	1	1	303	2	6	6	3	4	2	6	1	0.73202103	33	13257.082	13257.682	13257.682	13257.882	13258.414
2	29	1	1	304	2	6	6	4	4	2	6	1	0.52068073	34	13259.704	13260.304	13260.304	13260.504	13260.824
2	29	1	1	305	2	6	6	5	1	2	1	1	0.97451683	35	13262.325	13262.925	13262.925	13263.125	13263.9
2	29	1	1	306	2	6	6	6	1	1	1	1	0.64362061	36	13264.945	13265.145	13265.145	13265.345	13265.789
2	29	1	1	307	2	6	6	7	2	1	2	1	0.6381541	37	13267.166	13267.366	13267.366	13267.566	13268.005
2	29	1	1	308	2	6	6	8	1	1	1	1	0.76428775	38	13269.387	13269.587	13269.587	13269.787	13270.351
2	29	1	1	309	2	6	6	9	5	1	7	1	1.4801375	39	13271.608	13271.808	13271.808	13272.008	13273.288
2	29	1	1	310	2	6	6	10	4	2	6	1	0.84539511	40	13273.831	13274.431	13274.431	13274.631	13275.276
2	29	1	1	311	2	6	6	11	3	2	3	1	0.93984109	41	13276.449	13277.049	13277.049	13277.249	13277.989
2	29	1	1	312	2	6	6	12	5	2	7	1	0.97125399	42	13279.107	13279.707	13279.707	13279.907	13280.678
2	29	1	1	313	2	6	6	13	3	2	3	1	0.77339129	43	13281.73	13282.33	13282.33	13282.53	13283.103
2	29	1	1	314	2	6	6	14	6	2	8	1	0.75884939	44	13284.351	13284.951	13284.951	13285.151	13285.71
2	29	1	1	315	2	6	6	15	1	1	1	1	0.84428385	45	13286.972	13287.172	13287.172	13287.372	13288.016
2	29	1	1	316	2	6	6	16	2	1	2	1	0.75542234	46	13289.193	13289.393	13289.393	13289.593	13290.149
2	29	1	1	317	2	6	6	17	3	1	3	1	0.61358978	47	13291.415	13291.615	13291.615	13291.815	13292.228
2	29	1	1	318	2	6	6	18	4	2	6	1	0.61186383	48	13293.634	13294.234	13294.235	13294.435	13294.846
2	29	1	1	319	2	6	6	19	3	2	3	1	1.195557	49	13296.256	13296.856	13296.856	13297.056	13298.052
2	29	1	1	320	2	6	6	20	6	1	8	1	0.84629607	50	13298.878	13299.078	13299.078	13299.278	13299.924
2	29	1	1	321	2	6	6	21	5	1	7	1	0.90019645	51	13301.1	13301.3	13301.3	13301.5	13302.2
2	29	1	1	322	2	6	6	22	3	1	3	1	0.77258246	52	13303.321	13303.521	13303.521	13303.721	13304.294
2	29	1	1	323	2	6	6	23	1	1	1	1	0.77641967	53	13305.543	13305.743	13305.743	13305.943	13306.52
2	29	1	1	324	2	6	6	24	4	2	6	1	0.80678728	54	13307.765	13308.365	13308.365	13308.565	13309.172
2	29	1	1	325	2	6	6	25	5	1	7	1	0.68272678	55	13310.387	13310.587	13310.587	13310.787	13311.27
2	29	1	1	326	2	6	6	26	6	2	8	1	0.60654401	56	13312.606	13313.206	13313.206	13313.406	13313.812
2	29	1	1	327	2	6	6	27	6	2	8	1	0.71571698	57	13315.228	13315.828	13315.828	13316.028	13316.544
2	29	1	1	328	2	6	6	28	6	1	8	1	0.68782053	58	13317.848	13318.048	13318.048	13318.248	13318.736
2	29	1	1	329	2	6	6	29	2	2	2	1	0.91751719	59	13320.07	13320.67	13320.67	13320.87	13321.588
2	29	1	1	330	2	6	6	30	5	1	7	1	1.1769467	60	13322.692	13322.892	13322.892	13323.092	13324.069
2	29	1	1	331	2	2	6	1	6	1	5	1	0.58466432	1	13352.98	13353.18	13353.18	13353.38	13353.764
2	29	1	1	332	2	2	6	2	5	2	5	1	0.57249321	2	13355.202	13355.802	13355.802	13356.002	13356.375
2	29	1	1	333	2	2	6	3	5	2	5	1	0.54068992	3	13357.824	13358.424	13358.424	13358.624	13358.965
2	29	1	1	334	2	2	6	4	3	2	4	1	0.53411875	4	13360.446	13361.046	13361.046	13361.246	13361.58
2	29	1	1	335	2	2	6	5	4	2	5	1	0.44018925	5	13363.068	13363.668	13363.668	13363.868	13364.108
2	29	1	1	336	2	2	6	6	4	1	5	1	0.53322428	6	13365.69	13365.89	13365.89	13366.09	13366.424
2	29	1	1	337	2	2	6	7	3	1	4	1	0.52224924	7	13367.916	13368.116	13368.116	13368.316	13368.638
2	29	1	1	338	2	2	6	8	1	1	4	1	0.68937987	8	13370.139	13370.339	13370.339	13370.539	13371.028
2	29	1	1	339	2	2	6	9	2	1	4	1	0.56746566	9	13372.357	13372.557	13372.557	13372.757	13373.125
2	29	1	1	340	2	2	6	10	2	2	4	1	0.59315142	10	13374.583	13375.183	13375.183	13375.383	13375.776
2	29	1	1	341	2	2	6	11	1	2	4	1	0.60172139	11	13377.205	13377.805	13377.805	13378.005	13378.407
2	29	1	1	342	2	2	6	12	5	2	4	0	0.41660955	11	13379.828	13380.428	13380.428	13380.628	13380.844
2	29	1	1	343	2	2	6	13	4	2	5	1	0.57699444	12	13382.453	13383.053	13383.053	13383.253	13383.63
2	29	1	1	344	2	2	6	14	1	2	4	1	0.64199352	13	13385.077	13385.677	13385.677	13385.877	13386.319
2	29	1	1	345	2	2	6	15	3	1	4	1	0.57268802	14	13387.699	13387.899	13387.899	13388.099	13388.472
2	29	1	1	346	2	2	6	16	6	1	5	1	0.54325369	15	13389.921	13390.121	13390.121	13390.321	13390.664
2	29	1	1	347	2	2	6	17	6	1	5	1	0.54906239	16	13392.144	13392.344	13392.344	13392.544	13392.893
2	29	1	1	348	2	2	6	18	3	2	4	1	0.70619451	17	13394.366	13394.966	13394.966	13395.166	13395.672
2	29	1	1	349	2	2	6	19	4	2	5	1	0.61768263	18	13396.988	13397.588	13397.588	13397.788	13398.206
2	29	1	1	350	2	2	6	20	6	1	5	1	0.53999926	19	13399.61	13399.81	13399.81	13400.01	13400.35
2	29	1	1	351	2	2	6	21	2	1	4	1	0.62096027	20	13401.833	13402.033	13402.033	13402.233	13402.654
2	29	1	1	352	2	2	6	22	6	1	5	1	0.51046183	21	13404.055	13404.256	13404.256	13404.456	13404.766
2	29	1	1	353	2	2	6	23	1	1	4	1	0.66198755	22	13406.278	13406.478	13406.478	13406.678	13407.14
2	29	1	1	354	2	2	6	24	2	2	4	1	0.69768496	23	13408.498	13409.098	13409.098	13409.298	13409.796
2	29	1	1	355	2	2	6	25	5	1	5	1	0.6045238	24	13411.122	13411.322	13411.322	13411.522	13411.927
2	29	1	1	356	2	2	6	26	2	2	4	1	0.66433839	25	13413.346	13413.946	13413.946	13414.146	13414.61
2	29	1	1	357	2	2	6	27	3	2	4	1	0.62593782	26	13415.969	13416.569	13416.569	13416.769	13417.195
2	29	1	1	358	2	2	6	28	1	1	4	1	0.6206742	27	13418.594	13418.794	13418.794	13418.994	13419.415
2	29	1	1	359	2	2	6	29	5	2	5	1	0.55504448	28	13420.817	13421.417	13421.417	13421.617	13421.972
2	29	1	1	360	2	2	6	30	4	1	5	1	0.55599605	29	13423.441	13423.641	13423.641	13423.841	13424.197
2	29	1	1	361	3	6	7	1	6	1	8	1	0.89316278	30	14309.161	14309.361	14309.361	14309.561	14310.254
2	29	1	1	362	3	6	7	2	5	2	7	1	0.77317921	31	14311.384	14311.984	14311.984	14312.184	14312.757
2	29	1	1	363	3	6	7	3	5	2	7	1	0.70930634	32	14314.008	14314.608	14314.608	14314.808	14315.317
2	29	1	1	364	3	6	7	4	3	2	3	1	0.72684031	33	14316.631	14317.231	14317.231	14317.431	14317.958
2	29	1	1	365	3	6	7	5	4	2	6	1	0.83885484	34	14319.254	14319.854	14319.854	14320.054	14320.693
2	29	1	1	366	3	6	7	6	4	1	6	1	0.68234124	35	14321.878	14322.078	14322.078	14322.278	14322.76
2	29	1	1	367	3	6	7	7	3	1	3	1	0.8082061	36	14324.102	14324.302	14324.302	14324.502	14325.11
2	29	1	1	368	3	6	7	8	1	1	1	1	0.69884803	37	14326.325	14326.525	14326.525	14326.725	14327.224
2	29	1	1	369	3	6	7	9	2	1	2	1	0.72956179	38	14328.549	14328.749	14328.749	14328.949	14329.478
2	29	1	1	370	3	6	7	10	2	2	2	1	0.71341267	39	14330.77	14331.37	14331.37	14331.57	14332.083
2	29	1	1	371	3	6	7	11	1	2	1	1	0.93933321	40	14333.393	14333.993	14333.993	14334.193	14334.933
2	29	1	1	372	3	6	7	12	5	2	7	1	0.85998695	41	14336.017	14336.617	14336.617	14336.817	14337.477
2	29	1	1	373	3	6	7	13	4	2	6	1	0.77539149	42	14338.641	14339.241	14339.241	14339.441	14340.016
2	29	1	1	374	3	6	7	14	1	2	1	1	0.76315137	43	14341.265	14341.865	14341.865	14342.065	14342.628
2	29	1	1	375	3	6	7	15	3	1	3	1	0.9551296	44	14343.892	14344.092	14344.092	14344.292	14345.047
2	29	1	1	376	3	6	7	16	6	1	8	1	0.7428305	45	14346.118	14346.318	14346.318	14346.518	14347.061
2	29	1	1	377	3	6	7	17	6	1	8	1	0.70865662	46	14348.343	14348.543	14348.543	14348.743	14349.252
2	29	1	1	378	3	6	7	18	3	2	3	1	0.75506145	47	14350.567	14351.167	14351.167	14351.367	14351.923
2	29	1	1	379	3	6	7	19	4	2	6	1	0.99889919	48	14353.191	14353.791	14353.791	14353.991	14354.79
2	29	1	1	380	3	6	7	20	6	1	8	1	0.78657432	49	14355.812	14356.012	14356.012	14356.212	14356.799
2	29	1	1	381	3	6	7	21	2	1	2	1	0.8093177	50	14358.036	14358.236	14358.236	14358.436	14359.045
2	29	1	1	382	3	6	7	22	6	1	8	1	0.87494773	51	14360.26	14360.46	14360.46	14360.66	14361.335
2	29	1	1	383	3	6	7	23	1	1	1	1	0.71747975	52	14362.48	14362.681	14362.681	14362.881	14363.398
2	29	1	1	384	3	6	7	24	2	2	2	1	0.84733171	53	14364.705	14365.305	14365.305	14365.505	14366.152
2	29	1	1	385	3	6	7	25	5	1	7	1	0.94899736	54	14367.329	14367.529	14367.529	14367.729	14368.478
2	29	1	1	386	3	6	7	26	2	2	2	1	0.7754302	55	14369.551	14370.151	14370.151	14370.351	14370.926
2	29	1	1	387	3	6	7	27	3	2	3	1	0.80072041	56	14372.174	14372.774	14372.774	14372.974	14373.575
2	29	1	1	388	3	6	7	28	1	1	1	1	0.68880943	57	14374.799	14374.999	14374.999	14375.199	14375.688
2	29	1	1	389	3	6	7	29	5	2	7	1	0.82887748	58	14377.024	14377.624	14377.624	14377.824	14378.453
2	29	1	1	390	3	6	7	30	4	1	8	0	0.71646956	58	14379.648	14379.848	14379.848	14380.048	14380.565
2	29	1	1	391	3	2	7	1	3	1	4	1	0.6520133	1	14409.93	14410.13	14410.13	14410.33	14410.782
2	29	1	1	392	3	2	7	2	1	2	4	1	0.51771972	2	14412.154	14412.754	14412.754	14412.954	14413.272
2	29	1	1	393	3	2	7	3	2	2	4	1	0.56517641	3	14414.779	14415.379	14415.379	14415.579	14415.944
2	29	1	1	394	3	2	7	4	2	2	4	1	0.50737641	4	14417.404	14418.004	14418.004	14418.204	14418.511
2	29	1	1	395	3	2	7	5	4	2	5	1	0.58754877	5	14420.028	14420.628	14420.628	14420.828	14421.215
2	29	1	1	396	3	2	7	6	1	1	4	1	0.60909722	6	14422.652	14422.852	14422.852	14423.052	14423.461
2	29	1	1	397	3	2	7	7	6	1	5	1	0.44374011	7	14424.88	14425.08	14425.08	14425.28	14425.524
2	29	1	1	398	3	2	7	8	6	1	5	1	0.50516985	8	14427.102	14427.302	14427.302	14427.502	14427.807
2	29	1	1	399	3	2	7	9	6	1	5	1	0.46230495	9	14429.327	14429.527	14429.527	14429.727	14429.989
2	29	1	1	400	3	2	7	10	3	2	4	1	0.59137456	10	14431.552	14432.152	14432.152	14432.352	14432.744
2	29	1	1	401	3	2	7	11	5	2	5	1	0.54177142	11	14434.177	14434.777	14434.777	14434.977	14435.319
2	29	1	1	402	3	2	7	12	4	2	5	1	0.46800265	12	14436.802	14437.402	14437.402	14437.602	14437.87
2	29	1	1	403	3	2	7	13	6	2	5	1	0.49173758	13	14439.427	14440.027	14440.027	14440.227	14440.519
2	29	1	1	404	3	2	7	14	1	2	4	1	0.61867583	14	14442.052	14442.652	14442.652	14442.852	14443.271
2	29	1	1	405	3	2	7	15	5	1	5	1	0.57053494	15	14444.677	14444.877	14444.877	14445.077	14445.448
2	29	1	1	406	3	2	7	16	4	1	5	1	0.52399836	16	14446.899	14447.099	14447.099	14447.299	14447.623
2	29	1	1	407	3	2	7	17	2	1	4	1	0.62705418	17	14449.124	14449.324	14449.324	14449.524	14449.951
2	29	1	1	408	3	2	7	18	1	2	4	1	0.60089694	18	14451.345	14451.945	14451.945	14452.145	14452.546
2	29	1	1	409	3	2	7	19	2	2	4	1	0.55583744	19	14453.971	14454.571	14454.571	14454.771	14455.126
2	29	1	1	410	3	2	7	20	3	1	4	1	0.56389484	20	14456.624	14456.824	14456.824	14457.024	14457.388
2	29	1	1	411	3	2	7	21	6	1	5	1	0.49785206	21	14458.855	14459.055	14459.055	14459.255	14459.552
2	29	1	1	412	3	2	7	22	3	1	4	1	0.61363803	22	14461.08	14461.28	14461.28	14461.48	14461.894
2	29	1	1	413	3	2	7	23	4	1	5	1	0.47104757	23	14463.305	14463.505	14463.505	14463.705	14463.976
2	29	1	1	414	3	2	7	24	5	2	5	1	0.52341306	24	14465.53	14466.13	14466.13	14466.33	14466.654
2	29	1	1	415	3	2	7	25	4	1	5	1	0.50827267	25	14468.156	14468.356	14468.356	14468.556	14468.864
2	29	1	1	416	3	2	7	26	1	2	4	1	0.50904336	26	14470.382	14470.982	14470.982	14471.182	14471.491
2	29	1	1	417	3	2	7	27	2	2	4	1	0.65104161	27	14473.005	14473.605	14473.605	14473.805	14474.256
2	29	1	1	418	3	2	7	28	5	1	5	1	0.52812783	28	14475.631	14475.831	14475.831	14476.031	14476.359
2	29	1	1	419	3	2	7	29	3	2	4	1	0.63838312	29	14477.856	14478.456	14478.456	14478.656	14479.095
2	29	1	1	420	3	2	7	30	5	1	5	1	0.47024572	30	14480.482	14480.682	14480.682	14480.882	14481.152
2	29	1	1	421	3	6	8	1	3	1	3	1	0.74320177	31	14510.79	14510.99	14510.99	14511.19	14511.733
2	29	1	1	422	3	6	8	2	1	2	1	1	0.75751631	32	14513.016	14513.616	14513.616	14513.816	14514.373
2	29	1	1	423	3	6	8	3	2	2	2	1	0.77079325	33	14515.642	14516.242	14516.242	14516.442	14517.013
2	29	1	1	424	3	6	8	4	2	2	2	1	0.88150304	34	14518.269	14518.869	14518.869	14519.069	14519.75
2	29	1	1	425	3	6	8	5	4	2	6	1	0.56639676	35	14520.895	14521.495	14521.495	14521.695	14522.061
2	29	1	1	426	3	6	8	6	1	1	1	1	0.79428489	36	14523.524	14523.724	14523.724	14523.924	14524.519
2	29	1	1	427	3	6	8	7	6	1	8	1	0.76009788	37	14525.751	14525.951	14525.951	14526.151	14526.711
2	29	1	1	428	3	6	8	8	6	1	8	1	0.70061316	38	14527.977	14528.177	14528.177	14528.377	14528.877
2	29	1	1	429	3	6	8	9	6	1	8	1	0.53680194	39	14530.206	14530.406	14530.406	14530.606	14530.942
2	29	1	1	430	3	6	8	10	3	2	3	1	0.89583059	40	14532.432	14533.032	14533.032	14533.232	14533.928
2	29	1	1	431	3	6	8	11	5	2	6	0	0.6977062	40	14535.057	14535.657	14535.657	14535.857	14536.355
2	29	1	1	432	3	6	8	12	4	2	6	1	0.64072306	41	14537.711	14538.311	14538.311	14538.511	14538.952
2	29	1	1	433	3	6	8	13	6	2	8	1	0.7499142	42	14540.337	14540.937	14540.937	14541.137	14541.687
2	29	1	1	434	3	6	8	14	1	2	1	1	0.82493829	43	14542.966	14543.566	14543.566	14543.766	14544.391
2	29	1	1	435	3	6	8	15	5	1	7	1	1.2160199	44	14545.592	14545.792	14545.792	14545.992	14547.008
2	29	1	1	436	3	6	8	16	4	1	6	1	1.0659292	45	14547.819	14548.019	14548.019	14548.219	14549.085
2	29	1	1	437	3	6	8	17	2	1	2	1	0.8474725	46	14550.045	14550.245	14550.245	14550.445	14551.092
2	29	1	1	438	3	6	8	18	1	2	1	1	0.78804591	47	14552.272	14552.872	14552.872	14553.072	14553.66
2	29	1	1	439	3	6	8	19	2	2	2	1	0.95657087	48	14554.899	14555.499	14555.499	14555.699	14556.456
2	29	1	1	440	3	6	8	20	3	1	3	1	1.0565214	49	14557.523	14557.723	14557.723	14557.923	14558.78
2	29	1	1	441	3	6	8	21	6	1	8	1	0.84598626	50	14559.75	14559.95	14559.95	14560.15	14560.796
2	29	1	1	442	3	6	8	22	3	1	3	1	1.0548393	51	14561.976	14562.176	14562.176	14562.376	14563.231
2	29	1	1	443	3	6	8	23	4	1	6	1	0.78040883	52	14564.204	14564.404	14564.404	14564.604	14565.184
2	29	1	1	444	3	6	8	24	5	2	7	1	0.64133244	53	14566.431	14567.031	14567.031	14567.231	14567.672
2	29	1	1	445	3	6	8	25	4	1	6	1	0.92433197	54	14569.057	14569.257	14569.257	14569.457	14570.182
2	29	1	1	446	3	6	8	26	1	2	1	1	0.84779093	55	14571.284	14571.884	14571.884	14572.084	14572.732
2	29	1	1	447	3	6	8	27	2	2	2	1	0.82131159	56	14573.912	14574.512	14574.512	14574.712	14575.333
2	29	1	1	448	3	6	8	28	5	1	7	1	1.0481007	57	14576.539	14576.739	14576.739	14576.939	14577.787
2	29	1	1	449	3	6	8	29	3	2	3	1	0.81061553	58	14578.764	14579.364	14579.364	14579.564	14580.175
2	29	1	1	450	3	6	8	30	5	1	7	1	0.91002047	59	14581.392	14581.592	14581.592	14581.792	14582.502
2	29	1	1	451	3	2	8	1	6	1	5	1	0.66172447	1	14611.68	14611.88	14611.88	14612.08	14612.541
2	29	1	1	452	3	2	8	2	5	2	5	1	0.5049104	2	14613.907	14614.507	14614.507	14614.707	14615.012
2	29	1	1	453	3	2	8	3	3	2	4	1	0.60700106	3	14616.535	14617.135	14617.135	14617.335	14617.742
2	29	1	1	454	3	2	8	4	3	2	4	1	0.52990732	4	14619.162	14619.762	14619.762	14619.962	14620.292
2	29	1	1	455	3	2	8	5	4	2	5	1	0.49040326	5	14621.819	14622.419	14622.419	14622.619	14622.91
2	29	1	1	456	3	2	8	6	3	1	4	1	0.65271576	6	14624.448	14624.648	14624.648	14624.848	14625.301
2	29	1	1	457	3	2	8	7	5	1	5	1	0.56433374	7	14626.675	14626.875	14626.875	14627.075	14627.439
2	29	1	1	458	3	2	8	8	4	1	5	1	0.49465883	8	14628.902	14629.102	14629.102	14629.302	14629.596
2	29	1	1	459	3	2	8	9	5	1	5	1	0.56042068	9	14631.127	14631.327	14631.327	14631.527	14631.887
2	29	1	1	460	3	2	8	10	6	2	5	1	0.54700633	10	14633.354	14633.955	14633.955	14634.155	14634.502
2	29	1	1	461	3	2	8	11	5	2	5	1	0.49274473	11	14635.987	14636.587	14636.587	14636.787	14637.08
2	29	1	1	462	3	2	8	12	4	2	5	1	0.50452797	12	14638.615	14639.215	14639.215	14639.415	14639.719
2	29	1	1	463	3	2	8	13	1	2	4	1	0.64637403	13	14641.24	14641.84	14641.84	14642.04	14642.487
2	29	1	1	464	3	2	8	14	1	2	4	1	0.59905036	14	14643.872	14644.472	14644.472	14644.672	14645.071
2	29	1	1	465	3	2	8	15	1	1	4	1	0.55221512	15	14646.5	14646.7	14646.7	14646.9	14647.253
2	29	1	1	466	3	2	8	16	6	1	5	1	0.57564416	16	14648.728	14648.928	14648.928	14649.128	14649.504
2	29	1	1	467	3	2	8	17	2	1	4	1	0.6267168	17	14650.956	14651.156	14651.156	14651.356	14651.782
2	29	1	1	468	3	2	8	18	2	2	4	1	0.58891863	18	14653.183	14653.783	14653.783	14653.983	14654.372
2	29	1	1	469	3	2	8	19	4	2	5	1	0.58786009	19	14655.81	14656.41	14656.41	14656.61	14656.997
2	29	1	1	470	3	2	8	20	3	1	4	1	0.57869951	20	14658.437	14658.637	14658.637	14658.837	14659.216
2	29	1	1	471	3	2	8	21	2	1	4	1	0.61105104	21	14660.669	14660.869	14660.869	14661.069	14661.48
2	29	1	1	472	3	2	8	22	6	1	5	1	0.61128556	22	14662.897	14663.097	14663.097	14663.297	14663.708
2	29	1	1	473	3	2	8	23	3	1	4	1	0.66003041	23	14665.124	14665.324	14665.324	14665.524	14665.984
2	29	1	1	474	3	2	8	24	6	2	5	1	0.6356446	24	14667.352	14667.952	14667.952	14668.152	14668.588
2	29	1	1	475	3	2	8	25	1	1	4	1	0.68360942	25	14669.98	14670.18	14670.18	14670.38	14670.863
2	29	1	1	476	3	2	8	26	1	2	4	1	0.57103812	26	14672.21	14672.81	14672.81	14673.01	14673.381
2	29	1	1	477	3	2	8	27	4	2	5	1	0.58991807	27	14674.838	14675.438	14675.438	14675.638	14676.028
2	29	1	1	478	3	2	8	28	2	1	4	1	0.66765606	28	14677.467	14677.667	14677.667	14677.867	14678.335
2	29	1	1	479	3	2	8	29	5	2	5	1	0.58091281	29	14679.696	14680.296	14680.296	14680.496	14680.877
2	29	1	1	480	3	2	8	30	2	1	4	1	0.60033772	30	14682.328	14682.528	14682.528	14682.728	14683.128
2	29	1	1	481	3	6	9	1	6	1	8	1	0.78676149	31	14712.629	14712.829	14712.829	14713.029	14713.616
2	29	1	1	482	3	6	9	2	5	2	7	1	0.81865948	32	14714.858	14715.458	14715.458	14715.658	14716.276
2	29	1	1	483	3	6	9	3	3	2	3	1	0.83167152	33	14717.486	14718.086	14718.086	14718.286	14718.918
2	29	1	1	484	3	6	9	4	3	2	3	1	0.74169192	34	14720.114	14720.714	14720.714	14720.914	14721.456
2	29	1	1	485	3	6	9	5	4	2	6	1	0.57151892	35	14722.747	14723.347	14723.347	14723.547	14723.918
2	29	1	1	486	3	6	9	6	3	1	3	1	0.8202046	36	14725.375	14725.575	14725.575	14725.775	14726.395
2	29	1	1	487	3	6	9	7	5	1	7	1	0.89508979	37	14727.604	14727.804	14727.804	14728.004	14728.699
2	29	1	1	488	3	6	9	8	4	1	6	1	0.79378863	38	14729.837	14730.037	14730.037	14730.237	14730.83
2	29	1	1	489	3	6	9	9	5	1	7	1	0.86778924	39	14732.065	14732.265	14732.265	14732.465	14733.133
2	29	1	1	490	3	6	9	10	6	2	8	1	0.77490891	40	14734.295	14734.895	14734.895	14735.095	14735.67
2	29	1	1	491	3	6	9	11	5	2	7	1	0.84985736	41	14736.924	14737.524	14737.524	14737.724	14738.374
2	29	1	1	492	3	6	9	12	4	2	6	1	0.71889404	42	14739.552	14740.152	14740.152	14740.352	14740.871
2	29	1	1	493	3	6	9	13	1	2	1	1	0.77228246	43	14742.178	14742.778	14742.778	14742.978	14743.551
2	29	1	1	494	3	6	9	14	1	2	1	1	0.68825608	44	14744.808	14745.408	14745.408	14745.608	14746.096
2	29	1	1	495	3	6	9	15	1	1	1	1	0.67001833	45	14747.439	14747.639	14747.639	14747.839	14748.309
2	29	1	1	496	3	6	9	16	6	1	8	1	0.79486207	46	14749.668	14749.868	14749.868	14750.068	14750.663
2	29	1	1	497	3	6	9	17	2	1	2	1	0.90767848	47	14751.897	14752.097	14752.097	14752.297	14753.005
2	29	1	1	498	3	6	9	18	2	2	2	1	0.68154122	48	14754.125	14754.725	14754.725	14754.925	14755.407
2	29	1	1	499	3	6	9	19	4	2	6	1	0.68188224	49	14756.754	14757.354	14757.354	14757.554	14758.036
2	29	1	1	500	3	6	9	20	3	1	3	1	0.86331812	50	14759.383	14759.583	14759.583	14759.783	14760.446
2	29	1	1	501	3	6	9	21	2	1	2	1	0.77378919	51	14761.608	14761.808	14761.808	14762.008	14762.582
2	29	1	1	502	3	6	9	22	6	1	8	1	0.81682448	52	14763.838	14764.038	14764.038	14764.238	14764.854
2	29	1	1	503	3	6	9	23	3	1	3	1	0.77221661	53	14766.067	14766.267	14766.267	14766.467	14767.039
2	29	1	1	504	3	6	9	24	6	2	8	1	0.84637858	54	14768.296	14768.896	14768.896	14769.096	14769.743
2	29	1	1	505	3	6	9	25	1	1	1	1	0.77579422	55	14770.926	14771.126	14771.126	14771.326	14771.902
2	29	1	1	506	3	6	9	26	1	2	1	1	0.77192326	56	14773.155	14773.755	14773.755	14773.955	14774.527
2	29	1	1	507	3	6	9	27	4	2	6	1	0.89109578	57	14775.785	14776.385	14776.385	14776.585	14777.276
2	29	1	1	508	3	6	9	28	2	1	2	1	0.8450354	58	14778.415	14778.615	14778.615	14778.815	14779.46
2	29	1	1	509	3	6	9	29	5	2	7	1	0.95805405	59	14780.647	14781.247	14781.247	14781.447	14782.205
2	29	1	1	510	3	6	9	30	2	1	2	1	0.91077458	60	14783.279	14783.479	14783.479	14783.679	14784.39
2	29	1	1	511	3	2	9	1	5	1	5	1	0.61158583	1	14813.569	14813.769	14813.769	14813.969	14814.38
2	29	1	1	512	3	2	9	2	2	2	4	1	0.55407426	2	14815.798	14816.398	14816.398	14816.598	14816.952
2	29	1	1	513	3	2	9	3	3	2	4	1	0.55286092	3	14818.427	14819.027	14819.027	14819.227	14819.58
2	29	1	1	514	3	2	9	4	5	2	5	1	0.45932426	4	14821.056	14821.656	14821.656	14821.856	14822.116
2	29	1	1	515	3	2	9	5	3	2	4	1	0.55966598	5	14823.687	14824.287	14824.287	14824.487	14824.847
2	29	1	1	516	3	2	9	6	1	1	4	1	0.61819886	6	14826.314	14826.514	14826.514	14826.714	14827.132
2	29	1	1	517	3	2	9	7	1	1	4	1	0.62906425	7	14828.543	14828.743	14828.743	14828.943	14829.372
2	29	1	1	518	3	2	9	8	4	1	5	1	0.55908118	8	14830.773	14830.973	14830.973	14831.173	14831.532
2	29	1	1	519	3	2	9	9	1	1	4	1	0.67201151	9	14833.006	14833.206	14833.206	14833.406	14833.878
2	29	1	1	520	3	2	9	10	2	2	4	1	0.50596376	10	14835.236	14835.836	14835.836	14836.036	14836.342
2	29	1	1	521	3	2	9	11	6	2	5	1	0.55634211	11	14837.865	14838.465	14838.465	14838.665	14839.021
2	29	1	1	522	3	2	9	12	3	2	4	1	0.71022996	12	14840.494	14841.094	14841.094	14841.294	14841.805
2	29	1	1	523	3	2	9	13	3	2	4	1	0.67240108	13	14843.125	14843.725	14843.725	14843.925	14844.397
2	29	1	1	524	3	2	9	14	2	2	4	1	0.56456467	14	14845.754	14846.354	14846.354	14846.554	14846.919
2	29	1	1	525	3	2	9	15	6	1	5	1	0.79813883	15	14848.384	14848.584	14848.584	14848.784	14849.382
2	29	1	1	526	3	2	9	16	4	1	5	1	0.61643641	16	14850.614	14850.814	14850.814	14851.014	14851.431
2	29	1	1	527	3	2	9	17	6	1	5	1	0.58620302	17	14852.842	14853.042	14853.042	14853.242	14853.628
2	29	1	1	528	3	2	9	18	1	2	4	1	0.59107611	18	14855.072	14855.672	14855.672	14855.872	14856.264
2	29	1	1	529	3	2	9	19	6	2	5	1	0.54916651	19	14857.704	14858.304	14858.304	14858.504	14858.853
2	29	1	1	530	3	2	9	20	4	1	5	1	0.6378413	20	14860.336	14860.536	14860.536	14860.736	14861.174
2	29	1	1	531	3	2	9	21	1	1	4	1	0.62221587	21	14862.566	14862.766	14862.766	14862.966	14863.389
2	29	1	1	532	3	2	9	22	2	1	4	1	0.60463789	22	14864.8	14865	14865	14865.2	14865.605
2	29	1	1	533	3	2	9	23	3	1	4	1	0.62824184	23	14867.031	14867.231	14867.231	14867.431	14867.859
2	29	1	1	534	3	2	9	24	5	2	5	1	0.58541205	24	14869.262	14869.862	14869.862	14870.062	14870.447
2	29	1	1	535	3	2	9	25	4	1	5	1	0.58943822	25	14871.89	14872.09	14872.09	14872.29	14872.68
2	29	1	1	536	3	2	9	26	4	2	5	1	0.59368964	26	14874.118	14874.718	14874.718	14874.918	14875.312
2	29	1	1	537	3	2	9	27	2	2	4	1	0.63006053	27	14876.752	14877.352	14877.352	14877.552	14877.982
2	29	1	1	538	3	2	9	28	5	1	5	1	0.7968168	28	14879.383	14879.583	14879.583	14879.783	14880.38
2	29	1	1	539	3	2	9	29	6	2	5	1	0.54194978	29	14881.614	14882.214	14882.214	14882.414	14882.756
2	29	1	1	540	3	2	9	30	5	1	5	1	0.46718165	30	14884.242	14884.442	14884.442	14884.642	14884.909
2	29	1	1	541	4	6	10	1	5	1	7	1	1.0009444	31	15447.599	15447.799	15447.799	15447.999	15448.8
2	29	1	1	542	4	6	10	2	2	2	2	1	0.85741719	32	15449.83	15450.43	15450.43	15450.63	15451.288
2	29	1	1	543	4	6	10	3	3	2	3	1	0.88177573	33	15452.461	15453.061	15453.061	15453.261	15453.943
2	29	1	1	544	4	6	10	4	5	2	7	1	0.73675741	34	15455.092	15455.692	15455.692	15455.892	15456.429
2	29	1	1	545	4	6	10	5	3	2	3	1	0.75826194	35	15457.72	15458.32	15458.32	15458.52	15459.078
2	29	1	1	546	4	6	10	6	1	1	1	1	0.76254509	36	15460.353	15460.553	15460.553	15460.753	15461.316
2	29	1	1	547	4	6	10	7	1	1	1	1	0.71243581	37	15462.584	15462.784	15462.784	15462.984	15463.496
2	29	1	1	548	4	6	10	8	4	1	6	1	1.3166358	38	15464.815	15465.015	15465.015	15465.215	15466.332
2	29	1	1	549	4	6	10	9	1	1	1	1	1.5424769	39	15467.046	15467.246	15467.246	15467.446	15468.789
2	29	1	1	550	4	6	10	10	2	2	2	1	0.77482328	40	15469.277	15469.877	15469.877	15470.077	15470.652
2	29	1	1	551	4	6	10	11	6	2	8	1	0.77886631	41	15471.907	15472.507	15472.507	15472.707	15473.286
2	29	1	1	552	4	6	10	12	3	2	3	1	0.75606446	42	15474.539	15475.139	15475.139	15475.339	15475.895
2	29	1	1	553	4	6	10	13	3	2	3	1	0.6674303	43	15477.17	15477.77	15477.77	15477.97	15478.437
2	29	1	1	554	4	6	10	14	2	2	2	1	0.78012129	44	15479.801	15480.401	15480.401	15480.601	15481.181
2	29	1	1	555	4	6	10	15	6	1	8	1	0.9977391	45	15482.433	15482.633	15482.633	15482.833	15483.631
2	29	1	1	556	4	6	10	16	4	1	6	1	0.97560874	46	15484.664	15484.864	15484.864	15485.064	15485.84
2	29	1	1	557	4	6	10	17	6	1	8	1	0.90505105	47	15486.892	15487.092	15487.092	15487.292	15487.997
2	29	1	1	558	4	6	10	18	1	2	1	1	0.83913208	48	15489.124	15489.724	15489.724	15489.924	15490.563
2	29	1	1	559	4	6	10	19	6	2	8	1	0.75428598	49	15491.756	15492.356	15492.356	15492.556	15493.11
2	29	1	1	560	4	6	10	20	4	1	6	1	0.81707115	50	15494.387	15494.587	15494.587	15494.787	15495.405
2	29	1	1	561	4	6	10	21	1	1	1	1	0.77016502	51	15496.619	15496.819	15496.819	15497.019	15497.589
2	29	1	1	562	4	6	10	22	2	1	2	1	0.84955739	52	15498.891	15499.091	15499.091	15499.291	15499.94
2	29	1	1	563	4	6	10	23	3	1	3	1	1.6499777	53	15501.123	15501.323	15501.323	15501.523	15502.973
2	29	1	1	564	4	6	10	24	5	2	7	1	0.82657098	54	15503.355	15503.955	15503.955	15504.155	15504.781
2	29	1	1	565	4	6	10	25	4	1	6	1	0.80143885	55	15505.986	15506.186	15506.186	15506.386	15506.987
2	29	1	1	566	4	6	10	26	4	2	6	1	0.68785171	56	15508.221	15508.821	15508.821	15509.021	15509.509
2	29	1	1	567	4	6	10	27	2	2	2	1	0.81290688	57	15510.903	15511.503	15511.503	15511.703	15512.316
2	29	1	1	568	4	6	10	28	5	1	7	1	0.91105388	58	15513.535	15513.735	15513.735	15513.935	15514.646
2	29	1	1	569	4	6	10	29	6	2	8	1	0.80254508	59	15515.771	15516.371	15516.371	15516.571	15517.173
2	29	1	1	570	4	6	10	30	5	1	7	1	0.91513395	60	15518.404	15518.604	15518.604	15518.804	15519.519
2	29	1	1	571	4	2	10	1	6	1	5	1	0.62604583	1	15548.699	15548.899	15548.899	15549.099	15549.525
2	29	1	1	572	4	2	10	2	5	2	5	1	0.50528823	2	15550.932	15551.532	15551.532	15551.732	15552.037
2	29	1	1	573	4	2	10	3	2	2	4	1	0.68058173	3	15553.564	15554.164	15554.164	15554.364	15554.844
2	29	1	1	574	4	2	10	4	6	2	5	1	0.47528849	4	15556.196	15556.796	15556.796	15556.996	15557.271
2	29	1	1	575	4	2	10	5	2	2	4	1	0.56993824	5	15558.83	15559.43	15559.43	15559.63	15560
2	29	1	1	576	4	2	10	6	5	1	5	1	0.5047869	6	15561.462	15561.662	15561.662	15561.862	15562.167
2	29	1	1	577	4	2	10	7	1	1	4	1	0.618065	7	15563.694	15563.894	15563.894	15564.094	15564.512
2	29	1	1	578	4	2	10	8	4	1	5	1	0.49391185	8	15565.926	15566.126	15566.126	15566.326	15566.62
2	29	1	1	579	4	2	10	9	2	1	4	1	0.52048335	9	15568.155	15568.355	15568.355	15568.555	15568.876
2	29	1	1	580	4	2	10	10	3	2	4	1	0.69459738	10	15570.391	15570.991	15570.991	15571.191	15571.686
2	29	1	1	581	4	2	10	11	6	2	5	1	0.60638681	11	15573.024	15573.624	15573.624	15573.824	15574.23
2	29	1	1	582	4	2	10	12	6	2	5	1	0.63451726	12	15575.657	15576.257	15576.257	15576.457	15576.892
2	29	1	1	583	4	2	10	13	4	2	5	1	0.58794836	13	15578.289	15578.889	15578.889	15579.089	15579.477
2	29	1	1	584	4	2	10	14	4	2	5	1	0.53107486	14	15580.922	15581.522	15581.522	15581.722	15582.053
2	29	1	1	585	4	2	10	15	5	1	5	1	0.5753219	15	15583.56	15583.76	15583.76	15583.96	15584.335
2	29	1	1	586	4	2	10	16	1	1	4	1	0.67726192	16	15585.793	15585.993	15585.993	15586.193	15586.67
2	29	1	1	587	4	2	10	17	5	1	5	1	0.49447008	17	15588.025	15588.225	15588.225	15588.425	15588.719
2	29	1	1	588	4	2	10	18	3	2	4	1	0.65458228	18	15590.257	15590.857	15590.857	15591.057	15591.512
2	29	1	1	589	4	2	10	19	6	2	5	1	0.61888007	19	15592.89	15593.49	15593.49	15593.69	15594.109
2	29	1	1	590	4	2	10	20	4	1	5	1	0.58774176	20	15595.524	15595.724	15595.724	15595.924	15596.312
2	29	1	1	591	4	2	10	21	3	1	4	1	0.55489652	21	15597.757	15597.957	15597.957	15598.157	15598.512
2	29	1	1	592	4	2	10	22	3	1	4	1	0.6498306	22	15599.994	15600.194	15600.194	15600.394	15600.844
2	29	1	1	593	4	2	10	23	4	1	5	1	0.61089519	23	15602.228	15602.428	15602.428	15602.628	15603.039
2	29	1	1	594	4	2	10	24	1	2	4	1	0.64736938	24	15604.461	15605.061	15605.061	15605.261	15605.708
2	29	1	1	595	4	2	10	25	3	1	4	1	0.60105719	25	15607.094	15607.294	15607.294	15607.494	15607.895
2	29	1	1	596	4	2	10	26	1	2	4	1	0.55228058	26	15609.326	15609.926	15609.926	15610.126	15610.479
2	29	1	1	597	4	2	10	27	1	2	4	1	0.54754674	27	15611.963	15612.563	15612.563	15612.763	15613.111
2	29	1	1	598	4	2	10	28	2	1	4	1	0.52658023	28	15614.601	15614.801	15614.801	15615.001	15615.327
2	29	1	1	599	4	2	10	29	2	2	4	1	0.55940367	29	15616.84	15617.44	15617.44	15617.64	15618
2	29	1	1	600	4	2	10	30	5	1	5	1	0.54149618	30	15619.473	15619.673	15619.673	15619.873	15620.215
2	29	1	1	601	4	6	11	1	6	1	8	1	0.71111517	31	15649.789	15649.989	15649.989	15650.189	15650.7
2	29	1	1	602	4	6	11	2	5	2	7	1	0.73668306	32	15652.022	15652.622	15652.622	15652.822	15653.358
2	29	1	1	603	4	6	11	3	2	2	2	1	0.73804008	33	15654.655	15655.255	15655.255	15655.455	15655.993
2	29	1	1	604	4	6	11	4	6	2	8	1	0.74400325	34	15657.288	15657.888	15657.888	15658.088	15658.632
2	29	1	1	605	4	6	11	5	2	2	2	1	0.85190572	35	15659.922	15660.522	15660.522	15660.722	15661.374
2	29	1	1	606	4	6	11	6	5	1	7	1	0.768662	36	15662.555	15662.755	15662.755	15662.955	15663.524
2	29	1	1	607	4	6	11	7	1	1	1	1	0.7933717	37	15664.788	15664.988	15664.988	15665.188	15665.782
2	29	1	1	608	4	6	11	8	4	1	6	1	0.96684458	38	15667.023	15667.223	15667.223	15667.423	15668.19
2	29	1	1	609	4	6	11	9	2	1	2	1	0.72626152	39	15669.257	15669.457	15669.457	15669.657	15670.183
2	29	1	1	610	4	6	11	10	3	2	3	1	0.56994481	40	15671.49	15672.09	15672.09	15672.29	15672.66
2	29	1	1	611	4	6	11	11	6	2	8	1	0.77274487	41	15674.123	15674.723	15674.723	15674.923	15675.496
2	29	1	1	612	4	6	11	12	6	2	8	1	0.71160947	42	15676.757	15677.357	15677.357	15677.557	15678.068
2	29	1	1	613	4	6	11	13	4	2	6	1	0.71080522	43	15679.39	15679.99	15679.99	15680.19	15680.7
2	29	1	1	614	4	6	11	14	4	2	6	1	0.63099237	44	15682.024	15682.624	15682.624	15682.824	15683.255
2	29	1	1	615	4	6	11	15	5	1	7	1	0.79239321	45	15684.663	15684.863	15684.863	15685.063	15685.656
2	29	1	1	616	4	6	11	16	1	1	1	1	0.83896494	46	15686.904	15687.104	15687.104	15687.304	15687.943
2	29	1	1	617	4	6	11	17	5	1	7	1	0.87385786	47	15689.134	15689.334	15689.334	15689.534	15690.208
2	29	1	1	618	4	6	11	18	3	2	3	1	0.80328875	48	15691.367	15691.967	15691.967	15692.167	15692.771
2	29	1	1	619	4	6	11	19	6	2	8	1	0.73393514	49	15694.002	15694.602	15694.602	15694.802	15695.336
2	29	1	1	620	4	6	11	20	4	1	6	1	0.75342297	50	15696.636	15696.836	15696.836	15697.036	15697.59
2	29	1	1	621	4	6	11	21	3	1	3	1	0.75219126	51	15698.869	15699.069	15699.069	15699.269	15699.821
2	29	1	1	622	4	6	11	22	3	1	3	1	0.76274594	52	15701.103	15701.303	15701.303	15701.503	15702.065
2	29	1	1	623	4	6	11	23	4	1	6	1	0.74994293	53	15703.337	15703.537	15703.537	15703.737	15704.287
2	29	1	1	624	4	6	11	24	1	2	1	1	0.81566342	54	15705.572	15706.172	15706.172	15706.372	15706.988
2	29	1	1	625	4	6	11	25	3	1	3	1	0.89005609	55	15708.206	15708.406	15708.406	15708.606	15709.296
2	29	1	1	626	4	6	11	26	1	2	1	1	0.70834983	56	15710.44	15711.04	15711.04	15711.24	15711.748
2	29	1	1	627	4	6	11	27	1	2	1	1	0.69097268	57	15713.076	15713.676	15713.676	15713.876	15714.367
2	29	1	1	628	4	6	11	28	2	1	2	1	0.94363447	58	15715.711	15715.911	15715.911	15716.111	15716.854
2	29	1	1	629	4	6	11	29	2	2	2	1	0.73929705	59	15717.945	15718.545	15718.545	15718.745	15719.284
2	29	1	1	630	4	6	11	30	5	1	7	1	0.93807293	60	15720.579	15720.779	15720.779	15720.979	15721.717
2	29	1	1	631	4	2	11	1	2	1	4	1	0.67075471	1	15750.879	15751.079	15751.079	15751.279	15751.75
2	29	1	1	632	4	2	11	2	3	2	4	1	0.59860701	2	15753.117	15753.717	15753.718	15753.918	15754.316
2	29	1	1	633	4	2	11	3	6	2	5	1	0.44053197	3	15755.752	15756.352	15756.352	15756.552	15756.793
2	29	1	1	634	4	2	11	4	6	2	5	1	0.46584294	4	15758.386	15758.986	15758.986	15759.186	15759.452
2	29	1	1	635	4	2	11	5	4	2	5	1	0.52164491	5	15761.021	15761.621	15761.621	15761.821	15762.143
2	29	1	1	636	4	2	11	6	5	1	5	1	0.55945076	6	15763.655	15763.855	15763.855	15764.055	15764.415
2	29	1	1	637	4	2	11	7	2	1	4	1	0.70639317	7	15765.89	15766.09	15766.09	15766.29	15766.796
2	29	1	1	638	4	2	11	8	3	1	4	1	0.63297516	8	15768.124	15768.324	15768.324	15768.524	15768.957
2	29	1	1	639	4	2	11	9	3	1	4	1	0.69466267	9	15770.358	15770.558	15770.558	15770.758	15771.252
2	29	1	1	640	4	2	11	10	4	2	5	1	0.58129075	10	15772.592	15773.192	15773.192	15773.392	15773.774
2	29	1	1	641	4	2	11	11	2	2	4	1	0.63617863	11	15775.227	15775.827	15775.827	15776.027	15776.463
2	29	1	1	642	4	2	11	12	5	2	5	1	0.46674327	12	15777.859	15778.459	15778.459	15778.659	15778.926
2	29	1	1	643	4	2	11	13	1	2	4	1	0.5296452	13	15780.494	15781.094	15781.094	15781.294	15781.623
2	29	1	1	644	4	2	11	14	1	2	4	1	0.48849461	14	15783.126	15783.726	15783.726	15783.926	15784.214
2	29	1	1	645	4	2	11	15	4	1	4	0	0.47844062	14	15785.761	15785.961	15785.961	15786.161	15786.439
2	29	1	1	646	4	2	11	16	5	1	5	1	0.58791677	15	15787.996	15788.196	15788.196	15788.396	15788.784
2	29	1	1	647	4	2	11	17	6	1	5	1	0.48934228	16	15790.228	15790.428	15790.428	15790.628	15790.917
2	29	1	1	648	4	2	11	18	5	2	5	1	0.46261839	17	15792.463	15793.063	15793.063	15793.263	15793.526
2	29	1	1	649	4	2	11	19	2	2	4	1	0.61869977	18	15795.098	15795.698	15795.698	15795.898	15796.317
2	29	1	1	650	4	2	11	20	6	1	5	1	0.48091416	19	15797.735	15797.935	15797.935	15798.135	15798.416
2	29	1	1	651	4	2	11	21	4	1	5	1	0.50149926	20	15799.969	15800.169	15800.169	15800.369	15800.671
2	29	1	1	652	4	2	11	22	3	1	4	1	0.62410034	21	15802.238	15802.438	15802.438	15802.638	15803.062
2	29	1	1	653	4	2	11	23	1	1	4	1	0.68343659	22	15804.473	15804.673	15804.673	15804.873	15805.357
2	29	1	1	654	4	2	11	24	5	2	5	1	0.63171149	23	15806.708	15807.308	15807.308	15807.508	15807.94
2	29	1	1	655	4	2	11	25	4	1	5	1	0.51200139	24	15809.349	15809.549	15809.549	15809.749	15810.061
2	29	1	1	656	4	2	11	26	1	2	4	1	0.64540629	25	15811.584	15812.184	15812.184	15812.384	15812.829
2	29	1	1	657	4	2	11	27	6	2	5	1	0.64843318	26	15814.252	15814.852	15814.852	15815.052	15815.501
2	29	1	1	658	4	2	11	28	3	1	4	1	0.65326971	27	15816.888	15817.088	15817.088	15817.288	15817.741
2	29	1	1	659	4	2	11	29	2	2	4	1	0.65053908	28	15819.123	15819.723	15819.723	15819.923	15820.373
2	29	1	1	660	4	2	11	30	1	1	4	1	0.74166444	29	15821.758	15821.958	15821.958	15822.158	15822.7
2	29	1	1	661	4	6	12	1	2	1	2	1	0.78336962	30	15852.069	15852.269	15852.269	15852.469	15853.053
2	29	1	1	662	4	6	12	2	3	2	3	1	0.73407123	31	15854.305	15854.905	15854.905	15855.105	15855.64
2	29	1	1	663	4	6	12	3	6	2	8	1	0.7187952	32	15856.942	15857.542	15857.542	15857.742	15858.261
2	29	1	1	664	4	6	12	4	6	2	8	1	0.74750667	33	15859.577	15860.177	15860.177	15860.377	15860.925
2	29	1	1	665	4	6	12	5	4	2	6	1	0.71176981	34	15862.214	15862.814	15862.814	15863.014	15863.526
2	29	1	1	666	4	6	12	6	5	1	7	1	0.82636041	35	15864.851	15865.051	15865.051	15865.251	15865.877
2	29	1	1	667	4	6	12	7	2	1	2	1	1.0709035	36	15867.086	15867.286	15867.286	15867.486	15868.357
2	29	1	1	668	4	6	12	8	3	1	3	1	0.72425498	37	15869.322	15869.522	15869.522	15869.722	15870.246
2	29	1	1	669	4	6	12	9	3	1	3	1	0.78912996	38	15871.554	15871.754	15871.754	15871.955	15872.544
2	29	1	1	670	4	6	12	10	4	2	6	1	0.72134936	39	15873.795	15874.395	15874.395	15874.595	15875.116
2	29	1	1	671	4	6	12	11	2	2	2	1	0.80009059	40	15876.432	15877.032	15877.032	15877.232	15877.832
2	29	1	1	672	4	6	12	12	5	2	7	1	0.88983206	41	15879.068	15879.668	15879.668	15879.868	15880.557
2	29	1	1	673	4	6	12	13	1	2	1	1	0.8636847	42	15881.701	15882.301	15882.301	15882.501	15883.164
2	29	1	1	674	4	6	12	14	1	2	1	1	0.82396688	43	15884.336	15884.936	15884.936	15885.136	15885.76
2	29	1	1	675	4	6	12	15	4	1	6	1	0.84025166	44	15886.972	15887.172	15887.172	15887.372	15888.012
2	29	1	1	676	4	6	12	16	5	1	7	1	0.75814883	45	15889.208	15889.408	15889.408	15889.608	15890.167
2	29	1	1	677	4	6	12	17	6	1	8	1	0.83948522	46	15891.444	15891.644	15891.644	15891.844	15892.484
2	29	1	1	678	4	6	12	18	5	2	7	1	0.97864618	47	15893.688	15894.288	15894.288	15894.488	15895.267
2	29	1	1	679	4	6	12	19	2	2	2	1	0.88277253	48	15896.324	15896.924	15896.924	15897.124	15897.807
2	29	1	1	680	4	6	12	20	6	1	8	1	1.1150997	49	15898.961	15899.161	15899.161	15899.361	15900.276
2	29	1	1	681	4	6	12	21	4	1	6	1	0.81634113	50	15901.197	15901.397	15901.397	15901.597	15902.213
2	29	1	1	682	4	6	12	22	3	1	3	1	1.2832958	51	15903.434	15903.634	15903.634	15903.834	15904.917
2	29	1	1	683	4	6	12	23	1	1	1	1	0.76655308	52	15905.671	15905.871	15905.871	15906.071	15906.637
2	29	1	1	684	4	6	12	24	5	2	7	1	0.8338791	53	15907.907	15908.507	15908.507	15908.707	15909.341
2	29	1	1	685	4	6	12	25	4	1	6	1	0.77111049	54	15910.543	15910.743	15910.743	15910.943	15911.514
2	29	1	1	686	4	6	12	26	1	2	1	1	0.87678985	55	15912.777	15913.377	15913.377	15913.577	15914.254
2	29	1	1	687	4	6	12	27	6	2	8	1	0.87969268	56	15915.416	15916.016	15916.016	15916.216	15916.895
2	29	1	1	688	4	6	12	28	3	1	3	1	1.2063182	57	15918.053	15918.253	15918.253	15918.453	15919.459
2	29	1	1	689	4	6	12	29	2	2	2	1	0.90759584	58	15920.29	15920.89	15920.89	15921.09	15921.798
2	29	1	1	690	4	6	12	30	1	1	1	1	0.94912931	59	15922.928	15923.128	15923.128	15923.328	15924.077
2	29	1	1	691	4	2	12	1	1	1	4	1	0.89697143	1	15953.23	15953.43	15953.43	15953.63	15954.327
2	29	1	1	692	4	2	12	2	6	2	5	1	0.58391708	2	15955.471	15956.071	15956.071	15956.271	15956.655
2	29	1	1	693	4	2	12	3	2	2	4	1	0.59391998	3	15958.108	15958.708	15958.708	15958.908	15959.302
2	29	1	1	694	4	2	12	4	3	2	4	1	0.66220349	4	15960.746	15961.346	15961.346	15961.546	15962.008
2	29	1	1	695	4	2	12	5	1	2	4	1	0.70182682	5	15963.383	15963.983	15963.983	15964.183	15964.685
2	29	1	1	696	4	2	12	6	2	1	4	1	0.72991037	6	15966.027	15966.227	15966.227	15966.427	15966.957
2	29	1	1	697	4	2	12	7	6	1	5	1	0.77853664	7	15968.265	15968.465	15968.465	15968.665	15969.243
2	29	1	1	698	4	2	12	8	2	1	4	1	0.70588951	8	15970.499	15970.699	15970.699	15970.899	15971.405
2	29	1	1	699	4	2	12	9	5	1	5	1	0.60697062	9	15972.736	15972.936	15972.936	15973.136	15973.543
2	29	1	1	700	4	2	12	10	4	2	5	1	0.58728414	10	15974.973	15975.573	15975.573	15975.773	15976.16
2	29	1	1	701	4	2	12	11	5	2	5	1	0.63545746	11	15977.611	15978.211	15978.211	15978.411	15978.846
2	29	1	1	702	4	2	12	12	5	2	5	1	0.53534157	12	15980.247	15980.847	15980.847	15981.047	15981.383
2	29	1	1	703	4	2	12	13	4	2	5	1	0.48715531	13	15982.885	15983.485	15983.485	15983.685	15983.972
2	29	1	1	704	4	2	12	14	4	2	5	1	0.53218358	14	15985.523	15986.123	15986.123	15986.323	15986.656
2	29	1	1	705	4	2	12	15	1	1	4	1	0.78176284	15	15988.161	15988.361	15988.361	15988.561	15989.142
2	29	1	1	706	4	2	12	16	4	1	5	1	0.73510525	16	15990.399	15990.599	15990.599	15990.799	15991.334
2	29	1	1	707	4	2	12	17	5	1	5	1	0.5617754	17	15992.637	15992.837	15992.837	15993.037	15993.398
2	29	1	1	708	4	2	12	18	1	2	4	1	0.77889111	18	15994.874	15995.474	15995.474	15995.674	15996.253
2	29	1	1	709	4	2	12	19	6	2	5	1	0.61671141	19	15997.511	15998.111	15998.111	15998.311	15998.727
2	29	1	1	710	4	2	12	20	6	1	5	1	0.53052487	20	16000.153	16000.353	16000.353	16000.553	16000.884
2	29	1	1	711	4	2	12	21	5	1	5	1	0.53355826	21	16002.391	16002.591	16002.591	16002.791	16003.125
2	29	1	1	712	4	2	12	22	2	1	4	1	0.55187478	22	16004.629	16004.829	16004.829	16005.029	16005.38
2	29	1	1	713	4	2	12	23	3	1	4	1	0.62189055	23	16006.866	16007.066	16007.066	16007.266	16007.688
2	29	1	1	714	4	2	12	24	2	2	4	1	0.61434494	24	16009.104	16009.704	16009.704	16009.904	16010.318
2	29	1	1	715	4	2	12	25	6	1	5	1	0.62062418	25	16011.746	16011.946	16011.946	16012.146	16012.567
2	29	1	1	716	4	2	12	26	3	2	4	1	0.66717663	26	16013.98	16014.58	16014.58	16014.78	16015.248
2	29	1	1	717	4	2	12	27	3	2	4	1	0.58937617	27	16016.619	16017.219	16017.219	16017.419	16017.808
2	29	1	1	718	4	2	12	28	1	1	4	1	0.9081044	28	16019.256	16019.456	16019.456	16019.656	16020.364
2	29	1	1	719	4	2	12	29	3	2	4	1	0.61549771	29	16021.501	16022.101	16022.101	16022.301	16022.716
2	29	1	1	720	4	2	12	30	4	1	5	1	0.65231369	30	16024.137	16024.337	16024.337	16024.537	16024.989
