42	43	126	94	124	35	64	37	0	0	0	0	0	0	0	0	0	0	0	0
2	5	1	1	1	1	6	1	1	4	2	2	0	1.2104489	0	436.42714	437.02726	437.02753	437.22785	438.23798
2	5	1	1	2	1	6	1	2	1	2	1	1	0.98426942	1	439.34791	439.94807	439.9482	440.14851	440.93247
2	5	1	1	3	1	6	1	3	3	1	4	0	0.97683501	1	442.34126	442.54128	442.54129	442.74131	443.51813
2	5	1	1	4	1	6	1	4	2	1	1	0	1.5173049	1	444.86295	445.06297	445.06299	445.26301	446.58029
2	5	1	1	5	1	6	1	5	6	1	8	1	1.6334853	2	447.37704	447.57706	447.57706	447.77707	449.21055
2	5	1	1	6	1	6	1	6	1	2	7	0	1.3181274	2	449.5837	450.18371	450.18371	450.38378	451.50184
2	5	1	1	7	1	6	1	7	5	1	7	1	1.0228488	3	452.4995	452.69951	452.69951	452.89951	453.72236
2	5	1	1	8	1	6	1	8	3	1	6	0	1.0631322	3	454.70696	454.90697	454.907	455.107	455.97013
2	5	1	1	9	1	6	1	9	6	2	6	0	1.2580406	3	457.21925	457.81927	457.81928	458.01928	459.07732
2	5	1	1	10	1	6	1	10	5	2	7	1	1.0171823	4	460.13644	460.73644	460.73647	460.93653	461.75365
2	5	1	1	11	1	6	1	11	6	1	1	0	1.4111287	4	462.74365	462.94368	462.9437	463.14376	464.35483
2	5	1	1	12	1	6	1	12	1	1	1	1	1.1495111	5	465.25587	465.45589	465.45591	465.65591	466.60542
2	5	1	1	13	1	6	1	13	1	2	1	1	0.87060394	6	467.463	468.06303	468.06303	468.26309	468.93363
2	5	1	1	14	1	6	1	14	4	2	2	0	1.2638534	6	470.06874	470.66874	470.66874	470.86874	471.9326
2	5	1	1	15	1	6	1	15	2	1	3	0	1.6296045	6	472.98373	473.18375	473.18379	473.38386	474.8134
2	5	1	1	16	1	6	1	16	4	1	7	0	1.5147933	6	475.49889	475.69891	475.69893	475.89893	477.21372
2	5	1	1	17	1	6	1	17	3	2	0	0	-478.61472	6	478.01468	478.6147	478.61472	478.81472	0
2	5	1	1	18	1	6	1	18	2	1	7	0	1.4085764	6	480.92249	481.12251	481.12252	481.32252	482.53109
2	5	1	1	19	1	6	1	19	4	2	7	0	0.95355765	6	483.43729	484.03729	484.0373	484.23736	484.99085
2	5	1	1	20	1	6	1	20	2	2	2	1	1.1242317	7	486.35392	486.95392	486.95393	487.154	488.07816
2	5	1	1	21	1	6	1	21	2	2	2	1	0.79686784	8	488.96118	489.56118	489.56119	489.76119	490.35805
2	5	1	1	22	1	6	1	22	4	1	6	1	1.8131152	9	491.56728	491.76729	491.76732	491.96732	493.58043
2	5	1	1	23	1	6	1	23	5	2	6	0	1.0439206	9	493.77466	494.37469	494.37474	494.57475	495.41866
2	5	1	1	24	1	6	1	24	5	2	7	1	1.0295086	10	496.6961	497.29617	497.29617	497.49618	498.32568
2	5	1	1	25	1	6	1	25	3	2	2	0	1.2723104	10	499.30188	499.90189	499.90189	500.10189	501.1742
2	5	1	1	26	1	6	1	26	5	2	0	0	-502.81861	10	502.21861	502.81861	502.81861	503.01862	0
2	5	1	1	27	1	6	1	27	6	1	8	1	1.2101662	11	505.12647	505.32648	505.32648	505.52649	506.53665
2	5	1	1	28	1	6	1	28	1	1	8	0	1.2996452	11	507.3325	507.53251	507.53251	507.73251	508.83215
2	5	1	1	29	1	6	1	29	6	1	8	1	0.94375121	12	509.85509	510.05509	510.05509	510.2551	510.99885
2	5	1	1	30	1	6	1	30	3	1	3	1	1.8889516	13	512.06118	512.26119	512.26119	512.46119	514.15014
2	5	1	1	31	1	2	1	1	5	2	5	1	0.75973932	1	532.82644	533.42659	533.42668	533.62701	534.18642
2	5	1	1	32	1	2	1	2	5	2	5	1	0.69108975	2	535.43862	536.03864	536.03865	536.23867	536.72974
2	5	1	1	33	1	2	1	3	6	1	5	1	0.53402202	3	538.0462	538.24622	538.24624	538.44625	538.78026
2	5	1	1	34	1	2	1	4	6	1	5	1	0.51150769	4	540.25311	540.45313	540.45315	540.65315	540.96465
2	5	1	1	35	1	2	1	5	2	1	4	1	0.54307134	5	542.45941	542.65943	542.65943	542.85948	543.2025
2	5	1	1	36	1	2	1	6	4	2	5	1	0.53548135	6	544.66933	545.26933	545.26933	545.46934	545.80481
2	5	1	1	37	1	2	1	7	2	1	4	1	0.50310413	7	547.27742	547.47742	547.47742	547.67742	547.98053
2	5	1	1	38	1	2	1	8	2	1	4	1	0.51931612	8	549.48504	549.68504	549.68504	549.88505	550.20436
2	5	1	1	39	1	2	1	9	5	2	4	0	0.4859138	8	551.69366	552.29366	552.29368	552.49369	552.7796
2	5	1	1	40	1	2	1	10	3	2	4	1	0.69538524	9	554.61307	555.21309	555.21309	555.41313	555.90848
2	5	1	1	41	1	2	1	11	2	1	5	0	0.82255609	9	557.22133	557.42134	557.42134	557.62137	558.2439
2	5	1	1	42	1	2	1	12	5	1	5	1	0.76592122	10	559.7442	559.94421	559.94421	560.14421	560.71013
2	5	1	1	43	1	2	1	13	4	2	5	1	0.63286304	11	561.95248	562.55248	562.5525	562.75254	563.18537
2	5	1	1	44	1	2	1	14	2	2	4	1	0.43480452	12	564.56136	565.16138	565.16138	565.36142	565.59619
2	5	1	1	45	1	2	1	15	1	1	4	1	0.46757896	13	567.16986	567.36986	567.36986	567.56987	567.83744
2	5	1	1	46	1	2	1	16	1	1	4	1	0.67583283	14	569.37854	569.57854	569.57857	569.77857	570.2544
2	5	1	1	47	1	2	1	17	3	2	4	1	0.52898726	15	571.58784	572.18787	572.18787	572.38787	572.71686
2	5	1	1	48	1	2	1	18	6	1	5	1	0.71077477	16	574.1974	574.39741	574.39741	574.59744	575.10818
2	5	1	1	49	1	2	1	19	4	2	5	1	0.88676758	17	576.40515	577.00515	577.00515	577.20516	577.89192
2	5	1	1	50	1	2	1	20	1	2	4	1	0.65471496	18	579.01416	579.61416	579.61416	579.8142	580.26888
2	5	1	1	51	1	2	1	21	6	2	5	1	0.71855034	19	581.6213	582.22131	582.22131	582.42132	582.93986
2	5	1	1	52	1	2	1	22	1	1	4	1	0.61955151	20	584.23024	584.43024	584.43024	584.63025	585.0498
2	5	1	1	53	1	2	1	23	1	2	5	0	0.87674509	20	586.43918	587.03918	587.03919	587.23919	587.91593
2	5	1	1	54	1	2	1	24	5	2	5	1	0.66593916	21	589.35996	589.95996	589.96002	590.16002	590.62596
2	5	1	1	55	1	2	1	25	4	2	4	0	0.69280723	21	591.96936	592.56941	592.56942	592.76942	593.26223
2	5	1	1	56	1	2	1	26	3	2	4	1	0.53415225	22	594.89148	595.49148	595.49148	595.69152	596.02563
2	5	1	1	57	1	2	1	27	3	1	4	1	1.2642665	23	597.50071	597.70071	597.70071	597.90072	598.96498
2	5	1	1	58	1	2	1	28	6	1	5	1	0.81358338	24	599.71042	599.91043	599.91043	600.11043	600.72401
2	5	1	1	59	1	2	1	29	3	1	4	1	0.67743633	25	601.91965	602.11966	602.11966	602.31966	602.7971
2	5	1	1	60	1	2	1	30	4	1	5	1	0.67524502	26	604.12919	604.3292	604.3292	604.5292	605.00444
2	5	1	1	61	1	6	2	1	5	2	7	1	0.64820937	27	657.47684	658.07684	658.07684	658.27685	658.72505
2	5	1	1	62	1	6	2	2	5	2	7	1	0.63041669	28	660.08647	660.68648	660.68648	660.88648	661.3169
2	5	1	1	63	1	6	2	3	6	1	8	1	0.78983566	29	662.69652	662.89652	662.8966	663.0966	663.68643
2	5	1	1	64	1	6	2	4	6	1	8	1	0.6106423	30	664.9066	665.10666	665.1067	665.30671	665.71734
2	5	1	1	65	1	6	2	5	2	1	2	1	1.7596961	31	667.11643	667.31649	667.3165	667.5165	669.07619
2	5	1	1	66	1	6	2	6	4	2	3	0	1.4147437	31	669.32463	669.92464	669.92472	670.12472	671.33946
2	5	1	1	67	1	6	2	7	2	1	2	1	0.9011666	32	672.23862	672.43869	672.4387	672.6387	673.33986
2	5	1	1	68	1	6	2	8	2	1	2	1	0.67091233	33	674.44636	674.64636	674.64636	674.84637	675.31728
2	5	1	1	69	1	6	2	9	5	2	7	1	1.6044593	34	676.65658	677.25658	677.25658	677.45659	678.86104
2	5	1	1	70	1	6	2	10	3	2	3	1	1.1762442	35	679.26681	679.86681	679.86681	680.06682	681.04306
2	5	1	1	71	1	6	2	11	2	1	2	1	0.82492728	36	681.87665	682.07665	682.07665	682.27666	682.90158
2	5	1	1	72	1	6	2	12	5	1	7	1	0.79589438	37	684.08759	684.28759	684.28759	684.4876	685.08349
2	5	1	1	73	1	6	2	13	4	2	3	0	1.1127024	37	686.29752	686.89753	686.89753	687.09753	688.01023
2	5	1	1	74	1	6	2	14	2	2	2	1	0.98263008	38	689.21821	689.81821	689.81822	690.01831	690.80085
2	5	1	1	75	1	6	2	15	1	1	1	1	1.2033955	39	691.82667	692.02667	692.02667	692.22668	693.23007
2	5	1	1	76	1	6	2	16	1	1	1	1	0.67378093	40	694.03582	694.23582	694.23582	694.43583	694.9096
2	5	1	1	77	1	6	2	17	3	2	3	1	1.0196326	41	696.24407	696.84408	696.84408	697.04409	697.86371
2	5	1	1	78	1	6	2	18	6	1	8	1	1.4255732	42	698.8547	699.05471	699.05471	699.25471	700.48028
2	5	1	1	79	1	6	2	19	4	2	6	1	1.5074338	43	701.06264	701.66264	701.66265	701.86265	703.17008
2	5	1	1	80	1	6	2	20	1	2	1	1	1.6411985	44	703.67351	704.27352	704.27352	704.47352	705.91472
2	5	1	1	81	1	6	2	21	6	2	8	1	1.1221133	45	706.28389	706.88389	706.88389	707.0839	708.00601
2	5	1	1	82	1	6	2	22	1	1	6	0	1.1269336	45	708.89225	709.09225	709.09225	709.29226	710.21919
2	5	1	1	83	1	6	2	23	1	2	1	1	0.59766165	46	711.41653	712.01653	712.01653	712.21654	712.61419
2	5	1	1	84	1	6	2	24	5	2	7	1	1.2031535	47	714.02704	714.62705	714.62705	714.82705	715.8302
2	5	1	1	85	1	6	2	25	4	2	3	0	1.5730141	47	716.63818	717.23818	717.23818	717.43819	718.8112
2	5	1	1	86	1	6	2	26	3	2	3	1	0.788545	48	719.55064	720.15065	720.15065	720.35065	720.93919
2	5	1	1	87	1	6	2	27	3	1	3	1	0.73103637	49	722.16161	722.36162	722.36162	722.56162	723.09266
2	5	1	1	88	1	6	2	28	6	1	6	0	1.4860719	49	724.37265	724.57265	724.57266	724.77266	726.05873
2	5	1	1	89	1	6	2	29	3	1	3	1	0.87051185	50	726.89124	727.09124	727.09124	727.29125	727.96175
2	5	1	1	90	1	6	2	30	4	1	7	0	1.9642027	50	729.10273	729.30273	729.30273	729.50274	731.26694
2	5	1	1	91	1	2	2	1	3	2	4	1	0.44994375	1	747.84271	748.44271	748.44277	748.64277	748.89271
2	5	1	1	92	1	2	2	2	3	2	4	1	0.45304508	2	750.45446	751.05451	751.05451	751.25452	751.50756
2	5	1	1	93	1	2	2	3	1	1	5	0	0.3541676	2	753.06588	753.26589	753.26594	753.46595	753.62011
2	5	1	1	94	1	2	2	4	4	1	4	0	0.41994593	2	755.5831	755.78317	755.78317	755.98318	756.20312
2	5	1	1	95	1	2	2	5	5	1	5	1	1.0719924	3	758.1087	758.30871	758.30871	758.50871	759.3807
2	5	1	1	96	1	2	2	6	2	2	4	1	0.51124288	4	760.32017	760.92017	760.92018	761.12018	761.43142
2	5	1	1	97	1	2	2	7	4	1	5	1	0.61163982	5	762.929	763.129	763.129	763.32901	763.74064
2	5	1	1	98	1	2	2	8	2	1	4	1	0.54430018	6	765.14026	765.34026	765.34026	765.54027	765.88456
2	5	1	1	99	1	2	2	9	6	2	5	1	0.70250029	7	767.34977	767.94978	767.94978	768.14978	768.65228
2	5	1	1	100	1	2	2	10	4	2	5	1	0.77194554	8	769.95916	770.55916	770.55917	770.75917	771.33111
2	5	1	1	101	1	2	2	11	1	1	4	1	0.5693079	9	772.57117	772.77117	772.77117	772.97118	773.34048
2	5	1	1	102	1	2	2	12	4	1	5	1	0.63210533	10	774.78294	774.98295	774.983	775.18305	775.61511
2	5	1	1	103	1	2	2	13	5	2	5	1	0.72577166	11	776.99508	777.59513	777.59513	777.79514	778.32091
2	5	1	1	104	1	2	2	14	1	2	4	1	0.53953794	12	779.60634	780.20635	780.20635	780.40635	780.74589
2	5	1	1	105	1	2	2	15	5	1	5	1	0.68969725	13	782.21841	782.41841	782.41841	782.61842	783.10811
2	5	1	1	106	1	2	2	16	5	1	5	1	0.53811515	14	784.43122	784.63122	784.63122	784.83123	785.16934
2	5	1	1	107	1	2	2	17	1	2	4	1	0.57895045	15	786.64274	787.24275	787.24275	787.44275	787.8217
2	5	1	1	108	1	2	2	18	2	1	4	1	1.2216282	16	789.25484	789.45484	789.45484	789.65485	790.67647
2	5	1	1	109	1	2	2	19	5	2	5	1	0.65810986	17	791.46681	792.06681	792.06682	792.26682	792.72493
2	5	1	1	110	1	2	2	20	3	2	4	1	1.0871535	18	794.07799	794.67799	794.67799	794.878	795.76515
2	5	1	1	111	1	2	2	21	1	2	4	1	0.88927601	19	796.69012	797.29012	797.29012	797.49013	798.1794
2	5	1	1	112	1	2	2	22	3	1	4	1	0.70149752	20	799.30264	799.50264	799.50264	799.70264	800.20414
2	5	1	1	113	1	2	2	23	6	2	5	1	0.71309664	21	801.51505	802.11506	802.11506	802.31506	802.82816
2	5	1	1	114	1	2	2	24	6	2	5	1	0.70333024	22	804.12492	804.72492	804.72493	804.92493	805.42826
2	5	1	1	115	1	2	2	25	2	2	4	1	0.45029788	23	806.73702	807.33702	807.33703	807.53703	807.78732
2	5	1	1	116	1	2	2	26	4	2	5	1	0.67116405	24	809.34975	809.94975	809.94975	810.14976	810.62092
2	5	1	1	117	1	2	2	27	6	1	5	1	1.0989544	25	811.96218	812.16218	812.16219	812.36219	813.26114
2	5	1	1	118	1	2	2	28	6	1	5	1	0.61361053	26	814.17461	814.37461	814.37462	814.57462	814.98823
2	5	1	1	119	1	2	2	29	2	1	4	1	0.7461837	27	816.38712	816.58712	816.58712	816.78713	817.3333
2	5	1	1	120	1	2	2	30	3	1	4	1	0.64599886	28	818.59711	818.79711	818.79711	818.99712	819.44311
2	5	1	1	121	1	6	3	1	3	2	3	1	0.84051142	29	854.92565	855.52565	855.52566	855.72566	856.36617
2	5	1	1	122	1	6	3	2	3	2	3	1	0.47667076	30	857.53672	858.13673	858.13673	858.33674	858.6134
2	5	1	1	123	1	6	3	3	1	1	1	1	1.3752663	31	860.1491	860.34911	860.34911	860.54911	861.72438
2	5	1	1	124	1	6	3	4	4	1	6	1	1.7448604	32	862.36147	862.56148	862.56148	862.76148	864.30634
2	5	1	1	125	1	6	3	5	5	1	7	1	0.78713774	33	864.5745	864.77451	864.77451	864.97451	865.56165
2	5	1	1	126	1	6	3	6	2	2	1	0	0.87370497	33	866.78729	867.3873	867.3873	867.5873	868.261
2	5	1	1	127	1	6	3	7	4	1	6	1	1.3653765	34	869.71393	869.91393	869.91394	870.11394	871.27931
2	5	1	1	128	1	6	3	8	2	1	2	1	1.2548112	35	871.92671	872.12671	872.12671	872.32672	873.38152
2	5	1	1	129	1	6	3	9	6	2	8	1	0.97651656	36	874.14017	874.74018	874.74018	874.94018	875.7167
2	5	1	1	130	1	6	3	10	4	2	2	0	0.85166003	36	876.75347	877.35347	877.35347	877.55348	878.20513
2	5	1	1	131	1	6	3	11	1	1	1	1	1.1885547	37	879.67608	879.87609	879.87609	880.07609	881.06464
2	5	1	1	132	1	6	3	12	4	1	7	0	1.2451259	37	881.88695	882.08695	882.08695	882.28696	883.33208
2	5	1	1	133	1	6	3	13	5	2	7	1	0.63120708	38	884.40375	885.00376	885.00376	885.20376	885.63497
2	5	1	1	134	1	6	3	14	1	2	1	1	0.78647952	39	887.01665	887.61665	887.61665	887.81666	888.40313
2	5	1	1	135	1	6	3	15	5	1	7	1	0.72665069	40	889.62989	889.8299	889.8299	890.0299	890.55655
2	5	1	1	136	1	6	3	16	5	1	7	1	0.60098869	41	891.84283	892.04284	892.04284	892.24284	892.64383
2	5	1	1	137	1	6	3	17	1	2	1	1	1.1085364	42	894.05597	894.65597	894.65598	894.85598	895.76451
2	5	1	1	138	1	6	3	18	2	1	2	1	1.5132209	43	896.66655	896.86655	896.86656	897.06656	898.37978
2	5	1	1	139	1	6	3	19	5	2	7	1	0.95411899	44	898.87995	899.47996	899.47996	899.67996	900.43408
2	5	1	1	140	1	6	3	20	3	2	3	1	0.72604835	45	901.49317	902.09317	902.09317	902.29318	902.81922
2	5	1	1	141	1	6	3	21	1	2	1	1	0.67338739	46	904.1071	904.70711	904.70711	904.90711	905.3805
2	5	1	1	142	1	6	3	22	3	1	3	1	1.069073	47	906.71832	906.91832	906.91832	907.11833	907.98739
2	5	1	1	143	1	6	3	23	6	2	8	1	0.97666533	48	908.92936	909.52936	909.52936	909.72937	910.50603
2	5	1	1	144	1	6	3	24	6	2	8	1	0.54033159	49	911.54277	912.14277	912.14277	912.34278	912.6831
2	5	1	1	145	1	6	3	25	2	2	6	0	1.4698149	49	914.15648	914.75648	914.75649	914.95649	916.2263
2	5	1	1	146	1	6	3	26	4	2	6	1	1.1001539	50	917.07609	917.6761	917.6761	917.87611	918.77625
2	5	1	1	147	1	6	3	27	6	1	8	1	0.79499406	51	919.68943	919.88943	919.88943	920.08944	920.68443
2	5	1	1	148	1	6	3	28	6	1	8	1	0.49493703	52	921.90074	922.10075	922.10075	922.30075	922.59569
2	5	1	1	149	1	6	3	29	2	1	2	1	1.1543761	53	924.11439	924.31439	924.3144	924.5144	925.46877
2	5	1	1	150	1	6	3	30	3	1	3	1	0.74923491	54	926.32835	926.52835	926.52835	926.72836	927.27759
2	5	1	1	151	1	2	3	1	4	2	5	1	0.57394024	1	941.65434	942.25435	942.25435	942.45435	942.82829
2	5	1	1	152	1	2	3	2	6	2	5	1	0.39923112	2	944.2687	944.8687	944.8687	945.0687	945.26793
2	5	1	1	153	1	2	3	3	2	1	4	1	0.44886735	3	946.88273	947.08273	947.08273	947.28274	947.5316
2	5	1	1	154	1	2	3	4	3	1	4	1	0.59417327	4	949.09729	949.29729	949.29729	949.4973	949.89147
2	5	1	1	155	1	2	3	5	1	1	4	1	0.46223282	5	951.31124	951.51125	951.51125	951.71126	951.97348
2	5	1	1	156	1	2	3	6	1	2	4	1	0.51088138	6	953.52531	954.12532	954.12532	954.32532	954.6362
2	5	1	1	157	1	2	3	7	2	1	4	1	0.46349514	7	956.13981	956.33983	956.33984	956.53984	956.80333
2	5	1	1	158	1	2	3	8	1	1	4	1	0.4563642	8	958.35401	958.55401	958.55401	958.75402	959.01038
2	5	1	1	159	1	2	3	9	4	2	5	1	0.6121767	9	960.56799	961.16799	961.168	961.368	961.78017
2	5	1	1	160	1	2	3	10	5	2	5	1	1.0142172	10	963.18246	963.78246	963.78247	963.98247	964.79668
2	5	1	1	161	1	2	3	11	6	1	5	1	0.60959917	11	965.79435	965.99436	965.99436	966.19437	966.60396
2	5	1	1	162	1	2	3	12	2	1	4	1	0.55420981	12	968.00858	968.20859	968.20859	968.4086	968.7628
2	5	1	1	163	1	2	3	13	2	2	4	1	0.54937614	13	970.22278	970.82279	970.82279	971.02279	971.37217
2	5	1	1	164	1	2	3	14	4	2	5	1	0.65667966	14	972.83725	973.43725	973.43726	973.63726	974.09394
2	5	1	1	165	1	2	3	15	6	1	5	1	0.68206564	15	975.45174	975.65174	975.65175	975.85175	976.33381
2	5	1	1	166	1	2	3	16	1	1	4	1	0.66532561	16	977.66629	977.8663	977.8663	978.0663	978.53162
2	5	1	1	167	1	2	3	17	2	2	4	1	1.022726	17	979.87744	980.47744	980.47744	980.67745	981.50017
2	5	1	1	168	1	2	3	18	5	1	5	1	0.73708294	18	982.4917	982.6917	982.69171	982.89171	983.42879
2	5	1	1	169	1	2	3	19	1	2	4	1	0.55332528	19	984.70589	985.3059	985.3059	985.5059	985.85922
2	5	1	1	170	1	2	3	20	5	2	5	1	0.64269791	20	987.321	987.92101	987.92101	988.12101	988.56371
2	5	1	1	171	1	2	3	21	3	2	4	1	0.78493469	21	989.93693	990.53694	990.53694	990.73694	991.32187
2	5	1	1	172	1	2	3	22	4	1	5	1	0.86226866	22	992.55147	992.75148	992.75148	992.95148	993.61375
2	5	1	1	173	1	2	3	23	5	2	5	1	0.61253807	23	994.76668	995.36669	995.36669	995.56669	995.97923
2	5	1	1	174	1	2	3	24	3	2	4	1	0.83225064	24	997.38174	997.98175	997.98175	998.18175	998.814
2	5	1	1	175	1	2	3	25	6	2	5	1	0.6794821	25	999.9965	1000.5965	1000.5965	1000.7965	1001.276
2	5	1	1	176	1	2	3	26	6	2	5	1	0.5142424	26	1002.6118	1003.2118	1003.2118	1003.4118	1003.726
2	5	1	1	177	1	2	3	27	4	1	5	1	0.45041782	27	1005.2248	1005.4248	1005.4248	1005.6248	1005.8753
2	5	1	1	178	1	2	3	28	3	1	4	1	0.58889984	28	1007.4397	1007.6397	1007.6397	1007.8397	1008.2286
2	5	1	1	179	1	2	3	29	3	1	4	1	0.4907277	29	1009.6552	1009.8552	1009.8552	1010.0552	1010.3459
2	5	1	1	180	1	2	3	30	5	1	5	1	0.61204755	30	1011.8673	1012.0673	1012.0673	1012.2673	1012.6793
2	5	1	1	181	2	6	4	1	4	2	6	1	0.94115435	31	1462.7201	1463.3201	1463.3201	1463.5201	1464.2612
2	5	1	1	182	2	6	4	2	6	2	8	1	0.62059954	32	1465.3355	1465.9355	1465.9355	1466.1355	1466.5561
2	5	1	1	183	2	6	4	3	2	1	6	0	0.81166739	32	1467.9511	1468.1511	1468.1511	1468.3511	1468.9628
2	5	1	1	184	2	6	4	4	3	1	3	1	1.0741717	33	1470.1634	1470.3634	1470.3634	1470.5635	1471.4376
2	5	1	1	185	2	6	4	5	1	1	1	1	1.733907	34	1472.3791	1472.5791	1472.5791	1472.7791	1474.313
2	5	1	1	186	2	6	4	6	1	2	1	1	0.61902225	35	1474.5951	1475.1951	1475.1951	1475.3951	1475.8141
2	5	1	1	187	2	6	4	7	2	1	2	1	0.68154365	36	1477.2108	1477.4109	1477.4109	1477.6109	1478.0924
2	5	1	1	188	2	6	4	8	1	1	1	1	0.85125106	37	1479.4262	1479.6262	1479.6262	1479.8262	1480.4774
2	5	1	1	189	2	6	4	9	4	2	6	1	1.0671971	38	1481.6417	1482.2417	1482.2417	1482.4417	1483.3089
2	5	1	1	190	2	6	4	10	5	2	7	1	0.68833222	39	1484.2575	1484.8576	1484.8576	1485.0576	1485.5459
2	5	1	1	191	2	6	4	11	6	1	8	1	0.69032885	40	1486.8734	1487.0734	1487.0734	1487.2734	1487.7637
2	5	1	1	192	2	6	4	12	2	1	2	1	0.92737124	41	1489.0867	1489.2867	1489.2867	1489.4867	1490.2141
2	5	1	1	193	2	6	4	13	2	2	2	1	1.2245604	42	1491.3015	1491.9015	1491.9015	1492.1015	1493.1261
2	5	1	1	194	2	6	4	14	4	2	6	1	1.1262725	43	1493.9178	1494.5178	1494.5178	1494.7178	1495.644
2	5	1	1	195	2	6	4	15	6	1	8	1	0.88973426	44	1496.5305	1496.7305	1496.7305	1496.9305	1497.6203
2	5	1	1	196	2	6	4	16	1	1	1	1	0.70376249	45	1498.7464	1498.9464	1498.9464	1499.1464	1499.6501
2	5	1	1	197	2	6	4	17	2	2	2	1	0.78066363	46	1500.9593	1501.5593	1501.5593	1501.7593	1502.34
2	5	1	1	198	2	6	4	18	5	1	7	1	0.86089699	47	1503.575	1503.775	1503.7751	1503.9751	1504.6359
2	5	1	1	199	2	6	4	19	1	2	1	1	1.299212	48	1505.7914	1506.3914	1506.3914	1506.5914	1507.6906
2	5	1	1	200	2	6	4	20	5	2	7	1	0.67601667	49	1508.4078	1509.0078	1509.0078	1509.2078	1509.6838
2	5	1	1	201	2	6	4	21	3	2	3	1	0.69444161	50	1511.0211	1511.6211	1511.6211	1511.8211	1512.3156
2	5	1	1	202	2	6	4	22	4	1	1	0	1.4379739	50	1513.6374	1513.8374	1513.8374	1514.0374	1515.2754
2	5	1	1	203	2	6	4	23	5	2	7	1	0.81931845	51	1515.8509	1516.4509	1516.4509	1516.6509	1517.2703
2	5	1	1	204	2	6	4	24	3	2	3	1	0.78437424	52	1518.4646	1519.0646	1519.0646	1519.2646	1519.849
2	5	1	1	205	2	6	4	25	6	2	8	1	0.90243886	53	1521.0778	1521.6778	1521.6778	1521.8778	1522.5803
2	5	1	1	206	2	6	4	26	6	2	8	1	0.6609677	54	1523.6943	1524.2943	1524.2943	1524.4943	1524.9553
2	5	1	1	207	2	6	4	27	4	1	6	1	0.78507224	55	1526.311	1526.511	1526.511	1526.711	1527.2961
2	5	1	1	208	2	6	4	28	3	1	3	1	0.74773564	56	1528.5275	1528.7275	1528.7275	1528.9275	1529.4753
2	5	1	1	209	2	6	4	29	3	1	3	1	0.80579739	57	1530.7438	1530.9438	1530.9438	1531.1438	1531.7496
2	5	1	1	210	2	6	4	30	5	1	7	1	0.77252911	58	1532.9597	1533.1597	1533.1597	1533.3597	1533.9323
2	5	1	1	211	2	2	4	1	3	2	4	1	0.59802653	1	1563.2389	1563.8389	1563.8389	1564.0389	1564.4369
2	5	1	1	212	2	2	4	2	4	2	5	1	0.69846425	2	1565.8555	1566.4555	1566.4555	1566.6555	1567.154
2	5	1	1	213	2	2	4	3	1	1	4	1	0.48978998	3	1568.4726	1568.6726	1568.6726	1568.8726	1569.1624
2	5	1	1	214	2	2	4	4	2	1	4	1	0.41918626	4	1570.6892	1570.8893	1570.8893	1571.0893	1571.3084
2	5	1	1	215	2	2	4	5	5	1	5	1	0.65941604	5	1572.9033	1573.1033	1573.1033	1573.3033	1573.7627
2	5	1	1	216	2	2	4	6	1	2	4	1	0.45259236	6	1575.1197	1575.7197	1575.7197	1575.9197	1576.1723
2	5	1	1	217	2	2	4	7	1	1	4	1	0.55691526	7	1577.7367	1577.9368	1577.9368	1578.1368	1578.4937
2	5	1	1	218	2	2	4	8	3	1	4	1	0.53870995	8	1579.9541	1580.1541	1580.1541	1580.3541	1580.6928
2	5	1	1	219	2	2	4	9	2	2	4	1	0.4969795	9	1582.1707	1582.7707	1582.7707	1582.9707	1583.2676
2	5	1	1	220	2	2	4	10	5	2	5	1	0.59649309	10	1584.7852	1585.3852	1585.3852	1585.5852	1585.9817
2	5	1	1	221	2	2	4	11	4	1	5	1	0.62742113	11	1587.4021	1587.6021	1587.6021	1587.8021	1588.2295
2	5	1	1	222	2	2	4	12	5	1	5	1	0.58959849	12	1589.6189	1589.8189	1589.8189	1590.0189	1590.4085
2	5	1	1	223	2	2	4	13	4	2	5	1	0.58565236	13	1591.8357	1592.4358	1592.4358	1592.6358	1593.0214
2	5	1	1	224	2	2	4	14	1	2	4	1	0.64473748	14	1594.4527	1595.0527	1595.0527	1595.2527	1595.6974
2	5	1	1	225	2	2	4	15	2	1	4	1	0.50204248	15	1597.0698	1597.2698	1597.2698	1597.4698	1597.7718
2	5	1	1	226	2	2	4	16	4	1	5	1	0.5076659	16	1599.2873	1599.4873	1599.4873	1599.6873	1599.995
2	5	1	1	227	2	2	4	17	6	2	5	1	0.65934346	17	1601.5062	1602.1062	1602.1062	1602.3062	1602.7655
2	5	1	1	228	2	2	4	18	6	1	5	1	0.65441843	18	1604.1237	1604.3237	1604.3237	1604.5237	1604.9782
2	5	1	1	229	2	2	4	19	3	2	4	1	0.56917192	19	1606.3379	1606.938	1606.938	1607.138	1607.5071
2	5	1	1	230	2	2	4	20	3	2	4	1	0.74272118	20	1608.9553	1609.5553	1609.5553	1609.7553	1610.298
2	5	1	1	231	2	2	4	21	4	2	5	1	0.72945256	21	1611.57	1612.17	1612.17	1612.37	1612.8995
2	5	1	1	232	2	2	4	22	6	1	5	1	0.67487796	22	1614.1876	1614.3876	1614.3876	1614.5876	1615.0625
2	5	1	1	233	2	2	4	23	3	2	4	1	0.42699551	23	1616.4058	1617.0058	1617.0058	1617.2058	1617.4328
2	5	1	1	234	2	2	4	24	2	2	4	1	0.78291752	24	1619.0229	1619.6229	1619.6229	1619.8229	1620.4058
2	5	1	1	235	2	2	4	25	5	2	5	1	0.57246836	25	1621.638	1622.238	1622.238	1622.438	1622.8104
2	5	1	1	236	2	2	4	26	5	2	5	1	0.53363596	26	1624.2558	1624.8558	1624.8558	1625.0558	1625.3895
2	5	1	1	237	2	2	4	27	2	1	4	1	0.53859889	27	1626.8738	1627.0738	1627.0738	1627.2738	1627.6124
2	5	1	1	238	2	2	4	28	6	1	5	1	0.69071476	28	1629.0913	1629.2913	1629.2913	1629.4913	1629.982
2	5	1	1	239	2	2	4	29	1	1	4	1	0.63089297	29	1631.3096	1631.5096	1631.5096	1631.7096	1632.1405
2	5	1	1	240	2	2	4	30	6	1	5	1	0.59007902	30	1633.5248	1633.7248	1633.7248	1633.9248	1634.3149
2	5	1	1	241	2	6	5	1	3	2	3	1	0.66491888	31	1663.8183	1664.4183	1664.4183	1664.6183	1665.0832
2	5	1	1	242	2	6	5	2	4	2	6	1	0.87699171	32	1666.4378	1667.0378	1667.0378	1667.2378	1667.9148
2	5	1	1	243	2	6	5	3	1	1	1	1	1.3699814	33	1669.0564	1669.2564	1669.2564	1669.4564	1670.6264
2	5	1	1	244	2	6	5	4	2	1	2	1	0.65072407	34	1671.2748	1671.4748	1671.4748	1671.6748	1672.1255
2	5	1	1	245	2	6	5	5	5	1	7	1	0.70321048	35	1673.4932	1673.6932	1673.6932	1673.8932	1674.3964
2	5	1	1	246	2	6	5	6	1	2	1	1	0.70221857	36	1675.708	1676.308	1676.308	1676.508	1677.0102
2	5	1	1	247	2	6	5	7	1	1	1	1	0.6716313	37	1678.3261	1678.5261	1678.5261	1678.7261	1679.1977
2	5	1	1	248	2	6	5	8	3	1	3	1	0.66247564	38	1680.5746	1680.7746	1680.7746	1680.9746	1681.437
2	5	1	1	249	2	6	5	9	2	2	2	1	0.92012863	39	1682.7933	1683.3933	1683.3933	1683.5933	1684.3134
2	5	1	1	250	2	6	5	10	5	2	7	1	0.7455228	40	1685.4122	1686.0122	1686.0122	1686.2122	1686.7577
2	5	1	1	251	2	6	5	11	4	1	6	1	0.87697883	41	1688.0298	1688.2298	1688.2298	1688.4298	1689.1068
2	5	1	1	252	2	6	5	12	5	1	7	1	0.92657726	42	1690.2454	1690.4454	1690.4454	1690.6454	1691.372
2	5	1	1	253	2	6	5	13	4	2	3	0	0.66972505	42	1692.4608	1693.0608	1693.0608	1693.2608	1693.7306
2	5	1	1	254	2	6	5	14	1	2	1	1	1.2040191	43	1695.0798	1695.6798	1695.6798	1695.8798	1696.8838
2	5	1	1	255	2	6	5	15	2	1	2	1	0.8736043	44	1697.6985	1697.8985	1697.8985	1698.0985	1698.7721
2	5	1	1	256	2	6	5	16	4	1	6	1	0.75919993	45	1699.9175	1700.1175	1700.1175	1700.3176	1700.8767
2	5	1	1	257	2	6	5	17	6	2	8	1	0.98262498	46	1702.1334	1702.7334	1702.7334	1702.9334	1703.7161
2	5	1	1	258	2	6	5	18	6	1	8	1	0.70419849	47	1704.7524	1704.9524	1704.9524	1705.1524	1705.6566
2	5	1	1	259	2	6	5	19	3	2	3	1	0.77171967	48	1706.9743	1707.5743	1707.5743	1707.7743	1708.346
2	5	1	1	260	2	6	5	20	3	2	3	1	0.56815916	49	1709.5947	1710.1947	1710.1947	1710.3947	1710.7629
2	5	1	1	261	2	6	5	21	4	2	6	1	0.87934088	50	1712.2139	1712.8139	1712.8139	1713.0139	1713.6932
2	5	1	1	262	2	6	5	22	6	1	8	1	0.93951126	51	1714.8334	1715.0334	1715.0334	1715.2334	1715.9729
2	5	1	1	263	2	6	5	23	3	2	3	1	1.1246703	52	1717.0524	1717.6524	1717.6524	1717.8524	1718.7771
2	5	1	1	264	2	6	5	24	2	2	2	1	0.85011144	53	1719.6721	1720.2721	1720.2721	1720.4721	1721.1222
2	5	1	1	265	2	6	5	25	5	2	7	1	0.71546112	54	1722.2878	1722.8878	1722.8878	1723.0878	1723.6033
2	5	1	1	266	2	6	5	26	5	2	7	1	0.61045508	55	1724.9074	1725.5075	1725.5075	1725.7075	1726.1179
2	5	1	1	267	2	6	5	27	2	1	2	1	1.1540075	56	1727.5267	1727.7267	1727.7267	1727.9267	1728.8807
2	5	1	1	268	2	6	5	28	6	1	8	1	1.0280855	57	1729.7461	1729.9461	1729.9461	1730.1461	1730.9742
2	5	1	1	269	2	6	5	29	1	1	1	1	0.94445115	58	1731.962	1732.162	1732.162	1732.362	1733.1065
2	5	1	1	270	2	6	5	30	6	1	8	1	1.0560702	59	1734.1821	1734.3821	1734.3821	1734.5821	1735.4382
2	5	1	1	271	2	2	5	1	6	2	5	1	0.72774564	1	1764.4665	1765.0665	1765.0665	1765.2665	1765.7943
2	5	1	1	272	2	2	5	2	4	2	5	1	0.54857747	2	1767.086	1767.686	1767.6861	1767.8861	1768.2346
2	5	1	1	273	2	2	5	3	2	1	4	1	1.1049147	3	1769.7055	1769.9055	1769.9055	1770.1055	1771.0104
2	5	1	1	274	2	2	5	4	5	1	5	1	0.75340294	4	1771.9215	1772.1215	1772.1215	1772.3215	1772.8749
2	5	1	1	275	2	2	5	5	3	1	4	1	0.76004432	5	1774.1386	1774.3386	1774.3386	1774.5386	1775.0986
2	5	1	1	276	2	2	5	6	4	2	5	1	0.68632687	6	1776.3584	1776.9584	1776.9584	1777.1584	1777.6447
2	5	1	1	277	2	2	5	7	3	1	4	1	0.75450233	7	1778.9785	1779.1785	1779.1785	1779.3785	1779.933
2	5	1	1	278	2	2	5	8	6	1	5	1	0.52788184	8	1781.1984	1781.3984	1781.3984	1781.5984	1781.9263
2	5	1	1	279	2	2	5	9	3	2	4	1	0.43342204	9	1783.4182	1784.0182	1784.0182	1784.2182	1784.4516
2	5	1	1	280	2	2	5	10	1	2	4	1	0.56657302	10	1786.0359	1786.6359	1786.6359	1786.8359	1787.2025
2	5	1	1	281	2	2	5	11	2	1	4	1	0.53175946	11	1788.7054	1788.9054	1788.9054	1789.1054	1789.4371
2	5	1	1	282	2	2	5	12	4	1	5	1	0.51296755	12	1790.9253	1791.1253	1791.1253	1791.3253	1791.6383
2	5	1	1	283	2	2	5	13	6	2	5	1	0.58736729	13	1793.1451	1793.7451	1793.7451	1793.9451	1794.3325
2	5	1	1	284	2	2	5	14	2	2	4	1	0.55992852	14	1795.765	1796.365	1796.365	1796.565	1796.9249
2	5	1	1	285	2	2	5	15	5	1	5	1	0.90823163	15	1798.382	1798.582	1798.582	1798.782	1799.4902
2	5	1	1	286	2	2	5	16	4	1	5	1	0.611392	16	1800.6012	1800.8012	1800.8012	1801.0012	1801.4126
2	5	1	1	287	2	2	5	17	6	2	5	1	0.43751696	17	1802.8208	1803.4208	1803.4208	1803.6208	1803.8583
2	5	1	1	288	2	2	5	18	5	1	5	1	0.45183725	18	1805.442	1805.642	1805.642	1805.842	1806.0938
2	5	1	1	289	2	2	5	19	1	2	4	1	0.51691231	19	1807.6618	1808.2619	1808.2619	1808.4619	1808.7788
2	5	1	1	290	2	2	5	20	1	2	4	1	0.42800056	20	1810.2818	1810.8818	1810.8818	1811.0818	1811.3098
2	5	1	1	291	2	2	5	21	3	2	4	1	0.43157261	21	1812.9021	1813.5021	1813.5021	1813.7021	1813.9336
2	5	1	1	292	2	2	5	22	2	1	4	1	0.42078171	22	1815.52	1815.72	1815.72	1815.92	1816.1408
2	5	1	1	293	2	2	5	23	1	2	4	1	0.51192039	23	1817.741	1818.341	1818.341	1818.541	1818.8529
2	5	1	1	294	2	2	5	24	6	2	5	1	0.67322615	24	1820.3613	1820.9613	1820.9613	1821.1613	1821.6345
2	5	1	1	295	2	2	5	25	2	2	4	1	0.54536574	25	1822.9806	1823.5806	1823.5806	1823.7806	1824.126
2	5	1	1	296	2	2	5	26	5	2	5	1	0.95578372	26	1825.6011	1826.2011	1826.2011	1826.4011	1827.1569
2	5	1	1	297	2	2	5	27	4	1	5	1	0.71996098	27	1828.2203	1828.4203	1828.4203	1828.6204	1829.1403
2	5	1	1	298	2	2	5	28	5	1	5	1	0.58700738	28	1830.4399	1830.6399	1830.6399	1830.8399	1831.2269
2	5	1	1	299	2	2	5	29	3	1	5	0	0.3732749	28	1832.661	1832.861	1832.861	1833.061	1833.2343
2	5	1	1	300	2	2	5	30	1	1	4	1	0.56539214	29	1834.8789	1835.0789	1835.0789	1835.2789	1835.6443
2	5	1	1	301	2	6	6	1	6	2	8	1	0.65736606	30	1865.176	1865.776	1865.776	1865.976	1866.4333
2	5	1	1	302	2	6	6	2	4	2	6	1	0.5415884	31	1867.7971	1868.3971	1868.3971	1868.5971	1868.9387
2	5	1	1	303	2	6	6	3	2	1	2	1	1.0211931	32	1870.4151	1870.6151	1870.6152	1870.8152	1871.6364
2	5	1	1	304	2	6	6	4	5	1	7	1	0.89278326	33	1872.6359	1872.836	1872.8361	1873.0361	1873.7288
2	5	1	1	305	2	6	6	5	3	1	3	1	0.76425735	34	1874.8564	1875.0564	1875.0564	1875.2564	1875.8207
2	5	1	1	306	2	6	6	6	4	2	6	1	0.96482733	35	1877.0775	1877.6775	1877.6775	1877.8775	1878.6423
2	5	1	1	307	2	6	6	7	3	1	3	1	0.72256869	36	1879.6985	1879.8985	1879.8985	1880.0985	1880.6211
2	5	1	1	308	2	6	6	8	6	1	8	1	0.8175808	37	1881.9167	1882.1167	1882.1167	1882.3167	1882.9343
2	5	1	1	309	2	6	6	9	3	2	3	1	0.69732366	38	1884.1379	1884.7379	1884.738	1884.938	1885.4353
2	5	1	1	310	2	6	6	10	1	2	1	1	1.0280567	39	1886.7587	1887.3587	1887.3587	1887.5587	1888.3867
2	5	1	1	311	2	6	6	11	2	1	2	1	0.84044802	40	1889.3802	1889.5802	1889.5802	1889.7802	1890.4206
2	5	1	1	312	2	6	6	12	4	1	6	1	0.91254857	41	1891.6014	1891.8014	1891.8014	1892.0014	1892.714
2	5	1	1	313	2	6	6	13	6	2	8	1	0.89818299	42	1893.8304	1894.4304	1894.4304	1894.6304	1895.3286
2	5	1	1	314	2	6	6	14	2	2	2	1	0.81793266	43	1896.4516	1897.0516	1897.0516	1897.2516	1897.8695
2	5	1	1	315	2	6	6	15	5	1	7	1	0.84916892	44	1899.0726	1899.2726	1899.2726	1899.4726	1900.1218
2	5	1	1	316	2	6	6	16	4	1	6	1	1.0356359	45	1901.2945	1901.4945	1901.4945	1901.6945	1902.5301
2	5	1	1	317	2	6	6	17	6	2	8	1	1.3729214	46	1903.5159	1904.1159	1904.1159	1904.316	1905.4889
2	5	1	1	318	2	6	6	18	5	1	7	1	0.89946982	47	1906.1377	1906.3377	1906.3377	1906.5377	1907.2372
2	5	1	1	319	2	6	6	19	1	2	1	1	0.83886534	48	1908.3592	1908.9592	1908.9592	1909.1592	1909.7981
2	5	1	1	320	2	6	6	20	1	2	1	1	0.52160575	49	1910.978	1911.578	1911.578	1911.778	1912.0996
2	5	1	1	321	2	6	6	21	3	2	3	1	0.74895805	50	1913.5996	1914.1996	1914.1996	1914.3996	1914.9486
2	5	1	1	322	2	6	6	22	2	1	2	1	0.81489528	51	1916.2212	1916.4212	1916.4212	1916.6212	1917.2361
2	5	1	1	323	2	6	6	23	1	2	1	1	0.7690377	52	1918.4448	1919.0448	1919.0448	1919.2448	1919.8139
2	5	1	1	324	2	6	6	24	6	2	8	1	0.74188118	53	1921.0634	1921.6634	1921.6634	1921.8634	1922.4053
2	5	1	1	325	2	6	6	25	2	2	2	1	1.1654194	54	1923.6854	1924.2854	1924.2854	1924.4854	1925.4508
2	5	1	1	326	2	6	6	26	5	2	7	1	0.81467815	55	1926.3038	1926.9038	1926.9038	1927.1038	1927.7185
2	5	1	1	327	2	6	6	27	4	1	6	1	0.95020161	56	1928.9254	1929.1254	1929.1254	1929.3254	1930.0756
2	5	1	1	328	2	6	6	28	5	1	7	1	0.79677572	57	1931.1466	1931.3466	1931.3466	1931.5466	1932.1434
2	5	1	1	329	2	6	6	29	3	1	3	1	0.75595099	58	1933.3682	1933.5682	1933.5682	1933.7682	1934.3242
2	5	1	1	330	2	6	6	30	1	1	1	1	0.70054257	59	1935.5902	1935.7902	1935.7902	1935.9902	1936.4908
2	5	1	1	331	2	2	6	1	3	2	4	1	0.48286722	1	1965.8749	1966.475	1966.475	1966.675	1966.9578
2	5	1	1	332	2	2	6	2	4	2	5	1	0.59037036	2	1968.4976	1969.0976	1969.0976	1969.2976	1969.6879
2	5	1	1	333	2	2	6	3	3	1	4	1	0.59837085	3	1971.12	1971.32	1971.32	1971.52	1971.9183
2	5	1	1	334	2	2	6	4	5	1	5	1	0.78105748	4	1973.342	1973.542	1973.542	1973.742	1974.323
2	5	1	1	335	2	2	6	5	3	1	4	1	0.67152757	5	1975.5651	1975.7651	1975.7651	1975.9651	1976.4366
2	5	1	1	336	2	2	6	6	3	2	4	1	0.57225568	6	1977.7842	1978.3842	1978.3842	1978.5842	1978.9564
2	5	1	1	337	2	2	6	7	6	1	5	1	0.62713351	7	1980.409	1980.609	1980.609	1980.8091	1981.2362
2	5	1	1	338	2	2	6	8	5	1	5	1	0.58672366	8	1982.6318	1982.8318	1982.8318	1983.0318	1983.4185
2	5	1	1	339	2	2	6	9	4	2	5	1	0.4523267	9	1984.854	1985.454	1985.454	1985.654	1985.9064
2	5	1	1	340	2	2	6	10	1	2	4	1	0.4961598	10	1987.4764	1988.0764	1988.0764	1988.2764	1988.5725
2	5	1	1	341	2	2	6	11	4	1	5	1	0.57247082	11	1990.0954	1990.2954	1990.2954	1990.4954	1990.8679
2	5	1	1	342	2	2	6	12	2	1	4	1	0.51289382	12	1992.3165	1992.5165	1992.5165	1992.7165	1993.0294
2	5	1	1	343	2	2	6	13	2	2	5	0	0.56859083	12	1994.5395	1995.1395	1995.1395	1995.3395	1995.7081
2	5	1	1	344	2	2	6	14	5	2	5	1	0.5147939	13	1997.1622	1997.7622	1997.7622	1997.9622	1998.277
2	5	1	1	345	2	2	6	15	1	1	4	1	0.59289379	14	1999.7849	1999.9849	1999.985	2000.185	2000.5778
2	5	1	1	346	2	2	6	16	4	1	5	1	0.65889266	15	2002.0072	2002.2072	2002.2072	2002.4072	2002.8661
2	5	1	1	347	2	2	6	17	6	2	4	0	0.3990436	15	2004.2312	2004.8312	2004.8312	2005.0312	2005.2303
2	5	1	1	348	2	2	6	18	6	1	5	1	0.60717177	16	2006.8537	2007.0537	2007.0537	2007.2538	2007.6609
2	5	1	1	349	2	2	6	19	3	2	4	1	0.42938581	17	2009.0766	2009.6766	2009.6766	2009.8766	2010.106
2	5	1	1	350	2	2	6	20	6	2	5	1	0.56516509	18	2011.7017	2012.3017	2012.3017	2012.5017	2012.8669
2	5	1	1	351	2	2	6	21	1	2	4	1	0.61554215	19	2014.3242	2014.9242	2014.9242	2015.1242	2015.5397
2	5	1	1	352	2	2	6	22	5	1	5	1	0.62729444	20	2016.9849	2017.1849	2017.1849	2017.3849	2017.8122
2	5	1	1	353	2	2	6	23	2	2	4	1	0.53393078	21	2019.2085	2019.8085	2019.8085	2020.0085	2020.3424
2	5	1	1	354	2	2	6	24	4	2	5	1	0.6749761	22	2021.8313	2022.4313	2022.4313	2022.6313	2023.1063
2	5	1	1	355	2	2	6	25	1	2	4	1	0.62944096	23	2024.4543	2025.0543	2025.0543	2025.2543	2025.6838
2	5	1	1	356	2	2	6	26	2	2	4	1	0.51842581	24	2027.0783	2027.6783	2027.6783	2027.8783	2028.1967
2	5	1	1	357	2	2	6	27	2	1	4	1	0.50888835	25	2029.7011	2029.9011	2029.9011	2030.1011	2030.41
2	5	1	1	358	2	2	6	28	6	1	5	1	0.64890634	26	2031.9299	2032.1299	2032.1299	2032.3299	2032.7788
2	5	1	1	359	2	2	6	29	5	1	4	0	0.93900663	26	2034.153	2034.353	2034.353	2034.553	2035.292
2	5	1	1	360	2	2	6	30	1	1	4	1	0.51746262	27	2036.3736	2036.5736	2036.5736	2036.7736	2037.091
2	5	1	1	361	3	6	7	1	3	2	3	1	0.62124322	28	2976.6859	2977.2859	2977.2859	2977.4859	2977.9071
2	5	1	1	362	3	6	7	2	4	2	6	1	0.86277478	29	2979.3097	2979.9097	2979.9097	2980.1097	2980.7725
2	5	1	1	363	3	6	7	3	3	1	3	1	0.61572576	30	2981.9326	2982.1326	2982.1326	2982.3326	2982.7483
2	5	1	1	364	3	6	7	4	5	1	7	1	0.85765479	31	2984.1623	2984.3623	2984.3623	2984.5623	2985.22
2	5	1	1	365	3	6	7	5	3	1	3	1	0.71543915	32	2986.3853	2986.5853	2986.5853	2986.7853	2987.3008
2	5	1	1	366	3	6	7	6	3	2	2	0	0.59561507	32	2988.6086	2989.2086	2989.2086	2989.4086	2989.8042
2	5	1	1	367	3	6	7	7	6	1	8	1	0.77931864	33	2991.2317	2991.4317	2991.4317	2991.6317	2992.2111
2	5	1	1	368	3	6	7	8	5	1	7	1	1.0133456	34	2993.4556	2993.6556	2993.6556	2993.8556	2994.6689
2	5	1	1	369	3	6	7	9	4	2	6	1	1.6760293	35	2995.6794	2996.2794	2996.2794	2996.4794	2997.9554
2	5	1	1	370	3	6	7	10	1	2	1	1	1.506964	36	2998.3071	2998.9071	2998.9071	2999.1071	3000.414
2	5	1	1	371	3	6	7	11	4	1	6	1	0.85146222	37	3000.9283	3001.1283	3001.1283	3001.3283	3001.9798
2	5	1	1	372	3	6	7	12	2	1	2	1	1.0510201	38	3003.1525	3003.3525	3003.3525	3003.5525	3004.4035
2	5	1	1	373	3	6	7	13	2	2	2	1	0.4793183	39	3005.3777	3005.9777	3005.9777	3006.1778	3006.4571
2	5	1	1	374	3	6	7	14	5	2	7	1	0.52392459	40	3008.0018	3008.6018	3008.6018	3008.8018	3009.1258
2	5	1	1	375	3	6	7	15	1	1	1	1	1.336526	41	3010.6259	3010.8259	3010.8259	3011.0259	3012.1624
2	5	1	1	376	3	6	7	16	4	1	6	1	1.7061677	42	3012.8503	3013.0503	3013.0503	3013.2503	3014.7565
2	5	1	1	377	3	6	7	17	6	2	8	1	1.0342892	43	3015.0742	3015.6742	3015.6742	3015.8742	3016.7085
2	5	1	1	378	3	6	7	18	6	1	8	1	0.57132168	44	3017.6955	3017.8955	3017.8955	3018.0955	3018.4669
2	5	1	1	379	3	6	7	19	3	2	3	1	0.69197932	45	3019.9203	3020.5203	3020.5203	3020.7203	3021.2122
2	5	1	1	380	3	6	7	20	6	2	8	1	0.9712805	46	3022.5442	3023.1442	3023.1442	3023.3442	3024.1155
2	5	1	1	381	3	6	7	21	1	2	1	1	0.80314445	47	3025.1682	3025.7682	3025.7682	3025.9682	3026.5713
2	5	1	1	382	3	6	7	22	5	1	7	1	0.82770072	48	3027.7918	3027.9918	3027.9918	3028.1918	3028.8195
2	5	1	1	383	3	6	7	23	2	2	2	1	0.99626647	49	3030.0159	3030.6159	3030.6159	3030.8159	3031.6122
2	5	1	1	384	3	6	7	24	4	2	7	1	1.4508123	50	3032.6404	3033.2404	3033.2404	3033.4404	3034.6912
2	5	1	1	385	3	6	7	25	1	2	1	1	1.5116721	51	3035.3081	3035.9081	3035.9081	3036.1081	3037.4198
2	5	1	1	386	3	6	7	26	2	2	2	1	1.0081137	52	3037.9326	3038.5326	3038.5326	3038.7326	3039.5407
2	5	1	1	387	3	6	7	27	2	1	2	1	0.72910947	53	3040.5566	3040.7566	3040.7566	3040.9566	3041.4857
2	5	1	1	388	3	6	7	28	6	1	8	1	0.85902437	54	3042.7783	3042.9783	3042.9783	3043.1783	3043.8374
2	5	1	1	389	3	6	7	29	5	1	7	1	0.82336232	55	3045.0026	3045.2026	3045.2026	3045.4027	3046.026
2	5	1	1	390	3	6	7	30	1	1	1	1	1.4082431	56	3047.2275	3047.4275	3047.4275	3047.6275	3048.8357
2	5	1	1	391	3	2	7	1	3	2	4	1	0.44783265	1	3077.5153	3078.1153	3078.1153	3078.3154	3078.5632
2	5	1	1	392	3	2	7	2	2	2	4	1	0.51069322	2	3080.1403	3080.7403	3080.7403	3080.9403	3081.251
2	5	1	1	393	3	2	7	3	5	1	5	1	0.53771569	3	3082.7647	3082.9647	3082.9647	3083.1647	3083.5024
2	5	1	1	394	3	2	7	4	1	1	4	1	0.43905914	4	3084.9902	3085.1902	3085.1902	3085.3902	3085.6293
2	5	1	1	395	3	2	7	5	3	1	4	1	0.53347343	5	3087.2142	3087.4142	3087.4142	3087.6142	3087.9477
2	5	1	1	396	3	2	7	6	4	2	5	1	0.49325066	6	3089.4384	3090.0384	3090.0384	3090.2384	3090.5317
2	5	1	1	397	3	2	7	7	1	1	4	1	0.57923977	7	3092.0633	3092.2633	3092.2633	3092.4633	3092.8426
2	5	1	1	398	3	2	7	8	2	1	4	1	0.4738919	8	3094.2886	3094.4886	3094.4886	3094.6886	3094.9625
2	5	1	1	399	3	2	7	9	1	2	4	1	0.56113349	9	3096.5134	3097.1134	3097.1134	3097.3134	3097.6745
2	5	1	1	400	3	2	7	10	1	2	4	1	0.4683477	10	3099.1422	3099.7422	3099.7422	3099.9422	3100.2106
2	5	1	1	401	3	2	7	11	6	1	5	1	0.68512461	11	3101.7672	3101.9672	3101.9672	3102.1672	3102.6523
2	5	1	1	402	3	2	7	12	6	1	5	1	0.89200582	12	3103.9921	3104.1921	3104.1921	3104.3921	3105.0841
2	5	1	1	403	3	2	7	13	4	2	5	1	0.57784705	13	3106.2167	3106.8167	3106.8167	3107.0167	3107.3945
2	5	1	1	404	3	2	7	14	2	2	4	1	0.68003142	14	3108.8426	3109.4426	3109.4426	3109.6426	3110.1227
2	5	1	1	405	3	2	7	15	5	1	5	1	0.89330112	15	3111.4687	3111.6687	3111.6688	3111.8688	3112.5621
2	5	1	1	406	3	2	7	16	5	1	5	1	0.5742386	16	3113.6932	3113.8932	3113.8932	3114.0932	3114.4675
2	5	1	1	407	3	2	7	17	3	2	4	1	0.57055459	17	3115.9209	3116.5209	3116.5209	3116.7209	3117.0914
2	5	1	1	408	3	2	7	18	1	1	4	1	0.52134986	18	3118.5458	3118.7458	3118.7458	3118.9458	3119.2672
2	5	1	1	409	3	2	7	19	4	2	5	1	0.6314133	19	3120.7705	3121.3705	3121.3705	3121.5705	3122.0019
2	5	1	1	410	3	2	7	20	4	2	5	1	0.77084921	20	3123.3952	3123.9952	3123.9952	3124.1952	3124.766
2	5	1	1	411	3	2	7	21	2	2	4	1	0.55331257	21	3126.0198	3126.6198	3126.6198	3126.8198	3127.1731
2	5	1	1	412	3	2	7	22	6	1	5	1	0.68262635	22	3128.6424	3128.8424	3128.8424	3129.0424	3129.525
2	5	1	1	413	3	2	7	23	5	2	4	0	1.3887684	22	3130.869	3131.469	3131.469	3131.6691	3132.8578
2	5	1	1	414	3	2	7	24	3	2	4	1	0.60460092	23	3133.4941	3134.0941	3134.0941	3134.2941	3134.6987
2	5	1	1	415	3	2	7	25	4	2	5	1	0.81467934	24	3136.1194	3136.7194	3136.7194	3136.9194	3137.5341
2	5	1	1	416	3	2	7	26	2	2	4	1	0.81694282	25	3138.7455	3139.3455	3139.3455	3139.5455	3140.1624
2	5	1	1	417	3	2	7	27	6	1	5	1	0.67750704	26	3141.3683	3141.5683	3141.5683	3141.7683	3142.2458
2	5	1	1	418	3	2	7	28	6	1	5	1	1.4608672	27	3143.5905	3143.7905	3143.7905	3143.9905	3145.2514
2	5	1	1	419	3	2	7	29	5	1	5	1	0.54641971	28	3145.8167	3146.0167	3146.0167	3146.2167	3146.5632
2	5	1	1	420	3	2	7	30	3	1	4	1	0.39156964	29	3148.0428	3148.2429	3148.2429	3148.4429	3148.6344
2	5	1	1	421	3	6	8	1	3	2	3	1	0.71602908	30	3178.3441	3178.9441	3178.9441	3179.1441	3179.6601
2	5	1	1	422	3	6	8	2	2	2	2	1	1.0359314	31	3180.9702	3181.5702	3181.5702	3181.7702	3182.6062
2	5	1	1	423	3	6	8	3	5	1	7	1	0.96555397	32	3183.5978	3183.7978	3183.7978	3183.9978	3184.7633
2	5	1	1	424	3	6	8	4	1	1	1	1	1.2060793	33	3185.8203	3186.0203	3186.0203	3186.2203	3187.2264
2	5	1	1	425	3	6	8	5	3	1	3	1	0.73503434	34	3188.0458	3188.2458	3188.2458	3188.4458	3188.9808
2	5	1	1	426	3	6	8	6	4	2	6	1	1.0593789	35	3190.2724	3190.8724	3190.8724	3191.0724	3191.9318
2	5	1	1	427	3	6	8	7	1	1	1	1	1.1514146	36	3192.8988	3193.0989	3193.0989	3193.2989	3194.2503
2	5	1	1	428	3	6	8	8	2	1	2	1	0.74215764	37	3195.1256	3195.3256	3195.3257	3195.5257	3196.0678
2	5	1	1	429	3	6	8	9	1	2	1	1	0.9644466	38	3197.3514	3197.9514	3197.9514	3198.1514	3198.9159
2	5	1	1	430	3	6	8	10	1	2	1	1	0.71940547	39	3199.9741	3200.5741	3200.5741	3200.7741	3201.2935
2	5	1	1	431	3	6	8	11	6	1	8	1	0.82327201	40	3202.5978	3202.7978	3202.7978	3202.9978	3203.6211
2	5	1	1	432	3	6	8	12	6	1	8	1	0.62425972	41	3204.8278	3205.0278	3205.0278	3205.2278	3205.652
2	5	1	1	433	3	6	8	13	4	2	6	1	1.0369803	42	3207.0544	3207.6544	3207.6544	3207.8544	3208.6913
2	5	1	1	434	3	6	8	14	2	2	2	1	0.85040036	43	3209.6811	3210.2811	3210.2811	3210.4811	3211.1315
2	5	1	1	435	3	6	8	15	5	1	7	1	0.76233394	44	3212.3053	3212.5053	3212.5053	3212.7053	3213.2677
2	5	1	1	436	3	6	8	16	5	1	7	1	0.56025982	45	3214.5318	3214.7318	3214.7318	3214.9318	3215.292
2	5	1	1	437	3	6	8	17	3	2	7	0	0.54933496	45	3216.7585	3217.3585	3217.3585	3217.5585	3217.9078
2	5	1	1	438	3	6	8	18	1	1	1	1	1.3077671	46	3219.3859	3219.5859	3219.5859	3219.7859	3220.8936
2	5	1	1	439	3	6	8	19	4	2	6	1	1.9369017	47	3221.6118	3222.2118	3222.2118	3222.4118	3224.1487
2	5	1	1	440	3	6	8	20	4	2	6	1	0.64820977	48	3224.2382	3224.8382	3224.8382	3225.0382	3225.4864
2	5	1	1	441	3	6	8	21	2	2	2	1	0.80583692	49	3226.8683	3227.4684	3227.4684	3227.6684	3228.2742
2	5	1	1	442	3	6	8	22	6	1	8	1	0.78207131	50	3229.4954	3229.6954	3229.6954	3229.8954	3230.4775
2	5	1	1	443	3	6	8	23	5	2	7	1	0.71553478	51	3231.7224	3232.3224	3232.3224	3232.5224	3233.0379
2	5	1	1	444	3	6	8	24	3	2	3	1	0.56922858	52	3234.3489	3234.9489	3234.9489	3235.1489	3235.5181
2	5	1	1	445	3	6	8	25	4	2	6	1	0.9017949	53	3236.9756	3237.5756	3237.5756	3237.7756	3238.4774
2	5	1	1	446	3	6	8	26	2	2	2	1	0.84387062	54	3239.6014	3240.2014	3240.2014	3240.4014	3241.0452
2	5	1	1	447	3	6	8	27	6	1	8	1	0.89085122	55	3242.2284	3242.4284	3242.4284	3242.6284	3243.3192
2	5	1	1	448	3	6	8	28	6	1	8	1	1.363457	56	3244.4558	3244.6558	3244.6558	3244.8558	3246.0193
2	5	1	1	449	3	6	8	29	5	1	7	1	0.82804412	57	3246.6818	3246.8818	3246.8818	3247.0818	3247.7099
2	5	1	1	450	3	6	8	30	3	1	3	1	1.2926391	58	3248.9095	3249.1095	3249.1095	3249.3095	3250.4021
2	5	1	1	451	3	2	8	1	6	2	5	1	0.61606124	1	3279.2041	3279.8041	3279.8041	3280.0041	3280.4202
2	5	1	1	452	3	2	8	2	3	2	4	1	0.5488148	2	3281.8323	3282.4323	3282.4323	3282.6323	3282.9811
2	5	1	1	453	3	2	8	3	3	1	4	1	0.75282011	3	3284.4592	3284.6592	3284.6592	3284.8592	3285.412
2	5	1	1	454	3	2	8	4	4	1	4	0	0.47974356	3	3286.6864	3286.8864	3286.8864	3287.0864	3287.3662
2	5	1	1	455	3	2	8	5	2	1	4	1	0.70957384	4	3288.911	3289.111	3289.111	3289.311	3289.8206
2	5	1	1	456	3	2	8	6	5	2	5	1	0.78108289	5	3291.1382	3291.7382	3291.7382	3291.9382	3292.5193
2	5	1	1	457	3	2	8	7	2	1	4	1	0.7033076	6	3293.7648	3293.9648	3293.9648	3294.1648	3294.6681
2	5	1	1	458	3	2	8	8	3	1	4	1	0.59583499	7	3295.9923	3296.1923	3296.1923	3296.3923	3296.7882
2	5	1	1	459	3	2	8	9	1	2	4	1	0.50314342	8	3298.2208	3298.8208	3298.8208	3299.0208	3299.3239
2	5	1	1	460	3	2	8	10	6	2	5	1	0.68324682	9	3300.8475	3301.4475	3301.4475	3301.6475	3302.1308
2	5	1	1	461	3	2	8	11	5	1	5	1	0.56679814	10	3303.4751	3303.6751	3303.6751	3303.8751	3304.2419
2	5	1	1	462	3	2	8	12	5	1	5	1	1.1917248	11	3305.7023	3305.9023	3305.9023	3306.1023	3307.094
2	5	1	1	463	3	2	8	13	6	2	5	1	0.56245756	12	3307.929	3308.5291	3308.5291	3308.7291	3309.0915
2	5	1	1	464	3	2	8	14	3	2	4	1	0.35290516	13	3310.5562	3311.1562	3311.1562	3311.3562	3311.5091
2	5	1	1	465	3	2	8	15	2	1	4	1	0.40136762	14	3313.1846	3313.3846	3313.3846	3313.5846	3313.786
2	5	1	1	466	3	2	8	16	4	1	5	1	0.72886138	15	3315.412	3315.6121	3315.6121	3315.8121	3316.3409
2	5	1	1	467	3	2	8	17	6	2	5	1	0.50962897	16	3317.6608	3318.2608	3318.2608	3318.4608	3318.7705
2	5	1	1	468	3	2	8	18	4	1	5	1	0.58704395	17	3320.2893	3320.4893	3320.4893	3320.6893	3321.0764
2	5	1	1	469	3	2	8	19	2	2	4	1	0.64755001	18	3322.5167	3323.1167	3323.1167	3323.3167	3323.7643
2	5	1	1	470	3	2	8	20	3	2	4	1	0.51622756	19	3325.1451	3325.7451	3325.7451	3325.9451	3326.2613
2	5	1	1	471	3	2	8	21	1	2	4	1	0.48029766	20	3327.7724	3328.3724	3328.3724	3328.5724	3328.8527
2	5	1	1	472	3	2	8	22	6	1	5	1	0.5824056	21	3330.3994	3330.5994	3330.5994	3330.7994	3331.1818
2	5	1	1	473	3	2	8	23	5	2	5	1	0.47368797	22	3332.628	3333.228	3333.228	3333.428	3333.7017
2	5	1	1	474	3	2	8	24	4	2	5	1	0.5410668	23	3335.2563	3335.8564	3335.8564	3336.0564	3336.3974
2	5	1	1	475	3	2	8	25	1	2	4	1	0.60791934	24	3337.885	3338.485	3338.485	3338.685	3339.0929
2	5	1	1	476	3	2	8	26	4	2	5	1	0.62929061	25	3340.5182	3341.1182	3341.1182	3341.3182	3341.7475
2	5	1	1	477	3	2	8	27	1	1	4	1	0.64056978	26	3343.146	3343.346	3343.346	3343.546	3343.9865
2	5	1	1	478	3	2	8	28	1	1	4	1	0.554098	27	3345.3708	3345.5708	3345.5708	3345.7708	3346.1249
2	5	1	1	479	3	2	8	29	5	1	5	1	0.56112181	28	3347.5962	3347.7962	3347.7962	3347.9962	3348.3573
2	5	1	1	480	3	2	8	30	2	1	4	1	0.59100135	29	3349.8247	3350.0247	3350.0247	3350.2248	3350.6157
2	5	1	1	481	3	6	9	1	6	2	8	1	1.4854126	30	3380.1328	3380.7328	3380.7328	3380.9328	3382.2182
2	5	1	1	482	3	6	9	2	3	2	3	1	0.70138921	31	3382.7591	3383.3591	3383.3591	3383.5591	3384.0605
2	5	1	1	483	3	6	9	3	3	1	3	1	0.60828968	32	3385.3883	3385.5883	3385.5883	3385.7883	3386.1966
2	5	1	1	484	3	6	9	4	4	1	6	1	0.96277037	33	3387.6161	3387.8161	3387.8161	3388.0161	3388.7788
2	5	1	1	485	3	6	9	5	2	1	2	1	0.75671875	34	3389.8412	3390.0412	3390.0412	3390.2412	3390.798
2	5	1	1	486	3	6	9	6	5	2	7	1	0.86667357	35	3392.0699	3392.6699	3392.6699	3392.8699	3393.5365
2	5	1	1	487	3	6	9	7	2	1	2	1	0.77428335	36	3394.6984	3394.8984	3394.8984	3395.0985	3395.6727
2	5	1	1	488	3	6	9	8	3	1	3	1	0.66294659	37	3396.9274	3397.1274	3397.1274	3397.3274	3397.7903
2	5	1	1	489	3	6	9	9	1	2	1	1	0.47917107	38	3399.1558	3399.7559	3399.7559	3399.9559	3400.235
2	5	1	1	490	3	6	9	10	6	2	8	1	1.1577337	39	3401.781	3402.381	3402.381	3402.581	3403.5387
2	5	1	1	491	3	6	9	11	5	1	7	1	0.70432355	40	3404.4104	3404.6104	3404.6104	3404.8104	3405.3147
2	5	1	1	492	3	6	9	12	5	1	7	1	0.55776988	41	3406.6385	3406.8385	3406.8385	3407.0385	3407.3963
2	5	1	1	493	3	6	9	13	6	2	8	1	0.96986644	42	3408.8671	3409.4671	3409.4671	3409.6671	3410.437
2	5	1	1	494	3	6	9	14	3	2	3	1	0.76425523	43	3411.4951	3412.0951	3412.0951	3412.2951	3412.8594
2	5	1	1	495	3	6	9	15	2	1	2	1	1.0022758	44	3414.1231	3414.3231	3414.3231	3414.5231	3415.3253
2	5	1	1	496	3	6	9	16	4	1	6	1	1.1524871	45	3416.3492	3416.5492	3416.5492	3416.7492	3417.7016
2	5	1	1	497	3	6	9	17	6	2	8	1	0.99584998	46	3418.5778	3419.1778	3419.1778	3419.3778	3420.1737
2	5	1	1	498	3	6	9	18	4	1	6	1	0.70753418	47	3421.2065	3421.4065	3421.4065	3421.6065	3422.114
2	5	1	1	499	3	6	9	19	2	2	2	1	0.74395965	48	3423.4364	3424.0364	3424.0364	3424.2364	3424.7804
2	5	1	1	500	3	6	9	20	3	2	3	1	1.0542375	49	3426.0707	3426.6708	3426.6708	3426.8708	3427.725
2	5	1	1	501	3	6	9	21	1	2	1	1	0.88730179	50	3428.7007	3429.3007	3429.3007	3429.5007	3430.188
2	5	1	1	502	3	6	9	22	6	1	8	1	1.4514825	51	3431.3295	3431.5295	3431.5295	3431.7295	3432.981
2	5	1	1	503	3	6	9	23	5	2	7	1	0.75627221	52	3433.559	3434.159	3434.159	3434.359	3434.9153
2	5	1	1	504	3	6	9	24	4	2	6	1	0.9395578	53	3436.1883	3436.7883	3436.7883	3436.9883	3437.7279
2	5	1	1	505	3	6	9	25	1	2	1	1	1.1151488	54	3438.8173	3439.4173	3439.4173	3439.6173	3440.5325
2	5	1	1	506	3	6	9	26	4	2	6	1	0.83671326	55	3441.4479	3442.0479	3442.0479	3442.2479	3442.8846
2	5	1	1	507	3	6	9	27	1	1	1	1	0.53015881	56	3444.0741	3444.2741	3444.2741	3444.4741	3444.8043
2	5	1	1	508	3	6	9	28	1	1	1	1	0.62935059	57	3446.3037	3446.5037	3446.5037	3446.7037	3447.1331
2	5	1	1	509	3	6	9	29	5	1	7	1	0.73318208	58	3448.5327	3448.7327	3448.7327	3448.9327	3449.4659
2	5	1	1	510	3	6	9	30	2	1	2	1	0.72956323	59	3450.7623	3450.9623	3450.9623	3451.1623	3451.6919
2	5	1	1	511	3	2	9	1	3	2	4	1	0.57363684	1	3481.0535	3481.6535	3481.6535	3481.8535	3482.2271
2	5	1	1	512	3	2	9	2	1	2	4	1	0.43840977	2	3483.6832	3484.2832	3484.2832	3484.4832	3484.7216
2	5	1	1	513	3	2	9	3	3	1	4	1	0.42228059	3	3486.3103	3486.5103	3486.5103	3486.7103	3486.9325
2	5	1	1	514	3	2	9	4	4	1	5	1	0.66476774	4	3488.5401	3488.7401	3488.7401	3488.9401	3489.4049
2	5	1	1	515	3	2	9	5	5	1	5	1	0.47272562	5	3490.77	3490.97	3490.97	3491.1701	3491.4428
2	5	1	1	516	3	2	9	6	4	2	5	1	0.47702218	6	3492.9991	3493.5991	3493.5991	3493.7991	3494.0761
2	5	1	1	517	3	2	9	7	6	1	5	1	0.48689741	7	3495.6287	3495.8287	3495.8287	3496.0287	3496.3156
2	5	1	1	518	3	2	9	8	6	1	5	1	0.48507886	8	3497.8804	3498.0804	3498.0804	3498.2804	3498.5655
2	5	1	1	519	3	2	9	9	4	2	5	1	0.5118575	9	3500.11	3500.71	3500.71	3500.91	3501.2218
2	5	1	1	520	3	2	9	10	6	2	5	1	0.51397553	10	3502.74	3503.34	3503.34	3503.54	3503.854
2	5	1	1	521	3	2	9	11	5	1	5	1	0.50006497	11	3505.3696	3505.5696	3505.5696	3505.7696	3506.0697
2	5	1	1	522	3	2	9	12	2	1	4	1	0.62070181	12	3507.5995	3507.7995	3507.7995	3507.9995	3508.4202
2	5	1	1	523	3	2	9	13	1	2	5	0	0.47639695	12	3509.8794	3510.4794	3510.4794	3510.6794	3510.9558
2	5	1	1	524	3	2	9	14	2	2	4	1	0.51007284	13	3512.5117	3513.1117	3513.1117	3513.3117	3513.6218
2	5	1	1	525	3	2	9	15	2	1	5	0	1.99973	13	3515.1421	3515.3421	3515.3421	3515.5421	3517.3419
2	5	1	1	526	3	2	9	16	5	1	5	1	0.75483759	14	3517.3754	3517.5754	3517.5754	3517.7754	3518.3302
2	5	1	1	527	3	2	9	17	2	2	4	1	0.62489703	15	3519.6051	3520.2051	3520.2051	3520.4051	3520.83
2	5	1	1	528	3	2	9	18	5	1	5	1	0.78689505	16	3522.2317	3522.4317	3522.4317	3522.6317	3523.2186
2	5	1	1	529	3	2	9	19	1	2	4	1	0.39931113	17	3524.4615	3525.0615	3525.0615	3525.2615	3525.4608
2	5	1	1	530	3	2	9	20	6	2	5	1	0.4494663	18	3527.0902	3527.6902	3527.6902	3527.8902	3528.1397
2	5	1	1	531	3	2	9	21	1	2	4	1	0.30980166	19	3529.7254	3530.3254	3530.3254	3530.5254	3530.6352
2	5	1	1	532	3	2	9	22	4	1	5	1	0.38423189	20	3532.3556	3532.5557	3532.5557	3532.7557	3532.9399
2	5	1	1	533	3	2	9	23	2	2	4	1	0.52348995	21	3534.5869	3535.1869	3535.1869	3535.3869	3535.7104
2	5	1	1	534	3	2	9	24	3	2	5	0	0.43473761	21	3537.2169	3537.8169	3537.8169	3538.0169	3538.2517
2	5	1	1	535	3	2	9	25	3	2	5	0	0.36870918	21	3539.8455	3540.4455	3540.4455	3540.6455	3540.8142
2	5	1	1	536	3	2	9	26	4	2	5	1	0.48237314	22	3542.4758	3543.0758	3543.0758	3543.2758	3543.5582
2	5	1	1	537	3	2	9	27	3	1	4	1	0.5369405	23	3545.107	3545.307	3545.307	3545.507	3545.8439
2	5	1	1	538	3	2	9	28	5	1	5	1	0.63491156	24	3547.338	3547.538	3547.538	3547.738	3548.1729
2	5	1	1	539	3	2	9	29	1	1	4	1	0.54812305	25	3549.5682	3549.7682	3549.7682	3549.9682	3550.3164
2	5	1	1	540	3	2	9	30	6	1	5	1	0.60497792	26	3551.7988	3551.9988	3551.9988	3552.1988	3552.6037
2	5	1	1	541	4	6	10	1	3	2	3	1	0.67449791	27	4125.6563	4126.2563	4126.2563	4126.4563	4126.9308
2	5	1	1	542	4	6	10	2	1	2	1	1	0.79019212	28	4128.2879	4128.8879	4128.8879	4129.0879	4129.6781
2	5	1	1	543	4	6	10	3	3	1	3	1	0.69740564	29	4130.9184	4131.1184	4131.1184	4131.3184	4131.8158
2	5	1	1	544	4	6	10	4	4	1	6	1	1.0613954	30	4133.149	4133.349	4133.349	4133.549	4134.4104
2	5	1	1	545	4	6	10	5	5	1	7	1	0.70517978	31	4135.3769	4135.5769	4135.5769	4135.7769	4136.2821
2	5	1	1	546	4	6	10	6	4	2	8	0	0.4725027	31	4137.6053	4138.2053	4138.2053	4138.4053	4138.6778
2	5	1	1	547	4	6	10	7	6	1	8	1	0.77540999	32	4140.2374	4140.4374	4140.4374	4140.6374	4141.2128
2	5	1	1	548	4	6	10	8	6	1	8	1	0.56725079	33	4142.4681	4142.6682	4142.6682	4142.8682	4143.2354
2	5	1	1	549	4	6	10	9	4	2	6	1	0.63580398	34	4144.697	4145.297	4145.297	4145.497	4145.9328
2	5	1	1	550	4	6	10	10	6	2	8	1	0.61156086	35	4147.3286	4147.9286	4147.9286	4148.1286	4148.5402
2	5	1	1	551	4	6	10	11	5	1	7	1	0.66541083	36	4149.9601	4150.1601	4150.1601	4150.3601	4150.8255
2	5	1	1	552	4	6	10	12	2	1	2	1	0.72279551	37	4152.1952	4152.3952	4152.3952	4152.5952	4153.118
2	5	1	1	553	4	6	10	13	1	2	1	1	0.95355473	38	4154.4269	4155.0269	4155.0269	4155.2269	4155.9804
2	5	1	1	554	4	6	10	14	2	2	2	1	1.311075	39	4157.055	4157.655	4157.655	4157.855	4158.966
2	5	1	1	555	4	6	10	15	2	1	2	1	0.76637741	40	4159.687	4159.887	4159.887	4160.087	4160.6534
2	5	1	1	556	4	6	10	16	5	1	7	1	0.9482738	41	4161.9193	4162.1193	4162.1193	4162.3193	4163.0675
2	5	1	1	557	4	6	10	17	2	2	2	1	1.3700402	42	4164.1477	4164.7477	4164.7477	4164.9477	4166.1177
2	5	1	1	558	4	6	10	18	5	1	7	1	0.67421735	43	4166.7798	4166.9798	4166.9798	4167.1798	4167.654
2	5	1	1	559	4	6	10	19	1	2	1	1	1.5662624	44	4169.0142	4169.6142	4169.6142	4169.8142	4171.1804
2	5	1	1	560	4	6	10	20	6	2	8	1	0.89596059	45	4171.6461	4172.2461	4172.2461	4172.4461	4173.142
2	5	1	1	561	4	6	10	21	1	2	1	1	1.4378585	46	4174.2778	4174.8778	4174.8778	4175.0779	4176.3157
2	5	1	1	562	4	6	10	22	4	1	6	1	0.96860773	47	4176.906	4177.106	4177.106	4177.306	4178.0746
2	5	1	1	563	4	6	10	23	2	2	2	1	0.79553849	48	4179.1372	4179.7372	4179.7372	4179.9372	4180.5327
2	5	1	1	564	4	6	10	24	3	2	3	1	0.72132985	49	4181.7698	4182.3698	4182.3698	4182.5698	4183.0911
2	5	1	1	565	4	6	10	25	3	2	3	1	0.73257628	50	4184.4009	4185.0009	4185.0009	4185.2009	4185.7335
2	5	1	1	566	4	6	10	26	4	2	6	1	1.7897306	51	4187.0323	4187.6323	4187.6323	4187.8323	4189.4221
2	5	1	1	567	4	6	10	27	3	1	3	1	0.76138625	52	4189.6647	4189.8647	4189.8647	4190.0647	4190.6261
2	5	1	1	568	4	6	10	28	5	1	7	1	0.68292184	53	4191.897	4192.097	4192.097	4192.297	4192.7799
2	5	1	1	569	4	6	10	29	1	1	1	1	0.84034737	54	4194.1291	4194.3291	4194.3291	4194.5291	4195.1694
2	5	1	1	570	4	6	10	30	6	1	8	1	1.6131424	55	4196.3609	4196.5609	4196.5609	4196.7609	4198.174
2	5	1	1	571	4	2	10	1	5	2	5	1	0.57930761	1	4226.6559	4227.2559	4227.2559	4227.4559	4227.8352
2	5	1	1	572	4	2	10	2	1	2	4	1	0.57361521	2	4229.2874	4229.8874	4229.8874	4230.0874	4230.461
2	5	1	1	573	4	2	10	3	4	1	5	1	0.64057692	3	4231.9241	4232.1242	4232.1242	4232.3242	4232.7647
2	5	1	1	574	4	2	10	4	4	1	4	0	0.45566921	3	4234.1567	4234.3567	4234.3567	4234.5567	4234.8124
2	5	1	1	575	4	2	10	5	3	1	4	1	0.68022604	4	4236.3885	4236.5885	4236.5885	4236.7885	4237.2687
2	5	1	1	576	4	2	10	6	2	2	4	1	0.53744296	5	4238.6245	4239.2245	4239.2245	4239.4245	4239.762
2	5	1	1	577	4	2	10	7	3	1	4	1	0.50399472	6	4241.2604	4241.4604	4241.4604	4241.6604	4241.9644
2	5	1	1	578	4	2	10	8	5	1	5	1	0.48719819	7	4243.4926	4243.6926	4243.6926	4243.8926	4244.1798
2	5	1	1	579	4	2	10	9	6	2	5	1	0.7035454	8	4245.725	4246.325	4246.325	4246.525	4247.0286
2	5	1	1	580	4	2	10	10	5	2	5	1	0.65407086	9	4248.3581	4248.9582	4248.9582	4249.1582	4249.6122
2	5	1	1	581	4	2	10	11	6	1	5	1	0.67630885	10	4250.9904	4251.1904	4251.1904	4251.3905	4251.8668
2	5	1	1	582	4	2	10	12	2	1	4	1	0.68204866	11	4253.2235	4253.4235	4253.4235	4253.6235	4254.1056
2	5	1	1	583	4	2	10	13	5	2	5	1	0.57885339	12	4255.4554	4256.0554	4256.0554	4256.2554	4256.6343
2	5	1	1	584	4	2	10	14	1	2	4	1	0.62025385	13	4258.0853	4258.6853	4258.6853	4258.8853	4259.3055
2	5	1	1	585	4	2	10	15	2	1	4	1	0.9976133	14	4260.7179	4260.9179	4260.9179	4261.1179	4261.9155
2	5	1	1	586	4	2	10	16	3	1	4	1	0.41617373	15	4262.9544	4263.1544	4263.1544	4263.3544	4263.5706
2	5	1	1	587	4	2	10	17	4	2	5	1	0.4370263	16	4265.1912	4265.7912	4265.7912	4265.9912	4266.2282
2	5	1	1	588	4	2	10	18	6	1	5	1	0.51488102	17	4267.8232	4268.0232	4268.0232	4268.2232	4268.5381
2	5	1	1	589	4	2	10	19	4	2	5	1	0.8289421	18	4270.0562	4270.6562	4270.6562	4270.8562	4271.4851
2	5	1	1	590	4	2	10	20	6	2	5	1	0.66332321	19	4272.6866	4273.2867	4273.2867	4273.4867	4273.95
2	5	1	1	591	4	2	10	21	3	2	4	1	0.79767409	20	4275.3194	4275.9194	4275.9194	4276.1194	4276.7171
2	5	1	1	592	4	2	10	22	1	1	4	1	0.50089089	21	4277.9519	4278.1519	4278.1519	4278.3519	4278.6528
2	5	1	1	593	4	2	10	23	4	2	4	0	0.38534473	21	4280.1851	4280.7851	4280.7851	4280.9851	4281.1704
2	5	1	1	594	4	2	10	24	2	2	4	1	0.52430497	22	4282.8178	4283.4178	4283.4178	4283.6178	4283.9421
2	5	1	1	595	4	2	10	25	1	2	4	1	0.52031399	23	4285.4511	4286.0511	4286.0511	4286.2511	4286.5714
2	5	1	1	596	4	2	10	26	3	2	4	1	0.56827844	24	4288.0836	4288.6836	4288.6836	4288.8836	4289.2519
2	5	1	1	597	4	2	10	27	5	1	5	1	0.65515448	25	4290.7175	4290.9175	4290.9175	4291.1176	4291.5727
2	5	1	1	598	4	2	10	28	2	1	4	1	0.5763838	26	4292.955	4293.155	4293.155	4293.355	4293.7314
2	5	1	1	599	4	2	10	29	6	1	5	1	0.99776937	27	4295.189	4295.389	4295.389	4295.589	4296.3868
2	5	1	1	600	4	2	10	30	1	1	4	1	0.77923257	28	4297.426	4297.626	4297.626	4297.826	4298.4052
2	5	1	1	601	4	6	11	1	5	2	7	1	0.67649015	29	4327.7363	4328.3363	4328.3363	4328.5363	4329.0128
2	5	1	1	602	4	6	11	2	1	2	1	1	1.1153379	30	4330.3702	4330.9702	4330.9702	4331.1702	4332.0855
2	5	1	1	603	4	6	11	3	4	1	6	1	1.6918989	31	4333.0066	4333.2066	4333.2066	4333.4066	4334.8985
2	5	1	1	604	4	6	11	4	4	1	6	1	0.62061588	32	4335.2393	4335.4393	4335.4393	4335.6393	4336.0599
2	5	1	1	605	4	6	11	5	3	1	3	1	0.70505173	33	4337.4722	4337.6722	4337.6722	4337.8722	4338.3773
2	5	1	1	606	4	6	11	6	2	2	2	1	0.66718387	34	4339.7052	4340.3052	4340.3052	4340.5052	4340.9724
2	5	1	1	607	4	6	11	7	3	1	3	1	0.61829553	35	4342.3381	4342.5381	4342.5381	4342.7381	4343.1564
2	5	1	1	608	4	6	11	8	5	1	7	1	0.64043931	36	4344.5723	4344.7723	4344.7723	4344.9723	4345.4128
2	5	1	1	609	4	6	11	9	6	2	8	1	1.0771946	37	4346.8052	4347.4052	4347.4052	4347.6052	4348.4824
2	5	1	1	610	4	6	11	10	5	2	7	1	0.67113616	38	4349.4385	4350.0385	4350.0385	4350.2385	4350.7096
2	5	1	1	611	4	6	11	11	6	1	7	0	0.58641281	38	4352.0726	4352.2726	4352.2726	4352.4726	4352.859
2	5	1	1	612	4	6	11	12	2	1	2	1	0.77443683	39	4354.303	4354.503	4354.503	4354.703	4355.2774
2	5	1	1	613	4	6	11	13	5	2	7	1	0.78099933	40	4356.5434	4357.1435	4357.1435	4357.3435	4357.9245
2	5	1	1	614	4	6	11	14	1	2	1	1	0.81751849	41	4359.1784	4359.7784	4359.7784	4359.9784	4360.5959
2	5	1	1	615	4	6	11	15	2	1	2	1	0.75805092	42	4361.8123	4362.0123	4362.0123	4362.2123	4362.7704
2	5	1	1	616	4	6	11	16	3	1	3	1	1.4802117	43	4364.0441	4364.2441	4364.2441	4364.4441	4365.7243
2	5	1	1	617	4	6	11	17	4	2	6	1	0.781892	44	4366.279	4366.879	4366.879	4367.079	4367.6609
2	5	1	1	618	4	6	11	18	6	1	8	1	1.0257229	45	4368.9129	4369.1129	4369.1129	4369.3129	4370.1386
2	5	1	1	619	4	6	11	19	4	2	6	1	1.409711	46	4371.1467	4371.7467	4371.7467	4371.9467	4373.1564
2	5	1	1	620	4	6	11	20	6	2	8	1	0.80457126	47	4373.7808	4374.3808	4374.3808	4374.5808	4375.1854
2	5	1	1	621	4	6	11	21	3	2	3	1	0.83937842	48	4376.4145	4377.0146	4377.0146	4377.2146	4377.8539
2	5	1	1	622	4	6	11	22	1	1	1	1	0.7586243	49	4379.0445	4379.2445	4379.2445	4379.4445	4380.0032
2	5	1	1	623	4	6	11	23	4	2	6	1	1.9108858	50	4381.2782	4381.8782	4381.8782	4382.0782	4383.7891
2	5	1	1	624	4	6	11	24	2	2	2	1	0.98836571	51	4383.912	4384.512	4384.512	4384.712	4385.5004
2	5	1	1	625	4	6	11	25	1	2	1	1	0.72177421	52	4386.5461	4387.1461	4387.1461	4387.3461	4387.8679
2	5	1	1	626	4	6	11	26	3	2	3	1	0.73353565	53	4389.1814	4389.7814	4389.7814	4389.9814	4390.5149
2	5	1	1	627	4	6	11	27	5	1	7	1	0.69816096	54	4391.817	4392.017	4392.017	4392.217	4392.7151
2	5	1	1	628	4	6	11	28	2	1	1	0	0.7925416	54	4394.0514	4394.2514	4394.2514	4394.4514	4395.0439
2	5	1	1	629	4	6	11	29	6	1	8	1	0.86039834	55	4396.2855	4396.4855	4396.4855	4396.6855	4397.3459
2	5	1	1	630	4	6	11	30	1	1	1	1	0.85331037	56	4398.5174	4398.7174	4398.7174	4398.9174	4399.5707
2	5	1	1	631	4	2	11	1	6	2	5	1	0.52435235	1	4428.8158	4429.4158	4429.4158	4429.6158	4429.9401
2	5	1	1	632	4	2	11	2	6	2	5	1	0.45103577	2	4431.4508	4432.0508	4432.0509	4432.2509	4432.5019
2	5	1	1	633	4	2	11	3	2	1	4	1	0.53603413	3	4434.0855	4434.2855	4434.2855	4434.4855	4434.8215
2	5	1	1	634	4	2	11	4	4	1	5	1	0.53930641	4	4436.3196	4436.5196	4436.5196	4436.7196	4437.0589
2	5	1	1	635	4	2	11	5	4	1	5	1	0.53771664	5	4438.5543	4438.7543	4438.7543	4438.9543	4439.292
2	5	1	1	636	4	2	11	6	4	2	5	1	0.52180413	6	4440.7858	4441.3858	4441.3858	4441.5858	4441.9076
2	5	1	1	637	4	2	11	7	6	1	5	1	0.47233412	7	4443.4213	4443.6213	4443.6213	4443.8213	4444.0936
2	5	1	1	638	4	2	11	8	1	1	4	1	0.5244596	8	4445.6558	4445.8558	4445.8558	4446.0558	4446.3802
2	5	1	1	639	4	2	11	9	3	2	4	1	0.52350216	9	4447.8892	4448.4892	4448.4892	4448.6892	4449.0127
2	5	1	1	640	4	2	11	10	3	2	4	1	0.64888643	10	4450.5247	4451.1247	4451.1247	4451.3247	4451.7736
2	5	1	1	641	4	2	11	11	2	1	4	1	0.52597052	11	4453.1567	4453.3568	4453.3568	4453.5568	4453.8827
2	5	1	1	642	4	2	11	12	5	1	5	1	0.63693746	12	4455.3919	4455.5919	4455.5919	4455.7919	4456.2288
2	5	1	1	643	4	2	11	13	4	2	5	1	0.51233333	13	4457.628	4458.228	4458.228	4458.428	4458.7403
2	5	1	1	644	4	2	11	14	3	2	4	1	0.56027625	14	4460.2699	4460.8699	4460.8699	4461.0699	4461.4302
2	5	1	1	645	4	2	11	15	4	1	5	1	0.80058479	15	4462.9087	4463.1087	4463.1087	4463.3087	4463.9093
2	5	1	1	646	4	2	11	16	5	1	5	1	0.57183399	16	4465.1416	4465.3416	4465.3416	4465.5416	4465.9134
2	5	1	1	647	4	2	11	17	3	2	5	0	0.5809753	16	4467.3758	4467.9758	4467.9758	4468.1758	4468.5568
2	5	1	1	648	4	2	11	18	6	1	5	1	0.46509266	17	4470.0108	4470.2108	4470.2108	4470.4108	4470.6759
2	5	1	1	649	4	2	11	19	1	2	4	1	1.1986612	18	4472.2459	4472.8459	4472.8459	4473.046	4474.0446
2	5	1	1	650	4	2	11	20	2	2	4	1	0.72534634	19	4474.8784	4475.4784	4475.4784	4475.6784	4476.2038
2	5	1	1	651	4	2	11	21	1	2	4	1	0.48970328	20	4477.5144	4478.1144	4478.1144	4478.3144	4478.6041
2	5	1	1	652	4	2	11	22	5	1	5	1	0.62648882	21	4480.1462	4480.3462	4480.3462	4480.5462	4480.9727
2	5	1	1	653	4	2	11	23	5	2	5	1	0.83082936	22	4482.3814	4482.9814	4482.9814	4483.1815	4483.8123
2	5	1	1	654	4	2	11	24	2	2	4	1	0.63349936	23	4485.0174	4485.6174	4485.6174	4485.8174	4486.2509
2	5	1	1	655	4	2	11	25	1	2	4	1	0.80835475	24	4487.6527	4488.2527	4488.2527	4488.4527	4489.0611
2	5	1	1	656	4	2	11	26	5	2	5	1	0.69231683	25	4490.2888	4490.8888	4490.8888	4491.0888	4491.5811
2	5	1	1	657	4	2	11	27	3	1	4	1	0.6512571	26	4492.9211	4493.1211	4493.1211	4493.3211	4493.7723
2	5	1	1	658	4	2	11	28	2	1	4	1	0.89881622	27	4495.1531	4495.3531	4495.3531	4495.5531	4496.2519
2	5	1	1	659	4	2	11	29	6	1	5	1	0.47842672	28	4497.3888	4497.5888	4497.5888	4497.7888	4498.0672
2	5	1	1	660	4	2	11	30	1	1	4	1	0.60274219	29	4499.6241	4499.8242	4499.8242	4500.0242	4500.4269
2	5	1	1	661	4	6	12	1	6	2	8	1	0.66774967	30	4529.9462	4530.5462	4530.5462	4530.7462	4531.2139
2	5	1	1	662	4	6	12	2	6	2	8	1	0.59141568	31	4532.5822	4533.1822	4533.1822	4533.3822	4533.7736
2	5	1	1	663	4	6	12	3	2	1	2	1	0.80971186	32	4535.2188	4535.4188	4535.4188	4535.6188	4536.2286
2	5	1	1	664	4	6	12	4	4	1	6	1	0.8462578	33	4537.4542	4537.6542	4537.6542	4537.8542	4538.5004
2	5	1	1	665	4	6	12	5	4	1	8	0	0.89838062	33	4539.6897	4539.8897	4539.8897	4540.0897	4540.7881
2	5	1	1	666	4	6	12	6	4	2	6	1	0.55763875	34	4541.9255	4542.5256	4542.5256	4542.7256	4543.0832
2	5	1	1	667	4	6	12	7	6	1	8	1	0.52261814	35	4544.5618	4544.7618	4544.7618	4544.9618	4545.2844
2	5	1	1	668	4	6	12	8	1	1	1	1	1.0205303	36	4546.7988	4546.9989	4546.9989	4547.1989	4548.0194
2	5	1	1	669	4	6	12	9	3	2	3	1	0.66601379	37	4549.0352	4549.6352	4549.6352	4549.8352	4550.3012
2	5	1	1	670	4	6	12	10	3	2	3	1	0.73347239	38	4551.6708	4552.2708	4552.2708	4552.4708	4553.0043
2	5	1	1	671	4	6	12	11	2	1	2	1	0.86567687	39	4554.3067	4554.5067	4554.5067	4554.7067	4555.3723
2	5	1	1	672	4	6	12	12	5	1	7	1	0.90382457	40	4556.5425	4556.7425	4556.7425	4556.9425	4557.6463
2	5	1	1	673	4	6	12	13	4	2	6	1	0.96975376	41	4558.779	4559.379	4559.379	4559.579	4560.3487
2	5	1	1	674	4	6	12	14	3	2	3	1	0.86675088	42	4561.4146	4562.0146	4562.0146	4562.2146	4562.8814
2	5	1	1	675	4	6	12	15	4	1	6	1	0.88311461	43	4564.0491	4564.2491	4564.2491	4564.4491	4565.1322
2	5	1	1	676	4	6	12	16	5	1	7	1	0.64695606	44	4566.2861	4566.4861	4566.4861	4566.6861	4567.1331
2	5	1	1	677	4	6	12	17	3	2	3	1	0.72883192	45	4568.5222	4569.1222	4569.1222	4569.3222	4569.851
2	5	1	1	678	4	6	12	18	6	1	8	1	0.69426739	46	4571.1578	4571.3578	4571.3578	4571.5578	4572.0521
2	5	1	1	679	4	6	12	19	1	2	1	1	0.76167583	47	4573.3944	4573.9944	4573.9944	4574.1944	4574.7561
2	5	1	1	680	4	6	12	20	2	2	2	1	0.79697649	48	4576.0315	4576.6315	4576.6315	4576.8315	4577.4285
2	5	1	1	681	4	6	12	21	1	2	1	1	1.374069	49	4578.6682	4579.2682	4579.2682	4579.4682	4580.6422
2	5	1	1	682	4	6	12	22	5	1	7	1	0.79242032	50	4581.3059	4581.5059	4581.5059	4581.7059	4582.2983
2	5	1	1	683	4	6	12	23	5	2	7	1	0.5729281	51	4583.543	4584.143	4584.143	4584.343	4584.7159
2	5	1	1	684	4	6	12	24	2	2	2	1	0.68205501	52	4586.1799	4586.7799	4586.7799	4586.9799	4587.4619
2	5	1	1	685	4	6	12	25	1	2	1	1	0.62542702	53	4588.8174	4589.4174	4589.4174	4589.6174	4590.0428
2	5	1	1	686	4	6	12	26	5	2	7	1	0.84611498	54	4591.4542	4592.0542	4592.0542	4592.2542	4592.9003
2	5	1	1	687	4	6	12	27	3	1	3	1	0.91309354	55	4594.0914	4594.2914	4594.2914	4594.4914	4595.2045
2	5	1	1	688	4	6	12	28	2	1	1	0	1.0556068	55	4596.3312	4596.5312	4596.5312	4596.7312	4597.5868
2	5	1	1	689	4	6	12	29	6	1	8	1	0.91759494	56	4598.5681	4598.7681	4598.7681	4598.9681	4599.6857
2	5	1	1	690	4	6	12	30	1	1	1	1	0.79940176	57	4600.8047	4601.0047	4601.0047	4601.2047	4601.8041
2	5	1	1	691	4	2	12	1	6	2	5	1	0.85019794	1	4631.1066	4631.7066	4631.7066	4631.9066	4632.5568
2	5	1	1	692	4	2	12	2	6	2	5	1	0.50213838	2	4633.7437	4634.3438	4634.3438	4634.5438	4634.8459
2	5	1	1	693	4	2	12	3	6	1	5	1	0.57867799	3	4636.378	4636.578	4636.578	4636.778	4637.1567
2	5	1	1	694	4	2	12	4	4	1	5	1	0.40499651	4	4638.615	4638.815	4638.815	4639.0151	4639.22
2	5	1	1	695	4	2	12	5	4	1	5	1	0.41467619	5	4640.8526	4641.0526	4641.0526	4641.2526	4641.4673
2	5	1	1	696	4	2	12	6	1	2	4	1	0.36844293	6	4643.0904	4643.6904	4643.6904	4643.8904	4644.0588
2	5	1	1	697	4	2	12	7	5	1	4	0	0.42916171	6	4645.727	4645.927	4645.927	4646.127	4646.3562
2	5	1	1	698	4	2	12	8	1	1	5	0	0.4888557	6	4647.964	4648.164	4648.164	4648.364	4648.6529
2	5	1	1	699	4	2	12	9	5	2	5	1	0.65196759	7	4650.201	4650.801	4650.801	4651.001	4651.453
2	5	1	1	700	4	2	12	10	4	2	5	1	0.68282097	8	4652.8381	4653.4381	4653.4381	4653.6381	4654.1209
2	5	1	1	701	4	2	12	11	4	1	5	1	0.62391062	9	4655.4755	4655.6755	4655.6755	4655.8755	4656.2994
2	5	1	1	702	4	2	12	12	2	1	4	1	1.2289087	10	4657.7132	4657.9133	4657.9133	4658.1133	4659.1422
2	5	1	1	703	4	2	12	13	2	2	4	1	0.74724705	11	4659.9532	4660.5532	4660.5532	4660.7532	4661.3004
2	5	1	1	704	4	2	12	14	2	2	4	1	0.73031573	12	4662.5919	4663.1919	4663.1919	4663.3919	4663.9222
2	5	1	1	705	4	2	12	15	5	1	5	1	0.81710408	13	4665.2263	4665.4263	4665.4263	4665.6263	4666.2434
2	5	1	1	706	4	2	12	16	6	1	5	1	0.88968977	14	4667.4643	4667.6643	4667.6643	4667.8643	4668.554
2	5	1	1	707	4	2	12	17	5	2	5	1	0.55980139	15	4669.7024	4670.3024	4670.3024	4670.5025	4670.8622
2	5	1	1	708	4	2	12	18	6	1	5	1	0.41845134	16	4672.3439	4672.544	4672.544	4672.744	4672.9624
2	5	1	1	709	4	2	12	19	3	2	4	1	0.39022558	17	4674.5816	4675.1816	4675.1816	4675.3816	4675.5718
2	5	1	1	710	4	2	12	20	2	2	4	1	0.38534645	18	4677.2173	4677.8173	4677.8173	4678.0173	4678.2026
2	5	1	1	711	4	2	12	21	1	2	4	1	0.47523604	19	4679.8561	4680.4561	4680.4562	4680.6562	4680.9314
2	5	1	1	712	4	2	12	22	5	1	5	1	0.68436313	20	4682.4945	4682.6946	4682.6946	4682.8946	4683.3789
2	5	1	1	713	4	2	12	23	2	2	4	1	0.44811544	21	4684.7337	4685.3337	4685.3337	4685.5337	4685.7818
2	5	1	1	714	4	2	12	24	3	2	4	1	0.48955176	22	4687.369	4687.9691	4687.9691	4688.1691	4688.4586
2	5	1	1	715	4	2	12	25	3	2	4	1	0.43691313	23	4690.0072	4690.6072	4690.6072	4690.8072	4691.0441
2	5	1	1	716	4	2	12	26	4	2	5	1	0.5486245	24	4692.6457	4693.2457	4693.2457	4693.4457	4693.7943
2	5	1	1	717	4	2	12	27	3	1	4	1	0.77026936	25	4695.2833	4695.4833	4695.4833	4695.6833	4696.2536
2	5	1	1	718	4	2	12	28	1	1	4	1	1.3767716	26	4697.5222	4697.7222	4697.7222	4697.9222	4699.099
2	5	1	1	719	4	2	12	29	3	1	4	1	0.51585162	27	4699.76	4699.96	4699.96	4700.16	4700.4759
2	5	1	1	720	4	2	12	30	1	1	4	1	0.50232187	28	4701.9982	4702.1982	4702.1982	4702.3982	4702.7005
