43	35	42	126	64	124	94	37	0	0	0	0	0	0	0	0	0	0	0	0
2	40	1	2	1	1	2	1	1	3	1	4	1	0.66904033	1	361.53372	361.73385	361.7341	361.93432	362.40314
2	40	1	2	2	1	2	1	2	3	1	4	1	0.49589306	2	363.75544	363.9556	363.95572	364.15597	364.45161
2	40	1	2	3	1	2	1	3	1	2	4	1	0.47668583	3	366.00722	366.60724	366.60726	366.80728	367.08394
2	40	1	2	4	1	2	1	4	6	1	5	1	0.52465398	4	368.61487	368.81489	368.81491	369.01493	369.33956
2	40	1	2	5	1	2	1	5	4	2	5	1	0.48250942	5	370.82364	371.42367	371.42367	371.62368	371.90618
2	40	1	2	6	1	2	1	6	3	1	4	1	0.63608327	6	373.43084	373.63084	373.63084	373.8309	374.26692
2	40	1	2	7	1	2	1	7	1	2	4	1	0.66272385	7	375.63809	376.2381	376.2381	376.4381	376.90082
2	40	1	2	8	1	2	1	8	4	1	5	1	0.52810463	8	378.24471	378.44472	378.44472	378.64472	378.97282
2	40	1	2	9	1	2	1	9	3	2	4	1	0.5056858	9	380.45128	381.05129	381.05129	381.25129	381.55697
2	40	1	2	10	1	2	1	10	1	1	4	1	0.48147161	10	383.05828	383.25828	383.25831	383.45837	383.73978
2	40	1	2	11	1	2	1	11	4	2	5	1	0.48977956	11	385.26567	385.8657	385.8657	386.06575	386.35548
2	40	1	2	12	1	2	1	12	3	1	4	1	0.53050387	12	387.87238	388.07238	388.07238	388.27239	388.60289
2	40	1	2	13	1	2	1	13	2	1	4	1	0.46946002	13	390.07936	390.27937	390.27937	390.47943	390.74883
2	40	1	2	14	1	2	1	14	5	2	5	1	0.48319786	14	392.28687	392.88688	392.88691	393.08691	393.3701
2	40	1	2	15	1	2	1	15	5	1	5	1	0.50122436	15	394.89415	395.09417	395.09418	395.29423	395.5954
2	40	1	2	16	1	2	1	16	2	1	4	1	0.52569546	16	397.10099	397.301	397.301	397.50101	397.8267
2	40	1	2	17	1	2	1	17	2	2	4	1	0.5025219	17	399.30794	399.90794	399.90794	400.10795	400.41047
2	40	1	2	18	1	2	1	18	5	1	5	1	0.42313561	18	401.91489	402.1149	402.1149	402.3149	402.53804
2	40	1	2	19	1	2	1	19	6	2	5	1	0.4268124	19	404.12208	404.72208	404.72209	404.92213	405.1489
2	40	1	2	20	1	2	1	20	2	1	4	1	0.45097925	20	406.72961	406.92962	406.92962	407.12967	407.3806
2	40	1	2	21	1	2	1	21	6	2	5	1	0.40880617	21	408.93666	409.53666	409.53666	409.73667	409.94547
2	40	1	2	22	1	2	1	22	5	2	5	1	0.5160304	22	411.54365	412.14366	412.14372	412.34377	412.65975
2	40	1	2	23	1	2	1	23	4	1	5	1	0.46046634	23	414.15141	414.35147	414.35147	414.55148	414.81194
2	40	1	2	24	1	2	1	24	5	1	4	0	0.45939438	23	416.3591	416.5591	416.55916	416.75916	417.01856
2	40	1	2	25	1	2	1	25	4	2	4	0	0.6719058	23	418.87702	419.47709	419.47709	419.6771	420.149
2	40	1	2	26	1	2	1	26	1	2	4	1	0.69509983	24	421.78994	422.38995	422.39001	422.59001	423.08511
2	40	1	2	27	1	2	1	27	2	1	4	1	0.72346448	25	424.39827	424.59834	424.59834	424.79835	425.32181
2	40	1	2	28	1	2	1	28	6	2	5	1	0.62239339	26	426.60513	427.20514	427.20514	427.40514	427.82753
2	40	1	2	29	1	2	1	29	1	2	4	1	0.68695213	27	429.2135	429.8135	429.8135	430.01351	430.50046
2	40	1	2	30	1	2	1	30	6	2	5	1	0.43806273	28	431.82123	432.42124	432.42124	432.62124	432.8593
2	40	1	2	31	1	6	1	1	3	1	3	1	0.82147299	1	506.06874	506.26883	506.26892	506.4691	507.0904
2	40	1	2	32	1	6	1	2	5	1	7	1	0.9337843	2	508.27929	508.47931	508.47932	508.67934	509.4131
2	40	1	2	33	1	6	1	3	3	2	3	1	1.8089325	3	510.48776	511.08778	511.08779	511.28781	512.89672
2	40	1	2	34	1	6	1	4	1	1	1	1	0.8902304	4	513.09571	513.29573	513.29574	513.49574	514.18597
2	40	1	2	35	1	6	1	5	4	2	6	1	0.93163201	5	515.3043	515.9043	515.90433	516.10437	516.83596
2	40	1	2	36	1	6	1	6	2	1	2	1	0.81043078	6	517.91253	518.11255	518.11256	518.31256	518.92299
2	40	1	2	37	1	6	1	7	2	2	2	1	0.68139288	7	520.12048	520.72049	520.72049	520.92049	521.40188
2	40	1	2	38	1	6	1	8	1	1	1	1	0.82553163	8	522.72859	522.92859	522.92859	523.1286	523.75413
2	40	1	2	39	1	6	1	9	6	2	8	1	0.93175375	9	524.93713	525.53713	525.53716	525.73716	526.46891
2	40	1	2	40	1	6	1	10	2	1	2	1	0.92115211	10	527.54572	527.74574	527.74575	527.9458	528.6669
2	40	1	2	41	1	6	1	11	6	2	8	1	1.0900259	11	529.75211	530.35214	530.35214	530.55217	531.44216
2	40	1	2	42	1	6	1	12	6	1	8	1	0.86611523	12	532.3606	532.56061	532.56061	532.76061	533.42672
2	40	1	2	43	1	6	1	13	2	1	2	1	0.79310739	13	534.56728	534.76728	534.7673	534.96735	535.56041
2	40	1	2	44	1	6	1	14	4	2	6	1	0.90764772	14	536.77593	537.37595	537.37595	537.57599	538.2836
2	40	1	2	45	1	6	1	15	4	1	7	0	1.4218569	14	539.3832	539.5832	539.58322	539.78323	541.00508
2	40	1	2	46	1	6	1	16	5	1	0	0	-542.10609	14	541.90605	542.10608	542.10609	542.30609	0
2	40	1	2	47	1	6	1	17	4	2	6	1	1.0133299	15	544.41354	545.01356	545.01356	545.21357	546.02689
2	40	1	2	48	1	6	1	18	4	1	7	0	1.3240565	15	547.02266	547.22266	547.22269	547.42273	548.54674
2	40	1	2	49	1	6	1	19	5	2	7	1	1.1737916	16	549.54095	550.14097	550.14097	550.34101	551.31476
2	40	1	2	50	1	6	1	20	1	1	1	1	0.98860248	17	552.14957	552.34958	552.34963	552.54963	553.33823
2	40	1	2	51	1	6	1	21	3	2	3	1	0.79587394	18	554.35885	554.9589	554.9589	555.15891	555.75478
2	40	1	2	52	1	6	1	22	6	2	8	1	0.83660124	19	556.9681	557.56811	557.56811	557.76811	558.40471
2	40	1	2	53	1	6	1	23	1	1	1	1	0.84306848	20	559.57732	559.77732	559.77733	559.97733	560.6204
2	40	1	2	54	1	6	1	24	3	1	3	1	1.087646	21	561.78631	561.98632	561.98632	562.18632	563.07397
2	40	1	2	55	1	6	1	25	6	2	8	1	0.7903031	22	563.99604	564.59604	564.59605	564.79605	565.38635
2	40	1	2	56	1	6	1	26	3	2	3	1	1.2636421	23	566.60498	567.20499	567.20499	567.40499	568.46863
2	40	1	2	57	1	6	1	27	5	1	7	1	0.97451128	24	569.2143	569.41431	569.41431	569.61431	570.38882
2	40	1	2	58	1	6	1	28	2	2	2	1	0.87224306	25	571.42377	572.02377	572.02377	572.22378	572.89602
2	40	1	2	59	1	6	1	29	5	2	7	1	0.94284687	26	574.03353	574.63353	574.63353	574.83354	575.57638
2	40	1	2	60	1	6	1	30	1	2	1	1	0.7522405	27	576.64306	577.24307	577.24307	577.44307	577.99531
2	40	1	2	61	1	2	2	1	4	1	5	1	1.2976499	1	591.59373	591.79373	591.79374	591.99374	593.09139
2	40	1	2	62	1	2	2	2	3	1	4	1	0.51461359	2	593.80084	594.00084	594.00091	594.20092	594.51553
2	40	1	2	63	1	2	2	3	3	2	4	1	0.72421726	3	596.00871	596.60877	596.60877	596.80878	597.33299
2	40	1	2	64	1	2	2	4	5	1	5	1	0.4423136	4	598.61809	598.81809	598.81809	599.0181	599.26041
2	40	1	2	65	1	2	2	5	2	2	4	1	0.66175645	5	600.82757	601.42757	601.42758	601.62758	602.08933
2	40	1	2	66	1	2	2	6	3	1	4	1	0.66115527	6	603.43709	603.63709	603.63709	603.8371	604.29825
2	40	1	2	67	1	2	2	7	3	2	4	1	0.53405174	7	605.64689	606.2469	606.2469	606.4469	606.78095
2	40	1	2	68	1	2	2	8	1	1	4	1	0.46557799	8	608.25508	608.45508	608.45509	608.65509	608.92066
2	40	1	2	69	1	2	2	9	5	2	5	1	0.44235631	9	610.4652	611.0652	611.06528	611.26528	611.50763
2	40	1	2	70	1	2	2	10	4	1	5	1	0.43824223	10	613.07638	613.27644	613.27645	613.47645	613.71469
2	40	1	2	71	1	2	2	11	4	2	5	1	0.41436826	11	615.28629	615.8863	615.8863	616.0863	616.30067
2	40	1	2	72	1	2	2	12	1	1	5	0	0.47446883	11	617.8964	618.09641	618.09641	618.29641	618.57088
2	40	1	2	73	1	2	2	13	2	1	4	1	0.91245971	12	620.41644	620.61645	620.61645	620.81645	621.52891
2	40	1	2	74	1	2	2	14	4	2	5	1	0.55385074	13	622.62637	623.22637	623.22637	623.42644	623.78022
2	40	1	2	75	1	2	2	15	6	1	5	1	0.93451174	14	625.2366	625.43661	625.43661	625.63661	626.37112
2	40	1	2	76	1	2	2	16	6	1	5	1	0.43781704	15	627.44716	627.64717	627.64717	627.84718	628.08499
2	40	1	2	77	1	2	2	17	5	2	5	1	0.51943653	16	629.6578	630.2578	630.2578	630.45781	630.77724
2	40	1	2	78	1	2	2	18	2	1	5	0	0.48041027	16	632.26814	632.46814	632.46815	632.66815	632.94856
2	40	1	2	79	1	2	2	19	5	2	5	1	0.51924169	17	634.78828	635.38828	635.38828	635.58829	635.90752
2	40	1	2	80	1	2	2	20	1	1	4	1	0.44977364	18	637.39873	637.59874	637.59874	637.79874	638.04851
2	40	1	2	81	1	2	2	21	1	2	4	1	0.56888746	19	639.60926	640.20926	640.20927	640.40927	640.77815
2	40	1	2	82	1	2	2	22	6	2	5	1	0.62962072	20	642.21985	642.81985	642.81985	643.01986	643.44947
2	40	1	2	83	1	2	2	23	3	1	4	1	0.54244632	21	644.83054	645.03055	645.03055	645.23055	645.573
2	40	1	2	84	1	2	2	24	2	1	5	0	0.74550755	21	647.04075	647.24075	647.24076	647.44076	647.98626
2	40	1	2	85	1	2	2	25	6	2	5	1	0.47383872	22	649.56042	650.16043	650.16043	650.36043	650.63427
2	40	1	2	86	1	2	2	26	2	2	4	1	0.76129926	23	652.17149	652.7715	652.7715	652.9715	653.5328
2	40	1	2	87	1	2	2	27	1	1	4	1	0.71782673	24	654.7807	654.9807	654.98071	655.18078	655.69853
2	40	1	2	88	1	2	2	28	6	2	5	1	0.555895	25	656.99173	657.59173	657.59173	657.79174	658.14763
2	40	1	2	89	1	2	2	29	4	2	5	1	0.56929556	26	659.60032	660.20033	660.20033	660.40033	660.76962
2	40	1	2	90	1	2	2	30	5	2	5	1	0.53756406	27	662.21145	662.81145	662.81146	663.01146	663.34902
2	40	1	2	91	1	6	2	1	1	1	1	1	0.82544482	1	691.02997	691.22997	691.23002	691.43002	692.05547
2	40	1	2	92	1	6	2	2	1	1	1	1	0.68147685	2	693.24139	693.44143	693.44144	693.64144	694.12291
2	40	1	2	93	1	6	2	3	6	2	8	1	0.82788651	3	695.45331	696.05331	696.05336	696.25341	696.88125
2	40	1	2	94	1	6	2	4	2	1	2	1	0.83538608	4	698.0618	698.26185	698.26188	698.46189	699.09727
2	40	1	2	95	1	6	2	5	3	2	3	1	0.89098022	5	700.27324	700.87329	700.87329	701.0733	701.76427
2	40	1	2	96	1	6	2	6	5	1	7	1	0.7914194	6	702.88437	703.08437	703.08437	703.28438	703.87579
2	40	1	2	97	1	6	2	7	3	2	3	1	1.2140648	7	705.09441	705.69442	705.69442	705.89442	706.90849
2	40	1	2	98	1	6	2	8	2	1	2	1	0.86676294	8	707.70569	707.90569	707.9057	708.1057	708.77246
2	40	1	2	99	1	6	2	9	5	2	7	1	0.93917673	9	709.91494	710.51495	710.51495	710.71495	711.45413
2	40	1	2	100	1	6	2	10	1	1	1	1	0.8294362	10	712.5262	712.7262	712.7262	712.92621	713.55564
2	40	1	2	101	1	6	2	11	6	2	7	0	0.68790962	10	714.7379	715.33791	715.33791	715.53791	716.02582
2	40	1	2	102	1	6	2	12	6	1	8	1	0.70107076	11	717.65981	717.85981	717.85981	718.05987	718.56089
2	40	1	2	103	1	6	2	13	4	1	6	1	0.82449684	12	719.87171	720.07171	720.07171	720.27172	720.89621
2	40	1	2	104	1	6	2	14	4	2	6	1	0.72789178	13	722.08384	722.68384	722.68385	722.88385	723.41174
2	40	1	2	105	1	6	2	15	6	1	8	1	0.72356732	14	724.6958	724.8958	724.89581	725.09581	725.61937
2	40	1	2	106	1	6	2	16	1	1	1	1	0.70922384	15	726.90534	727.10535	727.10535	727.30535	727.81457
2	40	1	2	107	1	6	2	17	5	2	7	1	1.9410166	16	729.11728	729.71728	729.71729	729.91729	731.6583
2	40	1	2	108	1	6	2	18	4	1	6	1	0.68985063	17	731.72843	731.92843	731.92843	732.12844	732.61828
2	40	1	2	109	1	6	2	19	2	2	1	0	0.76708054	17	733.93812	734.53812	734.53813	734.73813	735.30521
2	40	1	2	110	1	6	2	20	3	1	3	1	0.82307777	18	736.86158	737.06159	737.06159	737.26159	737.88467
2	40	1	2	111	1	6	2	21	4	2	6	1	0.76627416	19	739.07026	739.67026	739.67026	739.87027	740.43654
2	40	1	2	112	1	6	2	22	5	2	7	1	1.3020845	20	741.68238	742.28239	742.28239	742.48239	743.58447
2	40	1	2	113	1	6	2	23	5	1	7	1	0.81035662	21	744.2943	744.4943	744.49435	744.69436	745.30471
2	40	1	2	114	1	6	2	24	2	1	2	1	0.69521278	22	746.50632	746.70637	746.70638	746.90638	747.40159
2	40	1	2	115	1	6	2	25	1	2	1	1	0.85902732	23	748.71851	749.31852	749.31852	749.51852	750.17755
2	40	1	2	116	1	6	2	26	3	2	8	0	0.96265432	23	751.32851	751.92851	751.92851	752.12852	752.89117
2	40	1	2	117	1	6	2	27	6	1	8	1	0.77935575	24	754.25287	754.45287	754.45287	754.65288	755.23223
2	40	1	2	118	1	6	2	28	4	2	6	1	0.71990307	25	756.4651	757.06511	757.06511	757.26511	757.78501
2	40	1	2	119	1	6	2	29	2	2	2	1	0.93927005	26	759.07764	759.67764	759.67764	759.87765	760.61691
2	40	1	2	120	1	6	2	30	3	2	3	1	0.91240289	27	761.6904	762.2904	762.29041	762.49041	763.20281
2	40	1	2	121	1	2	3	1	4	1	5	1	0.77077811	1	775.78292	775.98292	775.98292	776.18293	776.7537
2	40	1	2	122	1	2	3	2	1	1	4	1	0.61328559	2	777.99579	778.19579	778.19579	778.3958	778.80908
2	40	1	2	123	1	2	3	3	5	2	5	1	0.61725632	3	780.20851	780.80851	780.80851	781.00852	781.42577
2	40	1	2	124	1	2	3	4	4	1	5	1	0.5746082	4	782.82118	783.02118	783.02119	783.22119	783.5958
2	40	1	2	125	1	2	3	5	2	2	4	1	0.61987253	5	785.03129	785.6313	785.6313	785.8313	786.25117
2	40	1	2	126	1	2	3	6	5	1	5	1	0.55401794	6	787.64161	787.84162	787.84162	788.04162	788.39564
2	40	1	2	127	1	2	3	7	2	2	4	1	0.57866661	7	789.85411	790.45412	790.45412	790.65413	791.03279
2	40	1	2	128	1	2	3	8	4	1	5	1	0.47325142	8	792.4645	792.66451	792.66451	792.86451	793.13776
2	40	1	2	129	1	2	3	9	4	2	5	1	0.64902999	9	794.67463	795.27463	795.27463	795.47464	795.92366
2	40	1	2	130	1	2	3	10	6	1	5	1	0.62019481	10	797.28825	797.48825	797.48825	797.68826	798.10845
2	40	1	2	131	1	2	3	11	2	2	4	1	0.52839431	11	799.49887	800.09888	800.09894	800.29894	800.62733
2	40	1	2	132	1	2	3	12	5	1	5	1	0.5721663	12	802.11172	802.31179	802.31179	802.51179	802.88395
2	40	1	2	133	1	2	3	13	6	1	5	1	0.86274125	13	804.32459	804.52459	804.5246	804.7246	805.38734
2	40	1	2	134	1	2	3	14	5	2	5	1	0.53114544	14	806.53716	807.13717	807.13717	807.33717	807.66832
2	40	1	2	135	1	2	3	15	6	1	5	1	0.48587101	15	809.14998	809.34999	809.34999	809.54999	809.83586
2	40	1	2	136	1	2	3	16	3	1	4	1	0.56725909	16	811.36319	811.5632	811.5632	811.7632	812.13046
2	40	1	2	137	1	2	3	17	5	2	5	1	0.62449878	17	813.57671	814.17672	814.17672	814.37673	814.80122
2	40	1	2	138	1	2	3	18	1	1	4	1	0.67538243	18	816.19293	816.39293	816.39293	816.59294	817.06832
2	40	1	2	139	1	2	3	19	1	2	5	0	0.48583263	18	818.40631	819.00631	819.00632	819.20632	819.49215
2	40	1	2	140	1	2	3	20	1	1	4	1	0.53219152	19	821.32654	821.52655	821.52655	821.72656	822.05874
2	40	1	2	141	1	2	3	21	3	2	4	1	0.4927536	20	823.5401	824.1401	824.1401	824.34011	824.63286
2	40	1	2	142	1	2	3	22	3	2	4	1	0.49558828	21	826.15352	826.75352	826.75353	826.95353	827.24911
2	40	1	2	143	1	2	3	23	6	1	5	1	0.50806695	22	828.76659	828.96659	828.96659	829.1666	829.47466
2	40	1	2	144	1	2	3	24	2	1	4	1	0.66346454	23	830.9797	831.17971	831.17971	831.37971	831.84317
2	40	1	2	145	1	2	3	25	6	2	5	1	0.83435539	24	833.19331	833.79332	833.79332	833.99332	834.62767
2	40	1	2	146	1	2	3	26	3	2	4	1	0.91505851	25	835.80673	836.40674	836.40674	836.60674	837.3218
2	40	1	2	147	1	2	3	27	1	1	4	1	0.54051105	26	838.42029	838.6203	838.6203	838.8203	839.16081
2	40	1	2	148	1	2	3	28	4	2	5	1	0.50409274	27	840.63509	841.23509	841.23509	841.4351	841.73918
2	40	1	2	149	1	2	3	29	3	2	4	1	0.56337107	28	843.2469	843.8469	843.84691	844.04691	844.41028
2	40	1	2	150	1	2	3	30	2	2	4	1	0.85471836	29	845.86061	846.46061	846.46062	846.66062	847.31533
2	40	1	2	151	1	6	3	1	1	1	1	1	0.73382376	1	868.40478	868.60478	868.60479	868.80479	869.33861
2	40	1	2	152	1	6	3	2	6	1	8	1	0.77763691	2	870.61888	870.81888	870.81888	871.01889	871.59652
2	40	1	2	153	1	6	3	3	6	2	8	1	0.56560386	3	872.83265	873.43265	873.43266	873.63266	873.99826
2	40	1	2	154	1	6	3	4	2	1	2	1	1.2181593	4	875.44697	875.64697	875.64697	875.84698	876.86513
2	40	1	2	155	1	6	3	5	5	2	7	1	0.85919701	5	877.66132	878.26133	878.26133	878.46133	879.12053
2	40	1	2	156	1	6	3	6	4	1	6	1	0.69402253	6	880.27576	880.47576	880.47577	880.67577	881.16979
2	40	1	2	157	1	6	3	7	2	2	2	1	0.88451588	7	882.48717	883.08718	883.08718	883.28718	883.97169
2	40	1	2	158	1	6	3	8	2	1	2	1	0.7008789	8	885.10089	885.3009	885.3009	885.5009	886.00178
2	40	1	2	159	1	6	3	9	4	2	6	1	0.65638831	9	887.31457	887.91458	887.91458	888.11458	888.57097
2	40	1	2	160	1	6	3	10	5	1	7	1	0.99118743	10	889.93018	890.13019	890.13019	890.33019	891.12137
2	40	1	2	161	1	6	3	11	3	2	3	1	0.93769441	11	892.14522	892.74522	892.74523	892.94523	893.68292
2	40	1	2	162	1	6	3	12	3	1	3	1	0.59496719	12	894.75994	894.95994	894.95994	895.15995	895.55491
2	40	1	2	163	1	6	3	13	2	1	2	1	1.0034124	13	896.97455	897.17455	897.17455	897.37456	898.17796
2	40	1	2	164	1	6	3	14	5	2	7	1	0.8485084	14	899.18702	899.78702	899.78703	899.98703	900.63553
2	40	1	2	165	1	6	3	15	3	1	3	1	1.0181556	15	901.80107	902.00107	902.00108	902.20108	903.01923
2	40	1	2	166	1	6	3	16	6	1	7	0	0.61015205	15	904.01756	904.21756	904.21756	904.41757	904.82771
2	40	1	2	167	1	6	3	17	1	2	1	1	0.75394542	16	906.54373	907.14374	907.14374	907.34374	907.89769
2	40	1	2	168	1	6	3	18	5	1	7	1	0.932749	17	909.15632	909.35633	909.35633	909.55633	910.28908
2	40	1	2	169	1	6	3	19	4	2	6	1	0.66640891	18	911.37034	911.97035	911.97035	912.17035	912.63676
2	40	1	2	170	1	6	3	20	6	1	7	0	0.77167426	18	913.98479	914.18479	914.1848	914.3848	914.95647
2	40	1	2	171	1	6	3	21	4	2	6	1	0.79394237	19	916.50679	917.1068	917.1068	917.3068	917.90074
2	40	1	2	172	1	6	3	22	1	2	1	1	0.70355608	20	919.12323	919.72323	919.72323	919.92324	920.42679
2	40	1	2	173	1	6	3	23	1	1	1	1	1.0712532	21	921.73748	921.93749	921.93749	922.13749	923.00874
2	40	1	2	174	1	6	3	24	5	1	7	1	1.0088779	22	923.95207	924.15207	924.15207	924.35208	925.16095
2	40	1	2	175	1	6	3	25	4	2	6	1	0.86256183	23	926.16397	926.76398	926.76398	926.96398	927.62654
2	40	1	2	176	1	6	3	26	2	2	2	1	0.89400207	24	928.77877	929.37877	929.37877	929.57878	930.27278
2	40	1	2	177	1	6	3	27	3	1	3	1	0.9915629	25	931.39362	931.59362	931.59363	931.79363	932.58519
2	40	1	2	178	1	6	3	28	1	2	1	1	0.80340581	26	933.60828	934.20829	934.20829	934.40829	935.0117
2	40	1	2	179	1	6	3	29	3	2	3	1	0.74057808	27	936.22307	936.82308	936.82308	937.02308	937.56366
2	40	1	2	180	1	6	3	30	6	2	8	1	1.0682476	28	938.83838	939.43838	939.43838	939.63839	940.50663
2	40	1	2	181	2	2	4	1	3	1	4	1	0.51810462	1	1226.7563	1226.9563	1226.9563	1227.1563	1227.4744
2	40	1	2	182	2	2	4	2	4	1	5	1	0.48712069	2	1228.9719	1229.1719	1229.1719	1229.3719	1229.659
2	40	1	2	183	2	2	4	3	2	2	4	1	0.45653683	3	1231.1882	1231.7882	1231.7882	1231.9882	1232.2447
2	40	1	2	184	2	2	4	4	5	1	5	1	0.394322	4	1233.8011	1234.0012	1234.0012	1234.2012	1234.3955
2	40	1	2	185	2	2	4	5	1	2	4	1	0.43459767	5	1236.0167	1236.6167	1236.6167	1236.8167	1237.0513
2	40	1	2	186	2	2	4	6	2	1	4	1	0.50795026	6	1238.6319	1238.8319	1238.832	1239.032	1239.3399
2	40	1	2	187	2	2	4	7	3	2	4	1	0.45969214	7	1240.8471	1241.4471	1241.4471	1241.6471	1241.9068
2	40	1	2	188	2	2	4	8	4	1	5	1	0.51622625	8	1243.4625	1243.6625	1243.6625	1243.8625	1244.1787
2	40	1	2	189	2	2	4	9	3	2	4	1	0.45921364	9	1245.678	1246.278	1246.278	1246.478	1246.7372
2	40	1	2	190	2	2	4	10	1	1	5	0	0.50241692	9	1248.2941	1248.4941	1248.4941	1248.6941	1248.9965
2	40	1	2	191	2	2	4	11	2	2	4	1	0.60143592	10	1250.5071	1251.1071	1251.1071	1251.3071	1251.7085
2	40	1	2	192	2	2	4	12	4	1	5	1	0.46409001	11	1253.1223	1253.3223	1253.3223	1253.5223	1253.7863
2	40	1	2	193	2	2	4	13	2	1	4	1	0.59465327	12	1255.3343	1255.5343	1255.5343	1255.7344	1256.129
2	40	1	2	194	2	2	4	14	6	2	5	1	0.40381539	13	1257.5504	1258.1504	1258.1504	1258.3504	1258.5542
2	40	1	2	195	2	2	4	15	3	1	4	1	0.44263443	14	1260.1663	1260.3664	1260.3664	1260.5664	1260.809
2	40	1	2	196	2	2	4	16	1	1	4	1	0.61475585	15	1262.3796	1262.5796	1262.5796	1262.7796	1263.1944
2	40	1	2	197	2	2	4	17	4	2	5	1	0.49303705	16	1264.5962	1265.1962	1265.1962	1265.3962	1265.6892
2	40	1	2	198	2	2	4	18	2	1	4	1	0.49513152	17	1267.2122	1267.4122	1267.4122	1267.6122	1267.9073
2	40	1	2	199	2	2	4	19	5	2	5	1	0.4324957	18	1269.4282	1270.0282	1270.0282	1270.2282	1270.4607
2	40	1	2	200	2	2	4	20	5	1	4	0	0.47584287	18	1272.0443	1272.2443	1272.2443	1272.4443	1272.7202
2	40	1	2	201	2	2	4	21	1	2	4	1	0.46890583	19	1274.2607	1274.8607	1274.8607	1275.0607	1275.3296
2	40	1	2	202	2	2	4	22	4	2	5	1	0.41391808	20	1276.8769	1277.4769	1277.4769	1277.6769	1277.8908
2	40	1	2	203	2	2	4	23	5	1	5	1	0.60796114	21	1279.4915	1279.6915	1279.6915	1279.8915	1280.2994
2	40	1	2	204	2	2	4	24	6	1	5	1	0.57504713	22	1281.7074	1281.9074	1281.9074	1282.1074	1282.4824
2	40	1	2	205	2	2	4	25	6	2	5	1	0.54280869	23	1283.9234	1284.5234	1284.5234	1284.7234	1285.0662
2	40	1	2	206	2	2	4	26	1	2	5	0	0.42414542	23	1286.5385	1287.1385	1287.1385	1287.3385	1287.5626
2	40	1	2	207	2	2	4	27	5	1	5	1	0.63384837	24	1289.1549	1289.3549	1289.3549	1289.5549	1289.9887
2	40	1	2	208	2	2	4	28	3	2	4	1	0.58460782	25	1291.3714	1291.9714	1291.9715	1292.1715	1292.5561
2	40	1	2	209	2	2	4	29	6	2	5	1	0.47675259	26	1293.9885	1294.5885	1294.5885	1294.7885	1295.0652
2	40	1	2	210	2	2	4	30	6	2	5	1	0.62066882	27	1296.6046	1297.2046	1297.2046	1297.4046	1297.8253
2	40	1	2	211	2	6	4	1	2	1	2	1	0.77192377	1	1327.2952	1327.4952	1327.4952	1327.6953	1328.2672
2	40	1	2	212	2	6	4	2	6	1	7	0	0.70117336	1	1329.5118	1329.7118	1329.7118	1329.9118	1330.413
2	40	1	2	213	2	6	4	3	5	2	7	1	1.8732463	2	1331.7287	1332.3287	1332.3287	1332.5287	1334.202
2	40	1	2	214	2	6	4	4	1	1	1	1	0.83132361	3	1334.3456	1334.5456	1334.5456	1334.7456	1335.3769
2	40	1	2	215	2	6	4	5	4	2	6	1	0.77543971	4	1336.5618	1337.1618	1337.1618	1337.3618	1337.9373
2	40	1	2	216	2	6	4	6	6	1	8	1	0.78119134	5	1339.1783	1339.3783	1339.3783	1339.5783	1340.1595
2	40	1	2	217	2	6	4	7	5	2	7	1	1.128563	6	1341.3949	1341.9949	1341.9949	1342.1949	1343.1234
2	40	1	2	218	2	6	4	8	3	1	3	1	0.80816858	7	1344.0122	1344.2122	1344.2122	1344.4122	1345.0204
2	40	1	2	219	2	6	4	9	1	2	1	1	0.78147082	8	1346.2293	1346.8293	1346.8293	1347.0293	1347.6108
2	40	1	2	220	2	6	4	10	6	1	8	1	0.72548947	9	1348.8463	1349.0463	1349.0463	1349.2463	1349.7718
2	40	1	2	221	2	6	4	11	3	2	3	1	0.89184373	10	1351.0627	1351.6627	1351.6627	1351.8627	1352.5545
2	40	1	2	222	2	6	4	12	5	1	1	0	0.66866646	10	1353.6796	1353.8796	1353.8796	1354.0796	1354.5483
2	40	1	2	223	2	6	4	13	4	1	6	1	1.6293453	11	1355.8954	1356.0954	1356.0954	1356.2954	1357.7247
2	40	1	2	224	2	6	4	14	3	2	3	1	0.81909735	12	1358.1124	1358.7124	1358.7125	1358.9125	1359.5315
2	40	1	2	225	2	6	4	15	2	1	2	1	0.85858587	13	1360.7304	1360.9304	1360.9304	1361.1304	1361.789
2	40	1	2	226	2	6	4	16	6	1	8	1	0.71212748	14	1362.9474	1363.1474	1363.1474	1363.3474	1363.8595
2	40	1	2	227	2	6	4	17	4	2	6	1	0.6772294	15	1365.1652	1365.7652	1365.7652	1365.9652	1366.4424
2	40	1	2	228	2	6	4	18	3	1	3	1	0.78082324	16	1367.7824	1367.9824	1367.9825	1368.1825	1368.7633
2	40	1	2	229	2	6	4	19	5	2	7	1	1.0929522	17	1370.0001	1370.6001	1370.6001	1370.8001	1371.6931
2	40	1	2	230	2	6	4	20	1	1	1	1	0.71085184	18	1372.6175	1372.8175	1372.8175	1373.0175	1373.5284
2	40	1	2	231	2	6	4	21	1	2	1	1	1.8151294	19	1374.8347	1375.4347	1375.4347	1375.6347	1377.2498
2	40	1	2	232	2	6	4	22	2	2	2	1	0.7908998	20	1377.4521	1378.0521	1378.0521	1378.2521	1378.843
2	40	1	2	233	2	6	4	23	1	1	1	1	0.82158081	21	1380.0699	1380.2699	1380.2699	1380.4699	1381.0915
2	40	1	2	234	2	6	4	24	2	1	2	1	0.9385497	22	1382.2872	1382.4872	1382.4872	1382.6872	1383.4257
2	40	1	2	235	2	6	4	25	6	2	8	1	0.82357155	23	1384.5054	1385.1054	1385.1054	1385.3055	1385.929
2	40	1	2	236	2	6	4	26	4	2	6	1	0.6579537	24	1387.1227	1387.7227	1387.7227	1387.9227	1388.3807
2	40	1	2	237	2	6	4	27	5	1	7	1	0.81488823	25	1389.7405	1389.9405	1389.9405	1390.1405	1390.7554
2	40	1	2	238	2	6	4	28	3	2	3	1	0.75476481	26	1391.9586	1392.5586	1392.5586	1392.7586	1393.3134
2	40	1	2	239	2	6	4	29	2	2	3	0	0.67451546	26	1394.5764	1395.1764	1395.1764	1395.3764	1395.8509
2	40	1	2	240	2	6	4	30	4	2	6	1	0.75137228	27	1397.1946	1397.7946	1397.7946	1397.9946	1398.5459
2	40	1	2	241	2	2	5	1	1	1	4	1	0.67091285	1	1427.8829	1428.0829	1428.0829	1428.2829	1428.7539
2	40	1	2	242	2	2	5	2	4	1	5	1	0.48713699	2	1430.0989	1430.2989	1430.2989	1430.4989	1430.7861
2	40	1	2	243	2	2	5	3	1	2	4	1	0.71562817	3	1432.3172	1432.9172	1432.9172	1433.1173	1433.6329
2	40	1	2	244	2	2	5	4	6	1	5	1	0.43490686	4	1434.9355	1435.1355	1435.1355	1435.3355	1435.5704
2	40	1	2	245	2	2	5	5	3	2	4	1	0.56287307	5	1437.1526	1437.7526	1437.7526	1437.9526	1438.3155
2	40	1	2	246	2	2	5	6	4	1	5	1	0.38590211	6	1439.7671	1439.9671	1439.9671	1440.1671	1440.353
2	40	1	2	247	2	2	5	7	5	2	5	1	0.68147444	7	1441.9859	1442.586	1442.586	1442.786	1443.2674
2	40	1	2	248	2	2	5	8	4	1	5	1	0.81758169	8	1444.6049	1444.8049	1444.8049	1445.005	1445.6225
2	40	1	2	249	2	2	5	9	2	2	4	1	0.57828678	9	1446.8235	1447.4235	1447.4235	1447.6236	1448.0018
2	40	1	2	250	2	2	5	10	6	1	5	1	0.57115465	10	1449.4419	1449.6419	1449.6419	1449.8419	1450.213
2	40	1	2	251	2	2	5	11	3	2	4	1	0.58409063	11	1451.6608	1452.2608	1452.2608	1452.4608	1452.8449
2	40	1	2	252	2	2	5	12	5	1	5	1	0.50499981	12	1454.2796	1454.4796	1454.4796	1454.6796	1454.9846
2	40	1	2	253	2	2	5	13	1	1	4	1	0.59883995	13	1456.4982	1456.6982	1456.6982	1456.8982	1457.297
2	40	1	2	254	2	2	5	14	2	2	4	1	0.60426312	14	1458.7176	1459.3176	1459.3176	1459.5176	1459.9219
2	40	1	2	255	2	2	5	15	5	1	5	1	0.86595436	15	1461.3363	1461.5363	1461.5363	1461.7363	1462.4022
2	40	1	2	256	2	2	5	16	5	1	5	1	0.46054575	16	1463.5562	1463.7562	1463.7562	1463.9562	1464.2167
2	40	1	2	257	2	2	5	17	6	2	5	1	0.37930381	17	1465.775	1466.375	1466.375	1466.575	1466.7543
2	40	1	2	258	2	2	5	18	3	1	4	1	0.52030758	18	1468.3963	1468.5963	1468.5963	1468.7963	1469.1166
2	40	1	2	259	2	2	5	19	3	2	4	1	0.53847315	19	1470.6151	1471.2151	1471.2151	1471.4151	1471.7536
2	40	1	2	260	2	2	5	20	3	1	4	1	0.52704017	20	1473.2337	1473.4337	1473.4337	1473.6337	1473.9607
2	40	1	2	261	2	2	5	21	5	2	5	1	0.56045523	21	1475.4523	1476.0523	1476.0523	1476.2523	1476.6127
2	40	1	2	262	2	2	5	22	4	2	5	1	0.58841487	22	1478.0714	1478.6714	1478.6714	1478.8715	1479.2599
2	40	1	2	263	2	2	5	23	4	1	5	1	0.47446199	23	1480.6902	1480.8902	1480.8902	1481.0902	1481.3647
2	40	1	2	264	2	2	5	24	2	1	4	1	0.5973236	24	1482.9086	1483.1086	1483.1086	1483.3086	1483.7059
2	40	1	2	265	2	2	5	25	6	2	5	1	0.47381867	25	1485.1271	1485.7271	1485.7271	1485.9271	1486.2009
2	40	1	2	266	2	2	5	26	1	2	4	1	0.45966828	26	1487.745	1488.345	1488.345	1488.545	1488.8047
2	40	1	2	267	2	2	5	27	1	1	4	1	0.74171305	27	1490.3638	1490.5638	1490.5638	1490.7638	1491.3055
2	40	1	2	268	2	2	5	28	2	2	4	1	0.71636404	28	1492.5829	1493.1829	1493.1829	1493.3829	1493.8992
2	40	1	2	269	2	2	5	29	6	2	5	1	0.56627776	29	1495.2018	1495.8018	1495.8018	1496.0018	1496.3681
2	40	1	2	270	2	2	5	30	2	2	4	1	0.61372841	30	1497.8213	1498.4213	1498.4214	1498.6214	1499.0351
2	40	1	2	271	2	6	5	1	5	1	7	1	0.78606411	1	1528.5118	1528.7118	1528.7118	1528.9118	1529.4979
2	40	1	2	272	2	6	5	2	4	1	6	1	0.7821498	2	1530.7312	1530.9312	1530.9312	1531.1312	1531.7134
2	40	1	2	273	2	6	5	3	2	2	1	0	0.92457642	2	1532.9484	1533.5484	1533.5484	1533.7484	1534.473
2	40	1	2	274	2	6	5	4	2	1	2	1	0.59317118	3	1535.568	1535.768	1535.768	1535.968	1536.3612
2	40	1	2	275	2	6	5	5	1	2	1	1	0.76940091	4	1537.7874	1538.3874	1538.3875	1538.5875	1539.1569
2	40	1	2	276	2	6	5	6	6	1	8	1	0.95362513	5	1540.4074	1540.6075	1540.6075	1540.8075	1541.5611
2	40	1	2	277	2	6	5	7	1	2	1	1	0.77856436	6	1542.6265	1543.2265	1543.2265	1543.4265	1544.005
2	40	1	2	278	2	6	5	8	3	1	3	1	0.73503817	7	1545.2458	1545.4458	1545.4458	1545.6458	1546.1808
2	40	1	2	279	2	6	5	9	5	2	7	1	0.84721125	8	1547.4656	1548.0656	1548.0656	1548.2656	1548.9129
2	40	1	2	280	2	6	5	10	2	1	2	1	0.77248802	9	1550.0851	1550.2851	1550.2851	1550.4851	1551.0576
2	40	1	2	281	2	6	5	11	3	2	3	1	0.75329731	10	1552.3047	1552.9047	1552.9047	1553.1047	1553.658
2	40	1	2	282	2	6	5	12	1	1	1	1	1.2201987	11	1554.9266	1555.1266	1555.1266	1555.3266	1556.3468
2	40	1	2	283	2	6	5	13	6	1	8	1	0.91041999	12	1557.1468	1557.3468	1557.3468	1557.5468	1558.2572
2	40	1	2	284	2	6	5	14	5	2	7	1	0.82301487	13	1559.3647	1559.9647	1559.9647	1560.1647	1560.7878
2	40	1	2	285	2	6	5	15	6	1	8	1	0.69901401	14	1561.9817	1562.1817	1562.1817	1562.3817	1562.8807
2	40	1	2	286	2	6	5	16	3	1	3	1	0.75290245	15	1564.2028	1564.4028	1564.4028	1564.6028	1565.1557
2	40	1	2	287	2	6	5	17	4	2	6	1	0.65476727	16	1566.422	1567.022	1567.022	1567.222	1567.6768
2	40	1	2	288	2	6	5	18	1	1	1	1	0.79417121	17	1569.0425	1569.2425	1569.2425	1569.4425	1570.0367
2	40	1	2	289	2	6	5	19	4	2	6	1	0.6841912	18	1571.2629	1571.8629	1571.8629	1572.0629	1572.5471
2	40	1	2	290	2	6	5	20	5	1	7	1	0.74281042	19	1573.883	1574.083	1574.083	1574.283	1574.8258
2	40	1	2	291	2	6	5	21	3	2	3	1	1.265761	20	1576.1032	1576.7032	1576.7032	1576.9032	1577.969
2	40	1	2	292	2	6	5	22	4	2	6	1	0.72592431	21	1578.724	1579.3241	1579.3241	1579.5241	1580.05
2	40	1	2	293	2	6	5	23	2	1	2	1	0.69667253	22	1581.3442	1581.5442	1581.5442	1581.7442	1582.2409
2	40	1	2	294	2	6	5	24	4	1	6	1	0.60799643	23	1583.5617	1583.7617	1583.7617	1583.9618	1584.3697
2	40	1	2	295	2	6	5	25	5	2	7	1	0.77124143	24	1585.7838	1586.3838	1586.3838	1586.5838	1587.1551
2	40	1	2	296	2	6	5	26	1	2	1	1	0.62077578	25	1588.4042	1589.0042	1589.0042	1589.2042	1589.625
2	40	1	2	297	2	6	5	27	6	1	8	1	0.62948664	26	1591.025	1591.225	1591.225	1591.425	1591.8545
2	40	1	2	298	2	6	5	28	3	2	2	0	0.78951961	26	1593.2459	1593.8459	1593.8459	1594.0459	1594.6354
2	40	1	2	299	2	6	5	29	6	2	8	1	0.99821975	27	1595.8666	1596.4666	1596.4666	1596.6666	1597.4648
2	40	1	2	300	2	6	5	30	2	2	2	1	0.70629192	28	1598.4869	1599.0869	1599.0869	1599.2869	1599.7931
2	40	1	2	301	2	2	6	1	2	1	4	1	0.65161742	1	1629.1809	1629.3809	1629.3809	1629.5809	1630.0325
2	40	1	2	302	2	2	6	2	1	1	4	1	0.48083655	2	1631.4019	1631.6019	1631.6019	1631.8019	1632.0827
2	40	1	2	303	2	2	6	3	6	2	5	1	0.53383593	3	1633.6199	1634.2199	1634.2199	1634.4199	1634.7537
2	40	1	2	304	2	2	6	4	5	1	5	1	0.46690259	4	1636.2403	1636.4403	1636.4403	1636.6403	1636.9072
2	40	1	2	305	2	2	6	5	1	2	4	1	0.55582628	5	1638.4621	1639.0621	1639.0621	1639.2621	1639.6179
2	40	1	2	306	2	2	6	6	2	1	4	1	0.5122938	6	1641.0832	1641.2832	1641.2832	1641.4832	1641.7955
2	40	1	2	307	2	2	6	7	6	2	5	1	0.66952624	7	1643.3033	1643.9033	1643.9033	1644.1033	1644.5728
2	40	1	2	308	2	2	6	8	5	1	5	1	0.58923459	8	1645.9239	1646.1239	1646.1239	1646.3239	1646.7131
2	40	1	2	309	2	2	6	9	1	2	4	1	0.50552778	9	1648.1443	1648.7443	1648.7443	1648.9443	1649.2499
2	40	1	2	310	2	2	6	10	5	1	5	1	0.6035489	10	1650.7659	1650.9659	1650.9659	1651.1659	1651.5695
2	40	1	2	311	2	2	6	11	1	2	4	1	0.61072725	11	1652.9836	1653.5836	1653.5836	1653.7836	1654.1944
2	40	1	2	312	2	2	6	12	2	1	4	1	0.58931898	12	1655.6047	1655.8047	1655.8047	1656.0047	1656.394
2	40	1	2	313	2	2	6	13	2	1	4	1	0.72048987	13	1657.8252	1658.0252	1658.0252	1658.2252	1658.7457
2	40	1	2	314	2	2	6	14	4	2	5	1	0.46763624	14	1660.0461	1660.6461	1660.6461	1660.8461	1661.1138
2	40	1	2	315	2	2	6	15	6	1	5	1	0.84954758	15	1662.6668	1662.8668	1662.8668	1663.0668	1663.7164
2	40	1	2	316	2	2	6	16	6	1	5	1	0.57047056	16	1664.8874	1665.0875	1665.0875	1665.2875	1665.6579
2	40	1	2	317	2	2	6	17	1	2	4	1	0.62274299	17	1667.1093	1667.7093	1667.7093	1667.9093	1668.3321
2	40	1	2	318	2	2	6	18	3	1	5	0	0.68766937	17	1669.7303	1669.9303	1669.9303	1670.1303	1670.618
2	40	1	2	319	2	2	6	19	4	2	5	1	0.55987192	18	1671.9534	1672.5534	1672.5534	1672.7534	1673.1132
2	40	1	2	320	2	2	6	20	3	1	4	1	0.71871312	19	1674.5716	1674.7716	1674.7716	1674.9716	1675.4903
2	40	1	2	321	2	2	6	21	5	2	5	1	0.41180638	20	1676.7925	1677.3925	1677.3925	1677.5925	1677.8043
2	40	1	2	322	2	2	6	22	2	2	4	1	0.43613134	21	1679.4144	1680.0144	1680.0144	1680.2144	1680.4505
2	40	1	2	323	2	2	6	23	4	1	5	1	0.42939063	22	1682.0355	1682.2355	1682.2355	1682.4355	1682.6649
2	40	1	2	324	2	2	6	24	4	1	5	1	0.89748156	23	1684.2577	1684.4577	1684.4577	1684.6577	1685.3552
2	40	1	2	325	2	2	6	25	4	2	5	1	0.58967895	24	1686.4789	1687.0789	1687.0789	1687.279	1687.6686
2	40	1	2	326	2	2	6	26	5	2	5	1	0.51972594	25	1689.0983	1689.6983	1689.6983	1689.8983	1690.218
2	40	1	2	327	2	2	6	27	3	1	4	1	0.5389968	26	1691.7184	1691.9184	1691.9184	1692.1184	1692.4574
2	40	1	2	328	2	2	6	28	3	2	4	1	0.55771411	27	1693.9404	1694.5404	1694.5404	1694.7404	1695.0981
2	40	1	2	329	2	2	6	29	3	2	4	1	0.45576795	28	1696.5615	1697.1616	1697.1616	1697.3616	1697.6173
2	40	1	2	330	2	2	6	30	6	2	4	0	0.41185136	28	1699.1823	1699.7823	1699.7823	1699.9823	1700.1942
2	40	1	2	331	2	6	6	1	2	1	2	1	0.74092755	1	1729.8699	1730.0699	1730.0699	1730.2699	1730.8108
2	40	1	2	332	2	6	6	2	2	1	2	1	0.58839577	2	1732.0928	1732.2928	1732.2928	1732.4929	1732.8812
2	40	1	2	333	2	6	6	3	1	2	1	1	0.71965074	3	1734.3148	1734.9148	1734.9148	1735.1148	1735.6344
2	40	1	2	334	2	6	6	4	2	1	2	1	0.79461895	4	1736.9367	1737.1367	1737.1367	1737.3367	1737.9313
2	40	1	2	335	2	6	6	5	4	2	6	1	0.84327263	5	1739.1594	1739.7594	1739.7594	1739.9594	1740.6027
2	40	1	2	336	2	6	6	6	5	1	7	1	0.836824	6	1741.7814	1741.9814	1741.9814	1742.1814	1742.8182
2	40	1	2	337	2	6	6	7	1	2	1	1	0.68588608	7	1744.0058	1744.6059	1744.6059	1744.8059	1745.2917
2	40	1	2	338	2	6	6	8	6	1	8	1	1.0861629	8	1746.6278	1746.8278	1746.8278	1747.0278	1747.914
2	40	1	2	339	2	6	6	9	4	2	6	1	0.72849511	9	1748.8506	1749.4506	1749.4506	1749.6506	1750.1791
2	40	1	2	340	2	6	6	10	4	1	6	1	1.1293606	10	1751.4731	1751.6731	1751.6731	1751.8731	1752.8025
2	40	1	2	341	2	6	6	11	6	2	8	1	0.86097192	11	1753.6957	1754.2957	1754.2957	1754.4957	1755.1566
2	40	1	2	342	2	6	6	12	3	1	3	1	1.4922418	12	1756.3177	1756.5177	1756.5177	1756.7177	1758.01
2	40	1	2	343	2	6	6	13	6	1	8	1	0.92867435	13	1758.5398	1758.7398	1758.7398	1758.9399	1759.6685
2	40	1	2	344	2	6	6	14	5	2	7	1	0.7347715	14	1760.7631	1761.3631	1761.3632	1761.5632	1762.0979
2	40	1	2	345	2	6	6	15	5	1	7	1	0.71651483	15	1763.3833	1763.5833	1763.5833	1763.7833	1764.2998
2	40	1	2	346	2	6	6	16	4	1	6	1	0.66773104	16	1765.6057	1765.8057	1765.8057	1766.0057	1766.4734
2	40	1	2	347	2	6	6	17	4	2	6	1	0.6807994	17	1767.8256	1768.4256	1768.4256	1768.6256	1769.1064
2	40	1	2	348	2	6	6	18	1	1	1	1	0.83420771	18	1770.4486	1770.6486	1770.6486	1770.8486	1771.4828
2	40	1	2	349	2	6	6	19	1	2	1	1	0.71117947	19	1772.6694	1773.2694	1773.2694	1773.4694	1773.9806
2	40	1	2	350	2	6	6	20	2	1	2	1	0.69535821	20	1775.2897	1775.4897	1775.4897	1775.6897	1776.1851
2	40	1	2	351	2	6	6	21	3	2	3	1	0.81304173	21	1777.5101	1778.1101	1778.1101	1778.3101	1778.9232
2	40	1	2	352	2	6	6	22	6	2	8	1	0.90724015	22	1780.133	1780.733	1780.733	1780.933	1781.6402
2	40	1	2	353	2	6	6	23	5	1	7	1	0.70760161	23	1782.7529	1782.9529	1782.9529	1783.1529	1783.6605
2	40	1	2	354	2	6	6	24	3	1	7	0	1.0733734	23	1784.9759	1785.1759	1785.1759	1785.3759	1786.2493
2	40	1	2	355	2	6	6	25	6	2	8	1	0.98723109	24	1787.1992	1787.7992	1787.7992	1787.9992	1788.7865
2	40	1	2	356	2	6	6	26	3	2	3	1	0.76734715	25	1789.8218	1790.4218	1790.4218	1790.6218	1791.1892
2	40	1	2	357	2	6	6	27	1	1	1	1	0.82972075	26	1792.4448	1792.6448	1792.6448	1792.8448	1793.4745
2	40	1	2	358	2	6	6	28	5	2	7	1	0.80876975	27	1794.6681	1795.2681	1795.2681	1795.4681	1796.0769
2	40	1	2	359	2	6	6	29	2	2	2	1	0.88552929	28	1797.2912	1797.8912	1797.8912	1798.0912	1798.7767
2	40	1	2	360	2	6	6	30	3	2	3	1	0.65012561	29	1799.9149	1800.5149	1800.5149	1800.7149	1801.165
2	40	1	2	361	3	2	7	1	1	1	4	1	0.49445683	1	2703.4988	2703.6988	2703.6989	2703.8989	2704.1933
2	40	1	2	362	3	2	7	2	5	1	5	1	0.42422263	2	2705.722	2705.922	2705.922	2706.122	2706.3462
2	40	1	2	363	3	2	7	3	5	2	5	1	0.67580296	3	2707.9422	2708.5422	2708.5422	2708.7423	2709.2181
2	40	1	2	364	3	2	7	4	1	1	4	1	0.61084708	4	2710.5659	2710.7659	2710.7659	2710.9659	2711.3767
2	40	1	2	365	3	2	7	5	4	2	5	1	0.64383744	5	2712.7896	2713.3896	2713.3897	2713.5897	2714.0335
2	40	1	2	366	3	2	7	6	1	1	4	1	0.58322569	6	2715.4122	2715.6122	2715.6122	2715.8122	2716.1955
2	40	1	2	367	3	2	7	7	4	2	5	1	0.50478442	7	2717.6322	2718.2322	2718.2322	2718.4322	2718.737
2	40	1	2	368	3	2	7	8	6	1	5	1	0.50841358	8	2720.2558	2720.4558	2720.4558	2720.6558	2720.9642
2	40	1	2	369	3	2	7	9	3	2	4	1	0.52974977	9	2722.4802	2723.0802	2723.0802	2723.2802	2723.61
2	40	1	2	370	3	2	7	10	2	1	4	1	0.81283404	10	2725.1036	2725.3036	2725.3036	2725.5036	2726.1164
2	40	1	2	371	3	2	7	11	5	2	5	1	0.49180882	11	2727.3268	2727.9268	2727.9268	2728.1268	2728.4186
2	40	1	2	372	3	2	7	12	3	1	4	1	0.84421658	12	2729.9499	2730.1499	2730.1499	2730.3499	2730.9941
2	40	1	2	373	3	2	7	13	4	1	5	1	0.62327147	13	2732.1735	2732.3735	2732.3735	2732.5735	2732.9968
2	40	1	2	374	3	2	7	14	2	2	4	1	0.42799172	14	2734.3984	2734.9984	2734.9984	2735.1984	2735.4264
2	40	1	2	375	3	2	7	15	6	1	5	1	0.40318188	15	2737.0216	2737.2216	2737.2216	2737.4216	2737.6248
2	40	1	2	376	3	2	7	16	4	1	5	1	0.58038173	16	2739.2447	2739.4447	2739.4447	2739.6447	2740.0251
2	40	1	2	377	3	2	7	17	1	2	4	1	0.43750738	17	2741.4681	2742.0681	2742.0681	2742.2681	2742.5056
2	40	1	2	378	3	2	7	18	3	1	4	1	0.50873435	18	2744.092	2744.292	2744.292	2744.492	2744.8007
2	40	1	2	379	3	2	7	19	6	2	5	1	0.4955604	19	2746.3162	2746.9162	2746.9162	2747.1162	2747.4118
2	40	1	2	380	3	2	7	20	6	1	5	1	0.74154064	20	2748.9397	2749.1397	2749.1397	2749.3397	2749.8813
2	40	1	2	381	3	2	7	21	3	2	4	1	0.58428532	21	2751.1639	2751.7639	2751.7639	2751.9639	2752.3482
2	40	1	2	382	3	2	7	22	1	2	4	1	0.50511827	22	2753.7851	2754.3851	2754.3851	2754.5851	2754.8902
2	40	1	2	383	3	2	7	23	3	1	4	1	0.57615711	23	2756.4085	2756.6085	2756.6085	2756.8085	2757.1846
2	40	1	2	384	3	2	7	24	6	1	5	1	0.55312784	24	2758.6322	2758.8322	2758.8322	2759.0322	2759.3853
2	40	1	2	385	3	2	7	25	4	2	5	1	0.50090171	25	2760.8602	2761.4602	2761.4602	2761.6602	2761.9611
2	40	1	2	386	3	2	7	26	5	2	5	1	0.47778218	26	2763.4857	2764.0857	2764.0857	2764.2857	2764.5634
2	40	1	2	387	3	2	7	27	5	1	5	1	0.47596045	27	2766.1107	2766.3107	2766.3107	2766.5107	2766.7866
2	40	1	2	388	3	2	7	28	2	2	4	1	0.55528243	28	2768.3353	2768.9353	2768.9353	2769.1353	2769.4905
2	40	1	2	389	3	2	7	29	2	2	4	1	0.48899153	29	2770.9604	2771.5604	2771.5604	2771.7604	2772.0494
2	40	1	2	390	3	2	7	30	2	2	4	1	0.4176873	30	2773.5848	2774.1848	2774.1848	2774.3848	2774.6025
2	40	1	2	391	3	6	7	1	5	1	7	1	0.86462875	1	2804.2801	2804.4801	2804.4801	2804.6801	2805.3448
2	40	1	2	392	3	6	7	2	3	1	3	1	0.77041153	2	2806.5054	2806.7054	2806.7054	2806.9054	2807.4758
2	40	1	2	393	3	6	7	3	6	2	8	1	0.74515347	3	2808.7296	2809.3296	2809.3296	2809.5296	2810.0748
2	40	1	2	394	3	6	7	4	4	1	6	1	0.70758286	4	2811.3588	2811.5588	2811.5588	2811.7588	2812.2664
2	40	1	2	395	3	6	7	5	1	2	1	1	0.81064696	5	2813.5832	2814.1832	2814.1832	2814.3832	2814.9938
2	40	1	2	396	3	6	7	6	6	1	8	1	0.70301795	6	2816.2077	2816.4077	2816.4077	2816.6077	2817.1107
2	40	1	2	397	3	6	7	7	1	2	1	1	1.105704	7	2818.4325	2819.0325	2819.0326	2819.2326	2820.1383
2	40	1	2	398	3	6	7	8	1	1	1	1	1.7832517	8	2821.0589	2821.2589	2821.2589	2821.4589	2823.0421
2	40	1	2	399	3	6	7	9	2	2	2	1	0.898019	9	2823.2813	2823.8813	2823.8813	2824.0813	2824.7793
2	40	1	2	400	3	6	7	10	3	1	3	1	0.72918437	10	2825.9068	2826.1068	2826.1068	2826.3068	2826.836
2	40	1	2	401	3	6	7	11	5	2	7	1	0.82221641	11	2828.1312	2828.7312	2828.7313	2828.9313	2829.5535
2	40	1	2	402	3	6	7	12	1	1	1	1	0.93846549	12	2830.7524	2830.9524	2830.9524	2831.1524	2831.8909
2	40	1	2	403	3	6	7	13	1	1	1	1	0.88091017	13	2832.9769	2833.1769	2833.1769	2833.3769	2834.0578
2	40	1	2	404	3	6	7	14	3	2	3	1	0.76861487	14	2835.2014	2835.8014	2835.8014	2836.0014	2836.57
2	40	1	2	405	3	6	7	15	4	1	6	1	0.77542249	15	2837.8271	2838.0271	2838.0271	2838.2271	2838.8025
2	40	1	2	406	3	6	7	16	2	1	2	1	0.7809699	16	2840.0524	2840.2524	2840.2524	2840.4524	2841.0334
2	40	1	2	407	3	6	7	17	4	2	6	1	0.73068761	17	2842.278	2842.878	2842.8781	2843.0781	2843.6087
2	40	1	2	408	3	6	7	18	3	1	3	1	0.83788961	18	2844.9028	2845.1028	2845.1028	2845.3028	2845.9407
2	40	1	2	409	3	6	7	19	6	2	8	1	0.72947449	19	2847.1273	2847.7273	2847.7273	2847.9273	2848.4568
2	40	1	2	410	3	6	7	20	5	1	7	1	0.73853361	20	2849.7527	2849.9527	2849.9527	2850.1527	2850.6912
2	40	1	2	411	3	6	7	21	2	2	7	0	0.74141035	20	2851.9751	2852.5751	2852.5751	2852.7751	2853.3165
2	40	1	2	412	3	6	7	22	5	2	7	1	0.79421679	21	2854.6008	2855.2008	2855.2008	2855.4008	2855.995
2	40	1	2	413	3	6	7	23	2	1	2	1	0.51925543	22	2857.2271	2857.4271	2857.4271	2857.6271	2857.9464
2	40	1	2	414	3	6	7	24	6	1	8	1	0.742325	23	2859.4527	2859.6527	2859.6527	2859.8527	2860.395
2	40	1	2	415	3	6	7	25	4	2	6	1	0.74887863	24	2861.6778	2862.2778	2862.2779	2862.4779	2863.0267
2	40	1	2	416	3	6	7	26	6	2	8	1	0.96502249	25	2864.3041	2864.9041	2864.9041	2865.1041	2865.8691
2	40	1	2	417	3	6	7	27	4	1	6	1	0.68996947	26	2866.9306	2867.1306	2867.1306	2867.3306	2867.8206
2	40	1	2	418	3	6	7	28	3	2	3	1	0.73314829	27	2869.1555	2869.7555	2869.7555	2869.9555	2870.4886
2	40	1	2	419	3	6	7	29	2	2	2	1	0.6354566	28	2871.7819	2872.3819	2872.3819	2872.5819	2873.0174
2	40	1	2	420	3	6	7	30	5	2	7	1	0.86573164	29	2874.4074	2875.0074	2875.0074	2875.2074	2875.8731
2	40	1	2	421	3	2	8	1	1	1	4	1	0.63189438	1	2905.0987	2905.2987	2905.2987	2905.4987	2905.9306
2	40	1	2	422	3	2	8	2	5	1	6	0	0.50810135	1	2907.3246	2907.5246	2907.5246	2907.7246	2908.0327
2	40	1	2	423	3	2	8	3	1	2	4	1	0.61417929	2	2909.5496	2910.1497	2910.1497	2910.3497	2910.7638
2	40	1	2	424	3	2	8	4	1	1	6	0	0.45893663	2	2912.1756	2912.3756	2912.3756	2912.5756	2912.8345
2	40	1	2	425	3	2	8	5	4	2	4	0	0.50225854	2	2914.4047	2915.0047	2915.0047	2915.2047	2915.507
2	40	1	2	426	3	2	8	6	1	1	4	1	0.64669547	3	2917.0262	2917.2262	2917.2262	2917.4262	2917.8729
2	40	1	2	427	3	2	8	7	6	2	6	0	0.5367708	3	2919.2519	2919.8519	2919.8519	2920.0519	2920.3886
2	40	1	2	428	3	2	8	8	5	1	6	0	0.52726794	3	2921.8777	2922.0777	2922.0777	2922.2777	2922.605
2	40	1	2	429	3	2	8	9	6	2	6	0	0.52332524	3	2924.1012	2924.7012	2924.7012	2924.9012	2925.2245
2	40	1	2	430	3	2	8	10	4	1	6	0	0.55777221	3	2926.7274	2926.9274	2926.9274	2927.1274	2927.4851
2	40	1	2	431	3	2	8	11	1	2	4	1	0.67348418	4	2928.953	2929.553	2929.553	2929.753	2930.2265
2	40	1	2	432	3	2	8	12	5	1	6	0	0.67177849	4	2931.5784	2931.7784	2931.7784	2931.9784	2932.4502
2	40	1	2	433	3	2	8	13	5	1	6	0	0.99544701	4	2933.8053	2934.0053	2934.0053	2934.2053	2935.0008
2	40	1	2	434	3	2	8	14	4	2	6	0	0.58850477	4	2936.0311	2936.6311	2936.6311	2936.8311	2937.2196
2	40	1	2	435	3	2	8	15	6	1	6	0	0.51165655	4	2938.6602	2938.8602	2938.8602	2939.0602	2939.3718
2	40	1	2	436	3	2	8	16	6	1	6	0	0.46123889	4	2940.8872	2941.0872	2941.0872	2941.2872	2941.5484
2	40	1	2	437	3	2	8	17	2	2	4	1	0.58783951	5	2943.1133	2943.7133	2943.7133	2943.9133	2944.3011
2	40	1	2	438	3	2	8	18	3	1	6	0	0.5085762	5	2945.7401	2945.9401	2945.9401	2946.1401	2946.4487
2	40	1	2	439	3	2	8	19	2	2	4	1	0.47088109	6	2947.9641	2948.5641	2948.5641	2948.7641	2949.0349
2	40	1	2	440	3	2	8	20	6	1	6	0	0.55054967	6	2950.5901	2950.7901	2950.7901	2950.9901	2951.3407
2	40	1	2	441	3	2	8	21	2	2	4	1	0.50874458	7	2952.8135	2953.4135	2953.4135	2953.6135	2953.9223
2	40	1	2	442	3	2	8	22	2	2	4	1	0.61857905	8	2955.4398	2956.0398	2956.0398	2956.2399	2956.6584
2	40	1	2	443	3	2	8	23	4	1	6	0	0.62108461	8	2958.0636	2958.2636	2958.2636	2958.4636	2958.8847
2	40	1	2	444	3	2	8	24	3	1	4	1	0.56094332	9	2960.2896	2960.4896	2960.4896	2960.6896	2961.0505
2	40	1	2	445	3	2	8	25	3	2	4	1	0.48909325	10	2962.5195	2963.1195	2963.1195	2963.3195	2963.6086
2	40	1	2	446	3	2	8	26	2	2	4	1	0.38373434	11	2965.1457	2965.7457	2965.7457	2965.9457	2966.1294
2	40	1	2	447	3	2	8	27	3	1	4	1	0.58048532	12	2967.7725	2967.9725	2967.9725	2968.1725	2968.553
2	40	1	2	448	3	2	8	28	3	2	4	1	0.53187054	13	2969.9993	2970.5993	2970.5993	2970.7993	2971.1312
2	40	1	2	449	3	2	8	29	4	2	6	0	0.603083	13	2972.6257	2973.2257	2973.2257	2973.4257	2973.8288
2	40	1	2	450	3	2	8	30	5	2	6	0	1.0694793	13	2975.2517	2975.8517	2975.8517	2976.0517	2976.9212
2	40	1	2	451	3	6	8	1	1	1	1	1	0.72681254	1	3005.9484	3006.1484	3006.1484	3006.3484	3006.8752
2	40	1	2	452	3	6	8	2	3	1	3	1	0.90959118	2	3008.1753	3008.3753	3008.3753	3008.5753	3009.2849
2	40	1	2	453	3	6	8	3	6	2	0	0	-3011.0026	2	3010.4026	3011.0026	3011.0026	3011.2026	0
2	40	1	2	454	3	6	8	4	5	1	7	1	0.62019668	3	3013.0298	3013.2298	3013.2298	3013.4298	3013.85
2	40	1	2	455	3	6	8	5	6	2	0	0	-3015.8569	3	3015.2569	3015.8569	3015.8569	3016.0569	0
2	40	1	2	456	3	6	8	6	1	1	1	1	0.90257899	4	3017.8843	3018.0843	3018.0843	3018.2843	3018.9869
2	40	1	2	457	3	6	8	7	5	2	8	0	0.76437531	4	3020.1112	3020.7112	3020.7112	3020.9112	3021.4756
2	40	1	2	458	3	6	8	8	3	1	3	1	0.82322047	5	3022.739	3022.939	3022.939	3023.139	3023.7622
2	40	1	2	459	3	6	8	9	5	2	8	0	0.85906131	5	3024.9667	3025.5667	3025.5668	3025.7668	3026.4258
2	40	1	2	460	3	6	8	10	2	1	2	1	0.91196627	6	3027.5933	3027.7933	3027.7933	3027.9933	3028.7052
2	40	1	2	461	3	6	8	11	4	2	7	0	0.7029158	6	3029.8202	3030.4202	3030.4202	3030.6202	3031.1231
2	40	1	2	462	3	6	8	12	6	1	0	0	-3032.6481	6	3032.4481	3032.6481	3032.6481	3032.8481	0
2	40	1	2	463	3	6	8	13	1	1	1	1	0.82887886	7	3034.6758	3034.8759	3034.8759	3035.0759	3035.7047
2	40	1	2	464	3	6	8	14	2	2	2	1	0.92563959	8	3036.9026	3037.5026	3037.5026	3037.7026	3038.4283
2	40	1	2	465	3	6	8	15	3	1	3	1	0.82647875	9	3039.5301	3039.7301	3039.7301	3039.9301	3040.5566
2	40	1	2	466	3	6	8	16	2	1	2	1	0.72470205	10	3041.7569	3041.9569	3041.9569	3042.1569	3042.6816
2	40	1	2	467	3	6	8	17	5	2	1	0	0.57944675	10	3043.9833	3044.5833	3044.5833	3044.7833	3045.1627
2	40	1	2	468	3	6	8	18	2	1	2	1	0.73884889	11	3046.6077	3046.8077	3046.8077	3047.0077	3047.5465
2	40	1	2	469	3	6	8	19	6	2	0	0	-3049.4349	11	3048.8349	3049.4349	3049.4349	3049.6349	0
2	40	1	2	470	3	6	8	20	4	1	7	0	0.74785061	11	3051.4624	3051.6624	3051.6624	3051.8624	3052.4102
2	40	1	2	471	3	6	8	21	5	2	8	0	0.7595865	11	3053.6901	3054.2901	3054.2901	3054.4901	3055.0497
2	40	1	2	472	3	6	8	22	3	2	3	1	0.69020531	12	3056.3181	3056.9181	3056.9181	3057.1181	3057.6083
2	40	1	2	473	3	6	8	23	1	1	1	1	0.73133683	13	3058.9435	3059.1435	3059.1436	3059.3436	3059.8749
2	40	1	2	474	3	6	8	24	4	1	7	0	0.78423722	13	3061.1715	3061.3715	3061.3715	3061.5715	3062.1558
2	40	1	2	475	3	6	8	25	4	2	7	0	0.80804359	13	3063.4032	3064.0032	3064.0032	3064.2032	3064.8112
2	40	1	2	476	3	6	8	26	1	2	2	0	0.71417197	13	3066.0316	3066.6316	3066.6316	3066.8316	3067.3458
2	40	1	2	477	3	6	8	27	4	1	7	0	0.72051846	13	3068.6566	3068.8566	3068.8566	3069.0566	3069.5771
2	40	1	2	478	3	6	8	28	6	2	0	0	-3071.4882	13	3070.8882	3071.4882	3071.4882	3071.6882	0
2	40	1	2	479	3	6	8	29	2	2	1	0	0.95156851	13	3073.5171	3074.1171	3074.1171	3074.3172	3075.0687
2	40	1	2	480	3	6	8	30	3	2	3	1	0.81913202	14	3076.1451	3076.7451	3076.7451	3076.9451	3077.5642
2	40	1	2	481	3	2	9	1	1	1	4	1	1.1108442	1	3106.838	3107.038	3107.038	3107.238	3108.1489
2	40	1	2	482	3	2	9	2	5	1	5	1	0.47431934	2	3109.0667	3109.2667	3109.2667	3109.4667	3109.741
2	40	1	2	483	3	2	9	3	2	2	4	1	0.6428248	3	3111.2945	3111.8945	3111.8945	3112.0945	3112.5373
2	40	1	2	484	3	2	9	4	3	1	4	1	0.51837513	4	3113.9223	3114.1223	3114.1223	3114.3223	3114.6407
2	40	1	2	485	3	2	9	5	4	2	5	1	0.50490013	5	3116.1472	3116.7472	3116.7472	3116.9472	3117.2521
2	40	1	2	486	3	2	9	6	3	1	4	1	0.57098678	6	3118.7761	3118.9761	3118.9761	3119.1761	3119.5471
2	40	1	2	487	3	2	9	7	5	2	5	1	0.49608441	7	3121.0009	3121.6009	3121.6009	3121.8009	3122.097
2	40	1	2	488	3	2	9	8	3	1	4	1	0.58032442	8	3123.6296	3123.8296	3123.8296	3124.0296	3124.4099
2	40	1	2	489	3	2	9	9	6	2	5	1	0.62581821	9	3125.8591	3126.4591	3126.4591	3126.6591	3127.0849
2	40	1	2	490	3	2	9	10	5	1	5	1	0.56103188	10	3128.4882	3128.6882	3128.6882	3128.8882	3129.2492
2	40	1	2	491	3	2	9	11	4	2	5	1	0.43908527	11	3130.7167	3131.3167	3131.3167	3131.5167	3131.7558
2	40	1	2	492	3	2	9	12	6	1	5	1	0.41860447	12	3133.3509	3133.5509	3133.5509	3133.7509	3133.9695
2	40	1	2	493	3	2	9	13	2	1	4	1	0.58451559	13	3135.5789	3135.7789	3135.7789	3135.9789	3136.3634
2	40	1	2	494	3	2	9	14	6	2	5	1	0.63426986	14	3137.8072	3138.4072	3138.4072	3138.6072	3139.0415
2	40	1	2	495	3	2	9	15	4	1	5	1	0.6330735	15	3140.4355	3140.6355	3140.6355	3140.8355	3141.2685
2	40	1	2	496	3	2	9	16	3	1	4	1	0.55129503	16	3142.6663	3142.8663	3142.8663	3143.0663	3143.4176
2	40	1	2	497	3	2	9	17	1	2	4	1	0.69084468	17	3144.8949	3145.4949	3145.4949	3145.6949	3146.1858
2	40	1	2	498	3	2	9	18	1	1	4	1	0.50206087	18	3147.5246	3147.7246	3147.7246	3147.9246	3148.2267
2	40	1	2	499	3	2	9	19	1	2	4	1	0.4395411	19	3149.7556	3150.3556	3150.3556	3150.5556	3150.7951
2	40	1	2	500	3	2	9	20	1	1	4	1	0.74481324	20	3152.3839	3152.5839	3152.5839	3152.7839	3153.3287
2	40	1	2	501	3	2	9	21	2	2	4	1	0.43145104	21	3154.6104	3155.2104	3155.2104	3155.4104	3155.6419
2	40	1	2	502	3	2	9	22	2	2	4	1	0.43202489	22	3157.2391	3157.8391	3157.8391	3158.0391	3158.2711
2	40	1	2	503	3	2	9	23	6	1	5	1	0.65321531	23	3159.8677	3160.0677	3160.0677	3160.2677	3160.7209
2	40	1	2	504	3	2	9	24	4	1	5	1	0.7125628	24	3162.0966	3162.2966	3162.2966	3162.4966	3163.0091
2	40	1	2	505	3	2	9	25	3	2	4	1	0.74050877	25	3164.3248	3164.9248	3164.9248	3165.1248	3165.6653
2	40	1	2	506	3	2	9	26	6	2	5	1	0.50308379	26	3166.954	3167.554	3167.554	3167.754	3168.0571
2	40	1	2	507	3	2	9	27	5	1	4	0	0.6192701	26	3169.5837	3169.7838	3169.7838	3169.9838	3170.403
2	40	1	2	508	3	2	9	28	5	2	5	1	0.47366028	27	3171.8154	3172.4154	3172.4154	3172.6154	3172.889
2	40	1	2	509	3	2	9	29	2	2	4	1	0.62555859	28	3174.4489	3175.0489	3175.0489	3175.2489	3175.6744
2	40	1	2	510	3	2	9	30	4	2	5	1	0.59882595	29	3177.0748	3177.6748	3177.6748	3177.8748	3178.2736
2	40	1	2	511	3	6	9	1	2	1	2	1	1.1038946	1	3207.7783	3207.9783	3207.9783	3208.1783	3209.0822
2	40	1	2	512	3	6	9	2	3	1	3	1	0.65502209	2	3210.0103	3210.2103	3210.2103	3210.4103	3210.8653
2	40	1	2	513	3	6	9	3	4	2	6	1	0.79725536	3	3212.2364	3212.8364	3212.8364	3213.0364	3213.6337
2	40	1	2	514	3	6	9	4	4	1	6	1	0.62304437	4	3214.8659	3215.0659	3215.0659	3215.2659	3215.6889
2	40	1	2	515	3	6	9	5	1	2	1	1	0.90553685	5	3217.0954	3217.6954	3217.6954	3217.8954	3218.6009
2	40	1	2	516	3	6	9	6	5	1	7	1	0.87732241	6	3219.7251	3219.9251	3219.9251	3220.1251	3220.8024
2	40	1	2	517	3	6	9	7	3	2	3	1	0.77496605	7	3221.9544	3222.5544	3222.5544	3222.7544	3223.3294
2	40	1	2	518	3	6	9	8	5	1	7	1	0.83216612	8	3224.5849	3224.7849	3224.7849	3224.9849	3225.617
2	40	1	2	519	3	6	9	9	2	2	2	1	0.82872968	9	3226.8147	3227.4147	3227.4147	3227.6147	3228.2435
2	40	1	2	520	3	6	9	10	2	1	2	1	0.7915246	10	3229.4444	3229.6444	3229.6444	3229.8444	3230.4359
2	40	1	2	521	3	6	9	11	2	2	2	1	0.5776595	11	3231.6743	3232.2743	3232.2744	3232.4744	3232.852
2	40	1	2	522	3	6	9	12	4	1	6	1	0.68019294	12	3234.3044	3234.5044	3234.5044	3234.7044	3235.1846
2	40	1	2	523	3	6	9	13	3	1	3	1	0.77713998	13	3236.5342	3236.7342	3236.7342	3236.9342	3237.5114
2	40	1	2	524	3	6	9	14	5	2	7	1	0.7169795	14	3238.7636	3239.3637	3239.3637	3239.5637	3240.0806
2	40	1	2	525	3	6	9	15	6	1	8	1	0.83495958	15	3241.3934	3241.5934	3241.5934	3241.7934	3242.4284
2	40	1	2	526	3	6	9	16	1	1	2	0	0.76650128	15	3243.6224	3243.8224	3243.8224	3244.0224	3244.5889
2	40	1	2	527	3	6	9	17	4	2	6	1	0.72387264	16	3245.8529	3246.4529	3246.4529	3246.6529	3247.1768
2	40	1	2	528	3	6	9	18	6	1	8	1	0.8168971	17	3248.4825	3248.6826	3248.6826	3248.8826	3249.4995
2	40	1	2	529	3	6	9	19	1	2	1	1	0.66652283	18	3250.7128	3251.3128	3251.3128	3251.5128	3251.9794
2	40	1	2	530	3	6	9	20	6	1	8	1	0.83632392	19	3253.3435	3253.5435	3253.5435	3253.7435	3254.3799
2	40	1	2	531	3	6	9	21	6	2	8	1	0.62414207	20	3255.5743	3256.1743	3256.1743	3256.3743	3256.7984
2	40	1	2	532	3	6	9	22	1	2	1	1	0.71275197	21	3258.211	3258.811	3258.811	3259.011	3259.5237
2	40	1	2	533	3	6	9	23	4	1	6	1	0.76215737	22	3260.8412	3261.0412	3261.0412	3261.2412	3261.8034
2	40	1	2	534	3	6	9	24	6	1	7	0	0.86573447	22	3263.0715	3263.2715	3263.2715	3263.4715	3264.1372
2	40	1	2	535	3	6	9	25	5	2	7	1	0.73942043	23	3265.3024	3265.9024	3265.9024	3266.1024	3266.6418
2	40	1	2	536	3	6	9	26	3	2	3	1	1.1397282	24	3267.933	3268.533	3268.533	3268.733	3269.6727
2	40	1	2	537	3	6	9	27	1	1	1	1	1.1655035	25	3270.5628	3270.7628	3270.7628	3270.9628	3271.9283
2	40	1	2	538	3	6	9	28	5	2	7	1	1.278147	26	3272.797	3273.397	3273.397	3273.597	3274.6751
2	40	1	2	539	3	6	9	29	3	2	3	1	0.87146645	27	3275.4281	3276.0281	3276.0281	3276.2281	3276.8995
2	40	1	2	540	3	6	9	30	2	2	2	1	0.75460214	28	3278.0578	3278.6578	3278.6578	3278.8578	3279.4124
2	40	1	2	541	4	2	10	1	1	1	0	0	-3783.1478	0	3782.9478	3783.1478	3783.1478	3783.3478	0
2	40	1	2	542	4	2	10	2	6	1	5	1	0.6168754	1	3785.1783	3785.3783	3785.3783	3785.5783	3785.9952
2	40	1	2	543	4	2	10	3	1	2	4	1	0.50706321	2	3787.4088	3788.0088	3788.0089	3788.2089	3788.5159
2	40	1	2	544	4	2	10	4	4	1	5	1	0.46536382	3	3790.0395	3790.2396	3790.2396	3790.4396	3790.7049
2	40	1	2	545	4	2	10	5	4	2	5	1	0.54104127	4	3792.2707	3792.8707	3792.8707	3793.0707	3793.4117
2	40	1	2	546	4	2	10	6	4	1	5	1	0.5276909	5	3794.9049	3795.1049	3795.1049	3795.3049	3795.6326
2	40	1	2	547	4	2	10	7	4	2	5	1	0.59595361	6	3797.1336	3797.7336	3797.7336	3797.9336	3798.3295
2	40	1	2	548	4	2	10	8	2	1	4	1	0.64364216	7	3799.7646	3799.9646	3799.9646	3800.1646	3800.6083
2	40	1	2	549	4	2	10	9	1	2	4	1	0.63069231	8	3801.9959	3802.5959	3802.5959	3802.7959	3803.2266
2	40	1	2	550	4	2	10	10	6	1	5	1	0.6778916	9	3804.6273	3804.8273	3804.8273	3805.0273	3805.5052
2	40	1	2	551	4	2	10	11	3	2	4	1	0.67224599	10	3806.8581	3807.4581	3807.4581	3807.6581	3808.1303
2	40	1	2	552	4	2	10	12	2	1	5	0	0.55395758	10	3809.4886	3809.6886	3809.6886	3809.8886	3810.2426
2	40	1	2	553	4	2	10	13	2	1	4	1	0.56914258	11	3811.7204	3811.9204	3811.9204	3812.1204	3812.4896
2	40	1	2	554	4	2	10	14	1	2	4	1	0.39659731	12	3813.949	3814.549	3814.549	3814.749	3814.9456
2	40	1	2	555	4	2	10	15	5	1	5	1	0.51200746	13	3816.581	3816.781	3816.781	3816.981	3817.293
2	40	1	2	556	4	2	10	16	6	1	5	1	0.74454091	14	3818.8122	3819.0122	3819.0122	3819.2122	3819.7567
2	40	1	2	557	4	2	10	17	5	2	5	1	0.51797156	15	3821.0436	3821.6436	3821.6436	3821.8436	3822.1616
2	40	1	2	558	4	2	10	18	5	1	5	1	0.54545904	16	3823.675	3823.875	3823.875	3824.075	3824.4205
2	40	1	2	559	4	2	10	19	3	2	4	1	0.50290346	17	3825.9054	3826.5054	3826.5054	3826.7054	3827.0083
2	40	1	2	560	4	2	10	20	2	1	4	1	0.73508175	18	3828.5409	3828.7409	3828.7409	3828.9409	3829.476
2	40	1	2	561	4	2	10	21	4	2	5	1	0.7825422	19	3830.7728	3831.3728	3831.3728	3831.5728	3832.1553
2	40	1	2	562	4	2	10	22	5	2	4	0	0.76548655	19	3833.4047	3834.0047	3834.0047	3834.2047	3834.7702
2	40	1	2	563	4	2	10	23	3	1	4	1	0.5888016	20	3836.0366	3836.2367	3836.2367	3836.4367	3836.8255
2	40	1	2	564	4	2	10	24	3	1	4	1	0.54518446	21	3838.2685	3838.4685	3838.4685	3838.6685	3839.0137
2	40	1	2	565	4	2	10	25	2	2	4	1	0.53350826	22	3840.5	3841.1	3841.1	3841.3	3841.6335
2	40	1	2	566	4	2	10	26	6	2	5	1	0.56750229	23	3843.1293	3843.7293	3843.7293	3843.9293	3844.2968
2	40	1	2	567	4	2	10	27	5	1	5	1	0.56859823	24	3845.7611	3845.9611	3845.9611	3846.1611	3846.5297
2	40	1	2	568	4	2	10	28	6	2	5	1	0.4901099	25	3847.993	3848.593	3848.593	3848.793	3849.0831
2	40	1	2	569	4	2	10	29	1	2	4	1	0.54383572	26	3850.6285	3851.2285	3851.2285	3851.4285	3851.7724
2	40	1	2	570	4	2	10	30	3	2	4	1	0.44957922	27	3853.2575	3853.8575	3853.8575	3854.0575	3854.3071
2	40	1	2	571	4	6	10	1	1	1	1	1	0.68733363	1	3883.9577	3884.1577	3884.1577	3884.3577	3884.845
2	40	1	2	572	4	6	10	2	1	1	1	1	0.73873771	2	3886.1894	3886.3895	3886.3895	3886.5895	3887.1282
2	40	1	2	573	4	6	10	3	1	2	1	1	0.57246579	3	3888.4208	3889.0208	3889.0208	3889.2208	3889.5933
2	40	1	2	574	4	6	10	4	6	1	8	1	0.79181247	4	3891.0571	3891.2571	3891.2571	3891.4571	3892.0489
2	40	1	2	575	4	6	10	5	3	2	3	1	0.81605033	5	3893.289	3893.889	3893.889	3894.089	3894.7051
2	40	1	2	576	4	6	10	6	2	1	2	1	0.65026899	6	3895.9206	3896.1206	3896.1206	3896.3206	3896.7709
2	40	1	2	577	4	6	10	7	2	2	2	1	0.69922056	7	3898.1517	3898.7517	3898.7517	3898.9517	3899.451
2	40	1	2	578	4	6	10	8	3	1	3	1	0.79364701	8	3900.7836	3900.9836	3900.9836	3901.1836	3901.7773
2	40	1	2	579	4	6	10	9	4	2	6	1	0.72324291	9	3903.0151	3903.6151	3903.6151	3903.8151	3904.3383
2	40	1	2	580	4	6	10	10	5	1	7	1	1.4410551	10	3905.6473	3905.8473	3905.8473	3906.0473	3907.2883
2	40	1	2	581	4	6	10	11	3	2	3	1	0.80238873	11	3907.8792	3908.4792	3908.4792	3908.6792	3909.2816
2	40	1	2	582	4	6	10	12	6	1	8	1	0.79439661	12	3910.5114	3910.7114	3910.7114	3910.9114	3911.5058
2	40	1	2	583	4	6	10	13	3	1	3	1	0.81195315	13	3912.7443	3912.9443	3912.9443	3913.1443	3913.7563
2	40	1	2	584	4	6	10	14	6	2	8	1	0.69024892	14	3914.9831	3915.5831	3915.5831	3915.7831	3916.2734
2	40	1	2	585	4	6	10	15	2	1	3	1	0.70844531	15	3917.6152	3917.8152	3917.8152	3918.0152	3918.5237
2	40	1	2	586	4	6	10	16	1	1	1	1	0.67443473	16	3919.8478	3920.0478	3920.0478	3920.2478	3920.7223
2	40	1	2	587	4	6	10	17	6	2	8	1	0.69801329	17	3922.0809	3922.6809	3922.6809	3922.881	3923.379
2	40	1	2	588	4	6	10	18	4	1	6	1	0.71363575	18	3924.7129	3924.913	3924.913	3925.113	3925.6266
2	40	1	2	589	4	6	10	19	2	2	2	1	0.7299031	19	3926.945	3927.545	3927.545	3927.745	3928.2749
2	40	1	2	590	4	6	10	20	1	1	1	1	0.84030718	20	3929.5781	3929.7781	3929.7781	3929.9781	3930.6184
2	40	1	2	591	4	6	10	21	3	2	2	0	0.95298802	20	3931.8101	3932.4101	3932.4101	3932.6101	3933.3631
2	40	1	2	592	4	6	10	22	5	2	7	1	0.90378412	21	3934.4431	3935.0431	3935.0431	3935.2431	3935.9469
2	40	1	2	593	4	6	10	23	2	1	2	1	1.0471325	22	3937.076	3937.276	3937.276	3937.476	3938.3231
2	40	1	2	594	4	6	10	24	5	1	7	1	0.81242078	23	3939.3089	3939.5089	3939.5089	3939.7089	3940.3213
2	40	1	2	595	4	6	10	25	6	2	8	1	0.85466398	24	3941.5413	3942.1413	3942.1413	3942.3413	3942.9959
2	40	1	2	596	4	6	10	26	4	2	6	1	1.2596972	25	3944.1744	3944.7744	3944.7744	3944.9744	3946.0341
2	40	1	2	597	4	6	10	27	5	1	7	1	0.8484108	26	3946.8107	3947.0107	3947.0107	3947.2107	3947.8591
2	40	1	2	598	4	6	10	28	4	2	6	1	0.67165131	27	3949.0444	3949.6444	3949.6444	3949.8444	3950.316
2	40	1	2	599	4	6	10	29	5	2	7	1	0.98196702	28	3951.677	3952.277	3952.277	3952.477	3953.259
2	40	1	2	600	4	6	10	30	4	2	6	1	0.79446276	29	3954.3066	3954.9066	3954.9066	3955.1066	3955.701
2	40	1	2	601	4	2	11	1	2	1	4	1	0.66939166	1	3985.0075	3985.2075	3985.2075	3985.4075	3985.8769
2	40	1	2	602	4	2	11	2	1	1	4	1	0.70466607	2	3987.2401	3987.4401	3987.4401	3987.6401	3988.1448
2	40	1	2	603	4	2	11	3	4	2	5	1	0.60463714	3	3989.4742	3990.0742	3990.0742	3990.2742	3990.6788
2	40	1	2	604	4	2	11	4	6	1	4	0	0.62083361	3	3992.1077	3992.3077	3992.3077	3992.5077	3992.9286
2	40	1	2	605	4	2	11	5	2	2	4	1	0.58169955	4	3994.3423	3994.9423	3994.9423	3995.1423	3995.524
2	40	1	2	606	4	2	11	6	5	1	5	1	0.50290287	5	3996.9796	3997.1796	3997.1796	3997.3796	3997.6825
2	40	1	2	607	4	2	11	7	6	2	5	1	0.57876229	6	3999.2142	3999.8142	3999.8142	4000.0142	4000.393
2	40	1	2	608	4	2	11	8	3	1	4	1	0.61147387	7	4001.8475	4002.0475	4002.0475	4002.2475	4002.659
2	40	1	2	609	4	2	11	9	4	2	5	1	0.59439646	8	4004.0818	4004.6818	4004.6818	4004.8818	4005.2762
2	40	1	2	610	4	2	11	10	1	1	4	1	0.56610166	9	4006.7149	4006.9149	4006.9149	4007.1149	4007.481
2	40	1	2	611	4	2	11	11	4	2	5	1	0.59839752	10	4008.948	4009.548	4009.548	4009.748	4010.1464
2	40	1	2	612	4	2	11	12	4	1	5	1	0.60731831	11	4011.5817	4011.7817	4011.7817	4011.9817	4012.389
2	40	1	2	613	4	2	11	13	1	1	4	1	0.60488314	12	4013.8161	4014.0162	4014.0162	4014.2162	4014.621
2	40	1	2	614	4	2	11	14	2	2	4	1	0.55304207	13	4016.0497	4016.6497	4016.6497	4016.8497	4017.2028
2	40	1	2	615	4	2	11	15	2	1	4	1	0.54788404	14	4018.6841	4018.8841	4018.8841	4019.0841	4019.432
2	40	1	2	616	4	2	11	16	3	1	4	1	0.54162913	15	4020.9175	4021.1175	4021.1175	4021.3175	4021.6592
2	40	1	2	617	4	2	11	17	1	2	4	1	0.53024833	16	4023.1508	4023.7508	4023.7508	4023.9508	4024.281
2	40	1	2	618	4	2	11	18	1	1	4	1	0.52067916	17	4025.7841	4025.9841	4025.9841	4026.1841	4026.5048
2	40	1	2	619	4	2	11	19	5	2	5	1	0.58379961	18	4028.0182	4028.6182	4028.6182	4028.8182	4029.202
2	40	1	2	620	4	2	11	20	6	1	5	1	0.61217962	19	4030.6557	4030.8557	4030.8557	4031.0557	4031.4678
2	40	1	2	621	4	2	11	21	5	2	5	1	0.65200927	20	4032.8859	4033.486	4033.486	4033.686	4034.138
2	40	1	2	622	4	2	11	22	6	2	5	1	0.53695732	21	4035.5197	4036.1197	4036.1197	4036.3197	4036.6566
2	40	1	2	623	4	2	11	23	3	1	5	0	0.50637297	21	4038.1531	4038.3531	4038.3531	4038.5531	4038.8595
2	40	1	2	624	4	2	11	24	6	1	5	1	0.46477252	22	4040.3867	4040.5867	4040.5867	4040.7867	4041.0515
2	40	1	2	625	4	2	11	25	4	2	5	1	0.57340996	23	4042.6206	4043.2207	4043.2207	4043.4207	4043.7941
2	40	1	2	626	4	2	11	26	5	2	5	1	0.4834676	24	4045.2548	4045.8548	4045.8548	4046.0548	4046.3383
2	40	1	2	627	4	2	11	27	5	1	5	1	0.50786872	25	4047.8892	4048.0892	4048.0892	4048.2892	4048.5971
2	40	1	2	628	4	2	11	28	2	2	4	1	0.61491443	26	4050.1225	4050.7225	4050.7225	4050.9225	4051.3374
2	40	1	2	629	4	2	11	29	3	2	4	1	0.58026164	27	4052.7561	4053.3561	4053.3561	4053.5561	4053.9364
2	40	1	2	630	4	2	11	30	3	2	4	1	0.49238777	28	4055.3902	4055.9902	4055.9902	4056.1902	4056.4826
2	40	1	2	631	4	6	11	1	6	1	8	1	0.79850269	1	4086.0976	4086.2976	4086.2976	4086.4976	4087.0961
2	40	1	2	632	4	6	11	2	5	1	7	1	0.90918588	2	4088.3319	4088.5319	4088.5319	4088.7319	4089.4411
2	40	1	2	633	4	6	11	3	2	2	2	1	0.77247167	3	4090.5656	4091.1656	4091.1656	4091.3656	4091.938
2	40	1	2	634	4	6	11	4	2	1	2	1	0.61059746	4	4093.2	4093.4	4093.4	4093.6	4094.0106
2	40	1	2	635	4	6	11	5	5	2	7	1	0.75134549	5	4095.4353	4096.0353	4096.0353	4096.2353	4096.7866
2	40	1	2	636	4	6	11	6	1	1	1	1	0.75679295	6	4098.0699	4098.2699	4098.2699	4098.4699	4099.0267
2	40	1	2	637	4	6	11	7	1	2	1	1	0.70599237	7	4100.3052	4100.9052	4100.9052	4101.1052	4101.6112
2	40	1	2	638	4	6	11	8	2	1	1	0	0.93742624	7	4102.9369	4103.1369	4103.1369	4103.3369	4104.0743
2	40	1	2	639	4	6	11	9	3	2	3	1	0.76685739	8	4105.1752	4105.7752	4105.7752	4105.9752	4106.5421
2	40	1	2	640	4	6	11	10	6	1	8	1	0.825291	9	4107.8103	4108.0103	4108.0103	4108.2103	4108.8356
2	40	1	2	641	4	6	11	11	3	2	3	1	0.862198	10	4110.0445	4110.6445	4110.6445	4110.8445	4111.5067
2	40	1	2	642	4	6	11	12	6	1	8	1	0.91082319	11	4112.6759	4112.876	4112.876	4113.076	4113.7868
2	40	1	2	643	4	6	11	13	4	1	6	1	0.84172637	12	4114.9106	4115.1106	4115.1106	4115.3106	4115.9523
2	40	1	2	644	4	6	11	14	2	2	2	1	0.9136782	13	4117.1446	4117.7446	4117.7446	4117.9446	4118.6583
2	40	1	2	645	4	6	11	15	1	1	1	1	0.80384824	14	4119.7761	4119.9761	4119.9761	4120.1761	4120.7799
2	40	1	2	646	4	6	11	16	6	1	8	1	0.86489474	15	4122.0104	4122.2104	4122.2104	4122.4104	4123.0753
2	40	1	2	647	4	6	11	17	5	2	2	0	1.3313927	15	4124.2452	4124.8452	4124.8452	4125.0452	4126.1766
2	40	1	2	648	4	6	11	18	1	1	1	1	0.84271787	16	4126.8804	4127.0804	4127.0804	4127.2804	4127.9231
2	40	1	2	649	4	6	11	19	3	2	3	1	0.83349011	17	4129.1114	4129.7114	4129.7114	4129.9114	4130.5449
2	40	1	2	650	4	6	11	20	3	1	3	1	0.81483658	18	4131.7462	4131.9462	4131.9462	4132.1462	4132.7611
2	40	1	2	651	4	6	11	21	2	2	7	0	1.1896826	18	4133.9809	4134.5809	4134.5809	4134.781	4135.7706
2	40	1	2	652	4	6	11	22	5	2	7	1	0.8974257	19	4136.6159	4137.216	4137.216	4137.416	4138.1134
2	40	1	2	653	4	6	11	23	5	1	7	1	0.73078663	20	4139.248	4139.448	4139.448	4139.6481	4140.1788
2	40	1	2	654	4	6	11	24	4	1	6	1	0.70595387	21	4141.483	4141.683	4141.683	4141.883	4142.3889
2	40	1	2	655	4	6	11	25	4	2	6	1	0.95272944	22	4143.7216	4144.3216	4144.3216	4144.5216	4145.2743
2	40	1	2	656	4	6	11	26	1	2	1	1	0.77962301	23	4146.3579	4146.9579	4146.9579	4147.1579	4147.7375
2	40	1	2	657	4	6	11	27	6	1	8	1	0.79594266	24	4148.9929	4149.1929	4149.193	4149.393	4149.9889
2	40	1	2	658	4	6	11	28	4	2	6	1	0.76464752	25	4151.2282	4151.8282	4151.8282	4152.0282	4152.5929
2	40	1	2	659	4	6	11	29	3	2	2	0	0.90089201	25	4153.861	4154.461	4154.461	4154.661	4155.3619
2	40	1	2	660	4	6	11	30	4	2	6	1	0.69043525	26	4156.4956	4157.0956	4157.0956	4157.2956	4157.7861
2	40	1	2	661	4	2	12	1	5	1	5	1	0.64248184	1	4187.1989	4187.3989	4187.3989	4187.5989	4188.0414
2	40	1	2	662	4	2	12	2	6	1	5	1	0.55287255	2	4189.4352	4189.6352	4189.6352	4189.8352	4190.188
2	40	1	2	663	4	2	12	3	6	2	5	1	0.42195624	3	4191.6704	4192.2704	4192.2705	4192.4705	4192.6924
2	40	1	2	664	4	2	12	4	6	1	5	1	0.45852538	4	4194.3064	4194.5065	4194.5065	4194.7065	4194.965
2	40	1	2	665	4	2	12	5	3	2	4	1	0.54258971	5	4196.538	4197.138	4197.138	4197.338	4197.6806
2	40	1	2	666	4	2	12	6	2	1	4	1	0.446721	6	4199.1731	4199.3731	4199.3731	4199.5731	4199.8198
2	40	1	2	667	4	2	12	7	3	2	4	1	0.42054691	7	4201.4085	4202.0085	4202.0085	4202.2085	4202.429
2	40	1	2	668	4	2	12	8	5	1	5	1	0.50015387	8	4204.0449	4204.2449	4204.2449	4204.4449	4204.7451
2	40	1	2	669	4	2	12	9	1	2	5	0	0.51382352	8	4206.2811	4206.8811	4206.8811	4207.0811	4207.3949
2	40	1	2	670	4	2	12	10	2	1	5	0	0.53628067	8	4208.9166	4209.1166	4209.1166	4209.3167	4209.6529
2	40	1	2	671	4	2	12	11	4	2	5	1	0.66866192	9	4211.1526	4211.7526	4211.7526	4211.9526	4212.4212
2	40	1	2	672	4	2	12	12	1	1	4	1	0.52032148	10	4213.7868	4213.9868	4213.9868	4214.1868	4214.5072
2	40	1	2	673	4	2	12	13	1	1	4	1	0.55627566	11	4216.0229	4216.2229	4216.2229	4216.4229	4216.7791
2	40	1	2	674	4	2	12	14	4	2	5	1	0.50120222	12	4218.2598	4218.8598	4218.8598	4219.0598	4219.361
2	40	1	2	675	4	2	12	15	4	1	5	1	0.56269331	13	4220.8979	4221.0979	4221.0979	4221.2979	4221.6606
2	40	1	2	676	4	2	12	16	2	1	4	1	0.58798331	14	4223.1345	4223.3345	4223.3345	4223.5345	4223.9225
2	40	1	2	677	4	2	12	17	3	2	4	1	0.4408637	15	4225.3706	4225.9706	4225.9706	4226.1706	4226.4115
2	40	1	2	678	4	2	12	18	2	1	4	1	0.47750161	16	4228.0063	4228.2063	4228.2063	4228.4063	4228.6838
2	40	1	2	679	4	2	12	19	4	2	5	1	0.50987671	17	4230.2428	4230.8429	4230.8429	4231.0429	4231.3527
2	40	1	2	680	4	2	12	20	4	1	5	1	0.51725078	18	4232.8834	4233.0834	4233.0834	4233.2834	4233.6006
2	40	1	2	681	4	2	12	21	2	2	4	1	0.5716531	19	4235.1196	4235.7196	4235.7196	4235.9196	4236.2913
2	40	1	2	682	4	2	12	22	5	2	5	1	0.49346228	20	4237.7558	4238.3558	4238.3558	4238.5558	4238.8492
2	40	1	2	683	4	2	12	23	6	1	5	1	0.54855045	21	4240.3924	4240.5924	4240.5925	4240.7925	4241.141
2	40	1	2	684	4	2	12	24	6	1	4	0	0.45620632	21	4242.6287	4242.8288	4242.8288	4243.0288	4243.285
2	40	1	2	685	4	2	12	25	3	2	4	1	0.58447147	22	4244.8646	4245.4646	4245.4646	4245.6646	4246.0491
2	40	1	2	686	4	2	12	26	3	2	4	1	0.60665585	23	4247.5011	4248.1011	4248.1011	4248.3011	4248.7078
2	40	1	2	687	4	2	12	27	5	1	5	1	0.6068166	24	4250.1377	4250.3377	4250.3377	4250.5377	4250.9445
2	40	1	2	688	4	2	12	28	1	2	4	1	0.56105042	25	4252.3779	4252.9779	4252.9779	4253.1779	4253.539
2	40	1	2	689	4	2	12	29	1	2	4	1	0.5564283	26	4255.0143	4255.6143	4255.6143	4255.8143	4256.1707
2	40	1	2	690	4	2	12	30	5	2	5	1	0.49405538	27	4257.6507	4258.2507	4258.2507	4258.4508	4258.7448
2	40	1	2	691	4	6	12	1	1	1	1	1	0.73823118	1	4288.3598	4288.5598	4288.5598	4288.7598	4289.298
2	40	1	2	692	4	6	12	2	5	1	7	1	0.9179669	2	4290.5979	4290.7979	4290.7979	4290.9979	4291.7158
2	40	1	2	693	4	6	12	3	6	2	8	1	0.7494778	3	4292.8377	4293.4377	4293.4377	4293.6377	4294.1871
2	40	1	2	694	4	6	12	4	6	1	8	1	0.87142476	4	4295.4741	4295.6741	4295.6741	4295.8741	4296.5455
2	40	1	2	695	4	6	12	5	1	2	1	1	0.74320649	5	4297.7071	4298.3071	4298.3071	4298.5071	4299.0503
2	40	1	2	696	4	6	12	6	6	1	8	1	0.78378	6	4300.3448	4300.5448	4300.5448	4300.7448	4301.3286
2	40	1	2	697	4	6	12	7	1	2	1	1	0.65179937	7	4302.5822	4303.1822	4303.1822	4303.3822	4303.834
2	40	1	2	698	4	6	12	8	4	1	6	1	0.70297381	8	4305.2188	4305.4189	4305.4189	4305.6189	4306.1218
2	40	1	2	699	4	6	12	9	2	2	7	0	0.79059453	8	4307.4624	4308.0624	4308.0624	4308.2624	4308.853
2	40	1	2	700	4	6	12	10	3	1	3	1	0.80798228	9	4310.0999	4310.2999	4310.2999	4310.4999	4311.1079
2	40	1	2	701	4	6	12	11	5	2	7	1	0.90178454	10	4312.3332	4312.9332	4312.9332	4313.1332	4313.8349
2	40	1	2	702	4	6	12	12	3	1	3	1	0.78279322	11	4314.9707	4315.1707	4315.1707	4315.3707	4315.9535
2	40	1	2	703	4	6	12	13	3	1	3	1	0.70165855	12	4317.2116	4317.4116	4317.4116	4317.6116	4318.1132
2	40	1	2	704	4	6	12	14	1	2	1	1	0.78614965	13	4319.449	4320.049	4320.049	4320.249	4320.8351
2	40	1	2	705	4	6	12	15	3	1	3	1	0.70450648	14	4322.0827	4322.2827	4322.2827	4322.4827	4322.9872
2	40	1	2	706	4	6	12	16	4	1	6	1	0.69667265	15	4324.3207	4324.5207	4324.5207	4324.7207	4325.2174
2	40	1	2	707	4	6	12	17	5	2	7	1	0.74768181	16	4326.5585	4327.1585	4327.1585	4327.3585	4327.9062
2	40	1	2	708	4	6	12	18	3	1	3	1	0.72230074	17	4329.1949	4329.3949	4329.3949	4329.5949	4330.1172
2	40	1	2	709	4	6	12	19	4	2	6	1	0.73915783	18	4331.4323	4332.0323	4332.0323	4332.2323	4332.7715
2	40	1	2	710	4	6	12	20	5	1	7	1	1.4002885	19	4334.0667	4334.2667	4334.2667	4334.4667	4335.667
2	40	1	2	711	4	6	12	21	6	2	8	1	0.65303691	20	4336.3034	4336.9034	4336.9034	4337.1034	4337.5565
2	40	1	2	712	4	6	12	22	2	2	2	1	1.3821825	21	4338.9403	4339.5403	4339.5403	4339.7403	4340.9224
2	40	1	2	713	4	6	12	23	5	1	7	1	0.77363828	22	4341.5806	4341.7806	4341.7806	4341.9806	4342.5542
2	40	1	2	714	4	6	12	24	4	1	6	1	0.69597436	23	4343.8185	4344.0185	4344.0185	4344.2185	4344.7145
2	40	1	2	715	4	6	12	25	2	2	2	1	0.85176979	24	4346.0531	4346.6531	4346.6531	4346.8531	4347.5049
2	40	1	2	716	4	6	12	26	6	2	8	1	0.85635668	25	4348.6906	4349.2906	4349.2906	4349.4906	4350.147
2	40	1	2	717	4	6	12	27	1	1	1	1	0.77600294	26	4351.3285	4351.5285	4351.5285	4351.7285	4352.3045
2	40	1	2	718	4	6	12	28	2	2	2	1	0.88641916	27	4353.5708	4354.1708	4354.1708	4354.3708	4355.0572
2	40	1	2	719	4	6	12	29	4	2	6	1	0.74567803	28	4356.2092	4356.8092	4356.8092	4357.0092	4357.5549
2	40	1	2	720	4	6	12	30	2	2	2	1	0.76883175	29	4358.8503	4359.4503	4359.4503	4359.6503	4360.2192
