124	94	37	64	35	42	126	43	0	0	0	0	0	0	0	0	0	0	0	0
2	18	2	2	1	1	2	1	1	2	1	1	1	0.60732931	1	11637.7	11637.9	11637.9	11638.1	11638.507
2	18	2	2	2	1	2	1	2	5	1	8	1	0.78951112	2	11639.917	11640.117	11640.117	11640.317	11640.907
2	18	2	2	3	1	2	1	3	5	1	8	1	0.87293498	3	11642.128	11642.328	11642.328	11642.528	11643.201
2	18	2	2	4	1	2	1	4	1	2	1	1	0.52251349	4	11644.336	11644.936	11644.936	11645.136	11645.458
2	18	2	2	5	1	2	1	5	4	2	8	1	0.44368592	5	11646.944	11647.544	11647.544	11647.744	11647.988
2	18	2	2	6	1	2	1	6	5	2	8	1	0.56583719	6	11649.551	11650.151	11650.151	11650.351	11650.716
2	18	2	2	7	1	2	1	7	3	2	1	1	0.44490336	7	11652.157	11652.757	11652.757	11652.957	11653.202
2	18	2	2	8	1	2	1	8	2	1	1	1	0.62365791	8	11654.764	11654.964	11654.964	11655.164	11655.588
2	18	2	2	9	1	2	1	9	4	2	8	1	0.43802005	9	11656.971	11657.571	11657.571	11657.771	11658.009
2	18	2	2	10	1	2	1	10	1	2	1	1	0.59382286	10	11659.578	11660.178	11660.178	11660.378	11660.772
2	18	2	2	11	1	2	1	11	5	1	8	1	0.528513	11	11662.185	11662.385	11662.385	11662.585	11662.914
2	18	2	2	12	1	2	1	12	4	2	8	1	0.60462191	12	11664.392	11664.992	11664.992	11665.192	11665.597
2	18	2	2	13	1	2	1	13	1	1	1	1	0.65819295	13	11666.999	11667.199	11667.199	11667.399	11667.857
2	18	2	2	14	1	2	1	14	6	1	8	1	0.74057481	14	11669.206	11669.406	11669.406	11669.606	11670.147
2	18	2	2	15	1	2	1	15	6	2	8	1	0.59713968	15	11671.413	11672.013	11672.013	11672.214	11672.611
2	18	2	2	16	1	2	1	16	4	1	8	1	0.58457728	16	11674.02	11674.22	11674.22	11674.42	11674.805
2	18	2	2	17	1	2	1	17	6	1	8	1	0.5932652	17	11676.228	11676.428	11676.428	11676.628	11677.021
2	18	2	2	18	1	2	1	18	3	2	1	1	0.61630651	18	11678.435	11679.035	11679.035	11679.235	11679.651
2	18	2	2	19	1	2	1	19	1	2	1	1	0.71885858	19	11681.042	11681.642	11681.642	11681.842	11682.361
2	18	2	2	20	1	2	1	20	1	2	1	1	0.63297147	20	11683.648	11684.248	11684.248	11684.448	11684.881
2	18	2	2	21	1	2	1	21	3	1	1	1	0.60138924	21	11686.256	11686.456	11686.456	11686.656	11687.058
2	18	2	2	22	1	2	1	22	6	1	8	1	0.51407686	22	11688.463	11688.663	11688.663	11688.863	11689.177
2	18	2	2	23	1	2	1	23	3	1	1	1	0.57399839	23	11690.671	11690.871	11690.871	11691.071	11691.445
2	18	2	2	24	1	2	1	24	6	2	8	1	0.55474421	24	11692.881	11693.481	11693.482	11693.682	11694.036
2	18	2	2	25	1	2	1	25	3	2	1	1	0.60364937	25	11695.489	11696.09	11696.09	11696.29	11696.693
2	18	2	2	26	1	2	1	26	5	2	8	1	0.47390091	26	11698.098	11698.698	11698.698	11698.898	11699.172
2	18	2	2	27	1	2	1	27	2	1	1	1	0.59377791	27	11700.705	11700.905	11700.906	11701.106	11701.499
2	18	2	2	28	1	2	1	28	2	1	1	1	0.65146589	28	11702.913	11703.113	11703.113	11703.313	11703.765
2	18	2	2	29	1	2	1	29	4	1	8	1	0.62631552	29	11705.121	11705.321	11705.321	11705.521	11705.947
2	18	2	2	30	1	2	1	30	2	2	1	1	0.61746258	30	11707.329	11707.929	11707.929	11708.129	11708.546
2	18	2	2	31	1	6	1	1	1	1	2	1	0.89646934	1	11735.793	11735.993	11735.993	11736.193	11736.889
2	18	2	2	32	1	6	1	2	2	1	3	1	0.97302285	2	11738.004	11738.204	11738.204	11738.404	11739.177
2	18	2	2	33	1	6	1	3	2	1	3	1	0.76656267	3	11740.212	11740.412	11740.412	11740.612	11741.179
2	18	2	2	34	1	6	1	4	1	2	2	1	0.8070004	4	11742.421	11743.021	11743.021	11743.221	11743.828
2	18	2	2	35	1	6	1	5	1	2	2	1	0.69422985	5	11745.028	11745.628	11745.628	11745.828	11746.322
2	18	2	2	36	1	6	1	6	6	2	7	1	0.97523667	6	11747.637	11748.237	11748.237	11748.437	11749.212
2	18	2	2	37	1	6	1	7	4	2	5	1	1.1090033	7	11750.245	11750.845	11750.845	11751.045	11751.954
2	18	2	2	38	1	6	1	8	5	1	6	1	0.53288441	8	11752.853	11753.053	11753.053	11753.253	11753.586
2	18	2	2	39	1	6	1	9	1	2	2	1	0.7302022	9	11755.062	11755.662	11755.662	11755.862	11756.392
2	18	2	2	40	1	6	1	10	4	2	5	1	1.2119014	10	11757.671	11758.271	11758.271	11758.471	11759.483
2	18	2	2	41	1	6	1	11	5	1	6	1	0.42379258	11	11760.282	11760.482	11760.482	11760.683	11760.906
2	18	2	2	42	1	6	1	12	3	2	4	1	1.1462289	12	11762.49	11763.09	11763.09	11763.29	11764.236
2	18	2	2	43	1	6	1	13	1	1	2	1	0.69679627	13	11765.099	11765.299	11765.299	11765.499	11765.996
2	18	2	2	44	1	6	1	14	5	1	6	1	1.0726999	14	11767.308	11767.508	11767.508	11767.708	11768.58
2	18	2	2	45	1	6	1	15	4	2	5	1	0.62462858	15	11769.517	11770.117	11770.117	11770.317	11770.741
2	18	2	2	46	1	6	1	16	6	1	7	1	0.78401716	16	11772.125	11772.325	11772.325	11772.525	11773.109
2	18	2	2	47	1	6	1	17	4	1	5	1	1.1436553	17	11774.332	11774.532	11774.532	11774.732	11775.675
2	18	2	2	48	1	6	1	18	6	2	7	1	0.97395001	18	11776.539	11777.139	11777.139	11777.339	11778.113
2	18	2	2	49	1	6	1	19	2	2	3	1	1.0858201	19	11779.148	11779.748	11779.748	11779.948	11780.834
2	18	2	2	50	1	6	1	20	2	2	3	1	0.94853352	20	11781.757	11782.357	11782.357	11782.557	11783.305
2	18	2	2	51	1	6	1	21	5	1	6	1	1.6275441	21	11784.366	11784.566	11784.566	11784.766	11786.193
2	18	2	2	52	1	6	1	22	6	1	7	1	0.87455001	22	11786.575	11786.775	11786.775	11786.975	11787.65
2	18	2	2	53	1	6	1	23	4	1	5	1	0.86805849	23	11788.782	11788.982	11788.982	11789.182	11789.85
2	18	2	2	54	1	6	1	24	3	2	4	1	0.91425555	24	11790.991	11791.591	11791.591	11791.792	11792.506
2	18	2	2	55	1	6	1	25	2	2	3	1	0.78803113	25	11793.599	11794.199	11794.2	11794.4	11794.988
2	18	2	2	56	1	6	1	26	6	2	7	1	0.78407093	26	11796.209	11796.809	11796.809	11797.009	11797.593
2	18	2	2	57	1	6	1	27	3	1	7	0	1.9519512	26	11798.819	11799.019	11799.019	11799.219	11800.971
2	18	2	2	58	1	6	1	28	5	1	8	0	1.9985247	26	11801.335	11801.535	11801.535	11801.735	11803.534
2	18	2	2	59	1	6	1	29	3	1	3	0	1.1146712	26	11803.865	11804.065	11804.065	11804.265	11805.18
2	18	2	2	60	1	6	1	30	3	2	4	1	1.476321	27	11806.39	11806.99	11806.99	11807.19	11808.466
2	18	2	2	61	1	2	2	1	2	1	1	1	0.61767578	1	11823.713	11823.913	11823.913	11824.113	11824.53
2	18	2	2	62	1	2	2	2	3	1	1	1	0.5221427	2	11825.923	11826.123	11826.123	11826.323	11826.645
2	18	2	2	63	1	2	2	3	2	1	1	1	0.48622226	3	11828.133	11828.333	11828.333	11828.533	11828.819
2	18	2	2	64	1	2	2	4	3	2	1	1	0.49247275	4	11830.343	11830.943	11830.943	11831.143	11831.435
2	18	2	2	65	1	2	2	5	4	2	8	1	0.46421597	5	11832.953	11833.553	11833.553	11833.753	11834.017
2	18	2	2	66	1	2	2	6	5	2	8	1	0.4970843	6	11835.563	11836.163	11836.163	11836.363	11836.66
2	18	2	2	67	1	2	2	7	5	2	8	1	0.44033052	7	11838.173	11838.773	11838.773	11838.973	11839.213
2	18	2	2	68	1	2	2	8	2	1	1	1	0.61342403	8	11840.783	11840.983	11840.983	11841.183	11841.597
2	18	2	2	69	1	2	2	9	2	2	1	1	0.4978873	9	11842.993	11843.593	11843.593	11843.793	11844.091
2	18	2	2	70	1	2	2	10	6	2	8	1	0.62380055	10	11845.604	11846.204	11846.204	11846.404	11846.828
2	18	2	2	71	1	2	2	11	6	1	8	1	0.65155108	11	11848.214	11848.414	11848.414	11848.614	11849.066
2	18	2	2	72	1	2	2	12	5	2	8	1	0.63669754	12	11850.424	11851.024	11851.024	11851.224	11851.661
2	18	2	2	73	1	2	2	13	1	1	1	1	0.91937767	13	11853.035	11853.235	11853.235	11853.435	11854.154
2	18	2	2	74	1	2	2	14	4	1	8	1	0.55632733	14	11855.245	11855.445	11855.445	11855.645	11856.001
2	18	2	2	75	1	2	2	15	1	2	1	1	0.58784366	15	11857.455	11858.055	11858.055	11858.255	11858.643
2	18	2	2	76	1	2	2	16	1	1	1	1	0.62474765	16	11860.065	11860.265	11860.265	11860.465	11860.89
2	18	2	2	77	1	2	2	17	3	1	1	1	0.53670659	17	11862.276	11862.476	11862.476	11862.676	11863.013
2	18	2	2	78	1	2	2	18	6	2	8	1	0.60485347	18	11864.486	11865.086	11865.086	11865.286	11865.691
2	18	2	2	79	1	2	2	19	2	2	1	1	0.84571277	19	11867.097	11867.697	11867.697	11867.897	11868.543
2	18	2	2	80	1	2	2	20	3	2	1	1	0.65600596	20	11869.708	11870.308	11870.308	11870.508	11870.964
2	18	2	2	81	1	2	2	21	6	1	8	1	0.53044752	21	11872.319	11872.519	11872.519	11872.719	11873.049
2	18	2	2	82	1	2	2	22	6	1	8	1	0.48735167	22	11874.529	11874.729	11874.729	11874.929	11875.217
2	18	2	2	83	1	2	2	23	3	1	1	1	0.74277231	23	11876.74	11876.94	11876.94	11877.14	11877.682
2	18	2	2	84	1	2	2	24	4	2	8	1	0.51110439	24	11878.95	11879.55	11879.55	11879.75	11880.061
2	18	2	2	85	1	2	2	25	1	2	1	1	0.47298288	25	11881.561	11882.161	11882.161	11882.361	11882.634
2	18	2	2	86	1	2	2	26	5	2	8	1	0.48072627	26	11884.172	11884.772	11884.772	11884.972	11885.253
2	18	2	2	87	1	2	2	27	4	1	8	1	0.71206332	27	11886.78	11886.98	11886.98	11887.18	11887.692
2	18	2	2	88	1	2	2	28	5	1	8	1	0.61379338	28	11888.991	11889.191	11889.191	11889.391	11889.805
2	18	2	2	89	1	2	2	29	4	1	8	1	0.60713968	29	11891.202	11891.402	11891.402	11891.602	11892.009
2	18	2	2	90	1	2	2	30	1	2	1	1	0.60749038	30	11893.412	11894.012	11894.012	11894.212	11894.619
2	18	2	2	91	1	6	2	1	1	1	2	1	0.57520995	1	11904.779	11904.979	11904.979	11905.179	11905.555
2	18	2	2	92	1	6	2	2	6	1	7	1	0.76517431	2	11906.991	11907.191	11907.191	11907.391	11907.956
2	18	2	2	93	1	6	2	3	3	1	4	1	0.83104557	3	11909.202	11909.402	11909.402	11909.602	11910.233
2	18	2	2	94	1	6	2	4	4	2	5	1	0.88632684	4	11911.414	11912.014	11912.014	11912.214	11912.9
2	18	2	2	95	1	6	2	5	2	2	3	1	0.97656369	5	11914.026	11914.626	11914.626	11914.826	11915.602
2	18	2	2	96	1	6	2	6	4	2	5	1	1.4689137	6	11916.637	11917.237	11917.237	11917.437	11918.706
2	18	2	2	97	1	6	2	7	1	2	2	1	0.80242589	7	11919.249	11919.849	11919.849	11920.049	11920.652
2	18	2	2	98	1	6	2	8	1	1	2	1	0.7252395	8	11921.86	11922.06	11922.06	11922.26	11922.786
2	18	2	2	99	1	6	2	9	5	2	6	1	1.1212942	9	11924.072	11924.672	11924.672	11924.872	11925.793
2	18	2	2	100	1	6	2	10	6	2	7	1	0.77673755	10	11926.684	11927.284	11927.284	11927.484	11928.061
2	18	2	2	101	1	6	2	11	4	1	5	1	0.61986743	11	11929.295	11929.495	11929.495	11929.695	11930.115
2	18	2	2	102	1	6	2	12	3	2	4	1	0.79212473	12	11931.505	11932.105	11932.105	11932.305	11932.897
2	18	2	2	103	1	6	2	13	3	1	4	1	1.7829496	13	11934.114	11934.314	11934.314	11934.514	11936.097
2	18	2	2	104	1	6	2	14	4	1	5	1	0.82980163	14	11936.326	11936.526	11936.526	11936.726	11937.356
2	18	2	2	105	1	6	2	15	3	2	4	1	1.1915726	15	11938.538	11939.138	11939.138	11939.338	11940.33
2	18	2	2	106	1	6	2	16	3	1	4	1	0.56708405	16	11941.148	11941.348	11941.348	11941.548	11941.915
2	18	2	2	107	1	6	2	17	2	1	3	1	1.0007446	17	11943.36	11943.56	11943.56	11943.76	11944.561
2	18	2	2	108	1	6	2	18	6	2	7	1	0.84831861	18	11945.573	11946.173	11946.173	11946.373	11947.021
2	18	2	2	109	1	6	2	19	5	2	5	0	1.2817486	18	11948.185	11948.785	11948.785	11948.985	11950.067
2	18	2	2	110	1	6	2	20	1	2	2	1	0.74926679	19	11951.102	11951.702	11951.702	11951.902	11952.452
2	18	2	2	111	1	6	2	21	5	1	6	1	1.5305706	20	11953.714	11953.914	11953.914	11954.114	11955.445
2	18	2	2	112	1	6	2	22	5	1	6	1	0.5565915	21	11955.926	11956.126	11956.126	11956.326	11956.683
2	18	2	2	113	1	6	2	23	5	1	6	1	0.56193827	22	11958.138	11958.338	11958.338	11958.538	11958.9
2	18	2	2	114	1	6	2	24	2	2	3	1	0.88669331	23	11960.35	11960.95	11960.95	11961.15	11961.837
2	18	2	2	115	1	6	2	25	2	2	3	1	0.8266064	24	11962.96	11963.56	11963.56	11963.76	11964.387
2	18	2	2	116	1	6	2	26	2	2	3	1	0.5281707	25	11965.573	11966.173	11966.173	11966.373	11966.701
2	18	2	2	117	1	6	2	27	6	1	7	1	0.76765131	26	11968.186	11968.386	11968.386	11968.586	11969.153
2	18	2	2	118	1	6	2	28	1	1	2	1	0.73201894	27	11970.398	11970.598	11970.598	11970.798	11971.33
2	18	2	2	119	1	6	2	29	6	1	7	1	0.87199202	28	11972.611	11972.811	11972.811	11973.011	11973.683
2	18	2	2	120	1	6	2	30	4	2	5	1	0.85799998	29	11974.823	11975.423	11975.423	11975.623	11976.281
2	18	2	2	121	1	2	3	1	6	1	8	1	0.72914864	1	11986.466	11986.666	11986.666	11986.866	11987.395
2	18	2	2	122	1	2	3	2	3	1	1	1	0.58177444	2	11988.678	11988.878	11988.878	11989.078	11989.46
2	18	2	2	123	1	2	3	3	6	1	8	1	0.51388795	3	11990.891	11991.091	11991.091	11991.291	11991.605
2	18	2	2	124	1	2	3	4	3	2	1	1	0.76365521	4	11993.101	11993.701	11993.701	11993.901	11994.465
2	18	2	2	125	1	2	3	5	6	2	8	1	0.55927534	5	11995.714	11996.314	11996.314	11996.514	11996.874
2	18	2	2	126	1	2	3	6	1	2	1	1	0.73934313	6	11998.327	11998.927	11998.927	11999.127	11999.667
2	18	2	2	127	1	2	3	7	1	2	1	1	0.62452714	7	12000.94	12001.54	12001.54	12001.74	12002.165
2	18	2	2	128	1	2	3	8	5	1	8	1	0.74418277	8	12003.553	12003.753	12003.753	12003.953	12004.497
2	18	2	2	129	1	2	3	9	2	2	1	1	0.60337715	9	12005.766	12006.366	12006.366	12006.566	12006.97
2	18	2	2	130	1	2	3	10	2	2	1	1	0.72163468	10	12008.379	12008.979	12008.979	12009.179	12009.701
2	18	2	2	131	1	2	3	11	6	1	8	1	0.66023423	11	12010.99	12011.19	12011.19	12011.39	12011.85
2	18	2	2	132	1	2	3	12	3	2	1	1	0.76203984	12	12013.203	12013.803	12013.803	12014.003	12014.565
2	18	2	2	133	1	2	3	13	3	1	1	1	0.5406879	13	12015.814	12016.014	12016.014	12016.214	12016.554
2	18	2	2	134	1	2	3	14	6	1	8	1	0.48960159	14	12018.027	12018.227	12018.227	12018.427	12018.717
2	18	2	2	135	1	2	3	15	5	2	8	1	0.57941187	15	12020.239	12020.839	12020.839	12021.039	12021.418
2	18	2	2	136	1	2	3	16	2	1	1	1	0.60052242	16	12022.85	12023.05	12023.05	12023.25	12023.651
2	18	2	2	137	1	2	3	17	5	1	8	1	0.77255834	17	12025.062	12025.262	12025.262	12025.462	12026.034
2	18	2	2	138	1	2	3	18	4	2	8	1	0.51810806	18	12027.275	12027.875	12027.875	12028.075	12028.393
2	18	2	2	139	1	2	3	19	2	2	1	1	0.41223816	19	12029.889	12030.489	12030.489	12030.689	12030.901
2	18	2	2	140	1	2	3	20	4	2	8	1	0.41864828	20	12032.503	12033.103	12033.103	12033.303	12033.521
2	18	2	2	141	1	2	3	21	1	1	1	1	0.75799705	21	12035.118	12035.318	12035.318	12035.518	12036.076
2	18	2	2	142	1	2	3	22	1	1	1	1	0.75396147	22	12037.331	12037.531	12037.531	12037.731	12038.285
2	18	2	2	143	1	2	3	23	5	1	8	1	0.44967036	23	12039.545	12039.745	12039.745	12039.945	12040.195
2	18	2	2	144	1	2	3	24	3	2	1	1	0.57055439	24	12041.759	12042.359	12042.359	12042.559	12042.929
2	18	2	2	145	1	2	3	25	5	2	8	1	0.65841073	25	12044.372	12044.972	12044.972	12045.172	12045.631
2	18	2	2	146	1	2	3	26	4	2	8	1	0.68859535	26	12046.986	12047.586	12047.586	12047.786	12048.275
2	18	2	2	147	1	2	3	27	2	1	1	1	0.79102203	27	12049.597	12049.797	12049.797	12049.997	12050.588
2	18	2	2	148	1	2	3	28	1	1	1	1	0.59440064	28	12051.808	12052.008	12052.008	12052.208	12052.602
2	18	2	2	149	1	2	3	29	4	1	8	1	0.42253498	29	12054.022	12054.222	12054.222	12054.422	12054.644
2	18	2	2	150	1	2	3	30	4	2	8	1	0.74295871	30	12056.235	12056.835	12056.835	12057.035	12057.578
2	18	2	2	151	1	6	3	1	6	1	7	1	0.74649416	1	12067.512	12067.712	12067.712	12067.912	12068.459
2	18	2	2	152	1	6	3	2	3	1	4	1	0.95038852	2	12069.727	12069.927	12069.927	12070.127	12070.877
2	18	2	2	153	1	6	3	3	5	1	6	1	0.97387383	3	12071.941	12072.141	12072.141	12072.341	12073.114
2	18	2	2	154	1	6	3	4	1	2	2	1	0.70575581	4	12074.155	12074.755	12074.755	12074.955	12075.46
2	18	2	2	155	1	6	3	5	1	2	2	1	0.64137129	5	12076.769	12077.369	12077.369	12077.569	12078.011
2	18	2	2	156	1	6	3	6	2	2	3	1	1.2843289	6	12079.384	12079.984	12079.984	12080.184	12081.268
2	18	2	2	157	1	6	3	7	3	2	4	1	0.68596359	7	12081.999	12082.599	12082.599	12082.799	12083.284
2	18	2	2	158	1	6	3	8	4	1	5	1	0.78948049	8	12084.613	12084.813	12084.813	12085.013	12085.602
2	18	2	2	159	1	6	3	9	3	2	4	1	0.78192448	9	12086.827	12087.427	12087.427	12087.627	12088.209
2	18	2	2	160	1	6	3	10	2	2	3	1	1.0831627	10	12089.442	12090.042	12090.042	12090.242	12091.125
2	18	2	2	161	1	6	3	11	6	1	7	1	0.88551651	11	12092.053	12092.253	12092.253	12092.453	12093.139
2	18	2	2	162	1	6	3	12	5	2	6	1	0.69410072	12	12094.267	12094.867	12094.867	12095.067	12095.562
2	18	2	2	163	1	6	3	13	4	1	5	1	0.53010708	13	12096.882	12097.082	12097.082	12097.282	12097.612
2	18	2	2	164	1	6	3	14	5	1	6	1	0.78952497	14	12099.094	12099.294	12099.294	12099.494	12100.083
2	18	2	2	165	1	6	3	15	1	2	2	1	0.82899556	15	12101.308	12101.908	12101.908	12102.108	12102.737
2	18	2	2	166	1	6	3	16	6	1	7	1	2.0008222	16	12103.922	12104.122	12104.122	12104.322	12106.123
2	18	2	2	167	1	6	3	17	4	1	5	1	0.76924786	17	12106.138	12106.338	12106.338	12106.538	12107.107
2	18	2	2	168	1	6	3	18	2	2	3	1	0.9645517	18	12108.352	12108.952	12108.952	12109.152	12109.917
2	18	2	2	169	1	6	3	19	1	2	2	1	0.6520547	19	12110.967	12111.567	12111.567	12111.767	12112.219
2	18	2	2	170	1	6	3	20	3	2	4	1	0.78290333	20	12113.581	12114.181	12114.181	12114.381	12114.964
2	18	2	2	171	1	6	3	21	5	1	6	1	0.83904858	21	12116.198	12116.398	12116.398	12116.598	12117.237
2	18	2	2	172	1	6	3	22	5	1	6	1	1.6778443	22	12118.413	12118.613	12118.613	12118.813	12120.29
2	18	2	2	173	1	6	3	23	1	1	4	1	1.1996564	23	12120.628	12120.828	12120.828	12121.028	12122.028
2	18	2	2	174	1	6	3	24	3	2	4	1	1.6877636	24	12122.843	12123.443	12123.443	12123.643	12125.131
2	18	2	2	175	1	6	3	25	4	2	5	1	0.69672769	25	12125.459	12126.059	12126.059	12126.259	12126.756
2	18	2	2	176	1	6	3	26	4	2	5	1	0.86491199	26	12128.076	12128.676	12128.676	12128.876	12129.541
2	18	2	2	177	1	6	3	27	6	1	7	1	0.80759026	27	12130.692	12130.892	12130.892	12131.092	12131.7
2	18	2	2	178	1	6	3	28	2	1	3	1	0.88646634	28	12132.907	12133.107	12133.107	12133.307	12133.994
2	18	2	2	179	1	6	3	29	2	1	3	1	1.0463004	29	12135.123	12135.323	12135.323	12135.523	12136.369
2	18	2	2	180	1	6	3	30	6	2	7	1	0.74217944	30	12137.339	12137.939	12137.939	12138.139	12138.681
2	18	2	2	181	2	2	4	1	3	1	1	1	0.74343595	1	12497.22	12497.42	12497.42	12497.62	12498.163
2	18	2	2	182	2	2	4	2	2	1	1	1	0.6298792	2	12499.436	12499.636	12499.636	12499.836	12500.265
2	18	2	2	183	2	2	4	3	1	1	1	1	0.50233019	3	12501.651	12501.851	12501.851	12502.051	12502.353
2	18	2	2	184	2	2	4	4	6	2	8	1	0.5119124	4	12503.866	12504.466	12504.466	12504.666	12504.978
2	18	2	2	185	2	2	4	5	6	2	8	1	0.52410952	5	12506.479	12507.079	12507.079	12507.279	12507.603
2	18	2	2	186	2	2	4	6	1	2	1	1	0.74764657	6	12509.094	12509.694	12509.694	12509.894	12510.442
2	18	2	2	187	2	2	4	7	4	2	8	1	0.51641353	7	12511.709	12512.309	12512.309	12512.509	12512.826
2	18	2	2	188	2	2	4	8	2	1	1	1	0.86154207	8	12514.325	12514.525	12514.525	12514.725	12515.386
2	18	2	2	189	2	2	4	9	4	2	8	1	0.63630718	9	12516.541	12517.141	12517.141	12517.341	12517.777
2	18	2	2	190	2	2	4	10	1	2	1	1	0.46236076	10	12519.157	12519.757	12519.757	12519.957	12520.219
2	18	2	2	191	2	2	4	11	5	1	8	1	0.69588126	11	12521.773	12521.973	12521.973	12522.173	12522.669
2	18	2	2	192	2	2	4	12	4	2	8	1	0.65505706	12	12523.989	12524.589	12524.589	12524.789	12525.244
2	18	2	2	193	2	2	4	13	6	1	8	1	0.55194545	13	12526.601	12526.801	12526.801	12527.001	12527.353
2	18	2	2	194	2	2	4	14	5	1	8	1	0.50223618	14	12528.815	12529.015	12529.015	12529.215	12529.517
2	18	2	2	195	2	2	4	15	4	2	8	1	0.48318463	15	12531.031	12531.631	12531.631	12531.831	12532.114
2	18	2	2	196	2	2	4	16	5	1	8	1	0.52871896	16	12533.644	12533.844	12533.844	12534.044	12534.373
2	18	2	2	197	2	2	4	17	2	1	1	1	0.65385097	17	12535.86	12536.06	12536.06	12536.26	12536.714
2	18	2	2	198	2	2	4	18	5	2	8	1	0.69292317	18	12538.077	12538.677	12538.677	12538.877	12539.37
2	18	2	2	199	2	2	4	19	3	2	1	1	0.64869834	19	12540.692	12541.292	12541.292	12541.492	12541.941
2	18	2	2	200	2	2	4	20	3	2	1	1	0.7233407	20	12543.306	12543.906	12543.906	12544.106	12544.629
2	18	2	2	201	2	2	4	21	1	1	1	1	0.75101959	21	12545.922	12546.122	12546.122	12546.322	12546.873
2	18	2	2	202	2	2	4	22	1	1	1	1	0.62696689	22	12548.138	12548.338	12548.338	12548.538	12548.965
2	18	2	2	203	2	2	4	23	5	1	8	1	0.52788346	23	12550.355	12550.555	12550.555	12550.755	12551.083
2	18	2	2	204	2	2	4	24	2	2	1	1	0.57479213	24	12552.571	12553.171	12553.171	12553.371	12553.746
2	18	2	2	205	2	2	4	25	6	2	8	1	0.86462295	25	12555.187	12555.787	12555.787	12555.987	12556.652
2	18	2	2	206	2	2	4	26	4	2	8	1	0.5404211	26	12557.801	12558.401	12558.401	12558.601	12558.941
2	18	2	2	207	2	2	4	27	2	1	1	1	0.73013322	27	12560.417	12560.617	12560.617	12560.818	12561.348
2	18	2	2	208	2	2	4	28	3	1	1	1	0.92683609	28	12562.634	12562.834	12562.834	12563.034	12563.761
2	18	2	2	209	2	2	4	29	3	1	1	1	0.66837503	29	12564.848	12565.048	12565.048	12565.248	12565.716
2	18	2	2	210	2	2	4	30	6	2	8	1	0.52313024	30	12567.064	12567.664	12567.664	12567.864	12568.187
2	18	2	2	211	2	6	4	1	6	1	7	1	0.75717173	1	12597.757	12597.957	12597.957	12598.157	12598.715
2	18	2	2	212	2	6	4	2	2	1	3	1	0.94633216	2	12599.975	12600.175	12600.175	12600.375	12601.121
2	18	2	2	213	2	6	4	3	2	1	3	1	0.66721081	3	12602.192	12602.392	12602.392	12602.592	12603.059
2	18	2	2	214	2	6	4	4	1	2	2	1	0.70071103	4	12604.409	12605.009	12605.009	12605.209	12605.709
2	18	2	2	215	2	6	4	5	4	2	5	1	0.77385263	5	12607.023	12607.623	12607.623	12607.823	12608.397
2	18	2	2	216	2	6	4	6	3	2	4	1	1.1950967	6	12609.641	12610.241	12610.241	12610.441	12611.436
2	18	2	2	217	2	6	4	7	5	2	6	1	1.810701	7	12612.258	12612.858	12612.858	12613.058	12614.669
2	18	2	2	218	2	6	4	8	6	1	7	1	0.85256484	8	12614.872	12615.072	12615.072	12615.272	12615.925
2	18	2	2	219	2	6	4	9	4	2	5	1	0.74732618	9	12617.089	12617.689	12617.689	12617.889	12618.437
2	18	2	2	220	2	6	4	10	5	2	6	1	0.73536134	10	12619.707	12620.307	12620.307	12620.507	12621.042
2	18	2	2	221	2	6	4	11	4	1	5	1	0.60540498	11	12622.324	12622.524	12622.524	12622.724	12623.13
2	18	2	2	222	2	6	4	12	3	2	4	1	0.93439007	12	12624.542	12625.142	12625.142	12625.342	12626.076
2	18	2	2	223	2	6	4	13	4	1	5	1	0.83932393	13	12627.156	12627.356	12627.356	12627.556	12628.196
2	18	2	2	224	2	6	4	14	5	1	6	1	0.62400444	14	12629.373	12629.573	12629.573	12629.773	12630.197
2	18	2	2	225	2	6	4	15	3	2	4	1	1.2777485	15	12631.59	12632.19	12632.19	12632.39	12633.468
2	18	2	2	226	2	6	4	16	1	1	2	1	0.82867475	16	12634.208	12634.408	12634.408	12634.608	12635.236
2	18	2	2	227	2	6	4	17	2	1	3	1	0.75331159	17	12636.426	12636.626	12636.626	12636.826	12637.379
2	18	2	2	228	2	6	4	18	6	2	7	1	1.0383791	18	12638.643	12639.243	12639.243	12639.443	12640.282
2	18	2	2	229	2	6	4	19	2	2	3	1	0.86065082	19	12641.262	12641.862	12641.862	12642.062	12642.722
2	18	2	2	230	2	6	4	20	4	2	5	1	0.68553538	20	12643.88	12644.48	12644.48	12644.68	12645.165
2	18	2	2	231	2	6	4	21	5	1	6	1	1.265189	21	12646.498	12646.698	12646.698	12646.898	12647.963
2	18	2	2	232	2	6	4	22	6	1	7	1	0.79002458	22	12648.717	12648.917	12648.917	12649.117	12649.707
2	18	2	2	233	2	6	4	23	2	1	3	1	1.8834401	23	12650.935	12651.135	12651.135	12651.335	12653.018
2	18	2	2	234	2	6	4	24	6	2	7	1	0.70502251	24	12653.153	12653.753	12653.753	12653.953	12654.458
2	18	2	2	235	2	6	4	25	5	2	6	1	0.6714088	25	12655.771	12656.371	12656.371	12656.571	12657.042
2	18	2	2	236	2	6	4	26	1	2	2	1	0.76610279	26	12658.389	12658.989	12658.989	12659.189	12659.755
2	18	2	2	237	2	6	4	27	1	1	2	1	0.73962535	27	12661.007	12661.207	12661.207	12661.407	12661.947
2	18	2	2	238	2	6	4	28	3	1	4	1	1.0675094	28	12663.223	12663.423	12663.423	12663.623	12664.49
2	18	2	2	239	2	6	4	29	3	1	4	1	1.0428484	29	12665.442	12665.642	12665.642	12665.842	12666.685
2	18	2	2	240	2	6	4	30	1	2	2	1	0.74981579	30	12667.661	12668.261	12668.261	12668.461	12669.011
2	18	2	2	241	2	2	5	1	6	1	8	1	0.71282207	1	12698.347	12698.547	12698.547	12698.747	12699.26
2	18	2	2	242	2	2	5	2	4	1	8	1	0.62095436	2	12700.566	12700.766	12700.766	12700.966	12701.387
2	18	2	2	243	2	2	5	3	4	1	8	1	0.52918747	3	12702.784	12702.984	12702.984	12703.184	12703.513
2	18	2	2	244	2	2	5	4	6	2	8	1	0.52853949	4	12705.003	12705.603	12705.603	12705.803	12706.131
2	18	2	2	245	2	2	5	5	6	2	8	1	0.50058015	5	12707.62	12708.22	12708.22	12708.42	12708.721
2	18	2	2	246	2	2	5	6	3	2	1	1	0.60773703	6	12710.236	12710.836	12710.836	12711.036	12711.444
2	18	2	2	247	2	2	5	7	5	2	8	1	0.66787686	7	12712.855	12713.455	12713.455	12713.655	12714.123
2	18	2	2	248	2	2	5	8	6	1	8	1	0.68933728	8	12715.476	12715.676	12715.676	12715.876	12716.365
2	18	2	2	249	2	2	5	9	4	2	8	1	0.56353513	9	12717.694	12718.294	12718.294	12718.494	12718.858
2	18	2	2	250	2	2	5	10	1	2	1	1	0.58595177	10	12720.313	12720.913	12720.913	12721.113	12721.499
2	18	2	2	251	2	2	5	11	3	1	1	1	0.84143934	11	12722.931	12723.131	12723.131	12723.331	12723.972
2	18	2	2	252	2	2	5	12	1	2	1	1	0.56362969	12	12725.15	12725.75	12725.75	12725.95	12726.314
2	18	2	2	253	2	2	5	13	5	1	8	1	0.62059804	13	12727.768	12727.968	12727.968	12728.168	12728.589
2	18	2	2	254	2	2	5	14	4	1	8	1	0.7503322	14	12729.987	12730.187	12730.187	12730.387	12730.938
2	18	2	2	255	2	2	5	15	4	2	8	1	0.53843659	15	12732.208	12732.808	12732.808	12733.008	12733.346
2	18	2	2	256	2	2	5	16	3	1	1	1	0.75210752	16	12734.826	12735.026	12735.026	12735.226	12735.778
2	18	2	2	257	2	2	5	17	5	1	8	1	0.54828106	17	12737.045	12737.245	12737.245	12737.445	12737.793
2	18	2	2	258	2	2	5	18	5	2	8	1	0.64884617	18	12739.265	12739.865	12739.865	12740.065	12740.514
2	18	2	2	259	2	2	5	19	1	2	1	1	0.70427453	19	12741.884	12742.484	12742.484	12742.684	12743.188
2	18	2	2	260	2	2	5	20	2	2	1	1	0.7472376	20	12744.503	12745.103	12745.103	12745.303	12745.851
2	18	2	2	261	2	2	5	21	2	1	1	1	0.71509449	21	12747.12	12747.32	12747.32	12747.52	12748.035
2	18	2	2	262	2	2	5	22	2	1	1	1	0.64402459	22	12749.336	12749.536	12749.536	12749.736	12750.18
2	18	2	2	263	2	2	5	23	2	1	1	1	0.55533657	23	12751.553	12751.753	12751.753	12751.953	12752.308
2	18	2	2	264	2	2	5	24	5	2	8	1	0.58372182	24	12753.773	12754.373	12754.373	12754.573	12754.956
2	18	2	2	265	2	2	5	25	1	2	1	1	0.67423361	25	12756.392	12756.992	12756.992	12757.192	12757.666
2	18	2	2	266	2	2	5	26	2	2	1	1	0.56096048	26	12759.011	12759.611	12759.611	12759.811	12760.172
2	18	2	2	267	2	2	5	27	3	1	1	1	0.62247656	27	12761.63	12761.83	12761.83	12762.03	12762.453
2	18	2	2	268	2	2	5	28	3	1	1	1	0.57058966	28	12763.85	12764.05	12764.05	12764.25	12764.621
2	18	2	2	269	2	2	5	29	6	1	8	1	0.44531415	29	12766.07	12766.27	12766.27	12766.47	12766.715
2	18	2	2	270	2	2	5	30	1	2	1	1	0.63218472	30	12768.289	12768.889	12768.889	12769.089	12769.522
2	18	2	2	271	2	6	5	1	5	1	7	1	1.3123481	1	12798.986	12799.186	12799.186	12799.386	12800.499
2	18	2	2	272	2	6	5	2	1	1	0	0	-12801.406	1	12801.206	12801.406	12801.406	12801.606	0
2	18	2	2	273	2	6	5	3	1	1	2	1	0.8009858	2	12803.427	12803.627	12803.627	12803.827	12804.428
2	18	2	2	274	2	6	5	4	6	2	8	0	0.73585447	2	12805.643	12806.243	12806.243	12806.443	12806.979
2	18	2	2	275	2	6	5	5	3	2	4	1	1.2237208	3	12808.263	12808.863	12808.863	12809.063	12810.086
2	18	2	2	276	2	6	5	6	4	2	5	1	1.1300025	4	12810.883	12811.483	12811.483	12811.683	12812.613
2	18	2	2	277	2	6	5	7	2	2	3	1	0.96501104	5	12813.503	12814.103	12814.103	12814.303	12815.068
2	18	2	2	278	2	6	5	8	5	1	6	1	0.73688785	6	12816.123	12816.323	12816.323	12816.523	12817.06
2	18	2	2	279	2	6	5	9	1	2	2	1	0.73182668	7	12818.343	12818.943	12818.943	12819.143	12819.675
2	18	2	2	280	2	6	5	10	6	2	7	1	0.87055779	8	12820.962	12821.562	12821.562	12821.762	12822.433
2	18	2	2	281	2	6	5	11	4	1	5	1	0.83885766	9	12823.582	12823.782	12823.782	12823.982	12824.621
2	18	2	2	282	2	6	5	12	5	2	6	1	0.46331457	10	12825.803	12826.403	12826.403	12826.603	12826.866
2	18	2	2	283	2	6	5	13	2	1	3	1	0.85558548	11	12828.421	12828.621	12828.621	12828.821	12829.477
2	18	2	2	284	2	6	5	14	4	1	5	1	1.0240875	12	12830.639	12830.839	12830.839	12831.039	12831.863
2	18	2	2	285	2	6	5	15	5	2	6	1	0.64838293	13	12832.859	12833.459	12833.459	12833.659	12834.107
2	18	2	2	286	2	6	5	16	2	1	3	1	0.73351695	14	12835.479	12835.679	12835.679	12835.879	12836.412
2	18	2	2	287	2	6	5	17	3	1	4	1	0.73503564	15	12837.7	12837.9	12837.9	12838.1	12838.635
2	18	2	2	288	2	6	5	18	3	2	4	1	1.0828757	16	12839.918	12840.518	12840.518	12840.718	12841.6
2	18	2	2	289	2	6	5	19	2	2	3	1	1.9375403	17	12842.535	12843.135	12843.135	12843.335	12845.073
2	18	2	2	290	2	6	5	20	5	2	6	1	0.8016277	18	12845.154	12845.754	12845.754	12845.954	12846.556
2	18	2	2	291	2	6	5	21	2	1	3	1	0.78170527	19	12847.775	12847.975	12847.975	12848.175	12848.757
2	18	2	2	292	2	6	5	22	6	1	7	1	0.84116396	20	12849.996	12850.196	12850.196	12850.396	12851.037
2	18	2	2	293	2	6	5	23	1	1	2	1	0.76891513	21	12852.217	12852.417	12852.417	12852.617	12853.185
2	18	2	2	294	2	6	5	24	6	2	7	1	1.1114463	22	12854.438	12855.038	12855.038	12855.238	12856.149
2	18	2	2	295	2	6	5	25	3	2	4	1	0.76244575	23	12857.058	12857.658	12857.658	12857.858	12858.42
2	18	2	2	296	2	6	5	26	3	2	4	1	0.66921845	24	12859.678	12860.278	12860.278	12860.478	12860.948
2	18	2	2	297	2	6	5	27	1	1	2	1	0.66470067	25	12862.299	12862.499	12862.499	12862.699	12863.164
2	18	2	2	298	2	6	5	28	6	1	7	1	0.70598604	26	12864.523	12864.723	12864.723	12864.923	12865.429
2	18	2	2	299	2	6	5	29	4	1	5	1	0.78693536	27	12866.744	12866.944	12866.944	12867.144	12867.731
2	18	2	2	300	2	6	5	30	4	2	5	1	0.6453178	28	12868.965	12869.565	12869.565	12869.765	12870.21
2	18	2	2	301	2	2	6	1	3	1	1	1	0.75691187	1	12899.655	12899.855	12899.855	12900.055	12900.612
2	18	2	2	302	2	2	6	2	4	1	8	1	0.59157767	2	12901.876	12902.076	12902.076	12902.276	12902.668
2	18	2	2	303	2	2	6	3	3	1	1	1	0.60011503	3	12904.098	12904.298	12904.298	12904.498	12904.898
2	18	2	2	304	2	2	6	4	5	2	8	1	0.84562636	4	12906.319	12906.919	12906.919	12907.119	12907.765
2	18	2	2	305	2	2	6	5	4	2	8	1	1.2003188	5	12908.94	12909.54	12909.54	12909.74	12910.741
2	18	2	2	306	2	2	6	6	1	2	1	1	0.47259512	6	12911.561	12912.161	12912.161	12912.361	12912.634
2	18	2	2	307	2	2	6	7	5	2	8	1	0.7256728	7	12914.182	12914.782	12914.782	12914.982	12915.508
2	18	2	2	308	2	2	6	8	6	1	8	1	0.76825074	8	12916.804	12917.004	12917.004	12917.204	12917.772
2	18	2	2	309	2	2	6	9	3	2	1	1	1.3484821	9	12919.024	12919.624	12919.624	12919.824	12920.973
2	18	2	2	310	2	2	6	10	6	2	8	1	0.65242353	10	12921.645	12922.245	12922.245	12922.445	12922.898
2	18	2	2	311	2	2	6	11	3	1	1	1	0.91015056	11	12924.267	12924.467	12924.467	12924.667	12925.377
2	18	2	2	312	2	2	6	12	2	2	1	1	0.60531709	12	12926.488	12927.088	12927.088	12927.288	12927.693
2	18	2	2	313	2	2	6	13	3	1	1	1	0.75083114	13	12929.107	12929.307	12929.307	12929.507	12930.057
2	18	2	2	314	2	2	6	14	1	1	1	1	0.61157668	14	12931.328	12931.528	12931.528	12931.728	12932.14
2	18	2	2	315	2	2	6	15	6	2	8	1	0.49353605	15	12933.549	12934.149	12934.149	12934.349	12934.642
2	18	2	2	316	2	2	6	16	2	1	1	1	0.77067813	16	12936.17	12936.37	12936.37	12936.57	12937.141
2	18	2	2	317	2	2	6	17	6	1	8	1	0.75628687	17	12938.391	12938.591	12938.591	12938.791	12939.348
2	18	2	2	318	2	2	6	18	1	2	1	1	0.70977873	18	12940.613	12941.213	12941.213	12941.413	12941.922
2	18	2	2	319	2	2	6	19	4	2	8	1	0.65816435	19	12943.234	12943.834	12943.834	12944.034	12944.493
2	18	2	2	320	2	2	6	20	2	2	1	1	0.64998648	20	12945.857	12946.457	12946.457	12946.657	12947.107
2	18	2	2	321	2	2	6	21	2	1	1	1	0.90846578	21	12948.479	12948.679	12948.679	12948.879	12949.587
2	18	2	2	322	2	2	6	22	5	1	8	1	0.72054019	22	12950.701	12950.901	12950.901	12951.101	12951.621
2	18	2	2	323	2	2	6	23	1	1	1	1	0.79543753	23	12952.92	12953.12	12953.12	12953.32	12953.915
2	18	2	2	324	2	2	6	24	5	2	8	1	0.75235304	24	12955.139	12955.739	12955.739	12955.939	12956.491
2	18	2	2	325	2	2	6	25	2	2	1	1	0.75241541	25	12957.761	12958.361	12958.361	12958.561	12959.114
2	18	2	2	326	2	2	6	26	4	2	8	1	0.71610129	26	12960.384	12960.984	12960.984	12961.184	12961.7
2	18	2	2	327	2	2	6	27	1	1	1	1	0.71990847	27	12963.005	12963.205	12963.205	12963.405	12963.925
2	18	2	2	328	2	2	6	28	6	1	8	1	0.67945708	28	12965.228	12965.428	12965.428	12965.628	12966.107
2	18	2	2	329	2	2	6	29	5	1	8	1	0.70763595	29	12967.45	12967.65	12967.65	12967.85	12968.357
2	18	2	2	330	2	2	6	30	4	2	8	1	0.61233923	30	12969.672	12970.272	12970.272	12970.472	12970.884
2	18	2	2	331	2	6	6	1	5	1	6	1	0.93300561	1	13000.364	13000.564	13000.564	13000.764	13001.497
2	18	2	2	332	2	6	6	2	3	1	4	1	0.71998913	2	13002.586	13002.786	13002.786	13002.986	13003.506
2	18	2	2	333	2	6	6	3	6	1	7	1	0.74064873	3	13004.809	13005.009	13005.009	13005.209	13005.749
2	18	2	2	334	2	6	6	4	4	2	5	1	0.71460022	4	13007.031	13007.631	13007.631	13007.831	13008.345
2	18	2	2	335	2	6	6	5	5	2	6	1	0.86744949	5	13009.653	13010.253	13010.253	13010.453	13011.12
2	18	2	2	336	2	6	6	6	1	2	2	1	0.85618708	6	13012.275	13012.875	13012.875	13013.075	13013.731
2	18	2	2	337	2	6	6	7	1	2	2	1	0.65522531	7	13014.897	13015.497	13015.497	13015.697	13016.152
2	18	2	2	338	2	6	6	8	2	1	3	1	0.71977945	8	13017.516	13017.716	13017.716	13017.916	13018.435
2	18	2	2	339	2	6	6	9	6	2	7	1	0.6751635	9	13019.738	13020.338	13020.338	13020.538	13021.014
2	18	2	2	340	2	6	6	10	4	2	5	1	0.63572215	10	13022.361	13022.961	13022.961	13023.161	13023.597
2	18	2	2	341	2	6	6	11	5	1	6	1	0.6136235	11	13024.988	13025.188	13025.188	13025.388	13025.801
2	18	2	2	342	2	6	6	12	2	2	3	1	0.75371765	12	13027.211	13027.811	13027.811	13028.011	13028.565
2	18	2	2	343	2	6	6	13	1	1	2	1	0.7546813	13	13029.834	13030.034	13030.034	13030.234	13030.788
2	18	2	2	344	2	6	6	14	3	1	4	1	0.76961953	14	13032.056	13032.256	13032.256	13032.456	13033.026
2	18	2	2	345	2	6	6	15	6	2	7	1	0.96235588	15	13034.28	13034.88	13034.88	13035.08	13035.842
2	18	2	2	346	2	6	6	16	6	1	7	1	0.81034396	16	13036.903	13037.103	13037.103	13037.303	13037.913
2	18	2	2	347	2	6	6	17	4	1	5	1	0.77254767	17	13039.126	13039.326	13039.326	13039.526	13040.098
2	18	2	2	348	2	6	6	18	4	2	5	1	0.65506822	18	13041.348	13041.948	13041.948	13042.148	13042.603
2	18	2	2	349	2	6	6	19	3	2	4	1	1.0247863	19	13043.971	13044.571	13044.571	13044.771	13045.596
2	18	2	2	350	2	6	6	20	5	2	6	1	0.60986069	20	13046.594	13047.194	13047.195	13047.395	13047.804
2	18	2	2	351	2	6	6	21	4	1	6	0	0.72239508	20	13049.218	13049.418	13049.418	13049.618	13050.14
2	18	2	2	352	2	6	6	22	1	1	2	1	0.90327365	21	13051.442	13051.642	13051.642	13051.842	13052.545
2	18	2	2	353	2	6	6	23	5	1	6	1	0.76919793	22	13053.666	13053.866	13053.866	13054.066	13054.635
2	18	2	2	354	2	6	6	24	2	2	3	1	0.68856911	23	13055.889	13056.489	13056.489	13056.689	13057.177
2	18	2	2	355	2	6	6	25	6	2	7	1	0.70910198	24	13058.512	13059.112	13059.112	13059.312	13059.822
2	18	2	2	356	2	6	6	26	2	2	3	1	0.72628527	25	13061.133	13061.733	13061.733	13061.933	13062.459
2	18	2	2	357	2	6	6	27	3	1	4	1	0.83955608	26	13063.756	13063.956	13063.956	13064.156	13064.795
2	18	2	2	358	2	6	6	28	3	1	4	1	0.89443497	27	13065.978	13066.178	13066.178	13066.378	13067.073
2	18	2	2	359	2	6	6	29	1	1	2	1	0.67652335	28	13068.2	13068.4	13068.4	13068.6	13069.077
2	18	2	2	360	2	6	6	30	2	2	3	1	0.75394113	29	13070.424	13071.024	13071.024	13071.224	13071.778
2	18	2	2	361	3	2	7	1	1	1	1	1	0.65747839	1	14093.593	14093.793	14093.793	14093.993	14094.451
2	18	2	2	362	3	2	7	2	6	1	8	1	0.4828993	2	14095.818	14096.018	14096.018	14096.218	14096.501
2	18	2	2	363	3	2	7	3	4	1	8	1	0.51121253	3	14098.039	14098.239	14098.239	14098.439	14098.751
2	18	2	2	364	3	2	7	4	3	2	1	1	0.52986573	4	14100.264	14100.864	14100.864	14101.064	14101.394
2	18	2	2	365	3	2	7	5	2	2	1	1	0.57152581	5	14102.888	14103.488	14103.488	14103.688	14104.06
2	18	2	2	366	3	2	7	6	4	2	8	1	0.55567003	6	14105.512	14106.112	14106.112	14106.312	14106.668
2	18	2	2	367	3	2	7	7	5	2	8	1	0.74822212	7	14108.136	14108.736	14108.736	14108.936	14109.485
2	18	2	2	368	3	2	7	8	2	1	1	1	0.49159683	8	14110.76	14110.96	14110.96	14111.16	14111.452
2	18	2	2	369	3	2	7	9	4	2	8	1	0.47878914	9	14112.985	14113.585	14113.585	14113.785	14114.063
2	18	2	2	370	3	2	7	10	4	2	8	1	0.93884731	10	14115.608	14116.208	14116.208	14116.408	14117.147
2	18	2	2	371	3	2	7	11	3	1	1	1	0.52652728	11	14118.235	14118.435	14118.435	14118.635	14118.962
2	18	2	2	372	3	2	7	12	1	2	1	1	0.71136074	12	14120.459	14121.059	14121.059	14121.259	14121.771
2	18	2	2	373	3	2	7	13	5	1	8	1	0.42542572	13	14123.084	14123.284	14123.284	14123.484	14123.709
2	18	2	2	374	3	2	7	14	6	1	8	1	0.613748	14	14125.308	14125.508	14125.508	14125.708	14126.121
2	18	2	2	375	3	2	7	15	2	2	1	1	0.78339767	15	14127.532	14128.132	14128.132	14128.332	14128.915
2	18	2	2	376	3	2	7	16	5	1	8	1	0.78130131	16	14130.156	14130.356	14130.356	14130.556	14131.138
2	18	2	2	377	3	2	7	17	3	1	1	1	0.54534064	17	14132.38	14132.58	14132.58	14132.78	14133.126
2	18	2	2	378	3	2	7	18	6	2	8	1	1.4765701	18	14134.604	14135.204	14135.204	14135.404	14136.681
2	18	2	2	379	3	2	7	19	3	2	1	1	0.44639374	19	14137.229	14137.829	14137.829	14138.029	14138.275
2	18	2	2	380	3	2	7	20	3	2	1	1	0.70968609	20	14139.853	14140.453	14140.453	14140.653	14141.162
2	18	2	2	381	3	2	7	21	5	1	8	1	0.59576648	21	14142.477	14142.677	14142.677	14142.877	14143.273
2	18	2	2	382	3	2	7	22	1	1	1	1	0.75043402	22	14144.7	14144.9	14144.9	14145.1	14145.651
2	18	2	2	383	3	2	7	23	2	1	1	1	0.5763624	23	14146.924	14147.124	14147.124	14147.324	14147.7
2	18	2	2	384	3	2	7	24	1	2	1	1	0.66890321	24	14149.149	14149.749	14149.749	14149.949	14150.418
2	18	2	2	385	3	2	7	25	1	2	1	1	0.54345864	25	14151.774	14152.374	14152.374	14152.574	14152.917
2	18	2	2	386	3	2	7	26	2	2	1	1	0.73227315	26	14154.398	14154.998	14154.998	14155.198	14155.731
2	18	2	2	387	3	2	7	27	5	1	8	1	0.5305998	27	14157.023	14157.223	14157.223	14157.423	14157.754
2	18	2	2	388	3	2	7	28	6	1	8	1	0.60991847	28	14159.247	14159.447	14159.447	14159.647	14160.057
2	18	2	2	389	3	2	7	29	6	1	8	1	0.6678431	29	14161.472	14161.672	14161.672	14161.872	14162.34
2	18	2	2	390	3	2	7	30	4	2	8	1	0.6114631	30	14163.697	14164.297	14164.297	14164.497	14164.909
2	18	2	2	391	3	6	7	1	6	1	7	1	0.75580891	1	14194.393	14194.593	14194.593	14194.793	14195.349
2	18	2	2	392	3	6	7	2	4	1	5	1	1.2230549	2	14196.618	14196.818	14196.818	14197.018	14198.041
2	18	2	2	393	3	6	7	3	1	1	2	1	0.60780146	3	14198.842	14199.042	14199.042	14199.242	14199.65
2	18	2	2	394	3	6	7	4	3	2	4	1	0.74687477	4	14201.064	14201.664	14201.664	14201.864	14202.411
2	18	2	2	395	3	6	7	5	6	2	7	1	0.81771127	5	14203.689	14204.289	14204.289	14204.489	14205.107
2	18	2	2	396	3	6	7	6	1	2	2	1	0.64983036	6	14206.314	14206.914	14206.914	14207.114	14207.564
2	18	2	2	397	3	6	7	7	5	2	6	1	1.1932285	7	14208.939	14209.539	14209.539	14209.739	14210.732
2	18	2	2	398	3	6	7	8	5	1	6	1	0.54977141	8	14211.564	14211.764	14211.764	14211.964	14212.314
2	18	2	2	399	3	6	7	9	3	2	4	1	0.75517083	9	14213.79	14214.39	14214.39	14214.59	14215.145
2	18	2	2	400	3	6	7	10	4	2	5	1	0.77180066	10	14216.415	14217.015	14217.015	14217.215	14217.787
2	18	2	2	401	3	6	7	11	1	1	2	1	0.66284433	11	14219.037	14219.237	14219.237	14219.437	14219.9
2	18	2	2	402	3	6	7	12	4	2	5	1	0.73197913	12	14221.262	14221.862	14221.862	14222.062	14222.594
2	18	2	2	403	3	6	7	13	6	1	7	1	0.98652082	13	14223.887	14224.087	14224.087	14224.287	14225.074
2	18	2	2	404	3	6	7	14	6	1	7	1	0.86830434	14	14226.113	14226.313	14226.313	14226.513	14227.181
2	18	2	2	405	3	6	7	15	2	2	3	1	0.85693106	15	14228.338	14228.938	14228.938	14229.138	14229.795
2	18	2	2	406	3	6	7	16	5	1	6	1	0.76079549	16	14230.964	14231.164	14231.164	14231.364	14231.925
2	18	2	2	407	3	6	7	17	1	1	2	1	0.74991957	17	14233.189	14233.389	14233.389	14233.589	14234.139
2	18	2	2	408	3	6	7	18	5	2	6	1	0.92028926	18	14235.413	14236.013	14236.013	14236.213	14236.933
2	18	2	2	409	3	6	7	19	6	2	7	1	0.72474619	19	14238.039	14238.639	14238.639	14238.839	14239.364
2	18	2	2	410	3	6	7	20	4	2	5	1	0.7225293	20	14240.664	14241.264	14241.264	14241.464	14241.987
2	18	2	2	411	3	6	7	21	3	1	4	1	0.77561449	21	14243.29	14243.49	14243.49	14243.69	14244.265
2	18	2	2	412	3	6	7	22	2	1	3	1	0.8173941	22	14245.515	14245.715	14245.715	14245.915	14246.532
2	18	2	2	413	3	6	7	23	3	1	4	1	0.64774707	23	14247.74	14247.941	14247.941	14248.141	14248.588
2	18	2	2	414	3	6	7	24	5	2	6	1	0.70234189	24	14249.966	14250.566	14250.566	14250.766	14251.268
2	18	2	2	415	3	6	7	25	4	2	5	1	0.76513107	25	14252.591	14253.191	14253.191	14253.391	14253.956
2	18	2	2	416	3	6	7	26	2	2	3	1	0.632929	26	14255.217	14255.817	14255.817	14256.017	14256.45
2	18	2	2	417	3	6	7	27	2	1	3	1	0.7050949	27	14257.843	14258.043	14258.043	14258.243	14258.748
2	18	2	2	418	3	6	7	28	1	1	2	1	0.6893742	28	14260.072	14260.272	14260.272	14260.472	14260.961
2	18	2	2	419	3	6	7	29	3	1	4	1	0.73751285	29	14262.298	14262.498	14262.498	14262.698	14263.235
2	18	2	2	420	3	6	7	30	2	2	3	1	0.67197052	30	14264.523	14265.123	14265.123	14265.323	14265.795
2	18	2	2	421	3	2	8	1	3	1	1	1	0.66142009	1	14295.222	14295.422	14295.422	14295.622	14296.084
2	18	2	2	422	3	2	8	2	4	1	8	1	0.57562398	2	14297.449	14297.649	14297.649	14297.849	14298.225
2	18	2	2	423	3	2	8	3	5	1	8	1	0.8879197	3	14299.675	14299.875	14299.875	14300.075	14300.763
2	18	2	2	424	3	2	8	4	5	2	8	1	0.53639457	4	14301.899	14302.499	14302.499	14302.699	14303.035
2	18	2	2	425	3	2	8	5	4	2	8	1	0.5742727	5	14304.525	14305.125	14305.125	14305.325	14305.699
2	18	2	2	426	3	2	8	6	3	2	1	1	0.53812993	6	14307.151	14307.751	14307.751	14307.951	14308.289
2	18	2	2	427	3	2	8	7	4	2	8	1	0.77138665	7	14309.777	14310.377	14310.377	14310.577	14311.148
2	18	2	2	428	3	2	8	8	1	1	1	1	0.65130294	8	14312.4	14312.6	14312.6	14312.8	14313.251
2	18	2	2	429	3	2	8	9	3	2	1	1	0.70542601	9	14314.626	14315.226	14315.226	14315.426	14315.931
2	18	2	2	430	3	2	8	10	5	2	8	1	0.59700663	10	14317.252	14317.852	14317.852	14318.052	14318.449
2	18	2	2	431	3	2	8	11	1	1	1	1	0.73289732	11	14319.877	14320.077	14320.077	14320.277	14320.809
2	18	2	2	432	3	2	8	12	6	2	8	1	0.66221152	12	14322.102	14322.702	14322.702	14322.902	14323.365
2	18	2	2	433	3	2	8	13	5	1	8	1	0.67854718	13	14324.731	14324.931	14324.931	14325.131	14325.609
2	18	2	2	434	3	2	8	14	2	1	1	1	0.56072691	14	14326.956	14327.156	14327.156	14327.356	14327.717
2	18	2	2	435	3	2	8	15	1	2	1	1	0.64583264	15	14329.18	14329.78	14329.78	14329.98	14330.426
2	18	2	2	436	3	2	8	16	6	1	8	1	0.76439041	16	14331.806	14332.006	14332.006	14332.206	14332.771
2	18	2	2	437	3	2	8	17	2	1	1	1	0.71960916	17	14334.034	14334.234	14334.234	14334.434	14334.954
2	18	2	2	438	3	2	8	18	4	2	8	1	0.60783656	18	14336.259	14336.859	14336.859	14337.059	14337.466
2	18	2	2	439	3	2	8	19	5	2	8	1	0.74298454	19	14338.884	14339.484	14339.484	14339.684	14340.227
2	18	2	2	440	3	2	8	20	3	2	1	1	0.63031769	20	14341.51	14342.11	14342.11	14342.31	14342.741
2	18	2	2	441	3	2	8	21	4	1	8	1	0.87774944	21	14344.141	14344.341	14344.341	14344.541	14345.219
2	18	2	2	442	3	2	8	22	1	1	1	1	0.64021514	22	14346.369	14346.569	14346.569	14346.769	14347.209
2	18	2	2	443	3	2	8	23	2	1	1	1	0.7658325	23	14348.596	14348.796	14348.796	14348.996	14349.562
2	18	2	2	444	3	2	8	24	2	2	1	1	0.57038714	24	14350.823	14351.423	14351.423	14351.623	14351.993
2	18	2	2	445	3	2	8	25	6	2	8	1	0.64363301	25	14353.449	14354.049	14354.049	14354.249	14354.693
2	18	2	2	446	3	2	8	26	6	2	8	1	0.88437894	26	14356.073	14356.673	14356.673	14356.873	14357.557
2	18	2	2	447	3	2	8	27	3	1	1	1	0.86466086	27	14358.7	14358.9	14358.9	14359.1	14359.764
2	18	2	2	448	3	2	8	28	6	1	8	1	0.59308997	28	14360.926	14361.126	14361.126	14361.326	14361.719
2	18	2	2	449	3	2	8	29	1	1	1	1	0.51940389	29	14363.155	14363.355	14363.355	14363.555	14363.874
2	18	2	2	450	3	2	8	30	2	2	1	1	0.64672982	30	14365.382	14365.982	14365.982	14366.182	14366.628
2	18	2	2	451	3	6	8	1	4	1	5	1	1.0006316	1	14396.083	14396.283	14396.283	14396.483	14397.283
2	18	2	2	452	3	6	8	2	1	1	2	1	0.63017703	2	14398.31	14398.51	14398.51	14398.71	14399.14
2	18	2	2	453	3	6	8	3	2	1	3	1	0.55411821	3	14400.537	14400.737	14400.737	14400.937	14401.291
2	18	2	2	454	3	6	8	4	5	2	6	1	0.6652816	4	14402.764	14403.364	14403.364	14403.564	14404.03
2	18	2	2	455	3	6	8	5	5	2	6	1	0.51473526	5	14405.39	14405.99	14405.99	14406.19	14406.505
2	18	2	2	456	3	6	8	6	2	2	3	1	0.71082885	6	14408.018	14408.618	14408.618	14408.818	14409.329
2	18	2	2	457	3	6	8	7	5	2	6	1	0.84263928	7	14410.647	14411.247	14411.247	14411.447	14412.089
2	18	2	2	458	3	6	8	8	3	1	4	1	0.71566675	8	14413.278	14413.478	14413.478	14413.678	14414.193
2	18	2	2	459	3	6	8	9	5	2	6	1	0.59185691	9	14415.501	14416.101	14416.101	14416.301	14416.693
2	18	2	2	460	3	6	8	10	4	2	5	1	0.6822372	10	14418.129	14418.729	14418.729	14418.929	14419.411
2	18	2	2	461	3	6	8	11	4	1	5	1	0.68045517	11	14420.756	14420.956	14420.956	14421.156	14421.637
2	18	2	2	462	3	6	8	12	6	2	7	1	0.72334245	12	14422.984	14423.584	14423.584	14423.784	14424.307
2	18	2	2	463	3	6	8	13	6	1	7	1	0.78076066	13	14425.612	14425.812	14425.812	14426.012	14426.593
2	18	2	2	464	3	6	8	14	6	1	7	1	0.76840216	14	14427.843	14428.043	14428.043	14428.243	14428.812
2	18	2	2	465	3	6	8	15	2	2	3	1	1.4781557	15	14430.071	14430.671	14430.671	14430.871	14432.149
2	18	2	2	466	3	6	8	16	6	1	7	1	0.88555094	16	14432.699	14432.899	14432.899	14433.099	14433.785
2	18	2	2	467	3	6	8	17	3	1	4	1	0.77957674	17	14434.927	14435.127	14435.127	14435.327	14435.907
2	18	2	2	468	3	6	8	18	1	2	2	1	0.76304306	18	14437.152	14437.752	14437.752	14437.952	14438.515
2	18	2	2	469	3	6	8	19	6	2	7	1	0.72750018	19	14439.78	14440.38	14440.38	14440.58	14441.107
2	18	2	2	470	3	6	8	20	2	2	4	0	0.92963481	19	14442.407	14443.007	14443.007	14443.207	14443.937
2	18	2	2	471	3	6	8	21	5	1	6	1	1.9192507	20	14445.035	14445.235	14445.235	14445.435	14447.154
2	18	2	2	472	3	6	8	22	1	1	2	1	0.87931187	21	14447.262	14447.462	14447.462	14447.662	14448.341
2	18	2	2	473	3	6	8	23	3	1	4	1	0.90385972	22	14449.49	14449.69	14449.69	14449.89	14450.594
2	18	2	2	474	3	6	8	24	1	2	2	1	0.85471376	23	14451.718	14452.318	14452.318	14452.518	14453.173
2	18	2	2	475	3	6	8	25	3	2	4	1	0.68994753	24	14454.344	14454.944	14454.944	14455.144	14455.634
2	18	2	2	476	3	6	8	26	4	2	5	1	0.76617256	25	14456.973	14457.573	14457.573	14457.773	14458.339
2	18	2	2	477	3	6	8	27	3	1	4	1	0.95210777	26	14459.601	14459.801	14459.801	14460.001	14460.753
2	18	2	2	478	3	6	8	28	2	1	3	1	0.71096439	27	14461.83	14462.03	14462.03	14462.23	14462.741
2	18	2	2	479	3	6	8	29	4	1	5	1	0.83148278	28	14464.058	14464.258	14464.258	14464.458	14465.09
2	18	2	2	480	3	6	8	30	1	2	2	1	0.86682634	29	14466.287	14466.887	14466.887	14467.087	14467.754
2	18	2	2	481	3	2	9	1	5	1	8	1	0.48450752	1	14496.991	14497.191	14497.191	14497.391	14497.676
2	18	2	2	482	3	2	9	2	3	1	1	1	1.7265254	2	14499.22	14499.42	14499.42	14499.62	14501.147
2	18	2	2	483	3	2	9	3	4	1	8	1	0.78893653	3	14501.445	14501.645	14501.645	14501.845	14502.434
2	18	2	2	484	3	2	9	4	3	2	1	1	0.44926599	4	14503.673	14504.273	14504.273	14504.473	14504.723
2	18	2	2	485	3	2	9	5	5	2	8	1	0.70798492	5	14506.302	14506.902	14506.902	14507.102	14507.61
2	18	2	2	486	3	2	9	6	1	2	1	1	0.44715039	6	14508.931	14509.531	14509.531	14509.731	14509.978
2	18	2	2	487	3	2	9	7	3	2	1	1	0.61228901	7	14511.561	14512.161	14512.161	14512.361	14512.773
2	18	2	2	488	3	2	9	8	1	1	1	1	0.71027811	8	14514.189	14514.389	14514.389	14514.589	14515.1
2	18	2	2	489	3	2	9	9	2	2	1	1	0.59578994	9	14516.415	14517.015	14517.015	14517.215	14517.611
2	18	2	2	490	3	2	9	10	6	2	8	1	0.58361774	10	14519.044	14519.644	14519.644	14519.844	14520.227
2	18	2	2	491	3	2	9	11	4	1	8	1	0.8822328	11	14521.673	14521.873	14521.873	14522.073	14522.755
2	18	2	2	492	3	2	9	12	4	2	8	1	0.61922831	12	14523.902	14524.502	14524.502	14524.702	14525.121
2	18	2	2	493	3	2	9	13	6	1	8	1	0.55858363	13	14526.531	14526.731	14526.731	14526.931	14527.29
2	18	2	2	494	3	2	9	14	1	1	1	1	0.80189593	14	14528.76	14528.96	14528.96	14529.16	14529.762
2	18	2	2	495	3	2	9	15	4	2	1	0	0.55243376	14	14530.988	14531.588	14531.588	14531.788	14532.141
2	18	2	2	496	3	2	9	16	3	1	1	1	0.89765241	15	14533.617	14533.817	14533.817	14534.017	14534.715
2	18	2	2	497	3	2	9	17	2	1	1	1	0.80006599	16	14535.849	14536.049	14536.049	14536.249	14536.849
2	18	2	2	498	3	2	9	18	5	2	8	1	0.76855765	17	14538.073	14538.673	14538.673	14538.873	14539.442
2	18	2	2	499	3	2	9	19	1	2	1	1	0.6749708	18	14540.702	14541.302	14541.302	14541.502	14541.977
2	18	2	2	500	3	2	9	20	6	2	8	1	0.75055641	19	14543.331	14543.931	14543.931	14544.132	14544.682
2	18	2	2	501	3	2	9	21	3	1	1	1	0.80280358	20	14545.961	14546.161	14546.161	14546.361	14546.964
2	18	2	2	502	3	2	9	22	6	1	8	1	1.5557094	21	14548.192	14548.392	14548.392	14548.592	14549.947
2	18	2	2	503	3	2	9	23	6	1	8	1	0.57258063	22	14550.421	14550.621	14550.621	14550.821	14551.193
2	18	2	2	504	3	2	9	24	5	2	8	1	0.70848938	23	14552.654	14553.254	14553.254	14553.454	14553.962
2	18	2	2	505	3	2	9	25	2	2	1	1	0.66135785	24	14555.284	14555.884	14555.884	14556.084	14556.546
2	18	2	2	506	3	2	9	26	2	2	1	1	0.61675452	25	14557.913	14558.513	14558.513	14558.713	14559.13
2	18	2	2	507	3	2	9	27	5	1	8	1	0.72568813	26	14560.549	14560.749	14560.749	14560.949	14561.474
2	18	2	2	508	3	2	9	28	1	1	8	0	0.78339832	26	14562.779	14562.979	14562.979	14563.179	14563.762
2	18	2	2	509	3	2	9	29	2	1	1	1	0.89817867	27	14565.008	14565.208	14565.208	14565.408	14566.107
2	18	2	2	510	3	2	9	30	4	2	8	1	0.65658758	28	14567.236	14567.836	14567.836	14568.036	14568.493
2	18	2	2	511	3	6	9	1	5	1	7	0	1.2801374	0	14597.941	14598.141	14598.141	14598.341	14599.421
2	18	2	2	512	3	6	9	2	2	1	0	0	-14600.371	0	14600.171	14600.371	14600.371	14600.571	0
2	18	2	2	513	3	6	9	3	6	1	3	0	1.9526343	0	14602.401	14602.601	14602.601	14602.801	14604.553
2	18	2	2	514	3	6	9	4	4	2	5	1	0.89630345	1	14604.627	14605.227	14605.227	14605.427	14606.124
2	18	2	2	515	3	6	9	5	3	2	4	1	0.73928737	2	14607.257	14607.857	14607.857	14608.057	14608.596
2	18	2	2	516	3	6	9	6	4	2	5	1	0.79675089	3	14609.887	14610.487	14610.487	14610.687	14611.284
2	18	2	2	517	3	6	9	7	1	2	2	1	0.70248812	4	14612.517	14613.117	14613.117	14613.317	14613.82
2	18	2	2	518	3	6	9	8	5	1	6	1	1.1256511	5	14615.148	14615.348	14615.348	14615.548	14616.473
2	18	2	2	519	3	6	9	9	2	2	3	1	0.70519535	6	14617.377	14617.977	14617.977	14618.177	14618.683
2	18	2	2	520	3	6	9	10	3	2	4	1	0.67783125	7	14620.007	14620.607	14620.607	14620.807	14621.285
2	18	2	2	521	3	6	9	11	4	1	6	1	1.9018575	8	14622.643	14622.843	14622.843	14623.043	14624.745
2	18	2	2	522	3	6	9	12	6	2	7	1	0.77544063	9	14624.87	14625.47	14625.47	14625.67	14626.245
2	18	2	2	523	3	6	9	13	3	1	4	1	1.1974767	10	14627.501	14627.701	14627.701	14627.901	14628.898
2	18	2	2	524	3	6	9	14	1	1	2	1	0.75738951	11	14629.732	14629.932	14629.932	14630.132	14630.689
2	18	2	2	525	3	6	9	15	1	2	2	1	0.85794513	12	14631.961	14632.561	14632.561	14632.761	14633.419
2	18	2	2	526	3	6	9	16	5	1	6	1	0.9927086	13	14634.592	14634.792	14634.792	14634.992	14635.784
2	18	2	2	527	3	6	9	17	3	1	4	1	1.1801489	14	14636.825	14637.025	14637.025	14637.225	14638.205
2	18	2	2	528	3	6	9	18	2	2	3	1	0.79611074	15	14639.055	14639.655	14639.655	14639.855	14640.451
2	18	2	2	529	3	6	9	19	1	2	2	1	0.6873499	16	14641.686	14642.286	14642.286	14642.486	14642.973
2	18	2	2	530	3	6	9	20	2	2	3	1	0.75538768	17	14644.317	14644.917	14644.917	14645.117	14645.672
2	18	2	2	531	3	6	9	21	5	1	6	1	1.1932928	18	14646.947	14647.147	14647.147	14647.347	14648.34
2	18	2	2	532	3	6	9	22	4	1	5	1	0.69095133	19	14649.178	14649.378	14649.378	14649.578	14650.069
2	18	2	2	533	3	6	9	23	5	1	6	1	0.65054043	20	14651.409	14651.609	14651.609	14651.809	14652.259
2	18	2	2	534	3	6	9	24	4	2	5	1	0.66161619	21	14653.639	14654.239	14654.239	14654.439	14654.901
2	18	2	2	535	3	6	9	25	3	2	4	1	0.79890853	22	14656.27	14656.87	14656.87	14657.07	14657.669
2	18	2	2	536	3	6	9	26	6	2	7	1	0.8633567	23	14658.9	14659.5	14659.5	14659.7	14660.364
2	18	2	2	537	3	6	9	27	2	1	3	1	0.68941776	24	14661.532	14661.732	14661.732	14661.932	14662.421
2	18	2	2	538	3	6	9	28	1	1	2	1	0.63387324	25	14663.76	14663.96	14663.96	14664.16	14664.594
2	18	2	2	539	3	6	9	29	6	1	7	1	0.75802083	26	14665.991	14666.191	14666.191	14666.391	14666.949
2	18	2	2	540	3	6	9	30	6	2	7	1	0.74255088	27	14668.221	14668.821	14668.821	14669.021	14669.564
2	18	2	2	541	4	2	10	1	2	1	1	1	0.61554028	1	15240.531	15240.731	15240.731	15240.931	15241.346
2	18	2	2	542	4	2	10	2	4	1	8	1	0.42308322	2	15242.762	15242.962	15242.962	15243.162	15243.385
2	18	2	2	543	4	2	10	3	6	1	8	1	0.98402517	3	15244.993	15245.193	15245.193	15245.393	15246.177
2	18	2	2	544	4	2	10	4	3	2	1	1	0.58770705	4	15247.224	15247.824	15247.824	15248.024	15248.412
2	18	2	2	545	4	2	10	5	1	2	1	1	0.82800204	5	15249.855	15250.455	15250.455	15250.655	15251.283
2	18	2	2	546	4	2	10	6	1	2	1	1	0.56542808	6	15252.486	15253.086	15253.086	15253.286	15253.651
2	18	2	2	547	4	2	10	7	2	2	1	1	0.58955193	7	15255.117	15255.717	15255.717	15255.917	15256.307
2	18	2	2	548	4	2	10	8	1	1	1	1	0.51863305	8	15257.749	15257.949	15257.949	15258.149	15258.468
2	18	2	2	549	4	2	10	9	2	2	1	1	0.60928751	9	15259.98	15260.58	15260.58	15260.78	15261.189
2	18	2	2	550	4	2	10	10	3	2	1	1	0.56125065	10	15262.611	15263.211	15263.211	15263.411	15263.772
2	18	2	2	551	4	2	10	11	3	1	1	1	0.54666851	11	15265.243	15265.443	15265.443	15265.643	15265.989
2	18	2	2	552	4	2	10	12	4	2	8	1	0.71109136	12	15267.475	15268.075	15268.075	15268.275	15268.786
2	18	2	2	553	4	2	10	13	6	1	8	1	0.69765337	13	15270.106	15270.306	15270.306	15270.506	15271.004
2	18	2	2	554	4	2	10	14	5	1	8	1	0.70720205	14	15272.338	15272.538	15272.538	15272.738	15273.245
2	18	2	2	555	4	2	10	15	3	2	1	1	0.69777329	15	15274.57	15275.17	15275.17	15275.37	15275.867
2	18	2	2	556	4	2	10	16	5	1	8	1	0.92834615	16	15277.202	15277.402	15277.402	15277.602	15278.33
2	18	2	2	557	4	2	10	17	2	1	1	1	1.2918201	17	15279.433	15279.633	15279.633	15279.833	15280.925
2	18	2	2	558	4	2	10	18	4	2	8	1	0.77926832	18	15281.665	15282.265	15282.265	15282.465	15283.045
2	18	2	2	559	4	2	10	19	6	2	8	1	0.68187831	19	15284.297	15284.897	15284.897	15285.097	15285.579
2	18	2	2	560	4	2	10	20	5	2	8	1	0.64131088	20	15286.929	15287.529	15287.529	15287.729	15288.17
2	18	2	2	561	4	2	10	21	4	1	8	1	1.0892682	21	15289.56	15289.76	15289.76	15289.96	15290.85
2	18	2	2	562	4	2	10	22	1	1	1	1	0.84094213	22	15291.793	15291.993	15291.993	15292.193	15292.834
2	18	2	2	563	4	2	10	23	5	1	8	1	0.72935018	23	15294.025	15294.225	15294.225	15294.425	15294.955
2	18	2	2	564	4	2	10	24	1	2	1	1	0.67596056	24	15296.257	15296.857	15296.857	15297.057	15297.533
2	18	2	2	565	4	2	10	25	5	2	8	1	0.54717157	25	15298.895	15299.495	15299.495	15299.695	15300.042
2	18	2	2	566	4	2	10	26	6	2	8	1	0.52619023	26	15301.527	15302.127	15302.127	15302.327	15302.653
2	18	2	2	567	4	2	10	27	2	1	1	1	0.69149336	27	15304.166	15304.366	15304.366	15304.566	15305.057
2	18	2	2	568	4	2	10	28	3	1	1	1	0.82734908	28	15306.398	15306.598	15306.598	15306.798	15307.426
2	18	2	2	569	4	2	10	29	4	1	8	1	0.71012032	29	15308.631	15308.831	15308.831	15309.031	15309.541
2	18	2	2	570	4	2	10	30	6	2	8	1	1.0122495	30	15310.863	15311.463	15311.463	15311.663	15312.476
2	18	2	2	571	4	6	10	1	4	1	5	1	1.2264751	1	15341.571	15341.771	15341.771	15341.971	15342.997
2	18	2	2	572	4	6	10	2	2	1	3	1	0.94462919	2	15343.803	15344.003	15344.003	15344.203	15344.947
2	18	2	2	573	4	6	10	3	5	1	6	1	0.87546749	3	15346.039	15346.239	15346.239	15346.439	15347.114
2	18	2	2	574	4	6	10	4	5	2	6	1	0.49646425	4	15348.271	15348.871	15348.871	15349.071	15349.368
2	18	2	2	575	4	6	10	5	2	2	3	1	0.61792431	5	15350.903	15351.503	15351.503	15351.703	15352.121
2	18	2	2	576	4	6	10	6	1	2	2	1	0.67526342	6	15353.537	15354.137	15354.137	15354.337	15354.812
2	18	2	2	577	4	6	10	7	1	2	2	1	0.61021682	7	15356.17	15356.77	15356.77	15356.97	15357.38
2	18	2	2	578	4	6	10	8	3	1	4	1	1.0028226	8	15358.806	15359.006	15359.006	15359.206	15360.009
2	18	2	2	579	4	6	10	9	1	2	2	1	0.61160941	9	15361.038	15361.638	15361.638	15361.838	15362.25
2	18	2	2	580	4	6	10	10	2	2	3	1	0.65886513	10	15363.672	15364.272	15364.272	15364.472	15364.931
2	18	2	2	581	4	6	10	11	1	1	2	1	0.58983188	11	15366.308	15366.508	15366.508	15366.708	15367.098
2	18	2	2	582	4	6	10	12	5	2	6	1	0.75242169	12	15368.54	15369.14	15369.14	15369.34	15369.893
2	18	2	2	583	4	6	10	13	6	1	7	1	0.67248079	13	15371.177	15371.377	15371.377	15371.577	15372.049
2	18	2	2	584	4	6	10	14	3	1	4	1	0.75347634	14	15373.409	15373.609	15373.609	15373.809	15374.363
2	18	2	2	585	4	6	10	15	5	2	6	1	0.76041526	15	15375.643	15376.243	15376.243	15376.443	15377.003
2	18	2	2	586	4	6	10	16	6	1	7	1	0.82402643	16	15378.275	15378.475	15378.475	15378.675	15379.3
2	18	2	2	587	4	6	10	17	3	1	4	1	0.75737389	17	15380.509	15380.709	15380.709	15380.909	15381.466
2	18	2	2	588	4	6	10	18	6	2	7	1	0.70966581	18	15382.742	15383.342	15383.342	15383.542	15384.052
2	18	2	2	589	4	6	10	19	5	2	6	1	0.83411014	19	15385.376	15385.976	15385.976	15386.176	15386.81
2	18	2	2	590	4	6	10	20	4	2	5	1	0.59240999	20	15388.008	15388.608	15388.608	15388.808	15389.2
2	18	2	2	591	4	6	10	21	4	1	5	1	0.89728438	21	15390.641	15390.841	15390.841	15391.041	15391.738
2	18	2	2	592	4	6	10	22	2	1	4	0	1.7207833	21	15392.873	15393.073	15393.073	15393.273	15394.794
2	18	2	2	593	4	6	10	23	3	1	4	1	0.8696763	22	15395.11	15395.31	15395.31	15395.51	15396.18
2	18	2	2	594	4	6	10	24	4	2	5	1	0.72676371	23	15397.347	15397.947	15397.947	15398.147	15398.674
2	18	2	2	595	4	6	10	25	1	2	2	1	0.68426124	24	15399.982	15400.582	15400.582	15400.782	15401.266
2	18	2	2	596	4	6	10	26	6	2	7	1	0.67870089	25	15402.614	15403.214	15403.214	15403.414	15403.893
2	18	2	2	597	4	6	10	27	4	1	5	1	1.5782525	26	15405.248	15405.448	15405.448	15405.648	15407.026
2	18	2	2	598	4	6	10	28	2	1	4	0	0.73969992	26	15407.481	15407.681	15407.681	15407.881	15408.421
2	18	2	2	599	4	6	10	29	3	1	4	1	1.0082511	27	15409.715	15409.915	15409.915	15410.115	15410.923
2	18	2	2	600	4	6	10	30	6	2	7	1	1.0135531	28	15411.951	15412.551	15412.551	15412.751	15413.565
2	18	2	2	601	4	2	11	1	5	1	8	1	0.80155233	1	15442.65	15442.85	15442.85	15443.05	15443.651
2	18	2	2	602	4	2	11	2	4	1	8	1	0.48917717	2	15444.884	15445.084	15445.084	15445.284	15445.573
2	18	2	2	603	4	2	11	3	4	1	8	1	0.46383068	3	15447.118	15447.318	15447.318	15447.518	15447.781
2	18	2	2	604	4	2	11	4	4	2	8	1	0.63862226	4	15449.349	15449.949	15449.949	15450.149	15450.588
2	18	2	2	605	4	2	11	5	6	2	8	1	0.44458703	5	15451.983	15452.583	15452.583	15452.783	15453.028
2	18	2	2	606	4	2	11	6	1	2	1	1	0.7150885	6	15454.617	15455.217	15455.217	15455.417	15455.932
2	18	2	2	607	4	2	11	7	1	2	1	1	0.67258268	7	15457.251	15457.851	15457.851	15458.051	15458.523
2	18	2	2	608	4	2	11	8	3	1	1	1	0.59936076	8	15459.884	15460.084	15460.084	15460.284	15460.684
2	18	2	2	609	4	2	11	9	6	2	8	1	0.58729934	9	15462.118	15462.718	15462.718	15462.918	15463.305
2	18	2	2	610	4	2	11	10	3	2	1	1	0.84454983	10	15464.751	15465.351	15465.351	15465.551	15466.196
2	18	2	2	611	4	2	11	11	4	1	8	1	0.6479858	11	15467.385	15467.585	15467.585	15467.785	15468.233
2	18	2	2	612	4	2	11	12	3	2	1	1	0.97625282	12	15469.619	15470.219	15470.219	15470.419	15471.195
2	18	2	2	613	4	2	11	13	6	1	8	1	0.6450579	13	15472.253	15472.453	15472.453	15472.653	15473.098
2	18	2	2	614	4	2	11	14	6	1	8	1	0.98415437	14	15474.487	15474.687	15474.687	15474.887	15475.672
2	18	2	2	615	4	2	11	15	5	2	8	1	0.63913867	15	15476.718	15477.318	15477.318	15477.518	15477.957
2	18	2	2	616	4	2	11	16	2	1	1	1	0.72532868	16	15479.352	15479.552	15479.552	15479.752	15480.277
2	18	2	2	617	4	2	11	17	5	1	8	1	0.7105271	17	15481.586	15481.786	15481.786	15481.986	15482.497
2	18	2	2	618	4	2	11	18	2	2	1	1	1.086937	18	15483.821	15484.421	15484.421	15484.621	15485.508
2	18	2	2	619	4	2	11	19	5	2	8	1	0.51307617	19	15486.457	15487.057	15487.057	15487.257	15487.57
2	18	2	2	620	4	2	11	20	1	2	1	1	0.51223444	20	15489.091	15489.691	15489.691	15489.891	15490.204
2	18	2	2	621	4	2	11	21	4	1	8	1	0.675893	21	15491.726	15491.926	15491.926	15492.126	15492.602
2	18	2	2	622	4	2	11	22	3	1	1	1	1.3624352	22	15493.96	15494.16	15494.16	15494.36	15495.522
2	18	2	2	623	4	2	11	23	3	1	1	1	0.56672909	23	15496.194	15496.394	15496.394	15496.594	15496.961
2	18	2	2	624	4	2	11	24	1	2	1	1	0.5992789	24	15498.429	15499.029	15499.029	15499.229	15499.628
2	18	2	2	625	4	2	11	25	1	2	1	1	0.60175484	25	15501.064	15501.664	15501.664	15501.864	15502.265
2	18	2	2	626	4	2	11	26	2	2	1	1	0.52986853	26	15503.699	15504.299	15504.299	15504.499	15504.829
2	18	2	2	627	4	2	11	27	2	1	1	1	0.55052636	27	15506.333	15506.533	15506.533	15506.733	15507.084
2	18	2	2	628	4	2	11	28	6	1	8	1	0.61141352	28	15508.568	15508.768	15508.768	15508.968	15509.379
2	18	2	2	629	4	2	11	29	5	1	8	1	0.80948511	29	15510.802	15511.002	15511.002	15511.202	15511.812
2	18	2	2	630	4	2	11	30	2	2	1	1	0.50043813	30	15513.039	15513.639	15513.639	15513.839	15514.139
2	18	2	2	631	4	6	11	1	4	1	5	1	1.3659957	1	15543.751	15543.951	15543.951	15544.151	15545.317
2	18	2	2	632	4	6	11	2	4	1	5	1	0.69662368	2	15545.987	15546.187	15546.187	15546.387	15546.883
2	18	2	2	633	4	6	11	3	3	1	4	1	0.75723939	3	15548.221	15548.421	15548.421	15548.621	15549.178
2	18	2	2	634	4	6	11	4	1	2	2	1	0.78584656	4	15550.456	15551.056	15551.056	15551.256	15551.842
2	18	2	2	635	4	6	11	5	3	2	4	1	0.64289133	5	15553.095	15553.695	15553.695	15553.895	15554.338
2	18	2	2	636	4	6	11	6	2	2	3	1	0.62207395	6	15555.726	15556.326	15556.326	15556.526	15556.948
2	18	2	2	637	4	6	11	7	6	2	7	1	0.73876823	7	15558.362	15558.962	15558.962	15559.162	15559.7
2	18	2	2	638	4	6	11	8	2	1	6	0	0.98152984	7	15560.997	15561.197	15561.197	15561.397	15562.179
2	18	2	2	639	4	6	11	9	2	2	3	1	0.65991825	8	15563.232	15563.832	15563.832	15564.032	15564.492
2	18	2	2	640	4	6	11	10	6	2	7	1	0.75137751	9	15565.867	15566.467	15566.467	15566.667	15567.219
2	18	2	2	641	4	6	11	11	1	1	2	1	0.73880255	10	15568.502	15568.702	15568.702	15568.902	15569.441
2	18	2	2	642	4	6	11	12	5	2	6	1	0.98949953	11	15570.741	15571.341	15571.341	15571.541	15572.33
2	18	2	2	643	4	6	11	13	1	1	2	1	0.74030233	12	15573.375	15573.575	15573.575	15573.775	15574.316
2	18	2	2	644	4	6	11	14	4	1	5	1	0.75397094	13	15575.611	15575.811	15575.811	15576.011	15576.565
2	18	2	2	645	4	6	11	15	4	2	5	1	0.6233255	14	15577.846	15578.446	15578.446	15578.646	15579.07
2	18	2	2	646	4	6	11	16	5	1	6	1	0.77188564	15	15580.481	15580.681	15580.681	15580.881	15581.453
2	18	2	2	647	4	6	11	17	1	1	2	1	0.71563977	16	15582.713	15582.913	15582.913	15583.113	15583.629
2	18	2	2	648	4	6	11	18	4	2	5	1	0.88044117	17	15584.948	15585.548	15585.548	15585.748	15586.429
2	18	2	2	649	4	6	11	19	2	2	3	1	0.85338621	18	15587.584	15588.184	15588.184	15588.384	15589.037
2	18	2	2	650	4	6	11	20	3	2	4	1	0.6722722	19	15590.217	15590.817	15590.817	15591.017	15591.489
2	18	2	2	651	4	6	11	21	5	1	6	1	0.67567704	20	15592.853	15593.053	15593.053	15593.253	15593.729
2	18	2	2	652	4	6	11	22	1	1	2	1	0.73589295	21	15595.089	15595.289	15595.289	15595.489	15596.025
2	18	2	2	653	4	6	11	23	6	1	7	1	0.79664667	22	15597.325	15597.525	15597.525	15597.725	15598.322
2	18	2	2	654	4	6	11	24	5	2	6	1	0.65828264	23	15599.561	15600.161	15600.161	15600.361	15600.82
2	18	2	2	655	4	6	11	25	6	2	7	1	0.66667312	24	15602.194	15602.794	15602.794	15602.994	15603.461
2	18	2	2	656	4	6	11	26	6	2	7	1	0.9738908	25	15604.835	15605.435	15605.435	15605.635	15606.409
2	18	2	2	657	4	6	11	27	3	1	4	1	0.95686211	26	15607.47	15607.67	15607.67	15607.87	15608.627
2	18	2	2	658	4	6	11	28	2	1	6	0	0.95015909	26	15609.705	15609.905	15609.905	15610.105	15610.855
2	18	2	2	659	4	6	11	29	3	1	4	1	0.82064577	27	15611.941	15612.141	15612.141	15612.341	15612.962
2	18	2	2	660	4	6	11	30	5	2	6	1	0.64479871	28	15614.176	15614.776	15614.776	15614.976	15615.421
2	18	2	2	661	4	2	12	1	3	1	1	1	0.67415528	1	15644.88	15645.08	15645.08	15645.28	15645.754
2	18	2	2	662	4	2	12	2	2	1	1	1	0.52387772	2	15647.117	15647.317	15647.317	15647.517	15647.841
2	18	2	2	663	4	2	12	3	5	1	8	1	0.58648562	3	15649.352	15649.552	15649.552	15649.752	15650.139
2	18	2	2	664	4	2	12	4	3	2	1	1	0.65598855	4	15651.587	15652.187	15652.187	15652.387	15652.843
2	18	2	2	665	4	2	12	5	1	2	1	1	0.66486241	5	15654.227	15654.827	15654.827	15655.027	15655.492
2	18	2	2	666	4	2	12	6	6	2	8	1	0.59418902	6	15656.864	15657.464	15657.464	15657.664	15658.058
2	18	2	2	667	4	2	12	7	5	2	8	1	1.8928797	7	15659.501	15660.101	15660.101	15660.301	15661.994
2	18	2	2	668	4	2	12	8	5	1	8	1	0.56403715	8	15662.134	15662.334	15662.334	15662.534	15662.898
2	18	2	2	669	4	2	12	9	4	2	8	1	0.59271531	9	15664.37	15664.97	15664.97	15665.17	15665.562
2	18	2	2	670	4	2	12	10	5	2	8	1	0.51676084	10	15667.005	15667.605	15667.605	15667.805	15668.122
2	18	2	2	671	4	2	12	11	1	1	1	1	0.68141983	11	15669.641	15669.841	15669.841	15670.041	15670.522
2	18	2	2	672	4	2	12	12	2	2	1	1	0.82887732	12	15671.878	15672.478	15672.478	15672.678	15673.307
2	18	2	2	673	4	2	12	13	4	1	8	1	0.60075319	13	15674.515	15674.715	15674.715	15674.915	15675.315
2	18	2	2	674	4	2	12	14	4	1	8	1	0.63650216	14	15676.758	15676.958	15676.958	15677.158	15677.595
2	18	2	2	675	4	2	12	15	6	2	8	1	0.60921623	15	15678.995	15679.595	15679.595	15679.795	15680.204
2	18	2	2	676	4	2	12	16	5	1	8	1	0.64131721	16	15681.632	15681.832	15681.832	15682.032	15682.473
2	18	2	2	677	4	2	12	17	6	1	8	1	0.58175611	17	15683.869	15684.069	15684.069	15684.269	15684.651
2	18	2	2	678	4	2	12	18	4	2	8	1	0.51155192	18	15686.106	15686.706	15686.706	15686.906	15687.217
2	18	2	2	679	4	2	12	19	2	2	1	1	0.70909907	19	15688.743	15689.343	15689.343	15689.543	15690.052
2	18	2	2	680	4	2	12	20	3	2	1	1	0.63416035	20	15691.386	15691.986	15691.986	15692.186	15692.62
2	18	2	2	681	4	2	12	21	2	1	1	1	0.61195819	21	15694.023	15694.223	15694.223	15694.423	15694.835
2	18	2	2	682	4	2	12	22	6	1	8	1	0.6407068	22	15696.261	15696.461	15696.461	15696.661	15697.101
2	18	2	2	683	4	2	12	23	6	1	8	1	0.59235189	23	15698.497	15698.697	15698.697	15698.897	15699.289
2	18	2	2	684	4	2	12	24	2	2	1	1	0.62947893	24	15700.734	15701.334	15701.334	15701.534	15701.963
2	18	2	2	685	4	2	12	25	1	2	1	1	0.64778023	25	15703.371	15703.971	15703.971	15704.171	15704.619
2	18	2	2	686	4	2	12	26	1	2	1	1	0.52462523	26	15706.008	15706.608	15706.608	15706.808	15707.133
2	18	2	2	687	4	2	12	27	4	1	8	1	0.68673992	27	15708.645	15708.845	15708.845	15709.045	15709.531
2	18	2	2	688	4	2	12	28	3	1	1	1	0.71810004	28	15710.879	15711.079	15711.079	15711.279	15711.797
2	18	2	2	689	4	2	12	29	3	1	1	1	0.67269254	29	15713.116	15713.316	15713.316	15713.516	15713.989
2	18	2	2	690	4	2	12	30	1	2	1	1	0.67453375	30	15715.351	15715.951	15715.951	15716.151	15716.626
2	18	2	2	691	4	6	12	1	3	1	4	1	1.9996008	1	15746.06	15746.26	15746.26	15746.46	15748.26
2	18	2	2	692	4	6	12	2	5	1	5	0	1.3578668	1	15748.302	15748.502	15748.502	15748.702	15749.86
2	18	2	2	693	4	6	12	3	3	1	4	1	0.84679338	2	15750.54	15750.74	15750.74	15750.94	15751.587
2	18	2	2	694	4	6	12	4	3	2	4	1	0.68340087	3	15752.777	15753.377	15753.377	15753.578	15754.061
2	18	2	2	695	4	6	12	5	4	2	5	1	0.73080208	4	15755.416	15756.016	15756.016	15756.216	15756.747
2	18	2	2	696	4	6	12	6	5	2	6	1	0.62218546	5	15758.053	15758.653	15758.653	15758.853	15759.275
2	18	2	2	697	4	6	12	7	5	2	6	1	0.72809049	6	15760.691	15761.291	15761.291	15761.491	15762.019
2	18	2	2	698	4	6	12	8	5	1	6	1	0.6352628	7	15763.328	15763.528	15763.528	15763.728	15764.164
2	18	2	2	699	4	6	12	9	1	2	2	1	0.75411793	8	15765.567	15766.167	15766.167	15766.367	15766.921
2	18	2	2	700	4	6	12	10	6	2	7	1	0.76559606	9	15768.204	15768.804	15768.804	15769.004	15769.57
2	18	2	2	701	4	6	12	11	1	1	2	1	0.75969216	10	15770.842	15771.042	15771.042	15771.242	15771.802
2	18	2	2	702	4	6	12	12	1	2	2	1	0.58052685	11	15773.08	15773.68	15773.68	15773.88	15774.261
2	18	2	2	703	4	6	12	13	2	1	3	1	0.70922528	12	15775.717	15775.917	15775.917	15776.117	15776.627
2	18	2	2	704	4	6	12	14	2	1	3	1	0.57692438	13	15777.957	15778.157	15778.157	15778.357	15778.733
2	18	2	2	705	4	6	12	15	2	2	3	1	0.55672074	14	15780.196	15780.796	15780.796	15780.996	15781.353
2	18	2	2	706	4	6	12	16	6	1	7	1	1.006261	15	15782.835	15783.035	15783.035	15783.235	15784.041
2	18	2	2	707	4	6	12	17	6	1	7	1	0.68884716	16	15785.074	15785.274	15785.274	15785.474	15785.963
2	18	2	2	708	4	6	12	18	6	2	7	1	0.56252465	17	15787.311	15787.911	15787.911	15788.111	15788.474
2	18	2	2	709	4	6	12	19	4	2	5	1	0.82581163	18	15789.947	15790.547	15790.547	15790.747	15791.372
2	18	2	2	710	4	6	12	20	5	2	6	1	0.62075389	19	15792.584	15793.184	15793.184	15793.384	15793.805
2	18	2	2	711	4	6	12	21	6	1	7	1	0.87305421	20	15795.226	15795.426	15795.426	15795.626	15796.299
2	18	2	2	712	4	6	12	22	2	1	3	1	0.99769738	21	15797.464	15797.664	15797.664	15797.864	15798.661
2	18	2	2	713	4	6	12	23	4	1	5	1	1.004381	22	15799.702	15799.902	15799.902	15800.102	15800.906
2	18	2	2	714	4	6	12	24	1	2	2	1	0.67059314	23	15801.941	15802.541	15802.541	15802.741	15803.211
2	18	2	2	715	4	6	12	25	3	2	4	1	0.86249051	24	15804.579	15805.179	15805.179	15805.379	15806.041
2	18	2	2	716	4	6	12	26	3	2	4	1	0.67514221	25	15807.218	15807.818	15807.818	15808.018	15808.493
2	18	2	2	717	4	6	12	27	1	1	2	1	0.62752613	26	15809.86	15810.06	15810.06	15810.26	15810.687
2	18	2	2	718	4	6	12	28	2	1	3	1	0.69105332	27	15812.099	15812.299	15812.299	15812.499	15812.99
2	18	2	2	719	4	6	12	29	4	1	5	1	0.6416021	28	15814.338	15814.538	15814.538	15814.738	15815.179
2	18	2	2	720	4	6	12	30	4	2	5	1	1.1458615	29	15816.576	15817.176	15817.176	15817.376	15818.321
