48	255	65	119	30	36	220	151	0	0	0	0	0	0	0	0	0	0	0	0
1	55	2	1	1	1	6	1	1	3	1	4	1	1.575014	1	9501.901	9502.1011	9502.1013	9502.3016	9503.6763
1	55	2	1	2	1	6	1	2	4	1	4	0	0.88728464	1	9504.1183	9504.3184	9504.3185	9504.5188	9505.2058
1	55	2	1	3	1	6	1	3	3	2	0	0	-9507.2408	1	9506.6408	9507.2408	9507.2408	9507.4408	0
1	55	2	1	4	1	6	1	4	5	1	5	0	0.3256777	1	9509.547	9509.747	9509.7471	9509.9471	9510.0728
1	55	2	1	5	1	6	1	5	3	1	4	1	0.86417795	2	9512.0591	9512.2592	9512.2592	9512.4592	9513.1233
1	55	2	1	6	1	6	1	6	3	1	4	1	0.77628741	3	9514.2668	9514.4668	9514.4668	9514.6669	9515.2431
1	55	2	1	7	1	6	1	7	6	1	7	1	1.876565	4	9516.4738	9516.6738	9516.6738	9516.8738	9518.5504
1	55	2	1	8	1	6	1	8	1	2	0	0	-9519.2798	4	9518.6798	9519.2798	9519.2798	9519.4798	0
1	55	2	1	9	1	6	1	9	6	2	7	1	0.91561849	5	9521.6138	9522.2138	9522.2138	9522.4138	9523.1294
1	55	2	1	10	1	6	1	10	2	2	3	1	1.103133	6	9524.2204	9524.8204	9524.8204	9525.0205	9525.9236
1	55	2	1	11	1	6	1	11	6	1	7	1	1.3824864	7	9526.8275	9527.0275	9527.0275	9527.2275	9528.41
1	55	2	1	12	1	6	1	12	1	2	2	1	0.98921844	8	9529.0372	9529.6372	9529.6372	9529.8372	9530.6265
1	55	2	1	13	1	6	1	13	6	2	7	1	0.79775617	9	9531.6441	9532.2441	9532.2441	9532.4442	9533.0419
1	55	2	1	14	1	6	1	14	2	1	3	1	1.0147548	10	9534.251	9534.451	9534.451	9534.651	9535.4657
1	55	2	1	15	1	6	1	15	2	1	3	1	0.69021371	11	9536.4581	9536.6581	9536.6582	9536.8582	9537.3484
1	55	2	1	16	1	6	1	16	4	1	5	1	1.4346768	12	9538.6654	9538.8655	9538.8655	9539.0655	9540.3001
1	55	2	1	17	1	6	1	17	5	2	6	1	1.1957336	13	9540.8715	9541.4715	9541.4715	9541.6715	9542.6672
1	55	2	1	18	1	6	1	18	4	2	5	1	1.1503414	14	9543.4788	9544.0788	9544.0788	9544.2788	9545.2292
1	55	2	1	19	1	6	1	19	5	1	6	1	0.91102324	15	9546.0861	9546.2861	9546.2861	9546.4861	9547.1971
1	55	2	1	20	1	6	1	20	1	2	2	1	1.316867	16	9548.2933	9548.8933	9548.8933	9549.0934	9550.2102
1	55	2	1	21	1	6	1	21	5	2	6	1	1.2891609	17	9550.9005	9551.5005	9551.5005	9551.7005	9552.7896
1	55	2	1	22	1	6	1	22	5	2	6	1	0.71553231	18	9553.5103	9554.1103	9554.1103	9554.3104	9554.8259
1	55	2	1	23	1	6	1	23	3	1	4	1	0.95766095	19	9556.1181	9556.3181	9556.3182	9556.5182	9557.2758
1	55	2	1	24	1	6	1	24	4	1	5	1	0.73476406	20	9558.3255	9558.5255	9558.5256	9558.7256	9559.2603
1	55	2	1	25	1	6	1	25	1	2	2	1	0.8851401	21	9560.5331	9561.1331	9561.1331	9561.3331	9562.0183
1	55	2	1	26	1	6	1	26	2	1	3	1	0.93356662	22	9563.1409	9563.3409	9563.3409	9563.5409	9564.2744
1	55	2	1	27	1	6	1	27	4	2	5	1	0.96615338	23	9565.3484	9565.9484	9565.9484	9566.1484	9566.9146
1	55	2	1	28	1	6	1	28	1	2	2	1	0.79928056	24	9567.9561	9568.5561	9568.5561	9568.7561	9569.3554
1	55	2	1	29	1	6	1	29	6	2	7	1	0.83224748	25	9570.5638	9571.1638	9571.1638	9571.3638	9571.996
1	55	2	1	30	1	6	1	30	2	1	3	1	0.86337187	26	9573.1717	9573.3717	9573.3717	9573.5717	9574.2351
1	55	2	1	31	1	2	1	1	5	1	8	1	0.97950297	1	9599.6634	9599.8635	9599.8636	9600.0637	9600.8431
1	55	2	1	32	1	2	1	2	2	1	1	1	0.75540267	2	9601.8731	9602.0731	9602.0731	9602.2732	9602.8286
1	55	2	1	33	1	2	1	3	5	2	8	1	0.7182964	3	9604.0833	9604.6833	9604.6834	9604.8834	9605.4017
1	55	2	1	34	1	2	1	4	5	1	8	1	0.68501667	4	9606.6933	9606.8933	9606.8933	9607.0933	9607.5783
1	55	2	1	35	1	2	1	5	1	1	1	1	0.54577482	5	9608.8999	9609.0999	9609.0999	9609.3	9609.6457
1	55	2	1	36	1	2	1	6	3	1	1	1	0.60621928	6	9611.1103	9611.3103	9611.3103	9611.5103	9611.9165
1	55	2	1	37	1	2	1	7	6	1	8	1	0.46834946	7	9613.3188	9613.5188	9613.5188	9613.7188	9613.9872
1	55	2	1	38	1	2	1	8	1	2	1	1	0.70642958	8	9615.527	9616.127	9616.127	9616.327	9616.8335
1	55	2	1	39	1	2	1	9	4	2	8	1	0.61307509	9	9618.135	9618.735	9618.735	9618.935	9619.3481
1	55	2	1	40	1	2	1	10	1	2	1	1	0.67050827	10	9620.7414	9621.3414	9621.3414	9621.5414	9622.0119
1	55	2	1	41	1	2	1	11	5	1	8	1	0.62106364	11	9623.3501	9623.5501	9623.5501	9623.7502	9624.1712
1	55	2	1	42	1	2	1	12	3	2	1	1	0.72524827	12	9625.5593	9626.1593	9626.1593	9626.3593	9626.8845
1	55	2	1	43	1	2	1	13	4	2	8	1	0.66148168	13	9628.168	9628.768	9628.768	9628.968	9629.4295
1	55	2	1	44	1	2	1	14	6	1	8	1	0.80191555	14	9630.7774	9630.9774	9630.9774	9631.1774	9631.7793
1	55	2	1	45	1	2	1	15	1	1	1	1	0.56076393	15	9632.9862	9633.1862	9633.1862	9633.3863	9633.747
1	55	2	1	46	1	2	1	16	1	1	8	0	0.48835841	15	9635.1953	9635.3953	9635.3953	9635.5953	9635.8837
1	55	2	1	47	1	2	1	17	2	2	1	1	0.60975273	16	9637.7145	9638.3145	9638.3146	9638.5146	9638.9243
1	55	2	1	48	1	2	1	18	4	2	8	1	0.69797993	17	9640.3232	9640.9232	9640.9233	9641.1233	9641.6213
1	55	2	1	49	1	2	1	19	3	1	1	1	0.65641969	18	9642.9324	9643.1325	9643.1325	9643.3325	9643.7889
1	55	2	1	50	1	2	1	20	4	2	8	1	0.50682919	19	9645.1418	9645.7418	9645.7418	9645.9418	9646.2486
1	55	2	1	51	1	2	1	21	6	2	8	1	0.59910715	20	9647.7491	9648.3491	9648.3491	9648.5491	9648.9482
1	55	2	1	52	1	2	1	22	2	2	1	1	0.64602673	21	9650.3578	9650.9578	9650.9578	9651.1578	9651.6039
1	55	2	1	53	1	2	1	23	2	1	1	1	0.61155891	22	9652.9673	9653.1673	9653.1673	9653.3673	9653.7789
1	55	2	1	54	1	2	1	24	6	1	8	1	0.67600739	23	9655.1747	9655.3747	9655.3747	9655.5747	9656.0507
1	55	2	1	55	1	2	1	25	3	2	1	1	0.6605258	24	9657.3837	9657.9837	9657.9838	9658.1838	9658.6443
1	55	2	1	56	1	2	1	26	4	1	8	1	0.53896446	25	9659.9934	9660.1934	9660.1934	9660.3934	9660.7324
1	55	2	1	57	1	2	1	27	2	2	1	1	0.5972991	26	9662.2027	9662.8027	9662.8027	9663.0027	9663.4
1	55	2	1	58	1	2	1	28	5	2	8	1	0.635711	27	9664.814	9665.414	9665.4141	9665.6141	9666.0498
1	55	2	1	59	1	2	1	29	3	2	1	1	0.62735102	28	9667.4235	9668.0235	9668.0236	9668.2236	9668.6509
1	55	2	1	60	1	2	1	30	6	1	8	1	0.68019856	29	9670.0335	9670.2335	9670.2335	9670.4336	9670.9137
1	55	2	1	61	1	6	2	1	5	1	0	0	-9687.7032	29	9687.5032	9687.7032	9687.7032	9687.9033	0
1	55	2	1	62	1	6	2	2	2	1	3	1	1.9977743	30	9690.0134	9690.2134	9690.2134	9690.4134	9692.2112
1	55	2	1	63	1	6	2	3	5	2	6	1	1.0200671	31	9692.2214	9692.8214	9692.8214	9693.0214	9693.8415
1	55	2	1	64	1	6	2	4	5	1	6	1	0.82934988	32	9694.8295	9695.0296	9695.0296	9695.2296	9695.859
1	55	2	1	65	1	6	2	5	1	1	2	1	0.8618645	33	9697.0365	9697.2366	9697.2366	9697.4366	9698.0984
1	55	2	1	66	1	6	2	6	3	1	4	1	1.0225092	34	9699.2466	9699.4466	9699.4467	9699.6467	9700.4692
1	55	2	1	67	1	6	2	7	6	1	7	1	0.76256548	35	9701.4573	9701.6574	9701.6574	9701.8574	9702.4199
1	55	2	1	68	1	6	2	8	1	2	1	0	0.662202	35	9703.6679	9704.268	9704.268	9704.468	9704.9302
1	55	2	1	69	1	6	2	9	4	2	5	1	1.2159183	36	9706.5865	9707.1865	9707.1865	9707.3865	9708.4024
1	55	2	1	70	1	6	2	10	1	2	2	1	0.80738042	37	9709.1949	9709.7949	9709.7949	9709.9949	9710.6023
1	55	2	1	71	1	6	2	11	5	1	6	1	1.0565965	38	9711.8061	9712.0061	9712.0061	9712.2061	9713.0627
1	55	2	1	72	1	6	2	12	3	2	4	1	1.0435174	39	9714.0143	9714.6143	9714.6143	9714.8144	9715.6579
1	55	2	1	73	1	6	2	13	4	2	5	1	0.80944291	40	9716.6251	9717.2251	9717.2252	9717.4252	9718.0346
1	55	2	1	74	1	6	2	14	6	1	7	1	1.6649923	41	9719.2358	9719.4358	9719.4358	9719.6358	9721.1008
1	55	2	1	75	1	6	2	15	1	1	2	1	0.87404633	42	9721.4489	9721.6489	9721.6489	9721.8489	9722.523
1	55	2	1	76	1	6	2	16	1	1	2	1	1.0023838	43	9723.6593	9723.8593	9723.8593	9724.0593	9724.8617
1	55	2	1	77	1	6	2	17	2	2	3	1	2.000336	44	9725.8679	9726.4679	9726.4679	9726.6679	9728.4682
1	55	2	1	78	1	6	2	18	4	2	5	1	1.0842578	45	9728.4789	9729.0789	9729.0789	9729.2789	9730.1632
1	55	2	1	79	1	6	2	19	3	1	4	1	0.72971929	46	9731.087	9731.2871	9731.2871	9731.4871	9732.0168
1	55	2	1	80	1	6	2	20	4	2	5	1	0.77900524	47	9733.2979	9733.8979	9733.8979	9734.0979	9734.6769
1	55	2	1	81	1	6	2	21	6	2	7	1	0.86896587	48	9735.909	9736.509	9736.509	9736.709	9737.378
1	55	2	1	82	1	6	2	22	2	2	3	1	1.2047626	49	9738.5196	9739.1196	9739.1196	9739.3196	9740.3243
1	55	2	1	83	1	6	2	23	2	1	3	1	0.59147053	50	9741.1307	9741.3307	9741.3307	9741.5307	9741.9222
1	55	2	1	84	1	6	2	24	6	1	7	1	0.89440599	51	9743.3421	9743.5421	9743.5421	9743.7422	9744.4366
1	55	2	1	85	1	6	2	25	3	2	4	1	0.78668703	52	9745.5525	9746.1525	9746.1525	9746.3525	9746.9392
1	55	2	1	86	1	6	2	26	4	1	5	1	0.69820551	53	9748.1623	9748.3623	9748.3623	9748.5623	9749.0605
1	55	2	1	87	1	6	2	27	2	2	3	1	0.82537234	54	9750.3759	9750.9759	9750.9759	9751.1759	9751.8013
1	55	2	1	88	1	6	2	28	5	2	6	1	0.97615618	55	9752.9872	9753.5872	9753.5872	9753.7873	9754.5634
1	55	2	1	89	1	6	2	29	3	2	4	1	0.71109002	56	9755.5985	9756.1985	9756.1985	9756.3985	9756.9096
1	55	2	1	90	1	6	2	30	6	1	7	1	0.79267454	57	9758.2095	9758.4095	9758.4095	9758.6095	9759.2022
1	55	2	1	91	1	2	2	1	3	1	1	1	0.60698219	1	9769.9816	9770.1817	9770.1817	9770.3817	9770.7886
1	55	2	1	92	1	2	2	2	2	1	8	0	0.47578044	1	9772.1932	9772.3932	9772.3932	9772.5932	9772.869
1	55	2	1	93	1	2	2	3	5	2	8	1	0.61438292	2	9774.7146	9775.3146	9775.3147	9775.5147	9775.9291
1	55	2	1	94	1	2	2	4	2	1	1	1	0.62148872	3	9777.3258	9777.5259	9777.5259	9777.7259	9778.1474
1	55	2	1	95	1	2	2	5	1	1	1	1	0.60774587	4	9779.5374	9779.7374	9779.7374	9779.9374	9780.3452
1	55	2	1	96	1	2	2	6	5	1	8	1	0.59285953	5	9781.7488	9781.9488	9781.9489	9782.1489	9782.5417
1	55	2	1	97	1	2	2	7	4	1	8	1	0.4566768	6	9783.9612	9784.1612	9784.1612	9784.3612	9784.6179
1	55	2	1	98	1	2	2	8	4	2	8	1	0.56928896	7	9786.1709	9786.7709	9786.7709	9786.9709	9787.3402
1	55	2	1	99	1	2	2	9	5	2	8	1	0.50792608	8	9788.783	9789.383	9789.383	9789.583	9789.8909
1	55	2	1	100	1	2	2	10	1	2	1	1	0.53416598	9	9791.3951	9791.9951	9791.9951	9792.1951	9792.5293
1	55	2	1	101	1	2	2	11	3	1	1	1	0.56417296	10	9794.0069	9794.2069	9794.2069	9794.4069	9794.7711
1	55	2	1	102	1	2	2	12	4	2	8	1	0.64197379	11	9796.2164	9796.8164	9796.8164	9797.0164	9797.4583
1	55	2	1	103	1	2	2	13	4	2	8	1	0.54132435	12	9798.8285	9799.4285	9799.4285	9799.6285	9799.9698
1	55	2	1	104	1	2	2	14	3	1	1	1	0.67550876	13	9801.4403	9801.6403	9801.6403	9801.8403	9802.3158
1	55	2	1	105	1	2	2	15	1	1	1	1	0.5595335	14	9803.6523	9803.8523	9803.8523	9804.0523	9804.4119
1	55	2	1	106	1	2	2	16	2	1	1	1	0.5058548	15	9805.8644	9806.0644	9806.0644	9806.2644	9806.5702
1	55	2	1	107	1	2	2	17	4	2	8	1	0.51220372	16	9808.0761	9808.6761	9808.6762	9808.8762	9809.1884
1	55	2	1	108	1	2	2	18	6	2	8	1	0.54180728	17	9810.6878	9811.2878	9811.2878	9811.4878	9811.8296
1	55	2	1	109	1	2	2	19	1	1	1	1	0.55784068	18	9813.3001	9813.5001	9813.5001	9813.7001	9814.0579
1	55	2	1	110	1	2	2	20	5	2	8	1	0.49816633	19	9815.5125	9816.1125	9816.1125	9816.3125	9816.6107
1	55	2	1	111	1	2	2	21	6	2	8	1	0.48494003	20	9818.1246	9818.7246	9818.7246	9818.9246	9819.2095
1	55	2	1	112	1	2	2	22	2	2	1	1	0.53987345	21	9820.7376	9821.3376	9821.3376	9821.5376	9821.8775
1	55	2	1	113	1	2	2	23	5	1	8	1	0.6148453	22	9823.348	9823.548	9823.548	9823.748	9824.1628
1	55	2	1	114	1	2	2	24	3	1	1	1	0.62829915	23	9825.5606	9825.7606	9825.7606	9825.9606	9826.3889
1	55	2	1	115	1	2	2	25	6	2	8	1	0.59629774	24	9827.7737	9828.3737	9828.3737	9828.5737	9828.97
1	55	2	1	116	1	2	2	26	2	1	1	1	0.72047488	25	9830.3853	9830.5853	9830.5853	9830.7853	9831.3057
1	55	2	1	117	1	2	2	27	6	2	8	1	0.66800025	26	9832.5983	9833.1983	9833.1983	9833.3983	9833.8663
1	55	2	1	118	1	2	2	28	3	2	1	1	0.67327421	27	9835.2106	9835.8106	9835.8106	9836.0106	9836.4838
1	55	2	1	119	1	2	2	29	6	2	8	1	0.49109282	28	9837.8236	9838.4237	9838.4237	9838.6237	9838.9148
1	55	2	1	120	1	2	2	30	1	1	1	1	0.59027126	29	9840.4367	9840.6368	9840.6368	9840.8368	9841.2271
1	55	2	1	121	1	6	3	1	3	1	4	1	1.0273412	30	9852.3906	9852.5906	9852.5906	9852.7906	9853.618
1	55	2	1	122	1	6	3	2	2	1	6	0	1.4433067	30	9854.6041	9854.8041	9854.8041	9855.0041	9856.2474
1	55	2	1	123	1	6	3	3	5	2	6	1	1.0721163	31	9857.1256	9857.7256	9857.7256	9857.9256	9858.7977
1	55	2	1	124	1	6	3	4	2	1	3	1	0.58437793	32	9859.738	9859.938	9859.938	9860.138	9860.5224
1	55	2	1	125	1	6	3	5	1	1	2	1	0.7264324	33	9861.951	9862.151	9862.151	9862.351	9862.8774
1	55	2	1	126	1	6	3	6	5	1	6	1	1.0476677	34	9864.1641	9864.3641	9864.3641	9864.5641	9865.4118
1	55	2	1	127	1	6	3	7	4	1	5	1	0.9418963	35	9866.3768	9866.5769	9866.5769	9866.7769	9867.5188
1	55	2	1	128	1	6	3	8	4	2	5	1	0.80299235	36	9868.5904	9869.1904	9869.1904	9869.3904	9869.9934
1	55	2	1	129	1	6	3	9	5	2	6	1	0.93559659	37	9871.2035	9871.8035	9871.8035	9872.0035	9872.7391
1	55	2	1	130	1	6	3	10	1	2	2	1	0.77706759	38	9873.8174	9874.4174	9874.4175	9874.6175	9875.1945
1	55	2	1	131	1	6	3	11	3	1	4	1	1.0113926	39	9876.431	9876.631	9876.631	9876.831	9877.6424
1	55	2	1	132	1	6	3	12	4	2	5	1	0.8603939	40	9878.6447	9879.2447	9879.2447	9879.4447	9880.1051
1	55	2	1	133	1	6	3	13	4	2	5	1	0.78486253	41	9881.257	9881.857	9881.857	9882.057	9882.6419
1	55	2	1	134	1	6	3	14	3	1	4	1	0.698978	42	9883.8704	9884.0704	9884.0704	9884.2704	9884.7693
1	55	2	1	135	1	6	3	15	1	1	2	1	0.96525529	43	9886.0841	9886.2841	9886.2841	9886.4841	9887.2494
1	55	2	1	136	1	6	3	16	2	1	3	1	0.83955354	44	9888.298	9888.498	9888.498	9888.698	9889.3376
1	55	2	1	137	1	6	3	17	4	2	5	1	0.80180078	45	9890.5113	9891.1113	9891.1113	9891.3113	9891.9131
1	55	2	1	138	1	6	3	18	6	2	7	1	0.67054379	46	9893.1253	9893.7253	9893.7253	9893.9253	9894.3958
1	55	2	1	139	1	6	3	19	1	1	2	1	0.84239676	47	9895.7367	9895.9367	9895.9367	9896.1367	9896.7791
1	55	2	1	140	1	6	3	20	5	2	6	1	0.95626066	48	9897.9507	9898.5507	9898.5507	9898.7507	9899.5069
1	55	2	1	141	1	6	3	21	6	2	7	1	0.89268649	49	9900.5646	9901.1646	9901.1646	9901.3646	9902.0573
1	55	2	1	142	1	6	3	22	2	2	3	1	0.71356449	50	9903.1786	9903.7786	9903.7786	9903.9786	9904.4922
1	55	2	1	143	1	6	3	23	5	1	6	1	1.9454356	51	9905.792	9905.992	9905.992	9906.192	9907.9375
1	55	2	1	144	1	6	3	24	3	1	5	0	1.2948346	51	9908.0034	9908.2034	9908.2034	9908.4034	9909.4983
1	55	2	1	145	1	6	3	25	6	2	7	1	0.80549666	52	9910.5206	9911.1206	9911.1206	9911.3206	9911.9261
1	55	2	1	146	1	6	3	26	2	1	3	1	0.75670414	53	9913.1351	9913.3351	9913.3351	9913.5352	9914.0918
1	55	2	1	147	1	6	3	27	6	2	7	1	0.77657502	54	9915.3493	9915.9493	9915.9493	9916.1493	9916.7258
1	55	2	1	148	1	6	3	28	3	2	4	1	0.73602375	55	9917.9619	9918.5619	9918.5619	9918.7619	9919.2979
1	55	2	1	149	1	6	3	29	6	2	7	1	0.73969711	56	9920.5762	9921.1762	9921.1762	9921.3762	9921.9159
1	55	2	1	150	1	6	3	30	1	1	2	1	0.78991443	57	9923.1904	9923.3904	9923.3904	9923.5904	9924.1804
1	55	2	1	151	1	2	3	1	1	1	1	1	0.59484543	1	9934.339	9934.539	9934.539	9934.739	9935.1338
1	55	2	1	152	1	2	3	2	3	1	1	1	0.77843998	2	9936.554	9936.754	9936.754	9936.954	9937.5324
1	55	2	1	153	1	2	3	3	3	2	1	1	0.55279646	3	9938.7684	9939.3684	9939.3684	9939.5684	9939.9212
1	55	2	1	154	1	2	3	4	3	1	1	1	0.49427006	4	9941.3829	9941.5829	9941.5829	9941.7829	9942.0772
1	55	2	1	155	1	2	3	5	6	1	8	1	0.54039269	5	9943.5974	9943.7974	9943.7974	9943.9974	9944.3378
1	55	2	1	156	1	2	3	6	2	1	1	1	0.63400733	6	9945.8094	9946.0094	9946.0094	9946.2094	9946.6434
1	55	2	1	157	1	2	3	7	2	1	1	1	0.48077556	7	9948.0567	9948.2567	9948.2567	9948.4567	9948.7375
1	55	2	1	158	1	2	3	8	1	2	1	1	0.49252076	8	9950.271	9950.871	9950.871	9951.071	9951.3635
1	55	2	1	159	1	2	3	9	4	2	8	1	0.44412659	9	9952.8861	9953.4861	9953.4861	9953.6861	9953.9302
1	55	2	1	160	1	2	3	10	2	2	1	1	0.70020641	10	9955.501	9956.101	9956.101	9956.301	9956.8012
1	55	2	1	161	1	2	3	11	6	1	8	1	0.60671133	11	9958.1159	9958.3159	9958.3159	9958.5159	9958.9226
1	55	2	1	162	1	2	3	12	1	2	1	1	0.53474452	12	9960.3309	9960.9309	9960.9309	9961.1309	9961.4656
1	55	2	1	163	1	2	3	13	3	2	1	1	0.6895709	13	9962.9461	9963.5461	9963.5461	9963.7461	9964.2357
1	55	2	1	164	1	2	3	14	4	1	8	1	0.82556253	14	9965.5614	9965.7614	9965.7614	9965.9614	9966.587
1	55	2	1	165	1	2	3	15	3	1	1	1	0.65805939	15	9967.776	9967.976	9967.976	9968.176	9968.6341
1	55	2	1	166	1	2	3	16	2	1	1	1	0.61831272	16	9969.9913	9970.1913	9970.1913	9970.3913	9970.8096
1	55	2	1	167	1	2	3	17	1	2	1	1	0.55655238	17	9972.2061	9972.8061	9972.8061	9973.0061	9973.3626
1	55	2	1	168	1	2	3	18	4	2	8	1	0.63789909	18	9974.8199	9975.4199	9975.4199	9975.6199	9976.0578
1	55	2	1	169	1	2	3	19	5	1	8	1	0.61483888	19	9977.4348	9977.6348	9977.6348	9977.8348	9978.2497
1	55	2	1	170	1	2	3	20	6	2	8	1	0.57716765	20	9979.6498	9980.2498	9980.2498	9980.4498	9980.827
1	55	2	1	171	1	2	3	21	5	2	8	1	0.53622356	21	9982.2659	9982.8659	9982.8659	9983.0659	9983.4021
1	55	2	1	172	1	2	3	22	5	2	8	1	0.5460229	22	9984.8811	9985.4811	9985.4811	9985.6811	9986.0271
1	55	2	1	173	1	2	3	23	6	1	8	1	0.56347324	23	9987.4965	9987.6965	9987.6965	9987.8965	9988.26
1	55	2	1	174	1	2	3	24	6	1	8	1	0.49976301	24	9989.709	9989.909	9989.909	9990.109	9990.4088
1	55	2	1	175	1	2	3	25	4	2	8	1	0.51761647	25	9991.9242	9992.5242	9992.5242	9992.7242	9993.0418
1	55	2	1	176	1	2	3	26	5	1	8	1	0.54284495	26	9994.5401	9994.7401	9994.7401	9994.9401	9995.283
1	55	2	1	177	1	2	3	27	2	2	1	1	0.56919891	27	9996.7552	9997.3552	9997.3552	9997.5552	9997.9244
1	55	2	1	178	1	2	3	28	1	2	1	1	0.63159331	28	9999.3702	9999.9703	9999.9703	10000.17	10000.602
1	55	2	1	179	1	2	3	29	4	2	8	1	0.67825254	29	10001.983	10002.583	10002.583	10002.783	10003.262
1	55	2	1	180	1	2	3	30	5	1	8	1	0.6037702	30	10004.599	10004.799	10004.799	10004.999	10005.403
1	55	2	1	181	2	6	4	1	1	1	2	1	0.72361404	31	10267.446	10267.646	10267.646	10267.846	10268.369
1	55	2	1	182	2	6	4	2	3	1	4	1	0.80430147	32	10269.662	10269.862	10269.862	10270.062	10270.666
1	55	2	1	183	2	6	4	3	3	2	4	1	0.76583636	33	10271.878	10272.478	10272.478	10272.678	10273.244
1	55	2	1	184	2	6	4	4	3	1	4	1	0.65605292	34	10274.491	10274.691	10274.691	10274.891	10275.347
1	55	2	1	185	2	6	4	5	6	1	7	1	0.66624743	35	10276.706	10276.906	10276.906	10277.106	10277.572
1	55	2	1	186	2	6	4	6	2	1	3	1	0.76115267	36	10278.922	10279.122	10279.122	10279.322	10279.883
1	55	2	1	187	2	6	4	7	2	1	3	1	0.59217842	37	10281.138	10281.338	10281.338	10281.538	10281.93
1	55	2	1	188	2	6	4	8	1	2	2	1	0.6867154	38	10283.354	10283.954	10283.954	10284.154	10284.641
1	55	2	1	189	2	6	4	9	4	2	5	1	0.47958678	39	10285.97	10286.57	10286.57	10286.77	10287.05
1	55	2	1	190	2	6	4	10	2	2	3	1	0.70327075	40	10288.586	10289.186	10289.186	10289.386	10289.89
1	55	2	1	191	2	6	4	11	6	1	7	1	0.53571082	41	10291.202	10291.402	10291.402	10291.602	10291.938
1	55	2	1	192	2	6	4	12	1	2	2	1	0.7493796	42	10293.469	10294.069	10294.069	10294.269	10294.818
1	55	2	1	193	2	6	4	13	3	2	4	1	0.81044382	43	10296.085	10296.685	10296.685	10296.885	10297.496
1	55	2	1	194	2	6	4	14	4	1	5	1	0.78994845	44	10298.701	10298.901	10298.901	10299.101	10299.691
1	55	2	1	195	2	6	4	15	3	1	4	1	0.69204176	45	10300.917	10301.117	10301.117	10301.317	10301.81
1	55	2	1	196	2	6	4	16	2	1	3	1	0.82275187	46	10303.132	10303.332	10303.332	10303.532	10304.155
1	55	2	1	197	2	6	4	17	1	2	2	1	0.67157248	47	10305.348	10305.948	10305.948	10306.148	10306.62
1	55	2	1	198	2	6	4	18	4	2	5	1	0.71645466	48	10307.965	10308.565	10308.565	10308.765	10309.281
1	55	2	1	199	2	6	4	19	5	1	6	1	0.63783988	49	10310.581	10310.781	10310.781	10310.981	10311.419
1	55	2	1	200	2	6	4	20	6	2	7	1	0.82273422	50	10312.799	10313.399	10313.399	10313.599	10314.221
1	55	2	1	201	2	6	4	21	5	2	6	1	0.67431808	51	10315.415	10316.015	10316.015	10316.215	10316.69
1	55	2	1	202	2	6	4	22	5	2	6	1	0.58457448	52	10318.029	10318.629	10318.629	10318.829	10319.214
1	55	2	1	203	2	6	4	23	6	1	7	1	0.70743628	53	10320.646	10320.846	10320.846	10321.046	10321.554
1	55	2	1	204	2	6	4	24	6	1	7	1	1.0504575	54	10322.863	10323.063	10323.063	10323.263	10324.114
1	55	2	1	205	2	6	4	25	4	2	5	1	0.76353508	55	10325.08	10325.68	10325.68	10325.88	10326.444
1	55	2	1	206	2	6	4	26	5	1	6	1	1.0425976	56	10327.697	10327.897	10327.897	10328.097	10328.94
1	55	2	1	207	2	6	4	27	2	2	3	1	0.74475849	57	10329.914	10330.514	10330.514	10330.714	10331.259
1	55	2	1	208	2	6	4	28	1	2	2	1	0.74770537	58	10332.529	10333.129	10333.129	10333.329	10333.877
1	55	2	1	209	2	6	4	29	4	2	5	1	0.70361134	59	10335.147	10335.747	10335.747	10335.947	10336.451
1	55	2	1	210	2	6	4	30	5	1	6	1	0.69447598	60	10337.765	10337.965	10337.965	10338.165	10338.66
1	55	2	1	211	2	2	4	1	2	1	1	1	0.57501559	1	10368.044	10368.244	10368.244	10368.444	10368.819
1	55	2	1	212	2	2	4	2	1	1	1	1	0.58888436	2	10370.261	10370.461	10370.461	10370.661	10371.05
1	55	2	1	213	2	2	4	3	2	2	1	1	0.6632348	3	10372.479	10373.079	10373.079	10373.279	10373.742
1	55	2	1	214	2	2	4	4	6	1	8	1	0.49814617	4	10375.097	10375.297	10375.297	10375.497	10375.795
1	55	2	1	215	2	2	4	5	2	1	1	1	0.49482108	5	10377.314	10377.514	10377.514	10377.714	10378.009
1	55	2	1	216	2	2	4	6	5	1	8	1	0.45473163	6	10379.531	10379.731	10379.731	10379.931	10380.186
1	55	2	1	217	2	2	4	7	6	1	8	1	0.48488749	7	10381.749	10381.949	10381.949	10382.149	10382.434
1	55	2	1	218	2	2	4	8	3	2	1	1	0.68892032	8	10383.964	10384.564	10384.564	10384.764	10385.253
1	55	2	1	219	2	2	4	9	3	2	1	1	0.4958408	9	10386.579	10387.179	10387.179	10387.379	10387.674
1	55	2	1	220	2	2	4	10	2	2	1	1	0.4807982	10	10389.196	10389.796	10389.796	10389.996	10390.277
1	55	2	1	221	2	2	4	11	5	1	8	1	0.46043288	11	10391.814	10392.014	10392.014	10392.214	10392.474
1	55	2	1	222	2	2	4	12	3	2	1	1	0.55291563	12	10394.031	10394.631	10394.631	10394.831	10395.184
1	55	2	1	223	2	2	4	13	1	2	1	1	0.52183905	13	10396.65	10397.25	10397.25	10397.45	10397.771
1	55	2	1	224	2	2	4	14	6	1	8	1	0.68821778	14	10399.268	10399.468	10399.468	10399.668	10400.156
1	55	2	1	225	2	2	4	15	5	1	8	1	0.44487633	15	10401.485	10401.685	10401.685	10401.885	10402.13
1	55	2	1	226	2	2	4	16	5	1	8	1	0.47053418	16	10403.703	10403.903	10403.903	10404.103	10404.374
1	55	2	1	227	2	2	4	17	2	2	1	1	0.58873502	17	10405.921	10406.521	10406.521	10406.721	10407.11
1	55	2	1	228	2	2	4	18	3	2	1	1	0.58510298	18	10408.539	10409.139	10409.139	10409.339	10409.724
1	55	2	1	229	2	2	4	19	4	1	8	1	0.55446603	19	10411.159	10411.359	10411.359	10411.559	10411.914
1	55	2	1	230	2	2	4	20	1	2	1	1	0.62469835	20	10413.377	10413.977	10413.977	10414.177	10414.602
1	55	2	1	231	2	2	4	21	4	2	8	1	0.50516681	21	10415.996	10416.596	10416.596	10416.796	10417.101
1	55	2	1	232	2	2	4	22	1	2	1	1	0.61954232	22	10418.614	10419.214	10419.214	10419.414	10419.834
1	55	2	1	233	2	2	4	23	1	1	1	1	0.6837661	23	10421.233	10421.433	10421.433	10421.633	10422.117
1	55	2	1	234	2	2	4	24	4	1	8	1	0.53181895	24	10423.45	10423.65	10423.65	10423.85	10424.182
1	55	2	1	235	2	2	4	25	5	2	8	1	0.52005706	25	10425.668	10426.268	10426.268	10426.468	10426.788
1	55	2	1	236	2	2	4	26	6	1	8	1	0.54162893	26	10428.286	10428.486	10428.486	10428.686	10429.027
1	55	2	1	237	2	2	4	27	3	2	1	1	0.62524915	27	10430.505	10431.105	10431.105	10431.305	10431.73
1	55	2	1	238	2	2	4	28	4	2	8	1	0.59242107	28	10433.125	10433.725	10433.725	10433.925	10434.318
1	55	2	1	239	2	2	4	29	4	2	8	1	0.55920928	29	10435.744	10436.344	10436.344	10436.544	10436.903
1	55	2	1	240	2	2	4	30	6	1	8	1	0.53633044	30	10438.362	10438.562	10438.562	10438.762	10439.099
1	55	2	1	241	2	6	5	1	2	1	3	1	0.83112316	31	10468.722	10468.922	10468.922	10469.122	10469.753
1	55	2	1	242	2	6	5	2	1	1	2	1	0.66347233	32	10470.942	10471.142	10471.142	10471.342	10471.806
1	55	2	1	243	2	6	5	3	2	2	3	1	0.7550823	33	10473.161	10473.761	10473.761	10473.961	10474.516
1	55	2	1	244	2	6	5	4	6	1	7	1	0.7041831	34	10475.781	10475.981	10475.981	10476.181	10476.685
1	55	2	1	245	2	6	5	5	2	1	3	1	0.7110355	35	10478	10478.2	10478.2	10478.4	10478.911
1	55	2	1	246	2	6	5	6	5	1	6	1	0.74533938	36	10480.219	10480.419	10480.419	10480.619	10481.165
1	55	2	1	247	2	6	5	7	6	1	7	1	0.60593353	37	10482.438	10482.638	10482.638	10482.838	10483.244
1	55	2	1	248	2	6	5	8	3	2	4	1	0.6901477	38	10484.657	10485.257	10485.257	10485.457	10485.947
1	55	2	1	249	2	6	5	9	3	2	4	1	0.65588264	39	10487.276	10487.876	10487.876	10488.076	10488.532
1	55	2	1	250	2	6	5	10	2	2	3	1	0.82649879	40	10489.898	10490.498	10490.498	10490.698	10491.324
1	55	2	1	251	2	6	5	11	5	1	6	1	0.79008288	41	10492.517	10492.717	10492.717	10492.917	10493.507
1	55	2	1	252	2	6	5	12	3	2	4	1	0.69385577	42	10494.733	10495.333	10495.333	10495.533	10496.027
1	55	2	1	253	2	6	5	13	1	2	2	1	0.74043927	43	10497.35	10497.95	10497.95	10498.15	10498.69
1	55	2	1	254	2	6	5	14	6	1	7	1	0.79348071	44	10499.969	10500.169	10500.169	10500.369	10500.962
1	55	2	1	255	2	6	5	15	5	1	6	1	0.99071668	45	10502.188	10502.388	10502.388	10502.588	10503.379
1	55	2	1	256	2	6	5	16	5	1	6	1	0.54629656	46	10504.408	10504.608	10504.608	10504.808	10505.154
1	55	2	1	257	2	6	5	17	2	2	3	1	0.77005284	47	10506.627	10507.227	10507.227	10507.427	10507.997
1	55	2	1	258	2	6	5	18	3	2	4	1	0.61553125	48	10509.244	10509.844	10509.844	10510.044	10510.459
1	55	2	1	259	2	6	5	19	4	1	5	1	0.45375423	49	10511.863	10512.063	10512.063	10512.263	10512.517
1	55	2	1	260	2	6	5	20	1	2	2	1	0.71276964	50	10514.083	10514.683	10514.683	10514.883	10515.396
1	55	2	1	261	2	6	5	21	4	2	5	1	0.82733116	51	10516.703	10517.303	10517.303	10517.503	10518.131
1	55	2	1	262	2	6	5	22	1	2	2	1	0.6626556	52	10519.32	10519.92	10519.92	10520.12	10520.583
1	55	2	1	263	2	6	5	23	1	1	2	1	0.58567753	53	10521.94	10522.14	10522.14	10522.34	10522.726
1	55	2	1	264	2	6	5	24	4	1	5	1	0.65057986	54	10524.162	10524.362	10524.362	10524.562	10525.012
1	55	2	1	265	2	6	5	25	5	2	6	1	0.64722283	55	10526.381	10526.981	10526.981	10527.181	10527.629
1	55	2	1	266	2	6	5	26	6	1	7	1	0.44738616	56	10528.998	10529.198	10529.198	10529.398	10529.646
1	55	2	1	267	2	6	5	27	3	2	4	1	0.81025921	57	10531.216	10531.816	10531.816	10532.016	10532.626
1	55	2	1	268	2	6	5	28	4	2	5	1	0.64644152	58	10533.836	10534.436	10534.436	10534.636	10535.083
1	55	2	1	269	2	6	5	29	4	2	5	1	0.6803225	59	10536.457	10537.057	10537.057	10537.257	10537.737
1	55	2	1	270	2	6	5	30	6	1	7	1	0.65455569	60	10539.078	10539.278	10539.278	10539.478	10539.932
1	55	2	1	271	2	2	5	1	3	1	1	1	0.60719095	1	10569.362	10569.562	10569.562	10569.762	10570.169
1	55	2	1	272	2	2	5	2	5	1	8	1	0.50638234	2	10571.583	10571.783	10571.783	10571.983	10572.289
1	55	2	1	273	2	2	5	3	3	2	1	1	0.43036251	3	10573.803	10574.403	10574.403	10574.603	10574.833
1	55	2	1	274	2	2	5	4	2	1	1	1	0.39355238	4	10576.42	10576.62	10576.62	10576.82	10577.013
1	55	2	1	275	2	2	5	5	6	1	8	1	0.43609115	5	10578.64	10578.84	10578.84	10579.04	10579.276
1	55	2	1	276	2	2	5	6	4	1	8	1	0.45679106	6	10580.861	10581.061	10581.061	10581.261	10581.518
1	55	2	1	277	2	2	5	7	1	1	1	1	0.37187178	7	10583.078	10583.278	10583.278	10583.478	10583.65
1	55	2	1	278	2	2	5	8	5	2	8	1	0.46582814	8	10585.298	10585.898	10585.898	10586.098	10586.364
1	55	2	1	279	2	2	5	9	4	2	8	1	0.43289788	9	10587.922	10588.522	10588.522	10588.722	10588.955
1	55	2	1	280	2	2	5	10	3	2	1	1	0.4788298	10	10590.542	10591.142	10591.142	10591.342	10591.621
1	55	2	1	281	2	2	5	11	5	1	8	1	0.53568225	11	10593.163	10593.363	10593.363	10593.563	10593.899
1	55	2	1	282	2	2	5	12	2	2	1	1	0.49148581	12	10595.385	10595.985	10595.985	10596.185	10596.477
1	55	2	1	283	2	2	5	13	6	2	8	1	0.41216709	13	10598.007	10598.607	10598.607	10598.807	10599.019
1	55	2	1	284	2	2	5	14	1	1	1	1	0.5474984	14	10600.627	10600.827	10600.827	10601.027	10601.374
1	55	2	1	285	2	2	5	15	6	1	8	1	0.50263967	15	10602.846	10603.046	10603.046	10603.246	10603.549
1	55	2	1	286	2	2	5	16	2	1	1	1	0.66296036	16	10605.067	10605.267	10605.267	10605.467	10605.93
1	55	2	1	287	2	2	5	17	1	2	1	1	0.53727121	17	10607.287	10607.887	10607.887	10608.087	10608.424
1	55	2	1	288	2	2	5	18	2	2	1	1	0.50441122	18	10609.907	10610.507	10610.507	10610.707	10611.011
1	55	2	1	289	2	2	5	19	5	1	8	1	0.53084531	19	10612.527	10612.727	10612.727	10612.927	10613.258
1	55	2	1	290	2	2	5	20	6	2	8	1	0.38740493	20	10614.75	10615.35	10615.35	10615.55	10615.737
1	55	2	1	291	2	2	5	21	1	2	1	1	0.51218004	21	10617.372	10617.972	10617.972	10618.172	10618.484
1	55	2	1	292	2	2	5	22	4	2	8	1	0.44352219	22	10619.992	10620.592	10620.592	10620.792	10621.036
1	55	2	1	293	2	2	5	23	4	1	8	1	0.52667464	23	10622.611	10622.811	10622.811	10623.011	10623.337
1	55	2	1	294	2	2	5	24	4	1	8	1	0.52915099	24	10624.829	10625.029	10625.029	10625.229	10625.558
1	55	2	1	295	2	2	5	25	1	2	1	1	0.57052423	25	10627.047	10627.647	10627.647	10627.847	10628.217
1	55	2	1	296	2	2	5	26	2	1	1	1	0.50805145	26	10629.668	10629.868	10629.868	10630.068	10630.376
1	55	2	1	297	2	2	5	27	6	2	8	1	0.52173617	27	10631.889	10632.489	10632.489	10632.689	10633.011
1	55	2	1	298	2	2	5	28	3	2	1	1	0.57077673	28	10634.511	10635.111	10635.111	10635.311	10635.682
1	55	2	1	299	2	2	5	29	3	2	1	1	0.49419676	29	10637.133	10637.733	10637.733	10637.933	10638.227
1	55	2	1	300	2	2	5	30	5	1	8	1	0.65314299	30	10639.751	10639.951	10639.951	10640.151	10640.604
1	55	2	1	301	2	6	6	1	3	1	7	1	1.9981177	31	10670.072	10670.272	10670.272	10670.472	10672.27
1	55	2	1	302	2	6	6	2	5	1	6	1	0.83205065	32	10672.292	10672.492	10672.492	10672.692	10673.324
1	55	2	1	303	2	6	6	3	3	2	4	1	0.75917674	33	10674.514	10675.114	10675.114	10675.314	10675.873
1	55	2	1	304	2	6	6	4	2	1	3	1	0.72236034	34	10677.132	10677.332	10677.332	10677.532	10678.055
1	55	2	1	305	2	6	6	5	6	1	7	1	0.72158312	35	10679.355	10679.555	10679.555	10679.755	10680.277
1	55	2	1	306	2	6	6	6	4	1	5	1	0.78743679	36	10681.577	10681.777	10681.777	10681.977	10682.564
1	55	2	1	307	2	6	6	7	1	1	2	1	0.64403153	37	10683.8	10684	10684	10684.2	10684.644
1	55	2	1	308	2	6	6	8	5	2	6	1	0.75717839	38	10686.022	10686.622	10686.622	10686.822	10687.379
1	55	2	1	309	2	6	6	9	4	2	5	1	0.70345276	39	10688.643	10689.243	10689.243	10689.444	10689.947
1	55	2	1	310	2	6	6	10	3	2	4	1	0.68145953	40	10691.266	10691.866	10691.866	10692.066	10692.547
1	55	2	1	311	2	6	6	11	5	1	6	1	0.63583478	41	10693.887	10694.087	10694.087	10694.287	10694.723
1	55	2	1	312	2	6	6	12	2	2	3	1	0.73373391	42	10696.11	10696.71	10696.71	10696.91	10697.443
1	55	2	1	313	2	6	6	13	6	2	7	1	0.83942066	43	10698.732	10699.332	10699.332	10699.532	10700.171
1	55	2	1	314	2	6	6	14	1	1	2	1	0.73552484	44	10701.354	10701.554	10701.554	10701.754	10702.289
1	55	2	1	315	2	6	6	15	6	1	7	1	0.8412817	45	10703.576	10703.776	10703.776	10703.976	10704.617
1	55	2	1	316	2	6	6	16	2	1	3	1	0.72516681	46	10705.798	10705.998	10705.998	10706.198	10706.723
1	55	2	1	317	2	6	6	17	1	2	2	1	0.73272055	47	10708.017	10708.617	10708.617	10708.817	10709.35
1	55	2	1	318	2	6	6	18	2	2	3	1	0.69017786	48	10710.639	10711.239	10711.239	10711.439	10711.929
1	55	2	1	319	2	6	6	19	5	1	6	1	0.64804527	49	10713.261	10713.461	10713.461	10713.661	10714.109
1	55	2	1	320	2	6	6	20	6	2	7	1	1.3370115	50	10715.484	10716.084	10716.084	10716.284	10717.421
1	55	2	1	321	2	6	6	21	1	2	2	1	0.73580288	51	10718.107	10718.707	10718.707	10718.907	10719.442
1	55	2	1	322	2	6	6	22	4	2	5	1	0.71379882	52	10720.729	10721.329	10721.329	10721.529	10722.042
1	55	2	1	323	2	6	6	23	4	1	5	1	0.6525448	53	10723.351	10723.551	10723.551	10723.751	10724.204
1	55	2	1	324	2	6	6	24	4	1	5	1	0.58743356	54	10725.573	10725.773	10725.773	10725.973	10726.361
1	55	2	1	325	2	6	6	25	1	2	2	1	0.71838495	55	10727.796	10728.396	10728.396	10728.596	10729.114
1	55	2	1	326	2	6	6	26	2	1	3	1	0.78915794	56	10730.419	10730.619	10730.619	10730.819	10731.409
1	55	2	1	327	2	6	6	27	6	2	7	1	0.74640153	57	10732.642	10733.242	10733.242	10733.442	10733.989
1	55	2	1	328	2	6	6	28	3	2	4	1	0.86597732	58	10735.265	10735.865	10735.865	10736.065	10736.731
1	55	2	1	329	2	6	6	29	3	2	4	1	0.81399368	59	10737.887	10738.487	10738.487	10738.687	10739.301
1	55	2	1	330	2	6	6	30	5	1	6	1	0.75103512	60	10740.51	10740.71	10740.71	10740.91	10741.461
1	55	2	1	331	2	2	6	1	6	1	8	1	0.53054642	1	10770.799	10770.999	10770.999	10771.199	10771.53
1	55	2	1	332	2	2	6	2	4	1	8	1	0.53454886	2	10773.022	10773.222	10773.222	10773.422	10773.756
1	55	2	1	333	2	2	6	3	2	2	1	1	0.59458011	3	10775.248	10775.848	10775.848	10776.048	10776.443
1	55	2	1	334	2	2	6	4	3	1	1	1	0.73859103	4	10777.871	10778.071	10778.071	10778.271	10778.81
1	55	2	1	335	2	2	6	5	4	1	8	1	0.50731896	5	10780.095	10780.295	10780.295	10780.495	10780.802
1	55	2	1	336	2	2	6	6	4	1	8	1	0.4562271	6	10782.318	10782.518	10782.518	10782.718	10782.974
1	55	2	1	337	2	2	6	7	6	1	8	1	0.49590131	7	10784.541	10784.741	10784.741	10784.941	10785.236
1	55	2	1	338	2	2	6	8	1	2	1	1	0.63244249	8	10786.763	10787.363	10787.363	10787.563	10787.996
1	55	2	1	339	2	2	6	9	5	2	8	1	0.55147282	9	10789.387	10789.987	10789.987	10790.187	10790.538
1	55	2	1	340	2	2	6	10	5	2	8	1	0.49689389	10	10792.048	10792.648	10792.648	10792.848	10793.145
1	55	2	1	341	2	2	6	11	2	1	1	1	0.62153303	11	10794.671	10794.871	10794.871	10795.071	10795.492
1	55	2	1	342	2	2	6	12	2	2	1	1	0.563807	12	10796.893	10797.493	10797.493	10797.693	10798.057
1	55	2	1	343	2	2	6	13	6	2	8	1	0.54850852	13	10799.517	10800.117	10800.117	10800.317	10800.665
1	55	2	1	344	2	2	6	14	1	1	1	1	0.66470488	14	10802.14	10802.34	10802.34	10802.54	10803.005
1	55	2	1	345	2	2	6	15	1	1	1	1	0.52571474	15	10804.364	10804.564	10804.564	10804.764	10805.09
1	55	2	1	346	2	2	6	16	1	1	1	1	0.60661755	16	10806.591	10806.791	10806.791	10806.991	10807.397
1	55	2	1	347	2	2	6	17	6	2	8	1	0.57457212	17	10808.814	10809.414	10809.414	10809.614	10809.989
1	55	2	1	348	2	2	6	18	6	2	8	1	0.47090218	18	10811.436	10812.036	10812.036	10812.236	10812.506
1	55	2	1	349	2	2	6	19	5	1	8	1	0.52669678	19	10814.06	10814.26	10814.26	10814.46	10814.786
1	55	2	1	350	2	2	6	20	5	2	8	1	0.45636229	20	10816.284	10816.884	10816.884	10817.084	10817.34
1	55	2	1	351	2	2	6	21	4	2	8	1	0.46364504	21	10818.908	10819.508	10819.508	10819.708	10819.972
1	55	2	1	352	2	2	6	22	2	2	1	1	0.67624284	22	10821.528	10822.128	10822.128	10822.328	10822.805
1	55	2	1	353	2	2	6	23	4	1	8	1	0.90758886	23	10824.153	10824.353	10824.353	10824.553	10825.26
1	55	2	1	354	2	2	6	24	5	1	8	1	0.52146243	24	10826.377	10826.577	10826.577	10826.777	10827.099
1	55	2	1	355	2	2	6	25	3	2	1	1	0.65105876	25	10828.601	10829.201	10829.201	10829.401	10829.853
1	55	2	1	356	2	2	6	26	3	1	1	1	0.4951048	26	10831.229	10831.429	10831.429	10831.629	10831.924
1	55	2	1	357	2	2	6	27	3	2	1	1	0.42267683	27	10833.452	10834.052	10834.052	10834.252	10834.475
1	55	2	1	358	2	2	6	28	2	2	1	1	0.43139568	28	10836.076	10836.676	10836.676	10836.876	10837.108
1	55	2	1	359	2	2	6	29	3	2	1	1	0.48826866	29	10838.7	10839.3	10839.3	10839.5	10839.788
1	55	2	1	360	2	2	6	30	1	1	1	1	0.49343137	30	10841.321	10841.521	10841.521	10841.721	10842.014
1	55	2	1	361	3	6	7	1	6	1	7	1	0.81490049	31	11661.861	11662.061	11662.061	11662.261	11662.876
1	55	2	1	362	3	6	7	2	4	1	5	1	0.71794156	32	11664.086	11664.286	11664.286	11664.486	11665.003
1	55	2	1	363	3	6	7	3	2	2	3	1	0.90607086	33	11666.307	11666.907	11666.907	11667.107	11667.813
1	55	2	1	364	3	6	7	4	3	1	4	1	0.74669358	34	11668.93	11669.13	11669.13	11669.33	11669.877
1	55	2	1	365	3	6	7	5	4	1	5	1	0.7456398	35	11671.155	11671.355	11671.355	11671.555	11672.1
1	55	2	1	366	3	6	7	6	4	1	5	1	0.68679816	36	11673.377	11673.577	11673.577	11673.777	11674.263
1	55	2	1	367	3	6	7	7	6	1	7	1	0.73008227	37	11675.6	11675.8	11675.8	11676	11676.53
1	55	2	1	368	3	6	7	8	1	2	2	1	0.74610941	38	11677.825	11678.425	11678.425	11678.625	11679.171
1	55	2	1	369	3	6	7	9	5	2	6	1	0.78356709	39	11680.451	11681.051	11681.051	11681.251	11681.834
1	55	2	1	370	3	6	7	10	5	2	6	1	0.56646559	40	11683.075	11683.675	11683.675	11683.875	11684.241
1	55	2	1	371	3	6	7	11	2	1	3	1	0.80509704	41	11685.7	11685.9	11685.9	11686.1	11686.705
1	55	2	1	372	3	6	7	12	2	2	3	1	0.66101524	42	11687.925	11688.525	11688.525	11688.725	11689.186
1	55	2	1	373	3	6	7	13	6	2	7	1	0.75584684	43	11690.55	11691.15	11691.15	11691.35	11691.905
1	55	2	1	374	3	6	7	14	1	1	2	1	0.71475748	44	11693.175	11693.375	11693.375	11693.575	11694.089
1	55	2	1	375	3	6	7	15	1	1	2	1	0.59406841	45	11695.4	11695.6	11695.6	11695.8	11696.194
1	55	2	1	376	3	6	7	16	1	1	2	1	0.5382678	46	11697.625	11697.825	11697.825	11698.025	11698.364
1	55	2	1	377	3	6	7	17	6	2	7	1	0.67962032	47	11699.851	11700.451	11700.451	11700.651	11701.13
1	55	2	1	378	3	6	7	18	6	2	7	1	0.55254094	48	11702.475	11703.075	11703.075	11703.275	11703.627
1	55	2	1	379	3	6	7	19	5	1	6	1	0.68870124	49	11705.1	11705.3	11705.3	11705.5	11705.988
1	55	2	1	380	3	6	7	20	5	2	6	1	0.566056	50	11707.325	11707.925	11707.925	11708.125	11708.491
1	55	2	1	381	3	6	7	21	4	2	5	1	0.68955046	51	11709.946	11710.546	11710.546	11710.746	11711.236
1	55	2	1	382	3	6	7	22	2	2	3	1	0.65512798	52	11712.571	11713.171	11713.171	11713.371	11713.827
1	55	2	1	383	3	6	7	23	4	1	5	1	0.79807699	53	11715.197	11715.397	11715.397	11715.597	11716.195
1	55	2	1	384	3	6	7	24	5	1	6	1	0.74950689	54	11717.422	11717.622	11717.622	11717.822	11718.372
1	55	2	1	385	3	6	7	25	3	2	4	1	0.69831365	55	11719.647	11720.247	11720.247	11720.447	11720.945
1	55	2	1	386	3	6	7	26	3	1	4	1	0.61974823	56	11722.272	11722.472	11722.472	11722.672	11723.092
1	55	2	1	387	3	6	7	27	3	2	4	1	0.65009591	57	11724.497	11725.097	11725.097	11725.297	11725.747
1	55	2	1	388	3	6	7	28	2	2	3	1	0.85340899	58	11727.123	11727.723	11727.723	11727.923	11728.577
1	55	2	1	389	3	6	7	29	3	2	4	1	0.61514093	59	11729.748	11730.348	11730.348	11730.548	11730.963
1	55	2	1	390	3	6	7	30	1	1	2	1	0.73122564	60	11732.374	11732.574	11732.574	11732.774	11733.305
1	55	2	1	391	3	2	7	1	4	1	8	1	0.75069767	1	11762.669	11762.869	11762.869	11763.069	11763.62
1	55	2	1	392	3	2	7	2	6	1	8	1	0.53985547	2	11764.895	11765.095	11765.095	11765.295	11765.635
1	55	2	1	393	3	2	7	3	5	2	8	1	0.6745507	3	11767.121	11767.721	11767.721	11767.921	11768.395
1	55	2	1	394	3	2	7	4	3	1	1	1	0.50629094	4	11769.747	11769.947	11769.947	11770.147	11770.453
1	55	2	1	395	3	2	7	5	4	1	8	1	0.51247018	5	11771.973	11772.173	11772.173	11772.373	11772.685
1	55	2	1	396	3	2	7	6	1	1	1	1	0.60647106	6	11774.197	11774.397	11774.397	11774.597	11775.003
1	55	2	1	397	3	2	7	7	3	1	1	1	0.54721493	7	11776.425	11776.625	11776.625	11776.825	11777.173
1	55	2	1	398	3	2	7	8	2	2	1	1	0.56553375	8	11778.652	11779.252	11779.252	11779.452	11779.817
1	55	2	1	399	3	2	7	9	5	2	8	1	0.51096314	9	11781.278	11781.878	11781.878	11782.078	11782.389
1	55	2	1	400	3	2	7	10	1	2	1	1	0.56110854	10	11783.905	11784.505	11784.505	11784.705	11785.066
1	55	2	1	401	3	2	7	11	2	1	1	1	0.59149548	11	11786.531	11786.731	11786.731	11786.931	11787.323
1	55	2	1	402	3	2	7	12	4	2	8	1	0.61023091	12	11788.762	11789.362	11789.362	11789.562	11789.972
1	55	2	1	403	3	2	7	13	3	2	1	1	0.57789588	13	11791.388	11791.988	11791.988	11792.188	11792.566
1	55	2	1	404	3	2	7	14	6	1	8	1	0.59868956	14	11794.015	11794.215	11794.215	11794.415	11794.814
1	55	2	1	405	3	2	7	15	3	1	1	1	0.66896418	15	11796.24	11796.44	11796.44	11796.64	11797.109
1	55	2	1	406	3	2	7	16	2	1	1	1	0.63086588	16	11798.467	11798.667	11798.667	11798.867	11799.297
1	55	2	1	407	3	2	7	17	1	2	1	1	0.52619416	17	11800.692	11801.292	11801.292	11801.492	11801.819
1	55	2	1	408	3	2	7	18	5	2	8	1	0.52610618	18	11803.319	11803.919	11803.919	11804.119	11804.445
1	55	2	1	409	3	2	7	19	4	1	8	1	0.60991088	19	11805.945	11806.145	11806.145	11806.345	11806.755
1	55	2	1	410	3	2	7	20	1	2	1	1	0.62593898	20	11808.171	11808.771	11808.771	11808.971	11809.397
1	55	2	1	411	3	2	7	21	4	2	8	1	0.4991155	21	11810.795	11811.395	11811.395	11811.595	11811.894
1	55	2	1	412	3	2	7	22	6	2	8	1	0.57477872	22	11813.42	11814.02	11814.02	11814.22	11814.595
1	55	2	1	413	3	2	7	23	5	1	8	1	0.55123429	23	11816.046	11816.246	11816.246	11816.446	11816.798
1	55	2	1	414	3	2	7	24	6	1	8	1	0.54121289	24	11818.272	11818.472	11818.472	11818.672	11819.013
1	55	2	1	415	3	2	7	25	6	2	8	1	0.56658253	25	11820.499	11821.099	11821.099	11821.299	11821.666
1	55	2	1	416	3	2	7	26	2	1	1	1	0.70567183	26	11823.129	11823.329	11823.329	11823.529	11824.035
1	55	2	1	417	3	2	7	27	1	2	1	1	0.53581182	27	11825.356	11825.956	11825.956	11826.156	11826.492
1	55	2	1	418	3	2	7	28	5	2	8	1	0.58153669	28	11827.983	11828.583	11828.583	11828.783	11829.164
1	55	2	1	419	3	2	7	29	3	2	1	1	0.64376649	29	11830.609	11831.209	11831.209	11831.409	11831.853
1	55	2	1	420	3	2	7	30	2	1	1	1	0.66337015	30	11833.236	11833.436	11833.436	11833.636	11834.1
1	55	2	1	421	3	6	8	1	4	1	5	1	0.79533974	31	11863.55	11863.75	11863.75	11863.95	11864.545
1	55	2	1	422	3	6	8	2	6	1	7	1	0.58491666	32	11865.777	11865.977	11865.977	11866.177	11866.562
1	55	2	1	423	3	6	8	3	5	2	6	1	0.669697	33	11868.005	11868.605	11868.605	11868.805	11869.275
1	55	2	1	424	3	6	8	4	3	1	4	1	0.91662634	34	11870.632	11870.832	11870.832	11871.032	11871.749
1	55	2	1	425	3	6	8	5	4	1	5	1	0.67429048	35	11872.859	11873.059	11873.059	11873.259	11873.733
1	55	2	1	426	3	6	8	6	1	1	2	1	0.64757002	36	11875.086	11875.286	11875.286	11875.486	11875.934
1	55	2	1	427	3	6	8	7	3	1	4	1	0.68770743	37	11877.314	11877.514	11877.514	11877.714	11878.201
1	55	2	1	428	3	6	8	8	2	2	3	1	0.65561611	38	11879.541	11880.141	11880.141	11880.341	11880.796
1	55	2	1	429	3	6	8	9	5	2	6	1	0.59256501	39	11882.168	11882.768	11882.768	11882.968	11883.361
1	55	2	1	430	3	6	8	10	1	2	2	1	0.63756167	40	11884.796	11885.396	11885.396	11885.596	11886.034
1	55	2	1	431	3	6	8	11	2	1	3	1	0.5815494	41	11887.43	11887.63	11887.63	11887.83	11888.212
1	55	2	1	432	3	6	8	12	4	2	5	1	0.66879298	42	11889.657	11890.257	11890.257	11890.457	11890.926
1	55	2	1	433	3	6	8	13	3	2	4	1	0.68534592	43	11892.284	11892.884	11892.884	11893.084	11893.569
1	55	2	1	434	3	6	8	14	6	1	7	1	1.0365646	44	11894.911	11895.111	11895.111	11895.311	11896.148
1	55	2	1	435	3	6	8	15	3	1	4	1	0.66131906	45	11897.14	11897.34	11897.34	11897.54	11898.001
1	55	2	1	436	3	6	8	16	2	1	3	1	0.62848029	46	11899.367	11899.567	11899.567	11899.767	11900.196
1	55	2	1	437	3	6	8	17	1	2	2	1	0.57374327	47	11901.595	11902.195	11902.195	11902.395	11902.769
1	55	2	1	438	3	6	8	18	5	2	6	1	1.5734794	48	11904.224	11904.824	11904.824	11905.024	11906.397
1	55	2	1	439	3	6	8	19	4	1	5	1	0.72973883	49	11906.852	11907.052	11907.052	11907.252	11907.782
1	55	2	1	440	3	6	8	20	1	2	2	1	0.63207494	50	11909.083	11909.683	11909.683	11909.883	11910.315
1	55	2	1	441	3	6	8	21	4	2	5	1	0.65296601	51	11911.71	11912.31	11912.31	11912.51	11912.963
1	55	2	1	442	3	6	8	22	6	2	7	1	0.6838461	52	11914.342	11914.942	11914.942	11915.142	11915.626
1	55	2	1	443	3	6	8	23	5	1	6	1	0.6574603	53	11916.97	11917.17	11917.17	11917.37	11917.827
1	55	2	1	444	3	6	8	24	6	1	7	1	0.6059912	54	11919.198	11919.398	11919.398	11919.598	11920.004
1	55	2	1	445	3	6	8	25	6	2	7	1	0.54413573	55	11921.427	11922.027	11922.027	11922.227	11922.571
1	55	2	1	446	3	6	8	26	2	1	3	1	0.70199054	56	11924.055	11924.255	11924.255	11924.455	11924.957
1	55	2	1	447	3	6	8	27	1	2	2	1	0.51100327	57	11926.283	11926.883	11926.883	11927.083	11927.394
1	55	2	1	448	3	6	8	28	5	2	6	1	0.65744065	58	11928.912	11929.512	11929.512	11929.712	11930.169
1	55	2	1	449	3	6	8	29	3	2	4	1	0.60137145	59	11931.538	11932.138	11932.138	11932.338	11932.739
1	55	2	1	450	3	6	8	30	2	1	3	1	0.6215117	60	11934.166	11934.366	11934.366	11934.566	11934.987
1	55	2	1	451	3	2	8	1	4	1	8	1	0.58306369	1	11964.459	11964.659	11964.659	11964.859	11965.242
1	55	2	1	452	3	2	8	2	4	1	8	1	0.48329365	2	11966.687	11966.887	11966.887	11967.087	11967.37
1	55	2	1	453	3	2	8	3	6	2	8	1	0.48789361	3	11968.915	11969.515	11969.515	11969.715	11970.003
1	55	2	1	454	3	2	8	4	4	1	8	1	0.55265364	4	11971.543	11971.743	11971.743	11971.943	11972.296
1	55	2	1	455	3	2	8	5	5	1	8	1	0.47837372	5	11973.772	11973.972	11973.972	11974.172	11974.45
1	55	2	1	456	3	2	8	6	5	1	8	1	0.48304556	6	11976.001	11976.201	11976.201	11976.401	11976.684
1	55	2	1	457	3	2	8	7	1	1	1	1	0.44612067	7	11978.229	11978.429	11978.429	11978.629	11978.875
1	55	2	1	458	3	2	8	8	5	2	8	1	0.49587517	8	11980.458	11981.058	11981.058	11981.258	11981.553
1	55	2	1	459	3	2	8	9	2	2	1	1	0.46096154	9	11983.084	11983.684	11983.684	11983.884	11984.145
1	55	2	1	460	3	2	8	10	3	2	1	1	0.52290766	10	11985.713	11986.313	11986.313	11986.513	11986.836
1	55	2	1	461	3	2	8	11	1	1	1	1	0.45719774	11	11988.339	11988.539	11988.539	11988.739	11988.996
1	55	2	1	462	3	2	8	12	4	2	8	1	0.39440846	12	11990.568	11991.168	11991.168	11991.368	11991.562
1	55	2	1	463	3	2	8	13	4	2	8	1	0.48084568	13	11993.196	11993.796	11993.796	11993.996	11994.277
1	55	2	1	464	3	2	8	14	6	1	8	1	0.56087067	14	11995.825	11996.025	11996.025	11996.225	11996.586
1	55	2	1	465	3	2	8	15	1	1	1	1	0.45462182	15	11998.055	11998.255	11998.255	11998.455	11998.709
1	55	2	1	466	3	2	8	16	2	1	1	1	0.39829711	16	12000.284	12000.484	12000.484	12000.684	12000.883
1	55	2	1	467	3	2	8	17	3	2	1	1	0.39961881	17	12002.517	12003.117	12003.117	12003.317	12003.517
1	55	2	1	468	3	2	8	18	5	2	8	1	0.53514066	18	12005.147	12005.747	12005.747	12005.947	12006.282
1	55	2	1	469	3	2	8	19	6	1	8	1	0.49037532	19	12007.776	12007.976	12007.976	12008.176	12008.466
1	55	2	1	470	3	2	8	20	1	2	1	1	0.55201236	20	12010.006	12010.606	12010.606	12010.806	12011.158
1	55	2	1	471	3	2	8	21	2	2	1	1	0.57834595	21	12012.633	12013.233	12013.233	12013.433	12013.811
1	55	2	1	472	3	2	8	22	6	2	8	1	0.51003842	22	12015.262	12015.862	12015.862	12016.062	12016.372
1	55	2	1	473	3	2	8	23	1	1	1	1	0.55849626	23	12017.891	12018.091	12018.091	12018.291	12018.649
1	55	2	1	474	3	2	8	24	5	1	8	1	0.5369999	24	12020.122	12020.322	12020.323	12020.523	12020.86
1	55	2	1	475	3	2	8	25	3	2	1	1	0.50616936	25	12022.352	12022.952	12022.952	12023.152	12023.458
1	55	2	1	476	3	2	8	26	3	1	1	1	0.58279599	26	12024.981	12025.181	12025.181	12025.381	12025.764
1	55	2	1	477	3	2	8	27	6	2	8	1	0.5294156	27	12027.21	12027.81	12027.81	12028.01	12028.339
1	55	2	1	478	3	2	8	28	3	2	1	1	0.6040119	28	12029.839	12030.439	12030.439	12030.639	12031.043
1	55	2	1	479	3	2	8	29	2	2	1	1	0.53894633	29	12032.467	12033.067	12033.067	12033.267	12033.606
1	55	2	1	480	3	2	8	30	2	1	1	1	0.52894624	30	12035.099	12035.299	12035.299	12035.499	12035.828
1	55	2	1	481	3	6	9	1	4	1	5	1	0.71335589	31	12065.417	12065.617	12065.617	12065.817	12066.331
1	55	2	1	482	3	6	9	2	4	1	5	1	0.61075986	32	12067.646	12067.846	12067.846	12068.046	12068.457
1	55	2	1	483	3	6	9	3	6	2	7	1	0.60573595	33	12069.876	12070.476	12070.476	12070.676	12071.082
1	55	2	1	484	3	6	9	4	4	1	5	1	0.69794507	34	12072.506	12072.706	12072.706	12072.906	12073.404
1	55	2	1	485	3	6	9	5	5	1	6	1	0.58562477	35	12074.736	12074.936	12074.936	12075.136	12075.521
1	55	2	1	486	3	6	9	6	5	1	6	1	0.87079029	36	12076.966	12077.166	12077.166	12077.366	12078.037
1	55	2	1	487	3	6	9	7	1	1	2	1	0.8136272	37	12079.199	12079.399	12079.399	12079.599	12080.212
1	55	2	1	488	3	6	9	8	5	2	6	1	0.78217164	38	12081.429	12082.029	12082.029	12082.229	12082.811
1	55	2	1	489	3	6	9	9	2	2	3	1	0.64718748	39	12084.059	12084.659	12084.659	12084.859	12085.306
1	55	2	1	490	3	6	9	10	3	2	4	1	0.62898116	40	12086.689	12087.289	12087.289	12087.489	12087.918
1	55	2	1	491	3	6	9	11	1	1	2	1	0.65194183	41	12089.318	12089.518	12089.518	12089.718	12090.17
1	55	2	1	492	3	6	9	12	4	2	5	1	1.7101643	42	12091.549	12092.149	12092.149	12092.349	12093.859
1	55	2	1	493	3	6	9	13	4	2	5	1	0.64986451	43	12094.179	12094.779	12094.779	12094.979	12095.429
1	55	2	1	494	3	6	9	14	6	1	7	1	0.7153642	44	12096.809	12097.009	12097.009	12097.209	12097.724
1	55	2	1	495	3	6	9	15	1	1	2	1	0.69054118	45	12099.038	12099.238	12099.239	12099.439	12099.929
1	55	2	1	496	3	6	9	16	2	1	3	1	0.55188299	46	12101.268	12101.468	12101.469	12101.669	12102.02
1	55	2	1	497	3	6	9	17	3	2	4	1	1.1737053	47	12103.499	12104.099	12104.099	12104.299	12105.273
1	55	2	1	498	3	6	9	18	5	2	6	1	0.83600246	48	12106.129	12106.729	12106.729	12106.929	12107.565
1	55	2	1	499	3	6	9	19	6	1	7	1	0.69139846	49	12108.76	12108.96	12108.96	12109.16	12109.651
1	55	2	1	500	3	6	9	20	1	2	2	1	0.69366231	50	12110.989	12111.589	12111.589	12111.789	12112.283
1	55	2	1	501	3	6	9	21	2	2	3	1	0.61614714	51	12113.619	12114.219	12114.219	12114.419	12114.836
1	55	2	1	502	3	6	9	22	6	2	7	1	0.70899926	52	12116.256	12116.856	12116.856	12117.056	12117.565
1	55	2	1	503	3	6	9	23	1	1	2	1	0.71061223	53	12118.885	12119.085	12119.085	12119.285	12119.796
1	55	2	1	504	3	6	9	24	5	1	6	1	0.7104744	54	12121.117	12121.317	12121.317	12121.517	12122.027
1	55	2	1	505	3	6	9	25	3	2	4	1	0.71455346	55	12123.348	12123.948	12123.948	12124.148	12124.662
1	55	2	1	506	3	6	9	26	3	1	4	1	0.62427519	56	12125.979	12126.179	12126.179	12126.379	12126.803
1	55	2	1	507	3	6	9	27	6	2	7	1	0.74453343	57	12128.21	12128.81	12128.81	12129.01	12129.554
1	55	2	1	508	3	6	9	28	3	2	4	1	0.67207347	58	12130.843	12131.443	12131.443	12131.643	12132.115
1	55	2	1	509	3	6	9	29	2	2	3	1	0.73171742	59	12133.474	12134.074	12134.074	12134.274	12134.806
1	55	2	1	510	3	6	9	30	2	1	3	1	0.53034677	60	12136.105	12136.305	12136.305	12136.505	12136.836
1	55	2	1	511	3	2	9	1	5	1	8	1	0.62013738	1	12166.397	12166.597	12166.597	12166.797	12167.217
1	55	2	1	512	3	2	9	2	2	1	1	1	0.49803241	2	12168.632	12168.832	12168.832	12169.032	12169.33
1	55	2	1	513	3	2	9	3	3	2	1	1	0.52335795	3	12170.863	12171.463	12171.463	12171.663	12171.986
1	55	2	1	514	3	2	9	4	4	1	8	1	0.45361675	4	12173.494	12173.694	12173.694	12173.894	12174.147
1	55	2	1	515	3	2	9	5	2	1	1	1	0.47379936	5	12175.727	12175.927	12175.927	12176.127	12176.401
1	55	2	1	516	3	2	9	6	1	1	1	1	0.49378743	6	12177.959	12178.159	12178.159	12178.359	12178.653
1	55	2	1	517	3	2	9	7	6	1	8	1	0.50066352	7	12180.191	12180.391	12180.391	12180.591	12180.892
1	55	2	1	518	3	2	9	8	2	2	1	1	0.54727594	8	12182.422	12183.022	12183.022	12183.222	12183.57
1	55	2	1	519	3	2	9	9	2	2	1	1	0.98108754	9	12185.054	12185.654	12185.654	12185.854	12186.635
1	55	2	1	520	3	2	9	10	5	2	8	1	0.61307564	10	12187.685	12188.285	12188.285	12188.485	12188.898
1	55	2	1	521	3	2	9	11	6	1	8	1	0.71941998	11	12190.316	12190.516	12190.516	12190.716	12191.235
1	55	2	1	522	3	2	9	12	3	2	1	1	0.44065277	12	12192.545	12193.145	12193.145	12193.345	12193.586
1	55	2	1	523	3	2	9	13	4	2	8	1	0.56921289	13	12195.177	12195.777	12195.777	12195.977	12196.346
1	55	2	1	524	3	2	9	14	5	1	8	1	0.6441718	14	12197.808	12198.008	12198.008	12198.208	12198.652
1	55	2	1	525	3	2	9	15	6	1	8	1	0.55437994	15	12200.04	12200.24	12200.24	12200.44	12200.794
1	55	2	1	526	3	2	9	16	4	1	8	1	0.58307029	16	12202.27	12202.471	12202.471	12202.671	12203.054
1	55	2	1	527	3	2	9	17	1	2	1	1	0.60355766	17	12204.503	12205.103	12205.103	12205.303	12205.706
1	55	2	1	528	3	2	9	18	1	2	1	1	0.71454009	18	12207.134	12207.734	12207.734	12207.934	12208.448
1	55	2	1	529	3	2	9	19	5	1	8	1	0.784051	19	12209.765	12209.965	12209.965	12210.165	12210.75
1	55	2	1	530	3	2	9	20	3	2	1	1	0.56389085	20	12211.997	12212.597	12212.597	12212.797	12213.161
1	55	2	1	531	3	2	9	21	3	2	1	1	0.5127681	21	12214.629	12215.229	12215.229	12215.429	12215.742
1	55	2	1	532	3	2	9	22	1	2	1	1	0.55941893	22	12217.26	12217.86	12217.86	12218.06	12218.419
1	55	2	1	533	3	2	9	23	6	1	8	1	0.5350666	23	12219.892	12220.092	12220.092	12220.292	12220.627
1	55	2	1	534	3	2	9	24	4	1	8	1	0.54184545	24	12222.124	12222.324	12222.324	12222.524	12222.866
1	55	2	1	535	3	2	9	25	4	2	8	1	0.5287516	25	12224.357	12224.957	12224.957	12225.157	12225.485
1	55	2	1	536	3	2	9	26	2	1	1	1	0.56808446	26	12226.988	12227.188	12227.188	12227.388	12227.756
1	55	2	1	537	3	2	9	27	3	2	1	1	0.58214822	27	12229.221	12229.821	12229.821	12230.021	12230.403
1	55	2	1	538	3	2	9	28	1	2	1	1	0.49286813	28	12231.853	12232.453	12232.453	12232.653	12232.946
1	55	2	1	539	3	2	9	29	5	2	8	1	0.50906723	29	12234.485	12235.085	12235.085	12235.285	12235.594
1	55	2	1	540	3	2	9	30	6	1	8	1	0.54173529	30	12237.117	12237.317	12237.317	12237.517	12237.859
1	55	2	1	541	4	6	10	1	5	1	6	1	0.87287621	31	12809.969	12810.169	12810.169	12810.369	12811.042
1	55	2	1	542	4	6	10	2	2	1	3	1	1.4273395	32	12812.201	12812.401	12812.401	12812.601	12813.829
1	55	2	1	543	4	6	10	3	3	2	4	1	0.68935832	33	12814.434	12815.034	12815.034	12815.234	12815.724
1	55	2	1	544	4	6	10	4	4	1	5	1	0.73762901	34	12817.067	12817.267	12817.267	12817.467	12818.004
1	55	2	1	545	4	6	10	5	2	1	3	1	0.69966199	35	12819.344	12819.544	12819.544	12819.744	12820.244
1	55	2	1	546	4	6	10	6	1	1	2	1	0.64501998	36	12821.576	12821.776	12821.776	12821.976	12822.421
1	55	2	1	547	4	6	10	7	6	1	7	1	0.80374709	37	12823.809	12824.009	12824.009	12824.209	12824.812
1	55	2	1	548	4	6	10	8	2	2	3	1	0.61811418	38	12826.04	12826.64	12826.64	12826.84	12827.258
1	55	2	1	549	4	6	10	9	2	2	3	1	0.5621436	39	12828.673	12829.273	12829.273	12829.473	12829.835
1	55	2	1	550	4	6	10	10	5	2	6	1	0.51976656	40	12831.354	12831.954	12831.954	12832.154	12832.473
1	55	2	1	551	4	6	10	11	6	1	7	1	0.59954138	41	12833.986	12834.186	12834.186	12834.386	12834.785
1	55	2	1	552	4	6	10	12	3	2	4	1	0.72885089	42	12836.218	12836.818	12836.818	12837.018	12837.547
1	55	2	1	553	4	6	10	13	4	2	5	1	0.66377946	43	12838.851	12839.451	12839.451	12839.651	12840.115
1	55	2	1	554	4	6	10	14	5	1	6	1	0.7427245	44	12841.485	12841.685	12841.685	12841.885	12842.428
1	55	2	1	555	4	6	10	15	6	1	7	1	0.69456275	45	12843.718	12843.918	12843.918	12844.118	12844.612
1	55	2	1	556	4	6	10	16	4	1	5	1	0.71424788	46	12845.951	12846.151	12846.151	12846.351	12846.865
1	55	2	1	557	4	6	10	17	1	2	2	1	0.72672508	47	12848.183	12848.783	12848.783	12848.983	12849.51
1	55	2	1	558	4	6	10	18	1	2	2	1	0.62113608	48	12850.816	12851.416	12851.416	12851.616	12852.038
1	55	2	1	559	4	6	10	19	5	1	6	1	0.94445833	49	12853.449	12853.649	12853.649	12853.849	12854.594
1	55	2	1	560	4	6	10	20	3	2	4	1	1.1476112	50	12855.682	12856.282	12856.282	12856.482	12857.43
1	55	2	1	561	4	6	10	21	3	2	4	1	0.6417895	51	12858.314	12858.914	12858.914	12859.114	12859.556
1	55	2	1	562	4	6	10	22	1	2	2	1	0.65493639	52	12860.949	12861.549	12861.549	12861.749	12862.204
1	55	2	1	563	4	6	10	23	6	1	7	1	0.69307336	53	12863.583	12863.783	12863.783	12863.983	12864.476
1	55	2	1	564	4	6	10	24	4	1	5	1	0.71023215	54	12865.819	12866.019	12866.019	12866.219	12866.729
1	55	2	1	565	4	6	10	25	4	2	5	1	0.65182622	55	12868.053	12868.653	12868.653	12868.853	12869.305
1	55	2	1	566	4	6	10	26	2	1	3	1	0.64709692	56	12870.683	12870.883	12870.883	12871.083	12871.53
1	55	2	1	567	4	6	10	27	3	2	4	1	0.67985775	57	12872.917	12873.517	12873.517	12873.717	12874.196
1	55	2	1	568	4	6	10	28	1	2	2	1	0.62841271	58	12875.549	12876.149	12876.149	12876.349	12876.778
1	55	2	1	569	4	6	10	29	5	2	6	1	0.73927345	59	12878.184	12878.784	12878.784	12878.984	12879.523
1	55	2	1	570	4	6	10	30	6	1	7	1	0.62070746	60	12880.817	12881.017	12881.017	12881.217	12881.637
1	55	2	1	571	4	2	10	1	2	1	1	1	0.62172219	1	12911.119	12911.319	12911.319	12911.519	12911.941
1	55	2	1	572	4	2	10	2	1	1	1	1	0.49678978	2	12913.353	12913.553	12913.553	12913.753	12914.05
1	55	2	1	573	4	2	10	3	4	2	8	1	0.45008799	3	12915.591	12916.191	12916.191	12916.391	12916.641
1	55	2	1	574	4	2	10	4	4	1	8	1	0.57068854	4	12918.224	12918.424	12918.424	12918.624	12918.995
1	55	2	1	575	4	2	10	5	3	1	1	1	0.6632754	5	12920.458	12920.658	12920.658	12920.858	12921.321
1	55	2	1	576	4	2	10	6	6	1	8	1	0.52080451	6	12922.691	12922.891	12922.891	12923.091	12923.412
1	55	2	1	577	4	2	10	7	6	1	8	1	0.47110271	7	12924.923	12925.123	12925.123	12925.323	12925.594
1	55	2	1	578	4	2	10	8	5	2	8	1	0.50908539	8	12927.156	12927.756	12927.756	12927.956	12928.265
1	55	2	1	579	4	2	10	9	1	2	1	1	0.52618623	9	12929.79	12930.39	12930.39	12930.59	12930.916
1	55	2	1	580	4	2	10	10	4	2	8	1	0.54419438	10	12932.423	12933.023	12933.023	12933.223	12933.568
1	55	2	1	581	4	2	10	11	3	1	1	1	0.50036171	11	12935.057	12935.257	12935.257	12935.457	12935.757
1	55	2	1	582	4	2	10	12	2	2	1	1	0.63149017	12	12937.291	12937.891	12937.891	12938.091	12938.523
1	55	2	1	583	4	2	10	13	2	2	1	1	0.40580799	13	12939.925	12940.525	12940.525	12940.725	12940.931
1	55	2	1	584	4	2	10	14	4	1	8	1	0.56623633	14	12942.559	12942.759	12942.759	12942.959	12943.325
1	55	2	1	585	4	2	10	15	6	1	8	1	0.4914226	15	12944.793	12944.993	12944.993	12945.193	12945.484
1	55	2	1	586	4	2	10	16	1	1	1	1	0.38177742	16	12947.028	12947.228	12947.228	12947.428	12947.609
1	55	2	1	587	4	2	10	17	1	2	1	1	0.37366513	17	12949.262	12949.862	12949.862	12950.062	12950.236
1	55	2	1	588	4	2	10	18	3	2	1	1	0.51596415	18	12951.896	12952.496	12952.496	12952.696	12953.012
1	55	2	1	589	4	2	10	19	4	1	8	1	0.53624301	19	12954.532	12954.732	12954.732	12954.932	12955.269
1	55	2	1	590	4	2	10	20	1	2	1	1	0.53863675	20	12956.767	12957.367	12957.367	12957.567	12957.905
1	55	2	1	591	4	2	10	21	3	2	1	1	0.65131288	21	12959.402	12960.002	12960.002	12960.202	12960.653
1	55	2	1	592	4	2	10	22	5	2	8	1	0.37971827	22	12962.037	12962.637	12962.637	12962.837	12963.016
1	55	2	1	593	4	2	10	23	3	1	1	1	0.48905671	23	12964.675	12964.875	12964.875	12965.075	12965.364
1	55	2	1	594	4	2	10	24	5	1	8	1	0.51140322	24	12966.907	12967.107	12967.107	12967.307	12967.618
1	55	2	1	595	4	2	10	25	2	2	1	1	0.47657854	25	12969.142	12969.742	12969.742	12969.942	12970.219
1	55	2	1	596	4	2	10	26	6	1	8	1	0.53000814	26	12971.778	12971.978	12971.978	12972.178	12972.508
1	55	2	1	597	4	2	10	27	5	2	8	1	0.50547442	27	12974.011	12974.611	12974.611	12974.812	12975.117
1	55	2	1	598	4	2	10	28	2	2	1	1	0.53302754	28	12976.646	12977.246	12977.246	12977.446	12977.779
1	55	2	1	599	4	2	10	29	6	2	8	1	0.59150636	29	12979.286	12979.886	12979.886	12980.086	12980.478
1	55	2	1	600	4	2	10	30	5	1	8	1	0.5462158	30	12981.92	12982.12	12982.12	12982.32	12982.666
1	55	2	1	601	4	6	11	1	2	1	3	1	0.83357791	31	13012.249	13012.449	13012.449	13012.649	13013.283
1	55	2	1	602	4	6	11	2	1	1	2	1	0.5837177	32	13014.483	13014.683	13014.683	13014.883	13015.267
1	55	2	1	603	4	6	11	3	4	2	5	1	0.77553474	33	13016.718	13017.318	13017.318	13017.518	13018.094
1	55	2	1	604	4	6	11	4	4	1	5	1	0.67877098	34	13019.359	13019.559	13019.559	13019.759	13020.238
1	55	2	1	605	4	6	11	5	3	1	4	1	0.79041522	35	13021.595	13021.795	13021.795	13021.995	13022.586
1	55	2	1	606	4	6	11	6	6	1	7	1	0.61300709	36	13023.831	13024.031	13024.031	13024.231	13024.644
1	55	2	1	607	4	6	11	7	6	1	7	1	0.59692739	37	13026.066	13026.266	13026.266	13026.466	13026.863
1	55	2	1	608	4	6	11	8	5	2	6	1	0.47883906	38	13028.301	13028.901	13028.901	13029.101	13029.38
1	55	2	1	609	4	6	11	9	1	2	2	1	0.70907291	39	13030.936	13031.536	13031.536	13031.736	13032.245
1	55	2	1	610	4	6	11	10	4	2	5	1	0.71833914	40	13033.571	13034.171	13034.171	13034.372	13034.89
1	55	2	1	611	4	6	11	11	3	1	4	1	0.62583851	41	13036.208	13036.408	13036.408	13036.608	13037.033
1	55	2	1	612	4	6	11	12	2	2	3	1	0.60148028	42	13038.444	13039.044	13039.044	13039.244	13039.645
1	55	2	1	613	4	6	11	13	2	2	3	1	0.55660544	43	13041.08	13041.68	13041.68	13041.88	13042.236
1	55	2	1	614	4	6	11	14	4	1	5	1	0.78624678	44	13043.715	13043.915	13043.915	13044.115	13044.701
1	55	2	1	615	4	6	11	15	6	1	7	1	0.76165919	45	13045.951	13046.151	13046.151	13046.351	13046.913
1	55	2	1	616	4	6	11	16	1	1	2	1	0.71843167	46	13048.19	13048.39	13048.39	13048.59	13049.108
1	55	2	1	617	4	6	11	17	1	2	2	1	0.59840118	47	13050.425	13051.025	13051.025	13051.225	13051.624
1	55	2	1	618	4	6	11	18	3	2	4	1	0.7341821	48	13053.061	13053.661	13053.661	13053.861	13054.395
1	55	2	1	619	4	6	11	19	4	1	5	1	0.6214598	49	13055.696	13055.896	13055.896	13056.096	13056.517
1	55	2	1	620	4	6	11	20	1	2	2	1	0.66313039	50	13057.931	13058.531	13058.531	13058.731	13059.194
1	55	2	1	621	4	6	11	21	3	2	4	1	0.67600472	51	13060.567	13061.167	13061.167	13061.367	13061.843
1	55	2	1	622	4	6	11	22	5	2	6	1	0.99168386	52	13063.202	13063.802	13063.802	13064.002	13064.794
1	55	2	1	623	4	6	11	23	3	1	4	1	0.66816905	53	13065.839	13066.039	13066.039	13066.239	13066.707
1	55	2	1	624	4	6	11	24	5	1	6	1	0.65470406	54	13068.074	13068.274	13068.274	13068.474	13068.929
1	55	2	1	625	4	6	11	25	2	2	3	1	0.70905356	55	13070.31	13070.91	13070.91	13071.11	13071.619
1	55	2	1	626	4	6	11	26	6	1	7	1	0.68892648	56	13072.947	13073.147	13073.147	13073.347	13073.836
1	55	2	1	627	4	6	11	27	5	2	6	1	0.61668376	57	13075.187	13075.787	13075.787	13075.987	13076.404
1	55	2	1	628	4	6	11	28	2	2	3	1	0.7012722	58	13077.822	13078.422	13078.422	13078.622	13079.124
1	55	2	1	629	4	6	11	29	6	2	7	1	0.91173292	59	13080.458	13081.058	13081.058	13081.258	13081.969
1	55	2	1	630	4	6	11	30	5	1	6	1	0.66244072	60	13083.094	13083.294	13083.294	13083.494	13083.956
1	55	2	1	631	4	2	11	1	2	1	1	1	0.52417548	1	13113.39	13113.59	13113.59	13113.79	13114.114
1	55	2	1	632	4	2	11	2	6	1	8	1	0.49623965	2	13115.626	13115.826	13115.826	13116.026	13116.322
1	55	2	1	633	4	2	11	3	4	2	8	1	0.49867066	3	13117.866	13118.466	13118.466	13118.666	13118.965
1	55	2	1	634	4	2	11	4	6	1	8	1	0.48606699	4	13120.499	13120.699	13120.699	13120.899	13121.185
1	55	2	1	635	4	2	11	5	5	1	8	1	0.46603591	5	13122.736	13122.936	13122.936	13123.136	13123.402
1	55	2	1	636	4	2	11	6	2	1	1	1	0.53408214	6	13124.972	13125.172	13125.172	13125.372	13125.706
1	55	2	1	637	4	2	11	7	3	1	1	1	0.58099915	7	13127.208	13127.408	13127.408	13127.608	13127.989
1	55	2	1	638	4	2	11	8	5	2	8	1	0.47800916	8	13129.445	13130.045	13130.045	13130.245	13130.523
1	55	2	1	639	4	2	11	9	1	2	1	1	0.49808598	9	13132.081	13132.681	13132.681	13132.881	13133.179
1	55	2	1	640	4	2	11	10	1	2	1	1	0.48475556	10	13134.719	13135.319	13135.319	13135.519	13135.803
1	55	2	1	641	4	2	11	11	2	1	1	1	0.4992295	11	13137.354	13137.554	13137.554	13137.754	13138.054
1	55	2	1	642	4	2	11	12	4	2	8	1	0.41280138	12	13139.591	13140.191	13140.191	13140.391	13140.604
1	55	2	1	643	4	2	11	13	1	2	1	1	0.49410124	13	13142.228	13142.828	13142.828	13143.028	13143.322
1	55	2	1	644	4	2	11	14	3	1	1	1	0.7281041	14	13144.866	13145.066	13145.066	13145.266	13145.794
1	55	2	1	645	4	2	11	15	3	1	1	1	0.52970995	15	13147.107	13147.307	13147.307	13147.507	13147.837
1	55	2	1	646	4	2	11	16	5	1	8	1	0.61130254	16	13149.344	13149.544	13149.544	13149.744	13150.155
1	55	2	1	647	4	2	11	17	6	2	8	1	0.86093108	17	13151.581	13152.181	13152.181	13152.381	13153.041
1	55	2	1	648	4	2	11	18	2	2	1	1	0.61910101	18	13154.217	13154.817	13154.817	13155.017	13155.436
1	55	2	1	649	4	2	11	19	4	1	8	1	0.49355535	19	13156.854	13157.054	13157.054	13157.254	13157.548
1	55	2	1	650	4	2	11	20	4	2	8	1	0.55512815	20	13159.091	13159.691	13159.691	13159.891	13160.247
1	55	2	1	651	4	2	11	21	5	2	8	1	0.53132076	21	13161.736	13162.336	13162.336	13162.536	13162.868
1	55	2	1	652	4	2	11	22	6	2	8	1	0.55952595	22	13164.373	13164.973	13164.973	13165.173	13165.533
1	55	2	1	653	4	2	11	23	1	1	1	1	0.44366889	23	13167.011	13167.211	13167.211	13167.411	13167.654
1	55	2	1	654	4	2	11	24	3	1	1	1	0.46947328	24	13169.247	13169.447	13169.447	13169.647	13169.917
1	55	2	1	655	4	2	11	25	5	2	8	1	0.43317571	25	13171.485	13172.085	13172.085	13172.285	13172.518
1	55	2	1	656	4	2	11	26	2	1	1	1	0.50708708	26	13174.121	13174.321	13174.321	13174.521	13174.829
1	55	2	1	657	4	2	11	27	4	2	8	1	0.46822309	27	13176.358	13176.958	13176.958	13177.158	13177.426
1	55	2	1	658	4	2	11	28	6	2	8	1	0.54124434	28	13178.995	13179.595	13179.595	13179.795	13180.137
1	55	2	1	659	4	2	11	29	3	2	1	1	0.49520452	29	13181.634	13182.234	13182.234	13182.434	13182.729
1	55	2	1	660	4	2	11	30	1	1	1	1	0.69129184	30	13184.271	13184.471	13184.471	13184.671	13185.163
1	55	2	1	661	4	6	12	1	2	1	3	1	0.74583043	31	13214.61	13214.81	13214.81	13215.01	13215.556
1	55	2	1	662	4	6	12	2	6	1	7	1	0.68361584	32	13216.848	13217.048	13217.048	13217.248	13217.732
1	55	2	1	663	4	6	12	3	4	2	5	1	0.71224993	33	13219.085	13219.685	13219.685	13219.885	13220.398
1	55	2	1	664	4	6	12	4	6	1	7	1	0.7048868	34	13221.723	13221.923	13221.923	13222.123	13222.628
1	55	2	1	665	4	6	12	5	5	1	6	1	0.54508402	35	13223.961	13224.161	13224.161	13224.361	13224.706
1	55	2	1	666	4	6	12	6	2	1	3	1	0.67885279	36	13226.206	13226.406	13226.406	13226.606	13227.085
1	55	2	1	667	4	6	12	7	3	1	4	1	0.67334504	37	13228.443	13228.643	13228.643	13228.843	13229.317
1	55	2	1	668	4	6	12	8	5	2	6	1	0.65758541	38	13230.681	13231.281	13231.281	13231.481	13231.939
1	55	2	1	669	4	6	12	9	1	2	2	1	0.48690663	39	13233.319	13233.919	13233.919	13234.119	13234.406
1	55	2	1	670	4	6	12	10	1	2	2	1	0.57418248	40	13235.958	13236.558	13236.558	13236.758	13237.132
1	55	2	1	671	4	6	12	11	2	1	3	1	0.71804011	41	13238.596	13238.796	13238.796	13238.996	13239.514
1	55	2	1	672	4	6	12	12	4	2	5	1	0.75814136	42	13240.834	13241.434	13241.434	13241.634	13242.192
1	55	2	1	673	4	6	12	13	1	2	2	1	0.69286581	43	13243.473	13244.073	13244.073	13244.273	13244.765
1	55	2	1	674	4	6	12	14	3	1	4	1	0.71895058	44	13246.115	13246.315	13246.315	13246.515	13247.034
1	55	2	1	675	4	6	12	15	3	1	4	1	0.6886636	45	13248.353	13248.553	13248.553	13248.753	13249.242
1	55	2	1	676	4	6	12	16	5	1	6	1	0.85516906	46	13250.588	13250.788	13250.788	13250.988	13251.643
1	55	2	1	677	4	6	12	17	6	2	7	1	0.6239778	47	13252.827	13253.427	13253.427	13253.627	13254.051
1	55	2	1	678	4	6	12	18	2	2	3	1	0.64833658	48	13255.471	13256.071	13256.071	13256.271	13256.72
1	55	2	1	679	4	6	12	19	4	1	5	1	0.70679324	49	13258.111	13258.311	13258.311	13258.511	13259.018
1	55	2	1	680	4	6	12	20	4	2	5	1	0.76710059	50	13260.349	13260.949	13260.949	13261.149	13261.716
1	55	2	1	681	4	6	12	21	5	2	6	1	0.71175179	51	13262.987	13263.587	13263.587	13263.787	13264.299
1	55	2	1	682	4	6	12	22	6	2	7	1	0.5801084	52	13265.631	13266.231	13266.231	13266.431	13266.811
1	55	2	1	683	4	6	12	23	1	1	2	1	0.71910845	53	13268.269	13268.469	13268.469	13268.669	13269.188
1	55	2	1	684	4	6	12	24	3	1	4	1	0.69323266	54	13270.507	13270.707	13270.707	13270.907	13271.4
1	55	2	1	685	4	6	12	25	5	2	6	1	0.65665893	55	13272.745	13273.345	13273.345	13273.545	13274.002
1	55	2	1	686	4	6	12	26	2	1	3	1	0.6832713	56	13275.384	13275.584	13275.584	13275.784	13276.267
1	55	2	1	687	4	6	12	27	4	2	5	1	0.65545515	57	13277.623	13278.223	13278.223	13278.423	13278.879
1	55	2	1	688	4	6	12	28	6	2	7	1	0.72787567	58	13280.262	13280.862	13280.862	13281.062	13281.589
1	55	2	1	689	4	6	12	29	3	2	4	1	0.65582494	59	13282.9	13283.5	13283.5	13283.7	13284.156
1	55	2	1	690	4	6	12	30	1	1	2	1	0.71884537	60	13285.539	13285.739	13285.739	13285.939	13286.458
1	55	2	1	691	4	2	12	1	3	1	1	1	0.58282044	1	13315.87	13316.07	13316.07	13316.27	13316.653
1	55	2	1	692	4	2	12	2	1	1	1	1	0.49369685	2	13318.109	13318.309	13318.309	13318.509	13318.802
1	55	2	1	693	4	2	12	3	6	2	8	1	0.43947405	3	13320.35	13320.95	13320.95	13321.15	13321.389
1	55	2	1	694	4	2	12	4	2	1	1	1	0.50735563	4	13322.986	13323.186	13323.186	13323.386	13323.693
1	55	2	1	695	4	2	12	5	6	1	8	1	0.51341294	5	13325.225	13325.425	13325.425	13325.625	13325.938
1	55	2	1	696	4	2	12	6	2	1	1	1	0.42245333	6	13327.463	13327.663	13327.663	13327.863	13328.086
1	55	2	1	697	4	2	12	7	5	1	8	1	0.46954748	7	13329.701	13329.901	13329.901	13330.101	13330.371
1	55	2	1	698	4	2	12	8	5	2	8	1	0.40591075	8	13331.941	13332.541	13332.541	13332.741	13332.947
1	55	2	1	699	4	2	12	9	2	2	1	1	0.56872664	9	13334.58	13335.18	13335.18	13335.38	13335.748
1	55	2	1	700	4	2	12	10	4	2	8	1	0.58479775	10	13337.218	13337.818	13337.818	13338.018	13338.403
1	55	2	1	701	4	2	12	11	6	1	8	1	0.58051331	11	13339.857	13340.057	13340.057	13340.257	13340.638
1	55	2	1	702	4	2	12	12	1	2	1	1	0.55309139	12	13342.097	13342.697	13342.697	13342.897	13343.25
1	55	2	1	703	4	2	12	13	6	2	8	1	0.46747625	13	13344.736	13345.336	13345.336	13345.536	13345.803
1	55	2	1	704	4	2	12	14	6	1	8	1	0.57900146	14	13347.375	13347.575	13347.575	13347.775	13348.154
1	55	2	1	705	4	2	12	15	5	1	8	1	0.57431009	15	13349.614	13349.814	13349.814	13350.014	13350.389
1	55	2	1	706	4	2	12	16	4	1	8	1	0.45259154	16	13351.853	13352.053	13352.053	13352.253	13352.506
1	55	2	1	707	4	2	12	17	1	2	1	1	0.42372319	17	13354.092	13354.692	13354.692	13354.892	13355.116
1	55	2	1	708	4	2	12	18	1	2	1	1	0.61281598	18	13356.731	13357.331	13357.331	13357.531	13357.944
1	55	2	1	709	4	2	12	19	3	1	1	1	0.51150251	19	13359.371	13359.571	13359.571	13359.771	13360.082
1	55	2	1	710	4	2	12	20	5	2	8	1	0.60394879	20	13361.609	13362.209	13362.209	13362.409	13362.813
1	55	2	1	711	4	2	12	21	2	2	1	1	0.56089601	21	13364.249	13364.849	13364.849	13365.049	13365.41
1	55	2	1	712	4	2	12	22	4	2	8	1	0.54743293	22	13366.889	13367.489	13367.489	13367.689	13368.036
1	55	2	1	713	4	2	12	23	2	1	1	1	0.55355418	23	13369.53	13369.73	13369.73	13369.93	13370.284
1	55	2	1	714	4	2	12	24	4	1	8	1	0.55915029	24	13371.771	13371.971	13371.971	13372.171	13372.53
1	55	2	1	715	4	2	12	25	3	2	1	1	0.5024863	25	13374.012	13374.612	13374.612	13374.812	13375.114
1	55	2	1	716	4	2	12	26	5	1	8	1	0.6723827	26	13376.652	13376.852	13376.852	13377.052	13377.524
1	55	2	1	717	4	2	12	27	3	2	1	1	0.42660862	27	13378.896	13379.496	13379.496	13379.696	13379.923
1	55	2	1	718	4	2	12	28	4	2	8	1	0.45049554	28	13381.536	13382.136	13382.136	13382.336	13382.587
1	55	2	1	719	4	2	12	29	1	2	1	1	0.40165289	29	13384.177	13384.777	13384.777	13384.977	13385.179
1	55	2	1	720	4	2	12	30	3	1	1	1	0.92871128	30	13386.818	13387.018	13387.018	13387.218	13387.946
