126	124	43	37	42	94	35	64	0	0	0	0	0	0	0	0	0	0	0	0
2	10	2	2	1	1	2	1	1	3	1	1	1	0.38113098	1	14787.03	14787.23	14787.231	14787.431	14787.612
2	10	2	2	2	1	2	1	2	4	2	0	0	-14789.848	1	14789.248	14789.848	14789.848	14790.048	0
2	10	2	2	3	1	2	1	3	5	1	0	0	-14792.357	1	14792.157	14792.357	14792.357	14792.557	0
2	10	2	2	4	1	2	1	4	2	1	8	0	1.0317624	1	14794.664	14794.864	14794.864	14795.064	14795.896
2	10	2	2	5	1	2	1	5	4	2	8	1	0.49653675	2	14797.182	14797.782	14797.782	14797.982	14798.278
2	10	2	2	6	1	2	1	6	1	1	1	1	0.65806618	3	14799.789	14799.989	14799.989	14800.189	14800.647
2	10	2	2	7	1	2	1	7	6	2	8	1	0.43499664	4	14801.995	14802.595	14802.595	14802.795	14803.03
2	10	2	2	8	1	2	1	8	2	1	1	1	0.42651107	5	14804.602	14804.802	14804.802	14805.002	14805.228
2	10	2	2	9	1	2	1	9	5	1	8	1	0.51531294	6	14806.809	14807.009	14807.009	14807.209	14807.524
2	10	2	2	10	1	2	1	10	2	2	1	1	0.49274642	7	14809.015	14809.615	14809.615	14809.815	14810.108
2	10	2	2	11	1	2	1	11	2	2	1	1	0.37608384	8	14811.622	14812.222	14812.222	14812.422	14812.598
2	10	2	2	12	1	2	1	12	1	2	0	0	-14814.828	8	14814.228	14814.828	14814.828	14815.028	0
2	10	2	2	13	1	2	1	13	4	1	8	1	0.72249589	9	14817.133	14817.333	14817.333	14817.534	14818.056
2	10	2	2	14	1	2	1	14	2	1	1	1	0.73099328	10	14819.34	14819.54	14819.54	14819.74	14820.271
2	10	2	2	15	1	2	1	15	6	1	8	1	0.44423107	11	14821.547	14821.747	14821.747	14821.947	14822.192
2	10	2	2	16	1	2	1	16	3	2	1	1	0.38039577	12	14823.753	14824.354	14824.354	14824.554	14824.734
2	10	2	2	17	1	2	1	17	6	2	8	1	0.40702835	13	14826.36	14826.96	14826.96	14827.16	14827.367
2	10	2	2	18	1	2	1	18	1	1	1	1	0.42206319	14	14828.968	14829.168	14829.168	14829.368	14829.59
2	10	2	2	19	1	2	1	19	1	2	1	1	0.495885	15	14831.175	14831.775	14831.775	14831.975	14832.271
2	10	2	2	20	1	2	1	20	5	1	8	1	0.66467284	16	14833.782	14833.982	14833.982	14834.182	14834.646
2	10	2	2	21	1	2	1	21	1	2	1	1	0.42519673	17	14835.989	14836.589	14836.589	14836.789	14837.015
2	10	2	2	22	1	2	1	22	3	2	1	1	0.44975938	18	14838.596	14839.196	14839.196	14839.397	14839.646
2	10	2	2	23	1	2	1	23	5	1	8	1	0.40289638	19	14841.204	14841.404	14841.404	14841.604	14841.807
2	10	2	2	24	1	2	1	24	3	2	1	1	0.35252706	20	14843.412	14844.012	14844.012	14844.212	14844.364
2	10	2	2	25	1	2	1	25	6	1	8	1	0.3929058	21	14846.019	14846.219	14846.219	14846.419	14846.612
2	10	2	2	26	1	2	1	26	3	1	1	1	0.46132847	22	14848.226	14848.426	14848.426	14848.626	14848.887
2	10	2	2	27	1	2	1	27	4	2	0	0	-14851.034	22	14850.434	14851.034	14851.034	14851.234	0
2	10	2	2	28	1	2	1	28	5	2	8	1	0.56659325	23	14853.341	14853.941	14853.941	14854.141	14854.508
2	10	2	2	29	1	2	1	29	6	1	8	1	0.50726307	24	14855.948	14856.148	14856.148	14856.348	14856.655
2	10	2	2	30	1	2	1	30	4	2	8	1	0.59563119	25	14858.155	14858.755	14858.755	14858.955	14859.35
2	10	2	2	31	1	6	1	1	1	1	2	1	0.67827728	1	14920.952	14921.152	14921.152	14921.352	14921.831
2	10	2	2	32	1	6	1	2	1	2	2	1	0.61065215	2	14923.163	14923.763	14923.763	14923.963	14924.374
2	10	2	2	33	1	6	1	3	3	1	4	1	0.64937956	3	14925.771	14925.972	14925.972	14926.172	14926.621
2	10	2	2	34	1	6	1	4	4	1	5	1	0.64197654	4	14927.98	14928.18	14928.18	14928.38	14928.822
2	10	2	2	35	1	6	1	5	3	2	4	1	0.69041764	5	14930.188	14930.788	14930.788	14930.988	14931.478
2	10	2	2	36	1	6	1	6	5	1	6	1	0.61212854	6	14932.796	14932.996	14932.996	14933.196	14933.608
2	10	2	2	37	1	6	1	7	6	2	7	1	0.50916555	7	14935.007	14935.607	14935.607	14935.807	14936.116
2	10	2	2	38	1	6	1	8	2	1	3	1	0.66977987	8	14937.615	14937.815	14937.815	14938.015	14938.485
2	10	2	2	39	1	6	1	9	6	1	7	1	0.71150379	9	14939.824	14940.024	14940.024	14940.224	14940.735
2	10	2	2	40	1	6	1	10	4	2	5	1	0.87116449	10	14942.033	14942.633	14942.633	14942.833	14943.504
2	10	2	2	41	1	6	1	11	5	2	6	1	0.61944549	11	14944.642	14945.242	14945.242	14945.442	14945.861
2	10	2	2	42	1	6	1	12	5	2	6	1	0.61180901	12	14947.251	14947.851	14947.851	14948.051	14948.462
2	10	2	2	43	1	6	1	13	1	1	2	1	0.67770918	13	14949.858	14950.058	14950.058	14950.258	14950.735
2	10	2	2	44	1	6	1	14	3	1	4	1	0.74870914	14	14952.067	14952.267	14952.267	14952.467	14953.016
2	10	2	2	45	1	6	1	15	3	1	4	1	0.81763921	15	14954.274	14954.474	14954.474	14954.674	14955.292
2	10	2	2	46	1	6	1	16	5	2	6	1	0.62621954	16	14956.483	14957.083	14957.083	14957.283	14957.709
2	10	2	2	47	1	6	1	17	4	2	5	1	0.72263059	17	14959.09	14959.69	14959.69	14959.89	14960.413
2	10	2	2	48	1	6	1	18	2	1	3	1	0.73918387	18	14961.699	14961.899	14961.899	14962.099	14962.638
2	10	2	2	49	1	6	1	19	6	2	7	1	0.67341407	19	14963.908	14964.508	14964.508	14964.709	14965.182
2	10	2	2	50	1	6	1	20	2	1	3	1	0.59277133	20	14966.518	14966.718	14966.718	14966.918	14967.311
2	10	2	2	51	1	6	1	21	1	2	2	1	0.63035604	21	14968.726	14969.326	14969.326	14969.526	14969.957
2	10	2	2	52	1	6	1	22	2	2	3	1	0.62364428	22	14971.334	14971.934	14971.934	14972.134	14972.557
2	10	2	2	53	1	6	1	23	6	1	7	1	0.6241397	23	14973.943	14974.143	14974.143	14974.343	14974.767
2	10	2	2	54	1	6	1	24	4	2	5	1	0.59062217	24	14976.152	14976.752	14976.752	14976.952	14977.343
2	10	2	2	55	1	6	1	25	3	1	4	1	0.60591472	25	14978.762	14978.962	14978.962	14979.162	14979.568
2	10	2	2	56	1	6	1	26	2	1	3	1	0.56371184	26	14980.971	14981.171	14981.171	14981.371	14981.735
2	10	2	2	57	1	6	1	27	1	2	2	1	0.56900443	27	14983.181	14983.781	14983.781	14983.981	14984.35
2	10	2	2	58	1	6	1	28	4	2	5	1	0.77741621	28	14985.79	14986.39	14986.391	14986.591	14987.168
2	10	2	2	59	1	6	1	29	6	1	7	1	0.67952161	29	14988.4	14988.6	14988.6	14988.8	14989.279
2	10	2	2	60	1	6	1	30	5	2	6	1	0.63476573	30	14990.61	14991.21	14991.21	14991.41	14991.844
2	10	2	2	61	1	2	2	1	6	1	8	1	0.36106153	1	15004.142	15004.342	15004.342	15004.542	15004.703
2	10	2	2	62	1	2	2	2	3	2	1	1	0.47044046	2	15006.352	15006.952	15006.952	15007.152	15007.423
2	10	2	2	63	1	2	2	3	6	1	8	1	0.41087611	3	15008.962	15009.162	15009.162	15009.362	15009.573
2	10	2	2	64	1	2	2	4	4	1	8	1	0.50409605	4	15011.172	15011.372	15011.372	15011.572	15011.876
2	10	2	2	65	1	2	2	5	6	2	8	1	0.41735073	5	15013.382	15013.982	15013.982	15014.182	15014.399
2	10	2	2	66	1	2	2	6	5	1	8	1	0.3996377	6	15015.992	15016.192	15016.192	15016.392	15016.592
2	10	2	2	67	1	2	2	7	5	2	8	1	0.43681798	7	15018.202	15018.802	15018.803	15019.003	15019.239
2	10	2	2	68	1	2	2	8	5	1	8	1	0.39172289	8	15020.812	15021.012	15021.012	15021.212	15021.404
2	10	2	2	69	1	2	2	9	6	1	8	1	0.44963986	9	15023.021	15023.221	15023.221	15023.421	15023.671
2	10	2	2	70	1	2	2	10	1	2	1	1	0.37541636	10	15025.231	15025.831	15025.831	15026.031	15026.207
2	10	2	2	71	1	2	2	11	1	2	1	1	0.39497691	11	15027.842	15028.442	15028.442	15028.642	15028.837
2	10	2	2	72	1	2	2	12	4	2	8	1	0.48020786	12	15030.452	15031.053	15031.053	15031.253	15031.533
2	10	2	2	73	1	2	2	13	3	1	1	1	0.5759392	13	15033.063	15033.263	15033.263	15033.463	15033.839
2	10	2	2	74	1	2	2	14	5	1	8	1	0.68348982	14	15035.274	15035.474	15035.474	15035.674	15036.157
2	10	2	2	75	1	2	2	15	5	1	8	1	0.40262164	15	15037.482	15037.682	15037.682	15037.882	15038.085
2	10	2	2	76	1	2	2	16	3	2	1	1	0.44238041	16	15039.693	15040.293	15040.293	15040.493	15040.735
2	10	2	2	77	1	2	2	17	4	2	8	1	0.34261998	17	15042.303	15042.903	15042.903	15043.103	15043.246
2	10	2	2	78	1	2	2	18	4	1	8	1	0.39594768	18	15044.914	15045.114	15045.114	15045.314	15045.51
2	10	2	2	79	1	2	2	19	6	2	8	1	0.41797026	19	15047.123	15047.723	15047.723	15047.923	15048.141
2	10	2	2	80	1	2	2	20	3	1	1	1	0.47390984	20	15049.733	15049.933	15049.933	15050.133	15050.407
2	10	2	2	81	1	2	2	21	2	2	1	1	0.41719931	21	15051.942	15052.542	15052.542	15052.742	15052.959
2	10	2	2	82	1	2	2	22	3	2	1	1	0.71436981	22	15054.554	15055.154	15055.154	15055.354	15055.868
2	10	2	2	83	1	2	2	23	4	1	8	1	0.4056403	23	15057.162	15057.362	15057.362	15057.562	15057.768
2	10	2	2	84	1	2	2	24	1	2	1	1	0.58833177	24	15059.371	15059.971	15059.971	15060.171	15060.559
2	10	2	2	85	1	2	2	25	2	1	1	1	0.65807594	25	15061.982	15062.182	15062.182	15062.382	15062.84
2	10	2	2	86	1	2	2	26	2	1	1	1	0.62260278	26	15064.193	15064.393	15064.393	15064.593	15065.016
2	10	2	2	87	1	2	2	27	1	2	1	1	0.38623756	27	15066.404	15067.004	15067.004	15067.204	15067.39
2	10	2	2	88	1	2	2	28	2	2	1	1	0.58634809	28	15069.013	15069.613	15069.613	15069.813	15070.2
2	10	2	2	89	1	2	2	29	2	1	1	1	0.39588257	29	15071.624	15071.824	15071.824	15072.024	15072.22
2	10	2	2	90	1	2	2	30	1	2	1	1	0.4009205	30	15073.835	15074.435	15074.435	15074.635	15074.836
2	10	2	2	91	1	6	2	1	4	1	5	1	0.57112272	1	15085.529	15085.729	15085.729	15085.929	15086.301
2	10	2	2	92	1	6	2	2	2	2	3	1	0.6151721	2	15087.741	15088.341	15088.341	15088.541	15088.956
2	10	2	2	93	1	6	2	3	4	1	5	1	0.67598749	3	15090.353	15090.553	15090.553	15090.753	15091.229
2	10	2	2	94	1	6	2	4	6	1	7	1	0.61829042	4	15092.564	15092.764	15092.764	15092.964	15093.382
2	10	2	2	95	1	6	2	5	3	2	4	1	0.63826229	5	15094.776	15095.376	15095.376	15095.576	15096.014
2	10	2	2	96	1	6	2	6	5	1	6	1	0.59777266	6	15097.385	15097.585	15097.585	15097.785	15098.183
2	10	2	2	97	1	6	2	7	4	2	5	1	0.65055338	7	15099.597	15100.197	15100.197	15100.397	15100.848
2	10	2	2	98	1	6	2	8	5	1	6	1	0.52406415	8	15102.209	15102.409	15102.409	15102.609	15102.933
2	10	2	2	99	1	6	2	9	6	1	7	1	0.59210245	9	15104.42	15104.62	15104.62	15104.82	15105.212
2	10	2	2	100	1	6	2	10	2	2	3	1	0.63167738	10	15106.632	15107.232	15107.232	15107.432	15107.864
2	10	2	2	101	1	6	2	11	4	2	5	1	0.80246263	11	15109.244	15109.844	15109.844	15110.044	15110.646
2	10	2	2	102	1	6	2	12	2	2	3	1	0.6138829	12	15111.856	15112.456	15112.456	15112.656	15113.07
2	10	2	2	103	1	6	2	13	1	1	2	1	0.59376451	13	15114.468	15114.668	15114.668	15114.868	15115.261
2	10	2	2	104	1	6	2	14	3	1	4	1	0.74982087	14	15116.68	15116.88	15116.88	15117.08	15117.629
2	10	2	2	105	1	6	2	15	1	1	2	1	1.0999687	15	15118.891	15119.091	15119.091	15119.291	15120.191
2	10	2	2	106	1	6	2	16	2	2	3	1	0.63494937	16	15121.101	15121.701	15121.701	15121.901	15122.336
2	10	2	2	107	1	6	2	17	3	2	4	1	0.66787432	17	15123.713	15124.313	15124.313	15124.513	15124.981
2	10	2	2	108	1	6	2	18	6	1	7	1	1.2807636	18	15126.324	15126.524	15126.524	15126.724	15127.805
2	10	2	2	109	1	6	2	19	5	2	6	1	0.6202686	19	15128.536	15129.136	15129.136	15129.336	15129.756
2	10	2	2	110	1	6	2	20	3	1	4	1	0.71562774	20	15131.148	15131.348	15131.348	15131.548	15132.064
2	10	2	2	111	1	6	2	21	5	2	6	1	0.68598085	21	15133.361	15133.961	15133.961	15134.161	15134.647
2	10	2	2	112	1	6	2	22	4	2	5	1	0.4408446	22	15135.973	15136.573	15136.573	15136.773	15137.014
2	10	2	2	113	1	6	2	23	1	1	2	1	0.55259849	23	15138.583	15138.783	15138.783	15138.983	15139.336
2	10	2	2	114	1	6	2	24	6	2	7	1	0.62003908	24	15140.796	15141.396	15141.396	15141.596	15142.016
2	10	2	2	115	1	6	2	25	3	1	4	1	0.85205769	25	15143.408	15143.608	15143.608	15143.808	15144.46
2	10	2	2	116	1	6	2	26	6	1	7	1	0.63358695	26	15145.62	15145.82	15145.82	15146.02	15146.453
2	10	2	2	117	1	6	2	27	1	2	2	1	0.61454627	27	15147.832	15148.432	15148.432	15148.632	15149.046
2	10	2	2	118	1	6	2	28	5	2	6	1	0.67060617	28	15150.445	15151.045	15151.045	15151.245	15151.715
2	10	2	2	119	1	6	2	29	2	1	3	1	0.66149989	29	15153.054	15153.254	15153.254	15153.454	15153.916
2	10	2	2	120	1	6	2	30	1	2	2	1	0.5534621	30	15155.267	15155.867	15155.867	15156.067	15156.42
2	10	2	2	121	1	2	3	1	6	1	8	1	0.38765772	1	15170.544	15170.744	15170.744	15170.944	15171.132
2	10	2	2	122	1	2	3	2	4	2	8	1	0.44828025	2	15172.757	15173.357	15173.357	15173.557	15173.806
2	10	2	2	123	1	2	3	3	3	1	1	1	0.47813722	3	15175.37	15175.57	15175.57	15175.77	15176.048
2	10	2	2	124	1	2	3	4	2	1	1	1	0.45369203	4	15177.582	15177.782	15177.782	15177.982	15178.236
2	10	2	2	125	1	2	3	5	6	2	8	1	0.72124677	5	15179.795	15180.395	15180.395	15180.595	15181.116
2	10	2	2	126	1	2	3	6	5	1	8	1	0.38776015	6	15182.408	15182.608	15182.608	15182.808	15182.996
2	10	2	2	127	1	2	3	7	1	2	1	1	0.47508374	7	15184.619	15185.219	15185.219	15185.419	15185.694
2	10	2	2	128	1	2	3	8	6	1	8	1	0.38939307	8	15187.231	15187.431	15187.431	15187.631	15187.821
2	10	2	2	129	1	2	3	9	3	1	1	1	0.48126679	9	15189.445	15189.645	15189.645	15189.845	15190.126
2	10	2	2	130	1	2	3	10	4	2	8	1	0.37781164	10	15191.658	15192.258	15192.258	15192.458	15192.636
2	10	2	2	131	1	2	3	11	3	2	1	1	0.45310357	11	15194.271	15194.871	15194.871	15195.071	15195.324
2	10	2	2	132	1	2	3	12	1	2	1	1	0.56863675	12	15196.884	15197.484	15197.484	15197.684	15198.053
2	10	2	2	133	1	2	3	13	2	1	1	1	0.67074201	13	15199.497	15199.697	15199.697	15199.897	15200.368
2	10	2	2	134	1	2	3	14	2	1	1	1	0.544793	14	15201.71	15201.91	15201.91	15202.11	15202.455
2	10	2	2	135	1	2	3	15	3	1	1	1	0.48091949	15	15203.923	15204.123	15204.123	15204.323	15204.604
2	10	2	2	136	1	2	3	16	1	2	1	1	0.46639989	16	15206.137	15206.737	15206.737	15206.937	15207.204
2	10	2	2	137	1	2	3	17	1	2	1	1	0.50922055	17	15208.751	15209.351	15209.351	15209.551	15209.86
2	10	2	2	138	1	2	3	18	4	1	8	1	0.54406403	18	15211.365	15211.565	15211.565	15211.765	15212.109
2	10	2	2	139	1	2	3	19	3	2	1	1	0.42196598	19	15213.579	15214.179	15214.179	15214.379	15214.601
2	10	2	2	140	1	2	3	20	5	1	8	1	0.35795357	20	15216.193	15216.393	15216.393	15216.593	15216.751
2	10	2	2	141	1	2	3	21	5	2	8	1	0.32077724	21	15218.406	15219.006	15219.006	15219.206	15219.327
2	10	2	2	142	1	2	3	22	6	2	8	1	0.89134044	22	15221.018	15221.618	15221.618	15221.818	15222.509
2	10	2	2	143	1	2	3	23	2	1	1	1	0.46937008	23	15223.631	15223.831	15223.831	15224.031	15224.3
2	10	2	2	144	1	2	3	24	1	2	1	1	0.47542402	24	15225.844	15226.444	15226.444	15226.644	15226.92
2	10	2	2	145	1	2	3	25	4	1	8	1	0.48278036	25	15228.459	15228.659	15228.659	15228.859	15229.141
2	10	2	2	146	1	2	3	26	5	1	8	1	0.3343798	26	15230.672	15230.872	15230.872	15231.072	15231.206
2	10	2	2	147	1	2	3	27	5	2	8	1	0.38447985	27	15232.884	15233.484	15233.484	15233.684	15233.868
2	10	2	2	148	1	2	3	28	6	2	8	1	0.39697446	28	15235.495	15236.095	15236.095	15236.295	15236.492
2	10	2	2	149	1	2	3	29	2	1	1	1	0.56951416	29	15238.109	15238.309	15238.309	15238.509	15238.878
2	10	2	2	150	1	2	3	30	4	2	8	1	0.52186622	30	15240.322	15240.923	15240.923	15241.123	15241.444
2	10	2	2	151	1	6	3	1	1	1	2	1	0.60852111	1	15252.663	15252.863	15252.863	15253.063	15253.471
2	10	2	2	152	1	6	3	2	5	2	6	1	0.59135303	2	15254.877	15255.477	15255.477	15255.677	15256.068
2	10	2	2	153	1	6	3	3	6	1	7	1	0.60507077	3	15257.491	15257.691	15257.691	15257.891	15258.296
2	10	2	2	154	1	6	3	4	1	1	2	1	0.62284999	4	15259.705	15259.905	15259.905	15260.105	15260.528
2	10	2	2	155	1	6	3	5	3	2	4	1	0.60642987	5	15261.919	15262.519	15262.519	15262.719	15263.126
2	10	2	2	156	1	6	3	6	4	1	5	1	0.66232243	6	15264.534	15264.734	15264.734	15264.934	15265.396
2	10	2	2	157	1	6	3	7	6	2	7	1	0.56770818	7	15266.749	15267.349	15267.349	15267.549	15267.916
2	10	2	2	158	1	6	3	8	1	1	2	1	0.55543683	8	15269.363	15269.563	15269.563	15269.763	15270.119
2	10	2	2	159	1	6	3	9	5	1	6	1	0.66630671	9	15271.578	15271.778	15271.778	15271.978	15272.444
2	10	2	2	160	1	6	3	10	2	2	3	1	0.60580451	10	15273.793	15274.393	15274.393	15274.593	15274.998
2	10	2	2	161	1	6	3	11	5	2	6	1	0.56881803	11	15276.407	15277.007	15277.007	15277.207	15277.576
2	10	2	2	162	1	6	3	12	6	2	7	1	0.57820941	12	15279.02	15279.62	15279.62	15279.82	15280.198
2	10	2	2	163	1	6	3	13	5	1	6	1	0.53811498	13	15281.634	15281.834	15281.834	15282.034	15282.372
2	10	2	2	164	1	6	3	14	3	1	4	1	0.75872726	14	15283.846	15284.046	15284.046	15284.246	15284.805
2	10	2	2	165	1	6	3	15	3	1	4	1	0.56444333	15	15286.059	15286.259	15286.259	15286.459	15286.823
2	10	2	2	166	1	6	3	16	4	2	5	1	0.63053958	16	15288.274	15288.874	15288.874	15289.074	15289.504
2	10	2	2	167	1	6	3	17	3	2	4	1	0.83067317	17	15290.888	15291.488	15291.488	15291.688	15292.319
2	10	2	2	168	1	6	3	18	6	1	7	1	0.59772032	18	15293.504	15293.704	15293.704	15293.904	15294.301
2	10	2	2	169	1	6	3	19	2	2	3	1	0.68676957	19	15295.719	15296.319	15296.319	15296.519	15297.006
2	10	2	2	170	1	6	3	20	4	1	5	1	0.60547227	20	15298.334	15298.534	15298.534	15298.734	15299.14
2	10	2	2	171	1	6	3	21	2	2	3	1	0.74334568	21	15300.549	15301.149	15301.149	15301.349	15301.892
2	10	2	2	172	1	6	3	22	6	2	7	1	0.55445205	22	15303.164	15303.764	15303.764	15303.964	15304.319
2	10	2	2	173	1	6	3	23	5	1	6	1	0.51222577	23	15305.78	15305.98	15305.98	15306.18	15306.492
2	10	2	2	174	1	6	3	24	3	2	4	1	0.57022277	24	15307.995	15308.595	15308.595	15308.795	15309.165
2	10	2	2	175	1	6	3	25	1	1	2	1	0.60938209	25	15310.61	15310.81	15310.81	15311.01	15311.42
2	10	2	2	176	1	6	3	26	4	1	5	1	0.63499642	26	15312.825	15313.025	15313.025	15313.225	15313.66
2	10	2	2	177	1	6	3	27	1	2	2	1	0.66217026	27	15315.04	15315.64	15315.64	15315.84	15316.302
2	10	2	2	178	1	6	3	28	2	2	3	1	0.64816563	28	15317.655	15318.255	15318.255	15318.455	15318.904
2	10	2	2	179	1	6	3	29	4	1	5	1	0.63761708	29	15320.271	15320.471	15320.471	15320.671	15321.108
2	10	2	2	180	1	6	3	30	2	2	3	1	0.69750209	30	15322.486	15323.086	15323.086	15323.286	15323.784
2	10	2	2	181	2	2	4	1	3	1	1	1	0.52532267	1	15675.673	15675.874	15675.874	15676.074	15676.399
2	10	2	2	182	2	2	4	2	2	2	1	1	0.40348536	2	15677.889	15678.489	15678.489	15678.689	15678.893
2	10	2	2	183	2	2	4	3	2	1	1	1	0.45207645	3	15680.505	15680.705	15680.705	15680.905	15681.157
2	10	2	2	184	2	2	4	4	4	1	8	1	0.46245523	4	15682.717	15682.917	15682.917	15683.117	15683.38
2	10	2	2	185	2	2	4	5	5	2	8	1	0.31301001	5	15684.933	15685.533	15685.533	15685.733	15685.846
2	10	2	2	186	2	2	4	6	1	1	1	1	0.39371879	6	15687.549	15687.749	15687.749	15687.949	15688.143
2	10	2	2	187	2	2	4	7	5	2	8	1	0.29580431	7	15689.765	15690.365	15690.365	15690.565	15690.661
2	10	2	2	188	2	2	4	8	6	1	8	1	0.44348502	8	15692.38	15692.58	15692.58	15692.781	15693.024
2	10	2	2	189	2	2	4	9	6	1	8	1	0.4074187	9	15694.597	15694.797	15694.797	15694.997	15695.204
2	10	2	2	190	2	2	4	10	5	2	8	1	0.41616966	10	15696.812	15697.412	15697.412	15697.612	15697.828
2	10	2	2	191	2	2	4	11	6	2	8	1	0.40009958	11	15699.428	15700.028	15700.028	15700.228	15700.428
2	10	2	2	192	2	2	4	12	5	2	8	1	0.50467056	12	15702.043	15702.643	15702.643	15702.843	15703.148
2	10	2	2	193	2	2	4	13	4	1	8	1	0.44120548	13	15704.659	15704.859	15704.859	15705.059	15705.3
2	10	2	2	194	2	2	4	14	3	1	1	1	0.54646427	14	15706.875	15707.075	15707.075	15707.275	15707.622
2	10	2	2	195	2	2	4	15	3	1	1	1	0.47563088	15	15709.092	15709.292	15709.292	15709.492	15709.768
2	10	2	2	196	2	2	4	16	2	2	1	1	0.42841778	16	15711.308	15711.908	15711.908	15712.108	15712.336
2	10	2	2	197	2	2	4	17	4	2	8	1	0.43528664	17	15713.925	15714.525	15714.525	15714.725	15714.96
2	10	2	2	198	2	2	4	18	4	1	8	1	0.74743771	18	15716.538	15716.738	15716.738	15716.938	15717.485
2	10	2	2	199	2	2	4	19	1	2	1	1	0.45247366	19	15718.751	15719.351	15719.351	15719.552	15719.804
2	10	2	2	200	2	2	4	20	2	1	1	1	0.46140599	20	15721.368	15721.568	15721.568	15721.768	15722.029
2	10	2	2	201	2	2	4	21	1	2	1	1	0.65258818	21	15723.585	15724.185	15724.185	15724.385	15724.838
2	10	2	2	202	2	2	4	22	5	2	8	1	0.38074564	22	15726.199	15726.799	15726.799	15726.999	15727.18
2	10	2	2	203	2	2	4	23	1	1	1	1	0.51475327	23	15728.816	15729.016	15729.016	15729.216	15729.531
2	10	2	2	204	2	2	4	24	6	2	8	1	0.46918659	24	15731.032	15731.632	15731.632	15731.832	15732.101
2	10	2	2	205	2	2	4	25	3	1	1	1	0.41249408	25	15733.65	15733.85	15733.85	15734.05	15734.262
2	10	2	2	206	2	2	4	26	3	1	1	1	0.45862244	26	15735.866	15736.066	15736.066	15736.266	15736.525
2	10	2	2	207	2	2	4	27	6	2	8	1	0.40201939	27	15738.083	15738.683	15738.683	15738.883	15739.085
2	10	2	2	208	2	2	4	28	4	2	8	1	0.36226515	28	15740.7	15741.3	15741.3	15741.5	15741.662
2	10	2	2	209	2	2	4	29	1	1	1	1	0.46476894	29	15743.317	15743.517	15743.517	15743.717	15743.982
2	10	2	2	210	2	2	4	30	2	2	1	1	0.40991386	30	15745.531	15746.131	15746.131	15746.331	15746.541
2	10	2	2	211	2	6	4	1	5	1	0	0	-15776.422	0	15776.222	15776.422	15776.422	15776.622	0
2	10	2	2	212	2	6	4	2	3	2	4	1	0.63876542	1	15778.439	15779.039	15779.039	15779.239	15779.678
2	10	2	2	213	2	6	4	3	3	1	4	1	0.6386427	2	15781.056	15781.256	15781.256	15781.456	15781.895
2	10	2	2	214	2	6	4	4	6	1	7	1	0.67747456	3	15783.274	15783.474	15783.474	15783.674	15784.151
2	10	2	2	215	2	6	4	5	3	2	4	1	0.56489913	4	15785.487	15786.087	15786.087	15786.287	15786.652
2	10	2	2	216	2	6	4	6	4	1	5	1	0.74284089	5	15788.105	15788.305	15788.305	15788.505	15789.048
2	10	2	2	217	2	6	4	7	5	2	6	1	0.52186687	6	15790.322	15790.922	15790.922	15791.122	15791.444
2	10	2	2	218	2	6	4	8	2	1	3	1	0.57650626	7	15792.939	15793.139	15793.139	15793.339	15793.716
2	10	2	2	219	2	6	4	9	5	1	6	1	0.54650783	8	15795.156	15795.356	15795.356	15795.556	15795.903
2	10	2	2	220	2	6	4	10	6	2	7	1	0.70319769	9	15797.374	15797.974	15797.974	15798.174	15798.677
2	10	2	2	221	2	6	4	11	2	2	3	1	0.59078726	10	15799.991	15800.591	15800.591	15800.791	15801.181
2	10	2	2	222	2	6	4	12	6	2	7	1	0.74538278	11	15802.605	15803.205	15803.205	15803.405	15803.951
2	10	2	2	223	2	6	4	13	1	1	2	1	0.66331102	12	15805.223	15805.423	15805.423	15805.623	15806.086
2	10	2	2	224	2	6	4	14	4	1	5	1	0.6674067	13	15807.441	15807.641	15807.641	15807.841	15808.309
2	10	2	2	225	2	6	4	15	5	1	6	1	0.61678206	14	15809.659	15809.859	15809.859	15810.059	15810.476
2	10	2	2	226	2	6	4	16	2	2	3	1	0.58889559	15	15811.873	15812.473	15812.473	15812.673	15813.062
2	10	2	2	227	2	6	4	17	4	2	5	1	0.6342932	16	15814.492	15815.092	15815.092	15815.292	15815.726
2	10	2	2	228	2	6	4	18	6	1	7	1	0.57105301	17	15817.106	15817.306	15817.306	15817.506	15817.878
2	10	2	2	229	2	6	4	19	1	2	2	1	0.61837706	18	15819.324	15819.924	15819.924	15820.124	15820.543
2	10	2	2	230	2	6	4	20	1	1	2	1	0.60708551	19	15821.943	15822.143	15822.143	15822.343	15822.75
2	10	2	2	231	2	6	4	21	3	2	4	1	0.61845031	20	15824.164	15824.764	15824.764	15824.964	15825.382
2	10	2	2	232	2	6	4	22	4	2	5	1	0.61564583	21	15826.782	15827.382	15827.382	15827.582	15827.998
2	10	2	2	233	2	6	4	23	1	1	2	1	0.66796857	22	15829.4	15829.6	15829.6	15829.8	15830.268
2	10	2	2	234	2	6	4	24	2	2	3	1	0.54747192	23	15831.618	15832.218	15832.218	15832.418	15832.766
2	10	2	2	235	2	6	4	25	6	1	7	1	0.81399975	24	15834.238	15834.438	15834.438	15834.638	15835.252
2	10	2	2	236	2	6	4	26	5	1	6	1	0.57305578	25	15836.456	15836.656	15836.656	15836.856	15837.229
2	10	2	2	237	2	6	4	27	4	2	5	1	0.73495714	26	15838.671	15839.271	15839.271	15839.471	15840.006
2	10	2	2	238	2	6	4	28	1	2	2	1	0.62247379	27	15841.286	15841.886	15841.886	15842.086	15842.509
2	10	2	2	239	2	6	4	29	3	1	4	1	0.58304341	28	15843.905	15844.105	15844.105	15844.305	15844.688
2	10	2	2	240	2	6	4	30	2	2	3	1	0.78625435	29	15846.124	15846.724	15846.724	15846.924	15847.51
2	10	2	2	241	2	2	5	1	5	1	8	1	0.80339396	1	15876.811	15877.011	15877.011	15877.211	15877.815
2	10	2	2	242	2	2	5	2	5	2	8	1	0.39354057	2	15879.026	15879.626	15879.626	15879.826	15880.02
2	10	2	2	243	2	2	5	3	2	1	1	1	0.38682301	3	15881.645	15881.845	15881.845	15882.045	15882.232
2	10	2	2	244	2	2	5	4	4	1	8	1	0.38165304	4	15883.864	15884.064	15884.064	15884.264	15884.446
2	10	2	2	245	2	2	5	5	6	2	8	1	0.45716927	5	15886.083	15886.683	15886.683	15886.883	15887.14
2	10	2	2	246	2	2	5	6	4	1	8	1	0.38904305	6	15888.699	15888.899	15888.899	15889.099	15889.288
2	10	2	2	247	2	2	5	7	3	2	1	1	0.42559137	7	15890.917	15891.517	15891.517	15891.717	15891.943
2	10	2	2	248	2	2	5	8	3	1	1	1	0.42193826	8	15893.535	15893.735	15893.735	15893.935	15894.157
2	10	2	2	249	2	2	5	9	6	1	8	1	0.3732728	9	15895.751	15895.951	15895.951	15896.151	15896.324
2	10	2	2	250	2	2	5	10	1	2	1	1	0.43021572	10	15897.969	15898.569	15898.569	15898.769	15898.999
2	10	2	2	251	2	2	5	11	3	2	1	1	0.47147445	11	15900.588	15901.188	15901.188	15901.388	15901.66
2	10	2	2	252	2	2	5	12	2	2	1	1	0.46220224	12	15903.205	15903.805	15903.805	15904.005	15904.268
2	10	2	2	253	2	2	5	13	3	1	1	1	0.67041555	13	15905.825	15906.025	15906.025	15906.225	15906.695
2	10	2	2	254	2	2	5	14	6	1	8	1	0.80924176	14	15908.039	15908.24	15908.24	15908.44	15909.049
2	10	2	2	255	2	2	5	15	1	1	1	1	0.46950201	15	15910.256	15910.456	15910.456	15910.656	15910.926
2	10	2	2	256	2	2	5	16	6	2	8	1	0.37221015	16	15912.472	15913.072	15913.072	15913.272	15913.444
2	10	2	2	257	2	2	5	17	6	2	8	1	0.35237537	17	15915.091	15915.691	15915.691	15915.891	15916.044
2	10	2	2	258	2	2	5	18	4	1	8	1	0.38201568	18	15917.71	15917.91	15917.91	15918.11	15918.292
2	10	2	2	259	2	2	5	19	5	2	8	1	0.42936542	19	15919.929	15920.529	15920.529	15920.729	15920.959
2	10	2	2	260	2	2	5	20	5	1	8	1	0.37665793	20	15922.549	15922.749	15922.749	15922.949	15923.125
2	10	2	2	261	2	2	5	21	4	2	8	1	0.7401199	21	15924.768	15925.368	15925.368	15925.568	15926.108
2	10	2	2	262	2	2	5	22	5	2	8	1	0.34623329	22	15927.388	15927.988	15927.988	15928.188	15928.334
2	10	2	2	263	2	2	5	23	1	1	2	1	2.0009181	23	15930.009	15930.209	15930.209	15930.409	15932.21
2	10	2	2	264	2	2	5	24	2	2	1	1	0.64707295	24	15932.229	15932.829	15932.829	15933.029	15933.476
2	10	2	2	265	2	2	5	25	1	1	1	1	0.83571043	25	15934.85	15935.05	15935.05	15935.25	15935.886
2	10	2	2	266	2	2	5	26	2	1	1	1	0.41466603	26	15937.07	15937.27	15937.27	15937.47	15937.685
2	10	2	2	267	2	2	5	27	4	2	8	1	0.31884959	27	15939.289	15939.889	15939.889	15940.089	15940.208
2	10	2	2	268	2	2	5	28	1	2	1	1	0.53675945	28	15941.909	15942.509	15942.509	15942.709	15943.046
2	10	2	2	269	2	2	5	29	3	1	1	1	0.64442326	29	15944.529	15944.729	15944.729	15944.929	15945.373
2	10	2	2	270	2	2	5	30	2	2	8	1	0.80292486	30	15946.749	15947.349	15947.349	15947.549	15948.152
2	10	2	2	271	2	6	5	1	6	1	7	1	0.58852351	1	15977.44	15977.64	15977.64	15977.84	15978.229
2	10	2	2	272	2	6	5	2	6	2	7	1	0.45923756	2	15979.66	15980.26	15980.26	15980.46	15980.719
2	10	2	2	273	2	6	5	3	3	1	4	1	0.41229385	3	15982.276	15982.476	15982.476	15982.676	15982.888
2	10	2	2	274	2	6	5	4	1	1	2	1	0.64598377	4	15984.496	15984.696	15984.696	15984.896	15985.342
2	10	2	2	275	2	6	5	5	5	2	6	1	0.65158319	5	15986.716	15987.316	15987.316	15987.516	15987.968
2	10	2	2	276	2	6	5	6	1	1	2	1	0.57458132	6	15989.334	15989.534	15989.534	15989.735	15990.109
2	10	2	2	277	2	6	5	7	3	2	4	1	0.59880854	7	15991.553	15992.153	15992.153	15992.353	15992.752
2	10	2	2	278	2	6	5	8	5	1	6	1	0.7031649	8	15994.174	15994.374	15994.374	15994.574	15995.077
2	10	2	2	279	2	6	5	9	4	1	5	1	1.6199273	9	15996.394	15996.594	15996.594	15996.794	15998.214
2	10	2	2	280	2	6	5	10	2	2	3	1	0.61524167	10	15998.614	15999.214	15999.214	15999.414	15999.829
2	10	2	2	281	2	6	5	11	2	2	3	1	0.51451994	11	16001.234	16001.834	16001.834	16002.034	16002.349
2	10	2	2	282	2	6	5	12	1	2	2	1	0.72940094	12	16003.854	16004.454	16004.454	16004.654	16005.184
2	10	2	2	283	2	6	5	13	3	1	4	1	0.80508324	13	16006.473	16006.673	16006.673	16006.873	16007.478
2	10	2	2	284	2	6	5	14	5	1	6	1	0.70327049	14	16008.694	16008.894	16008.894	16009.094	16009.597
2	10	2	2	285	2	6	5	15	4	1	5	1	0.61903012	15	16010.915	16011.115	16011.115	16011.315	16011.734
2	10	2	2	286	2	6	5	16	2	2	3	1	0.72099325	16	16013.133	16013.733	16013.733	16013.933	16014.454
2	10	2	2	287	2	6	5	17	1	2	5	1	1.1961372	17	16015.755	16016.355	16016.355	16016.555	16017.551
2	10	2	2	288	2	6	5	18	3	1	4	1	0.7206986	18	16018.374	16018.574	16018.574	16018.774	16019.295
2	10	2	2	289	2	6	5	19	6	2	6	1	1.6111298	19	16020.594	16021.194	16021.194	16021.394	16022.806
2	10	2	2	290	2	6	5	20	5	1	6	1	0.69969598	20	16023.217	16023.417	16023.417	16023.617	16024.117
2	10	2	2	291	2	6	5	21	1	2	2	1	0.62256513	21	16025.439	16026.039	16026.039	16026.239	16026.661
2	10	2	2	292	2	6	5	22	4	2	5	1	0.61978997	22	16028.058	16028.658	16028.658	16028.858	16029.278
2	10	2	2	293	2	6	5	23	6	1	7	1	0.58214064	23	16030.682	16030.882	16030.882	16031.082	16031.464
2	10	2	2	294	2	6	5	24	2	2	3	1	0.56627457	24	16032.902	16033.502	16033.502	16033.702	16034.069
2	10	2	2	295	2	6	5	25	5	1	6	1	0.75262559	25	16035.523	16035.723	16035.723	16035.923	16036.476
2	10	2	2	296	2	6	5	26	4	1	5	1	0.75305302	26	16037.743	16037.943	16037.943	16038.143	16038.696
2	10	2	2	297	2	6	5	27	3	2	4	1	0.84149641	27	16039.962	16040.562	16040.562	16040.762	16041.404
2	10	2	2	298	2	6	5	28	6	2	7	1	0.78403314	28	16042.583	16043.183	16043.183	16043.383	16043.967
2	10	2	2	299	2	6	5	29	2	1	3	1	0.61770409	29	16045.205	16045.405	16045.405	16045.605	16046.022
2	10	2	2	300	2	6	5	30	4	2	5	1	0.61339784	30	16047.425	16048.025	16048.025	16048.225	16048.638
2	10	2	2	301	2	2	6	1	4	1	8	1	0.40673645	1	16078.109	16078.309	16078.309	16078.509	16078.716
2	10	2	2	302	2	2	6	2	2	2	1	1	0.58578755	2	16080.33	16080.93	16080.93	16081.13	16081.516
2	10	2	2	303	2	2	6	3	3	1	1	1	0.43018145	3	16082.952	16083.152	16083.152	16083.352	16083.582
2	10	2	2	304	2	2	6	4	6	1	8	1	0.6250631	4	16085.172	16085.372	16085.372	16085.572	16085.997
2	10	2	2	305	2	2	6	5	6	2	8	1	0.37316808	5	16087.393	16087.993	16087.993	16088.193	16088.367
2	10	2	2	306	2	2	6	6	2	1	1	1	0.44832543	6	16090.015	16090.215	16090.215	16090.415	16090.663
2	10	2	2	307	2	2	6	7	4	2	8	1	0.4061871	7	16092.233	16092.833	16092.833	16093.033	16093.239
2	10	2	2	308	2	2	6	8	3	1	1	1	0.49042069	8	16094.851	16095.051	16095.051	16095.251	16095.541
2	10	2	2	309	2	2	6	9	3	1	1	1	0.75418318	9	16097.073	16097.273	16097.273	16097.473	16098.027
2	10	2	2	310	2	2	6	10	4	2	8	1	0.45506838	10	16099.295	16099.895	16099.895	16100.095	16100.35
2	10	2	2	311	2	2	6	11	5	2	8	1	0.56402137	11	16101.916	16102.516	16102.516	16102.716	16103.08
2	10	2	2	312	2	2	6	12	3	2	1	1	0.66804056	12	16104.538	16105.138	16105.138	16105.338	16105.806
2	10	2	2	313	2	2	6	13	5	1	8	1	0.34357916	13	16107.16	16107.36	16107.36	16107.56	16107.704
2	10	2	2	314	2	2	6	14	5	1	8	1	0.50522345	14	16109.382	16109.582	16109.582	16109.782	16110.087
2	10	2	2	315	2	2	6	15	6	1	8	1	0.53840172	15	16111.604	16111.804	16111.804	16112.004	16112.342
2	10	2	2	316	2	2	6	16	4	2	8	1	0.44229127	16	16113.826	16114.426	16114.426	16114.626	16114.868
2	10	2	2	317	2	2	6	17	6	2	8	1	0.38307486	17	16116.448	16117.048	16117.048	16117.248	16117.431
2	10	2	2	318	2	2	6	18	5	1	8	1	0.41665902	18	16119.07	16119.27	16119.27	16119.47	16119.686
2	10	2	2	319	2	2	6	19	1	2	1	1	0.49332918	19	16121.29	16121.89	16121.89	16122.09	16122.384
2	10	2	2	320	2	2	6	20	5	1	8	1	0.38882963	20	16123.912	16124.112	16124.112	16124.312	16124.501
2	10	2	2	321	2	2	6	21	1	2	1	1	0.80796472	21	16126.135	16126.735	16126.735	16126.935	16127.542
2	10	2	2	322	2	2	6	22	2	2	1	1	0.61621533	22	16128.756	16129.356	16129.356	16129.556	16129.972
2	10	2	2	323	2	2	6	23	3	1	1	1	0.59555062	23	16131.378	16131.578	16131.578	16131.778	16132.173
2	10	2	2	324	2	2	6	24	6	2	8	1	0.49476117	24	16133.599	16134.199	16134.199	16134.399	16134.694
2	10	2	2	325	2	2	6	25	4	1	2	1	1.9395056	25	16136.22	16136.42	16136.42	16136.62	16138.36
2	10	2	2	326	2	2	6	26	1	1	1	1	0.61331268	26	16138.439	16138.639	16138.639	16138.839	16139.252
2	10	2	2	327	2	2	6	27	1	2	1	1	0.57970946	27	16140.66	16141.26	16141.26	16141.46	16141.84
2	10	2	2	328	2	2	6	28	2	2	1	1	0.5374079	28	16143.283	16143.883	16143.883	16144.083	16144.42
2	10	2	2	329	2	2	6	29	1	1	1	1	0.46988129	29	16145.904	16146.104	16146.104	16146.304	16146.574
2	10	2	2	330	2	2	6	30	2	2	1	1	0.52519643	30	16148.127	16148.727	16148.727	16148.927	16149.252
2	10	2	2	331	2	6	6	1	6	1	7	1	0.52534671	1	16178.809	16179.009	16179.009	16179.209	16179.534
2	10	2	2	332	2	6	6	2	5	2	6	1	0.76483753	2	16181.034	16181.634	16181.634	16181.834	16182.399
2	10	2	2	333	2	6	6	3	4	1	5	1	0.61426075	3	16183.656	16183.856	16183.856	16184.056	16184.47
2	10	2	2	334	2	6	6	4	2	1	3	1	0.58441167	4	16185.878	16186.078	16186.078	16186.278	16186.662
2	10	2	2	335	2	6	6	5	2	2	3	1	0.70454307	5	16188.101	16188.701	16188.701	16188.901	16189.406
2	10	2	2	336	2	6	6	6	5	1	6	1	0.56274929	6	16190.725	16190.925	16190.925	16191.125	16191.487
2	10	2	2	337	2	6	6	7	5	2	6	1	0.4728477	7	16192.947	16193.547	16193.547	16193.747	16194.02
2	10	2	2	338	2	6	6	8	2	1	3	1	0.64365019	8	16195.569	16195.769	16195.769	16195.969	16196.413
2	10	2	2	339	2	6	6	9	2	1	3	1	0.56647873	9	16197.792	16197.992	16197.992	16198.192	16198.558
2	10	2	2	340	2	6	6	10	1	2	2	1	0.60048709	10	16200.014	16200.614	16200.614	16200.814	16201.215
2	10	2	2	341	2	6	6	11	6	2	7	1	0.72433124	11	16202.633	16203.233	16203.233	16203.433	16203.957
2	10	2	2	342	2	6	6	12	6	2	7	1	0.96481783	12	16205.257	16205.857	16205.857	16206.057	16206.822
2	10	2	2	343	2	6	6	13	5	1	6	1	0.70843488	13	16207.88	16208.08	16208.08	16208.28	16208.788
2	10	2	2	344	2	6	6	14	6	1	7	1	0.67165599	14	16210.103	16210.303	16210.303	16210.503	16210.974
2	10	2	2	345	2	6	6	15	2	1	3	1	0.64889994	15	16212.326	16212.526	16212.526	16212.726	16213.175
2	10	2	2	346	2	6	6	16	3	2	0	0	-16215.149	15	16214.549	16215.149	16215.149	16215.349	0
2	10	2	2	347	2	6	6	17	4	2	5	1	0.63981679	16	16217.172	16217.772	16217.772	16217.972	16218.412
2	10	2	2	348	2	6	6	18	3	1	4	1	0.65221552	17	16219.795	16219.995	16219.995	16220.195	16220.647
2	10	2	2	349	2	6	6	19	5	2	6	1	0.58978293	18	16222.018	16222.618	16222.618	16222.818	16223.207
2	10	2	2	350	2	6	6	20	4	1	5	1	0.63877766	19	16224.639	16224.839	16224.839	16225.039	16225.478
2	10	2	2	351	2	6	6	21	1	2	2	1	0.56711866	20	16226.863	16227.463	16227.463	16227.663	16228.031
2	10	2	2	352	2	6	6	22	1	2	2	1	0.85648735	21	16229.487	16230.087	16230.087	16230.287	16230.943
2	10	2	2	353	2	6	6	23	1	1	0	0	-16232.311	21	16232.111	16232.311	16232.311	16232.511	0
2	10	2	2	354	2	6	6	24	4	2	5	1	0.90460751	22	16234.335	16234.935	16234.935	16235.135	16235.839
2	10	2	2	355	2	6	6	25	3	1	2	0	1.0097234	22	16236.955	16237.155	16237.155	16237.355	16238.165
2	10	2	2	356	2	6	6	26	4	1	6	1	1.9986425	23	16239.175	16239.375	16239.375	16239.575	16241.374
2	10	2	2	357	2	6	6	27	3	2	6	0	1.1211261	23	16241.398	16241.998	16241.998	16242.198	16243.119
2	10	2	2	358	2	6	6	28	3	2	4	1	0.63469383	24	16244.018	16244.618	16244.618	16244.818	16245.253
2	10	2	2	359	2	6	6	29	6	1	7	1	0.64814919	25	16246.645	16246.845	16246.845	16247.045	16247.493
2	10	2	2	360	2	6	6	30	1	2	2	1	0.67988615	26	16248.871	16249.471	16249.471	16249.671	16250.151
2	10	2	2	361	3	2	7	1	6	1	8	1	0.41459906	1	17739.376	17739.576	17739.576	17739.776	17739.99
2	10	2	2	362	3	2	7	2	6	2	8	1	0.40283884	2	17741.6	17742.2	17742.2	17742.4	17742.603
2	10	2	2	363	3	2	7	3	3	1	1	1	0.45632939	3	17744.224	17744.424	17744.424	17744.624	17744.88
2	10	2	2	364	3	2	7	4	4	1	8	1	0.37120878	4	17746.444	17746.644	17746.644	17746.844	17747.015
2	10	2	2	365	3	2	7	5	1	2	1	1	0.44877025	5	17748.668	17749.268	17749.268	17749.468	17749.717
2	10	2	2	366	3	2	7	6	6	1	8	1	0.44029652	6	17751.292	17751.492	17751.492	17751.692	17751.932
2	10	2	2	367	3	2	7	7	2	2	1	1	0.31455316	7	17753.516	17754.116	17754.116	17754.316	17754.43
2	10	2	2	368	3	2	7	8	4	1	8	1	0.52202315	8	17756.141	17756.341	17756.341	17756.541	17756.863
2	10	2	2	369	3	2	7	9	3	1	1	1	0.3049876	9	17758.364	17758.564	17758.564	17758.764	17758.869
2	10	2	2	370	3	2	7	10	6	2	8	1	0.40826222	10	17760.588	17761.188	17761.188	17761.388	17761.596
2	10	2	2	371	3	2	7	11	2	2	1	1	0.3780351	11	17763.21	17763.81	17763.81	17764.01	17764.188
2	10	2	2	372	3	2	7	12	6	2	8	1	0.31254034	12	17765.835	17766.435	17766.435	17766.635	17766.748
2	10	2	2	373	3	2	7	13	3	1	1	1	0.48421951	13	17768.459	17768.659	17768.659	17768.859	17769.144
2	10	2	2	374	3	2	7	14	4	1	8	1	0.42727979	14	17770.683	17770.883	17770.883	17771.083	17771.311
2	10	2	2	375	3	2	7	15	4	1	8	1	0.40839321	15	17772.908	17773.108	17773.108	17773.308	17773.516
2	10	2	2	376	3	2	7	16	2	2	1	1	0.56348197	16	17775.133	17775.733	17775.733	17775.933	17776.296
2	10	2	2	377	3	2	7	17	5	2	8	1	0.53499551	17	17777.757	17778.357	17778.357	17778.557	17778.892
2	10	2	2	378	3	2	7	18	5	1	8	1	0.40079494	18	17780.382	17780.582	17780.582	17780.782	17780.983
2	10	2	2	379	3	2	7	19	5	2	8	1	0.44091953	19	17782.607	17783.207	17783.207	17783.407	17783.648
2	10	2	2	380	3	2	7	20	1	1	1	1	0.48442155	20	17785.232	17785.432	17785.432	17785.632	17785.916
2	10	2	2	381	3	2	7	21	1	2	1	1	0.36488338	21	17787.456	17788.056	17788.056	17788.256	17788.421
2	10	2	2	382	3	2	7	22	4	2	8	1	0.37306281	22	17790.081	17790.681	17790.681	17790.881	17791.054
2	10	2	2	383	3	2	7	23	5	1	8	1	0.45045244	23	17792.706	17792.906	17792.906	17793.106	17793.356
2	10	2	2	384	3	2	7	24	3	2	1	1	0.57242819	24	17794.928	17795.528	17795.528	17795.728	17796.1
2	10	2	2	385	3	2	7	25	3	1	1	1	0.69373356	25	17797.553	17797.753	17797.753	17797.953	17798.447
2	10	2	2	386	3	2	7	26	2	1	1	1	0.43652491	26	17799.778	17799.978	17799.978	17800.178	17800.415
2	10	2	2	387	3	2	7	27	1	2	1	1	0.38718954	27	17802.003	17802.603	17802.603	17802.803	17802.99
2	10	2	2	388	3	2	7	28	2	2	1	1	0.58840405	28	17804.627	17805.227	17805.227	17805.427	17805.816
2	10	2	2	389	3	2	7	29	1	1	1	1	1.2184268	29	17807.252	17807.452	17807.452	17807.652	17808.67
2	10	2	2	390	3	2	7	30	5	2	8	1	0.4556366	30	17809.477	17810.077	17810.077	17810.277	17810.532
2	10	2	2	391	3	6	7	1	3	1	4	1	0.88289394	1	17840.155	17840.355	17840.355	17840.555	17841.238
2	10	2	2	392	3	6	7	2	4	2	5	1	0.61637204	2	17842.38	17842.98	17842.98	17843.18	17843.596
2	10	2	2	393	3	6	7	3	6	1	7	1	0.61156798	3	17845.004	17845.204	17845.204	17845.404	17845.816
2	10	2	2	394	3	6	7	4	1	1	2	1	0.59070815	4	17847.23	17847.43	17847.43	17847.63	17848.021
2	10	2	2	395	3	6	7	5	6	2	7	1	0.58961717	5	17849.455	17850.055	17850.055	17850.255	17850.645
2	10	2	2	396	3	6	7	6	2	1	3	1	0.57298814	6	17852.081	17852.281	17852.281	17852.481	17852.854
2	10	2	2	397	3	6	7	7	4	2	5	1	0.51635716	7	17854.306	17854.906	17854.906	17855.106	17855.423
2	10	2	2	398	3	6	7	8	1	1	2	1	0.62765156	8	17856.929	17857.129	17857.129	17857.329	17857.756
2	10	2	2	399	3	6	7	9	2	1	3	1	0.57805661	9	17859.154	17859.354	17859.354	17859.554	17859.932
2	10	2	2	400	3	6	7	10	5	2	6	1	0.83438084	10	17861.38	17861.98	17861.98	17862.18	17862.815
2	10	2	2	401	3	6	7	11	1	2	2	1	0.58320113	11	17864.006	17864.606	17864.606	17864.806	17865.189
2	10	2	2	402	3	6	7	12	3	2	4	1	0.58386571	12	17866.631	17867.231	17867.231	17867.431	17867.815
2	10	2	2	403	3	6	7	13	5	1	6	1	0.54188388	13	17869.256	17869.456	17869.456	17869.656	17869.998
2	10	2	2	404	3	6	7	14	3	1	4	1	0.54999965	14	17871.478	17871.678	17871.678	17871.878	17872.228
2	10	2	2	405	3	6	7	15	4	1	5	1	0.66900431	15	17873.705	17873.905	17873.905	17874.105	17874.574
2	10	2	2	406	3	6	7	16	1	2	2	1	0.57076017	16	17875.932	17876.532	17876.532	17876.732	17877.103
2	10	2	2	407	3	6	7	17	1	2	2	1	0.70507496	17	17878.558	17879.158	17879.158	17879.358	17879.863
2	10	2	2	408	3	6	7	18	4	1	5	1	0.66118641	18	17881.184	17881.384	17881.384	17881.584	17882.045
2	10	2	2	409	3	6	7	19	6	2	7	1	0.64188722	19	17883.41	17884.01	17884.01	17884.21	17884.652
2	10	2	2	410	3	6	7	20	2	1	3	1	0.58791682	20	17886.036	17886.236	17886.236	17886.436	17886.824
2	10	2	2	411	3	6	7	21	5	2	6	1	0.6074929	21	17888.262	17888.862	17888.862	17889.062	17889.469
2	10	2	2	412	3	6	7	22	5	2	6	1	0.51948633	22	17890.887	17891.487	17891.487	17891.687	17892.006
2	10	2	2	413	3	6	7	23	6	1	7	1	0.67814989	23	17893.514	17893.714	17893.714	17893.914	17894.392
2	10	2	2	414	3	6	7	24	2	2	3	1	0.59618034	24	17895.739	17896.339	17896.339	17896.539	17896.936
2	10	2	2	415	3	6	7	25	4	1	5	1	0.60690087	25	17898.365	17898.565	17898.565	17898.765	17899.172
2	10	2	2	416	3	6	7	26	3	1	4	1	0.58339623	26	17900.592	17900.792	17900.792	17900.992	17901.375
2	10	2	2	417	3	6	7	27	2	2	3	1	0.56027091	27	17902.816	17903.416	17903.416	17903.616	17903.976
2	10	2	2	418	3	6	7	28	6	2	7	1	0.76669233	28	17905.439	17906.039	17906.039	17906.239	17906.806
2	10	2	2	419	3	6	7	29	5	1	6	1	0.53902986	29	17908.069	17908.269	17908.269	17908.469	17908.808
2	10	2	2	420	3	6	7	30	3	2	4	1	0.51021248	30	17910.295	17910.895	17910.895	17911.095	17911.405
2	10	2	2	421	3	2	8	1	5	1	1	0	0.44454529	0	17940.984	17941.184	17941.184	17941.384	17941.629
2	10	2	2	422	3	2	8	2	3	2	1	1	0.40620481	1	17943.215	17943.815	17943.815	17944.015	17944.221
2	10	2	2	423	3	2	8	3	5	1	8	1	0.50419036	2	17945.84	17946.04	17946.04	17946.24	17946.544
2	10	2	2	424	3	2	8	4	1	1	1	1	0.42755952	3	17948.066	17948.266	17948.266	17948.466	17948.693
2	10	2	2	425	3	2	8	5	4	2	8	1	0.37019859	4	17950.292	17950.892	17950.892	17951.092	17951.262
2	10	2	2	426	3	2	8	6	2	1	1	1	0.50902658	5	17952.92	17953.12	17953.12	17953.32	17953.629
2	10	2	2	427	3	2	8	7	4	2	8	1	0.32267971	6	17955.147	17955.747	17955.747	17955.947	17956.069
2	10	2	2	428	3	2	8	8	6	1	8	1	0.40648704	7	17957.774	17957.974	17957.974	17958.174	17958.38
2	10	2	2	429	3	2	8	9	3	1	1	1	0.35792076	8	17960	17960.2	17960.2	17960.4	17960.558
2	10	2	2	430	3	2	8	10	5	2	8	1	0.37666699	9	17962.227	17962.827	17962.827	17963.027	17963.204
2	10	2	2	431	3	2	8	11	3	2	1	1	0.71454578	10	17964.852	17965.452	17965.452	17965.652	17966.166
2	10	2	2	432	3	2	8	12	4	2	8	1	0.46409794	11	17967.478	17968.078	17968.078	17968.278	17968.542
2	10	2	2	433	3	2	8	13	4	1	8	1	0.41834833	12	17970.105	17970.305	17970.305	17970.505	17970.724
2	10	2	2	434	3	2	8	14	1	1	1	1	0.48096527	13	17972.332	17972.532	17972.532	17972.732	17973.013
2	10	2	2	435	3	2	8	15	6	1	8	1	0.30302867	14	17974.56	17974.76	17974.76	17974.96	17975.063
2	10	2	2	436	3	2	8	16	1	2	1	1	0.31578573	15	17976.786	17977.386	17977.386	17977.586	17977.702
2	10	2	2	437	3	2	8	17	2	2	1	1	0.40753084	16	17979.416	17980.016	17980.016	17980.216	17980.423
2	10	2	2	438	3	2	8	18	1	1	1	1	0.41325407	17	17982.042	17982.242	17982.242	17982.442	17982.656
2	10	2	2	439	3	2	8	19	4	2	8	1	0.46679517	18	17984.269	17984.869	17984.869	17985.069	17985.336
2	10	2	2	440	3	2	8	20	2	1	1	1	0.55810852	19	17986.896	17987.096	17987.096	17987.296	17987.654
2	10	2	2	441	3	2	8	21	5	2	8	1	0.30502756	20	17989.123	17989.723	17989.723	17989.923	17990.028
2	10	2	2	442	3	2	8	22	6	2	8	1	0.64862329	21	17991.751	17992.351	17992.351	17992.551	17993
2	10	2	2	443	3	2	8	23	1	1	1	1	0.42605698	22	17994.379	17994.579	17994.579	17994.779	17995.005
2	10	2	2	444	3	2	8	24	2	2	1	1	0.64614145	23	17996.606	17997.206	17997.206	17997.406	17997.852
2	10	2	2	445	3	2	8	25	6	1	8	1	0.47843987	24	17999.233	17999.433	17999.433	17999.633	17999.911
2	10	2	2	446	3	2	8	26	5	1	8	1	0.41936424	25	18001.46	18001.66	18001.66	18001.86	18002.079
2	10	2	2	447	3	2	8	27	3	2	1	1	0.34379978	26	18003.688	18004.288	18004.288	18004.488	18004.632
2	10	2	2	448	3	2	8	28	6	2	8	1	0.35935112	27	18006.313	18006.913	18006.913	18007.113	18007.272
2	10	2	2	449	3	2	8	29	3	1	1	1	0.30628429	28	18008.939	18009.139	18009.139	18009.339	18009.446
2	10	2	2	450	3	2	8	30	2	2	1	1	0.52447241	29	18011.164	18011.764	18011.764	18011.964	18012.288
2	10	2	2	451	3	6	8	1	1	1	2	1	0.60718157	1	18041.854	18042.054	18042.054	18042.254	18042.661
2	10	2	2	452	3	6	8	2	4	2	5	1	0.50719318	2	18044.082	18044.682	18044.682	18044.882	18045.189
2	10	2	2	453	3	6	8	3	4	1	5	1	0.82670347	3	18046.706	18046.906	18046.906	18047.106	18047.733
2	10	2	2	454	3	6	8	4	5	1	6	1	0.57192553	4	18048.938	18049.138	18049.138	18049.338	18049.71
2	10	2	2	455	3	6	8	5	1	2	2	1	0.64707883	5	18051.166	18051.766	18051.766	18051.966	18052.413
2	10	2	2	456	3	6	8	6	6	1	7	1	1.1562487	6	18053.793	18053.993	18053.993	18054.193	18055.15
2	10	2	2	457	3	6	8	7	1	2	2	1	0.54301541	7	18056.021	18056.621	18056.621	18056.821	18057.164
2	10	2	2	458	3	6	8	8	4	1	5	1	0.78004085	8	18058.649	18058.849	18058.849	18059.049	18059.629
2	10	2	2	459	3	6	8	9	2	1	3	1	0.53363374	9	18060.881	18061.081	18061.081	18061.281	18061.614
2	10	2	2	460	3	6	8	10	6	2	7	1	0.52156342	10	18063.109	18063.709	18063.709	18063.909	18064.23
2	10	2	2	461	3	6	8	11	2	2	3	1	1.1595203	11	18065.741	18066.341	18066.341	18066.541	18067.5
2	10	2	2	462	3	6	8	12	3	2	4	1	0.58660671	12	18068.369	18068.969	18068.969	18069.169	18069.556
2	10	2	2	463	3	6	8	13	1	1	2	1	0.63965231	13	18070.998	18071.198	18071.198	18071.398	18071.837
2	10	2	2	464	3	6	8	14	3	1	4	1	0.61068792	14	18073.226	18073.426	18073.426	18073.626	18074.036
2	10	2	2	465	3	6	8	15	2	1	3	1	0.58314791	15	18075.455	18075.655	18075.655	18075.855	18076.238
2	10	2	2	466	3	6	8	16	5	2	6	1	0.37050609	16	18077.683	18078.283	18078.283	18078.483	18078.653
2	10	2	2	467	3	6	8	17	2	2	3	1	0.77889422	17	18080.314	18080.914	18080.914	18081.114	18081.693
2	10	2	2	468	3	6	8	18	3	1	4	1	0.62406326	18	18082.94	18083.14	18083.14	18083.34	18083.764
2	10	2	2	469	3	6	8	19	5	2	6	1	0.55833308	19	18085.168	18085.768	18085.768	18085.968	18086.326
2	10	2	2	470	3	6	8	20	6	1	7	1	0.56298543	20	18087.796	18087.996	18087.996	18088.196	18088.559
2	10	2	2	471	3	6	8	21	5	2	6	1	0.56520366	21	18090.025	18090.625	18090.625	18090.825	18091.19
2	10	2	2	472	3	6	8	22	3	2	4	1	0.55726473	22	18092.655	18093.255	18093.255	18093.455	18093.812
2	10	2	2	473	3	6	8	23	2	1	3	1	0.40967917	23	18095.284	18095.484	18095.484	18095.684	18095.894
2	10	2	2	474	3	6	8	24	6	2	7	1	0.52336332	24	18097.513	18098.113	18098.113	18098.313	18098.636
2	10	2	2	475	3	6	8	25	5	1	6	1	0.4962176	25	18100.142	18100.342	18100.342	18100.542	18100.839
2	10	2	2	476	3	6	8	26	4	1	5	1	0.38484965	26	18102.371	18102.571	18102.571	18102.771	18102.956
2	10	2	2	477	3	6	8	27	1	2	2	1	0.43522793	27	18104.596	18105.196	18105.196	18105.396	18105.631
2	10	2	2	478	3	6	8	28	4	2	5	1	0.66535984	28	18107.221	18107.821	18107.821	18108.021	18108.487
2	10	2	2	479	3	6	8	29	3	1	4	1	0.43542387	29	18109.85	18110.05	18110.05	18110.25	18110.485
2	10	2	2	480	3	6	8	30	6	2	7	1	0.67844637	30	18112.079	18112.679	18112.679	18112.879	18113.357
2	10	2	2	481	3	2	9	1	3	1	1	1	0.47877412	1	18142.773	18142.973	18142.973	18143.173	18143.452
2	10	2	2	482	3	2	9	2	5	2	8	1	0.31736912	2	18144.999	18145.599	18145.599	18145.799	18145.916
2	10	2	2	483	3	2	9	3	5	1	8	1	0.38676424	3	18147.625	18147.825	18147.825	18148.025	18148.212
2	10	2	2	484	3	2	9	4	2	1	1	1	0.35462627	4	18149.851	18150.051	18150.051	18150.251	18150.405
2	10	2	2	485	3	2	9	5	3	2	1	1	0.46817586	5	18152.08	18152.68	18152.68	18152.88	18153.148
2	10	2	2	486	3	2	9	6	1	1	1	1	0.42638302	6	18154.709	18154.909	18154.909	18155.109	18155.335
2	10	2	2	487	3	2	9	7	4	2	8	1	0.45075342	7	18156.937	18157.537	18157.537	18157.737	18157.988
2	10	2	2	488	3	2	9	8	5	1	8	1	0.384163	8	18159.565	18159.765	18159.765	18159.965	18160.149
2	10	2	2	489	3	2	9	9	3	1	1	1	0.33362065	9	18161.794	18161.994	18161.994	18162.194	18162.328
2	10	2	2	490	3	2	9	10	2	2	1	1	0.3488039	10	18164.025	18164.625	18164.625	18164.825	18164.974
2	10	2	2	491	3	2	9	11	2	2	1	1	0.34347324	11	18166.66	18167.26	18167.261	18167.461	18167.604
2	10	2	2	492	3	2	9	12	4	2	8	1	0.47721448	12	18169.291	18169.891	18169.891	18170.091	18170.368
2	10	2	2	493	3	2	9	13	1	1	1	1	0.48815904	13	18171.92	18172.12	18172.12	18172.32	18172.608
2	10	2	2	494	3	2	9	14	1	1	1	1	0.47292059	14	18174.15	18174.35	18174.35	18174.55	18174.823
2	10	2	2	495	3	2	9	15	6	1	8	1	0.36269326	15	18176.378	18176.578	18176.578	18176.778	18176.94
2	10	2	2	496	3	2	9	16	3	2	1	1	0.44671393	16	18178.607	18179.207	18179.207	18179.407	18179.654
2	10	2	2	497	3	2	9	17	1	2	1	1	0.46715861	17	18181.236	18181.836	18181.836	18182.036	18182.304
2	10	2	2	498	3	2	9	18	3	1	1	1	0.4940272	18	18183.866	18184.066	18184.066	18184.266	18184.56
2	10	2	2	499	3	2	9	19	4	2	8	1	0.44016359	19	18186.095	18186.695	18186.695	18186.896	18187.136
2	10	2	2	500	3	2	9	20	6	1	8	1	0.3847974	20	18188.725	18188.925	18188.925	18189.125	18189.309
2	10	2	2	501	3	2	9	21	2	2	1	1	0.31716282	21	18190.955	18191.555	18191.555	18191.755	18191.872
2	10	2	2	502	3	2	9	22	2	2	1	1	0.54254414	22	18193.583	18194.183	18194.183	18194.383	18194.725
2	10	2	2	503	3	2	9	23	5	1	8	1	0.45714456	23	18196.212	18196.412	18196.412	18196.612	18196.869
2	10	2	2	504	3	2	9	24	4	2	8	1	0.43440845	24	18198.443	18199.043	18199.043	18199.243	18199.477
2	10	2	2	505	3	2	9	25	5	1	8	1	0.41572691	25	18201.071	18201.271	18201.271	18201.471	18201.686
2	10	2	2	506	3	2	9	26	1	1	1	1	0.46862036	26	18203.297	18203.497	18203.497	18203.697	18203.966
2	10	2	2	507	3	2	9	27	6	2	8	1	0.33081116	27	18205.533	18206.133	18206.133	18206.333	18206.464
2	10	2	2	508	3	2	9	28	6	2	8	1	0.34459791	28	18208.164	18208.764	18208.764	18208.964	18209.108
2	10	2	2	509	3	2	9	29	4	1	8	1	0.45233003	29	18210.795	18210.995	18210.995	18211.195	18211.447
2	10	2	2	510	3	2	9	30	6	2	8	1	0.29857951	30	18213.026	18213.626	18213.626	18213.826	18213.924
2	10	2	2	511	3	6	9	1	5	1	6	1	0.57331321	1	18243.713	18243.913	18243.913	18244.113	18244.487
2	10	2	2	512	3	6	9	2	5	2	6	1	0.62099932	2	18245.944	18246.544	18246.544	18246.744	18247.165
2	10	2	2	513	3	6	9	3	1	1	2	1	0.68827061	3	18248.574	18248.774	18248.774	18248.974	18249.462
2	10	2	2	514	3	6	9	4	5	1	6	1	0.54578514	4	18250.804	18251.004	18251.004	18251.204	18251.549
2	10	2	2	515	3	6	9	5	2	2	3	1	0.39601107	5	18253.034	18253.634	18253.634	18253.834	18254.03
2	10	2	2	516	3	6	9	6	4	1	5	1	0.70811137	6	18255.664	18255.864	18255.864	18256.064	18256.572
2	10	2	2	517	3	6	9	7	6	2	7	1	0.59507062	7	18257.901	18258.501	18258.501	18258.701	18259.096
2	10	2	2	518	3	6	9	8	3	1	4	1	0.58778462	8	18260.528	18260.728	18260.728	18260.928	18261.316
2	10	2	2	519	3	6	9	9	1	1	2	1	0.5872809	9	18262.765	18262.965	18262.965	18263.165	18263.552
2	10	2	2	520	3	6	9	10	3	2	4	1	0.58569067	10	18264.995	18265.595	18265.595	18265.795	18266.181
2	10	2	2	521	3	6	9	11	2	2	3	1	0.55715938	11	18267.626	18268.226	18268.226	18268.426	18268.783
2	10	2	2	522	3	6	9	12	3	2	4	1	0.52664993	12	18270.257	18270.857	18270.857	18271.057	18271.383
2	10	2	2	523	3	6	9	13	6	1	7	1	0.85675377	13	18272.887	18273.087	18273.087	18273.287	18273.944
2	10	2	2	524	3	6	9	14	4	1	5	1	0.5931427	14	18275.117	18275.317	18275.317	18275.517	18275.91
2	10	2	2	525	3	6	9	15	4	1	5	1	0.65775545	15	18277.348	18277.548	18277.548	18277.748	18278.205
2	10	2	2	526	3	6	9	16	3	2	4	1	0.57416546	16	18279.577	18280.177	18280.177	18280.377	18280.751
2	10	2	2	527	3	6	9	17	6	2	7	1	0.58277511	17	18282.208	18282.808	18282.808	18283.008	18283.39
2	10	2	2	528	3	6	9	18	2	1	3	1	0.52787372	18	18284.839	18285.039	18285.039	18285.239	18285.567
2	10	2	2	529	3	6	9	19	6	2	7	1	0.78153494	19	18287.071	18287.671	18287.671	18287.871	18288.452
2	10	2	2	530	3	6	9	20	1	1	2	1	0.52112981	20	18289.7	18289.9	18289.9	18290.1	18290.421
2	10	2	2	531	3	6	9	21	2	2	3	1	0.33713789	21	18291.931	18292.531	18292.531	18292.731	18292.869
2	10	2	2	532	3	6	9	22	1	2	2	1	0.54766948	22	18294.562	18295.162	18295.162	18295.362	18295.71
2	10	2	2	533	3	6	9	23	5	1	6	1	0.61176005	23	18297.194	18297.394	18297.394	18297.594	18298.006
2	10	2	2	534	3	6	9	24	4	2	5	1	0.62237957	24	18299.423	18300.023	18300.023	18300.223	18300.646
2	10	2	2	535	3	6	9	25	1	1	2	1	0.64700791	25	18302.061	18302.261	18302.261	18302.461	18302.908
2	10	2	2	536	3	6	9	26	6	1	7	1	0.58534696	26	18304.292	18304.492	18304.492	18304.692	18305.077
2	10	2	2	537	3	6	9	27	2	2	3	1	0.52665311	27	18306.52	18307.12	18307.12	18307.32	18307.647
2	10	2	2	538	3	6	9	28	4	2	5	1	0.56603493	28	18309.151	18309.751	18309.751	18309.951	18310.317
2	10	2	2	539	3	6	9	29	3	1	4	1	0.85289938	29	18311.782	18311.982	18311.982	18312.182	18312.835
2	10	2	2	540	3	6	9	30	5	2	6	1	0.51491291	30	18314.011	18314.611	18314.611	18314.811	18315.126
2	10	2	2	541	4	2	10	1	3	1	1	1	0.47663352	1	18896.033	18896.233	18896.233	18896.433	18896.71
2	10	2	2	542	4	2	10	2	3	2	1	1	0.35641492	2	18898.264	18898.864	18898.864	18899.064	18899.221
2	10	2	2	543	4	2	10	3	2	1	1	1	0.3634674	3	18900.899	18901.099	18901.099	18901.299	18901.462
2	10	2	2	544	4	2	10	4	4	1	8	1	0.4129561	4	18903.131	18903.331	18903.331	18903.531	18903.744
2	10	2	2	545	4	2	10	5	1	2	1	1	0.35003062	5	18905.368	18905.968	18905.968	18906.168	18906.318
2	10	2	2	546	4	2	10	6	2	1	0	0	-18908.2	5	18908	18908.2	18908.2	18908.4	0
2	10	2	2	547	4	2	10	7	2	2	1	1	0.33516397	6	18910.231	18910.831	18910.831	18911.031	18911.167
2	10	2	2	548	4	2	10	8	4	1	8	1	0.63852811	7	18912.863	18913.063	18913.063	18913.263	18913.701
2	10	2	2	549	4	2	10	9	3	1	1	1	0.39078395	8	18915.095	18915.295	18915.295	18915.495	18915.685
2	10	2	2	550	4	2	10	10	2	2	1	1	0.38668113	9	18917.324	18917.924	18917.924	18918.124	18918.311
2	10	2	2	551	4	2	10	11	1	2	1	1	0.38580565	10	18919.954	18920.554	18920.554	18920.754	18920.94
2	10	2	2	552	4	2	10	12	5	2	8	1	0.37602667	11	18922.59	18923.19	18923.19	18923.39	18923.566
2	10	2	2	553	4	2	10	13	3	1	1	1	0.43142365	12	18925.222	18925.422	18925.422	18925.622	18925.854
2	10	2	2	554	4	2	10	14	3	1	1	1	0.43837065	13	18927.455	18927.655	18927.655	18927.855	18928.093
2	10	2	2	555	4	2	10	15	6	1	8	1	0.53581772	14	18929.686	18929.886	18929.886	18930.086	18930.422
2	10	2	2	556	4	2	10	16	6	2	8	1	0.40209209	15	18931.918	18932.518	18932.518	18932.718	18932.92
2	10	2	2	557	4	2	10	17	2	2	1	1	0.48592309	16	18934.55	18935.15	18935.15	18935.35	18935.636
2	10	2	2	558	4	2	10	18	1	1	1	1	0.51024085	17	18937.183	18937.383	18937.383	18937.583	18937.893
2	10	2	2	559	4	2	10	19	6	2	8	1	0.44233255	18	18939.412	18940.012	18940.012	18940.212	18940.454
2	10	2	2	560	4	2	10	20	5	1	8	1	0.46909322	19	18942.048	18942.248	18942.248	18942.448	18942.717
2	10	2	2	561	4	2	10	21	6	2	8	1	0.50778761	20	18944.281	18944.881	18944.881	18945.081	18945.389
2	10	2	2	562	4	2	10	22	6	2	8	1	0.49265528	21	18946.913	18947.513	18947.513	18947.713	18948.006
2	10	2	2	563	4	2	10	23	5	1	8	1	0.48346922	22	18949.546	18949.746	18949.746	18949.946	18950.23
2	10	2	2	564	4	2	10	24	5	2	8	1	0.40390753	23	18951.779	18952.379	18952.379	18952.579	18952.783
2	10	2	2	565	4	2	10	25	1	1	1	1	0.58508043	24	18954.412	18954.612	18954.612	18954.812	18955.197
2	10	2	2	566	4	2	10	26	1	1	1	1	0.52899883	25	18956.645	18956.845	18956.845	18957.045	18957.374
2	10	2	2	567	4	2	10	27	4	2	8	1	0.86762317	26	18958.881	18959.481	18959.481	18959.681	18960.349
2	10	2	2	568	4	2	10	28	5	2	8	1	0.42020938	27	18961.514	18962.114	18962.114	18962.314	18962.534
2	10	2	2	569	4	2	10	29	4	1	8	1	0.51545912	28	18964.147	18964.347	18964.347	18964.547	18964.863
2	10	2	2	570	4	2	10	30	4	2	8	1	0.38602579	29	18966.381	18966.981	18966.981	18967.181	18967.367
2	10	2	2	571	4	6	10	1	4	1	6	0	0.7657191	0	18997.073	18997.273	18997.273	18997.473	18998.039
2	10	2	2	572	4	6	10	2	5	2	7	0	0.54119534	0	18999.305	18999.906	18999.906	19000.106	19000.447
2	10	2	2	573	4	6	10	3	6	1	8	0	0.62004695	0	19001.936	19002.136	19002.136	19002.336	19002.756
2	10	2	2	574	4	6	10	4	2	1	3	1	0.57105225	1	19004.173	19004.373	19004.373	19004.573	19004.944
2	10	2	2	575	4	6	10	5	2	2	3	1	0.55179788	2	19006.407	19007.007	19007.007	19007.207	19007.558
2	10	2	2	576	4	6	10	6	3	1	4	1	0.44784205	3	19009.04	19009.24	19009.24	19009.44	19009.687
2	10	2	2	577	4	6	10	7	1	2	2	1	0.43711486	4	19011.272	19011.872	19011.872	19012.072	19012.309
2	10	2	2	578	4	6	10	8	6	1	8	0	0.65071799	4	19013.901	19014.101	19014.101	19014.301	19014.751
2	10	2	2	579	4	6	10	9	2	1	3	1	0.53414023	5	19016.135	19016.335	19016.335	19016.535	19016.869
2	10	2	2	580	4	6	10	10	3	2	4	1	0.53269846	6	19018.367	19018.967	19018.967	19019.167	19019.5
2	10	2	2	581	4	6	10	11	1	2	2	1	0.60426376	7	19021.001	19021.601	19021.601	19021.801	19022.205
2	10	2	2	582	4	6	10	12	4	2	6	0	0.60547833	7	19023.638	19024.238	19024.238	19024.438	19024.844
2	10	2	2	583	4	6	10	13	2	1	3	1	0.52055339	8	19026.271	19026.471	19026.471	19026.671	19026.992
2	10	2	2	584	4	6	10	14	4	1	6	0	0.56518246	8	19028.505	19028.705	19028.705	19028.905	19029.27
2	10	2	2	585	4	6	10	15	6	1	8	0	0.59780174	8	19030.735	19030.935	19030.935	19031.135	19031.533
2	10	2	2	586	4	6	10	16	5	2	7	0	0.55991933	8	19032.967	19033.567	19033.567	19033.767	19034.127
2	10	2	2	587	4	6	10	17	3	2	4	1	0.57564636	9	19035.6	19036.2	19036.2	19036.4	19036.775
2	10	2	2	588	4	6	10	18	2	1	3	1	0.61838997	10	19038.234	19038.434	19038.434	19038.634	19039.052
2	10	2	2	589	4	6	10	19	3	2	0	0	-19041.068	10	19040.468	19041.068	19041.068	19041.268	0
2	10	2	2	590	4	6	10	20	5	1	7	0	0.59886596	10	19043.102	19043.302	19043.302	19043.502	19043.901
2	10	2	2	591	4	6	10	21	3	2	4	1	0.54467364	11	19045.335	19045.935	19045.935	19046.135	19046.48
2	10	2	2	592	4	6	10	22	5	2	7	0	0.5989662	11	19047.969	19048.569	19048.569	19048.769	19049.168
2	10	2	2	593	4	6	10	23	1	1	2	1	0.66755146	12	19050.602	19050.802	19050.802	19051.002	19051.469
2	10	2	2	594	4	6	10	24	5	2	7	0	0.56942808	12	19052.835	19053.435	19053.435	19053.635	19054.005
2	10	2	2	595	4	6	10	25	6	1	8	0	0.55534714	12	19055.473	19055.673	19055.673	19055.873	19056.229
2	10	2	2	596	4	6	10	26	4	1	6	0	0.64134102	12	19057.707	19057.907	19057.907	19058.107	19058.548
2	10	2	2	597	4	6	10	27	1	2	2	1	0.54979704	13	19059.944	19060.544	19060.544	19060.744	19061.094
2	10	2	2	598	4	6	10	28	4	2	6	0	0.57337853	13	19062.576	19063.176	19063.176	19063.376	19063.749
2	10	2	2	599	4	6	10	29	1	1	2	1	0.56244143	14	19065.21	19065.41	19065.41	19065.61	19065.973
2	10	2	2	600	4	6	10	30	6	2	8	0	0.5551358	14	19067.444	19068.044	19068.044	19068.244	19068.6
2	10	2	2	601	4	2	11	1	2	1	1	1	0.58335407	1	19098.143	19098.343	19098.343	19098.543	19098.926
2	10	2	2	602	4	2	11	2	3	2	1	1	0.80341277	2	19100.377	19100.977	19100.977	19101.177	19101.78
2	10	2	2	603	4	2	11	3	1	1	1	1	1.3701861	3	19103.011	19103.211	19103.211	19103.411	19104.582
2	10	2	2	604	4	2	11	4	3	1	1	1	0.44192945	4	19105.246	19105.446	19105.446	19105.646	19105.888
2	10	2	2	605	4	2	11	5	2	2	1	1	0.40583972	5	19107.48	19108.08	19108.08	19108.28	19108.486
2	10	2	2	606	4	2	11	6	1	1	1	1	0.417708	6	19110.114	19110.314	19110.314	19110.514	19110.732
2	10	2	2	607	4	2	11	7	5	2	0	0	-19112.946	6	19112.346	19112.946	19112.946	19113.146	0
2	10	2	2	608	4	2	11	8	5	1	0	0	-19115.184	6	19114.984	19115.184	19115.184	19115.384	0
2	10	2	2	609	4	2	11	9	4	1	0	0	-19117.419	6	19117.219	19117.419	19117.419	19117.619	0
2	10	2	2	610	4	2	11	10	1	2	1	1	0.34719309	7	19119.45	19120.05	19120.05	19120.25	19120.397
2	10	2	2	611	4	2	11	11	5	2	0	0	-19122.685	7	19122.085	19122.685	19122.685	19122.885	0
2	10	2	2	612	4	2	11	12	3	2	1	1	0.46667214	8	19124.724	19125.324	19125.324	19125.524	19125.791
2	10	2	2	613	4	2	11	13	2	1	1	1	0.48514772	9	19127.359	19127.559	19127.559	19127.759	19128.044
2	10	2	2	614	4	2	11	14	6	1	0	0	-19129.795	9	19129.595	19129.795	19129.795	19129.995	0
2	10	2	2	615	4	2	11	15	3	1	1	1	0.44099795	10	19131.829	19132.029	19132.029	19132.229	19132.47
2	10	2	2	616	4	2	11	16	2	2	1	1	0.40368193	11	19134.064	19134.664	19134.664	19134.864	19135.068
2	10	2	2	617	4	2	11	17	6	2	0	0	-19137.299	11	19136.699	19137.299	19137.299	19137.499	0
2	10	2	2	618	4	2	11	18	4	1	0	0	-19139.533	11	19139.333	19139.533	19139.533	19139.733	0
2	10	2	2	619	4	2	11	19	6	2	0	0	-19142.168	11	19141.568	19142.168	19142.168	19142.368	0
2	10	2	2	620	4	2	11	20	1	1	1	1	0.44443156	12	19144.203	19144.403	19144.403	19144.603	19144.848
2	10	2	2	621	4	2	11	21	3	2	1	1	0.4662417	13	19146.437	19147.037	19147.037	19147.237	19147.504
2	10	2	2	622	4	2	11	22	4	2	0	0	-19149.672	13	19149.072	19149.672	19149.672	19149.872	0
2	10	2	2	623	4	2	11	23	4	1	0	0	-19151.906	13	19151.706	19151.906	19151.906	19152.106	0
2	10	2	2	624	4	2	11	24	6	2	1	0	0.34182182	13	19153.938	19154.538	19154.538	19154.738	19154.88
2	10	2	2	625	4	2	11	25	4	1	0	0	-19156.773	13	19156.573	19156.773	19156.773	19156.973	0
2	10	2	2	626	4	2	11	26	5	1	0	0	-19159.004	13	19158.804	19159.004	19159.004	19159.204	0
2	10	2	2	627	4	2	11	27	5	2	0	0	-19161.64	13	19161.04	19161.64	19161.64	19161.84	0
2	10	2	2	628	4	2	11	28	2	2	1	1	0.45942375	14	19163.675	19164.275	19164.275	19164.475	19164.735
2	10	2	2	629	4	2	11	29	6	1	0	0	-19166.51	14	19166.31	19166.51	19166.51	19166.71	0
2	10	2	2	630	4	2	11	30	1	2	1	1	0.43763321	15	19168.544	19169.144	19169.144	19169.344	19169.582
2	10	2	2	631	4	6	11	1	1	1	2	1	0.57186751	1	19199.243	19199.443	19199.443	19199.643	19200.015
2	10	2	2	632	4	6	11	2	5	2	6	1	0.75813976	2	19201.478	19202.078	19202.078	19202.278	19202.836
2	10	2	2	633	4	6	11	3	3	1	4	1	0.54981022	3	19204.114	19204.314	19204.314	19204.514	19204.864
2	10	2	2	634	4	6	11	4	2	1	3	1	0.57653056	4	19206.349	19206.549	19206.549	19206.749	19207.126
2	10	2	2	635	4	6	11	5	6	2	7	1	0.70146064	5	19208.585	19209.185	19209.185	19209.385	19209.887
2	10	2	2	636	4	6	11	6	4	1	5	1	0.77207238	6	19211.22	19211.42	19211.42	19211.62	19212.192
2	10	2	2	637	4	6	11	7	4	2	5	1	0.60839143	7	19213.456	19214.056	19214.056	19214.256	19214.665
2	10	2	2	638	4	6	11	8	2	1	3	1	0.60123573	8	19216.092	19216.292	19216.292	19216.492	19216.894
2	10	2	2	639	4	6	11	9	1	1	2	1	0.53373813	9	19218.328	19218.528	19218.528	19218.728	19219.062
2	10	2	2	640	4	6	11	10	3	2	4	1	0.55955544	10	19220.564	19221.164	19221.164	19221.364	19221.724
2	10	2	2	641	4	6	11	11	1	2	2	1	0.68694543	11	19223.2	19223.8	19223.8	19224	19224.487
2	10	2	2	642	4	6	11	12	2	2	3	1	0.57632045	12	19225.84	19226.44	19226.44	19226.64	19227.016
2	10	2	2	643	4	6	11	13	4	1	5	1	1.4525125	13	19228.475	19228.675	19228.675	19228.876	19230.128
2	10	2	2	644	4	6	11	14	3	1	4	1	0.56660075	14	19230.711	19230.911	19230.911	19231.111	19231.478
2	10	2	2	645	4	6	11	15	3	1	4	1	0.52578119	15	19232.946	19233.146	19233.146	19233.346	19233.672
2	10	2	2	646	4	6	11	16	6	2	7	1	0.56558212	16	19235.186	19235.786	19235.786	19235.986	19236.352
2	10	2	2	647	4	6	11	17	5	2	6	1	0.73781632	17	19237.823	19238.423	19238.423	19238.623	19239.161
2	10	2	2	648	4	6	11	18	5	1	6	1	0.50076082	18	19240.459	19240.659	19240.659	19240.859	19241.16
2	10	2	2	649	4	6	11	19	4	2	5	1	0.90051538	19	19242.697	19243.297	19243.297	19243.497	19244.197
2	10	2	2	650	4	6	11	20	6	1	7	1	0.63542513	20	19245.332	19245.532	19245.532	19245.732	19246.168
2	10	2	2	651	4	6	11	21	2	2	3	1	0.58654205	21	19247.566	19248.166	19248.166	19248.366	19248.752
2	10	2	2	652	4	6	11	22	1	2	2	1	0.60387467	22	19250.201	19250.801	19250.801	19251.001	19251.405
2	10	2	2	653	4	6	11	23	4	1	5	1	0.85642978	23	19252.838	19253.038	19253.038	19253.238	19253.894
2	10	2	2	654	4	6	11	24	1	2	2	1	0.59655184	24	19255.072	19255.672	19255.672	19255.872	19256.268
2	10	2	2	655	4	6	11	25	6	1	7	1	0.64740274	25	19257.71	19257.91	19257.91	19258.11	19258.558
2	10	2	2	656	4	6	11	26	6	1	6	0	1.0600011	25	19259.947	19260.147	19260.147	19260.347	19261.207
2	10	2	2	657	4	6	11	27	5	2	6	1	0.55839426	26	19262.184	19262.784	19262.784	19262.984	19263.343
2	10	2	2	658	4	6	11	28	5	2	6	1	0.62865702	27	19264.825	19265.425	19265.425	19265.625	19266.054
2	10	2	2	659	4	6	11	29	3	1	4	1	0.53673921	28	19267.461	19267.661	19267.661	19267.861	19268.198
2	10	2	2	660	4	6	11	30	2	2	3	1	0.52542432	29	19269.697	19270.297	19270.297	19270.497	19270.823
2	10	2	2	661	4	2	12	1	4	1	8	1	0.3954987	1	19300.403	19300.603	19300.603	19300.803	19300.999
2	10	2	2	662	4	2	12	2	1	2	1	1	0.43256569	2	19302.64	19303.24	19303.24	19303.44	19303.672
2	10	2	2	663	4	2	12	3	4	1	8	1	0.40831237	3	19305.277	19305.477	19305.477	19305.677	19305.885
2	10	2	2	664	4	2	12	4	5	1	8	1	0.32990005	4	19307.514	19307.714	19307.714	19307.914	19308.044
2	10	2	2	665	4	2	12	5	2	2	1	1	0.32552929	5	19309.751	19310.351	19310.351	19310.551	19310.677
2	10	2	2	666	4	2	12	6	3	1	1	1	0.46954635	6	19312.385	19312.585	19312.585	19312.785	19313.054
2	10	2	2	667	4	2	12	7	4	2	8	1	0.29324824	7	19314.618	19315.218	19315.218	19315.418	19315.511
2	10	2	2	668	4	2	12	8	2	1	1	1	0.42313928	8	19317.256	19317.456	19317.456	19317.656	19317.879
2	10	2	2	669	4	2	12	9	6	1	8	1	0.41546168	9	19319.493	19319.693	19319.693	19319.893	19320.109
2	10	2	2	670	4	2	12	10	3	2	1	1	0.40318891	10	19321.731	19322.331	19322.331	19322.531	19322.735
2	10	2	2	671	4	2	12	11	5	2	8	1	0.52553252	11	19324.368	19324.968	19324.968	19325.168	19325.494
2	10	2	2	672	4	2	12	12	2	2	1	1	0.4422832	12	19327.005	19327.605	19327.605	19327.805	19328.048
2	10	2	2	673	4	2	12	13	2	1	1	1	0.44572054	13	19329.646	19329.846	19329.846	19330.046	19330.292
2	10	2	2	674	4	2	12	14	3	1	1	1	0.44062933	14	19331.884	19332.084	19332.084	19332.284	19332.524
2	10	2	2	675	4	2	12	15	4	1	8	1	0.35735812	15	19334.12	19334.32	19334.32	19334.52	19334.677
2	10	2	2	676	4	2	12	16	6	2	8	1	0.56829895	16	19336.357	19336.957	19336.957	19337.157	19337.526
2	10	2	2	677	4	2	12	17	6	2	8	1	0.35055214	17	19339	19339.6	19339.6	19339.8	19339.951
2	10	2	2	678	4	2	12	18	1	1	1	1	0.4160881	18	19341.637	19341.837	19341.837	19342.037	19342.253
2	10	2	2	679	4	2	12	19	1	2	1	1	0.35759277	19	19343.874	19344.474	19344.474	19344.674	19344.832
2	10	2	2	680	4	2	12	20	4	1	8	1	0.52610361	20	19346.512	19346.712	19346.712	19346.912	19347.238
2	10	2	2	681	4	2	12	21	6	2	8	1	0.46070272	21	19348.768	19349.368	19349.368	19349.568	19349.829
2	10	2	2	682	4	2	12	22	5	2	8	1	0.44188985	22	19351.406	19352.006	19352.006	19352.206	19352.448
2	10	2	2	683	4	2	12	23	3	1	1	1	0.47236175	23	19354.044	19354.244	19354.244	19354.444	19354.717
2	10	2	2	684	4	2	12	24	3	2	1	1	0.56470791	24	19356.281	19356.881	19356.881	19357.081	19357.446
2	10	2	2	685	4	2	12	25	1	1	1	1	0.67068609	25	19358.919	19359.119	19359.119	19359.319	19359.79
2	10	2	2	686	4	2	12	26	2	1	1	1	0.68874852	26	19361.157	19361.357	19361.357	19361.557	19362.046
2	10	2	2	687	4	2	12	27	5	2	8	1	0.37173546	27	19363.394	19363.994	19363.995	19364.195	19364.366
2	10	2	2	688	4	2	12	28	5	2	8	1	0.35481735	28	19366.035	19366.635	19366.635	19366.835	19366.99
2	10	2	2	689	4	2	12	29	1	1	1	1	0.41592501	29	19368.677	19368.877	19368.877	19369.077	19369.293
2	10	2	2	690	4	2	12	30	6	2	8	1	0.32898057	30	19370.915	19371.515	19371.515	19371.715	19371.844
2	10	2	2	691	4	6	12	1	3	1	4	1	0.54280429	1	19401.614	19401.814	19401.814	19402.014	19402.356
2	10	2	2	692	4	6	12	2	2	2	3	1	0.60868718	2	19403.851	19404.451	19404.451	19404.651	19405.06
2	10	2	2	693	4	6	12	3	5	1	6	1	0.6854866	3	19406.489	19406.689	19406.689	19406.889	19407.374
2	10	2	2	694	4	6	12	4	2	1	3	1	0.63400909	4	19408.73	19408.93	19408.93	19409.13	19409.564
2	10	2	2	695	4	6	12	5	1	2	2	1	0.56945071	5	19410.964	19411.564	19411.564	19411.764	19412.134
2	10	2	2	696	4	6	12	6	6	1	7	1	0.53852907	6	19413.61	19413.81	19413.81	19414.01	19414.348
2	10	2	2	697	4	6	12	7	4	2	5	1	0.63317998	7	19415.852	19416.452	19416.452	19416.652	19417.086
2	10	2	2	698	4	6	12	8	2	1	3	1	0.55671142	8	19418.489	19418.689	19418.689	19418.889	19419.246
2	10	2	2	699	4	6	12	9	6	1	7	1	0.56785482	9	19420.727	19420.927	19420.927	19421.127	19421.494
2	10	2	2	700	4	6	12	10	1	2	2	1	0.58323111	10	19422.966	19423.566	19423.566	19423.766	19424.149
2	10	2	2	701	4	6	12	11	6	2	7	1	0.52969193	11	19425.604	19426.204	19426.204	19426.404	19426.734
2	10	2	2	702	4	6	12	12	2	2	3	1	0.57173712	12	19428.243	19428.843	19428.843	19429.043	19429.415
2	10	2	2	703	4	6	12	13	5	1	6	1	0.55830658	13	19430.881	19431.081	19431.081	19431.281	19431.639
2	10	2	2	704	4	6	12	14	1	1	2	1	0.55973593	14	19433.119	19433.319	19433.319	19433.519	19433.879
2	10	2	2	705	4	6	12	15	6	1	7	1	0.61498216	15	19435.357	19435.557	19435.557	19435.757	19436.172
2	10	2	2	706	4	6	12	16	2	2	3	1	0.71404928	16	19437.596	19438.196	19438.196	19438.396	19438.91
2	10	2	2	707	4	6	12	17	1	2	2	1	0.54071641	17	19440.234	19440.834	19440.834	19441.034	19441.375
2	10	2	2	708	4	6	12	18	3	1	4	1	0.52697964	18	19442.872	19443.072	19443.072	19443.272	19443.599
2	10	2	2	709	4	6	12	19	3	2	4	1	0.54386644	19	19445.111	19445.711	19445.711	19445.911	19446.255
2	10	2	2	710	4	6	12	20	4	1	5	1	0.84416277	20	19447.754	19447.954	19447.954	19448.154	19448.798
2	10	2	2	711	4	6	12	21	4	2	5	1	0.68666578	21	19449.993	19450.593	19450.593	19450.793	19451.28
2	10	2	2	712	4	6	12	22	1	2	2	1	0.62092823	22	19452.633	19453.233	19453.233	19453.433	19453.854
2	10	2	2	713	4	6	12	23	5	1	6	1	0.56341275	23	19455.272	19455.472	19455.472	19455.672	19456.036
2	10	2	2	714	4	6	12	24	3	2	4	1	0.50529936	24	19457.508	19458.108	19458.108	19458.308	19458.613
2	10	2	2	715	4	6	12	25	5	1	6	1	0.57987847	25	19460.154	19460.354	19460.354	19460.554	19460.934
2	10	2	2	716	4	6	12	26	6	1	7	1	0.61424038	26	19462.392	19462.592	19462.592	19462.792	19463.207
2	10	2	2	717	4	6	12	27	4	2	5	1	0.62737524	27	19464.635	19465.235	19465.235	19465.435	19465.862
2	10	2	2	718	4	6	12	28	3	2	4	1	0.57022833	28	19467.274	19467.874	19467.874	19468.074	19468.444
2	10	2	2	719	4	6	12	29	5	1	6	1	0.52544831	29	19469.911	19470.111	19470.111	19470.311	19470.637
2	10	2	2	720	4	6	12	30	4	2	4	0	0.59322724	29	19472.15	19472.75	19472.75	19472.95	19473.344
