119	151	48	65	255	36	30	220	0	0	0	0	0	0	0	0	0	0	0	0
1	14	2	2	1	1	2	1	1	2	2	1	1	1.7543027	1	10536.529	10537.129	10537.129	10537.329	10538.883
1	14	2	2	2	1	2	1	2	5	2	8	1	0.74991293	2	10539.147	10539.747	10539.748	10539.948	10540.497
1	14	2	2	3	1	2	1	3	2	1	1	1	0.65858837	3	10541.759	10541.959	10541.959	10542.159	10542.617
1	14	2	2	4	1	2	1	4	2	1	8	0	0.49050445	3	10543.968	10544.168	10544.168	10544.368	10544.658
1	14	2	2	5	1	2	1	5	4	1	1	0	0.75017127	3	10546.477	10546.677	10546.677	10546.877	10547.427
1	14	2	2	6	1	2	1	6	2	2	1	1	0.90346744	4	10548.994	10549.594	10549.594	10549.794	10550.497
1	14	2	2	7	1	2	1	7	4	1	8	1	0.64944358	5	10551.601	10551.801	10551.801	10552.001	10552.451
1	14	2	2	8	1	2	1	8	4	2	1	0	1.5487583	5	10553.808	10554.408	10554.408	10554.608	10555.957
1	14	2	2	9	1	2	1	9	6	1	8	1	0.97208896	6	10556.72	10556.92	10556.92	10557.12	10557.892
1	14	2	2	10	1	2	1	10	4	2	8	1	0.66106908	7	10558.927	10559.527	10559.527	10559.727	10560.188
1	14	2	2	11	1	2	1	11	5	1	8	1	0.92575399	8	10561.534	10561.734	10561.734	10561.934	10562.66
1	14	2	2	12	1	2	1	12	3	1	1	1	0.67028257	9	10563.741	10563.941	10563.941	10564.141	10564.611
1	14	2	2	13	1	2	1	13	4	2	8	1	0.58579749	10	10565.947	10566.547	10566.547	10566.747	10567.133
1	14	2	2	14	1	2	1	14	1	2	1	1	0.63849629	11	10568.553	10569.153	10569.153	10569.353	10569.792
1	14	2	2	15	1	2	1	15	6	2	8	1	0.56211616	12	10571.161	10571.761	10571.761	10571.961	10572.323
1	14	2	2	16	1	2	1	16	3	2	1	1	0.48395309	13	10573.767	10574.367	10574.367	10574.567	10574.851
1	14	2	2	17	1	2	1	17	6	1	8	1	0.40349099	14	10576.374	10576.574	10576.574	10576.774	10576.978
1	14	2	2	18	1	2	1	18	5	2	8	1	0.71842956	15	10578.582	10579.182	10579.182	10579.382	10579.9
1	14	2	2	19	1	2	1	19	1	2	1	1	0.63735008	16	10581.189	10581.789	10581.789	10581.989	10582.427
1	14	2	2	20	1	2	1	20	2	1	1	1	0.80785671	17	10583.796	10583.996	10583.996	10584.196	10584.804
1	14	2	2	21	1	2	1	21	5	2	8	1	0.59157158	18	10586.003	10586.603	10586.603	10586.803	10587.194
1	14	2	2	22	1	2	1	22	3	2	1	1	0.65507664	19	10588.61	10589.21	10589.21	10589.41	10589.866
1	14	2	2	23	1	2	1	23	1	2	1	1	0.49935442	20	10591.218	10591.818	10591.818	10592.018	10592.317
1	14	2	2	24	1	2	1	24	3	1	1	1	0.47303298	21	10593.826	10594.026	10594.026	10594.226	10594.499
1	14	2	2	25	1	2	1	25	5	1	8	1	0.49666095	22	10596.033	10596.233	10596.233	10596.433	10596.73
1	14	2	2	26	1	2	1	26	1	1	1	1	0.54669477	23	10598.24	10598.44	10598.44	10598.64	10598.987
1	14	2	2	27	1	2	1	27	6	2	8	1	0.50548228	24	10600.448	10601.048	10601.048	10601.248	10601.553
1	14	2	2	28	1	2	1	28	3	1	1	1	0.56379184	25	10603.056	10603.256	10603.256	10603.456	10603.819
1	14	2	2	29	1	2	1	29	1	1	1	1	0.45875157	26	10605.264	10605.464	10605.464	10605.664	10605.923
1	14	2	2	30	1	2	1	30	6	1	8	1	0.51019654	27	10607.471	10607.671	10607.671	10607.871	10608.181
1	14	2	2	31	1	6	1	1	4	2	5	1	1.8485649	1	10690.725	10691.325	10691.325	10691.525	10693.173
1	14	2	2	32	1	6	1	2	5	2	6	1	1.5609117	2	10693.336	10693.936	10693.936	10694.136	10695.497
1	14	2	2	33	1	6	1	3	3	1	4	1	1.3090271	3	10695.943	10696.143	10696.143	10696.343	10697.452
1	14	2	2	34	1	6	1	4	2	1	3	1	1.3491853	4	10698.149	10698.349	10698.349	10698.549	10699.698
1	14	2	2	35	1	6	1	5	5	1	7	0	1.2945303	4	10700.357	10700.557	10700.557	10700.757	10701.852
1	14	2	2	36	1	6	1	6	1	2	2	1	0.97295028	5	10702.87	10703.47	10703.47	10703.67	10704.443
1	14	2	2	37	1	6	1	7	3	1	4	1	0.89404851	6	10705.476	10705.676	10705.677	10705.877	10706.571
1	14	2	2	38	1	6	1	8	1	2	2	1	1.2702171	7	10707.685	10708.285	10708.285	10708.485	10709.555
1	14	2	2	39	1	6	1	9	6	1	6	0	1.2403856	7	10710.293	10710.493	10710.493	10710.693	10711.734
1	14	2	2	40	1	6	1	10	5	2	6	1	0.9022966	8	10712.812	10713.412	10713.412	10713.612	10714.315
1	14	2	2	41	1	6	1	11	6	1	7	1	0.93202249	9	10715.421	10715.621	10715.621	10715.821	10716.553
1	14	2	2	42	1	6	1	12	1	1	2	1	0.97346087	10	10717.63	10717.83	10717.83	10718.03	10718.804
1	14	2	2	43	1	6	1	13	4	2	5	1	0.69366913	11	10719.837	10720.437	10720.437	10720.637	10721.13
1	14	2	2	44	1	6	1	14	3	2	4	1	1.6110607	12	10722.446	10723.046	10723.046	10723.246	10724.657
1	14	2	2	45	1	6	1	15	6	2	7	1	1.6030467	13	10725.1	10725.7	10725.7	10725.9	10727.303
1	14	2	2	46	1	6	1	16	3	2	4	1	1.1183648	14	10727.709	10728.309	10728.309	10728.509	10729.427
1	14	2	2	47	1	6	1	17	4	1	5	1	1.3061595	15	10730.315	10730.515	10730.516	10730.716	10731.822
1	14	2	2	48	1	6	1	18	2	2	3	1	1.0385815	16	10732.525	10733.125	10733.125	10733.325	10734.163
1	14	2	2	49	1	6	1	19	1	2	2	1	1.0991444	17	10735.134	10735.734	10735.734	10735.934	10736.833
1	14	2	2	50	1	6	1	20	6	1	7	1	1.1621503	18	10737.743	10737.943	10737.943	10738.143	10739.105
1	14	2	2	51	1	6	1	21	4	2	5	1	1.9983988	19	10739.952	10740.552	10740.552	10740.752	10742.55
1	14	2	2	52	1	6	1	22	6	2	7	1	0.96222875	20	10742.56	10743.16	10743.16	10743.36	10744.122
1	14	2	2	53	1	6	1	23	4	2	5	1	1.282346	21	10745.169	10745.769	10745.769	10745.969	10747.052
1	14	2	2	54	1	6	1	24	3	1	4	1	1.2179215	22	10747.778	10747.978	10747.978	10748.179	10749.196
1	14	2	2	55	1	6	1	25	2	1	3	1	0.95905046	23	10749.988	10750.188	10750.188	10750.388	10751.147
1	14	2	2	56	1	6	1	26	5	1	6	1	1.0602044	24	10752.197	10752.397	10752.397	10752.597	10753.458
1	14	2	2	57	1	6	1	27	2	2	3	1	1.0774175	25	10754.407	10755.007	10755.007	10755.207	10756.084
1	14	2	2	58	1	6	1	28	1	1	2	1	0.82132519	26	10757.016	10757.216	10757.216	10757.416	10758.038
1	14	2	2	59	1	6	1	29	5	1	6	1	1.066781	27	10759.225	10759.425	10759.425	10759.625	10760.492
1	14	2	2	60	1	6	1	30	2	1	3	1	0.95373494	28	10761.432	10761.632	10761.632	10761.832	10762.586
1	14	2	2	61	1	2	2	1	2	2	1	1	0.70033182	1	10771.84	10772.44	10772.44	10772.64	10773.14
1	14	2	2	62	1	2	2	2	4	2	3	0	1.6542418	1	10774.45	10775.05	10775.05	10775.25	10776.705
1	14	2	2	63	1	2	2	3	5	1	8	1	0.68114338	2	10777.361	10777.561	10777.561	10777.761	10778.243
1	14	2	2	64	1	2	2	4	1	1	1	1	0.60999111	3	10779.571	10779.771	10779.771	10779.971	10780.381
1	14	2	2	65	1	2	2	5	4	1	8	1	0.66061773	4	10781.782	10781.982	10781.982	10782.182	10782.642
1	14	2	2	66	1	2	2	6	1	2	1	1	0.59231093	5	10783.992	10784.592	10784.592	10784.792	10785.184
1	14	2	2	67	1	2	2	7	4	1	8	1	0.42002414	6	10786.6	10786.8	10786.8	10787	10787.22
1	14	2	2	68	1	2	2	8	5	2	8	1	0.72942451	7	10788.81	10789.41	10789.41	10789.61	10790.14
1	14	2	2	69	1	2	2	9	1	1	1	1	0.56937748	8	10791.419	10791.619	10791.619	10791.819	10792.188
1	14	2	2	70	1	2	2	10	2	2	1	1	1.5604807	9	10793.629	10794.229	10794.229	10794.429	10795.789
1	14	2	2	71	1	2	2	11	3	1	1	1	0.5748074	10	10796.237	10796.437	10796.437	10796.637	10797.012
1	14	2	2	72	1	2	2	12	3	1	1	1	0.48551313	11	10798.446	10798.646	10798.646	10798.846	10799.131
1	14	2	2	73	1	2	2	13	4	2	8	1	0.61431539	12	10800.655	10801.255	10801.255	10801.455	10801.869
1	14	2	2	74	1	2	2	14	2	2	1	1	0.61746687	13	10803.263	10803.863	10803.863	10804.063	10804.481
1	14	2	2	75	1	2	2	15	6	2	8	1	0.49677252	14	10805.874	10806.474	10806.474	10806.674	10806.971
1	14	2	2	76	1	2	2	16	4	2	8	1	0.92471022	15	10808.485	10809.085	10809.085	10809.285	10810.009
1	14	2	2	77	1	2	2	17	6	1	8	1	0.48474518	16	10811.093	10811.293	10811.293	10811.493	10811.778
1	14	2	2	78	1	2	2	18	1	2	1	1	0.5171549	17	10813.303	10813.903	10813.903	10814.103	10814.42
1	14	2	2	79	1	2	2	19	3	2	1	1	0.50485721	18	10815.914	10816.514	10816.514	10816.714	10817.019
1	14	2	2	80	1	2	2	20	6	1	8	1	0.57988869	19	10818.524	10818.724	10818.724	10818.924	10819.304
1	14	2	2	81	1	2	2	21	5	2	8	1	0.62670744	20	10820.735	10821.335	10821.335	10821.535	10821.962
1	14	2	2	82	1	2	2	22	2	2	1	1	0.65661819	21	10823.345	10823.945	10823.945	10824.145	10824.602
1	14	2	2	83	1	2	2	23	2	2	1	1	0.46094507	22	10825.956	10826.556	10826.556	10826.756	10827.017
1	14	2	2	84	1	2	2	24	5	1	8	1	0.49991097	23	10828.567	10828.767	10828.767	10828.967	10829.267
1	14	2	2	85	1	2	2	25	3	1	1	1	0.48042818	24	10830.778	10830.978	10830.978	10831.178	10831.458
1	14	2	2	86	1	2	2	26	6	1	8	1	0.54087267	25	10832.988	10833.188	10833.188	10833.388	10833.729
1	14	2	2	87	1	2	2	27	5	2	8	1	0.53796144	26	10835.199	10835.799	10835.799	10835.999	10836.337
1	14	2	2	88	1	2	2	28	1	1	1	1	0.52307462	27	10837.81	10838.01	10838.01	10838.21	10838.533
1	14	2	2	89	1	2	2	29	3	1	1	1	0.5776376	28	10840.019	10840.219	10840.219	10840.419	10840.796
1	14	2	2	90	1	2	2	30	6	1	8	1	0.66506874	29	10842.24	10842.44	10842.44	10842.64	10843.105
1	14	2	2	91	1	6	2	1	5	2	6	1	1.4824871	1	10852.746	10853.346	10853.346	10853.546	10854.829
1	14	2	2	92	1	6	2	2	1	2	2	1	0.94015422	2	10855.358	10855.958	10855.958	10856.158	10856.898
1	14	2	2	93	1	6	2	3	1	1	2	1	1.0289585	3	10857.969	10858.169	10858.169	10858.369	10859.198
1	14	2	2	94	1	6	2	4	2	1	3	1	1.5474929	4	10860.258	10860.458	10860.458	10860.658	10862.005
1	14	2	2	95	1	6	2	5	2	1	3	1	0.64871501	5	10862.469	10862.669	10862.669	10862.869	10863.317
1	14	2	2	96	1	6	2	6	4	2	5	1	1.1608979	6	10864.68	10865.28	10865.28	10865.48	10866.441
1	14	2	2	97	1	6	2	7	6	1	7	1	1.2100601	7	10867.292	10867.492	10867.492	10867.692	10868.702
1	14	2	2	98	1	6	2	8	4	2	5	1	1.502102	8	10869.501	10870.101	10870.101	10870.301	10871.603
1	14	2	2	99	1	6	2	9	2	1	3	1	1.001518	9	10872.113	10872.313	10872.313	10872.513	10873.315
1	14	2	2	100	1	6	2	10	4	2	5	1	0.91362312	10	10874.322	10874.922	10874.922	10875.122	10875.836
1	14	2	2	101	1	6	2	11	3	1	4	1	0.95542096	11	10876.934	10877.134	10877.134	10877.334	10878.09
1	14	2	2	102	1	6	2	12	3	1	4	1	0.5774892	12	10879.144	10879.344	10879.344	10879.544	10879.922
1	14	2	2	103	1	6	2	13	2	2	3	1	0.97365952	13	10881.356	10881.956	10881.956	10882.156	10882.93
1	14	2	2	104	1	6	2	14	5	2	6	1	1.4947417	14	10883.966	10884.566	10884.566	10884.766	10886.06
1	14	2	2	105	1	6	2	15	5	2	6	1	0.58614966	15	10886.577	10887.177	10887.177	10887.377	10887.763
1	14	2	2	106	1	6	2	16	3	2	4	1	0.85218289	16	10889.189	10889.789	10889.789	10889.989	10890.641
1	14	2	2	107	1	6	2	17	1	1	2	1	0.93603895	17	10891.801	10892.001	10892.001	10892.201	10892.937
1	14	2	2	108	1	6	2	18	1	2	2	1	0.57470363	18	10894.013	10894.613	10894.613	10894.813	10895.187
1	14	2	2	109	1	6	2	19	6	2	7	1	1.2487868	19	10896.624	10897.224	10897.224	10897.424	10898.473
1	14	2	2	110	1	6	2	20	1	1	2	1	0.94232465	20	10899.3	10899.5	10899.5	10899.7	10900.443
1	14	2	2	111	1	6	2	21	5	2	6	1	1.8676809	21	10901.512	10902.112	10902.112	10902.312	10903.98
1	14	2	2	112	1	6	2	22	4	2	5	1	1.4177194	22	10904.124	10904.724	10904.724	10904.924	10906.142
1	14	2	2	113	1	6	2	23	6	2	7	1	0.86660633	23	10906.734	10907.334	10907.334	10907.534	10908.201
1	14	2	2	114	1	6	2	24	3	1	4	1	0.81375945	24	10909.346	10909.546	10909.546	10909.746	10910.36
1	14	2	2	115	1	6	2	25	4	1	5	1	1.1420795	25	10911.556	10911.756	10911.756	10911.956	10912.898
1	14	2	2	116	1	6	2	26	3	1	4	1	0.77107125	26	10913.769	10913.969	10913.969	10914.169	10914.74
1	14	2	2	117	1	6	2	27	5	2	6	1	1.4061539	27	10915.981	10916.581	10916.581	10916.781	10917.988
1	14	2	2	118	1	6	2	28	2	1	3	1	1.0401261	28	10918.594	10918.794	10918.794	10918.994	10919.834
1	14	2	2	119	1	6	2	29	6	1	7	1	0.88554971	29	10920.806	10921.006	10921.006	10921.206	10921.892
1	14	2	2	120	1	6	2	30	6	1	7	1	0.7215126	30	10923.019	10923.219	10923.219	10923.419	10923.94
1	14	2	2	121	1	2	3	1	4	2	8	1	0.64709972	1	10935.726	10936.326	10936.326	10936.526	10936.974
1	14	2	2	122	1	2	3	2	5	2	8	1	0.534447	2	10938.339	10938.939	10938.939	10939.139	10939.473
1	14	2	2	123	1	2	3	3	3	1	1	1	0.5037223	3	10940.953	10941.153	10941.153	10941.353	10941.656
1	14	2	2	124	1	2	3	4	3	1	1	1	0.47821587	4	10943.166	10943.366	10943.366	10943.566	10943.844
1	14	2	2	125	1	2	3	5	6	1	8	1	0.52896736	5	10945.378	10945.578	10945.578	10945.778	10946.107
1	14	2	2	126	1	2	3	6	5	2	8	1	0.50358273	6	10947.588	10948.188	10948.188	10948.388	10948.692
1	14	2	2	127	1	2	3	7	5	1	8	1	0.50857225	7	10950.201	10950.401	10950.401	10950.601	10950.909
1	14	2	2	128	1	2	3	8	6	2	8	1	0.53261923	8	10952.413	10953.013	10953.013	10953.213	10953.546
1	14	2	2	129	1	2	3	9	3	1	1	1	0.49722564	9	10955.026	10955.226	10955.226	10955.426	10955.724
1	14	2	2	130	1	2	3	10	1	2	1	1	0.47593044	10	10957.24	10957.84	10957.84	10958.04	10958.316
1	14	2	2	131	1	2	3	11	2	1	1	1	0.43475317	11	10959.85	10960.05	10960.05	10960.25	10960.485
1	14	2	2	132	1	2	3	12	4	1	8	1	0.52265514	12	10962.063	10962.263	10962.263	10962.463	10962.785
1	14	2	2	133	1	2	3	13	5	2	8	1	0.39381687	13	10964.276	10964.876	10964.876	10965.076	10965.27
1	14	2	2	134	1	2	3	14	2	2	1	1	0.608565	14	10966.889	10967.489	10967.489	10967.689	10968.098
1	14	2	2	135	1	2	3	15	3	2	1	1	0.49423816	15	10969.502	10970.102	10970.102	10970.302	10970.597
1	14	2	2	136	1	2	3	16	4	2	8	1	0.54296026	16	10972.115	10972.715	10972.715	10972.915	10973.258
1	14	2	2	137	1	2	3	17	1	1	1	1	0.60391584	17	10974.729	10974.929	10974.929	10975.129	10975.533
1	14	2	2	138	1	2	3	18	3	2	1	1	0.49399352	18	10976.942	10977.542	10977.542	10977.742	10978.036
1	14	2	2	139	1	2	3	19	2	2	1	1	0.45477195	19	10979.555	10980.155	10980.155	10980.355	10980.61
1	14	2	2	140	1	2	3	20	5	1	8	1	0.55750637	20	10982.166	10982.366	10982.366	10982.566	10982.924
1	14	2	2	141	1	2	3	21	6	2	8	1	0.49599374	21	10984.38	10984.98	10984.98	10985.18	10985.476
1	14	2	2	142	1	2	3	22	1	2	1	1	0.52908134	22	10986.993	10987.593	10987.593	10987.793	10988.122
1	14	2	2	143	1	2	3	23	1	2	1	1	0.44001878	23	10989.604	10990.204	10990.204	10990.404	10990.644
1	14	2	2	144	1	2	3	24	4	1	8	1	0.47901411	24	10992.218	10992.418	10992.418	10992.618	10992.897
1	14	2	2	145	1	2	3	25	6	1	8	1	0.45914959	25	10994.432	10994.632	10994.632	10994.832	10995.091
1	14	2	2	146	1	2	3	26	2	1	1	1	0.52296478	26	10996.646	10996.846	10996.846	10997.046	10997.369
1	14	2	2	147	1	2	3	27	1	2	1	1	0.41415926	27	10998.86	10999.46	10999.46	10999.66	10999.874
1	14	2	2	148	1	2	3	28	2	1	1	1	0.48071513	28	11001.471	11001.671	11001.671	11001.871	11002.152
1	14	2	2	149	1	2	3	29	4	1	8	1	0.42970882	29	11003.685	11003.885	11003.885	11004.085	11004.315
1	14	2	2	150	1	2	3	30	6	1	8	1	0.42697292	30	11005.898	11006.098	11006.098	11006.298	11006.525
1	14	2	2	151	1	6	3	1	1	2	2	1	0.79636571	1	11021.544	11022.144	11022.144	11022.344	11022.94
1	14	2	2	152	1	6	3	2	3	2	4	1	0.85926967	2	11024.158	11024.758	11024.758	11024.958	11025.617
1	14	2	2	153	1	6	3	3	3	1	4	1	0.55848773	3	11026.771	11026.971	11026.971	11027.171	11027.529
1	14	2	2	154	1	6	3	4	4	1	5	1	0.93208602	4	11028.985	11029.185	11029.185	11029.385	11030.117
1	14	2	2	155	1	6	3	5	4	1	5	1	0.52448466	5	11031.199	11031.399	11031.399	11031.599	11031.923
1	14	2	2	156	1	6	3	6	6	2	7	1	1.1848474	6	11033.413	11034.013	11034.013	11034.213	11035.197
1	14	2	2	157	1	6	3	7	1	1	2	1	1.127127	7	11036.024	11036.224	11036.224	11036.424	11037.351
1	14	2	2	158	1	6	3	8	5	2	6	1	1.1580961	8	11038.235	11038.835	11038.835	11039.035	11039.993
1	14	2	2	159	1	6	3	9	6	1	7	1	0.73261274	9	11040.849	11041.049	11041.049	11041.249	11041.781
1	14	2	2	160	1	6	3	10	3	2	4	1	0.76998363	10	11043.063	11043.663	11043.663	11043.863	11044.433
1	14	2	2	161	1	6	3	11	1	1	2	1	0.83813956	11	11045.678	11045.878	11045.878	11046.078	11046.716
1	14	2	2	162	1	6	3	12	6	1	7	1	1.0239137	12	11047.892	11048.092	11048.092	11048.292	11049.116
1	14	2	2	163	1	6	3	13	6	2	7	1	0.55065021	13	11050.107	11050.707	11050.707	11050.907	11051.257
1	14	2	2	164	1	6	3	14	4	2	5	1	1.5780642	14	11052.719	11053.319	11053.319	11053.519	11054.897
1	14	2	2	165	1	6	3	15	5	2	6	1	1.1508517	15	11055.333	11055.933	11055.933	11056.133	11057.084
1	14	2	2	166	1	6	3	16	2	2	3	1	1.3254098	16	11057.948	11058.548	11058.548	11058.748	11059.874
1	14	2	2	167	1	6	3	17	4	1	5	1	0.97917974	17	11060.561	11060.761	11060.761	11060.961	11061.74
1	14	2	2	168	1	6	3	18	1	2	2	1	1.3795777	18	11062.776	11063.376	11063.376	11063.576	11064.756
1	14	2	2	169	1	6	3	19	4	2	5	1	0.87900589	19	11065.391	11065.991	11065.991	11066.191	11066.87
1	14	2	2	170	1	6	3	20	5	1	6	1	1.3096646	20	11068.003	11068.203	11068.203	11068.403	11069.513
1	14	2	2	171	1	6	3	21	6	2	7	1	0.6246642	21	11070.218	11070.818	11070.818	11071.018	11071.443
1	14	2	2	172	1	6	3	22	5	2	6	1	1.1121906	22	11072.833	11073.433	11073.433	11073.633	11074.545
1	14	2	2	173	1	6	3	23	2	2	3	1	1.087675	23	11075.452	11076.052	11076.052	11076.252	11077.139
1	14	2	2	174	1	6	3	24	3	1	4	1	0.65636222	24	11078.067	11078.267	11078.267	11078.467	11078.923
1	14	2	2	175	1	6	3	25	3	1	4	1	0.8393507	25	11080.282	11080.482	11080.482	11080.682	11081.321
1	14	2	2	176	1	6	3	26	2	1	3	1	0.76011063	26	11082.508	11082.708	11082.708	11082.908	11083.469
1	14	2	2	177	1	6	3	27	2	2	3	1	0.72665021	27	11084.724	11085.324	11085.324	11085.524	11086.051
1	14	2	2	178	1	6	3	28	5	1	6	1	1.1702419	28	11087.339	11087.539	11087.539	11087.739	11088.709
1	14	2	2	179	1	6	3	29	2	1	3	1	1.0158512	29	11089.554	11089.754	11089.754	11089.954	11090.77
1	14	2	2	180	1	6	3	30	1	1	2	1	0.82302176	30	11091.767	11091.967	11091.967	11092.167	11092.79
1	14	2	2	181	2	2	4	1	4	2	8	1	0.58222446	1	11461.14	11461.74	11461.74	11461.94	11462.322
1	14	2	2	182	2	2	4	2	1	2	1	1	0.80685437	2	11463.757	11464.357	11464.357	11464.557	11465.164
1	14	2	2	183	2	2	4	3	5	1	8	1	0.46217128	3	11466.372	11466.572	11466.572	11466.772	11467.034
1	14	2	2	184	2	2	4	4	6	1	8	1	0.43268089	4	11468.588	11468.788	11468.788	11468.988	11469.22
1	14	2	2	185	2	2	4	5	1	1	1	1	0.47868595	5	11470.803	11471.003	11471.003	11471.203	11471.482
1	14	2	2	186	2	2	4	6	2	2	1	1	0.45657722	6	11473.016	11473.616	11473.616	11473.816	11474.072
1	14	2	2	187	2	2	4	7	5	1	8	1	0.40234339	7	11475.632	11475.832	11475.832	11476.032	11476.234
1	14	2	2	188	2	2	4	8	1	2	1	1	0.44401129	8	11477.847	11478.447	11478.447	11478.647	11478.891
1	14	2	2	189	2	2	4	9	5	1	8	1	0.37109465	9	11480.462	11480.662	11480.662	11480.862	11481.034
1	14	2	2	190	2	2	4	10	1	2	1	1	0.3704874	10	11482.681	11483.281	11483.281	11483.481	11483.651
1	14	2	2	191	2	2	4	11	3	1	1	1	0.57573233	11	11485.298	11485.498	11485.498	11485.698	11486.073
1	14	2	2	192	2	2	4	12	4	1	8	1	0.51765757	12	11487.511	11487.711	11487.711	11487.911	11488.228
1	14	2	2	193	2	2	4	13	6	2	8	1	0.50899024	13	11489.727	11490.327	11490.327	11490.527	11490.836
1	14	2	2	194	2	2	4	14	3	2	1	1	0.43080912	14	11492.343	11492.943	11492.943	11493.143	11493.373
1	14	2	2	195	2	2	4	15	5	2	8	1	0.46249542	15	11494.959	11495.559	11495.559	11495.759	11496.021
1	14	2	2	196	2	2	4	16	5	2	8	1	0.5168682	16	11497.575	11498.175	11498.175	11498.375	11498.692
1	14	2	2	197	2	2	4	17	3	1	1	1	0.5659452	17	11500.191	11500.391	11500.391	11500.591	11500.957
1	14	2	2	198	2	2	4	18	6	2	8	1	0.47085203	18	11502.407	11503.007	11503.007	11503.207	11503.478
1	14	2	2	199	2	2	4	19	2	2	1	1	0.49676501	19	11505.02	11505.62	11505.62	11505.82	11506.117
1	14	2	2	200	2	2	4	20	4	1	8	1	0.89768469	20	11507.636	11507.836	11507.836	11508.036	11508.733
1	14	2	2	201	2	2	4	21	1	2	1	1	0.51399461	21	11509.848	11510.448	11510.448	11510.648	11510.962
1	14	2	2	202	2	2	4	22	3	2	1	1	0.46441816	22	11512.461	11513.061	11513.061	11513.261	11513.526
1	14	2	2	203	2	2	4	23	6	2	8	1	0.52414326	23	11515.078	11515.678	11515.678	11515.878	11516.202
1	14	2	2	204	2	2	4	24	6	1	8	1	0.44585162	24	11517.694	11517.894	11517.894	11518.094	11518.34
1	14	2	2	205	2	2	4	25	2	1	1	1	0.50587177	25	11519.907	11520.107	11520.107	11520.307	11520.613
1	14	2	2	206	2	2	4	26	2	1	1	1	0.42897531	26	11522.12	11522.32	11522.32	11522.52	11522.749
1	14	2	2	207	2	2	4	27	4	2	8	1	0.4839879	27	11524.335	11524.935	11524.935	11525.135	11525.419
1	14	2	2	208	2	2	4	28	3	1	1	1	0.47997887	28	11526.949	11527.149	11527.149	11527.349	11527.629
1	14	2	2	209	2	2	4	29	4	1	8	1	0.47003057	29	11529.166	11529.366	11529.366	11529.566	11529.836
1	14	2	2	210	2	2	4	30	2	1	1	1	0.45901347	30	11531.382	11531.582	11531.582	11531.782	11532.041
1	14	2	2	211	2	6	4	1	6	2	7	1	1.1369798	1	11561.659	11562.259	11562.259	11562.459	11563.396
1	14	2	2	212	2	6	4	2	4	2	5	1	1.2334003	2	11564.276	11564.876	11564.876	11565.076	11566.109
1	14	2	2	213	2	6	4	3	2	1	3	1	0.97323613	3	11566.893	11567.093	11567.093	11567.293	11568.066
1	14	2	2	214	2	6	4	4	1	1	2	1	1.8376513	4	11569.109	11569.309	11569.309	11569.509	11571.147
1	14	2	2	215	2	6	4	5	4	1	5	1	0.92481144	5	11571.328	11571.528	11571.528	11571.728	11572.453
1	14	2	2	216	2	6	4	6	5	2	6	1	0.74341797	6	11573.545	11574.145	11574.145	11574.345	11574.888
1	14	2	2	217	2	6	4	7	3	1	4	1	1.0141175	7	11576.163	11576.363	11576.363	11576.563	11577.377
1	14	2	2	218	2	6	4	8	2	2	3	1	1.1022544	8	11578.38	11578.98	11578.98	11579.18	11580.082
1	14	2	2	219	2	6	4	9	1	1	2	1	1.1903199	9	11580.996	11581.196	11581.196	11581.396	11582.386
1	14	2	2	220	2	6	4	10	5	2	6	1	1.1001718	10	11583.214	11583.814	11583.814	11584.014	11584.914
1	14	2	2	221	2	6	4	11	1	1	2	1	1.1664473	11	11585.828	11586.028	11586.028	11586.228	11587.194
1	14	2	2	222	2	6	4	12	6	1	7	1	0.87211493	12	11588.045	11588.245	11588.245	11588.445	11589.118
1	14	2	2	223	2	6	4	13	1	2	2	1	0.95668788	13	11590.263	11590.863	11590.863	11591.063	11591.82
1	14	2	2	224	2	6	4	14	1	2	2	1	0.5985314	14	11592.878	11593.478	11593.478	11593.678	11594.076
1	14	2	2	225	2	6	4	15	3	2	4	1	0.54896555	15	11595.495	11596.095	11596.095	11596.295	11596.644
1	14	2	2	226	2	6	4	16	6	2	7	1	0.97186791	16	11598.109	11598.709	11598.709	11598.909	11599.681
1	14	2	2	227	2	6	4	17	4	1	5	1	1.335298	17	11600.724	11600.924	11600.924	11601.124	11602.259
1	14	2	2	228	2	6	4	18	5	2	6	1	0.72726292	18	11602.941	11603.541	11603.541	11603.741	11604.268
1	14	2	2	229	2	6	4	19	2	2	3	1	0.97256977	19	11605.559	11606.159	11606.159	11606.359	11607.131
1	14	2	2	230	2	6	4	20	3	1	4	1	0.73295982	20	11608.174	11608.374	11608.374	11608.574	11609.107
1	14	2	2	231	2	6	4	21	3	2	4	1	0.55774153	21	11610.392	11610.992	11610.992	11611.192	11611.549
1	14	2	2	232	2	6	4	22	6	2	7	1	1.0665064	22	11613.01	11613.61	11613.61	11613.81	11614.676
1	14	2	2	233	2	6	4	23	4	2	5	1	0.72839793	23	11615.628	11616.228	11616.228	11616.428	11616.957
1	14	2	2	234	2	6	4	24	4	1	5	1	0.52464013	24	11618.246	11618.446	11618.446	11618.646	11618.971
1	14	2	2	235	2	6	4	25	6	1	7	1	1.0729035	25	11620.464	11620.664	11620.664	11620.864	11621.737
1	14	2	2	236	2	6	4	26	5	1	6	1	0.60868494	26	11622.682	11622.882	11622.882	11623.082	11623.491
1	14	2	2	237	2	6	4	27	3	2	4	1	0.7807896	27	11624.9	11625.5	11625.5	11625.7	11626.281
1	14	2	2	238	2	6	4	28	5	1	6	1	1.0287109	28	11627.516	11627.716	11627.716	11627.916	11628.745
1	14	2	2	239	2	6	4	29	2	1	3	1	0.90827921	29	11629.734	11629.934	11629.934	11630.134	11630.843
1	14	2	2	240	2	6	4	30	2	1	3	1	0.63374041	30	11631.953	11632.153	11632.153	11632.353	11632.787
1	14	2	2	241	2	2	5	1	6	2	8	1	0.63168464	1	11662.228	11662.828	11662.828	11663.028	11663.46
1	14	2	2	242	2	2	5	2	2	2	1	1	0.56466287	2	11664.847	11665.447	11665.447	11665.647	11666.012
1	14	2	2	243	2	2	5	3	1	1	1	1	0.57479244	3	11667.462	11667.662	11667.662	11667.862	11668.237
1	14	2	2	244	2	2	5	4	5	1	8	1	0.54591578	4	11669.681	11669.881	11669.881	11670.081	11670.427
1	14	2	2	245	2	2	5	5	4	1	8	1	0.53616654	5	11671.899	11672.099	11672.099	11672.299	11672.635
1	14	2	2	246	2	2	5	6	3	2	1	1	0.50289436	6	11674.207	11674.807	11674.807	11675.007	11675.31
1	14	2	2	247	2	2	5	7	5	1	8	1	0.48915765	7	11676.825	11677.025	11677.025	11677.225	11677.514
1	14	2	2	248	2	2	5	8	6	2	8	1	0.46604269	8	11679.043	11679.643	11679.643	11679.843	11680.109
1	14	2	2	249	2	2	5	9	1	1	1	1	0.46977477	9	11681.662	11681.862	11681.862	11682.062	11682.331
1	14	2	2	250	2	2	5	10	3	2	1	1	0.470899	10	11683.877	11684.477	11684.477	11684.677	11684.948
1	14	2	2	251	2	2	5	11	3	1	1	1	0.47153773	11	11686.493	11686.693	11686.693	11686.893	11687.165
1	14	2	2	252	2	2	5	12	6	1	8	1	0.48793586	12	11688.709	11688.909	11688.909	11689.109	11689.397
1	14	2	2	253	2	2	5	13	6	2	8	1	0.48885621	13	11690.929	11691.529	11691.529	11691.729	11692.017
1	14	2	2	254	2	2	5	14	1	2	1	1	0.51012845	14	11693.547	11694.147	11694.147	11694.347	11694.658
1	14	2	2	255	2	2	5	15	5	2	8	1	0.50880465	15	11696.166	11696.766	11696.766	11696.966	11697.275
1	14	2	2	256	2	2	5	16	6	2	8	1	0.49310132	16	11698.788	11699.388	11699.388	11699.588	11699.881
1	14	2	2	257	2	2	5	17	1	1	1	1	0.51842219	17	11701.404	11701.604	11701.604	11701.804	11702.122
1	14	2	2	258	2	2	5	18	5	2	8	1	0.55736758	18	11703.623	11704.223	11704.223	11704.423	11704.78
1	14	2	2	259	2	2	5	19	2	2	1	1	0.51109846	19	11706.242	11706.842	11706.842	11707.042	11707.354
1	14	2	2	260	2	2	5	20	3	1	1	1	0.59139296	20	11708.859	11709.059	11709.059	11709.259	11709.651
1	14	2	2	261	2	2	5	21	2	2	1	1	0.51447321	21	11711.079	11711.679	11711.679	11711.879	11712.194
1	14	2	2	262	2	2	5	22	4	2	8	1	0.4857852	22	11713.699	11714.299	11714.299	11714.499	11714.785
1	14	2	2	263	2	2	5	23	5	2	8	1	0.46983308	23	11716.316	11716.916	11716.916	11717.116	11717.385
1	14	2	2	264	2	2	5	24	4	1	8	1	0.49910404	24	11718.935	11719.135	11719.135	11719.335	11719.634
1	14	2	2	265	2	2	5	25	2	1	1	1	0.46518605	25	11721.154	11721.354	11721.354	11721.554	11721.819
1	14	2	2	266	2	2	5	26	4	1	8	1	0.58005937	26	11723.37	11723.57	11723.57	11723.77	11724.15
1	14	2	2	267	2	2	5	27	2	2	1	1	0.52098492	27	11725.588	11726.188	11726.188	11726.388	11726.709
1	14	2	2	268	2	2	5	28	3	1	1	1	0.47478399	28	11728.264	11728.464	11728.464	11728.664	11728.939
1	14	2	2	269	2	2	5	29	4	1	8	1	0.43643135	29	11730.481	11730.681	11730.681	11730.881	11731.117
1	14	2	2	270	2	2	5	30	1	1	1	1	0.46701633	30	11732.697	11732.897	11732.897	11733.097	11733.364
1	14	2	2	271	2	6	5	1	1	2	2	1	1.1942055	1	11762.977	11763.577	11763.577	11763.777	11764.771
1	14	2	2	272	2	6	5	2	1	2	2	1	0.63005304	2	11765.597	11766.197	11766.197	11766.398	11766.828
1	14	2	2	273	2	6	5	3	5	1	6	1	1.4412949	3	11768.214	11768.414	11768.414	11768.614	11769.855
1	14	2	2	274	2	6	5	4	2	1	3	1	1.1125142	4	11770.434	11770.634	11770.634	11770.834	11771.746
1	14	2	2	275	2	6	5	5	4	1	5	1	0.85485902	5	11772.653	11772.853	11772.853	11773.053	11773.708
1	14	2	2	276	2	6	5	6	1	2	2	1	1.1079415	6	11774.873	11775.473	11775.473	11775.673	11776.581
1	14	2	2	277	2	6	5	7	4	1	5	1	0.8456682	7	11777.492	11777.692	11777.692	11777.892	11778.537
1	14	2	2	278	2	6	5	8	6	2	7	1	1.0278464	8	11779.712	11780.312	11780.312	11780.512	11781.34
1	14	2	2	279	2	6	5	9	2	1	3	1	0.87265779	9	11782.347	11782.547	11782.547	11782.747	11783.419
1	14	2	2	280	2	6	5	10	1	2	2	1	1.2461108	10	11784.564	11785.164	11785.164	11785.364	11786.41
1	14	2	2	281	2	6	5	11	4	1	5	1	0.83906254	11	11787.184	11787.384	11787.384	11787.584	11788.224
1	14	2	2	282	2	6	5	12	3	1	4	1	1.030986	12	11789.405	11789.605	11789.605	11789.805	11790.636
1	14	2	2	283	2	6	5	13	3	2	4	1	0.62026751	13	11791.622	11792.222	11792.222	11792.422	11792.843
1	14	2	2	284	2	6	5	14	2	2	3	1	0.75207923	14	11794.244	11794.844	11794.844	11795.044	11795.596
1	14	2	2	285	2	6	5	15	3	2	4	1	0.71682082	15	11796.864	11797.464	11797.464	11797.664	11798.181
1	14	2	2	286	2	6	5	16	5	2	6	1	1.5966336	16	11799.485	11800.085	11800.085	11800.285	11801.682
1	14	2	2	287	2	6	5	17	2	1	3	1	1.0582709	17	11802.106	11802.306	11802.306	11802.506	11803.364
1	14	2	2	288	2	6	5	18	4	2	5	1	0.85258928	18	11804.326	11804.926	11804.926	11805.126	11805.779
1	14	2	2	289	2	6	5	19	5	2	6	1	1.0986013	19	11806.946	11807.546	11807.546	11807.746	11808.645
1	14	2	2	290	2	6	5	20	6	1	7	1	0.51670053	20	11809.565	11809.765	11809.765	11809.965	11810.282
1	14	2	2	291	2	6	5	21	2	2	3	1	0.92163326	21	11811.786	11812.386	11812.386	11812.586	11813.307
1	14	2	2	292	2	6	5	22	6	2	7	1	0.81635245	22	11814.404	11815.004	11815.004	11815.204	11815.82
1	14	2	2	293	2	6	5	23	5	2	6	1	0.78234571	23	11817.022	11817.622	11817.622	11817.822	11818.404
1	14	2	2	294	2	6	5	24	6	1	7	1	0.62461782	24	11819.642	11819.842	11819.842	11820.042	11820.466
1	14	2	2	295	2	6	5	25	1	1	2	1	1.1334281	25	11821.86	11822.06	11822.06	11822.26	11823.193
1	14	2	2	296	2	6	5	26	3	1	4	1	0.89448989	26	11824.083	11824.283	11824.283	11824.483	11825.178
1	14	2	2	297	2	6	5	27	5	2	6	1	0.9741085	27	11826.303	11826.903	11826.903	11827.103	11827.877
1	14	2	2	298	2	6	5	28	3	1	4	1	0.83688874	28	11828.924	11829.124	11829.124	11829.324	11829.961
1	14	2	2	299	2	6	5	29	6	1	7	1	0.72817451	29	11831.145	11831.345	11831.345	11831.545	11832.073
1	14	2	2	300	2	6	5	30	4	1	5	1	0.793847	30	11833.387	11833.587	11833.587	11833.787	11834.381
1	14	2	2	301	2	2	6	1	4	2	8	1	0.50114146	1	11863.676	11864.276	11864.276	11864.476	11864.778
1	14	2	2	302	2	2	6	2	2	2	1	1	0.5621414	2	11866.298	11866.898	11866.898	11867.098	11867.46
1	14	2	2	303	2	2	6	3	2	1	1	1	0.46787112	3	11868.92	11869.12	11869.12	11869.32	11869.587
1	14	2	2	304	2	2	6	4	1	1	1	1	0.51874073	4	11871.139	11871.339	11871.339	11871.539	11871.858
1	14	2	2	305	2	2	6	5	4	1	8	1	0.50701727	5	11873.36	11873.56	11873.56	11873.76	11874.067
1	14	2	2	306	2	2	6	6	2	2	1	1	0.38343837	6	11875.582	11876.182	11876.182	11876.382	11876.565
1	14	2	2	307	2	2	6	7	6	1	8	1	0.48218125	7	11878.203	11878.403	11878.403	11878.603	11878.886
1	14	2	2	308	2	2	6	8	2	2	1	1	0.57137123	8	11880.425	11881.025	11881.025	11881.225	11881.596
1	14	2	2	309	2	2	6	9	4	1	8	1	0.5071996	9	11883.047	11883.247	11883.247	11883.447	11883.754
1	14	2	2	310	2	2	6	10	1	2	1	1	0.48014559	10	11885.269	11885.869	11885.869	11886.069	11886.349
1	14	2	2	311	2	2	6	11	3	1	1	1	0.42428704	11	11887.893	11888.093	11888.093	11888.293	11888.517
1	14	2	2	312	2	2	6	12	3	1	1	1	0.46236605	12	11890.117	11890.317	11890.317	11890.517	11890.779
1	14	2	2	313	2	2	6	13	5	2	8	1	0.52795084	13	11892.338	11892.938	11892.938	11893.139	11893.466
1	14	2	2	314	2	2	6	14	4	2	8	1	0.49227684	14	11894.961	11895.561	11895.561	11895.761	11896.053
1	14	2	2	315	2	2	6	15	1	2	1	1	0.59433627	15	11897.583	11898.183	11898.183	11898.383	11898.777
1	14	2	2	316	2	2	6	16	5	2	8	1	0.5021482	16	11900.205	11900.805	11900.805	11901.005	11901.307
1	14	2	2	317	2	2	6	17	3	1	1	1	0.52100924	17	11902.827	11903.027	11903.027	11903.227	11903.548
1	14	2	2	318	2	2	6	18	6	2	8	1	0.50911977	18	11905.045	11905.645	11905.645	11905.845	11906.154
1	14	2	2	319	2	2	6	19	5	2	8	1	0.53726537	19	11907.667	11908.267	11908.267	11908.467	11908.804
1	14	2	2	320	2	2	6	20	1	1	1	1	0.5878229	20	11910.289	11910.489	11910.489	11910.689	11911.077
1	14	2	2	321	2	2	6	21	2	2	1	1	0.38810213	21	11912.507	11913.107	11913.107	11913.307	11913.496
1	14	2	2	322	2	2	6	22	3	2	1	1	0.43250842	22	11915.13	11915.73	11915.73	11915.93	11916.162
1	14	2	2	323	2	2	6	23	6	2	8	1	1.1229054	23	11917.752	11918.352	11918.352	11918.552	11919.475
1	14	2	2	324	2	2	6	24	6	1	8	1	0.48459036	24	11920.373	11920.573	11920.573	11920.773	11921.058
1	14	2	2	325	2	2	6	25	3	1	1	1	0.51108946	25	11922.595	11922.795	11922.795	11922.995	11923.306
1	14	2	2	326	2	2	6	26	1	1	1	1	0.57534453	26	11924.814	11925.014	11925.014	11925.214	11925.589
1	14	2	2	327	2	2	6	27	5	2	8	1	0.52240205	27	11927.034	11927.634	11927.634	11927.834	11928.157
1	14	2	2	328	2	2	6	28	5	1	8	1	0.47650016	28	11929.657	11929.857	11929.857	11930.057	11930.334
1	14	2	2	329	2	2	6	29	6	1	8	1	0.50781815	29	11931.879	11932.079	11932.079	11932.279	11932.587
1	14	2	2	330	2	2	6	30	4	1	8	1	0.46819794	30	11934.105	11934.305	11934.305	11934.505	11934.773
1	14	2	2	331	2	6	6	1	1	2	2	1	0.89073867	1	11964.386	11964.986	11964.986	11965.186	11965.876
1	14	2	2	332	2	6	6	2	5	2	6	1	1.0291738	2	11967.008	11967.608	11967.608	11967.808	11968.637
1	14	2	2	333	2	6	6	3	3	1	4	1	0.70166336	3	11969.629	11969.829	11969.83	11970.03	11970.531
1	14	2	2	334	2	6	6	4	4	1	5	1	0.94468135	4	11971.852	11972.052	11972.052	11972.252	11972.996
1	14	2	2	335	2	6	6	5	4	1	5	1	0.51249403	5	11974.075	11974.275	11974.275	11974.475	11974.787
1	14	2	2	336	2	6	6	6	4	2	5	1	0.54241646	6	11976.298	11976.898	11976.898	11977.098	11977.44
1	14	2	2	337	2	6	6	7	6	1	7	1	0.5459736	7	11978.92	11979.12	11979.12	11979.32	11979.666
1	14	2	2	338	2	6	6	8	3	2	4	1	0.69245685	8	11981.142	11981.742	11981.742	11981.942	11982.435
1	14	2	2	339	2	6	6	9	4	1	5	1	0.58913606	9	11983.765	11983.965	11983.965	11984.165	11984.554
1	14	2	2	340	2	6	6	10	2	2	3	1	1.158141	10	11985.988	11986.588	11986.588	11986.788	11987.746
1	14	2	2	341	2	6	6	11	2	1	3	1	0.53440325	11	11988.611	11988.811	11988.811	11989.011	11989.345
1	14	2	2	342	2	6	6	12	6	1	7	1	1.2043073	12	11990.833	11991.033	11991.033	11991.233	11992.238
1	14	2	2	343	2	6	6	13	3	2	4	1	0.77914826	13	11993.056	11993.656	11993.656	11993.856	11994.435
1	14	2	2	344	2	6	6	14	6	2	7	1	0.78047427	14	11995.678	11996.278	11996.278	11996.478	11997.059
1	14	2	2	345	2	6	6	15	5	2	6	1	0.78428478	15	11998.301	11998.901	11998.901	11999.101	11999.685
1	14	2	2	346	2	6	6	16	1	2	2	1	1.2137987	16	12000.924	12001.524	12001.524	12001.724	12002.738
1	14	2	2	347	2	6	6	17	1	1	2	1	0.63390391	17	12003.547	12003.747	12003.747	12003.947	12004.381
1	14	2	2	348	2	6	6	18	3	2	4	1	0.73581275	18	12005.769	12006.369	12006.369	12006.569	12007.105
1	14	2	2	349	2	6	6	19	5	2	6	1	0.85108309	19	12008.392	12008.992	12008.992	12009.192	12009.843
1	14	2	2	350	2	6	6	20	2	1	3	1	0.96556008	20	12011.015	12011.215	12011.215	12011.415	12012.181
1	14	2	2	351	2	6	6	21	2	2	3	1	0.53445106	21	12013.238	12013.838	12013.838	12014.038	12014.372
1	14	2	2	352	2	6	6	22	3	2	4	1	0.71097339	22	12015.861	12016.461	12016.461	12016.661	12017.172
1	14	2	2	353	2	6	6	23	1	2	2	1	0.80402118	23	12018.488	12019.088	12019.088	12019.288	12019.892
1	14	2	2	354	2	6	6	24	5	1	6	1	1.010476	24	12021.111	12021.311	12021.311	12021.511	12022.321
1	14	2	2	355	2	6	6	25	6	1	7	1	0.59575491	25	12023.335	12023.535	12023.535	12023.735	12024.13
1	14	2	2	356	2	6	6	26	2	1	3	1	0.87558215	26	12025.615	12025.815	12025.815	12026.015	12026.691
1	14	2	2	357	2	6	6	27	1	2	2	1	0.79440259	27	12027.839	12028.439	12028.439	12028.639	12029.233
1	14	2	2	358	2	6	6	28	5	1	6	1	0.81841901	28	12030.463	12030.663	12030.663	12030.863	12031.481
1	14	2	2	359	2	6	6	29	6	1	7	1	0.55478394	29	12032.69	12032.89	12032.89	12033.09	12033.444
1	14	2	2	360	2	6	6	30	4	1	5	1	0.77836501	30	12034.913	12035.113	12035.113	12035.313	12035.891
1	14	2	2	361	3	2	7	1	5	2	8	1	0.48903165	1	12977.581	12978.181	12978.181	12978.381	12978.67
1	14	2	2	362	3	2	7	2	6	2	8	1	0.55195785	2	12980.205	12980.805	12980.805	12981.005	12981.357
1	14	2	2	363	3	2	7	3	1	1	1	1	0.50417112	3	12982.828	12983.028	12983.028	12983.228	12983.532
1	14	2	2	364	3	2	7	4	1	1	1	1	0.36716169	4	12985.051	12985.251	12985.251	12985.451	12985.618
1	14	2	2	365	3	2	7	5	5	1	8	1	0.48937686	5	12987.274	12987.474	12987.474	12987.674	12987.963
1	14	2	2	366	3	2	7	6	6	2	8	1	0.480615	6	12989.497	12990.097	12990.097	12990.297	12990.578
1	14	2	2	367	3	2	7	7	4	1	8	1	0.48044906	7	12992.121	12992.321	12992.321	12992.521	12992.801
1	14	2	2	368	3	2	7	8	4	2	8	1	0.47423764	8	12994.344	12994.944	12994.944	12995.144	12995.419
1	14	2	2	369	3	2	7	9	6	1	8	1	0.45965878	9	12996.968	12997.168	12997.168	12997.368	12997.628
1	14	2	2	370	3	2	7	10	5	2	8	1	0.4743981	10	12999.192	12999.792	12999.792	12999.992	13000.266
1	14	2	2	371	3	2	7	11	3	1	1	1	0.65268482	11	13001.813	13002.013	13002.013	13002.213	13002.666
1	14	2	2	372	3	2	7	12	1	1	1	1	0.42841819	12	13004.063	13004.263	13004.263	13004.463	13004.691
1	14	2	2	373	3	2	7	13	3	2	1	1	0.40514989	13	13006.286	13006.886	13006.886	13007.086	13007.291
1	14	2	2	374	3	2	7	14	6	2	8	1	0.49237372	14	13008.911	13009.511	13009.511	13009.711	13010.004
1	14	2	2	375	3	2	7	15	4	2	8	1	0.47766606	15	13011.535	13012.135	13012.135	13012.335	13012.613
1	14	2	2	376	3	2	7	16	3	2	1	1	0.52434603	16	13014.159	13014.759	13014.759	13014.959	13015.283
1	14	2	2	377	3	2	7	17	5	1	8	1	0.49810336	17	13016.783	13016.983	13016.983	13017.183	13017.481
1	14	2	2	378	3	2	7	18	1	2	1	1	0.46171987	18	13019.007	13019.607	13019.607	13019.807	13020.069
1	14	2	2	379	3	2	7	19	4	2	8	1	0.48220602	19	13021.632	13022.232	13022.232	13022.432	13022.714
1	14	2	2	380	3	2	7	20	2	1	1	1	0.49039971	20	13024.257	13024.457	13024.457	13024.657	13024.947
1	14	2	2	381	3	2	7	21	5	2	8	1	0.51591393	21	13026.481	13027.081	13027.081	13027.281	13027.597
1	14	2	2	382	3	2	7	22	1	2	1	1	0.50592147	22	13029.105	13029.705	13029.705	13029.905	13030.211
1	14	2	2	383	3	2	7	23	4	2	8	1	0.48887222	23	13031.73	13032.33	13032.33	13032.53	13032.819
1	14	2	2	384	3	2	7	24	6	1	8	1	0.48717621	24	13034.354	13034.554	13034.554	13034.754	13035.041
1	14	2	2	385	3	2	7	25	2	1	1	1	0.50633623	25	13036.579	13036.779	13036.779	13036.979	13037.285
1	14	2	2	386	3	2	7	26	3	1	1	1	0.49497179	26	13038.803	13039.003	13039.003	13039.203	13039.498
1	14	2	2	387	3	2	7	27	2	2	1	1	0.48836186	27	13041.028	13041.628	13041.628	13041.828	13042.116
1	14	2	2	388	3	2	7	28	3	1	1	1	0.49452189	28	13043.653	13043.853	13043.853	13044.053	13044.347
1	14	2	2	389	3	2	7	29	2	1	1	1	0.37655484	29	13045.874	13046.074	13046.074	13046.274	13046.451
1	14	2	2	390	3	2	7	30	2	1	1	1	0.41109983	30	13048.098	13048.298	13048.298	13048.498	13048.709
1	14	2	2	391	3	6	7	1	1	2	2	1	1.0872369	1	13078.381	13078.981	13078.981	13079.181	13080.068
1	14	2	2	392	3	6	7	2	4	2	5	1	0.89583766	2	13081.006	13081.606	13081.606	13081.806	13082.501
1	14	2	2	393	3	6	7	3	6	1	7	1	0.83655	3	13083.631	13083.831	13083.831	13084.031	13084.667
1	14	2	2	394	3	6	7	4	5	1	6	1	0.60981181	4	13085.856	13086.056	13086.056	13086.256	13086.666
1	14	2	2	395	3	6	7	5	3	1	4	1	0.82515779	5	13088.08	13088.28	13088.28	13088.48	13089.106
1	14	2	2	396	3	6	7	6	5	2	6	1	0.89671528	6	13090.306	13090.906	13090.906	13091.106	13091.803
1	14	2	2	397	3	6	7	7	3	1	4	1	0.75423747	7	13092.931	13093.131	13093.131	13093.331	13093.885
1	14	2	2	398	3	6	7	8	1	2	2	1	1.3344557	8	13095.156	13095.756	13095.756	13095.956	13097.091
1	14	2	2	399	3	6	7	9	5	1	6	1	0.89546411	9	13097.781	13097.981	13097.981	13098.181	13098.877
1	14	2	2	400	3	6	7	10	4	2	5	1	0.71348761	10	13100.006	13100.606	13100.606	13100.806	13101.32
1	14	2	2	401	3	6	7	11	5	1	6	1	0.80480504	11	13102.631	13102.831	13102.831	13103.031	13103.636
1	14	2	2	402	3	6	7	12	6	1	7	1	0.53062234	12	13104.857	13105.057	13105.057	13105.257	13105.587
1	14	2	2	403	3	6	7	13	3	2	4	1	0.58057923	13	13107.079	13107.679	13107.679	13107.879	13108.26
1	14	2	2	404	3	6	7	14	4	2	5	1	0.98156054	14	13109.704	13110.304	13110.304	13110.504	13111.286
1	14	2	2	405	3	6	7	15	2	2	3	1	0.75563572	15	13112.33	13112.93	13112.93	13113.13	13113.685
1	14	2	2	406	3	6	7	16	2	2	3	1	0.55397782	16	13114.952	13115.552	13115.552	13115.752	13116.106
1	14	2	2	407	3	6	7	17	6	1	7	1	0.84122395	17	13117.577	13117.777	13117.777	13117.977	13118.619
1	14	2	2	408	3	6	7	18	1	2	2	1	1.5372794	18	13119.803	13120.403	13120.403	13120.603	13121.94
1	14	2	2	409	3	6	7	19	6	2	7	1	0.79036772	19	13122.428	13123.028	13123.028	13123.228	13123.819
1	14	2	2	410	3	6	7	20	3	1	4	1	0.7967186	20	13125.093	13125.293	13125.293	13125.493	13126.09
1	14	2	2	411	3	6	7	21	3	2	4	1	0.72701673	21	13127.323	13127.923	13127.923	13128.123	13128.65
1	14	2	2	412	3	6	7	22	4	2	5	1	0.86181509	22	13129.948	13130.548	13130.548	13130.748	13131.41
1	14	2	2	413	3	6	7	23	2	2	3	1	0.81711022	23	13132.573	13133.173	13133.173	13133.373	13133.99
1	14	2	2	414	3	6	7	24	1	1	2	1	1.0129827	24	13135.199	13135.399	13135.399	13135.599	13136.412
1	14	2	2	415	3	6	7	25	5	1	6	1	0.95237235	25	13137.425	13137.625	13137.625	13137.825	13138.577
1	14	2	2	416	3	6	7	26	2	1	3	1	0.83092034	26	13139.651	13139.851	13139.851	13140.051	13140.682
1	14	2	2	417	3	6	7	27	2	2	3	1	0.64370931	27	13141.881	13142.481	13142.481	13142.681	13143.124
1	14	2	2	418	3	6	7	28	4	1	5	1	0.82566658	28	13144.508	13144.708	13144.708	13144.908	13145.534
1	14	2	2	419	3	6	7	29	1	1	2	1	0.66802033	29	13146.733	13146.933	13146.933	13147.133	13147.601
1	14	2	2	420	3	6	7	30	6	1	7	1	0.75809343	30	13148.959	13149.159	13149.159	13149.359	13149.917
1	14	2	2	421	3	2	8	1	5	2	8	1	0.61054626	1	13179.25	13179.85	13179.85	13180.05	13180.461
1	14	2	2	422	3	2	8	2	6	2	8	1	0.50986389	2	13181.876	13182.476	13182.476	13182.676	13182.986
1	14	2	2	423	3	2	8	3	3	1	1	1	0.5586081	3	13184.503	13184.703	13184.703	13184.903	13185.261
1	14	2	2	424	3	2	8	4	5	1	8	1	0.53543885	4	13186.726	13186.926	13186.926	13187.126	13187.461
1	14	2	2	425	3	2	8	5	5	1	8	1	0.45831121	5	13188.952	13189.152	13189.152	13189.352	13189.61
1	14	2	2	426	3	2	8	6	1	2	1	1	0.43149071	6	13191.176	13191.776	13191.776	13191.976	13192.208
1	14	2	2	427	3	2	8	7	2	1	1	1	0.3833722	7	13193.803	13194.003	13194.003	13194.203	13194.386
1	14	2	2	428	3	2	8	8	6	2	8	1	0.43197491	8	13196.033	13196.633	13196.633	13196.833	13197.065
1	14	2	2	429	3	2	8	9	4	1	8	1	0.52228109	9	13198.659	13198.859	13198.859	13199.059	13199.382
1	14	2	2	430	3	2	8	10	6	2	8	1	0.46518636	10	13200.883	13201.483	13201.483	13201.683	13201.948
1	14	2	2	431	3	2	8	11	6	1	8	1	0.49155517	11	13203.509	13203.709	13203.709	13203.909	13204.201
1	14	2	2	432	3	2	8	12	5	1	8	1	0.49063152	12	13205.738	13205.938	13205.938	13206.138	13206.428
1	14	2	2	433	3	2	8	13	1	2	1	1	0.4712916	13	13207.964	13208.564	13208.564	13208.764	13209.036
1	14	2	2	434	3	2	8	14	3	2	1	1	0.44023833	14	13210.589	13211.189	13211.189	13211.389	13211.629
1	14	2	2	435	3	2	8	15	1	2	1	1	0.40235497	15	13213.216	13213.816	13213.816	13214.016	13214.219
1	14	2	2	436	3	2	8	16	3	2	1	1	0.41671208	16	13215.844	13216.444	13216.444	13216.644	13216.861
1	14	2	2	437	3	2	8	17	2	1	1	1	0.48257676	17	13218.472	13218.672	13218.672	13218.872	13219.154
1	14	2	2	438	3	2	8	18	1	2	1	1	0.49524865	18	13220.698	13221.298	13221.298	13221.498	13221.794
1	14	2	2	439	3	2	8	19	2	2	1	1	0.51131182	19	13223.325	13223.925	13223.925	13224.125	13224.436
1	14	2	2	440	3	2	8	20	4	1	8	1	0.59326754	20	13225.956	13226.156	13226.156	13226.356	13226.75
1	14	2	2	441	3	2	8	21	1	2	1	1	0.47371418	21	13228.186	13228.786	13228.786	13228.986	13229.259
1	14	2	2	442	3	2	8	22	3	2	1	1	0.35551408	22	13230.812	13231.412	13231.412	13231.612	13231.768
1	14	2	2	443	3	2	8	23	5	2	8	1	0.50239476	23	13233.436	13234.036	13234.036	13234.236	13234.538
1	14	2	2	444	3	2	8	24	2	1	1	1	0.50881168	24	13236.063	13236.263	13236.263	13236.463	13236.771
1	14	2	2	445	3	2	8	25	2	1	1	1	0.50417531	25	13238.29	13238.49	13238.49	13238.69	13238.994
1	14	2	2	446	3	2	8	26	3	1	1	1	0.37771184	26	13240.522	13240.722	13240.722	13240.922	13241.099
1	14	2	2	447	3	2	8	27	6	2	8	1	0.5339011	27	13242.749	13243.349	13243.349	13243.549	13243.882
1	14	2	2	448	3	2	8	28	4	1	8	1	0.47410907	28	13245.376	13245.576	13245.576	13245.776	13246.05
1	14	2	2	449	3	2	8	29	4	1	8	1	0.48379122	29	13247.608	13247.808	13247.808	13248.008	13248.292
1	14	2	2	450	3	2	8	30	4	1	8	1	0.41036398	30	13249.839	13250.039	13250.039	13250.239	13250.45
1	14	2	2	451	3	6	8	1	4	2	5	1	0.8490207	1	13280.13	13280.73	13280.73	13280.93	13281.579
1	14	2	2	452	3	6	8	2	1	2	2	1	1.1049494	2	13282.756	13283.356	13283.356	13283.556	13284.461
1	14	2	2	453	3	6	8	3	5	1	6	1	1.1234184	3	13285.384	13285.584	13285.584	13285.784	13286.707
1	14	2	2	454	3	6	8	4	1	1	2	1	0.87195345	4	13287.611	13287.811	13287.811	13288.011	13288.683
1	14	2	2	455	3	6	8	5	2	1	3	1	1.0935928	5	13289.838	13290.038	13290.038	13290.238	13291.131
1	14	2	2	456	3	6	8	6	3	2	4	1	0.50536941	6	13292.065	13292.665	13292.665	13292.865	13293.17
1	14	2	2	457	3	6	8	7	3	1	4	1	0.57412699	7	13294.692	13294.892	13294.892	13295.092	13295.467
1	14	2	2	458	3	6	8	8	1	2	2	1	1.0439412	8	13296.919	13297.519	13297.519	13297.719	13298.563
1	14	2	2	459	3	6	8	9	4	1	5	1	0.85916073	9	13299.546	13299.746	13299.746	13299.946	13300.605
1	14	2	2	460	3	6	8	10	4	2	5	1	0.70054852	10	13301.775	13302.375	13302.375	13302.575	13303.075
1	14	2	2	461	3	6	8	11	4	1	5	1	0.5154775	11	13304.402	13304.602	13304.602	13304.802	13305.117
1	14	2	2	462	3	6	8	12	2	1	3	1	0.79344225	12	13306.633	13306.833	13306.833	13307.033	13307.627
1	14	2	2	463	3	6	8	13	5	2	6	1	0.86786829	13	13308.865	13309.465	13309.465	13309.665	13310.332
1	14	2	2	464	3	6	8	14	1	2	2	1	1.0208106	14	13311.493	13312.093	13312.093	13312.293	13313.114
1	14	2	2	465	3	6	8	15	3	2	4	1	0.63484607	15	13314.121	13314.721	13314.721	13314.921	13315.356
1	14	2	2	466	3	6	8	16	6	2	7	1	0.79513645	16	13316.753	13317.353	13317.353	13317.553	13318.148
1	14	2	2	467	3	6	8	17	5	1	6	1	0.62037811	17	13319.38	13319.58	13319.58	13319.78	13320.201
1	14	2	2	468	3	6	8	18	2	2	3	1	0.67613493	18	13321.608	13322.208	13322.208	13322.408	13322.884
1	14	2	2	469	3	6	8	19	6	2	7	1	0.74121175	19	13324.24	13324.84	13324.84	13325.04	13325.581
1	14	2	2	470	3	6	8	20	1	1	2	1	0.95880087	20	13326.867	13327.067	13327.067	13327.267	13328.026
1	14	2	2	471	3	6	8	21	5	2	6	1	0.74631514	21	13329.095	13329.695	13329.695	13329.895	13330.441
1	14	2	2	472	3	6	8	22	6	2	7	1	0.5127018	22	13331.722	13332.322	13332.322	13332.522	13332.835
1	14	2	2	473	3	6	8	23	2	2	3	1	0.70935657	23	13334.35	13334.95	13334.95	13335.15	13335.659
1	14	2	2	474	3	6	8	24	2	1	3	1	0.5768105	24	13336.979	13337.179	13337.179	13337.379	13337.756
1	14	2	2	475	3	6	8	25	5	1	6	1	0.6497555	25	13339.208	13339.408	13339.408	13339.608	13340.058
1	14	2	2	476	3	6	8	26	4	1	5	1	0.75253232	26	13341.437	13341.637	13341.637	13341.837	13342.389
1	14	2	2	477	3	6	8	27	3	2	4	1	0.68824497	27	13343.667	13344.267	13344.267	13344.467	13344.956
1	14	2	2	478	3	6	8	28	6	1	7	1	0.71643945	28	13346.295	13346.495	13346.495	13346.695	13347.211
1	14	2	2	479	3	6	8	29	6	1	7	1	0.51768931	29	13348.523	13348.723	13348.723	13348.923	13349.241
1	14	2	2	480	3	6	8	30	3	1	4	1	0.69098317	30	13350.752	13350.952	13350.952	13351.152	13351.643
1	14	2	2	481	3	2	9	1	5	2	8	1	0.59254045	1	13381.049	13381.649	13381.649	13381.849	13382.242
1	14	2	2	482	3	2	9	2	1	2	1	1	0.47056715	2	13383.684	13384.284	13384.284	13384.484	13384.754
1	14	2	2	483	3	2	9	3	5	1	8	1	0.54082587	3	13386.405	13386.605	13386.605	13386.805	13387.146
1	14	2	2	484	3	2	9	4	6	1	8	1	0.44737525	4	13388.631	13388.831	13388.831	13389.031	13389.278
1	14	2	2	485	3	2	9	5	6	1	8	1	0.50627182	5	13390.857	13391.057	13391.057	13391.257	13391.564
1	14	2	2	486	3	2	9	6	3	2	1	1	0.47906616	6	13393.083	13393.683	13393.683	13393.883	13394.162
1	14	2	2	487	3	2	9	7	6	1	8	1	0.54822447	7	13395.712	13395.912	13395.912	13396.112	13396.46
1	14	2	2	488	3	2	9	8	5	2	8	1	0.47702718	8	13397.94	13398.54	13398.54	13398.74	13399.017
1	14	2	2	489	3	2	9	9	1	1	1	1	0.51902192	9	13400.574	13400.774	13400.774	13400.974	13401.293
1	14	2	2	490	3	2	9	10	2	2	1	1	0.39299399	10	13402.803	13403.403	13403.403	13403.603	13403.796
1	14	2	2	491	3	2	9	11	4	1	8	1	0.48184689	11	13405.433	13405.633	13405.633	13405.833	13406.115
1	14	2	2	492	3	2	9	12	6	1	8	1	0.49245201	12	13407.661	13407.861	13407.861	13408.061	13408.353
1	14	2	2	493	3	2	9	13	1	2	1	1	0.52952634	13	13409.889	13410.489	13410.489	13410.689	13411.019
1	14	2	2	494	3	2	9	14	2	2	1	1	0.43124497	14	13412.518	13413.118	13413.118	13413.318	13413.549
1	14	2	2	495	3	2	9	15	5	2	8	1	0.49426682	15	13415.148	13415.749	13415.749	13415.949	13416.243
1	14	2	2	496	3	2	9	16	5	2	8	1	0.52863883	16	13417.777	13418.377	13418.377	13418.577	13418.906
1	14	2	2	497	3	2	9	17	2	1	1	1	0.57756029	17	13420.408	13420.608	13420.608	13420.808	13421.185
1	14	2	2	498	3	2	9	18	2	2	1	1	0.41540422	18	13422.638	13423.238	13423.238	13423.438	13423.653
1	14	2	2	499	3	2	9	19	3	2	1	1	0.4216131	19	13425.268	13425.868	13425.868	13426.068	13426.289
1	14	2	2	500	3	2	9	20	6	1	8	1	0.49877732	20	13427.903	13428.103	13428.103	13428.303	13428.602
1	14	2	2	501	3	2	9	21	3	2	1	1	0.92545356	21	13430.132	13430.732	13430.732	13430.932	13431.658
1	14	2	2	502	3	2	9	22	4	2	8	1	0.52085212	22	13432.762	13433.362	13433.362	13433.562	13433.883
1	14	2	2	503	3	2	9	23	1	2	1	1	0.57164749	23	13435.39	13435.99	13435.99	13436.19	13436.562
1	14	2	2	504	3	2	9	24	4	1	8	1	0.57707776	24	13438.02	13438.22	13438.22	13438.42	13438.797
1	14	2	2	505	3	2	9	25	3	1	1	1	0.54720183	25	13440.249	13440.449	13440.449	13440.649	13440.997
1	14	2	2	506	3	2	9	26	4	1	8	1	0.54711792	26	13442.479	13442.679	13442.679	13442.879	13443.226
1	14	2	2	507	3	2	9	27	4	2	8	1	0.64676627	27	13444.708	13445.308	13445.308	13445.508	13445.955
1	14	2	2	508	3	2	9	28	1	1	1	1	0.62669891	28	13447.339	13447.539	13447.539	13447.739	13448.166
1	14	2	2	509	3	2	9	29	2	1	1	1	0.58841803	29	13449.581	13449.781	13449.781	13449.981	13450.369
1	14	2	2	510	3	2	9	30	3	1	1	1	0.43801326	30	13451.811	13452.011	13452.011	13452.211	13452.449
1	14	2	2	511	3	6	9	1	5	2	6	1	0.97563427	1	13482.109	13482.709	13482.709	13482.909	13483.685
1	14	2	2	512	3	6	9	2	1	2	2	1	0.86128636	2	13484.74	13485.34	13485.34	13485.54	13486.201
1	14	2	2	513	3	6	9	3	3	1	4	1	0.75168663	3	13487.37	13487.57	13487.57	13487.77	13488.321
1	14	2	2	514	3	6	9	4	6	1	7	1	0.74166468	4	13489.6	13489.8	13489.8	13490	13490.541
1	14	2	2	515	3	6	9	5	6	1	7	1	0.54263773	5	13491.829	13492.029	13492.029	13492.229	13492.572
1	14	2	2	516	3	6	9	6	5	2	6	1	0.7546134	6	13494.058	13494.658	13494.658	13494.858	13495.413
1	14	2	2	517	3	6	9	7	4	1	5	1	0.7453737	7	13496.689	13496.889	13496.889	13497.089	13497.634
1	14	2	2	518	3	6	9	8	1	2	2	1	0.73224761	8	13498.919	13499.519	13499.519	13499.719	13500.251
1	14	2	2	519	3	6	9	9	3	1	4	1	0.66936632	9	13501.548	13501.748	13501.748	13501.948	13502.418
1	14	2	2	520	3	6	9	10	1	2	2	1	0.67731758	10	13503.773	13504.373	13504.373	13504.573	13505.05
1	14	2	2	521	3	6	9	11	2	1	3	1	0.88413264	11	13506.4	13506.6	13506.6	13506.8	13507.484
1	14	2	2	522	3	6	9	12	4	1	5	1	0.69492051	12	13508.63	13508.83	13508.83	13509.03	13509.525
1	14	2	2	523	3	6	9	13	5	2	6	1	0.74881587	13	13510.86	13511.46	13511.46	13511.66	13512.209
1	14	2	2	524	3	6	9	14	4	2	5	1	0.56161066	14	13513.492	13514.092	13514.092	13514.292	13514.653
1	14	2	2	525	3	6	9	15	6	2	7	1	0.48921704	15	13516.122	13516.722	13516.722	13516.922	13517.211
1	14	2	2	526	3	6	9	16	4	2	5	1	0.49068484	16	13518.753	13519.353	13519.353	13519.553	13519.844
1	14	2	2	527	3	6	9	17	6	1	7	1	0.46718446	17	13521.383	13521.583	13521.583	13521.783	13522.051
1	14	2	2	528	3	6	9	18	3	2	4	1	0.71055907	18	13523.614	13524.214	13524.214	13524.414	13524.925
1	14	2	2	529	3	6	9	19	2	2	3	1	0.68806223	19	13526.245	13526.845	13526.845	13527.045	13527.533
1	14	2	2	530	3	6	9	20	3	1	4	1	0.67905625	20	13528.876	13529.076	13529.076	13529.276	13529.755
1	14	2	2	531	3	6	9	21	2	2	3	1	0.90202619	21	13531.106	13531.706	13531.706	13531.906	13532.608
1	14	2	2	532	3	6	9	22	2	2	3	1	0.58773211	22	13533.734	13534.334	13534.334	13534.534	13534.922
1	14	2	2	533	3	6	9	23	5	2	6	1	0.70897175	23	13536.365	13536.965	13536.965	13537.165	13537.674
1	14	2	2	534	3	6	9	24	1	1	2	1	0.82234937	24	13538.997	13539.197	13539.197	13539.397	13540.019
1	14	2	2	535	3	6	9	25	2	1	3	1	0.66098298	25	13541.228	13541.428	13541.428	13541.628	13542.089
1	14	2	2	536	3	6	9	26	6	1	7	1	0.64622757	26	13543.46	13543.66	13543.66	13543.86	13544.306
1	14	2	2	537	3	6	9	27	5	2	6	1	0.60693317	27	13545.691	13546.291	13546.291	13546.491	13546.898
1	14	2	2	538	3	6	9	28	4	1	5	1	0.73493926	28	13548.322	13548.522	13548.522	13548.722	13549.257
1	14	2	2	539	3	6	9	29	3	1	4	1	0.68186142	29	13550.554	13550.754	13550.754	13550.954	13551.436
1	14	2	2	540	3	6	9	30	1	1	2	1	0.70377194	30	13552.788	13552.988	13552.988	13553.188	13553.692
1	14	2	2	541	4	2	10	1	6	2	8	1	0.68969875	1	14129.689	14130.289	14130.289	14130.489	14130.978
1	14	2	2	542	4	2	10	2	6	2	8	1	0.56650693	2	14132.319	14132.919	14132.919	14133.119	14133.486
1	14	2	2	543	4	2	10	3	3	1	1	1	0.57252345	3	14134.951	14135.151	14135.151	14135.351	14135.723
1	14	2	2	544	4	2	10	4	4	1	8	1	0.48508808	4	14137.182	14137.382	14137.382	14137.582	14137.867
1	14	2	2	545	4	2	10	5	1	1	1	1	0.42655503	5	14139.414	14139.614	14139.614	14139.814	14140.04
1	14	2	2	546	4	2	10	6	2	2	1	1	0.41556428	6	14141.645	14142.245	14142.245	14142.445	14142.66
1	14	2	2	547	4	2	10	7	1	1	1	1	0.43948159	7	14144.276	14144.476	14144.476	14144.676	14144.915
1	14	2	2	548	4	2	10	8	5	2	8	1	0.53448396	8	14146.524	14147.124	14147.124	14147.324	14147.658
1	14	2	2	549	4	2	10	9	4	1	8	1	0.55460006	9	14149.16	14149.36	14149.36	14149.56	14149.914
1	14	2	2	550	4	2	10	10	2	2	1	1	0.59549575	10	14151.392	14151.992	14151.992	14152.192	14152.587
1	14	2	2	551	4	2	10	11	3	1	1	1	0.55849192	11	14154.03	14154.23	14154.23	14154.43	14154.788
1	14	2	2	552	4	2	10	12	3	1	1	1	0.4850264	12	14156.262	14156.462	14156.462	14156.662	14156.947
1	14	2	2	553	4	2	10	13	1	2	1	1	0.5002208	13	14158.533	14159.133	14159.133	14159.333	14159.633
1	14	2	2	554	4	2	10	14	4	2	8	1	0.53478778	14	14161.164	14161.764	14161.764	14161.964	14162.299
1	14	2	2	555	4	2	10	15	4	2	8	1	0.46452033	15	14163.797	14164.397	14164.397	14164.597	14164.861
1	14	2	2	556	4	2	10	16	5	2	8	1	0.49646647	16	14166.429	14167.029	14167.029	14167.229	14167.525
1	14	2	2	557	4	2	10	17	6	1	8	1	0.42812691	17	14169.061	14169.261	14169.261	14169.461	14169.69
1	14	2	2	558	4	2	10	18	2	2	1	1	0.543543	18	14171.294	14171.894	14171.894	14172.094	14172.437
1	14	2	2	559	4	2	10	19	5	2	8	1	0.58812809	19	14173.926	14174.526	14174.526	14174.726	14175.114
1	14	2	2	560	4	2	10	20	5	1	8	1	0.5179879	20	14176.556	14176.756	14176.756	14176.956	14177.274
1	14	2	2	561	4	2	10	21	1	2	1	1	0.54971866	21	14178.788	14179.388	14179.388	14179.588	14179.938
1	14	2	2	562	4	2	10	22	4	2	8	1	0.59431875	22	14181.423	14182.023	14182.023	14182.223	14182.617
1	14	2	2	563	4	2	10	23	3	2	1	1	0.49307996	23	14184.052	14184.652	14184.652	14184.852	14185.145
1	14	2	2	564	4	2	10	24	5	1	8	1	0.5693397	24	14186.684	14186.884	14186.884	14187.084	14187.453
1	14	2	2	565	4	2	10	25	3	1	1	1	0.49322626	25	14188.916	14189.116	14189.116	14189.316	14189.609
1	14	2	2	566	4	2	10	26	2	1	1	1	0.48590972	26	14191.149	14191.349	14191.349	14191.549	14191.835
1	14	2	2	567	4	2	10	27	2	2	1	1	0.45544291	27	14193.381	14193.981	14193.981	14194.181	14194.437
1	14	2	2	568	4	2	10	28	6	1	8	1	0.53238538	28	14196.015	14196.215	14196.215	14196.415	14196.747
1	14	2	2	569	4	2	10	29	1	1	1	1	0.45564501	29	14198.252	14198.452	14198.452	14198.652	14198.907
1	14	2	2	570	4	2	10	30	6	1	8	1	0.54817858	30	14200.569	14200.769	14200.769	14200.969	14201.317
1	14	2	2	571	4	6	10	1	2	2	3	1	1.3945878	1	14230.859	14231.459	14231.459	14231.659	14232.854
1	14	2	2	572	4	6	10	2	3	2	4	1	0.85375236	2	14233.493	14234.093	14234.093	14234.293	14234.947
1	14	2	2	573	4	6	10	3	1	1	2	1	1.5872622	3	14236.125	14236.325	14236.325	14236.525	14237.913
1	14	2	2	574	4	6	10	4	5	1	6	1	0.83971157	4	14238.358	14238.558	14238.558	14238.758	14239.397
1	14	2	2	575	4	6	10	5	6	1	7	1	0.53619781	5	14240.588	14240.788	14240.788	14240.988	14241.324
1	14	2	2	576	4	6	10	6	5	2	6	1	0.75082192	6	14242.821	14243.421	14243.421	14243.621	14244.171
1	14	2	2	577	4	6	10	7	1	1	2	1	0.81515242	7	14245.453	14245.653	14245.653	14245.853	14246.469
1	14	2	2	578	4	6	10	8	5	2	6	1	0.8116089	8	14247.686	14248.286	14248.286	14248.486	14249.098
1	14	2	2	579	4	6	10	9	2	1	3	1	0.62080832	9	14250.316	14250.516	14250.516	14250.716	14251.137
1	14	2	2	580	4	6	10	10	5	2	6	1	0.70724949	10	14252.55	14253.15	14253.15	14253.35	14253.858
1	14	2	2	581	4	6	10	11	6	1	7	1	0.64954062	11	14255.184	14255.384	14255.384	14255.584	14256.033
1	14	2	2	582	4	6	10	12	4	1	5	1	0.81974498	12	14257.417	14257.617	14257.617	14257.817	14258.436
1	14	2	2	583	4	6	10	13	6	2	7	1	0.71509101	13	14259.649	14260.249	14260.249	14260.449	14260.964
1	14	2	2	584	4	6	10	14	3	2	4	1	0.73963212	14	14262.281	14262.881	14262.881	14263.081	14263.621
1	14	2	2	585	4	6	10	15	1	2	2	1	0.71474406	15	14264.914	14265.514	14265.514	14265.714	14266.229
1	14	2	2	586	4	6	10	16	1	2	2	1	0.53610567	16	14267.547	14268.147	14268.147	14268.347	14268.684
1	14	2	2	587	4	6	10	17	6	1	7	1	0.67825224	17	14270.18	14270.38	14270.38	14270.58	14271.058
1	14	2	2	588	4	6	10	18	5	2	6	1	0.66320485	18	14272.412	14273.012	14273.012	14273.212	14273.675
1	14	2	2	589	4	6	10	19	3	2	4	1	0.64761491	19	14275.045	14275.645	14275.645	14275.845	14276.293
1	14	2	2	590	4	6	10	20	2	1	3	1	0.82910867	20	14277.678	14277.878	14277.878	14278.078	14278.707
1	14	2	2	591	4	6	10	21	4	2	2	0	0.60022966	20	14279.907	14280.507	14280.507	14280.707	14281.107
1	14	2	2	592	4	6	10	22	3	2	4	1	0.83050278	21	14282.541	14283.141	14283.141	14283.341	14283.971
1	14	2	2	593	4	6	10	23	4	2	5	1	0.86132264	22	14285.18	14285.78	14285.78	14285.98	14286.642
1	14	2	2	594	4	6	10	24	2	1	3	1	0.8678579	23	14287.817	14288.017	14288.017	14288.217	14288.885
1	14	2	2	595	4	6	10	25	4	1	5	1	0.76686054	24	14290.051	14290.251	14290.251	14290.451	14291.018
1	14	2	2	596	4	6	10	26	3	1	4	1	0.72102333	25	14292.283	14292.483	14292.483	14292.683	14293.204
1	14	2	2	597	4	6	10	27	1	2	2	1	0.76006364	26	14294.516	14295.116	14295.116	14295.316	14295.876
1	14	2	2	598	4	6	10	28	2	1	3	1	0.71190564	27	14297.149	14297.349	14297.349	14297.549	14298.061
1	14	2	2	599	4	6	10	29	4	1	5	1	0.70099198	28	14299.382	14299.582	14299.582	14299.782	14300.283
1	14	2	2	600	4	6	10	30	6	1	7	1	0.71888241	29	14301.62	14301.82	14301.82	14302.02	14302.539
1	14	2	2	601	4	2	11	1	4	2	8	1	0.57977307	1	14331.919	14332.519	14332.519	14332.719	14333.099
1	14	2	2	602	4	2	11	2	1	2	1	1	0.59642295	2	14334.551	14335.151	14335.151	14335.351	14335.748
1	14	2	2	603	4	2	11	3	2	1	1	1	0.56738691	3	14337.186	14337.386	14337.386	14337.586	14337.953
1	14	2	2	604	4	2	11	4	6	1	8	1	0.58477994	4	14339.419	14339.619	14339.619	14339.819	14340.204
1	14	2	2	605	4	2	11	5	4	1	8	1	0.53281192	5	14341.732	14341.932	14341.932	14342.132	14342.465
1	14	2	2	606	4	2	11	6	3	2	1	1	0.48377565	6	14343.966	14344.566	14344.566	14344.766	14345.049
1	14	2	2	607	4	2	11	7	6	1	8	1	0.52458524	7	14346.599	14346.799	14346.799	14346.999	14347.324
1	14	2	2	608	4	2	11	8	1	2	1	1	0.55493734	8	14348.833	14349.433	14349.433	14349.633	14349.988
1	14	2	2	609	4	2	11	9	3	1	1	1	0.47395883	9	14351.467	14351.667	14351.667	14351.867	14352.141
1	14	2	2	610	4	2	11	10	4	2	8	1	0.56334512	10	14353.751	14354.351	14354.351	14354.551	14354.914
1	14	2	2	611	4	2	11	11	6	1	8	1	0.47962824	11	14356.381	14356.581	14356.581	14356.781	14357.061
1	14	2	2	612	4	2	11	12	5	1	8	1	0.52227717	12	14358.615	14358.815	14358.815	14359.015	14359.337
1	14	2	2	613	4	2	11	13	2	2	1	1	0.56135974	13	14360.848	14361.448	14361.448	14361.648	14362.01
1	14	2	2	614	4	2	11	14	5	2	8	1	0.49046504	14	14363.479	14364.079	14364.079	14364.279	14364.57
1	14	2	2	615	4	2	11	15	1	2	1	1	0.42488793	15	14366.113	14366.713	14366.713	14366.913	14367.138
1	14	2	2	616	4	2	11	16	2	2	1	1	0.54854796	16	14368.766	14369.366	14369.366	14369.566	14369.915
1	14	2	2	617	4	2	11	17	1	1	1	1	0.47271465	17	14371.4	14371.6	14371.6	14371.8	14372.073
1	14	2	2	618	4	2	11	18	4	2	8	1	0.58644233	18	14373.632	14374.232	14374.232	14374.432	14374.818
1	14	2	2	619	4	2	11	19	3	2	1	1	0.5200017	19	14376.267	14376.867	14376.867	14377.067	14377.387
1	14	2	2	620	4	2	11	20	3	1	1	1	0.45931057	20	14378.902	14379.102	14379.102	14379.302	14379.561
1	14	2	2	621	4	2	11	21	6	2	8	1	0.68272278	21	14381.136	14381.736	14381.736	14381.936	14382.419
1	14	2	2	622	4	2	11	22	3	2	1	1	0.5195431	22	14383.788	14384.388	14384.388	14384.588	14384.907
1	14	2	2	623	4	2	11	23	6	2	8	1	0.54073886	23	14386.422	14387.022	14387.022	14387.222	14387.562
1	14	2	2	624	4	2	11	24	5	1	8	1	0.55626252	24	14389.056	14389.256	14389.256	14389.456	14389.812
1	14	2	2	625	4	2	11	25	5	1	8	1	0.47387669	25	14391.29	14391.49	14391.49	14391.69	14391.964
1	14	2	2	626	4	2	11	26	4	1	8	1	0.58370302	26	14393.524	14393.724	14393.724	14393.924	14394.307
1	14	2	2	627	4	2	11	27	5	2	8	1	0.55648744	27	14395.8	14396.4	14396.4	14396.6	14396.957
1	14	2	2	628	4	2	11	28	1	1	1	1	0.57015493	28	14398.435	14398.635	14398.635	14398.835	14399.205
1	14	2	2	629	4	2	11	29	2	1	1	1	0.54200222	29	14400.669	14400.869	14400.869	14401.069	14401.411
1	14	2	2	630	4	2	11	30	2	1	1	1	0.51754108	30	14402.904	14403.104	14403.104	14403.304	14403.621
1	14	2	2	631	4	6	11	1	1	2	2	1	0.85000362	1	14433.2	14433.8	14433.8	14434	14434.65
1	14	2	2	632	4	6	11	2	5	2	6	1	0.83284812	2	14435.835	14436.435	14436.435	14436.635	14437.268
1	14	2	2	633	4	6	11	3	1	1	2	1	0.67963709	3	14438.472	14438.672	14438.672	14438.872	14439.352
1	14	2	2	634	4	6	11	4	4	1	5	1	0.9136111	4	14440.708	14440.908	14440.908	14441.108	14441.821
1	14	2	2	635	4	6	11	5	3	1	4	1	0.72629225	5	14442.943	14443.143	14443.143	14443.343	14443.87
1	14	2	2	636	4	6	11	6	2	2	3	1	0.58410371	6	14445.178	14445.778	14445.778	14445.978	14446.362
1	14	2	2	637	4	6	11	7	2	1	3	1	0.64543198	7	14447.813	14448.013	14448.013	14448.213	14448.659
1	14	2	2	638	4	6	11	8	1	2	2	1	0.71090874	8	14450.053	14450.653	14450.653	14450.853	14451.363
1	14	2	2	639	4	6	11	9	3	1	4	1	0.69843603	9	14452.687	14452.887	14452.887	14453.087	14453.585
1	14	2	2	640	4	6	11	10	6	2	7	1	0.73755373	10	14454.929	14455.529	14455.529	14455.729	14456.267
1	14	2	2	641	4	6	11	11	2	1	3	1	1.4858333	11	14457.565	14457.765	14457.765	14457.965	14459.25
1	14	2	2	642	4	6	11	12	2	1	3	1	0.61655311	12	14459.799	14459.999	14459.999	14460.199	14460.616
1	14	2	2	643	4	6	11	13	3	2	4	1	0.52586568	13	14462.034	14462.634	14462.634	14462.834	14463.16
1	14	2	2	644	4	6	11	14	5	2	6	1	0.73266569	14	14464.67	14465.27	14465.27	14465.47	14466.003
1	14	2	2	645	4	6	11	15	4	2	5	1	0.69928488	15	14467.306	14467.906	14467.906	14468.106	14468.605
1	14	2	2	646	4	6	11	16	4	2	5	1	0.57256903	16	14469.945	14470.545	14470.545	14470.745	14471.118
1	14	2	2	647	4	6	11	17	5	1	6	1	0.81806604	17	14472.579	14472.779	14472.779	14472.979	14473.597
1	14	2	2	648	4	6	11	18	6	2	7	1	0.57613194	18	14474.817	14475.417	14475.417	14475.617	14475.993
1	14	2	2	649	4	6	11	19	5	2	6	1	0.70760173	19	14477.456	14478.056	14478.056	14478.256	14478.763
1	14	2	2	650	4	6	11	20	2	1	3	1	0.81641834	20	14480.091	14480.291	14480.291	14480.491	14481.107
1	14	2	2	651	4	6	11	21	3	2	4	1	0.47189676	21	14482.327	14482.927	14482.927	14483.127	14483.399
1	14	2	2	652	4	6	11	22	4	2	5	1	0.62244536	22	14484.963	14485.563	14485.563	14485.763	14486.185
1	14	2	2	653	4	6	11	23	6	2	7	1	0.66871373	23	14487.602	14488.202	14488.202	14488.402	14488.871
1	14	2	2	654	4	6	11	24	3	1	4	1	0.73660573	24	14490.242	14490.442	14490.442	14490.642	14491.178
1	14	2	2	655	4	6	11	25	1	1	2	1	0.74994419	25	14492.485	14492.685	14492.685	14492.885	14493.435
1	14	2	2	656	4	6	11	26	6	1	7	1	0.6873857	26	14494.723	14494.923	14494.923	14495.123	14495.61
1	14	2	2	657	4	6	11	27	6	2	7	1	0.67859268	27	14496.956	14497.556	14497.556	14497.756	14498.234
1	14	2	2	658	4	6	11	28	4	1	5	1	0.69370498	28	14499.591	14499.791	14499.791	14499.991	14500.485
1	14	2	2	659	4	6	11	29	5	1	6	1	0.67678147	29	14501.827	14502.027	14502.027	14502.227	14502.704
1	14	2	2	660	4	6	11	30	1	1	2	1	0.72687009	30	14504.063	14504.263	14504.263	14504.463	14504.99
1	14	2	2	661	4	2	12	1	3	2	1	1	0.58405957	1	14534.37	14534.97	14534.97	14535.17	14535.554
1	14	2	2	662	4	2	12	2	3	2	1	1	0.515259	2	14537.006	14537.606	14537.606	14537.806	14538.121
1	14	2	2	663	4	2	12	3	4	1	8	1	0.53163199	3	14539.639	14539.839	14539.839	14540.039	14540.37
1	14	2	2	664	4	2	12	4	6	1	8	1	0.47372164	4	14541.875	14542.075	14542.075	14542.275	14542.548
1	14	2	2	665	4	2	12	5	3	1	1	1	0.50152939	5	14544.111	14544.311	14544.311	14544.511	14544.812
1	14	2	2	666	4	2	12	6	5	2	8	1	0.57692361	6	14546.346	14546.946	14546.946	14547.146	14547.523
1	14	2	2	667	4	2	12	7	4	1	8	1	0.64132409	7	14548.987	14549.187	14549.187	14549.387	14549.828
1	14	2	2	668	4	2	12	8	1	2	1	1	0.63021559	8	14551.222	14551.822	14551.822	14552.022	14552.453
1	14	2	2	669	4	2	12	9	2	1	1	1	0.47735037	9	14553.856	14554.056	14554.056	14554.256	14554.533
1	14	2	2	670	4	2	12	10	2	2	1	1	0.61425806	10	14556.095	14556.695	14556.695	14556.895	14557.309
1	14	2	2	671	4	2	12	11	2	1	1	1	0.46230515	11	14558.732	14558.932	14558.932	14559.132	14559.394
1	14	2	2	672	4	2	12	12	2	1	1	1	0.49844414	12	14560.976	14561.176	14561.176	14561.376	14561.675
1	14	2	2	673	4	2	12	13	5	2	8	1	0.55015803	13	14563.212	14563.812	14563.812	14564.012	14564.363
1	14	2	2	674	4	2	12	14	4	2	8	1	0.40897541	14	14565.849	14566.449	14566.449	14566.649	14566.858
1	14	2	2	675	4	2	12	15	1	2	1	1	0.52361573	15	14568.486	14569.086	14569.086	14569.286	14569.61
1	14	2	2	676	4	2	12	16	5	2	8	1	0.56774212	16	14571.124	14571.724	14571.724	14571.924	14572.292
1	14	2	2	677	4	2	12	17	3	1	1	1	0.5145237	17	14573.76	14573.96	14573.96	14574.16	14574.475
1	14	2	2	678	4	2	12	18	1	2	1	1	0.51093707	18	14575.996	14576.596	14576.596	14576.796	14577.107
1	14	2	2	679	4	2	12	19	6	2	8	1	0.59162629	19	14578.633	14579.233	14579.233	14579.433	14579.825
1	14	2	2	680	4	2	12	20	2	1	1	1	0.51782554	20	14581.27	14581.47	14581.47	14581.67	14581.988
1	14	2	2	681	4	2	12	21	6	2	8	1	0.61877498	21	14583.522	14584.122	14584.122	14584.322	14584.741
1	14	2	2	682	4	2	12	22	5	2	8	1	0.56799052	22	14586.163	14586.763	14586.763	14586.963	14587.331
1	14	2	2	683	4	2	12	23	1	2	1	1	0.51698778	23	14588.801	14589.401	14589.401	14589.601	14589.918
1	14	2	2	684	4	2	12	24	4	1	8	1	0.54427724	24	14591.441	14591.641	14591.641	14591.841	14592.186
1	14	2	2	685	4	2	12	25	6	1	8	1	0.54069399	25	14593.678	14593.878	14593.878	14594.078	14594.419
1	14	2	2	686	4	2	12	26	1	1	1	1	0.48712159	26	14595.916	14596.116	14596.116	14596.316	14596.603
1	14	2	2	687	4	2	12	27	6	2	8	1	0.60788649	27	14598.157	14598.757	14598.757	14598.957	14599.364
1	14	2	2	688	4	2	12	28	5	1	8	1	0.52031107	28	14600.793	14600.993	14600.993	14601.193	14601.514
1	14	2	2	689	4	2	12	29	3	1	1	1	0.67353154	29	14603.03	14603.23	14603.23	14603.43	14603.904
1	14	2	2	690	4	2	12	30	4	1	8	1	0.43555096	30	14605.267	14605.467	14605.467	14605.667	14605.902
1	14	2	2	691	4	6	12	1	1	2	2	1	0.64205334	1	14635.57	14636.17	14636.17	14636.37	14636.812
1	14	2	2	692	4	6	12	2	4	2	5	1	0.7800338	2	14638.215	14638.815	14638.815	14639.015	14639.595
1	14	2	2	693	4	6	12	3	4	1	5	1	0.54748943	3	14640.852	14641.052	14641.052	14641.252	14641.599
1	14	2	2	694	4	6	12	4	2	1	3	1	0.65757659	4	14643.088	14643.288	14643.288	14643.488	14643.946
1	14	2	2	695	4	6	12	5	1	1	5	0	0.63173343	4	14645.326	14645.526	14645.526	14645.726	14646.158
1	14	2	2	696	4	6	12	6	4	2	5	1	0.60011853	5	14647.564	14648.164	14648.164	14648.364	14648.764
1	14	2	2	697	4	6	12	7	3	1	4	1	0.6873783	6	14650.206	14650.406	14650.406	14650.606	14651.093
1	14	2	2	698	4	6	12	8	2	2	3	1	0.67318157	7	14652.444	14653.044	14653.044	14653.244	14653.717
1	14	2	2	699	4	6	12	9	6	1	7	1	0.69262778	8	14655.086	14655.286	14655.286	14655.486	14655.978
1	14	2	2	700	4	6	12	10	6	2	7	1	0.65675373	9	14657.323	14657.923	14657.923	14658.123	14658.58
1	14	2	2	701	4	6	12	11	4	1	5	1	0.88263997	10	14659.962	14660.162	14660.162	14660.362	14661.044
1	14	2	2	702	4	6	12	12	1	1	2	1	0.57021408	11	14662.199	14662.399	14662.399	14662.599	14662.97
1	14	2	2	703	4	6	12	13	1	2	2	1	0.59637737	12	14664.437	14665.037	14665.037	14665.237	14665.634
1	14	2	2	704	4	6	12	14	2	2	3	1	0.73398073	13	14667.082	14667.682	14667.682	14667.882	14668.415
1	14	2	2	705	4	6	12	15	5	2	6	1	0.85443635	14	14669.72	14670.32	14670.32	14670.52	14671.174
1	14	2	2	706	4	6	12	16	6	2	7	1	0.55827753	15	14672.365	14672.965	14672.965	14673.165	14673.523
1	14	2	2	707	4	6	12	17	5	1	6	1	0.65746827	16	14675.004	14675.204	14675.204	14675.404	14675.861
1	14	2	2	708	4	6	12	18	5	2	6	1	0.55908831	17	14677.242	14677.842	14677.842	14678.042	14678.401
1	14	2	2	709	4	6	12	19	3	2	4	1	0.67552019	18	14679.881	14680.481	14680.481	14680.681	14681.156
1	14	2	2	710	4	6	12	20	3	1	4	1	0.5704278	19	14682.519	14682.719	14682.719	14682.919	14683.29
1	14	2	2	711	4	6	12	21	2	2	3	1	0.71157961	20	14684.757	14685.357	14685.357	14685.557	14686.068
1	14	2	2	712	4	6	12	22	1	2	2	1	0.64861246	21	14687.395	14687.995	14687.995	14688.195	14688.644
1	14	2	2	713	4	6	12	23	2	2	3	1	0.7342439	22	14690.127	14690.727	14690.727	14690.927	14691.461
1	14	2	2	714	4	6	12	24	3	1	4	1	0.50353737	23	14692.766	14692.966	14692.966	14693.166	14693.469
1	14	2	2	715	4	6	12	25	3	1	4	1	0.48429093	24	14695.006	14695.206	14695.206	14695.406	14695.69
1	14	2	2	716	4	6	12	26	6	1	7	1	0.78533553	25	14697.244	14697.444	14697.444	14697.644	14698.229
1	14	2	2	717	4	6	12	27	6	2	7	1	0.5191527	26	14699.483	14700.083	14700.083	14700.283	14700.602
1	14	2	2	718	4	6	12	28	5	1	6	1	0.54874566	27	14702.141	14702.341	14702.341	14702.541	14702.89
1	14	2	2	719	4	6	12	29	5	1	6	1	0.52526728	28	14704.381	14704.581	14704.581	14704.781	14705.106
1	14	2	2	720	4	6	12	30	4	1	5	1	0.60961416	29	14706.62	14706.82	14706.82	14707.02	14707.429
