124	37	64	94	43	42	35	126	0	0	0	0	0	0	0	0	0	0	0	0
2	55	2	1	1	1	6	1	1	6	1	6	0	0.90053678	0	5491.8511	5492.0512	5492.0514	5492.2516	5492.9519
2	55	2	1	2	1	6	1	2	2	1	3	1	0.90757845	1	5494.3828	5494.5829	5494.583	5494.7833	5495.4906
2	55	2	1	3	1	6	1	3	6	2	7	1	0.96828902	2	5496.5932	5497.1932	5497.1932	5497.3932	5498.1615
2	55	2	1	4	1	6	1	4	3	1	5	0	1.8673636	2	5499.2002	5499.4003	5499.4003	5499.6003	5501.2676
2	55	2	1	5	1	6	1	5	2	2	3	1	1.1682731	3	5501.7217	5502.3217	5502.3217	5502.5217	5503.49
2	55	2	1	6	1	6	1	6	2	1	3	1	0.92721379	4	5504.3287	5504.5287	5504.5287	5504.7288	5505.4559
2	55	2	1	7	1	6	1	7	5	2	5	0	1.9993894	4	5506.5358	5507.1358	5507.1358	5507.3358	5509.1352
2	55	2	1	8	1	6	1	8	4	1	0	0	-5509.6567	4	5509.4567	5509.6567	5509.6567	5509.8567	0
2	55	2	1	9	1	6	1	9	1	2	2	1	0.77148595	5	5511.9639	5512.5639	5512.564	5512.764	5513.3354
2	55	2	1	10	1	6	1	10	5	2	4	0	1.1839464	5	5514.5693	5515.1693	5515.1693	5515.3694	5516.3532
2	55	2	1	11	1	6	1	11	1	1	2	1	0.91861681	6	5517.4827	5517.6827	5517.6827	5517.8828	5518.6013
2	55	2	1	12	1	6	1	12	6	2	6	0	1.1662297	6	5519.6896	5520.2896	5520.2896	5520.4896	5521.4558
2	55	2	1	13	1	6	1	13	3	2	3	0	1.6118406	6	5522.6058	5523.2058	5523.2058	5523.4059	5524.8177
2	55	2	1	14	1	6	1	14	1	2	2	1	0.72503667	7	5525.5224	5526.1224	5526.1224	5526.3224	5526.8474
2	55	2	1	15	1	6	1	15	6	1	5	0	1.2662481	7	5528.1294	5528.3294	5528.3294	5528.5295	5529.5957
2	55	2	1	16	1	6	1	16	4	1	5	1	1.0386293	8	5530.6405	5530.8406	5530.8406	5531.0406	5531.8792
2	55	2	1	17	1	6	1	17	5	2	7	0	1.6247008	8	5532.8955	5533.4955	5533.4955	5533.6955	5535.1202
2	55	2	1	18	1	6	1	18	1	2	2	1	0.75403532	9	5535.8143	5536.4143	5536.4144	5536.6144	5537.1684
2	55	2	1	19	1	6	1	19	2	1	3	1	0.90116171	10	5538.4217	5538.6217	5538.6217	5538.8217	5539.5229
2	55	2	1	20	1	6	1	20	5	1	4	0	1.2372649	10	5540.628	5540.828	5540.8281	5541.0281	5542.0653
2	55	2	1	21	1	6	1	21	4	2	7	0	1.472765	10	5543.1369	5543.7369	5543.7369	5543.9369	5545.2097
2	55	2	1	22	1	6	1	22	3	1	4	1	1.0951382	11	5546.0568	5546.2569	5546.2569	5546.4569	5547.352
2	55	2	1	23	1	6	1	23	1	1	2	1	0.77695621	12	5548.264	5548.464	5548.464	5548.6641	5549.241
2	55	2	1	24	1	6	1	24	5	2	3	0	0.8673355	12	5550.4717	5551.0717	5551.0717	5551.2717	5551.9391
2	55	2	1	25	1	6	1	25	3	1	4	1	0.8405413	13	5553.392	5553.592	5553.5921	5553.7921	5554.4326
2	55	2	1	26	1	6	1	26	4	1	6	0	1.7713224	13	5555.5996	5555.7996	5555.7996	5555.9996	5557.571
2	55	2	1	27	1	6	1	27	2	2	3	1	1.0091593	14	5558.1111	5558.7111	5558.7111	5558.9111	5559.7203
2	55	2	1	28	1	6	1	28	4	1	5	1	1.4802231	15	5560.7191	5560.9191	5560.9191	5561.1191	5562.3993
2	55	2	1	29	1	6	1	29	6	2	7	1	1.999398	16	5562.9316	5563.5316	5563.5316	5563.7316	5565.531
2	55	2	1	30	1	6	1	30	3	2	4	1	1.2592888	17	5565.5407	5566.1407	5566.1407	5566.3407	5567.4
2	55	2	1	31	1	2	1	1	3	1	1	1	0.70642193	1	5584.5524	5584.7524	5584.7525	5584.9527	5585.4589
2	55	2	1	32	1	2	1	2	4	1	8	1	0.52521628	2	5586.7647	5586.9647	5586.9647	5587.1647	5587.4899
2	55	2	1	33	1	2	1	3	1	2	1	1	0.55260424	3	5588.9744	5589.5744	5589.5744	5589.7744	5590.127
2	55	2	1	34	1	2	1	4	3	1	1	1	0.55386556	4	5591.5837	5591.7837	5591.7837	5591.9838	5592.3376
2	55	2	1	35	1	2	1	5	3	2	1	1	0.48737075	5	5593.792	5594.392	5594.392	5594.592	5594.8794
2	55	2	1	36	1	2	1	6	2	1	1	1	0.60041012	6	5596.4003	5596.6003	5596.6004	5596.8004	5597.2008
2	55	2	1	37	1	2	1	7	2	2	1	1	0.49682704	7	5598.6087	5599.2088	5599.2088	5599.4088	5599.7056
2	55	2	1	38	1	2	1	8	3	1	1	1	0.48625653	8	5601.2175	5601.4175	5601.4175	5601.6175	5601.9038
2	55	2	1	39	1	2	1	9	6	2	8	1	0.55082843	9	5603.4275	5604.0275	5604.0275	5604.2275	5604.5783
2	55	2	1	40	1	2	1	10	3	2	1	1	0.60172599	10	5606.0361	5606.6362	5606.6362	5606.8362	5607.2379
2	55	2	1	41	1	2	1	11	6	1	8	1	0.6696562	11	5608.6426	5608.8427	5608.8427	5609.0427	5609.5123
2	55	2	1	42	1	2	1	12	1	2	1	1	0.55866159	12	5610.8514	5611.4514	5611.4514	5611.6514	5612.01
2	55	2	1	43	1	2	1	13	1	2	1	1	0.60422303	13	5613.4609	5614.0609	5614.061	5614.261	5614.6652
2	55	2	1	44	1	2	1	14	4	2	8	1	0.60178071	14	5616.0701	5616.6702	5616.6702	5616.8702	5617.272
2	55	2	1	45	1	2	1	15	2	1	1	1	0.57986388	15	5618.6791	5618.8791	5618.8791	5619.0791	5619.459
2	55	2	1	46	1	2	1	16	5	1	8	1	0.60817961	16	5620.8879	5621.0879	5621.0879	5621.2879	5621.6961
2	55	2	1	47	1	2	1	17	6	2	8	1	0.61825862	17	5623.0948	5623.6948	5623.6948	5623.8948	5624.313
2	55	2	1	48	1	2	1	18	5	2	8	1	0.53878141	18	5625.7033	5626.3033	5626.3033	5626.5033	5626.842
2	55	2	1	49	1	2	1	19	1	1	1	1	0.71502115	19	5628.311	5628.511	5628.511	5628.711	5629.226
2	55	2	1	50	1	2	1	20	6	1	8	1	0.61752192	20	5630.5199	5630.7199	5630.7199	5630.9199	5631.3374
2	55	2	1	51	1	2	1	21	5	2	8	1	0.58497158	21	5632.7294	5633.3294	5633.3294	5633.5294	5633.9143
2	55	2	1	52	1	2	1	22	4	1	8	1	0.49662503	22	5635.3387	5635.5387	5635.5388	5635.7388	5636.0354
2	55	2	1	53	1	2	1	23	2	1	1	1	0.62384379	23	5637.5475	5637.7476	5637.7476	5637.9476	5638.3714
2	55	2	1	54	1	2	1	24	2	2	8	0	0.42132029	23	5639.7568	5640.3569	5640.3569	5640.5569	5640.7782
2	55	2	1	55	1	2	1	25	4	1	8	1	0.72214193	24	5642.6794	5642.8794	5642.8794	5643.0794	5643.6015
2	55	2	1	56	1	2	1	26	1	1	1	1	0.51296973	25	5644.8892	5645.0892	5645.0892	5645.2892	5645.6022
2	55	2	1	57	1	2	1	27	5	2	8	1	0.68167219	26	5647.0966	5647.6966	5647.6966	5647.8966	5648.3783
2	55	2	1	58	1	2	1	28	4	1	8	1	0.59148347	27	5649.706	5649.906	5649.906	5650.106	5650.4975
2	55	2	1	59	1	2	1	29	5	2	8	1	0.55099372	28	5651.9158	5652.5158	5652.5158	5652.7158	5653.0668
2	55	2	1	60	1	2	1	30	6	2	8	1	0.50840397	29	5654.5258	5655.1259	5655.1259	5655.3259	5655.6343
2	55	2	1	61	1	6	2	1	3	1	3	0	1.5971569	29	5687.5954	5687.7955	5687.7955	5687.9955	5689.3927
2	55	2	1	62	1	6	2	2	4	1	5	1	1.4643845	30	5690.1134	5690.3134	5690.3134	5690.5134	5691.7778
2	55	2	1	63	1	6	2	3	1	2	2	1	0.78450852	31	5692.323	5692.923	5692.923	5693.1231	5693.7076
2	55	2	1	64	1	6	2	4	3	1	3	0	1.0024579	31	5694.9327	5695.1328	5695.1328	5695.3328	5696.1352
2	55	2	1	65	1	6	2	5	3	2	4	1	0.82141969	32	5697.4451	5698.0451	5698.0451	5698.2451	5698.8665
2	55	2	1	66	1	6	2	6	2	1	3	1	0.59271007	33	5700.0554	5700.2554	5700.2554	5700.4554	5700.8481
2	55	2	1	67	1	6	2	7	2	2	4	0	1.2381088	33	5702.2658	5702.8659	5702.866	5703.066	5704.1041
2	55	2	1	68	1	6	2	8	3	1	4	1	0.90488779	34	5705.1864	5705.3865	5705.3865	5705.5865	5706.2914
2	55	2	1	69	1	6	2	9	6	2	0	0	-5707.9949	34	5707.3949	5707.9949	5707.9949	5708.1949	0
2	55	2	1	70	1	6	2	10	3	2	4	1	1.2167926	35	5710.3057	5710.9057	5710.9057	5711.1057	5712.1225
2	55	2	1	71	1	6	2	11	6	1	7	1	0.69955395	36	5712.917	5713.117	5713.117	5713.317	5713.8166
2	55	2	1	72	1	6	2	12	1	2	2	1	0.88316939	37	5715.1275	5715.7275	5715.7275	5715.9275	5716.6107
2	55	2	1	73	1	6	2	13	1	2	2	1	0.73724104	38	5717.7377	5718.3377	5718.3377	5718.5377	5719.0749
2	55	2	1	74	1	6	2	14	4	2	7	0	1.1755367	38	5720.3479	5720.9479	5720.9479	5721.148	5722.1235
2	55	2	1	75	1	6	2	15	2	1	4	0	1.1137761	38	5723.2636	5723.4636	5723.4636	5723.6636	5724.5774
2	55	2	1	76	1	6	2	16	5	1	6	1	1.3652989	39	5725.7788	5725.9788	5725.9788	5726.1788	5727.3441
2	55	2	1	77	1	6	2	17	6	2	5	0	1.4617711	39	5727.9895	5728.5895	5728.5895	5728.7895	5730.0513
2	55	2	1	78	1	6	2	18	5	2	6	1	1.9150393	40	5730.9099	5731.5099	5731.5099	5731.7099	5733.4249
2	55	2	1	79	1	6	2	19	1	1	2	1	0.83922734	41	5733.5204	5733.7204	5733.7204	5733.9204	5734.5596
2	55	2	1	80	1	6	2	20	6	1	7	1	1.0319609	42	5735.7314	5735.9314	5735.9314	5736.1315	5736.9634
2	55	2	1	81	1	6	2	21	5	2	6	1	1.2663781	43	5737.9423	5738.5423	5738.5423	5738.7423	5739.8087
2	55	2	1	82	1	6	2	22	4	1	7	0	1.3470769	43	5740.5505	5740.7505	5740.7505	5740.9505	5742.0976
2	55	2	1	83	1	6	2	23	2	1	3	1	1.2712053	44	5743.108	5743.308	5743.308	5743.508	5744.5792
2	55	2	1	84	1	6	2	24	2	2	3	1	0.72268352	45	5745.3191	5745.9191	5745.9191	5746.1191	5746.6418
2	55	2	1	85	1	6	2	25	4	1	5	1	1.2251047	46	5747.9301	5748.1301	5748.1301	5748.3301	5749.3552
2	55	2	1	86	1	6	2	26	1	1	2	1	0.91757607	47	5750.1409	5750.3409	5750.3409	5750.5409	5751.2585
2	55	2	1	87	1	6	2	27	5	2	6	1	1.2177793	48	5752.3517	5752.9517	5752.9517	5753.1517	5754.1695
2	55	2	1	88	1	6	2	28	4	1	5	1	0.74867735	49	5754.9634	5755.1634	5755.1634	5755.3634	5755.912
2	55	2	1	89	1	6	2	29	5	2	6	1	0.9960131	50	5757.1743	5757.7743	5757.7743	5757.9743	5758.7703
2	55	2	1	90	1	6	2	30	6	2	7	1	0.76010928	51	5759.7855	5760.3855	5760.3855	5760.5855	5761.1457
2	55	2	1	91	1	2	2	1	5	1	8	1	0.67918866	1	5778.9051	5779.1051	5779.1052	5779.3052	5779.7843
2	55	2	1	92	1	2	2	2	6	1	8	1	0.74989279	2	5781.1166	5781.3166	5781.3166	5781.5166	5782.0665
2	55	2	1	93	1	2	2	3	1	2	1	1	0.82241184	3	5783.3278	5783.9278	5783.9278	5784.1278	5784.7502
2	55	2	1	94	1	2	2	4	2	1	1	1	0.74494153	4	5785.9366	5786.1366	5786.1366	5786.3366	5786.8816
2	55	2	1	95	1	2	2	5	2	2	1	1	0.57418394	5	5788.1629	5788.7629	5788.7629	5788.9629	5789.3371
2	55	2	1	96	1	2	2	6	6	1	8	1	0.65809259	6	5790.7743	5790.9743	5790.9743	5791.1743	5791.6324
2	55	2	1	97	1	2	2	7	1	2	1	1	0.59917494	7	5792.9869	5793.5869	5793.587	5793.787	5794.1861
2	55	2	1	98	1	2	2	8	6	1	8	1	0.62194429	8	5795.5964	5795.7964	5795.7964	5795.9964	5796.4184
2	55	2	1	99	1	2	2	9	4	2	8	1	0.46077846	9	5797.8057	5798.4057	5798.4057	5798.6057	5798.8664
2	55	2	1	100	1	2	2	10	5	2	8	1	0.48787224	10	5800.4191	5801.0191	5801.0192	5801.2192	5801.507
2	55	2	1	101	1	2	2	11	1	1	1	1	0.57916217	11	5803.0312	5803.2313	5803.2313	5803.4313	5803.8105
2	55	2	1	102	1	2	2	12	2	2	1	1	0.6863372	12	5805.2428	5805.8428	5805.8428	5806.0428	5806.5291
2	55	2	1	103	1	2	2	13	4	2	8	1	0.57739866	13	5807.8546	5808.4546	5808.4546	5808.6546	5809.032
2	55	2	1	104	1	2	2	14	3	2	1	1	0.57339043	14	5810.467	5811.067	5811.067	5811.267	5811.6404
2	55	2	1	105	1	2	2	15	4	1	8	1	0.62812292	15	5813.079	5813.2791	5813.2791	5813.4791	5813.9072
2	55	2	1	106	1	2	2	16	2	1	1	1	0.51056567	16	5815.2914	5815.4914	5815.4914	5815.6914	5816.002
2	55	2	1	107	1	2	2	17	3	2	1	1	0.63977868	17	5817.5033	5818.1033	5818.1033	5818.3033	5818.7431
2	55	2	1	108	1	2	2	18	6	2	8	1	0.56752961	18	5820.1129	5820.7129	5820.7129	5820.9129	5821.2804
2	55	2	1	109	1	2	2	19	4	1	8	1	0.46820382	19	5822.7249	5822.925	5822.925	5823.125	5823.3932
2	55	2	1	110	1	2	2	20	1	1	1	1	0.59520326	20	5824.9347	5825.1347	5825.1347	5825.3347	5825.7299
2	55	2	1	111	1	2	2	21	5	2	8	1	0.57014169	21	5827.1452	5827.7452	5827.7452	5827.9452	5828.3153
2	55	2	1	112	1	2	2	22	1	1	1	1	0.62946555	22	5829.7576	5829.9576	5829.9576	5830.1576	5830.5871
2	55	2	1	113	1	2	2	23	3	1	1	1	0.57545482	23	5831.9699	5832.1699	5832.1699	5832.3699	5832.7453
2	55	2	1	114	1	2	2	24	3	2	1	1	0.54750096	24	5834.1821	5834.7821	5834.7821	5834.9821	5835.3296
2	55	2	1	115	1	2	2	25	5	1	8	1	0.61576618	25	5836.7939	5836.9939	5836.9939	5837.1939	5837.6097
2	55	2	1	116	1	2	2	26	5	1	8	1	0.54061728	26	5839.0069	5839.2069	5839.2069	5839.4069	5839.7475
2	55	2	1	117	1	2	2	27	3	2	1	1	0.62309663	27	5841.2191	5841.8191	5841.8191	5842.0191	5842.4422
2	55	2	1	118	1	2	2	28	4	1	8	1	0.5394266	28	5843.832	5844.032	5844.032	5844.232	5844.5714
2	55	2	1	119	1	2	2	29	6	2	8	1	0.47732252	29	5846.0442	5846.6442	5846.6442	5846.8442	5847.1215
2	55	2	1	120	1	2	2	30	2	2	1	1	0.6388827	30	5848.6566	5849.2566	5849.2566	5849.4566	5849.8955
2	55	2	1	121	1	6	3	1	5	1	6	1	1.0145486	31	5864.4492	5864.6493	5864.6493	5864.8493	5865.6638
2	55	2	1	122	1	6	3	2	6	1	7	1	0.69157923	32	5866.6603	5866.8603	5866.8603	5867.0603	5867.5519
2	55	2	1	123	1	6	3	3	1	2	2	1	0.6527525	33	5868.8734	5869.4734	5869.4734	5869.6734	5870.1262
2	55	2	1	124	1	6	3	4	2	1	3	1	0.56547925	34	5871.4862	5871.6862	5871.6862	5871.8862	5872.2516
2	55	2	1	125	1	6	3	5	2	2	3	1	0.54429516	35	5873.6992	5874.2992	5874.2992	5874.4992	5874.8435
2	55	2	1	126	1	6	3	6	6	1	7	1	0.87523299	36	5876.3124	5876.5124	5876.5124	5876.7124	5877.3876
2	55	2	1	127	1	6	3	7	1	2	2	1	0.69303703	37	5878.5252	5879.1252	5879.1252	5879.3252	5879.8182
2	55	2	1	128	1	6	3	8	6	1	7	1	0.92476602	38	5881.1385	5881.3385	5881.3385	5881.5385	5882.2633
2	55	2	1	129	1	6	3	9	4	2	5	1	0.6915175	39	5883.3519	5883.9519	5883.9519	5884.1519	5884.6434
2	55	2	1	130	1	6	3	10	5	2	6	1	0.52567748	40	5885.9648	5886.5648	5886.5648	5886.7648	5887.0905
2	55	2	1	131	1	6	3	11	1	1	2	1	0.66444357	41	5888.5778	5888.7778	5888.7778	5888.9778	5889.4422
2	55	2	1	132	1	6	3	12	2	2	4	0	0.54505516	41	5890.7882	5891.3882	5891.3882	5891.5882	5891.9332
2	55	2	1	133	1	6	3	13	4	2	5	1	1.2497947	42	5893.7049	5894.3049	5894.3049	5894.5049	5895.5547
2	55	2	1	134	1	6	3	14	3	2	3	0	0.80853416	42	5896.3158	5896.9158	5896.9158	5897.1158	5897.7244
2	55	2	1	135	1	6	3	15	4	1	7	1	1.928173	43	5899.282	5899.482	5899.482	5899.682	5901.4102
2	55	2	1	136	1	6	3	16	2	1	3	1	1.05893	44	5901.493	5901.693	5901.693	5901.893	5902.7519
2	55	2	1	137	1	6	3	17	3	2	4	1	0.53287056	45	5903.7067	5904.3067	5904.3067	5904.5067	5904.8396
2	55	2	1	138	1	6	3	18	6	2	7	1	0.8826539	46	5906.3206	5906.9206	5906.9206	5907.1206	5907.8033
2	55	2	1	139	1	6	3	19	4	1	5	1	0.68372315	47	5908.9338	5909.1338	5909.1338	5909.3338	5909.8175
2	55	2	1	140	1	6	3	20	1	1	2	1	0.70134443	48	5911.1474	5911.3474	5911.3474	5911.5474	5912.0487
2	55	2	1	141	1	6	3	21	5	2	6	1	0.82117773	49	5913.3608	5913.9608	5913.9608	5914.1608	5914.782
2	55	2	1	142	1	6	3	22	1	1	2	1	0.7020622	50	5915.9721	5916.1721	5916.1721	5916.3721	5916.8741
2	55	2	1	143	1	6	3	23	3	1	4	1	1.1733808	51	5918.186	5918.386	5918.386	5918.5861	5919.5594
2	55	2	1	144	1	6	3	24	3	2	4	1	0.67431367	52	5920.3973	5920.9973	5920.9973	5921.1973	5921.6716
2	55	2	1	145	1	6	3	25	5	1	6	1	0.74164229	53	5923.0115	5923.2115	5923.2115	5923.4115	5923.9532
2	55	2	1	146	1	6	3	26	5	1	6	1	1.4631541	54	5925.2251	5925.4251	5925.4251	5925.6251	5926.8882
2	55	2	1	147	1	6	3	27	3	2	4	1	1.2981675	55	5927.437	5928.037	5928.037	5928.237	5929.3351
2	55	2	1	148	1	6	3	28	4	1	5	1	1.126953	56	5930.051	5930.251	5930.251	5930.451	5931.3779
2	55	2	1	149	1	6	3	29	6	2	7	1	0.54404458	57	5932.3129	5932.9129	5932.9129	5933.1129	5933.4569
2	55	2	1	150	1	6	3	30	2	2	3	1	0.92115989	58	5934.9273	5935.5273	5935.5273	5935.7273	5936.4485
2	55	2	1	151	1	2	3	1	6	1	8	1	0.63104572	1	5946.5291	5946.7291	5946.7291	5946.9291	5947.3601
2	55	2	1	152	1	2	3	2	3	1	1	1	0.55491931	2	5948.7433	5948.9434	5948.9434	5949.1434	5949.4983
2	55	2	1	153	1	2	3	3	4	2	8	1	0.53693097	3	5950.9574	5951.5574	5951.5574	5951.7574	5952.0943
2	55	2	1	154	1	2	3	4	2	1	1	1	0.53103995	4	5953.5718	5953.7718	5953.7718	5953.9718	5954.3028
2	55	2	1	155	1	2	3	5	5	2	8	1	0.50977928	5	5955.7856	5956.3856	5956.3856	5956.5856	5956.8954
2	55	2	1	156	1	2	3	6	2	1	1	1	0.79322457	6	5958.3997	5958.5997	5958.5997	5958.7997	5959.393
2	55	2	1	157	1	2	3	7	4	2	8	1	0.57103258	7	5960.614	5961.214	5961.214	5961.414	5961.785
2	55	2	1	158	1	2	3	8	3	1	1	1	0.67545574	8	5963.229	5963.429	5963.429	5963.629	5964.1045
2	55	2	1	159	1	2	3	9	1	2	1	1	0.50190047	9	5965.4434	5966.0434	5966.0434	5966.2434	5966.5453
2	55	2	1	160	1	2	3	10	5	2	8	1	0.44105937	10	5968.0579	5968.6579	5968.6579	5968.8579	5969.099
2	55	2	1	161	1	2	3	11	5	1	8	1	0.5044619	11	5970.6729	5970.8729	5970.8729	5971.0729	5971.3774
2	55	2	1	162	1	2	3	12	6	2	8	1	0.75199071	12	5972.8871	5973.4871	5973.4871	5973.6871	5974.2391
2	55	2	1	163	1	2	3	13	4	2	8	1	0.55221108	13	5975.4994	5976.0994	5976.0994	5976.2994	5976.6516
2	55	2	1	164	1	2	3	14	1	2	1	1	0.57470186	14	5978.1118	5978.7118	5978.7118	5978.9118	5979.2865
2	55	2	1	165	1	2	3	15	1	1	1	1	0.58825951	15	5980.7267	5980.9267	5980.9267	5981.1267	5981.515
2	55	2	1	166	1	2	3	16	6	1	8	1	0.49414572	16	5982.9394	5983.1394	5983.1394	5983.3394	5983.6335
2	55	2	1	167	1	2	3	17	1	2	1	1	0.91139816	17	5985.1519	5985.7519	5985.7519	5985.9519	5986.6633
2	55	2	1	168	1	2	3	18	2	2	1	1	0.61101715	18	5987.7674	5988.3674	5988.3674	5988.5674	5988.9784
2	55	2	1	169	1	2	3	19	6	1	8	1	0.71361562	19	5990.382	5990.582	5990.582	5990.782	5991.2956
2	55	2	1	170	1	2	3	20	5	1	8	1	0.46789056	20	5992.5942	5992.7942	5992.7942	5992.9942	5993.2621
2	55	2	1	171	1	2	3	21	3	2	1	1	0.68017932	21	5994.8087	5995.4087	5995.4087	5995.6087	5996.0889
2	55	2	1	172	1	2	3	22	4	1	8	1	0.53762163	22	5997.4241	5997.6241	5997.6241	5997.8241	5998.1617
2	55	2	1	173	1	2	3	23	3	1	1	1	0.55079888	23	5999.6393	5999.8393	5999.8393	6000.0393	6000.3901
2	55	2	1	174	1	2	3	24	5	2	8	1	0.58043733	24	6001.8542	6002.4542	6002.4542	6002.6542	6003.0347
2	55	2	1	175	1	2	3	25	2	1	1	1	0.67317545	25	6004.4705	6004.6705	6004.6705	6004.8705	6005.3437
2	55	2	1	176	1	2	3	26	4	1	8	1	0.61007721	26	6006.6856	6006.8856	6006.8856	6007.0856	6007.4956
2	55	2	1	177	1	2	3	27	1	2	1	1	0.69803574	27	6008.901	6009.501	6009.501	6009.701	6010.199
2	55	2	1	178	1	2	3	28	3	1	1	1	0.54815595	28	6011.5163	6011.7163	6011.7163	6011.9163	6012.2645
2	55	2	1	179	1	2	3	29	2	2	1	1	0.44243612	29	6013.7289	6014.3289	6014.3289	6014.5289	6014.7713
2	55	2	1	180	1	2	3	30	6	2	8	1	0.68982672	30	6016.3417	6016.9417	6016.9417	6017.1417	6017.6315
2	55	2	1	181	2	6	4	1	6	1	7	1	1.1745324	31	6268.8405	6269.0405	6269.0405	6269.2405	6270.2151
2	55	2	1	182	2	6	4	2	3	1	4	1	1.0008495	32	6271.0564	6271.2564	6271.2564	6271.4564	6272.2573
2	55	2	1	183	2	6	4	3	4	2	5	1	0.91222966	33	6273.2718	6273.8718	6273.8718	6274.0718	6274.784
2	55	2	1	184	2	6	4	4	2	1	3	1	0.73890683	34	6275.8876	6276.0876	6276.0876	6276.2876	6276.8265
2	55	2	1	185	2	6	4	5	5	2	6	1	0.9015443	35	6278.1004	6278.7004	6278.7004	6278.9004	6279.6019
2	55	2	1	186	2	6	4	6	2	1	3	1	0.68062879	36	6280.7267	6280.9267	6280.9267	6281.1267	6281.6073
2	55	2	1	187	2	6	4	7	4	2	6	0	0.86105371	36	6282.9425	6283.5425	6283.5425	6283.7425	6284.4036
2	55	2	1	188	2	6	4	8	3	1	4	1	1.1480623	37	6285.5582	6285.7582	6285.7582	6285.9582	6286.9063
2	55	2	1	189	2	6	4	9	1	2	2	1	0.68623238	38	6287.7742	6288.3742	6288.3742	6288.5742	6289.0604
2	55	2	1	190	2	6	4	10	5	2	6	1	0.6307488	39	6290.3866	6290.9866	6290.9866	6291.1866	6291.6174
2	55	2	1	191	2	6	4	11	5	1	6	1	0.75966693	40	6293.0027	6293.2027	6293.2027	6293.4027	6293.9624
2	55	2	1	192	2	6	4	12	6	2	7	1	0.67844982	41	6295.2187	6295.8187	6295.8187	6296.0187	6296.4971
2	55	2	1	193	2	6	4	13	4	2	5	1	0.64762907	42	6297.8351	6298.4351	6298.4351	6298.6351	6299.0828
2	55	2	1	194	2	6	4	14	1	2	2	1	0.63765863	43	6300.4516	6301.0516	6301.0516	6301.2516	6301.6893
2	55	2	1	195	2	6	4	15	1	1	2	1	0.67193502	44	6303.0646	6303.2646	6303.2646	6303.4646	6303.9365
2	55	2	1	196	2	6	4	16	6	1	7	1	0.773231	45	6305.2808	6305.4808	6305.4808	6305.6808	6306.254
2	55	2	1	197	2	6	4	17	1	2	2	1	0.69804292	46	6307.4946	6308.0946	6308.0946	6308.2946	6308.7926
2	55	2	1	198	2	6	4	18	2	2	3	1	0.98532685	47	6310.1109	6310.7109	6310.7109	6310.9109	6311.6962
2	55	2	1	199	2	6	4	19	6	1	7	1	0.89734711	48	6312.7274	6312.9274	6312.9274	6313.1274	6313.8247
2	55	2	1	200	2	6	4	20	5	1	6	1	0.90480482	49	6314.9435	6315.1435	6315.1435	6315.3435	6316.0483
2	55	2	1	201	2	6	4	21	3	2	4	1	0.81661101	50	6317.1597	6317.7598	6317.7598	6317.9598	6318.5764
2	55	2	1	202	2	6	4	22	4	1	5	1	0.70752824	51	6319.7827	6319.9827	6319.9827	6320.1827	6320.6903
2	55	2	1	203	2	6	4	23	3	1	4	1	0.78831989	52	6321.9967	6322.1967	6322.1967	6322.3967	6322.985
2	55	2	1	204	2	6	4	24	5	2	6	1	0.78070227	53	6324.213	6324.813	6324.813	6325.013	6325.5937
2	55	2	1	205	2	6	4	25	2	1	3	1	1.2149787	54	6326.8266	6327.0266	6327.0266	6327.2266	6328.2416
2	55	2	1	206	2	6	4	26	4	1	5	1	1.0241312	55	6329.04	6329.24	6329.24	6329.44	6330.2641
2	55	2	1	207	2	6	4	27	1	2	2	1	0.63837457	56	6331.2571	6331.8571	6331.8571	6332.0571	6332.4954
2	55	2	1	208	2	6	4	28	3	1	4	1	0.87914375	57	6333.8744	6334.0744	6334.0744	6334.2744	6334.9535
2	55	2	1	209	2	6	4	29	2	2	3	1	0.62838685	58	6336.0914	6336.6914	6336.6914	6336.8914	6337.3198
2	55	2	1	210	2	6	4	30	6	2	7	1	0.9263916	59	6338.7083	6339.3083	6339.3083	6339.5083	6340.2347
2	55	2	1	211	2	2	4	1	6	1	8	1	0.62848081	1	6369.3893	6369.5894	6369.5894	6369.7894	6370.2178
2	55	2	1	212	2	2	4	2	2	1	1	1	0.51427228	2	6371.6072	6371.8072	6371.8072	6372.0072	6372.3215
2	55	2	1	213	2	2	4	3	3	2	1	1	0.50685082	3	6373.8414	6374.4414	6374.4414	6374.6414	6374.9482
2	55	2	1	214	2	2	4	4	3	1	1	1	0.48680992	4	6376.4591	6376.6591	6376.6591	6376.8591	6377.1459
2	55	2	1	215	2	2	4	5	5	2	8	1	0.48364084	5	6378.6767	6379.2767	6379.2767	6379.4767	6379.7604
2	55	2	1	216	2	2	4	6	5	1	8	1	1.0974308	6	6381.2946	6381.4946	6381.4946	6381.6946	6382.592
2	55	2	1	217	2	2	4	7	4	2	8	1	0.54427266	7	6383.5122	6384.1122	6384.1122	6384.3122	6384.6564
2	55	2	1	218	2	2	4	8	2	1	1	1	0.59294665	8	6386.1296	6386.3296	6386.3296	6386.5296	6386.9225
2	55	2	1	219	2	2	4	9	6	2	8	1	0.4921563	9	6388.3472	6388.9472	6388.9472	6389.1472	6389.4394
2	55	2	1	220	2	2	4	10	1	2	1	1	0.54304981	10	6390.9616	6391.5616	6391.5616	6391.7616	6392.1046
2	55	2	1	221	2	2	4	11	1	1	1	1	0.58652828	11	6393.5837	6393.7837	6393.7837	6393.9837	6394.3702
2	55	2	1	222	2	2	4	12	3	2	1	1	0.47216426	12	6395.8034	6396.4034	6396.4034	6396.6034	6396.8756
2	55	2	1	223	2	2	4	13	1	2	1	1	0.47616814	13	6398.4208	6399.0208	6399.0208	6399.2208	6399.497
2	55	2	1	224	2	2	4	14	2	2	1	1	0.49061355	14	6401.0384	6401.6384	6401.6384	6401.8384	6402.129
2	55	2	1	225	2	2	4	15	4	1	8	1	0.71344996	15	6403.6561	6403.8561	6403.8561	6404.0561	6404.5695
2	55	2	1	226	2	2	4	16	6	1	8	1	0.59221433	16	6405.8719	6406.0719	6406.0719	6406.2719	6406.6641
2	55	2	1	227	2	2	4	17	1	2	1	1	0.6069255	17	6408.0902	6408.6902	6408.6902	6408.8902	6409.2971
2	55	2	1	228	2	2	4	18	4	2	8	1	0.54153107	18	6410.7077	6411.3077	6411.3077	6411.5077	6411.8493
2	55	2	1	229	2	2	4	19	3	1	1	1	0.56810668	19	6413.3222	6413.5222	6413.5222	6413.7222	6414.0903
2	55	2	1	230	2	2	4	20	6	1	8	1	0.58236869	20	6415.5398	6415.7398	6415.7398	6415.9398	6416.3222
2	55	2	1	231	2	2	4	21	2	2	1	1	0.5460842	21	6417.7582	6418.3582	6418.3582	6418.5582	6418.9043
2	55	2	1	232	2	2	4	22	3	1	1	1	0.66355222	22	6420.3765	6420.5765	6420.5765	6420.7765	6421.2401
2	55	2	1	233	2	2	4	23	5	1	8	1	1.3659951	23	6422.5947	6422.7947	6422.7947	6422.9947	6424.1607
2	55	2	1	234	2	2	4	24	4	2	8	1	0.53367648	24	6424.8127	6425.4127	6425.4127	6425.6127	6425.9463
2	55	2	1	235	2	2	4	25	5	1	8	1	0.53174752	25	6427.4301	6427.6301	6427.6301	6427.8301	6428.1618
2	55	2	1	236	2	2	4	26	6	1	8	1	0.57697275	26	6429.6486	6429.8486	6429.8486	6430.0486	6430.4256
2	55	2	1	237	2	2	4	27	4	2	8	1	0.52002811	27	6431.8639	6432.4639	6432.4639	6432.6639	6432.9839
2	55	2	1	238	2	2	4	28	1	1	1	1	0.60017901	28	6434.4827	6434.6827	6434.6827	6434.8827	6435.2829
2	55	2	1	239	2	2	4	29	2	2	1	1	0.54906099	29	6436.7014	6437.3015	6437.3015	6437.5015	6437.8505
2	55	2	1	240	2	2	4	30	5	2	8	1	0.57094661	30	6439.32	6439.92	6439.92	6440.12	6440.491
2	55	2	1	241	2	6	5	1	6	1	7	1	0.95694078	31	6470.0291	6470.2291	6470.2291	6470.4291	6471.1861
2	55	2	1	242	2	6	5	2	2	1	3	1	0.73617197	32	6472.2476	6472.4476	6472.4476	6472.6476	6473.1838
2	55	2	1	243	2	6	5	3	3	2	4	1	0.46778277	33	6474.4664	6475.0664	6475.0664	6475.2664	6475.5342
2	55	2	1	244	2	6	5	4	3	1	4	1	0.64116336	34	6477.085	6477.285	6477.285	6477.485	6477.9262
2	55	2	1	245	2	6	5	5	5	2	6	1	0.60210989	35	6479.3004	6479.9004	6479.9004	6480.1004	6480.5026
2	55	2	1	246	2	6	5	6	5	1	6	1	0.65276445	36	6481.9645	6482.1645	6482.1645	6482.3646	6482.8173
2	55	2	1	247	2	6	5	7	4	2	5	1	0.49757912	37	6484.1842	6484.7842	6484.7842	6484.9842	6485.2818
2	55	2	1	248	2	6	5	8	2	1	3	1	1.2769559	38	6486.8033	6487.0033	6487.0033	6487.2033	6488.2802
2	55	2	1	249	2	6	5	9	6	2	7	1	0.90953933	39	6489.022	6489.622	6489.622	6489.822	6490.5315
2	55	2	1	250	2	6	5	10	1	2	2	1	0.65488639	40	6491.642	6492.242	6492.242	6492.442	6492.8969
2	55	2	1	251	2	6	5	11	1	1	2	1	1.1320855	41	6494.2608	6494.4608	6494.4608	6494.6608	6495.5929
2	55	2	1	252	2	6	5	12	3	2	4	1	0.74755075	42	6496.48	6497.08	6497.08	6497.28	6497.8275
2	55	2	1	253	2	6	5	13	1	2	2	1	0.62185157	43	6499.1005	6499.7005	6499.7005	6499.9005	6500.3224
2	55	2	1	254	2	6	5	14	2	2	3	1	0.66030199	44	6501.7163	6502.3163	6502.3163	6502.5164	6502.9766
2	55	2	1	255	2	6	5	15	4	1	5	1	0.91609194	45	6504.3355	6504.5355	6504.5355	6504.7355	6505.4516
2	55	2	1	256	2	6	5	16	6	1	7	1	1.7590516	46	6506.5525	6506.7525	6506.7525	6506.9525	6508.5115
2	55	2	1	257	2	6	5	17	1	2	2	1	0.66146545	47	6508.7713	6509.3713	6509.3713	6509.5713	6510.0328
2	55	2	1	258	2	6	5	18	4	2	5	1	0.69581609	48	6511.3916	6511.9916	6511.9916	6512.1916	6512.6874
2	55	2	1	259	2	6	5	19	3	1	4	1	1.3206397	49	6514.0081	6514.2081	6514.2081	6514.4081	6515.5288
2	55	2	1	260	2	6	5	20	6	1	7	1	1.9989115	50	6516.2273	6516.4273	6516.4273	6516.6273	6518.4262
2	55	2	1	261	2	6	5	21	2	2	3	1	1.0798482	51	6518.4473	6519.0473	6519.0473	6519.2473	6520.1271
2	55	2	1	262	2	6	5	22	3	1	4	1	0.81573899	52	6521.064	6521.264	6521.264	6521.464	6522.0797
2	55	2	1	263	2	6	5	23	5	1	6	1	0.93370264	53	6523.283	6523.483	6523.483	6523.683	6524.4167
2	55	2	1	264	2	6	5	24	4	2	5	1	0.58465799	54	6525.5028	6526.1028	6526.1028	6526.3028	6526.6875
2	55	2	1	265	2	6	5	25	5	1	6	1	0.69203018	55	6528.1221	6528.3221	6528.3221	6528.5221	6529.0141
2	55	2	1	266	2	6	5	26	6	1	7	1	0.62819202	56	6530.3428	6530.5428	6530.5428	6530.7428	6531.171
2	55	2	1	267	2	6	5	27	4	2	5	1	0.77491542	57	6532.5627	6533.1627	6533.1627	6533.3627	6533.9376
2	55	2	1	268	2	6	5	28	1	1	2	1	0.75287188	58	6535.1828	6535.3828	6535.3828	6535.5828	6536.1357
2	55	2	1	269	2	6	5	29	2	2	3	1	0.71685957	59	6537.4026	6538.0026	6538.0026	6538.2026	6538.7194
2	55	2	1	270	2	6	5	30	5	2	6	1	0.92258151	60	6540.0218	6540.6218	6540.6218	6540.8218	6541.5443
2	55	2	1	271	2	2	5	1	6	1	8	1	0.70276222	1	6570.7062	6570.9062	6570.9062	6571.1062	6571.609
2	55	2	1	272	2	2	5	2	6	1	8	1	0.57736131	2	6572.9258	6573.1258	6573.1258	6573.3258	6573.7032
2	55	2	1	273	2	2	5	3	4	2	8	1	0.49956157	3	6575.1426	6575.7426	6575.7426	6575.9426	6576.2422
2	55	2	1	274	2	2	5	4	4	1	8	1	0.52612749	4	6577.7632	6577.9632	6577.9632	6578.1632	6578.4894
2	55	2	1	275	2	2	5	5	4	2	8	1	0.59394444	5	6579.9831	6580.5831	6580.5831	6580.7831	6581.1771
2	55	2	1	276	2	2	5	6	1	1	1	1	0.64066201	6	6582.6027	6582.8027	6582.8027	6583.0027	6583.4434
2	55	2	1	277	2	2	5	7	3	2	1	1	1.0909159	7	6584.8232	6585.4232	6585.4232	6585.6232	6586.5141
2	55	2	1	278	2	2	5	8	1	1	1	1	0.68700542	8	6587.4433	6587.6433	6587.6433	6587.8433	6588.3303
2	55	2	1	279	2	2	5	9	4	2	8	1	0.61900048	9	6589.6637	6590.2637	6590.2637	6590.4637	6590.8827
2	55	2	1	280	2	2	5	10	2	2	1	1	0.72765225	10	6592.2838	6592.8839	6592.8839	6593.0839	6593.6115
2	55	2	1	281	2	2	5	11	2	1	1	1	0.61620485	11	6594.9045	6595.1045	6595.1045	6595.3045	6595.7207
2	55	2	1	282	2	2	5	12	1	2	1	1	0.62441255	12	6597.1232	6597.7232	6597.7232	6597.9232	6598.3476
2	55	2	1	283	2	2	5	13	5	2	8	1	0.57877508	13	6599.7408	6600.3408	6600.3408	6600.5408	6600.9196
2	55	2	1	284	2	2	5	14	6	2	8	1	0.57537405	14	6602.361	6602.961	6602.961	6603.161	6603.5364
2	55	2	1	285	2	2	5	15	3	1	1	1	0.87355116	15	6604.9817	6605.1817	6605.1817	6605.3817	6606.0553
2	55	2	1	286	2	2	5	16	3	1	1	1	0.75418894	16	6607.199	6607.399	6607.399	6607.599	6608.1532
2	55	2	1	287	2	2	5	17	4	2	8	1	0.47384785	17	6609.4162	6610.0162	6610.0162	6610.2162	6610.4901
2	55	2	1	288	2	2	5	18	6	2	8	1	0.51761482	18	6612.0369	6612.6369	6612.6369	6612.8369	6613.1545
2	55	2	1	289	2	2	5	19	2	1	1	1	0.68791579	19	6614.6572	6614.8572	6614.8572	6615.0572	6615.5452
2	55	2	1	290	2	2	5	20	3	1	1	1	0.86440558	20	6616.8746	6617.0746	6617.0746	6617.2746	6617.939
2	55	2	1	291	2	2	5	21	5	2	8	1	0.53781237	21	6619.0947	6619.6947	6619.6947	6619.8947	6620.2325
2	55	2	1	292	2	2	5	22	1	1	1	1	0.54244934	22	6621.7148	6621.9148	6621.9149	6622.1149	6622.4573
2	55	2	1	293	2	2	5	23	5	1	8	1	0.62304201	23	6623.935	6624.135	6624.135	6624.335	6624.758
2	55	2	1	294	2	2	5	24	3	2	1	1	0.59140099	24	6626.1529	6626.7529	6626.7529	6626.9529	6627.3443
2	55	2	1	295	2	2	5	25	5	1	8	1	0.60997998	25	6628.7739	6628.9739	6628.9739	6629.1739	6629.5839
2	55	2	1	296	2	2	5	26	6	1	8	1	0.57608368	26	6630.9946	6631.1946	6631.1946	6631.3946	6631.7707
2	55	2	1	297	2	2	5	27	1	2	1	1	0.61948564	27	6633.2154	6633.8154	6633.8154	6634.0154	6634.4349
2	55	2	1	298	2	2	5	28	2	1	1	1	0.71785436	28	6635.8364	6636.0364	6636.0364	6636.2364	6636.7542
2	55	2	1	299	2	2	5	29	5	2	8	1	0.48763545	29	6638.0581	6638.6581	6638.6581	6638.8581	6639.1457
2	55	2	1	300	2	2	5	30	2	2	1	1	0.70415701	30	6640.679	6641.279	6641.279	6641.479	6641.9832
2	55	2	1	301	2	6	6	1	6	1	7	1	1.0255949	31	6671.3753	6671.5753	6671.5753	6671.7753	6672.6009
2	55	2	1	302	2	6	6	2	6	1	7	1	0.65455057	32	6673.5969	6673.7969	6673.7969	6673.9969	6674.4515
2	55	2	1	303	2	6	6	3	4	2	5	1	0.75840151	33	6675.8184	6676.4184	6676.4184	6676.6184	6677.1768
2	55	2	1	304	2	6	6	4	4	1	5	1	0.54714809	34	6678.4393	6678.6393	6678.6393	6678.8393	6679.1865
2	55	2	1	305	2	6	6	5	4	2	5	1	0.62607828	35	6680.6609	6681.2609	6681.2609	6681.4609	6681.887
2	55	2	1	306	2	6	6	6	1	1	2	1	0.71458545	36	6683.2794	6683.4794	6683.4794	6683.6794	6684.194
2	55	2	1	307	2	6	6	7	3	2	4	1	0.67799292	37	6685.5013	6686.1013	6686.1013	6686.3013	6686.7793
2	55	2	1	308	2	6	6	8	1	1	2	1	0.71172442	38	6688.1234	6688.3234	6688.3234	6688.5234	6689.0351
2	55	2	1	309	2	6	6	9	4	2	5	1	0.70554276	39	6690.3444	6690.9444	6690.9444	6691.1444	6691.6499
2	55	2	1	310	2	6	6	10	2	2	3	1	1.1530856	40	6692.9625	6693.5625	6693.5625	6693.7625	6694.7156
2	55	2	1	311	2	6	6	11	2	1	3	1	0.69398504	41	6695.5809	6695.7809	6695.7809	6695.9809	6696.4749
2	55	2	1	312	2	6	6	12	1	2	2	1	0.61533236	42	6697.8023	6698.4023	6698.4023	6698.6023	6699.0176
2	55	2	1	313	2	6	6	13	5	2	6	1	0.6842398	43	6700.4206	6701.0206	6701.0206	6701.2206	6701.7048
2	55	2	1	314	2	6	6	14	6	2	7	1	0.63947289	44	6703.0418	6703.6418	6703.6418	6703.8418	6704.2813
2	55	2	1	315	2	6	6	15	3	1	4	1	1.1946133	45	6705.6631	6705.8631	6705.8631	6706.0631	6707.0577
2	55	2	1	316	2	6	6	16	3	1	4	1	0.62596926	46	6707.8845	6708.0845	6708.0845	6708.2845	6708.7105
2	55	2	1	317	2	6	6	17	4	2	5	1	1.0302309	47	6710.106	6710.706	6710.706	6710.906	6711.7363
2	55	2	1	318	2	6	6	18	6	2	7	1	0.85194602	48	6712.7277	6713.3277	6713.3277	6713.5277	6714.1796
2	55	2	1	319	2	6	6	19	2	1	3	1	0.74805863	49	6715.347	6715.547	6715.547	6715.747	6716.2951
2	55	2	1	320	2	6	6	20	3	1	4	1	0.80022104	50	6717.5695	6717.7695	6717.7695	6717.9695	6718.5697
2	55	2	1	321	2	6	6	21	5	2	6	1	0.80064579	51	6719.7917	6720.3917	6720.3917	6720.5917	6721.1924
2	55	2	1	322	2	6	6	22	1	1	2	1	0.706499	52	6722.4144	6722.6144	6722.6144	6722.8144	6723.3209
2	55	2	1	323	2	6	6	23	5	1	6	1	1.0511476	53	6724.6347	6724.8347	6724.8347	6725.0347	6725.8859
2	55	2	1	324	2	6	6	24	3	2	4	1	0.92057129	54	6726.8568	6727.4568	6727.4568	6727.6568	6728.3774
2	55	2	1	325	2	6	6	25	5	1	6	1	0.79938271	55	6729.4822	6729.6822	6729.6822	6729.8822	6730.4816
2	55	2	1	326	2	6	6	26	6	1	7	1	0.80530639	56	6731.7076	6731.9076	6731.9076	6732.1076	6732.7129
2	55	2	1	327	2	6	6	27	1	2	2	1	0.66992264	57	6733.9301	6734.5301	6734.5301	6734.7301	6735.2
2	55	2	1	328	2	6	6	28	2	1	3	1	0.73832088	58	6736.5522	6736.7522	6736.7522	6736.9522	6737.4905
2	55	2	1	329	2	6	6	29	5	2	6	1	0.74441215	59	6738.7748	6739.3748	6739.3748	6739.5748	6740.1193
2	55	2	1	330	2	6	6	30	2	2	3	1	0.81139976	60	6741.3995	6741.9995	6741.9995	6742.1995	6742.8109
2	55	2	1	331	2	2	6	1	5	1	8	1	0.60610733	1	6772.0842	6772.2842	6772.2842	6772.4842	6772.8903
2	55	2	1	332	2	2	6	2	5	1	8	1	0.58199147	2	6774.3076	6774.5076	6774.5076	6774.7076	6775.0896
2	55	2	1	333	2	2	6	3	2	2	1	1	0.55007243	3	6776.5308	6777.1308	6777.1308	6777.3308	6777.6808
2	55	2	1	334	2	2	6	4	3	1	1	1	0.58900829	4	6779.1541	6779.3541	6779.3541	6779.5541	6779.9431
2	55	2	1	335	2	2	6	5	5	2	8	1	0.54295593	5	6781.377	6781.977	6781.977	6782.177	6782.52
2	55	2	1	336	2	2	6	6	6	1	8	1	0.52005353	6	6784.0002	6784.2002	6784.2002	6784.4002	6784.7203
2	55	2	1	337	2	2	6	7	1	2	1	1	0.58713469	7	6786.2225	6786.8225	6786.8225	6787.0225	6787.4096
2	55	2	1	338	2	2	6	8	5	1	8	1	0.5804602	8	6788.8447	6789.0447	6789.0447	6789.2447	6789.6251
2	55	2	1	339	2	2	6	9	3	2	1	1	0.68402939	9	6791.0676	6791.6676	6791.6676	6791.8676	6792.3517
2	55	2	1	340	2	2	6	10	1	2	1	1	0.50532811	10	6793.6941	6794.2941	6794.2941	6794.4941	6794.7995
2	55	2	1	341	2	2	6	11	2	1	1	1	0.58974485	11	6796.3162	6796.5162	6796.5162	6796.7163	6797.106
2	55	2	1	342	2	2	6	12	4	2	8	1	0.67563894	12	6798.5404	6799.1404	6799.1404	6799.3404	6799.816
2	55	2	1	343	2	2	6	13	4	2	8	1	0.55540482	13	6801.1638	6801.7638	6801.7638	6801.9638	6802.3192
2	55	2	1	344	2	2	6	14	6	2	8	1	0.54271435	14	6803.7877	6804.3877	6804.3877	6804.5877	6804.9304
2	55	2	1	345	2	2	6	15	1	1	1	1	1.4389252	15	6806.41	6806.61	6806.61	6806.81	6808.0489
2	55	2	1	346	2	2	6	16	4	1	8	1	0.68039343	16	6808.6323	6808.8323	6808.8323	6809.0323	6809.5127
2	55	2	1	347	2	2	6	17	2	2	1	1	0.68778876	17	6810.8551	6811.4551	6811.4551	6811.6551	6812.1429
2	55	2	1	348	2	2	6	18	4	2	8	1	0.69240521	18	6813.4776	6814.0776	6814.0776	6814.2776	6814.77
2	55	2	1	349	2	2	6	19	6	1	8	1	0.5980571	19	6816.1014	6816.3014	6816.3014	6816.5014	6816.8994
2	55	2	1	350	2	2	6	20	3	1	1	1	0.58203699	20	6818.34	6818.54	6818.54	6818.74	6819.122
2	55	2	1	351	2	2	6	21	6	2	8	1	0.46156081	21	6820.5637	6821.1637	6821.1637	6821.3637	6821.6253
2	55	2	1	352	2	2	6	22	2	1	1	1	0.70058617	22	6823.1871	6823.3871	6823.3871	6823.5871	6824.0877
2	55	2	1	353	2	2	6	23	1	1	1	1	0.65251525	23	6825.4139	6825.6139	6825.614	6825.814	6826.2665
2	55	2	1	354	2	2	6	24	6	2	8	1	0.58842104	24	6827.6381	6828.2381	6828.2382	6828.4382	6828.8266
2	55	2	1	355	2	2	6	25	5	1	8	1	0.54891558	25	6830.262	6830.462	6830.462	6830.662	6831.0109
2	55	2	1	356	2	2	6	26	3	1	1	1	0.76340061	26	6832.485	6832.685	6832.685	6832.885	6833.4484
2	55	2	1	357	2	2	6	27	3	2	1	1	1.1576323	27	6834.7082	6835.3083	6835.3083	6835.5083	6836.4659
2	55	2	1	358	2	2	6	28	2	1	1	1	0.5572628	28	6837.3316	6837.5316	6837.5316	6837.7316	6838.0888
2	55	2	1	359	2	2	6	29	4	2	8	1	0.50976774	29	6839.5545	6840.1545	6840.1545	6840.3545	6840.6643
2	55	2	1	360	2	2	6	30	1	2	1	1	0.59711613	30	6842.1777	6842.7777	6842.7777	6842.9777	6843.3748
2	55	2	1	361	3	6	7	1	5	1	6	1	0.73156484	31	7637.1474	7637.3474	7637.3474	7637.5474	7638.079
2	55	2	1	362	3	6	7	2	5	1	6	1	0.64537065	32	7639.3725	7639.5725	7639.5725	7639.7725	7640.2179
2	55	2	1	363	3	6	7	3	2	2	3	1	0.71101659	33	7641.5938	7642.1938	7642.1938	7642.3938	7642.9048
2	55	2	1	364	3	6	7	4	3	1	4	1	0.61529759	34	7644.218	7644.418	7644.418	7644.618	7645.0333
2	55	2	1	365	3	6	7	5	5	2	6	1	0.80975297	35	7646.4417	7647.0417	7647.0417	7647.2417	7647.8515
2	55	2	1	366	3	6	7	6	6	1	7	1	0.56851385	36	7649.0631	7649.2631	7649.2631	7649.4631	7649.8316
2	55	2	1	367	3	6	7	7	1	2	2	1	0.55955837	37	7651.2878	7651.8878	7651.8878	7652.0878	7652.4473
2	55	2	1	368	3	6	7	8	5	1	6	1	0.74424369	38	7653.9091	7654.1091	7654.1091	7654.3091	7654.8534
2	55	2	1	369	3	6	7	9	3	2	4	1	0.81192079	39	7656.1334	7656.7334	7656.7334	7656.9334	7657.5453
2	55	2	1	370	3	6	7	10	1	2	2	1	0.72989142	40	7658.7575	7659.3575	7659.3575	7659.5576	7660.0874
2	55	2	1	371	3	6	7	11	2	1	3	1	0.68451236	41	7661.3821	7661.5821	7661.5821	7661.7821	7662.2666
2	55	2	1	372	3	6	7	12	4	2	5	1	0.69211006	42	7663.6066	7664.2066	7664.2066	7664.4066	7664.8987
2	55	2	1	373	3	6	7	13	4	2	5	1	0.55966529	43	7666.2313	7666.8313	7666.8313	7667.0313	7667.3909
2	55	2	1	374	3	6	7	14	6	2	7	1	0.74425324	44	7668.8557	7669.4557	7669.4557	7669.6557	7670.1999
2	55	2	1	375	3	6	7	15	1	1	2	1	0.70702185	45	7671.4779	7671.6779	7671.6779	7671.8779	7672.3849
2	55	2	1	376	3	6	7	16	4	1	5	1	0.85110957	46	7673.7025	7673.9025	7673.9025	7674.1025	7674.7536
2	55	2	1	377	3	6	7	17	2	2	3	1	0.70489806	47	7675.9274	7676.5274	7676.5274	7676.7274	7677.2323
2	55	2	1	378	3	6	7	18	4	2	5	1	0.77765546	48	7678.551	7679.1511	7679.1511	7679.3511	7679.9287
2	55	2	1	379	3	6	7	19	6	1	7	1	0.69428771	49	7681.1796	7681.3796	7681.3796	7681.5796	7682.0739
2	55	2	1	380	3	6	7	20	3	1	4	1	1.725523	50	7683.4036	7683.6036	7683.6036	7683.8036	7685.3291
2	55	2	1	381	3	6	7	21	6	2	7	1	0.86254496	51	7685.6279	7686.2279	7686.2279	7686.4279	7687.0905
2	55	2	1	382	3	6	7	22	2	1	3	1	0.68588421	52	7688.2564	7688.4564	7688.4564	7688.6564	7689.1423
2	55	2	1	383	3	6	7	23	1	1	2	1	0.67214054	53	7690.4818	7690.6818	7690.6818	7690.8818	7691.3539
2	55	2	1	384	3	6	7	24	6	2	7	1	0.78381358	54	7692.7063	7693.3063	7693.3063	7693.5063	7694.0902
2	55	2	1	385	3	6	7	25	5	1	6	1	0.6871035	55	7695.3308	7695.5308	7695.5308	7695.7308	7696.2179
2	55	2	1	386	3	6	7	26	3	1	4	1	0.9811061	56	7697.5554	7697.7554	7697.7554	7697.9554	7698.7365
2	55	2	1	387	3	6	7	27	3	2	4	1	0.67796257	57	7699.7802	7700.3802	7700.3802	7700.5802	7701.0582
2	55	2	1	388	3	6	7	28	2	1	3	1	0.94256523	58	7702.4017	7702.6017	7702.6017	7702.8017	7703.5443
2	55	2	1	389	3	6	7	29	4	2	5	1	0.78060758	59	7704.6289	7705.2289	7705.2289	7705.4289	7706.0095
2	55	2	1	390	3	6	7	30	1	2	2	1	0.72440765	60	7707.254	7707.854	7707.854	7708.054	7708.5784
2	55	2	1	391	3	2	7	1	4	1	8	1	0.67790637	1	7737.9467	7738.1467	7738.1467	7738.3467	7738.8246
2	55	2	1	392	3	2	7	2	3	1	1	1	0.63882184	2	7740.1685	7740.3685	7740.3685	7740.5685	7741.0073
2	55	2	1	393	3	2	7	3	5	2	8	1	0.51449842	3	7742.393	7742.993	7742.993	7743.193	7743.5075
2	55	2	1	394	3	2	7	4	2	1	1	1	0.56599339	4	7745.0182	7745.2183	7745.2183	7745.4183	7745.7843
2	55	2	1	395	3	2	7	5	2	2	1	1	0.55000627	5	7747.2426	7747.8426	7747.8427	7748.0427	7748.3927
2	55	2	1	396	3	2	7	6	1	1	1	1	0.57530483	6	7749.8681	7750.0681	7750.0681	7750.2681	7750.6434
2	55	2	1	397	3	2	7	7	4	2	8	1	0.51051121	7	7752.0968	7752.6968	7752.6968	7752.8968	7753.2073
2	55	2	1	398	3	2	7	8	4	1	8	1	0.68797821	8	7754.7228	7754.9228	7754.9228	7755.1228	7755.6108
2	55	2	1	399	3	2	7	9	1	2	1	1	0.62943406	9	7756.9484	7757.5484	7757.5484	7757.7484	7758.1778
2	55	2	1	400	3	2	7	10	3	2	1	1	0.65980669	10	7759.5743	7760.1743	7760.1743	7760.3743	7760.8341
2	55	2	1	401	3	2	7	11	1	1	1	1	0.66412262	11	7762.1996	7762.3996	7762.3996	7762.5996	7763.0637
2	55	2	1	402	3	2	7	12	1	2	1	1	0.67327666	12	7764.4237	7765.0237	7765.0237	7765.2237	7765.697
2	55	2	1	403	3	2	7	13	1	2	1	1	0.50350421	13	7767.0485	7767.6485	7767.6486	7767.8486	7768.1521
2	55	2	1	404	3	2	7	14	3	2	1	1	0.50583929	14	7769.6775	7770.2775	7770.2775	7770.4775	7770.7834
2	55	2	1	405	3	2	7	15	4	1	8	1	1.1520897	15	7772.3036	7772.5036	7772.5036	7772.7036	7773.6557
2	55	2	1	406	3	2	7	16	2	1	1	1	0.7535496	16	7774.5291	7774.7291	7774.7291	7774.9291	7775.4826
2	55	2	1	407	3	2	7	17	3	2	1	1	0.55140049	17	7776.7544	7777.3544	7777.3544	7777.5544	7777.9058
2	55	2	1	408	3	2	7	18	5	2	8	1	0.54983125	18	7779.3803	7779.9803	7779.9803	7780.1803	7780.5302
2	55	2	1	409	3	2	7	19	5	1	8	1	0.52366539	19	7782.0059	7782.206	7782.206	7782.406	7782.7296
2	55	2	1	410	3	2	7	20	6	1	8	1	0.43112074	20	7784.2321	7784.4321	7784.4321	7784.6321	7784.8633
2	55	2	1	411	3	2	7	21	6	2	8	1	0.65585078	21	7786.4579	7787.0579	7787.0579	7787.2579	7787.7138
2	55	2	1	412	3	2	7	22	6	1	8	1	0.51391919	22	7789.0857	7789.2857	7789.2857	7789.4857	7789.7996
2	55	2	1	413	3	2	7	23	2	1	1	1	0.62745253	23	7791.3095	7791.5095	7791.5095	7791.7095	7792.137
2	55	2	1	414	3	2	7	24	2	2	1	1	0.61487784	24	7793.5376	7794.1376	7794.1376	7794.3376	7794.7525
2	55	2	1	415	3	2	7	25	6	1	8	1	0.53412247	25	7796.1634	7796.3634	7796.3634	7796.5634	7796.8975
2	55	2	1	416	3	2	7	26	5	1	8	1	0.54115591	26	7798.3892	7798.5892	7798.5892	7798.7892	7799.1304
2	55	2	1	417	3	2	7	27	6	2	8	1	0.53892937	27	7800.6127	7801.2127	7801.2127	7801.4127	7801.7517
2	55	2	1	418	3	2	7	28	3	1	1	1	0.74568425	28	7803.2389	7803.4389	7803.4389	7803.6389	7804.1846
2	55	2	1	419	3	2	7	29	5	2	8	1	0.49339939	29	7805.466	7806.066	7806.066	7806.266	7806.5594
2	55	2	1	420	3	2	7	30	4	2	8	1	0.55100949	30	7808.0922	7808.6922	7808.6922	7808.8922	7809.2432
2	55	2	1	421	3	6	8	1	4	1	5	1	0.83359887	31	7838.7974	7838.9974	7838.9974	7839.1974	7839.831
2	55	2	1	422	3	6	8	2	3	1	4	1	1.154237	32	7841.0289	7841.2289	7841.2289	7841.4289	7842.3831
2	55	2	1	423	3	6	8	3	5	2	6	1	1.2278706	33	7843.2557	7843.8557	7843.8557	7844.0557	7845.0836
2	55	2	1	424	3	6	8	4	2	1	3	1	0.78283059	34	7845.8818	7846.0818	7846.0818	7846.2818	7846.8647
2	55	2	1	425	3	6	8	5	2	2	3	1	0.71720684	35	7848.1084	7848.7085	7848.7085	7848.9085	7849.4257
2	55	2	1	426	3	6	8	6	1	1	2	1	0.69063137	36	7850.7343	7850.9343	7850.9343	7851.1343	7851.625
2	55	2	1	427	3	6	8	7	4	2	5	1	0.85741921	37	7852.9608	7853.5608	7853.5608	7853.7608	7854.4182
2	55	2	1	428	3	6	8	8	4	1	5	1	0.73387143	38	7855.5881	7855.7881	7855.7881	7855.9881	7856.522
2	55	2	1	429	3	6	8	9	1	2	2	1	0.7377775	39	7857.8147	7858.4147	7858.4147	7858.6147	7859.1524
2	55	2	1	430	3	6	8	10	3	2	4	1	0.79007144	40	7860.4414	7861.0414	7861.0414	7861.2414	7861.8314
2	55	2	1	431	3	6	8	11	1	1	2	1	0.75468854	41	7863.0694	7863.2694	7863.2694	7863.4694	7864.0241
2	55	2	1	432	3	6	8	12	1	2	2	1	0.63339062	42	7865.2958	7865.8958	7865.8958	7866.0958	7866.5292
2	55	2	1	433	3	6	8	13	1	2	2	1	0.63073641	43	7867.9233	7868.5233	7868.5233	7868.7234	7869.1541
2	55	2	1	434	3	6	8	14	3	2	4	1	0.82126442	44	7870.5498	7871.1498	7871.1498	7871.3498	7871.9711
2	55	2	1	435	3	6	8	15	4	1	5	1	0.7517115	45	7873.1765	7873.3765	7873.3765	7873.5765	7874.1282
2	55	2	1	436	3	6	8	16	2	1	3	1	1.8765512	46	7875.4033	7875.6033	7875.6033	7875.8034	7877.4799
2	55	2	1	437	3	6	8	17	3	2	4	1	0.75337383	47	7877.6302	7878.2302	7878.2302	7878.4302	7878.9836
2	55	2	1	438	3	6	8	18	5	2	6	1	0.94804268	48	7880.2543	7880.8543	7880.8543	7881.0543	7881.8023
2	55	2	1	439	3	6	8	19	5	1	6	1	0.94114459	49	7882.882	7883.082	7883.082	7883.282	7884.0231
2	55	2	1	440	3	6	8	20	6	1	7	1	0.63360165	50	7885.1056	7885.3056	7885.3056	7885.5056	7885.9392
2	55	2	1	441	3	6	8	21	6	2	7	1	0.61571914	51	7887.3381	7887.9381	7887.9381	7888.1381	7888.5538
2	55	2	1	442	3	6	8	22	6	1	7	1	0.75689499	52	7889.9648	7890.1648	7890.1648	7890.3648	7890.9217
2	55	2	1	443	3	6	8	23	2	1	3	1	0.96906547	53	7892.1914	7892.3914	7892.3914	7892.5914	7893.3605
2	55	2	1	444	3	6	8	24	2	2	3	1	0.57458991	54	7894.4187	7895.0188	7895.0188	7895.2188	7895.5933
2	55	2	1	445	3	6	8	25	6	1	7	1	0.93768649	55	7897.0469	7897.2469	7897.2469	7897.4469	7898.1846
2	55	2	1	446	3	6	8	26	5	1	6	1	0.75946344	56	7899.2718	7899.4718	7899.4718	7899.6718	7900.2312
2	55	2	1	447	3	6	8	27	6	2	7	1	0.66334871	57	7901.499	7902.0991	7902.0991	7902.2991	7902.7624
2	55	2	1	448	3	6	8	28	3	1	4	1	0.9359363	58	7904.1237	7904.3237	7904.3237	7904.5237	7905.2597
2	55	2	1	449	3	6	8	29	5	2	6	1	0.88290139	59	7906.3513	7906.9513	7906.9513	7907.1514	7907.8342
2	55	2	1	450	3	6	8	30	4	2	5	1	0.81834512	60	7908.981	7909.581	7909.581	7909.781	7910.3994
2	55	2	1	451	3	2	8	1	6	1	0	0	-7939.907	0	7939.707	7939.907	7939.907	7940.107	0
2	55	2	1	452	3	2	8	2	1	1	1	1	0.87600634	1	7941.9352	7942.1352	7942.1352	7942.3352	7943.0112
2	55	2	1	453	3	2	8	3	3	2	1	1	0.64009717	2	7944.163	7944.763	7944.763	7944.963	7945.4031
2	55	2	1	454	3	2	8	4	4	1	8	1	0.5853155	3	7946.7944	7946.9944	7946.9944	7947.1944	7947.5797
2	55	2	1	455	3	2	8	5	4	2	8	1	0.55417204	4	7949.0217	7949.6217	7949.6218	7949.8218	7950.1759
2	55	2	1	456	3	2	8	6	2	1	1	1	0.63586154	5	7951.6473	7951.8473	7951.8473	7952.0473	7952.4832
2	55	2	1	457	3	2	8	7	4	2	8	1	0.54501711	6	7953.8714	7954.4714	7954.4714	7954.6714	7955.0165
2	55	2	1	458	3	2	8	8	5	1	8	1	0.48693666	7	7956.4963	7956.6963	7956.6963	7956.8963	7957.1832
2	55	2	1	459	3	2	8	9	3	2	1	1	0.59181694	8	7958.7239	7959.3239	7959.3239	7959.5239	7959.9158
2	55	2	1	460	3	2	8	10	5	2	8	1	0.7023952	9	7961.3523	7961.9523	7961.9523	7962.1523	7962.6547
2	55	2	1	461	3	2	8	11	1	1	1	1	0.87241526	10	7963.9854	7964.1854	7964.1854	7964.3854	7965.0578
2	55	2	1	462	3	2	8	12	2	2	1	1	0.69069829	11	7966.2156	7966.8157	7966.8157	7967.0157	7967.5064
2	55	2	1	463	3	2	8	13	5	2	8	1	0.65236616	12	7968.8434	7969.4434	7969.4434	7969.6434	7970.0957
2	55	2	1	464	3	2	8	14	3	2	1	1	0.77311502	13	7971.4689	7972.0689	7972.0689	7972.2689	7972.842
2	55	2	1	465	3	2	8	15	2	1	1	1	0.70130589	14	7974.0942	7974.2943	7974.2943	7974.4943	7974.9956
2	55	2	1	466	3	2	8	16	6	1	8	1	0.76135669	15	7976.3199	7976.5199	7976.5199	7976.7199	7977.2813
2	55	2	1	467	3	2	8	17	6	2	8	1	0.50944292	16	7978.5479	7979.1479	7979.1479	7979.3479	7979.6574
2	55	2	1	468	3	2	8	18	1	2	1	1	0.60101472	17	7981.1753	7981.7753	7981.7753	7981.9753	7982.3763
2	55	2	1	469	3	2	8	19	2	1	1	1	0.6292653	18	7983.8031	7984.0031	7984.0031	7984.2031	7984.6324
2	55	2	1	470	3	2	8	20	3	1	1	1	0.57146122	19	7986.0309	7986.2309	7986.2309	7986.4309	7986.8024
2	55	2	1	471	3	2	8	21	4	2	8	1	0.56399994	20	7988.2614	7988.8614	7988.8614	7989.0614	7989.4254
2	55	2	1	472	3	2	8	22	3	1	1	1	0.59748068	21	7990.8906	7991.0906	7991.0906	7991.2906	7991.6881
2	55	2	1	473	3	2	8	23	5	1	8	1	0.68094394	22	7993.1197	7993.3197	7993.3197	7993.5197	7994.0007
2	55	2	1	474	3	2	8	24	6	2	8	1	0.51340521	23	7995.3485	7995.9485	7995.9485	7996.1486	7996.462
2	55	2	1	475	3	2	8	25	6	1	8	1	0.50745615	24	7997.983	7998.183	7998.183	7998.383	7998.6904
2	55	2	1	476	3	2	8	26	1	1	1	1	0.78150423	25	8000.211	8000.411	8000.4111	8000.6111	8001.1926
2	55	2	1	477	3	2	8	27	5	2	8	1	0.51430494	26	8002.4414	8003.0414	8003.0414	8003.2414	8003.5557
2	55	2	1	478	3	2	8	28	1	1	1	1	0.60737318	27	8005.0668	8005.2668	8005.2668	8005.4668	8005.8742
2	55	2	1	479	3	2	8	29	2	2	1	1	0.49614066	28	8007.2956	8007.8956	8007.8956	8008.0956	8008.3917
2	55	2	1	480	3	2	8	30	4	2	8	1	0.74091636	29	8009.9241	8010.5241	8010.5241	8010.7241	8011.265
2	55	2	1	481	3	6	9	1	6	1	7	1	1.0603169	30	8040.6365	8040.8365	8040.8365	8041.0365	8041.8968
2	55	2	1	482	3	6	9	2	1	1	2	1	0.75345126	31	8042.8659	8043.0659	8043.0659	8043.2659	8043.8193
2	55	2	1	483	3	6	9	3	3	2	4	1	0.73712183	32	8045.0943	8045.6943	8045.6943	8045.8943	8046.4314
2	55	2	1	484	3	6	9	4	4	1	5	1	0.67922815	33	8047.7203	8047.9203	8047.9204	8048.1204	8048.5996
2	55	2	1	485	3	6	9	5	4	2	5	1	0.5566725	34	8049.9466	8050.5466	8050.5466	8050.7466	8051.1033
2	55	2	1	486	3	6	9	6	2	1	3	1	0.73634931	35	8052.5752	8052.7752	8052.7752	8052.9752	8053.5115
2	55	2	1	487	3	6	9	7	4	2	5	1	0.66805289	36	8054.7995	8055.3995	8055.3995	8055.5995	8056.0676
2	55	2	1	488	3	6	9	8	5	1	6	1	0.60605728	37	8057.4292	8057.6292	8057.6292	8057.8292	8058.2352
2	55	2	1	489	3	6	9	9	3	2	4	1	0.80504661	38	8059.6581	8060.2581	8060.2581	8060.4581	8061.0632
2	55	2	1	490	3	6	9	10	5	2	6	1	0.92182744	39	8062.2881	8062.8882	8062.8882	8063.0882	8063.81
2	55	2	1	491	3	6	9	11	1	1	2	1	0.74612026	40	8064.9185	8065.1185	8065.1185	8065.3185	8065.8646
2	55	2	1	492	3	6	9	12	2	2	3	1	0.67133254	41	8067.1501	8067.7501	8067.7501	8067.9501	8068.4214
2	55	2	1	493	3	6	9	13	5	2	6	1	0.84755526	42	8069.7787	8070.3787	8070.3787	8070.5787	8071.2263
2	55	2	1	494	3	6	9	14	3	2	4	1	0.97041747	43	8072.4066	8073.0066	8073.0066	8073.2066	8073.977
2	55	2	1	495	3	6	9	15	2	1	3	1	0.7774295	44	8075.0398	8075.2398	8075.2398	8075.4398	8076.0172
2	55	2	1	496	3	6	9	16	6	1	7	1	0.89328387	45	8077.268	8077.4681	8077.4681	8077.6681	8078.3613
2	55	2	1	497	3	6	9	17	6	2	7	1	0.60529854	46	8079.5003	8080.1003	8080.1003	8080.3003	8080.7056
2	55	2	1	498	3	6	9	18	1	2	2	1	0.72718459	47	8082.1306	8082.7306	8082.7306	8082.9306	8083.4578
2	55	2	1	499	3	6	9	19	2	1	3	1	1.3026648	48	8084.7609	8084.9609	8084.9609	8085.161	8086.2636
2	55	2	1	500	3	6	9	20	3	1	4	1	0.67428096	49	8086.99	8087.19	8087.19	8087.39	8087.8642
2	55	2	1	501	3	6	9	21	4	2	5	1	0.69570275	50	8089.2239	8089.8239	8089.8239	8090.0239	8090.5196
2	55	2	1	502	3	6	9	22	3	1	4	1	1.4664055	51	8091.8635	8092.0635	8092.0635	8092.2635	8093.5299
2	55	2	1	503	3	6	9	23	5	1	6	1	0.76349814	52	8094.0931	8094.2931	8094.2931	8094.4931	8095.0566
2	55	2	1	504	3	6	9	24	6	2	7	1	0.7612545	53	8096.3211	8096.9211	8096.9211	8097.1211	8097.6824
2	55	2	1	505	3	6	9	25	6	1	7	1	0.64224524	54	8098.9516	8099.1516	8099.1516	8099.3516	8099.7939
2	55	2	1	506	3	6	9	26	1	1	2	1	0.72195954	55	8101.1816	8101.3816	8101.3816	8101.5816	8102.1036
2	55	2	1	507	3	6	9	27	5	2	6	1	0.74920185	56	8103.4115	8104.0115	8104.0115	8104.2115	8104.7607
2	55	2	1	508	3	6	9	28	1	1	2	1	0.76191291	57	8106.0417	8106.2417	8106.2417	8106.4417	8107.0036
2	55	2	1	509	3	6	9	29	2	2	3	1	0.80962066	58	8108.2707	8108.8707	8108.8707	8109.0708	8109.6804
2	55	2	1	510	3	6	9	30	4	2	5	1	0.84309681	59	8110.9017	8111.5017	8111.5017	8111.7017	8112.3448
2	55	2	1	511	3	2	9	1	6	1	8	1	0.58149624	1	8141.5972	8141.7972	8141.7972	8141.9972	8142.3787
2	55	2	1	512	3	2	9	2	3	1	1	1	0.6061491	2	8143.8272	8144.0272	8144.0272	8144.2272	8144.6333
2	55	2	1	513	3	2	9	3	3	2	1	1	0.60088208	3	8146.0578	8146.6578	8146.6578	8146.8578	8147.2587
2	55	2	1	514	3	2	9	4	5	1	8	1	0.52660122	4	8148.6909	8148.8909	8148.8909	8149.0909	8149.4175
2	55	2	1	515	3	2	9	5	1	2	1	1	0.4966289	5	8150.923	8151.523	8151.523	8151.723	8152.0196
2	55	2	1	516	3	2	9	6	6	1	8	1	0.57542963	6	8153.5541	8153.7541	8153.7541	8153.9541	8154.3296
2	55	2	1	517	3	2	9	7	5	2	8	1	0.53950324	7	8155.7833	8156.3833	8156.3833	8156.5833	8156.9228
2	55	2	1	518	3	2	9	8	3	1	1	1	0.66180322	8	8158.4135	8158.6135	8158.6135	8158.8135	8159.2753
2	55	2	1	519	3	2	9	9	1	2	1	1	0.89243552	9	8160.6438	8161.2438	8161.2438	8161.4438	8162.1363
2	55	2	1	520	3	2	9	10	4	2	8	1	0.63108614	10	8163.2747	8163.8747	8163.8747	8164.0747	8164.5058
2	55	2	1	521	3	2	9	11	4	1	8	1	0.61685119	11	8165.9047	8166.1047	8166.1047	8166.3047	8166.7216
2	55	2	1	522	3	2	9	12	5	2	8	1	0.48672916	12	8168.1396	8168.7397	8168.7397	8168.9397	8169.2264
2	55	2	1	523	3	2	9	13	2	2	1	1	0.57577014	13	8170.7701	8171.3701	8171.3701	8171.5701	8171.9459
2	55	2	1	524	3	2	9	14	5	2	8	1	0.51159021	14	8173.4016	8174.0016	8174.0016	8174.2016	8174.5132
2	55	2	1	525	3	2	9	15	6	1	8	1	0.5210239	15	8176.0323	8176.2323	8176.2323	8176.4323	8176.7533
2	55	2	1	526	3	2	9	16	4	1	8	1	0.42382456	16	8178.2626	8178.4626	8178.4626	8178.6626	8178.8865
2	55	2	1	527	3	2	9	17	1	2	1	1	0.61978002	17	8180.4929	8181.0929	8181.0929	8181.2929	8181.7127
2	55	2	1	528	3	2	9	18	2	2	1	1	0.8455851	18	8183.1233	8183.7233	8183.7233	8183.9233	8184.5689
2	55	2	1	529	3	2	9	19	3	1	1	1	0.65012489	19	8185.7516	8185.9516	8185.9516	8186.1516	8186.6017
2	55	2	1	530	3	2	9	20	1	1	1	1	0.58604225	20	8187.9831	8188.1831	8188.1831	8188.3831	8188.7692
2	55	2	1	531	3	2	9	21	6	2	8	1	0.67165214	21	8190.2149	8190.8149	8190.8149	8191.0149	8191.4866
2	55	2	1	532	3	2	9	22	2	1	1	1	0.604911	22	8192.8427	8193.0427	8193.0427	8193.2427	8193.6476
2	55	2	1	533	3	2	9	23	3	1	1	1	0.57535916	23	8195.0738	8195.2738	8195.2738	8195.4738	8195.8491
2	55	2	1	534	3	2	9	24	2	2	1	1	0.51804419	24	8197.3056	8197.9057	8197.9057	8198.1057	8198.4237
2	55	2	1	535	3	2	9	25	1	1	1	1	0.69240469	25	8199.9802	8200.1802	8200.1802	8200.3802	8200.8727
2	55	2	1	536	3	2	9	26	6	1	8	1	0.67193453	26	8202.2079	8202.4079	8202.4079	8202.608	8203.0799
2	55	2	1	537	3	2	9	27	4	2	8	1	0.6660434	27	8204.4397	8205.0397	8205.0397	8205.2397	8205.7058
2	55	2	1	538	3	2	9	28	2	1	1	1	0.65130161	28	8207.071	8207.271	8207.271	8207.471	8207.9223
2	55	2	1	539	3	2	9	29	5	2	8	1	0.65087456	29	8209.3025	8209.9025	8209.9025	8210.1025	8210.5534
2	55	2	1	540	3	2	9	30	4	2	8	1	0.59076271	30	8211.9326	8212.5326	8212.5326	8212.7326	8213.1234
2	55	2	1	541	4	6	10	1	6	1	7	1	0.78909161	31	8788.5247	8788.7247	8788.7247	8788.9247	8789.5138
2	55	2	1	542	4	6	10	2	3	1	4	1	0.75685621	32	8790.7567	8790.9567	8790.9567	8791.1567	8791.7135
2	55	2	1	543	4	6	10	3	3	2	4	1	0.6918702	33	8792.9879	8793.5879	8793.5879	8793.7879	8794.2798
2	55	2	1	544	4	6	10	4	5	1	6	1	0.72910353	34	8795.6165	8795.8165	8795.8166	8796.0166	8796.5457
2	55	2	1	545	4	6	10	5	1	2	2	1	0.73114979	35	8797.8688	8798.4688	8798.4688	8798.6688	8799.2
2	55	2	1	546	4	6	10	6	6	1	7	1	0.79689797	36	8800.501	8800.701	8800.701	8800.901	8801.4979
2	55	2	1	547	4	6	10	7	5	2	6	1	0.60556733	37	8802.7331	8803.3332	8803.3332	8803.5332	8803.9387
2	55	2	1	548	4	6	10	8	3	1	4	1	0.74099504	38	8805.3651	8805.5651	8805.5651	8805.7651	8806.3061
2	55	2	1	549	4	6	10	9	1	2	2	1	0.69167344	39	8807.598	8808.1981	8808.1981	8808.3981	8808.8897
2	55	2	1	550	4	6	10	10	4	2	5	1	0.73531151	40	8810.2318	8810.8318	8810.8318	8811.0318	8811.5671
2	55	2	1	551	4	6	10	11	4	1	5	1	0.56234812	41	8812.8927	8813.0927	8813.0927	8813.2927	8813.6551
2	55	2	1	552	4	6	10	12	5	2	6	1	0.7563389	42	8815.1247	8815.7247	8815.7247	8815.9247	8816.481
2	55	2	1	553	4	6	10	13	2	2	3	1	0.86152836	43	8817.756	8818.356	8818.356	8818.556	8819.2175
2	55	2	1	554	4	6	10	14	5	2	6	1	0.74421653	44	8820.3842	8820.9842	8820.9842	8821.1842	8821.7284
2	55	2	1	555	4	6	10	15	6	1	7	1	0.85523844	45	8823.0157	8823.2157	8823.2157	8823.4157	8824.071
2	55	2	1	556	4	6	10	16	4	1	5	1	0.66933017	46	8825.2514	8825.4514	8825.4514	8825.6514	8826.1207
2	55	2	1	557	4	6	10	17	1	2	2	1	0.78949183	47	8827.4833	8828.0833	8828.0833	8828.2833	8828.8728
2	55	2	1	558	4	6	10	18	2	2	3	1	0.77429229	48	8830.115	8830.715	8830.715	8830.915	8831.4893
2	55	2	1	559	4	6	10	19	3	1	4	1	0.69625001	49	8832.7471	8832.9471	8832.9471	8833.1471	8833.6434
2	55	2	1	560	4	6	10	20	1	1	2	1	0.68840321	50	8834.9789	8835.1789	8835.1789	8835.3789	8835.8673
2	55	2	1	561	4	6	10	21	6	2	7	1	1.0127887	51	8837.2106	8837.8106	8837.8106	8838.0106	8838.8234
2	55	2	1	562	4	6	10	22	2	1	3	1	0.80411666	52	8839.8434	8840.0434	8840.0434	8840.2434	8840.8475
2	55	2	1	563	4	6	10	23	3	1	4	1	0.72043837	53	8842.0792	8842.2792	8842.2792	8842.4792	8842.9996
2	55	2	1	564	4	6	10	24	2	2	3	1	0.74526892	54	8844.3108	8844.9108	8844.9108	8845.1108	8845.6561
2	55	2	1	565	4	6	10	25	1	1	2	1	0.84478778	55	8846.9428	8847.1428	8847.1428	8847.3428	8847.9876
2	55	2	1	566	4	6	10	26	6	1	7	1	0.76362348	56	8849.1749	8849.3749	8849.3749	8849.5749	8850.1385
2	55	2	1	567	4	6	10	27	4	2	5	1	0.75157035	57	8851.4082	8852.0082	8852.0082	8852.2082	8852.7598
2	55	2	1	568	4	6	10	28	2	1	3	1	0.74176576	58	8854.0412	8854.2412	8854.2412	8854.4412	8854.983
2	55	2	1	569	4	6	10	29	5	2	6	1	1.0552807	59	8856.2738	8856.8738	8856.8738	8857.0738	8857.9291
2	55	2	1	570	4	6	10	30	4	2	5	1	0.84657582	60	8858.913	8859.513	8859.513	8859.713	8860.3596
2	55	2	1	571	4	2	10	1	3	1	1	1	0.70008341	1	8889.6046	8889.8046	8889.8046	8890.0046	8890.5047
2	55	2	1	572	4	2	10	2	5	1	8	1	0.59935281	2	8891.8419	8892.0419	8892.0419	8892.2419	8892.6413
2	55	2	1	573	4	2	10	3	6	2	8	1	0.49195224	3	8894.0753	8894.6753	8894.6753	8894.8753	8895.1673
2	55	2	1	574	4	2	10	4	6	1	8	1	0.57482796	4	8896.7084	8896.9084	8896.9084	8897.1084	8897.4832
2	55	2	1	575	4	2	10	5	1	2	1	1	0.62870622	5	8898.9413	8899.5413	8899.5413	8899.7413	8900.1701
2	55	2	1	576	4	2	10	6	5	1	8	1	0.5366475	6	8901.5745	8901.7745	8901.7745	8901.9745	8902.3111
2	55	2	1	577	4	2	10	7	4	2	8	1	0.53565142	7	8903.8076	8904.4076	8904.4076	8904.6076	8904.9433
2	55	2	1	578	4	2	10	8	3	1	1	1	0.60192562	8	8906.4408	8906.6408	8906.6408	8906.8408	8907.2427
2	55	2	1	579	4	2	10	9	6	2	8	1	0.46549685	9	8908.6733	8909.2733	8909.2733	8909.4733	8909.7388
2	55	2	1	580	4	2	10	10	4	2	8	1	0.52914434	10	8911.3057	8911.9057	8911.9057	8912.1057	8912.4348
2	55	2	1	581	4	2	10	11	6	1	8	1	0.48269993	11	8913.9405	8914.1405	8914.1405	8914.3405	8914.6232
2	55	2	1	582	4	2	10	12	3	2	1	1	0.55671492	12	8916.1747	8916.7747	8916.7747	8916.9747	8917.3314
2	55	2	1	583	4	2	10	13	3	2	1	1	0.6073775	13	8918.8074	8919.4074	8919.4074	8919.6074	8920.0148
2	55	2	1	584	4	2	10	14	3	2	1	1	0.68190674	14	8921.4404	8922.0404	8922.0404	8922.2404	8922.7223
2	55	2	1	585	4	2	10	15	2	1	1	1	0.53387928	15	8924.0737	8924.2737	8924.2737	8924.4737	8924.8076
2	55	2	1	586	4	2	10	16	2	1	1	1	0.57549513	16	8926.3064	8926.5064	8926.5064	8926.7064	8927.0819
2	55	2	1	587	4	2	10	17	2	2	1	1	0.42363702	17	8928.5367	8929.1367	8929.1367	8929.3367	8929.5603
2	55	2	1	588	4	2	10	18	5	2	8	1	0.60998655	18	8931.1736	8931.7736	8931.7736	8931.9736	8932.3836
2	55	2	1	589	4	2	10	19	5	1	8	1	0.54730814	19	8933.8069	8934.0069	8934.0069	8934.207	8934.5543
2	55	2	1	590	4	2	10	20	4	1	8	1	0.47605393	20	8936.0378	8936.2378	8936.2378	8936.4379	8936.7139
2	55	2	1	591	4	2	10	21	4	2	8	1	0.53094208	21	8938.2712	8938.8712	8938.8712	8939.0712	8939.4021
2	55	2	1	592	4	2	10	22	2	1	1	1	0.70536933	22	8940.9042	8941.1042	8941.1042	8941.3042	8941.8096
2	55	2	1	593	4	2	10	23	1	1	1	1	0.59707104	23	8943.1376	8943.3376	8943.3376	8943.5376	8943.9346
2	55	2	1	594	4	2	10	24	6	2	8	1	0.62345366	24	8945.3708	8945.9708	8945.9708	8946.1708	8946.5943
2	55	2	1	595	4	2	10	25	1	1	1	1	0.59602799	25	8948.0154	8948.2154	8948.2154	8948.4154	8948.8114
2	55	2	1	596	4	2	10	26	4	1	8	1	0.58733215	26	8950.2533	8950.4533	8950.4533	8950.6533	8951.0407
2	55	2	1	597	4	2	10	27	1	2	1	1	0.5876993	27	8952.4869	8953.0869	8953.0869	8953.2869	8953.6746
2	55	2	1	598	4	2	10	28	5	1	8	1	0.65570767	28	8955.1203	8955.3204	8955.3204	8955.5204	8955.9761
2	55	2	1	599	4	2	10	29	2	2	1	1	0.52694514	29	8957.3543	8957.9543	8957.9543	8958.1543	8958.4812
2	55	2	1	600	4	2	10	30	1	2	1	1	0.58026528	30	8960.0302	8960.6302	8960.6302	8960.8302	8961.2105
2	55	2	1	601	4	6	11	1	3	1	4	1	0.85533666	31	8990.7446	8990.9446	8990.9446	8991.1446	8991.7999
2	55	2	1	602	4	6	11	2	5	1	6	1	0.64152837	32	8992.9761	8993.1761	8993.1761	8993.3762	8993.8177
2	55	2	1	603	4	6	11	3	6	2	7	1	0.6184433	33	8995.2147	8995.8147	8995.8147	8996.0147	8996.4332
2	55	2	1	604	4	6	11	4	6	1	7	1	0.74188534	34	8997.8504	8998.0504	8998.0504	8998.2504	8998.7923
2	55	2	1	605	4	6	11	5	1	2	2	1	0.75698315	35	9000.0843	9000.6843	9000.6843	9000.8843	9001.4412
2	55	2	1	606	4	6	11	6	5	1	6	1	0.72392498	36	9002.7191	9002.9191	9002.9191	9003.1191	9003.643
2	55	2	1	607	4	6	11	7	4	2	5	1	0.77108774	37	9004.9498	9005.5498	9005.5498	9005.7498	9006.3209
2	55	2	1	608	4	6	11	8	3	1	4	1	0.81410094	38	9007.5851	9007.7851	9007.7851	9007.9851	9008.5992
2	55	2	1	609	4	6	11	9	6	2	7	1	1.4409854	39	9009.8171	9010.4171	9010.4171	9010.6171	9011.8581
2	55	2	1	610	4	6	11	10	4	2	5	1	0.86429158	40	9012.4513	9013.0513	9013.0513	9013.2513	9013.9156
2	55	2	1	611	4	6	11	11	6	1	7	1	1.130514	41	9015.0862	9015.2862	9015.2862	9015.4862	9016.4167
2	55	2	1	612	4	6	11	12	3	2	4	1	0.75950484	42	9017.3199	9017.9199	9017.9199	9018.1199	9018.6794
2	55	2	1	613	4	6	11	13	3	2	4	1	0.55841493	43	9019.9541	9020.5541	9020.5541	9020.7541	9021.1125
2	55	2	1	614	4	6	11	14	3	2	4	1	0.59897093	44	9022.5879	9023.1879	9023.1879	9023.3879	9023.7869
2	55	2	1	615	4	6	11	15	2	1	3	1	0.59815131	45	9025.2229	9025.4229	9025.423	9025.623	9026.0211
2	55	2	1	616	4	6	11	16	2	1	3	1	0.5997008	46	9027.4566	9027.6566	9027.6566	9027.8566	9028.2563
2	55	2	1	617	4	6	11	17	2	2	3	1	0.52557487	47	9029.6981	9030.2981	9030.2981	9030.4981	9030.8236
2	55	2	1	618	4	6	11	18	5	2	6	1	0.75764235	48	9032.3336	9032.9336	9032.9336	9033.1336	9033.6913
2	55	2	1	619	4	6	11	19	5	1	6	1	0.63186377	49	9034.9683	9035.1684	9035.1684	9035.3684	9035.8002
2	55	2	1	620	4	6	11	20	4	1	5	1	0.72722905	50	9037.2029	9037.4029	9037.4029	9037.6029	9038.1301
2	55	2	1	621	4	6	11	21	4	2	5	1	0.61013408	51	9039.4376	9040.0376	9040.0376	9040.2376	9040.6477
2	55	2	1	622	4	6	11	22	2	1	3	1	0.82568002	52	9042.0722	9042.2722	9042.2722	9042.4722	9043.0979
2	55	2	1	623	4	6	11	23	1	1	2	1	0.77425739	53	9044.3067	9044.5067	9044.5067	9044.7067	9045.281
2	55	2	1	624	4	6	11	24	6	2	7	1	0.89195373	54	9046.5407	9047.1407	9047.1407	9047.3407	9048.0326
2	55	2	1	625	4	6	11	25	1	1	2	1	0.79087067	55	9049.1794	9049.3794	9049.3794	9049.5794	9050.1702
2	55	2	1	626	4	6	11	26	4	1	5	1	1.0093769	56	9051.4145	9051.6145	9051.6145	9051.8145	9052.6238
2	55	2	1	627	4	6	11	27	1	2	2	1	0.71966248	57	9053.6487	9054.2487	9054.2487	9054.4487	9054.9683
2	55	2	1	628	4	6	11	28	5	1	6	1	1.0851436	58	9056.2832	9056.4832	9056.4832	9056.6832	9057.5684
2	55	2	1	629	4	6	11	29	2	2	3	1	0.73177137	59	9058.518	9059.118	9059.118	9059.318	9059.8498
2	55	2	1	630	4	6	11	30	1	2	2	1	0.68735943	60	9061.1531	9061.7531	9061.7531	9061.9531	9062.4405
2	55	2	1	631	4	2	11	1	3	1	0	0	-9092.0555	0	9091.8555	9092.0555	9092.0555	9092.2555	0
2	55	2	1	632	4	2	11	2	2	1	1	1	1.0077376	1	9094.0946	9094.2946	9094.2946	9094.4946	9095.3023
2	55	2	1	633	4	2	11	3	5	2	8	1	0.48719586	2	9096.3297	9096.9297	9096.9297	9097.1297	9097.4169
2	55	2	1	634	4	2	11	4	3	1	1	1	0.46847295	3	9098.965	9099.165	9099.165	9099.365	9099.6335
2	55	2	1	635	4	2	11	5	3	2	1	1	0.66033009	4	9101.1975	9101.7975	9101.7975	9101.9975	9102.4579
2	55	2	1	636	4	2	11	6	6	1	8	1	0.64604071	5	9103.8347	9104.0347	9104.0347	9104.2347	9104.6808
2	55	2	1	637	4	2	11	7	6	2	8	1	0.50008402	6	9106.0701	9106.6701	9106.6701	9106.8701	9107.1702
2	55	2	1	638	4	2	11	8	2	1	1	1	0.58982103	7	9108.7051	9108.9051	9108.9052	9109.1052	9109.495
2	55	2	1	639	4	2	11	9	2	2	1	1	0.51669809	8	9110.94	9111.54	9111.54	9111.74	9112.0567
2	55	2	1	640	4	2	11	10	6	2	8	1	0.46932537	9	9113.5797	9114.1797	9114.1797	9114.3797	9114.649
2	55	2	1	641	4	2	11	11	1	1	1	1	0.55714295	10	9116.2141	9116.4141	9116.4141	9116.6141	9116.9713
2	55	2	1	642	4	2	11	12	6	2	8	1	0.70282873	11	9118.4498	9119.0498	9119.0498	9119.2498	9119.7526
2	55	2	1	643	4	2	11	13	4	2	8	1	0.54124211	12	9121.0849	9121.6849	9121.6849	9121.8849	9122.2262
2	55	2	1	644	4	2	11	14	3	2	1	1	0.5105051	13	9123.7212	9124.3213	9124.3213	9124.5213	9124.8318
2	55	2	1	645	4	2	11	15	4	1	8	1	0.6029531	14	9126.3567	9126.5567	9126.5567	9126.7567	9127.1597
2	55	2	1	646	4	2	11	16	5	1	8	1	1.1631694	15	9128.5973	9128.7973	9128.7973	9128.9973	9129.9605
2	55	2	1	647	4	2	11	17	4	2	8	1	0.65997531	16	9130.8372	9131.4372	9131.4373	9131.6373	9132.0972
2	55	2	1	648	4	2	11	18	3	2	1	1	0.68773629	17	9133.4736	9134.0736	9134.0736	9134.2736	9134.7613
2	55	2	1	649	4	2	11	19	5	1	8	1	0.71859455	18	9136.114	9136.314	9136.314	9136.514	9137.0326
2	55	2	1	650	4	2	11	20	1	1	1	1	0.62575673	19	9138.3502	9138.5502	9138.5502	9138.7502	9139.1759
2	55	2	1	651	4	2	11	21	1	2	1	1	0.51872814	20	9140.5865	9141.1866	9141.1866	9141.3866	9141.7053
2	55	2	1	652	4	2	11	22	5	1	8	1	0.55479807	21	9143.2324	9143.4324	9143.4324	9143.6324	9143.9872
2	55	2	1	653	4	2	11	23	5	1	8	1	0.55608359	22	9145.469	9145.669	9145.669	9145.869	9146.2251
2	55	2	1	654	4	2	11	24	2	2	1	1	0.49567592	23	9147.7053	9148.3053	9148.3053	9148.5053	9148.801
2	55	2	1	655	4	2	11	25	4	1	8	1	0.63427824	24	9150.3423	9150.5423	9150.5423	9150.7423	9151.1766
2	55	2	1	656	4	2	11	26	4	1	8	1	0.49508584	25	9152.5787	9152.7787	9152.7787	9152.9787	9153.2738
2	55	2	1	657	4	2	11	27	6	2	8	1	0.49565821	26	9154.8159	9155.4159	9155.4159	9155.6159	9155.9115
2	55	2	1	658	4	2	11	28	1	1	1	1	1.3345927	27	9157.4492	9157.6492	9157.6492	9157.8492	9158.9838
2	55	2	1	659	4	2	11	29	1	2	1	1	0.4958143	28	9159.6883	9160.2883	9160.2883	9160.4883	9160.7841
2	55	2	1	660	4	2	11	30	2	2	1	1	0.51217046	29	9162.3283	9162.9283	9162.9283	9163.1283	9163.4405
2	55	2	1	661	4	6	12	1	3	1	4	1	1.4038647	30	9193.0452	9193.2452	9193.2452	9193.4452	9194.649
2	55	2	1	662	4	6	12	2	2	1	3	1	0.7256771	31	9195.282	9195.4821	9195.4821	9195.6821	9196.2077
2	55	2	1	663	4	6	12	3	5	2	6	1	0.851726	32	9197.5184	9198.1184	9198.1184	9198.3184	9198.9701
2	55	2	1	664	4	6	12	4	3	1	4	1	0.74859307	33	9200.1546	9200.3546	9200.3546	9200.5546	9201.1032
2	55	2	1	665	4	6	12	5	3	2	4	1	0.69241293	34	9202.395	9202.995	9202.995	9203.195	9203.6874
2	55	2	1	666	4	6	12	6	6	1	7	1	0.87366654	35	9205.0318	9205.2318	9205.2318	9205.4318	9206.1054
2	55	2	1	667	4	6	12	7	6	2	7	1	0.78076688	36	9207.2679	9207.8679	9207.8679	9208.0679	9208.6486
2	55	2	1	668	4	6	12	8	2	1	3	1	0.79266186	37	9209.9041	9210.1041	9210.1041	9210.3041	9210.8968
2	55	2	1	669	4	6	12	9	2	2	3	1	0.63593252	38	9212.1405	9212.7405	9212.7405	9212.9405	9213.3764
2	55	2	1	670	4	6	12	10	6	2	7	1	0.61866739	39	9214.7784	9215.3785	9215.3785	9215.5785	9215.9971
2	55	2	1	671	4	6	12	11	1	1	2	1	0.70661733	40	9217.4158	9217.6158	9217.6158	9217.8158	9218.3224
2	55	2	1	672	4	6	12	12	6	2	7	1	0.71545055	41	9219.6534	9220.2534	9220.2534	9220.4534	9220.9689
2	55	2	1	673	4	6	12	13	4	2	5	1	0.74462855	42	9222.2884	9222.8884	9222.8884	9223.0884	9223.6331
2	55	2	1	674	4	6	12	14	3	2	4	1	0.70162023	43	9224.9259	9225.5259	9225.526	9225.726	9226.2276
2	55	2	1	675	4	6	12	15	4	1	5	1	0.76388951	44	9227.5641	9227.7641	9227.7641	9227.9641	9228.528
2	55	2	1	676	4	6	12	16	5	1	6	1	0.52748038	45	9229.8015	9230.0015	9230.0015	9230.2015	9230.529
2	55	2	1	677	4	6	12	17	4	2	5	1	0.60742083	46	9232.0381	9232.6381	9232.6381	9232.8381	9233.2455
2	55	2	1	678	4	6	12	18	3	2	4	1	0.67451787	47	9234.6757	9235.2757	9235.2757	9235.4757	9235.9502
2	55	2	1	679	4	6	12	19	5	1	6	1	1.4305163	48	9237.3129	9237.513	9237.513	9237.713	9238.9435
2	55	2	1	680	4	6	12	20	1	1	2	1	0.70497147	49	9239.5523	9239.7523	9239.7524	9239.9524	9240.4573
2	55	2	1	681	4	6	12	21	1	2	2	1	0.55950463	50	9241.7934	9242.3934	9242.3935	9242.5935	9242.953
2	55	2	1	682	4	6	12	22	5	1	6	1	0.50405951	51	9244.4319	9244.6319	9244.6319	9244.8319	9245.1359
2	55	2	1	683	4	6	12	23	5	1	6	1	0.53282297	52	9246.6689	9246.8689	9246.8689	9247.069	9247.4018
2	55	2	1	684	4	6	12	24	2	2	3	1	1.6137774	53	9248.9063	9249.5063	9249.5063	9249.7063	9251.1201
2	55	2	1	685	4	6	12	25	4	1	5	1	0.80415386	54	9251.5406	9251.7406	9251.7406	9251.9407	9252.5448
2	55	2	1	686	4	6	12	26	4	1	5	1	0.64543359	55	9253.778	9253.978	9253.978	9254.178	9254.6234
2	55	2	1	687	4	6	12	27	6	2	7	1	0.75583937	56	9256.02	9256.62	9256.62	9256.82	9257.3758
2	55	2	1	688	4	6	12	28	1	1	2	1	0.71985522	57	9258.6573	9258.8573	9258.8573	9259.0573	9259.5772
2	55	2	1	689	4	6	12	29	1	2	2	1	0.63464164	58	9260.8958	9261.4958	9261.4958	9261.6958	9262.1305
2	55	2	1	690	4	6	12	30	2	2	3	1	0.54100715	59	9263.538	9264.138	9264.138	9264.338	9264.679
2	55	2	1	691	4	2	12	1	6	1	8	1	0.61517368	1	9294.236	9294.436	9294.4361	9294.6361	9295.0512
2	55	2	1	692	4	2	12	2	3	1	1	1	0.42551859	2	9296.471	9296.671	9296.671	9296.871	9297.0965
2	55	2	1	693	4	2	12	3	4	2	8	1	0.55777862	3	9298.7084	9299.3084	9299.3084	9299.5084	9299.8662
2	55	2	1	694	4	2	12	4	1	1	1	1	0.472026	4	9301.3431	9301.5431	9301.5431	9301.7431	9302.0152
2	55	2	1	695	4	2	12	5	5	2	8	1	0.45392435	5	9303.5857	9304.1857	9304.1857	9304.3857	9304.6397
2	55	2	1	696	4	2	12	6	2	1	1	1	0.52892104	6	9306.2225	9306.4225	9306.4225	9306.6225	9306.9514
2	55	2	1	697	4	2	12	7	4	2	8	1	0.51086638	7	9308.4583	9309.0583	9309.0583	9309.2583	9309.5691
2	55	2	1	698	4	2	12	8	3	1	1	1	0.52766377	8	9311.096	9311.296	9311.296	9311.496	9311.8237
2	55	2	1	699	4	2	12	9	4	2	8	1	0.55500431	9	9313.3339	9313.9339	9313.9339	9314.1339	9314.4889
2	55	2	1	700	4	2	12	10	5	2	8	1	0.48823912	10	9315.9761	9316.5761	9316.5761	9316.7761	9317.0644
2	55	2	1	701	4	2	12	11	5	1	8	1	0.49188153	11	9318.6151	9318.8151	9318.8151	9319.0152	9319.307
2	55	2	1	702	4	2	12	12	6	2	8	1	0.5070541	12	9320.8536	9321.4536	9321.4536	9321.6536	9321.9606
2	55	2	1	703	4	2	12	13	3	2	1	1	0.57879741	13	9323.4953	9324.0953	9324.0953	9324.2953	9324.6741
2	55	2	1	704	4	2	12	14	2	2	1	1	1.2216286	14	9326.1335	9326.7335	9326.7335	9326.9335	9327.9551
2	55	2	1	705	4	2	12	15	1	1	1	1	0.86785433	15	9328.7714	9328.9714	9328.9714	9329.1714	9329.8393
2	55	2	1	706	4	2	12	16	6	1	8	1	1.1635155	16	9331.0098	9331.2099	9331.2099	9331.4099	9332.3734
2	55	2	1	707	4	2	12	17	3	2	1	1	0.80766913	17	9333.2476	9333.8476	9333.8476	9334.0476	9334.6552
2	55	2	1	708	4	2	12	18	2	2	1	1	0.57897404	18	9335.8854	9336.4854	9336.4854	9336.6855	9337.0644
2	55	2	1	709	4	2	12	19	5	1	8	1	0.54306114	19	9338.5247	9338.7247	9338.7247	9338.9247	9339.2677
2	55	2	1	710	4	2	12	20	2	1	1	1	0.56762452	20	9340.7635	9340.9635	9340.9635	9341.1635	9341.5311
2	55	2	1	711	4	2	12	21	1	2	1	1	0.54884671	21	9343.0023	9343.6023	9343.6023	9343.8023	9344.1511
2	55	2	1	712	4	2	12	22	4	1	8	1	0.62500754	22	9345.6406	9345.8406	9345.8406	9346.0406	9346.4656
2	55	2	1	713	4	2	12	23	3	1	1	1	0.60857758	23	9347.8791	9348.0791	9348.0791	9348.2791	9348.6876
2	55	2	1	714	4	2	12	24	2	2	1	1	0.47518061	24	9350.1178	9350.7178	9350.7178	9350.9178	9351.193
2	55	2	1	715	4	2	12	25	5	1	8	1	1.5315278	25	9352.7555	9352.9555	9352.9555	9353.1555	9354.4871
2	55	2	1	716	4	2	12	26	6	1	8	1	0.61969999	26	9354.9998	9355.1998	9355.1998	9355.3998	9355.8195
2	55	2	1	717	4	2	12	27	6	2	8	1	0.61506518	27	9357.2414	9357.8414	9357.8414	9358.0414	9358.4565
2	55	2	1	718	4	2	12	28	1	1	1	1	0.67268108	28	9359.8815	9360.0815	9360.0815	9360.2815	9360.7542
2	55	2	1	719	4	2	12	29	1	2	1	1	0.84379482	29	9362.1213	9362.7213	9362.7213	9362.9213	9363.5651
2	55	2	1	720	4	2	12	30	4	2	8	1	0.58152261	30	9364.7581	9365.3581	9365.3581	9365.5581	9365.9396
