119	30	48	255	65	220	36	151	0	0	0	0	0	0	0	0	0	0	0	0
1	34	2	2	1	1	2	1	1	5	2	8	1	0.6632939	1	12298.748	12299.348	12299.348	12299.548	12300.011
1	34	2	2	2	1	2	1	2	3	2	1	1	0.61205417	2	12301.366	12301.966	12301.967	12302.167	12302.579
1	34	2	2	3	1	2	1	3	4	2	8	1	0.76255379	3	12303.979	12304.579	12304.579	12304.779	12305.341
1	34	2	2	4	1	2	1	4	3	1	1	1	0.61007712	4	12306.587	12306.787	12306.787	12306.987	12307.397
1	34	2	2	5	1	2	1	5	5	2	8	1	0.51480295	5	12308.794	12309.394	12309.394	12309.594	12309.909
1	34	2	2	6	1	2	1	6	3	1	1	1	0.53814264	6	12311.4	12311.6	12311.6	12311.8	12312.138
1	34	2	2	7	1	2	1	7	5	2	8	1	0.44478754	7	12313.607	12314.207	12314.207	12314.407	12314.652
1	34	2	2	8	1	2	1	8	1	2	1	1	0.51218839	8	12316.214	12316.814	12316.814	12317.014	12317.326
1	34	2	2	9	1	2	1	9	3	1	1	1	0.46850643	9	12318.821	12319.021	12319.021	12319.221	12319.49
1	34	2	2	10	1	2	1	10	4	2	8	1	0.44819061	10	12321.029	12321.629	12321.629	12321.829	12322.077
1	34	2	2	11	1	2	1	11	2	2	1	1	0.44804798	11	12323.635	12324.235	12324.236	12324.436	12324.684
1	34	2	2	12	1	2	1	12	2	2	1	1	0.41535413	12	12326.243	12326.843	12326.843	12327.043	12327.258
1	34	2	2	13	1	2	1	13	5	1	8	1	0.5225212	13	12328.849	12329.049	12329.049	12329.249	12329.572
1	34	2	2	14	1	2	1	14	2	2	1	1	0.4745788	14	12331.057	12331.657	12331.657	12331.857	12332.131
1	34	2	2	15	1	2	1	15	4	1	8	1	0.47546182	15	12333.663	12333.863	12333.863	12334.063	12334.338
1	34	2	2	16	1	2	1	16	4	1	8	1	0.39226825	16	12335.868	12336.068	12336.068	12336.268	12336.461
1	34	2	2	17	1	2	1	17	1	1	1	1	0.55222289	17	12338.075	12338.276	12338.276	12338.476	12338.828
1	34	2	2	18	1	2	1	18	6	1	8	1	0.48745965	18	12340.283	12340.483	12340.483	12340.683	12340.97
1	34	2	2	19	1	2	1	19	1	2	1	1	0.45103875	19	12342.489	12343.089	12343.089	12343.289	12343.54
1	34	2	2	20	1	2	1	20	6	1	8	1	0.42942673	20	12345.096	12345.296	12345.296	12345.497	12345.726
1	34	2	2	21	1	2	1	21	6	1	8	1	0.39589461	21	12347.304	12347.504	12347.504	12347.704	12347.9
1	34	2	2	22	1	2	1	22	5	2	8	1	0.38989983	22	12349.512	12350.112	12350.112	12350.312	12350.502
1	34	2	2	23	1	2	1	23	6	1	8	1	0.40590438	23	12352.119	12352.319	12352.319	12352.519	12352.725
1	34	2	2	24	1	2	1	24	1	2	1	1	0.43878898	24	12354.327	12354.927	12354.927	12355.127	12355.366
1	34	2	2	25	1	2	1	25	2	2	1	1	0.44328025	25	12356.935	12357.535	12357.535	12357.735	12357.978
1	34	2	2	26	1	2	1	26	2	1	1	1	0.42978795	26	12359.542	12359.742	12359.742	12359.942	12360.172
1	34	2	2	27	1	2	1	27	3	2	1	1	0.47860732	27	12361.75	12362.35	12362.35	12362.55	12362.829
1	34	2	2	28	1	2	1	28	6	1	8	1	0.44688278	28	12364.359	12364.559	12364.559	12364.759	12365.006
1	34	2	2	29	1	2	1	29	1	1	1	1	0.53347956	29	12366.565	12366.765	12366.765	12366.965	12367.298
1	34	2	2	30	1	2	1	30	4	1	8	1	0.41532798	30	12368.771	12368.971	12368.971	12369.171	12369.386
1	34	2	2	31	1	6	1	1	3	2	4	1	0.89404598	1	12464.118	12464.718	12464.718	12464.919	12465.613
1	34	2	2	32	1	6	1	2	3	2	4	1	0.6905184	2	12466.728	12467.328	12467.328	12467.528	12468.018
1	34	2	2	33	1	6	1	3	5	2	6	1	1.5073121	3	12469.336	12469.936	12469.936	12470.136	12471.444
1	34	2	2	34	1	6	1	4	6	1	7	1	0.65175759	4	12471.945	12472.145	12472.145	12472.345	12472.797
1	34	2	2	35	1	6	1	5	4	2	5	1	1.4519528	5	12474.153	12474.753	12474.753	12474.953	12476.205
1	34	2	2	36	1	6	1	6	6	1	7	1	0.91399946	6	12476.762	12476.962	12476.962	12477.162	12477.876
1	34	2	2	37	1	6	1	7	5	2	6	1	0.9530616	7	12478.97	12479.57	12479.57	12479.77	12480.523
1	34	2	2	38	1	6	1	8	4	2	5	1	1.3387588	8	12481.577	12482.177	12482.177	12482.377	12483.515
1	34	2	2	39	1	6	1	9	2	1	3	1	1.4588777	9	12484.185	12484.385	12484.385	12484.585	12485.844
1	34	2	2	40	1	6	1	10	5	2	6	1	0.94731678	10	12486.393	12486.993	12486.993	12487.193	12487.941
1	34	2	2	41	1	6	1	11	5	2	6	1	0.63958987	11	12489.002	12489.602	12489.602	12489.802	12490.242
1	34	2	2	42	1	6	1	12	6	2	7	1	0.49138477	12	12491.611	12492.211	12492.211	12492.411	12492.702
1	34	2	2	43	1	6	1	13	2	1	3	1	0.99926635	13	12494.218	12494.418	12494.418	12494.618	12495.417
1	34	2	2	44	1	6	1	14	4	2	5	1	0.77906843	14	12496.427	12497.027	12497.027	12497.227	12497.806
1	34	2	2	45	1	6	1	15	1	1	2	1	0.58249258	15	12499.037	12499.237	12499.237	12499.437	12499.819
1	34	2	2	46	1	6	1	16	1	1	2	1	0.73263732	16	12501.246	12501.446	12501.446	12501.646	12502.178
1	34	2	2	47	1	6	1	17	6	1	7	1	0.72448604	17	12503.454	12503.654	12503.654	12503.854	12504.379
1	34	2	2	48	1	6	1	18	1	1	2	1	0.86915376	18	12505.663	12505.863	12505.863	12506.063	12506.732
1	34	2	2	49	1	6	1	19	6	2	7	1	0.7977766	19	12507.872	12508.472	12508.472	12508.672	12509.27
1	34	2	2	50	1	6	1	20	4	1	5	1	1.0909192	20	12510.482	12510.682	12510.682	12510.882	12511.773
1	34	2	2	51	1	6	1	21	2	1	3	1	0.76767905	21	12512.689	12512.889	12512.889	12513.089	12513.657
1	34	2	2	52	1	6	1	22	2	2	3	1	0.56019464	22	12514.899	12515.499	12515.499	12515.699	12516.059
1	34	2	2	53	1	6	1	23	3	1	4	1	1.3679278	23	12517.508	12517.708	12517.708	12517.908	12519.076
1	34	2	2	54	1	6	1	24	5	2	6	1	1.1596514	24	12519.715	12520.315	12520.315	12520.515	12521.474
1	34	2	2	55	1	6	1	25	4	2	5	1	0.7375535	25	12522.324	12522.924	12522.924	12523.124	12523.661
1	34	2	2	56	1	6	1	26	3	1	4	1	1.0864287	26	12524.933	12525.133	12525.133	12525.333	12526.22
1	34	2	2	57	1	6	1	27	1	2	2	1	0.61403908	27	12527.143	12527.743	12527.743	12527.943	12528.357
1	34	2	2	58	1	6	1	28	1	1	2	1	0.57244046	28	12529.752	12529.952	12529.952	12530.152	12530.524
1	34	2	2	59	1	6	1	29	2	1	3	1	0.51536122	29	12531.961	12532.161	12532.161	12532.361	12532.677
1	34	2	2	60	1	6	1	30	3	1	4	1	0.546769	30	12534.171	12534.371	12534.371	12534.571	12534.918
1	34	2	2	61	1	2	2	1	4	2	8	1	0.51831432	1	12547.919	12548.519	12548.519	12548.719	12549.038
1	34	2	2	62	1	2	2	2	1	2	1	1	0.45067851	2	12550.53	12551.13	12551.13	12551.33	12551.58
1	34	2	2	63	1	2	2	3	2	2	1	1	0.70555552	3	12553.14	12553.74	12553.74	12553.94	12554.445
1	34	2	2	64	1	2	2	4	5	1	8	1	0.43889625	4	12555.747	12555.947	12555.948	12556.148	12556.386
1	34	2	2	65	1	2	2	5	5	2	8	1	0.37295028	5	12557.957	12558.557	12558.557	12558.757	12558.93
1	34	2	2	66	1	2	2	6	4	1	8	1	0.41043574	6	12560.568	12560.768	12560.768	12560.968	12561.178
1	34	2	2	67	1	2	2	7	6	2	8	1	0.42689338	7	12562.778	12563.378	12563.378	12563.578	12563.805
1	34	2	2	68	1	2	2	8	1	2	1	1	0.54203697	8	12565.388	12565.988	12565.988	12566.188	12566.53
1	34	2	2	69	1	2	2	9	6	1	8	1	0.43031019	9	12567.996	12568.196	12568.196	12568.396	12568.627
1	34	2	2	70	1	2	2	10	2	2	1	1	0.51897707	10	12570.206	12570.806	12570.806	12571.006	12571.325
1	34	2	2	71	1	2	2	11	3	2	1	1	0.43755939	11	12572.816	12573.416	12573.416	12573.616	12573.854
1	34	2	2	72	1	2	2	12	6	2	8	1	0.46509567	12	12575.427	12576.027	12576.027	12576.227	12576.492
1	34	2	2	73	1	2	2	13	2	1	1	1	0.42448506	13	12578.037	12578.237	12578.237	12578.437	12578.661
1	34	2	2	74	1	2	2	14	5	2	8	1	0.41164679	14	12580.246	12580.846	12580.846	12581.046	12581.258
1	34	2	2	75	1	2	2	15	3	1	1	1	0.44094156	15	12582.857	12583.057	12583.057	12583.257	12583.498
1	34	2	2	76	1	2	2	16	6	1	8	1	0.38373013	16	12585.067	12585.267	12585.267	12585.467	12585.651
1	34	2	2	77	1	2	2	17	3	1	1	1	0.43647067	17	12587.278	12587.478	12587.478	12587.678	12587.914
1	34	2	2	78	1	2	2	18	6	1	8	1	0.3239598	18	12589.488	12589.688	12589.688	12589.888	12590.012
1	34	2	2	79	1	2	2	19	3	2	1	1	0.44822104	19	12591.699	12592.299	12592.299	12592.499	12592.747
1	34	2	2	80	1	2	2	20	5	1	8	1	0.38957795	20	12594.309	12594.509	12594.509	12594.709	12594.899
1	34	2	2	81	1	2	2	21	2	1	1	1	0.4456083	21	12596.52	12596.72	12596.72	12596.92	12597.165
1	34	2	2	82	1	2	2	22	1	2	1	1	0.49697662	22	12598.73	12599.33	12599.33	12599.53	12599.827
1	34	2	2	83	1	2	2	23	4	1	8	1	0.43812386	23	12601.341	12601.541	12601.541	12601.741	12601.979
1	34	2	2	84	1	2	2	24	4	2	8	1	0.33263499	24	12603.552	12604.152	12604.152	12604.352	12604.485
1	34	2	2	85	1	2	2	25	2	2	1	1	0.64087037	25	12606.163	12606.763	12606.763	12606.963	12607.404
1	34	2	2	86	1	2	2	26	3	1	1	1	0.40630175	26	12608.773	12608.973	12608.973	12609.173	12609.379
1	34	2	2	87	1	2	2	27	1	2	1	1	0.51636963	27	12610.984	12611.584	12611.584	12611.784	12612.101
1	34	2	2	88	1	2	2	28	5	1	8	1	0.43673847	28	12613.593	12613.793	12613.793	12613.993	12614.23
1	34	2	2	89	1	2	2	29	1	1	1	1	0.41717788	29	12615.802	12616.002	12616.002	12616.202	12616.419
1	34	2	2	90	1	2	2	30	4	1	8	1	0.43077723	30	12618.013	12618.213	12618.213	12618.413	12618.644
1	34	2	2	91	1	6	2	1	5	2	0	0	-12635.63	0	12635.029	12635.63	12635.63	12635.83	0
1	34	2	2	92	1	6	2	2	2	2	3	1	1.6119949	1	12637.941	12638.541	12638.542	12638.742	12640.154
1	34	2	2	93	1	6	2	3	5	2	6	1	0.99341547	2	12640.553	12641.153	12641.153	12641.353	12642.147
1	34	2	2	94	1	6	2	4	3	1	4	1	1.0459478	3	12643.165	12643.365	12643.365	12643.565	12644.411
1	34	2	2	95	1	6	2	5	1	2	2	1	0.5877981	4	12645.376	12645.976	12645.976	12646.176	12646.564
1	34	2	2	96	1	6	2	6	3	1	4	1	0.72349246	5	12647.985	12648.185	12648.185	12648.385	12648.908
1	34	2	2	97	1	6	2	7	5	2	6	1	0.91251969	6	12650.196	12650.796	12650.796	12650.996	12651.709
1	34	2	2	98	1	6	2	8	6	2	7	1	0.52506795	7	12652.807	12653.407	12653.407	12653.607	12653.932
1	34	2	2	99	1	6	2	9	3	1	4	1	0.83052098	8	12655.419	12655.619	12655.619	12655.819	12656.45
1	34	2	2	100	1	6	2	10	4	2	5	1	0.60011853	9	12657.629	12658.229	12658.229	12658.429	12658.829
1	34	2	2	101	1	6	2	11	4	2	5	1	0.57915278	10	12660.241	12660.841	12660.841	12661.041	12661.42
1	34	2	2	102	1	6	2	12	6	2	7	1	0.58416883	11	12662.853	12663.453	12663.453	12663.653	12664.037
1	34	2	2	103	1	6	2	13	6	1	7	1	0.89208384	12	12665.466	12665.666	12665.666	12665.866	12666.558
1	34	2	2	104	1	6	2	14	2	2	3	1	1.0724845	13	12667.678	12668.278	12668.278	12668.478	12669.35
1	34	2	2	105	1	6	2	15	2	1	3	1	0.51622377	14	12670.287	12670.487	12670.487	12670.687	12671.003
1	34	2	2	106	1	6	2	16	1	1	2	1	0.617938	15	12672.498	12672.698	12672.698	12672.898	12673.316
1	34	2	2	107	1	6	2	17	1	1	2	1	0.49641671	16	12674.708	12674.908	12674.908	12675.108	12675.404
1	34	2	2	108	1	6	2	18	4	1	5	1	0.93577275	17	12676.917	12677.117	12677.117	12677.317	12678.053
1	34	2	2	109	1	6	2	19	6	2	7	1	0.69698616	18	12679.129	12679.729	12679.729	12679.929	12680.426
1	34	2	2	110	1	6	2	20	4	1	5	1	0.70892742	19	12681.742	12681.942	12681.942	12682.142	12682.651
1	34	2	2	111	1	6	2	21	3	1	4	1	0.96215324	20	12683.953	12684.153	12684.153	12684.353	12685.116
1	34	2	2	112	1	6	2	22	1	2	2	1	0.6559238	21	12686.166	12686.766	12686.766	12686.966	12687.421
1	34	2	2	113	1	6	2	23	2	1	3	1	0.53103797	22	12688.778	12688.978	12688.978	12689.178	12689.509
1	34	2	2	114	1	6	2	24	6	2	7	1	0.56453999	23	12690.99	12691.59	12691.59	12691.79	12692.155
1	34	2	2	115	1	6	2	25	5	2	6	1	0.84741625	24	12693.602	12694.202	12694.202	12694.402	12695.05
1	34	2	2	116	1	6	2	26	5	1	6	1	0.50102266	25	12696.215	12696.415	12696.415	12696.615	12696.916
1	34	2	2	117	1	6	2	27	2	2	3	1	0.67263186	26	12698.427	12699.027	12699.027	12699.227	12699.7
1	34	2	2	118	1	6	2	28	1	1	2	1	0.58530517	27	12701.04	12701.24	12701.24	12701.44	12701.825
1	34	2	2	119	1	6	2	29	4	1	5	1	0.82499022	28	12703.252	12703.452	12703.452	12703.652	12704.277
1	34	2	2	120	1	6	2	30	3	1	4	1	0.79642163	29	12705.463	12705.663	12705.663	12705.863	12706.46
1	34	2	2	121	1	2	3	1	4	2	8	1	0.49617986	1	12716.226	12716.826	12716.826	12717.026	12717.322
1	34	2	2	122	1	2	3	2	1	2	1	1	0.36185705	2	12718.836	12719.436	12719.436	12719.636	12719.798
1	34	2	2	123	1	2	3	3	3	2	1	1	0.3734746	3	12721.447	12722.047	12722.047	12722.247	12722.42
1	34	2	2	124	1	2	3	4	2	1	1	1	0.40952767	4	12724.06	12724.26	12724.26	12724.46	12724.669
1	34	2	2	125	1	2	3	5	3	2	1	1	0.44235555	5	12726.272	12726.872	12726.872	12727.072	12727.315
1	34	2	2	126	1	2	3	6	5	1	8	1	0.48576289	6	12728.885	12729.085	12729.085	12729.285	12729.571
1	34	2	2	127	1	2	3	7	5	2	8	1	0.38585865	7	12731.098	12731.698	12731.698	12731.898	12732.084
1	34	2	2	128	1	2	3	8	6	2	8	1	0.43859712	8	12733.711	12734.311	12734.311	12734.511	12734.749
1	34	2	2	129	1	2	3	9	5	1	8	1	0.38366146	9	12736.324	12736.524	12736.524	12736.724	12736.907
1	34	2	2	130	1	2	3	10	1	2	1	1	0.54133014	10	12738.537	12739.137	12739.137	12739.337	12739.678
1	34	2	2	131	1	2	3	11	1	2	1	1	0.50250389	11	12741.149	12741.749	12741.749	12741.949	12742.252
1	34	2	2	132	1	2	3	12	3	2	1	1	0.37607874	12	12743.763	12744.363	12744.363	12744.563	12744.739
1	34	2	2	133	1	2	3	13	2	1	1	1	0.39874189	13	12746.375	12746.575	12746.575	12746.775	12746.974
1	34	2	2	134	1	2	3	14	3	2	1	1	0.43029221	14	12748.587	12749.187	12749.187	12749.387	12749.618
1	34	2	2	135	1	2	3	15	5	1	8	1	0.46409035	15	12751.201	12751.401	12751.401	12751.601	12751.865
1	34	2	2	136	1	2	3	16	5	1	8	1	0.38858339	16	12753.415	12753.615	12753.615	12753.815	12754.003
1	34	2	2	137	1	2	3	17	4	1	8	1	0.45675968	17	12755.629	12755.829	12755.829	12756.029	12756.285
1	34	2	2	138	1	2	3	18	1	1	1	1	0.48248127	18	12757.84	12758.04	12758.04	12758.24	12758.523
1	34	2	2	139	1	2	3	19	4	2	8	1	0.35907973	19	12760.054	12760.654	12760.654	12760.854	12761.013
1	34	2	2	140	1	2	3	20	6	1	8	1	0.42295812	20	12762.668	12762.868	12762.868	12763.068	12763.291
1	34	2	2	141	1	2	3	21	2	1	1	1	0.41975999	21	12764.881	12765.081	12765.081	12765.281	12765.501
1	34	2	2	142	1	2	3	22	4	2	8	1	0.56271264	22	12767.095	12767.695	12767.695	12767.895	12768.258
1	34	2	2	143	1	2	3	23	2	1	1	1	0.43867765	23	12769.709	12769.909	12769.909	12770.109	12770.347
1	34	2	2	144	1	2	3	24	6	2	8	1	0.42017665	24	12771.92	12772.52	12772.52	12772.72	12772.941
1	34	2	2	145	1	2	3	25	4	2	8	1	0.36621621	25	12774.534	12775.134	12775.134	12775.334	12775.5
1	34	2	2	146	1	2	3	26	6	1	8	1	0.37637392	26	12777.148	12777.348	12777.348	12777.548	12777.725
1	34	2	2	147	1	2	3	27	1	2	1	1	0.39450533	27	12779.362	12779.962	12779.962	12780.162	12780.357
1	34	2	2	148	1	2	3	28	3	1	1	1	0.39442503	28	12781.976	12782.176	12782.176	12782.376	12782.57
1	34	2	2	149	1	2	3	29	6	1	8	1	0.4620952	29	12784.191	12784.391	12784.391	12784.591	12784.853
1	34	2	2	150	1	2	3	30	2	1	1	1	0.4947196	30	12786.405	12786.605	12786.605	12786.805	12787.099
1	34	2	2	151	1	6	3	1	1	2	2	1	0.5830849	1	12801.371	12801.971	12801.971	12802.171	12802.554
1	34	2	2	152	1	6	3	2	1	2	2	1	0.66728278	2	12803.985	12804.585	12804.585	12804.785	12805.252
1	34	2	2	153	1	6	3	3	4	2	5	1	0.81837499	3	12806.599	12807.199	12807.199	12807.399	12808.018
1	34	2	2	154	1	6	3	4	4	1	5	1	0.51788179	4	12809.214	12809.414	12809.414	12809.614	12809.932
1	34	2	2	155	1	6	3	5	1	2	2	1	0.68043486	5	12811.428	12812.028	12812.028	12812.228	12812.709
1	34	2	2	156	1	6	3	6	3	1	4	1	0.61281504	6	12814.04	12814.24	12814.24	12814.44	12814.853
1	34	2	2	157	1	6	3	7	6	2	7	1	0.66999384	7	12816.254	12816.854	12816.854	12817.054	12817.524
1	34	2	2	158	1	6	3	8	4	2	5	1	0.46231384	8	12818.868	12819.468	12819.468	12819.668	12819.93
1	34	2	2	159	1	6	3	9	3	1	4	1	0.74566138	9	12821.482	12821.682	12821.682	12821.882	12822.428
1	34	2	2	160	1	6	3	10	2	2	3	1	0.87587602	10	12823.697	12824.297	12824.297	12824.497	12825.173
1	34	2	2	161	1	6	3	11	3	2	4	1	1.1128586	11	12826.308	12826.908	12826.908	12827.108	12828.021
1	34	2	2	162	1	6	3	12	5	2	6	1	0.89151315	12	12828.922	12829.522	12829.522	12829.722	12830.414
1	34	2	2	163	1	6	3	13	5	1	6	1	0.50660181	13	12831.537	12831.737	12831.737	12831.937	12832.243
1	34	2	2	164	1	6	3	14	6	2	7	1	0.68458365	14	12833.751	12834.351	12834.351	12834.551	12835.036
1	34	2	2	165	1	6	3	15	2	1	3	1	0.69514904	15	12836.366	12836.566	12836.566	12836.766	12837.261
1	34	2	2	166	1	6	3	16	4	1	5	1	0.55510471	16	12838.581	12838.781	12838.781	12838.981	12839.336
1	34	2	2	167	1	6	3	17	6	1	7	1	0.65952386	17	12840.793	12840.993	12840.993	12841.193	12841.653
1	34	2	2	168	1	6	3	18	4	1	5	1	1.3336496	18	12843.005	12843.205	12843.205	12843.405	12844.539
1	34	2	2	169	1	6	3	19	2	2	3	1	0.58581923	19	12845.219	12845.819	12845.819	12846.019	12846.405
1	34	2	2	170	1	6	3	20	6	1	7	1	0.54484451	20	12847.834	12848.034	12848.034	12848.234	12848.579
1	34	2	2	171	1	6	3	21	2	1	3	1	0.7084971	21	12850.045	12850.245	12850.245	12850.445	12850.954
1	34	2	2	172	1	6	3	22	5	2	6	1	0.72425566	22	12852.259	12852.859	12852.859	12853.059	12853.583
1	34	2	2	173	1	6	3	23	1	1	2	1	0.7389478	23	12854.874	12855.074	12855.074	12855.274	12855.813
1	34	2	2	174	1	6	3	24	5	2	6	1	0.78631092	24	12857.089	12857.689	12857.689	12857.889	12858.475
1	34	2	2	175	1	6	3	25	1	2	2	1	0.58284222	25	12859.702	12860.302	12860.302	12860.502	12860.885
1	34	2	2	176	1	6	3	26	2	1	3	1	0.61751513	26	12862.314	12862.514	12862.514	12862.714	12863.132
1	34	2	2	177	1	6	3	27	5	2	6	1	0.68913072	27	12864.53	12865.13	12865.13	12865.33	12865.819
1	34	2	2	178	1	6	3	28	6	1	7	1	0.51383462	28	12867.145	12867.345	12867.345	12867.545	12867.859
1	34	2	2	179	1	6	3	29	3	1	4	1	0.6764012	29	12869.359	12869.559	12869.559	12869.759	12870.236
1	34	2	2	180	1	6	3	30	3	1	4	1	0.49377744	30	12871.575	12871.775	12871.775	12871.975	12872.268
1	34	2	2	181	2	2	4	1	2	2	1	1	0.54258321	1	13252.934	13253.534	13253.534	13253.734	13254.076
1	34	2	2	182	2	2	4	2	5	2	8	1	0.38253604	2	13255.55	13256.15	13256.15	13256.35	13256.532
1	34	2	2	183	2	2	4	3	6	2	8	1	0.37389227	3	13258.165	13258.765	13258.765	13258.965	13259.139
1	34	2	2	184	2	2	4	4	2	1	1	1	0.43286062	4	13260.781	13260.981	13260.981	13261.181	13261.414
1	34	2	2	185	2	2	4	5	5	2	8	1	0.43821862	5	13262.996	13263.596	13263.596	13263.796	13264.034
1	34	2	2	186	2	2	4	6	2	1	1	1	0.39168244	6	13265.611	13265.811	13265.811	13266.011	13266.203
1	34	2	2	187	2	2	4	7	3	2	1	1	0.42213986	7	13267.827	13268.427	13268.427	13268.627	13268.85
1	34	2	2	188	2	2	4	8	6	2	8	1	0.41831522	8	13270.444	13271.044	13271.044	13271.244	13271.462
1	34	2	2	189	2	2	4	9	4	1	8	1	0.40044791	9	13273.06	13273.26	13273.26	13273.46	13273.66
1	34	2	2	190	2	2	4	10	4	2	8	1	0.47298566	10	13275.276	13275.876	13275.876	13276.076	13276.349
1	34	2	2	191	2	2	4	11	5	2	8	1	0.44909135	11	13277.892	13278.492	13278.492	13278.692	13278.941
1	34	2	2	192	2	2	4	12	6	2	8	1	0.40807167	12	13280.508	13281.108	13281.108	13281.308	13281.516
1	34	2	2	193	2	2	4	13	1	1	1	1	0.42364502	13	13283.123	13283.323	13283.323	13283.523	13283.747
1	34	2	2	194	2	2	4	14	6	2	8	1	0.38578931	14	13285.339	13285.939	13285.939	13286.139	13286.325
1	34	2	2	195	2	2	4	15	3	1	1	1	0.47947828	15	13287.955	13288.155	13288.155	13288.355	13288.634
1	34	2	2	196	2	2	4	16	2	1	1	1	0.42434035	16	13290.171	13290.371	13290.371	13290.571	13290.795
1	34	2	2	197	2	2	4	17	3	1	1	1	0.44717751	17	13292.387	13292.587	13292.587	13292.787	13293.035
1	34	2	2	198	2	2	4	18	3	1	1	1	0.43448144	18	13294.602	13294.802	13294.802	13295.002	13295.236
1	34	2	2	199	2	2	4	19	5	2	8	1	0.36381639	19	13296.815	13297.415	13297.415	13297.615	13297.779
1	34	2	2	200	2	2	4	20	1	1	1	1	0.44595748	20	13299.431	13299.631	13299.631	13299.831	13300.077
1	34	2	2	201	2	2	4	21	4	1	8	1	0.41232662	21	13301.648	13301.848	13301.848	13302.048	13302.26
1	34	2	2	202	2	2	4	22	1	2	1	1	0.50969478	22	13303.861	13304.461	13304.461	13304.661	13304.971
1	34	2	2	203	2	2	4	23	1	1	1	1	0.48675121	23	13306.478	13306.678	13306.678	13306.878	13307.164
1	34	2	2	204	2	2	4	24	5	2	8	1	0.50732189	24	13308.691	13309.291	13309.291	13309.491	13309.798
1	34	2	2	205	2	2	4	25	3	2	1	1	0.52985214	25	13311.308	13311.908	13311.908	13312.108	13312.437
1	34	2	2	206	2	2	4	26	2	1	1	1	0.48758072	26	13313.924	13314.124	13314.124	13314.324	13314.611
1	34	2	2	207	2	2	4	27	4	2	8	1	0.41643529	27	13316.14	13316.74	13316.74	13316.94	13317.157
1	34	2	2	208	2	2	4	28	4	1	8	1	0.38252382	28	13318.755	13318.955	13318.955	13319.155	13319.338
1	34	2	2	209	2	2	4	29	6	1	8	1	0.40570566	29	13320.972	13321.172	13321.172	13321.372	13321.578
1	34	2	2	210	2	2	4	30	1	1	1	1	0.47287364	30	13323.189	13323.389	13323.389	13323.589	13323.862
1	34	2	2	211	2	6	4	1	5	2	6	1	0.42774184	1	13353.463	13354.063	13354.063	13354.263	13354.49
1	34	2	2	212	2	6	4	2	3	2	4	1	0.7535825	2	13356.08	13356.68	13356.68	13356.88	13357.434
1	34	2	2	213	2	6	4	3	3	2	4	1	0.50726377	3	13358.698	13359.298	13359.298	13359.498	13359.805
1	34	2	2	214	2	6	4	4	3	1	4	1	0.48922465	4	13361.315	13361.515	13361.515	13361.715	13362.004
1	34	2	2	215	2	6	4	5	2	2	3	1	0.68793988	5	13363.532	13364.132	13364.132	13364.332	13364.819
1	34	2	2	216	2	6	4	6	5	1	6	1	0.66462125	6	13366.149	13366.349	13366.349	13366.549	13367.014
1	34	2	2	217	2	6	4	7	2	2	3	1	0.94885229	7	13368.366	13368.966	13368.966	13369.166	13369.915
1	34	2	2	218	2	6	4	8	4	2	5	1	0.56609766	8	13370.984	13371.584	13371.584	13371.784	13372.15
1	34	2	2	219	2	6	4	9	5	1	6	1	0.52668356	9	13373.598	13373.798	13373.798	13373.998	13374.324
1	34	2	2	220	2	6	4	10	5	2	6	1	0.58136013	10	13375.815	13376.415	13376.415	13376.615	13376.996
1	34	2	2	221	2	6	4	11	6	2	7	1	0.44342656	11	13378.432	13379.032	13379.032	13379.232	13379.476
1	34	2	2	222	2	6	4	12	1	2	2	1	0.66766448	12	13381.05	13381.65	13381.65	13381.85	13382.317
1	34	2	2	223	2	6	4	13	1	1	2	1	0.5858872	13	13383.664	13383.864	13383.864	13384.064	13384.45
1	34	2	2	224	2	6	4	14	2	2	3	1	0.63570502	14	13385.882	13386.482	13386.482	13386.682	13387.118
1	34	2	2	225	2	6	4	15	1	1	2	1	0.66167996	15	13388.5	13388.7	13388.7	13388.9	13389.362
1	34	2	2	226	2	6	4	16	2	1	3	1	0.45716256	16	13390.716	13390.916	13390.916	13391.116	13391.373
1	34	2	2	227	2	6	4	17	6	1	7	1	0.61334838	17	13392.932	13393.132	13393.132	13393.332	13393.746
1	34	2	2	228	2	6	4	18	6	1	7	1	0.39729598	18	13395.151	13395.351	13395.351	13395.551	13395.748
1	34	2	2	229	2	6	4	19	6	2	7	1	0.50683017	19	13397.369	13397.969	13397.969	13398.169	13398.475
1	34	2	2	230	2	6	4	20	6	1	7	1	0.47259284	20	13399.986	13400.186	13400.186	13400.386	13400.659
1	34	2	2	231	2	6	4	21	2	1	3	1	0.64739028	21	13402.204	13402.404	13402.404	13402.604	13403.051
1	34	2	2	232	2	6	4	22	5	2	6	1	0.85482102	22	13404.422	13405.022	13405.022	13405.222	13405.877
1	34	2	2	233	2	6	4	23	4	1	5	1	0.5784822	23	13407.04	13407.24	13407.24	13407.44	13407.819
1	34	2	2	234	2	6	4	24	3	2	4	1	0.54575663	24	13409.259	13409.859	13409.859	13410.059	13410.405
1	34	2	2	235	2	6	4	25	3	2	4	1	0.51969825	25	13411.877	13412.477	13412.477	13412.677	13412.997
1	34	2	2	236	2	6	4	26	4	1	5	1	0.77050066	26	13414.496	13414.696	13414.696	13414.896	13415.467
1	34	2	2	237	2	6	4	27	1	2	2	1	0.54643726	27	13416.715	13417.315	13417.315	13417.515	13417.861
1	34	2	2	238	2	6	4	28	1	1	2	1	0.50679589	28	13419.33	13419.53	13419.53	13419.73	13420.037
1	34	2	2	239	2	6	4	29	4	1	5	1	1.3704787	29	13421.545	13421.745	13421.745	13421.945	13423.116
1	34	2	2	240	2	6	4	30	4	1	5	1	0.52999984	30	13423.764	13423.964	13423.964	13424.164	13424.494
1	34	2	2	241	2	2	5	1	6	2	8	1	0.5503139	1	13454.052	13454.652	13454.652	13454.852	13455.202
1	34	2	2	242	2	2	5	2	4	2	8	1	0.51778191	2	13456.67	13457.27	13457.27	13457.47	13457.788
1	34	2	2	243	2	2	5	3	2	2	1	1	0.45018974	3	13459.289	13459.889	13459.889	13460.089	13460.339
1	34	2	2	244	2	2	5	4	5	1	8	1	0.40769265	4	13461.908	13462.108	13462.108	13462.308	13462.515
1	34	2	2	245	2	2	5	5	1	2	1	1	0.42151326	5	13464.127	13464.727	13464.727	13464.927	13465.148
1	34	2	2	246	2	2	5	6	4	1	8	1	0.42551308	6	13466.745	13466.945	13466.945	13467.145	13467.371
1	34	2	2	247	2	2	5	7	3	2	1	1	0.43254181	7	13468.963	13469.563	13469.563	13469.763	13469.996
1	34	2	2	248	2	2	5	8	3	2	1	1	0.44308151	8	13471.583	13472.183	13472.183	13472.383	13472.626
1	34	2	2	249	2	2	5	9	1	1	1	1	0.48865233	9	13474.202	13474.402	13474.402	13474.602	13474.891
1	34	2	2	250	2	2	5	10	1	2	1	1	0.45611019	10	13476.421	13477.021	13477.021	13477.221	13477.477
1	34	2	2	251	2	2	5	11	1	2	1	1	0.53163823	11	13479.04	13479.64	13479.64	13479.84	13480.171
1	34	2	2	252	2	2	5	12	4	2	8	1	0.40774082	12	13481.659	13482.259	13482.259	13482.459	13482.666
1	34	2	2	253	2	2	5	13	5	1	8	1	0.44057044	13	13484.278	13484.478	13484.478	13484.678	13484.918
1	34	2	2	254	2	2	5	14	6	2	8	1	0.43399208	14	13486.497	13487.097	13487.097	13487.297	13487.531
1	34	2	2	255	2	2	5	15	3	1	1	1	0.45582068	15	13489.116	13489.316	13489.316	13489.516	13489.772
1	34	2	2	256	2	2	5	16	2	1	1	1	0.43128842	16	13491.335	13491.535	13491.535	13491.735	13491.966
1	34	2	2	257	2	2	5	17	4	1	8	1	0.56194079	17	13493.554	13493.754	13493.754	13493.954	13494.316
1	34	2	2	258	2	2	5	18	4	1	8	1	0.4348388	18	13495.77	13495.97	13495.97	13496.17	13496.405
1	34	2	2	259	2	2	5	19	6	2	8	1	0.3834339	19	13497.987	13498.587	13498.587	13498.787	13498.971
1	34	2	2	260	2	2	5	20	5	1	8	1	0.36743939	20	13500.604	13500.804	13500.804	13501.004	13501.172
1	34	2	2	261	2	2	5	21	6	1	8	1	0.37342402	21	13502.824	13503.024	13503.024	13503.224	13503.397
1	34	2	2	262	2	2	5	22	2	2	1	1	0.50404123	22	13505.044	13505.644	13505.644	13505.844	13506.148
1	34	2	2	263	2	2	5	23	5	1	8	1	0.43738265	23	13507.663	13507.863	13507.863	13508.063	13508.301
1	34	2	2	264	2	2	5	24	3	2	1	1	0.47499082	24	13509.88	13510.48	13510.48	13510.68	13510.955
1	34	2	2	265	2	2	5	25	5	2	8	1	0.3538401	25	13512.499	13513.099	13513.099	13513.299	13513.453
1	34	2	2	266	2	2	5	26	3	1	1	1	0.45208989	26	13515.119	13515.319	13515.319	13515.519	13515.771
1	34	2	2	267	2	2	5	27	2	2	1	1	0.51269652	27	13517.339	13517.939	13517.939	13518.139	13518.451
1	34	2	2	268	2	2	5	28	1	1	1	1	0.46666867	28	13519.96	13520.16	13520.16	13520.36	13520.627
1	34	2	2	269	2	2	5	29	2	1	1	1	0.44683572	29	13522.181	13522.381	13522.381	13522.581	13522.828
1	34	2	2	270	2	2	5	30	6	1	8	1	0.65811777	30	13524.402	13524.602	13524.602	13524.802	13525.26
1	34	2	2	271	2	6	5	1	4	2	5	1	0.61334097	1	13554.681	13555.281	13555.281	13555.481	13555.894
1	34	2	2	272	2	6	5	2	4	2	5	1	0.60710062	2	13557.3	13557.9	13557.9	13558.1	13558.507
1	34	2	2	273	2	6	5	3	1	2	2	1	0.73100341	3	13559.921	13560.521	13560.521	13560.721	13561.252
1	34	2	2	274	2	6	5	4	6	1	7	1	0.67067864	4	13562.54	13562.74	13562.74	13562.94	13563.411
1	34	2	2	275	2	6	5	5	1	2	2	1	0.56500881	5	13564.76	13565.36	13565.36	13565.56	13565.925
1	34	2	2	276	2	6	5	6	3	1	4	1	0.45507889	6	13567.379	13567.579	13567.579	13567.779	13568.034
1	34	2	2	277	2	6	5	7	6	2	7	1	0.70931662	7	13569.6	13570.2	13570.2	13570.4	13570.909
1	34	2	2	278	2	6	5	8	5	2	6	1	0.37406136	8	13572.22	13572.82	13572.82	13573.02	13573.194
1	34	2	2	279	2	6	5	9	4	1	5	1	0.62196387	9	13574.84	13575.04	13575.04	13575.24	13575.662
1	34	2	2	280	2	6	5	10	2	2	3	1	0.43218152	10	13577.06	13577.66	13577.66	13577.86	13578.092
1	34	2	2	281	2	6	5	11	4	2	5	1	0.71048414	11	13579.678	13580.278	13580.278	13580.478	13580.989
1	34	2	2	282	2	6	5	12	1	2	2	1	0.56881271	12	13582.299	13582.899	13582.899	13583.099	13583.467
1	34	2	2	283	2	6	5	13	5	1	6	1	0.74844674	13	13584.919	13585.119	13585.119	13585.319	13585.868
1	34	2	2	284	2	6	5	14	1	2	2	1	0.71110077	14	13587.139	13587.739	13587.739	13587.939	13588.45
1	34	2	2	285	2	6	5	15	3	1	4	1	1.0162567	15	13589.758	13589.958	13589.958	13590.158	13590.974
1	34	2	2	286	2	6	5	16	5	1	6	1	0.69106627	16	13591.979	13592.179	13592.179	13592.379	13592.87
1	34	2	2	287	2	6	5	17	5	1	6	1	0.49455404	17	13594.199	13594.399	13594.399	13594.599	13594.894
1	34	2	2	288	2	6	5	18	3	1	4	1	1.0406508	18	13596.42	13596.62	13596.62	13596.82	13597.661
1	34	2	2	289	2	6	5	19	2	2	3	1	0.4727887	19	13598.641	13599.241	13599.241	13599.441	13599.714
1	34	2	2	290	2	6	5	20	2	1	3	1	0.55542339	20	13601.262	13601.462	13601.462	13601.662	13602.017
1	34	2	2	291	2	6	5	21	3	1	4	1	0.80847105	21	13603.483	13603.683	13603.683	13603.883	13604.491
1	34	2	2	292	2	6	5	22	6	2	7	1	0.5659334	22	13605.704	13606.304	13606.304	13606.504	13606.87
1	34	2	2	293	2	6	5	23	4	1	5	1	0.6665523	23	13608.322	13608.522	13608.522	13608.722	13609.189
1	34	2	2	294	2	6	5	24	2	2	3	1	1.0774308	24	13610.542	13611.142	13611.142	13611.342	13612.22
1	34	2	2	295	2	6	5	25	6	2	7	1	0.7601959	25	13613.163	13613.763	13613.763	13613.963	13614.523
1	34	2	2	296	2	6	5	26	2	1	3	1	0.71395428	26	13615.784	13615.984	13615.984	13616.184	13616.698
1	34	2	2	297	2	6	5	27	1	2	2	1	0.63705794	27	13618.005	13618.605	13618.605	13618.805	13619.242
1	34	2	2	298	2	6	5	28	3	1	4	1	0.67781901	28	13620.622	13620.822	13620.822	13621.022	13621.5
1	34	2	2	299	2	6	5	29	6	1	7	1	0.85913613	29	13622.843	13623.043	13623.043	13623.243	13623.902
1	34	2	2	300	2	6	5	30	5	1	6	1	0.67749434	30	13625.062	13625.262	13625.262	13625.462	13625.94
1	34	2	2	301	2	2	6	1	3	2	1	1	0.53545616	1	13655.35	13655.95	13655.95	13656.15	13656.485
1	34	2	2	302	2	2	6	2	4	2	8	1	0.43601191	2	13657.972	13658.572	13658.572	13658.772	13659.008
1	34	2	2	303	2	2	6	3	5	2	8	1	0.44225557	3	13660.593	13661.193	13661.193	13661.393	13661.635
1	34	2	2	304	2	2	6	4	5	1	8	1	0.3980304	4	13663.214	13663.414	13663.414	13663.614	13663.812
1	34	2	2	305	2	2	6	5	6	2	8	1	0.44376452	5	13665.433	13666.033	13666.033	13666.233	13666.477
1	34	2	2	306	2	2	6	6	6	1	8	1	0.41938954	6	13668.054	13668.254	13668.254	13668.454	13668.674
1	34	2	2	307	2	2	6	7	6	2	8	1	0.44951476	7	13670.276	13670.876	13670.876	13671.076	13671.325
1	34	2	2	308	2	2	6	8	5	2	8	1	0.4450296	8	13672.897	13673.497	13673.497	13673.697	13673.942
1	34	2	2	309	2	2	6	9	4	1	8	1	0.5674345	9	13675.518	13675.718	13675.718	13675.918	13676.286
1	34	2	2	310	2	2	6	10	5	2	8	1	0.44622293	10	13677.739	13678.339	13678.339	13678.539	13678.786
1	34	2	2	311	2	2	6	11	3	2	1	1	0.48239639	11	13680.361	13680.961	13680.961	13681.161	13681.443
1	34	2	2	312	2	2	6	12	2	2	1	1	0.40505393	12	13682.982	13683.582	13683.582	13683.782	13683.987
1	34	2	2	313	2	2	6	13	3	1	1	1	0.39341811	13	13685.603	13685.803	13685.803	13686.003	13686.197
1	34	2	2	314	2	2	6	14	4	2	8	1	0.36952984	14	13687.825	13688.425	13688.425	13688.625	13688.794
1	34	2	2	315	2	2	6	15	4	1	8	1	0.39912775	15	13690.446	13690.646	13690.646	13690.846	13691.045
1	34	2	2	316	2	2	6	16	3	1	1	1	0.50335967	16	13692.667	13692.867	13692.867	13693.067	13693.371
1	34	2	2	317	2	2	6	17	2	1	1	1	0.40119442	17	13694.889	13695.089	13695.089	13695.289	13695.49
1	34	2	2	318	2	2	6	18	2	1	1	1	0.44529878	18	13697.111	13697.311	13697.311	13697.511	13697.756
1	34	2	2	319	2	2	6	19	5	2	8	1	0.39333923	19	13699.33	13699.93	13699.93	13700.13	13700.323
1	34	2	2	320	2	2	6	20	1	1	1	1	0.50889685	20	13701.952	13702.152	13702.152	13702.352	13702.661
1	34	2	2	321	2	2	6	21	4	1	8	1	0.46308818	21	13704.174	13704.374	13704.374	13704.574	13704.837
1	34	2	2	322	2	2	6	22	1	2	1	1	0.45788734	22	13706.396	13706.996	13706.996	13707.196	13707.454
1	34	2	2	323	2	2	6	23	2	1	1	1	0.43109299	23	13709.015	13709.215	13709.215	13709.415	13709.646
1	34	2	2	324	2	2	6	24	6	2	8	1	0.46139598	24	13711.237	13711.837	13711.837	13712.037	13712.299
1	34	2	2	325	2	2	6	25	1	2	1	1	0.52176345	25	13713.86	13714.46	13714.46	13714.66	13714.981
1	34	2	2	326	2	2	6	26	1	1	1	1	0.47365839	26	13716.482	13716.682	13716.682	13716.882	13717.155
1	34	2	2	327	2	2	6	27	1	2	1	1	0.37950598	27	13718.704	13719.304	13719.304	13719.504	13719.683
1	34	2	2	328	2	2	6	28	2	1	1	1	0.42882558	28	13721.326	13721.526	13721.526	13721.726	13721.955
1	34	2	2	329	2	2	6	29	6	1	8	1	0.56145794	29	13723.548	13723.748	13723.748	13723.948	13724.309
1	34	2	2	330	2	2	6	30	3	1	1	1	0.40920814	30	13725.77	13725.97	13725.97	13726.17	13726.379
1	34	2	2	331	2	6	6	1	6	2	7	1	0.63456683	1	13756.049	13756.649	13756.649	13756.849	13757.283
1	34	2	2	332	2	6	6	2	2	2	3	1	0.80600311	2	13758.672	13759.272	13759.272	13759.472	13760.078
1	34	2	2	333	2	6	6	3	5	2	6	1	0.59683172	3	13761.295	13761.895	13761.895	13762.095	13762.491
1	34	2	2	334	2	6	6	4	5	1	6	1	0.47776387	4	13763.917	13764.117	13764.117	13764.317	13764.595
1	34	2	2	335	2	6	6	5	1	2	2	1	0.67441306	5	13766.144	13766.744	13766.744	13766.944	13767.419
1	34	2	2	336	2	6	6	6	3	1	4	1	0.60906278	6	13768.77	13768.97	13768.97	13769.17	13769.579
1	34	2	2	337	2	6	6	7	2	2	3	1	0.55605991	7	13770.992	13771.592	13771.592	13771.792	13772.149
1	34	2	2	338	2	6	6	8	1	2	2	1	0.65726255	8	13773.619	13774.219	13774.219	13774.419	13774.876
1	34	2	2	339	2	6	6	9	1	1	2	1	0.5178095	9	13776.239	13776.439	13776.439	13776.639	13776.957
1	34	2	2	340	2	6	6	10	6	2	7	1	0.53332641	10	13778.462	13779.062	13779.062	13779.262	13779.596
1	34	2	2	341	2	6	6	11	6	2	7	1	0.57506666	11	13781.085	13781.685	13781.685	13781.885	13782.26
1	34	2	2	342	2	6	6	12	4	2	5	1	0.37670051	12	13783.708	13784.308	13784.308	13784.508	13784.685
1	34	2	2	343	2	6	6	13	4	1	5	1	0.52134647	13	13786.331	13786.531	13786.531	13786.731	13787.052
1	34	2	2	344	2	6	6	14	6	2	7	1	0.74484447	14	13788.554	13789.154	13789.154	13789.354	13789.899
1	34	2	2	345	2	6	6	15	5	1	6	1	0.37853392	15	13791.177	13791.377	13791.377	13791.577	13791.756
1	34	2	2	346	2	6	6	16	4	1	5	1	0.58638854	16	13793.401	13793.601	13793.601	13793.801	13794.187
1	34	2	2	347	2	6	6	17	6	1	7	1	0.80300475	17	13795.624	13795.824	13795.824	13796.024	13796.627
1	34	2	2	348	2	6	6	18	2	1	3	1	0.61272658	18	13797.848	13798.048	13798.048	13798.248	13798.661
1	34	2	2	349	2	6	6	19	1	2	2	1	0.56848778	19	13800.069	13800.669	13800.669	13800.869	13801.237
1	34	2	2	350	2	6	6	20	3	1	4	1	0.46471038	20	13802.691	13802.891	13802.891	13803.091	13803.356
1	34	2	2	351	2	6	6	21	3	1	4	1	0.49054863	21	13804.915	13805.115	13805.115	13805.315	13805.606
1	34	2	2	352	2	6	6	22	5	2	6	1	0.62650118	22	13807.138	13807.738	13807.738	13807.938	13808.365
1	34	2	2	353	2	6	6	23	2	1	3	1	0.77836543	23	13809.761	13809.961	13809.961	13810.161	13810.739
1	34	2	2	354	2	6	6	24	3	2	4	1	1.0911294	24	13811.984	13812.584	13812.584	13812.784	13813.676
1	34	2	2	355	2	6	6	25	4	2	5	1	0.66987432	25	13814.608	13815.208	13815.208	13815.408	13815.878
1	34	2	2	356	2	6	6	26	3	1	4	1	0.76524556	26	13817.231	13817.431	13817.431	13817.631	13818.197
1	34	2	2	357	2	6	6	27	5	2	6	1	0.66384391	27	13819.454	13820.054	13820.054	13820.254	13820.718
1	34	2	2	358	2	6	6	28	2	1	3	1	0.81160145	28	13822.077	13822.277	13822.277	13822.477	13823.089
1	34	2	2	359	2	6	6	29	4	1	5	1	0.740469	29	13824.301	13824.501	13824.501	13824.701	13825.242
1	34	2	2	360	2	6	6	30	1	1	2	1	0.44002241	30	13826.524	13826.724	13826.724	13826.924	13827.164
1	34	2	2	361	3	2	7	1	3	2	1	1	0.51418869	1	14743.689	14744.289	14744.289	14744.489	14744.803
1	34	2	2	362	3	2	7	2	5	2	8	1	0.4010235	2	14746.313	14746.913	14746.913	14747.113	14747.314
1	34	2	2	363	3	2	7	3	1	2	1	1	0.4580628	3	14748.938	14749.538	14749.538	14749.738	14749.996
1	34	2	2	364	3	2	7	4	4	1	8	1	0.44551278	4	14751.559	14751.759	14751.759	14751.959	14752.205
1	34	2	2	365	3	2	7	5	1	2	1	1	0.42919714	5	14753.783	14754.383	14754.383	14754.583	14754.812
1	34	2	2	366	3	2	7	6	4	1	8	1	0.46888437	6	14756.407	14756.607	14756.607	14756.807	14757.076
1	34	2	2	367	3	2	7	7	1	2	1	1	0.42442018	7	14758.628	14759.228	14759.228	14759.428	14759.652
1	34	2	2	368	3	2	7	8	2	2	1	1	0.44753933	8	14761.252	14761.852	14761.852	14762.052	14762.299
1	34	2	2	369	3	2	7	9	2	1	1	1	0.44290382	9	14763.879	14764.079	14764.079	14764.279	14764.522
1	34	2	2	370	3	2	7	10	5	2	8	1	0.38259594	10	14766.103	14766.703	14766.703	14766.903	14767.086
1	34	2	2	371	3	2	7	11	6	2	8	1	0.40260447	11	14768.728	14769.328	14769.328	14769.528	14769.731
1	34	2	2	372	3	2	7	12	5	2	8	1	0.40596337	12	14771.349	14771.949	14771.949	14772.149	14772.355
1	34	2	2	373	3	2	7	13	6	1	8	1	0.63226109	13	14773.973	14774.173	14774.173	14774.373	14774.805
1	34	2	2	374	3	2	7	14	3	2	1	1	0.44335643	14	14776.197	14776.797	14776.797	14776.997	14777.24
1	34	2	2	375	3	2	7	15	4	1	8	1	0.454872	15	14778.822	14779.022	14779.022	14779.222	14779.477
1	34	2	2	376	3	2	7	16	4	1	8	1	0.51184244	16	14781.046	14781.246	14781.246	14781.446	14781.758
1	34	2	2	377	3	2	7	17	5	1	8	1	0.38976125	17	14783.271	14783.471	14783.471	14783.671	14783.861
1	34	2	2	378	3	2	7	18	2	1	1	1	0.53866588	18	14785.496	14785.696	14785.696	14785.896	14786.235
1	34	2	2	379	3	2	7	19	1	2	1	1	0.35744586	19	14787.72	14788.32	14788.32	14788.52	14788.677
1	34	2	2	380	3	2	7	20	6	1	8	1	0.45811073	20	14790.347	14790.547	14790.547	14790.747	14791.005
1	34	2	2	381	3	2	7	21	1	1	1	1	0.49571597	21	14792.572	14792.772	14792.772	14792.972	14793.268
1	34	2	2	382	3	2	7	22	3	2	1	1	0.45760779	22	14794.801	14795.401	14795.401	14795.601	14795.858
1	34	2	2	383	3	2	7	23	6	1	8	1	0.42821211	23	14797.426	14797.626	14797.626	14797.826	14798.054
1	34	2	2	384	3	2	7	24	3	2	1	1	0.43325034	24	14799.651	14800.251	14800.251	14800.451	14800.684
1	34	2	2	385	3	2	7	25	6	2	8	1	0.42191308	25	14802.276	14802.876	14802.876	14803.076	14803.298
1	34	2	2	386	3	2	7	26	2	1	1	1	0.47284627	26	14804.901	14805.101	14805.101	14805.301	14805.574
1	34	2	2	387	3	2	7	27	4	2	8	1	0.59667661	27	14807.126	14807.726	14807.726	14807.926	14808.322
1	34	2	2	388	3	2	7	28	2	1	1	1	0.41110642	28	14809.75	14809.95	14809.95	14810.15	14810.361
1	34	2	2	389	3	2	7	29	5	1	8	1	0.42609851	29	14811.978	14812.178	14812.178	14812.378	14812.604
1	34	2	2	390	3	2	7	30	3	1	1	1	0.39309012	30	14814.202	14814.402	14814.402	14814.603	14814.796
1	34	2	2	391	3	6	7	1	6	2	7	1	1.0522692	1	14844.488	14845.088	14845.088	14845.288	14846.14
1	34	2	2	392	3	6	7	2	2	2	3	1	0.60371856	2	14847.113	14847.713	14847.713	14847.913	14848.316
1	34	2	2	393	3	6	7	3	4	2	5	1	0.64251671	3	14849.738	14850.338	14850.338	14850.538	14850.98
1	34	2	2	394	3	6	7	4	5	1	6	1	0.37569739	4	14852.362	14852.562	14852.562	14852.762	14852.938
1	34	2	2	395	3	6	7	5	1	2	2	1	0.7935849	5	14854.588	14855.188	14855.188	14855.388	14855.982
1	34	2	2	396	3	6	7	6	3	1	4	1	0.82700553	6	14857.209	14857.409	14857.409	14857.609	14858.236
1	34	2	2	397	3	6	7	7	6	2	7	1	0.73841176	7	14859.434	14860.034	14860.034	14860.234	14860.773
1	34	2	2	398	3	6	7	8	5	2	6	1	0.6155478	8	14862.06	14862.66	14862.66	14862.86	14863.275
1	34	2	2	399	3	6	7	9	4	1	5	1	0.63694022	9	14864.685	14864.885	14864.885	14865.085	14865.522
1	34	2	2	400	3	6	7	10	6	2	7	1	0.75162257	10	14866.91	14867.51	14867.51	14867.71	14868.261
1	34	2	2	401	3	6	7	11	4	2	5	1	0.69113543	11	14869.535	14870.135	14870.135	14870.335	14870.826
1	34	2	2	402	3	6	7	12	2	2	3	1	0.48403538	12	14872.161	14872.761	14872.761	14872.961	14873.245
1	34	2	2	403	3	6	7	13	3	1	4	1	0.62046084	13	14874.783	14874.983	14874.983	14875.183	14875.603
1	34	2	2	404	3	6	7	14	4	2	5	1	0.57127601	14	14877.009	14877.609	14877.609	14877.809	14878.18
1	34	2	2	405	3	6	7	15	2	1	3	1	1.1389872	15	14879.635	14879.835	14879.835	14880.035	14880.974
1	34	2	2	406	3	6	7	16	6	1	7	1	0.57920641	16	14881.857	14882.057	14882.057	14882.257	14882.637
1	34	2	2	407	3	6	7	17	2	1	3	1	0.73073847	17	14884.083	14884.283	14884.283	14884.483	14885.014
1	34	2	2	408	3	6	7	18	1	1	2	1	0.59840518	18	14886.308	14886.508	14886.508	14886.708	14887.107
1	34	2	2	409	3	6	7	19	6	2	7	1	0.69459947	19	14888.534	14889.134	14889.134	14889.334	14889.828
1	34	2	2	410	3	6	7	20	1	1	2	1	0.83282058	20	14891.162	14891.362	14891.362	14891.562	14892.195
1	34	2	2	411	3	6	7	21	5	1	6	1	0.43132133	21	14893.389	14893.589	14893.589	14893.789	14894.02
1	34	2	2	412	3	6	7	22	3	2	4	1	0.66009763	22	14895.615	14896.215	14896.215	14896.415	14896.875
1	34	2	2	413	3	6	7	23	4	1	5	1	0.40951812	23	14898.24	14898.44	14898.44	14898.64	14898.85
1	34	2	2	414	3	6	7	24	5	2	6	1	0.70500392	24	14900.466	14901.066	14901.066	14901.266	14901.771
1	34	2	2	415	3	6	7	25	5	2	6	1	0.50892979	25	14903.093	14903.693	14903.693	14903.893	14904.202
1	34	2	2	416	3	6	7	26	3	1	4	1	0.68479487	26	14905.719	14905.919	14905.919	14906.119	14906.603
1	34	2	2	417	3	6	7	27	1	2	2	1	0.61809218	27	14907.944	14908.544	14908.544	14908.744	14909.162
1	34	2	2	418	3	6	7	28	1	1	2	1	0.47371547	28	14910.57	14910.77	14910.77	14910.97	14911.244
1	34	2	2	419	3	6	7	29	3	1	4	1	0.64658657	29	14912.796	14912.996	14912.996	14913.196	14913.642
1	34	2	2	420	3	6	7	30	2	1	3	1	0.60711483	30	14915.022	14915.222	14915.222	14915.422	14915.829
1	34	2	2	421	3	2	8	1	3	2	1	1	0.51939837	1	14945.318	14945.918	14945.918	14946.118	14946.437
1	34	2	2	422	3	2	8	2	6	2	8	1	0.40847555	2	14947.942	14948.542	14948.542	14948.742	14948.951
1	34	2	2	423	3	2	8	3	5	2	8	1	0.46754109	3	14950.569	14951.169	14951.169	14951.369	14951.636
1	34	2	2	424	3	2	8	4	6	1	8	1	0.44553273	4	14953.199	14953.399	14953.399	14953.599	14953.845
1	34	2	2	425	3	2	8	5	6	2	8	1	0.44172817	5	14955.424	14956.024	14956.024	14956.224	14956.466
1	34	2	2	426	3	2	8	6	1	1	1	1	0.4328304	6	14958.05	14958.25	14958.25	14958.45	14958.683
1	34	2	2	427	3	2	8	7	2	2	1	1	0.38374355	7	14960.276	14960.876	14960.876	14961.076	14961.259
1	34	2	2	428	3	2	8	8	1	2	1	1	0.49251863	8	14962.903	14963.503	14963.503	14963.703	14963.995
1	34	2	2	429	3	2	8	9	2	1	1	1	0.40029483	9	14965.529	14965.729	14965.729	14965.929	14966.13
1	34	2	2	430	3	2	8	10	5	2	8	1	0.34181579	10	14967.756	14968.356	14968.356	14968.556	14968.698
1	34	2	2	431	3	2	8	11	5	2	8	1	0.39053739	11	14970.382	14970.982	14970.982	14971.182	14971.373
1	34	2	2	432	3	2	8	12	4	2	8	1	0.38588569	12	14973.009	14973.609	14973.609	14973.809	14973.995
1	34	2	2	433	3	2	8	13	6	1	8	1	0.42951435	13	14975.637	14975.837	14975.837	14976.037	14976.266
1	34	2	2	434	3	2	8	14	4	2	8	1	0.38076597	14	14977.865	14978.465	14978.465	14978.665	14978.846
1	34	2	2	435	3	2	8	15	3	1	1	1	0.63754118	15	14980.492	14980.692	14980.692	14980.892	14981.33
1	34	2	2	436	3	2	8	16	3	1	1	1	0.45999531	16	14982.719	14982.919	14982.919	14983.119	14983.379
1	34	2	2	437	3	2	8	17	4	1	8	1	0.45119898	17	14984.947	14985.147	14985.147	14985.347	14985.598
1	34	2	2	438	3	2	8	18	2	1	1	1	0.45586743	18	14987.174	14987.374	14987.374	14987.574	14987.83
1	34	2	2	439	3	2	8	19	2	2	1	1	0.41098111	19	14989.4	14990	14990	14990.2	14990.411
1	34	2	2	440	3	2	8	20	1	1	1	1	0.43545461	20	14992.027	14992.227	14992.227	14992.427	14992.662
1	34	2	2	441	3	2	8	21	3	1	1	1	0.41458421	21	14994.253	14994.453	14994.453	14994.653	14994.867
1	34	2	2	442	3	2	8	22	4	2	8	1	0.58912	22	14996.48	14997.08	14997.08	14997.28	14997.669
1	34	2	2	443	3	2	8	23	3	1	1	1	0.42347851	23	14999.107	14999.307	14999.307	14999.507	14999.73
1	34	2	2	444	3	2	8	24	5	2	8	1	0.374663	24	15001.334	15001.934	15001.934	15002.134	15002.308
1	34	2	2	445	3	2	8	25	4	2	8	1	0.41811756	25	15003.961	15004.561	15004.561	15004.761	15004.979
1	34	2	2	446	3	2	8	26	2	1	1	1	0.43255556	26	15006.588	15006.788	15006.788	15006.988	15007.22
1	34	2	2	447	3	2	8	27	5	2	8	1	0.41933727	27	15008.815	15009.415	15009.415	15009.615	15009.834
1	34	2	2	448	3	2	8	28	6	1	8	1	0.43341979	28	15011.451	15011.651	15011.651	15011.851	15012.084
1	34	2	2	449	3	2	8	29	1	1	1	1	0.49955296	29	15013.678	15013.878	15013.878	15014.078	15014.378
1	34	2	2	450	3	2	8	30	1	1	1	1	0.44623381	30	15015.903	15016.103	15016.103	15016.303	15016.549
1	34	2	2	451	3	6	8	1	4	2	5	1	0.60700087	1	15046.187	15046.787	15046.787	15046.987	15047.394
1	34	2	2	452	3	6	8	2	4	2	5	1	0.51253419	2	15048.812	15049.412	15049.412	15049.612	15049.924
1	34	2	2	453	3	6	8	3	3	2	4	1	0.77903285	3	15051.44	15052.04	15052.04	15052.24	15052.819
1	34	2	2	454	3	6	8	4	5	1	6	1	0.68165951	4	15054.067	15054.267	15054.267	15054.467	15054.949
1	34	2	2	455	3	6	8	5	4	2	5	1	0.7240801	5	15056.295	15056.895	15056.895	15057.095	15057.619
1	34	2	2	456	3	6	8	6	3	1	4	1	0.61102538	6	15058.923	15059.123	15059.123	15059.323	15059.734
1	34	2	2	457	3	6	8	7	6	2	7	1	0.39980819	7	15061.15	15061.75	15061.75	15061.95	15062.15
1	34	2	2	458	3	6	8	8	6	2	7	1	0.75422768	8	15063.779	15064.379	15064.379	15064.579	15065.133
1	34	2	2	459	3	6	8	9	1	1	2	1	0.63814213	9	15066.407	15066.607	15066.607	15066.807	15067.245
1	34	2	2	460	3	6	8	10	4	2	5	1	0.55179144	10	15068.635	15069.235	15069.235	15069.435	15069.787
1	34	2	2	461	3	6	8	11	1	2	2	1	0.66944752	11	15071.264	15071.864	15071.864	15072.064	15072.533
1	34	2	2	462	3	6	8	12	6	2	7	1	0.63721225	12	15073.889	15074.489	15074.489	15074.689	15075.126
1	34	2	2	463	3	6	8	13	6	1	7	1	0.43174842	13	15076.516	15076.716	15076.716	15076.916	15077.148
1	34	2	2	464	3	6	8	14	2	2	3	1	0.72439065	14	15078.744	15079.344	15079.344	15079.544	15080.069
1	34	2	2	465	3	6	8	15	2	1	3	1	0.51060794	15	15081.372	15081.572	15081.572	15081.772	15082.083
1	34	2	2	466	3	6	8	16	5	1	6	1	0.63062096	16	15083.599	15083.799	15083.799	15083.999	15084.43
1	34	2	2	467	3	6	8	17	4	1	5	1	0.6134786	17	15085.828	15086.028	15086.028	15086.228	15086.642
1	34	2	2	468	3	6	8	18	1	1	2	1	0.61128222	18	15088.057	15088.257	15088.257	15088.457	15088.868
1	34	2	2	469	3	6	8	19	5	2	6	1	0.62598217	19	15090.291	15090.891	15090.891	15091.091	15091.517
1	34	2	2	470	3	6	8	20	5	1	6	1	0.47035078	20	15092.925	15093.125	15093.125	15093.325	15093.595
1	34	2	2	471	3	6	8	21	2	1	3	1	0.68407931	21	15095.154	15095.354	15095.354	15095.554	15096.038
1	34	2	2	472	3	6	8	22	1	2	2	1	0.53429636	22	15097.383	15097.983	15097.983	15098.183	15098.517
1	34	2	2	473	3	6	8	23	2	1	3	1	0.64576837	23	15100.013	15100.213	15100.213	15100.413	15100.859
1	34	2	2	474	3	6	8	24	3	2	4	1	0.41771678	24	15102.242	15102.842	15102.842	15103.042	15103.259
1	34	2	2	475	3	6	8	25	2	2	3	1	0.59798141	25	15104.871	15105.471	15105.471	15105.671	15106.069
1	34	2	2	476	3	6	8	26	3	1	4	1	0.64837484	26	15107.5	15107.7	15107.7	15107.9	15108.348
1	34	2	2	477	3	6	8	27	6	2	7	1	0.56597914	27	15109.728	15110.328	15110.328	15110.528	15110.894
1	34	2	2	478	3	6	8	28	3	1	4	1	1.1434049	28	15112.356	15112.556	15112.556	15112.756	15113.7
1	34	2	2	479	3	6	8	29	1	1	2	1	0.84256327	29	15114.585	15114.785	15114.785	15114.985	15115.627
1	34	2	2	480	3	6	8	30	5	1	6	1	0.58951559	30	15116.814	15117.014	15117.014	15117.214	15117.603
1	34	2	2	481	3	2	9	1	1	2	1	1	0.55963024	1	15147.107	15147.707	15147.707	15147.907	15148.266
1	34	2	2	482	3	2	9	2	1	2	1	1	0.5030704	2	15149.735	15150.335	15150.335	15150.535	15150.838
1	34	2	2	483	3	2	9	3	3	2	1	1	0.48985601	3	15152.364	15152.964	15152.964	15153.164	15153.454
1	34	2	2	484	3	2	9	4	2	1	1	1	0.4365437	4	15154.993	15155.193	15155.193	15155.393	15155.63
1	34	2	2	485	3	2	9	5	1	2	1	1	0.4288505	5	15157.223	15157.823	15157.823	15158.023	15158.252
1	34	2	2	486	3	2	9	6	2	1	1	1	0.40963579	6	15159.852	15160.052	15160.052	15160.252	15160.462
1	34	2	2	487	3	2	9	7	2	2	1	1	0.41760475	7	15162.082	15162.682	15162.682	15162.882	15163.099
1	34	2	2	488	3	2	9	8	4	2	8	1	0.55925166	8	15164.71	15165.31	15165.31	15165.51	15165.869
1	34	2	2	489	3	2	9	9	5	1	8	1	0.39888832	9	15167.339	15167.539	15167.539	15167.739	15167.938
1	34	2	2	490	3	2	9	10	3	2	1	1	0.46060114	10	15169.568	15170.168	15170.168	15170.368	15170.629
1	34	2	2	491	3	2	9	11	3	2	1	1	0.4200805	11	15172.198	15172.798	15172.798	15172.998	15173.218
1	34	2	2	492	3	2	9	12	6	2	8	1	0.36266054	12	15174.827	15175.427	15175.427	15175.627	15175.79
1	34	2	2	493	3	2	9	13	1	1	1	1	0.40248003	13	15177.456	15177.656	15177.656	15177.856	15178.059
1	34	2	2	494	3	2	9	14	4	2	8	1	0.40488567	14	15179.681	15180.281	15180.281	15180.481	15180.686
1	34	2	2	495	3	2	9	15	1	1	1	1	0.62748178	15	15182.31	15182.51	15182.51	15182.71	15183.138
1	34	2	2	496	3	2	9	16	3	1	1	1	0.50420058	16	15184.541	15184.741	15184.741	15184.941	15185.245
1	34	2	2	497	3	2	9	17	5	1	8	1	0.39625583	17	15186.767	15186.967	15186.967	15187.167	15187.363
1	34	2	2	498	3	2	9	18	5	1	8	1	0.35901271	18	15188.997	15189.197	15189.197	15189.397	15189.556
1	34	2	2	499	3	2	9	19	6	2	8	1	0.56929943	19	15191.227	15191.827	15191.827	15192.027	15192.396
1	34	2	2	500	3	2	9	20	2	1	1	1	0.4856999	20	15193.856	15194.056	15194.056	15194.256	15194.542
1	34	2	2	501	3	2	9	21	5	1	8	1	0.42294206	21	15196.084	15196.284	15196.284	15196.484	15196.707
1	34	2	2	502	3	2	9	22	6	2	8	1	0.43395151	22	15198.314	15198.914	15198.914	15199.114	15199.348
1	34	2	2	503	3	2	9	23	4	1	8	1	0.42817812	23	15200.944	15201.144	15201.144	15201.344	15201.572
1	34	2	2	504	3	2	9	24	4	2	8	1	0.51443998	24	15203.171	15203.771	15203.771	15203.971	15204.285
1	34	2	2	505	3	2	9	25	4	2	8	1	0.41223087	25	15205.801	15206.401	15206.401	15206.601	15206.813
1	34	2	2	506	3	2	9	26	6	1	8	1	0.58822976	26	15208.43	15208.63	15208.63	15208.83	15209.218
1	34	2	2	507	3	2	9	27	5	2	8	1	0.37222521	27	15210.663	15211.263	15211.263	15211.463	15211.635
1	34	2	2	508	3	2	9	28	2	1	1	1	0.47381893	28	15213.292	15213.492	15213.492	15213.692	15213.966
1	34	2	2	509	3	2	9	29	6	1	8	1	0.4977122	29	15215.523	15215.723	15215.723	15215.923	15216.221
1	34	2	2	510	3	2	9	30	3	1	1	1	0.44123477	30	15217.753	15217.953	15217.953	15218.153	15218.394
1	34	2	2	511	3	6	9	1	1	2	2	1	0.68318957	1	15248.057	15248.657	15248.657	15248.857	15249.34
1	34	2	2	512	3	6	9	2	2	2	3	1	0.4743444	2	15250.684	15251.284	15251.284	15251.484	15251.758
1	34	2	2	513	3	6	9	3	4	2	5	1	0.46659676	3	15253.314	15253.914	15253.914	15254.114	15254.38
1	34	2	2	514	3	6	9	4	3	1	4	1	0.59476226	4	15255.944	15256.144	15256.144	15256.344	15256.739
1	34	2	2	515	3	6	9	5	5	2	6	1	0.54671521	5	15258.176	15258.776	15258.776	15258.976	15259.323
1	34	2	2	516	3	6	9	6	2	1	3	1	0.63913792	6	15260.807	15261.007	15261.007	15261.207	15261.646
1	34	2	2	517	3	6	9	7	4	2	5	1	0.7484566	7	15263.033	15263.633	15263.633	15263.833	15264.382
1	34	2	2	518	3	6	9	8	1	2	2	1	0.61263366	8	15265.664	15266.264	15266.264	15266.464	15266.877
1	34	2	2	519	3	6	9	9	6	1	7	1	0.82010302	9	15268.295	15268.495	15268.495	15268.695	15269.315
1	34	2	2	520	3	6	9	10	1	2	2	1	0.74430847	10	15270.526	15271.126	15271.126	15271.326	15271.87
1	34	2	2	521	3	6	9	11	3	2	4	1	0.52804787	11	15273.156	15273.756	15273.756	15273.956	15274.284
1	34	2	2	522	3	6	9	12	4	2	5	1	0.51337764	12	15275.786	15276.386	15276.386	15276.586	15276.899
1	34	2	2	523	3	6	9	13	5	1	6	1	0.40484003	13	15278.417	15278.617	15278.617	15278.817	15279.022
1	34	2	2	524	3	6	9	14	5	2	6	1	0.68495991	14	15280.647	15281.248	15281.248	15281.448	15281.932
1	34	2	2	525	3	6	9	15	2	1	3	1	0.91563052	15	15283.282	15283.482	15283.482	15283.682	15284.397
1	34	2	2	526	3	6	9	16	2	1	3	1	0.65192219	16	15285.511	15285.712	15285.712	15285.912	15286.363
1	34	2	2	527	3	6	9	17	6	1	7	1	0.76637094	17	15287.742	15287.942	15287.942	15288.142	15288.709
1	34	2	2	528	3	6	9	18	1	1	2	1	0.66180496	18	15289.973	15290.173	15290.173	15290.373	15290.835
1	34	2	2	529	3	6	9	19	6	2	7	1	0.70021591	19	15292.206	15292.806	15292.806	15293.006	15293.506
1	34	2	2	530	3	6	9	20	5	1	6	1	0.56516354	20	15294.838	15295.038	15295.038	15295.238	15295.603
1	34	2	2	531	3	6	9	21	6	1	7	1	0.66837599	21	15297.071	15297.271	15297.271	15297.471	15297.94
1	34	2	2	532	3	6	9	22	2	2	3	1	0.52208987	22	15299.299	15299.899	15299.899	15300.099	15300.421
1	34	2	2	533	3	6	9	23	4	1	5	1	0.62407604	23	15301.93	15302.13	15302.13	15302.33	15302.754
1	34	2	2	534	3	6	9	24	5	2	6	1	0.85437589	24	15304.158	15304.758	15304.758	15304.958	15305.612
1	34	2	2	535	3	6	9	25	3	2	4	1	0.82919737	25	15306.789	15307.389	15307.389	15307.589	15308.218
1	34	2	2	536	3	6	9	26	3	1	4	1	0.69949647	26	15309.424	15309.624	15309.624	15309.824	15310.324
1	34	2	2	537	3	6	9	27	6	2	7	1	0.64537906	27	15311.655	15312.255	15312.255	15312.455	15312.9
1	34	2	2	538	3	6	9	28	3	1	4	1	0.71294634	28	15314.282	15314.482	15314.482	15314.682	15315.195
1	34	2	2	539	3	6	9	29	4	1	5	1	0.60979087	29	15316.514	15316.714	15316.714	15316.914	15317.324
1	34	2	2	540	3	6	9	30	1	1	2	1	0.6822286	30	15318.745	15318.945	15318.945	15319.145	15319.627
1	34	2	2	541	4	2	10	1	1	2	1	1	0.48713477	1	15889.132	15889.732	15889.732	15889.932	15890.219
1	34	2	2	542	4	2	10	2	3	2	1	1	0.52169218	2	15891.764	15892.364	15892.364	15892.564	15892.886
1	34	2	2	543	4	2	10	3	2	2	1	1	0.45366791	3	15894.396	15894.996	15894.996	15895.196	15895.449
1	34	2	2	544	4	2	10	4	2	1	1	1	0.44108616	4	15897.028	15897.228	15897.228	15897.428	15897.669
1	34	2	2	545	4	2	10	5	1	2	1	1	0.4636897	5	15899.259	15899.859	15899.859	15900.059	15900.322
1	34	2	2	546	4	2	10	6	2	1	1	1	0.4933366	6	15901.892	15902.093	15902.093	15902.293	15902.586
1	34	2	2	547	4	2	10	7	4	2	8	1	0.39152555	7	15904.124	15904.724	15904.724	15904.924	15905.115
1	34	2	2	548	4	2	10	8	1	2	1	1	0.66329623	8	15906.756	15907.356	15907.356	15907.556	15908.019
1	34	2	2	549	4	2	10	9	6	1	8	1	0.46454124	9	15909.387	15909.587	15909.587	15909.787	15910.052
1	34	2	2	550	4	2	10	10	3	2	1	1	0.49794193	10	15911.618	15912.218	15912.218	15912.418	15912.716
1	34	2	2	551	4	2	10	11	5	2	8	1	0.46659294	11	15914.25	15914.85	15914.85	15915.05	15915.316
1	34	2	2	552	4	2	10	12	6	2	8	1	0.49772152	12	15916.881	15917.481	15917.481	15917.681	15917.979
1	34	2	2	553	4	2	10	13	4	1	8	1	0.41368962	13	15919.512	15919.712	15919.712	15919.912	15920.126
1	34	2	2	554	4	2	10	14	5	2	8	1	0.41087011	14	15921.744	15922.344	15922.344	15922.544	15922.754
1	34	2	2	555	4	2	10	15	6	1	8	1	0.36762098	15	15924.374	15924.574	15924.574	15924.774	15924.942
1	34	2	2	556	4	2	10	16	3	1	1	1	0.47614613	16	15926.606	15926.806	15926.806	15927.006	15927.282
1	34	2	2	557	4	2	10	17	3	1	1	1	0.42154631	17	15928.838	15929.038	15929.038	15929.238	15929.459
1	34	2	2	558	4	2	10	18	6	1	8	1	0.3479335	18	15931.07	15931.27	15931.27	15931.47	15931.618
1	34	2	2	559	4	2	10	19	4	2	8	1	0.42621756	19	15933.306	15933.906	15933.906	15934.106	15934.333
1	34	2	2	560	4	2	10	20	3	1	1	1	0.44430249	20	15935.938	15936.138	15936.138	15936.338	15936.582
1	34	2	2	561	4	2	10	21	2	1	1	1	0.43534324	21	15938.169	15938.369	15938.369	15938.569	15938.805
1	34	2	2	562	4	2	10	22	4	2	8	1	0.39449188	22	15940.403	15941.003	15941.003	15941.203	15941.397
1	34	2	2	563	4	2	10	23	5	1	8	1	0.41070956	23	15943.035	15943.235	15943.235	15943.435	15943.646
1	34	2	2	564	4	2	10	24	4	2	8	1	0.37477634	24	15945.263	15945.863	15945.863	15946.063	15946.238
1	34	2	2	565	4	2	10	25	1	2	1	1	0.42901724	25	15947.895	15948.495	15948.495	15948.695	15948.924
1	34	2	2	566	4	2	10	26	2	1	1	1	0.43541036	26	15950.527	15950.727	15950.727	15950.927	15951.162
1	34	2	2	567	4	2	10	27	6	2	8	1	0.45368133	27	15952.758	15953.358	15953.358	15953.558	15953.812
1	34	2	2	568	4	2	10	28	5	1	8	1	0.43709256	28	15955.392	15955.592	15955.592	15955.792	15956.029
1	34	2	2	569	4	2	10	29	5	1	8	1	0.4343721	29	15957.625	15957.825	15957.825	15958.025	15958.26
1	34	2	2	570	4	2	10	30	1	1	1	1	0.45450027	30	15959.862	15960.062	15960.062	15960.262	15960.516
1	34	2	2	571	4	6	10	1	3	2	4	1	0.71581209	1	15990.152	15990.752	15990.752	15990.952	15991.467
1	34	2	2	572	4	6	10	2	3	2	4	1	0.56749612	2	15992.787	15993.387	15993.387	15993.587	15993.955
1	34	2	2	573	4	6	10	3	6	2	7	1	0.63978018	3	15995.419	15996.019	15996.019	15996.219	15996.659
1	34	2	2	574	4	6	10	4	5	1	6	1	0.86833911	4	15998.048	15998.248	15998.248	15998.448	15999.117
1	34	2	2	575	4	6	10	5	5	2	6	1	0.44320363	5	16000.282	16000.882	16000.882	16001.082	16001.325
1	34	2	2	576	4	6	10	6	6	1	7	1	0.66642062	6	16002.914	16003.114	16003.114	16003.314	16003.781
1	34	2	2	577	4	6	10	7	3	2	4	1	0.68065531	7	16005.148	16005.748	16005.748	16005.948	16006.428
1	34	2	2	578	4	6	10	8	5	2	6	1	0.6953489	8	16007.781	16008.381	16008.381	16008.581	16009.076
1	34	2	2	579	4	6	10	9	2	1	3	1	0.59125765	9	16010.413	16010.613	16010.613	16010.813	16011.204
1	34	2	2	580	4	6	10	10	1	2	2	1	0.60790969	10	16012.646	16013.246	16013.246	16013.446	16013.854
1	34	2	2	581	4	6	10	11	1	2	2	1	0.64351956	11	16015.279	16015.879	16015.879	16016.079	16016.522
1	34	2	2	582	4	6	10	12	4	2	5	1	0.61128039	12	16017.912	16018.512	16018.512	16018.712	16019.123
1	34	2	2	583	4	6	10	13	1	1	2	1	0.78665926	13	16020.544	16020.744	16020.744	16020.944	16021.531
1	34	2	2	584	4	6	10	14	4	2	5	1	0.61113832	14	16022.777	16023.377	16023.377	16023.577	16023.989
1	34	2	2	585	4	6	10	15	4	1	5	1	0.48961322	15	16025.411	16025.611	16025.611	16025.811	16026.101
1	34	2	2	586	4	6	10	16	2	1	3	1	0.63715561	16	16027.645	16027.845	16027.845	16028.045	16028.482
1	34	2	2	587	4	6	10	17	6	1	7	1	0.73382771	17	16029.879	16030.079	16030.079	16030.279	16030.812
1	34	2	2	588	4	6	10	18	6	1	7	1	0.53279683	18	16032.112	16032.312	16032.312	16032.512	16032.844
1	34	2	2	589	4	6	10	19	6	2	7	1	0.39370292	19	16034.344	16034.944	16034.944	16035.144	16035.338
1	34	2	2	590	4	6	10	20	3	1	4	1	0.6240366	20	16036.978	16037.178	16037.178	16037.378	16037.802
1	34	2	2	591	4	6	10	21	3	1	4	1	0.44141	21	16039.212	16039.412	16039.412	16039.612	16039.853
1	34	2	2	592	4	6	10	22	1	2	2	1	0.47653642	22	16041.446	16042.046	16042.046	16042.246	16042.522
1	34	2	2	593	4	6	10	23	2	1	3	1	0.59551016	23	16044.079	16044.279	16044.279	16044.479	16044.874
1	34	2	2	594	4	6	10	24	2	2	3	1	0.67241404	24	16046.316	16046.916	16046.916	16047.116	16047.589
1	34	2	2	595	4	6	10	25	4	2	5	1	0.66134793	25	16048.95	16049.55	16049.55	16049.75	16050.211
1	34	2	2	596	4	6	10	26	2	1	3	1	0.73035888	26	16051.584	16051.784	16051.784	16051.984	16052.514
1	34	2	2	597	4	6	10	27	1	2	2	1	0.79005184	27	16053.815	16054.415	16054.415	16054.615	16055.205
1	34	2	2	598	4	6	10	28	5	1	6	1	0.52907685	28	16056.448	16056.648	16056.648	16056.848	16057.178
1	34	2	2	599	4	6	10	29	5	1	6	1	0.44016998	29	16058.683	16058.883	16058.883	16059.083	16059.323
1	34	2	2	600	4	6	10	30	4	1	5	1	0.72044364	30	16060.917	16061.117	16061.117	16061.317	16061.838
1	34	2	2	601	4	2	11	1	4	2	8	1	0.43324762	1	16091.212	16091.812	16091.812	16092.012	16092.245
1	34	2	2	602	4	2	11	2	3	2	1	1	0.47372105	2	16093.846	16094.446	16094.446	16094.646	16094.92
1	34	2	2	603	4	2	11	3	1	2	1	1	0.41380246	3	16096.479	16097.079	16097.079	16097.279	16097.493
1	34	2	2	604	4	2	11	4	2	1	1	1	0.37759418	4	16099.113	16099.313	16099.313	16099.513	16099.69
1	34	2	2	605	4	2	11	5	1	2	1	1	0.50649026	5	16101.346	16101.946	16101.946	16102.146	16102.452
1	34	2	2	606	4	2	11	6	4	1	8	1	0.4425589	6	16103.98	16104.18	16104.18	16104.38	16104.622
1	34	2	2	607	4	2	11	7	6	2	8	1	0.40323633	7	16106.216	16106.816	16106.816	16107.016	16107.219
1	34	2	2	608	4	2	11	8	2	2	1	1	0.40602256	8	16108.853	16109.453	16109.453	16109.653	16109.859
1	34	2	2	609	4	2	11	9	1	1	1	1	0.46603042	9	16111.492	16111.692	16111.692	16111.892	16112.158
1	34	2	2	610	4	2	11	10	6	2	8	1	0.4413404	10	16113.723	16114.323	16114.323	16114.523	16114.765
1	34	2	2	611	4	2	11	11	5	2	8	1	0.4963955	11	16116.358	16116.958	16116.958	16117.158	16117.454
1	34	2	2	612	4	2	11	12	6	2	8	1	0.49298942	12	16118.992	16119.592	16119.592	16119.792	16120.085
1	34	2	2	613	4	2	11	13	5	1	8	1	0.38407883	13	16121.627	16121.827	16121.827	16122.027	16122.211
1	34	2	2	614	4	2	11	14	5	2	8	1	0.42933797	14	16123.862	16124.462	16124.462	16124.662	16124.891
1	34	2	2	615	4	2	11	15	2	1	1	1	0.52123672	15	16126.497	16126.697	16126.697	16126.897	16127.218
1	34	2	2	616	4	2	11	16	6	1	8	1	0.49843345	16	16128.73	16128.93	16128.93	16129.13	16129.429
1	34	2	2	617	4	2	11	17	2	1	1	1	0.46101477	17	16130.961	16131.161	16131.161	16131.361	16131.622
1	34	2	2	618	4	2	11	18	4	1	8	1	0.47302067	18	16133.193	16133.393	16133.393	16133.593	16133.866
1	34	2	2	619	4	2	11	19	2	2	1	1	0.52106867	19	16135.427	16136.027	16136.027	16136.227	16136.548
1	34	2	2	620	4	2	11	20	3	1	1	1	0.44378014	20	16138.062	16138.262	16138.262	16138.462	16138.706
1	34	2	2	621	4	2	11	21	6	1	8	1	0.51503606	21	16140.297	16140.497	16140.497	16140.697	16141.012
1	34	2	2	622	4	2	11	22	4	2	8	1	0.42554062	22	16142.532	16143.132	16143.132	16143.332	16143.558
1	34	2	2	623	4	2	11	23	4	1	8	1	0.43175643	23	16145.166	16145.366	16145.366	16145.566	16145.798
1	34	2	2	624	4	2	11	24	3	2	1	1	0.46005951	24	16147.401	16148.001	16148.001	16148.201	16148.461
1	34	2	2	625	4	2	11	25	5	2	8	1	0.41712954	25	16150.035	16150.635	16150.635	16150.835	16151.052
1	34	2	2	626	4	2	11	26	3	1	1	1	0.52359721	26	16152.67	16152.87	16152.87	16153.07	16153.394
1	34	2	2	627	4	2	11	27	1	2	1	1	0.56037231	27	16154.906	16155.506	16155.506	16155.706	16156.066
1	34	2	2	628	4	2	11	28	3	1	1	1	0.92671137	28	16157.541	16157.741	16157.741	16157.941	16158.668
1	34	2	2	629	4	2	11	29	1	1	1	1	0.48216739	29	16159.775	16159.975	16159.975	16160.175	16160.458
1	34	2	2	630	4	2	11	30	5	1	8	1	0.47198765	30	16162.01	16162.21	16162.21	16162.41	16162.682
1	34	2	2	631	4	6	11	1	2	2	3	1	0.79227631	1	16192.302	16192.902	16192.902	16193.102	16193.694
1	34	2	2	632	4	6	11	2	1	2	2	1	0.6429707	2	16194.938	16195.538	16195.538	16195.738	16196.181
1	34	2	2	633	4	6	11	3	5	2	6	1	0.67173178	3	16197.573	16198.173	16198.173	16198.373	16198.845
1	34	2	2	634	4	6	11	4	6	1	7	1	0.5929292	4	16200.21	16200.41	16200.41	16200.61	16201.003
1	34	2	2	635	4	6	11	5	2	2	3	1	0.60561992	5	16202.445	16203.045	16203.045	16203.245	16203.651
1	34	2	2	636	4	6	11	6	3	1	4	1	0.68874258	6	16205.082	16205.282	16205.282	16205.482	16205.97
1	34	2	2	637	4	6	11	7	1	2	2	1	0.65353744	7	16207.317	16207.917	16207.917	16208.117	16208.57
1	34	2	2	638	4	6	11	8	4	2	5	1	0.40632801	8	16209.952	16210.552	16210.552	16210.752	16210.958
1	34	2	2	639	4	6	11	9	1	1	2	1	0.63993338	9	16212.588	16212.788	16212.788	16212.988	16213.428
1	34	2	2	640	4	6	11	10	5	2	6	1	0.43559693	10	16214.823	16215.423	16215.423	16215.623	16215.859
1	34	2	2	641	4	6	11	11	5	2	6	1	0.55457586	11	16217.459	16218.059	16218.059	16218.259	16218.614
1	34	2	2	642	4	6	11	12	3	2	4	1	0.77307454	12	16220.095	16220.695	16220.695	16220.895	16221.468
1	34	2	2	643	4	6	11	13	3	1	4	1	0.45588867	13	16222.73	16222.93	16222.93	16223.13	16223.386
1	34	2	2	644	4	6	11	14	2	2	3	1	0.52699017	14	16224.965	16225.565	16225.565	16225.765	16226.092
1	34	2	2	645	4	6	11	15	4	1	5	1	0.65248978	15	16227.601	16227.801	16227.801	16228.001	16228.454
1	34	2	2	646	4	6	11	16	1	1	2	1	0.75822189	16	16229.837	16230.037	16230.037	16230.237	16230.795
1	34	2	2	647	4	6	11	17	4	1	5	1	0.68909552	17	16232.073	16232.273	16232.273	16232.473	16232.962
1	34	2	2	648	4	6	11	18	3	1	4	1	0.72736089	18	16234.308	16234.508	16234.508	16234.708	16235.236
1	34	2	2	649	4	6	11	19	3	2	4	1	0.51218344	19	16236.548	16237.148	16237.148	16237.348	16237.661
1	34	2	2	650	4	6	11	20	2	1	3	1	0.67694172	20	16239.184	16239.384	16239.384	16239.584	16240.061
1	34	2	2	651	4	6	11	21	5	1	6	1	0.65273223	21	16241.417	16241.617	16241.617	16241.817	16242.27
1	34	2	2	652	4	6	11	22	5	2	6	1	0.49297487	22	16243.654	16244.254	16244.254	16244.454	16244.746
1	34	2	2	653	4	6	11	23	6	1	7	1	0.60482324	23	16246.289	16246.489	16246.489	16246.689	16247.094
1	34	2	2	654	4	6	11	24	4	2	5	1	0.639459	24	16248.525	16249.125	16249.125	16249.325	16249.765
1	34	2	2	655	4	6	11	25	6	2	7	1	0.69969573	25	16251.162	16251.762	16251.762	16251.962	16252.462
1	34	2	2	656	4	6	11	26	4	1	5	1	0.6371692	26	16253.798	16253.998	16253.998	16254.198	16254.635
1	34	2	2	657	4	6	11	27	6	2	7	1	0.5068456	27	16256.034	16256.634	16256.634	16256.834	16257.141
1	34	2	2	658	4	6	11	28	1	1	2	1	0.4927181	28	16258.671	16258.871	16258.871	16259.071	16259.364
1	34	2	2	659	4	6	11	29	6	1	7	1	0.64542697	29	16260.907	16261.107	16261.107	16261.307	16261.752
1	34	2	2	660	4	6	11	30	2	1	3	1	0.62045213	30	16263.143	16263.343	16263.343	16263.543	16263.963
1	34	2	2	661	4	2	12	1	4	2	8	1	0.49819162	1	16293.442	16294.042	16294.042	16294.242	16294.54
1	34	2	2	662	4	2	12	2	6	2	8	1	0.51112651	2	16296.076	16296.676	16296.676	16296.876	16297.187
1	34	2	2	663	4	2	12	3	4	2	8	1	0.5086697	3	16298.712	16299.312	16299.312	16299.512	16299.821
1	34	2	2	664	4	2	12	4	5	1	8	1	0.6114138	4	16301.35	16301.55	16301.55	16301.75	16302.162
1	34	2	2	665	4	2	12	5	5	2	8	1	0.48078867	5	16303.587	16304.187	16304.187	16304.387	16304.667
1	34	2	2	666	4	2	12	6	5	1	8	1	0.50024588	6	16306.223	16306.423	16306.423	16306.623	16306.923
1	34	2	2	667	4	2	12	7	4	2	8	1	0.42540889	7	16308.459	16309.059	16309.059	16309.259	16309.485
1	34	2	2	668	4	2	12	8	5	2	8	1	0.42242281	8	16311.1	16311.7	16311.7	16311.9	16312.122
1	34	2	2	669	4	2	12	9	4	1	8	1	0.4190234	9	16313.736	16313.936	16313.936	16314.136	16314.355
1	34	2	2	670	4	2	12	10	2	2	1	1	0.41007755	10	16315.97	16316.57	16316.57	16316.77	16316.98
1	34	2	2	671	4	2	12	11	1	2	1	1	0.42064555	11	16318.608	16319.208	16319.208	16319.408	16319.628
1	34	2	2	672	4	2	12	12	6	2	8	1	0.39106557	12	16321.245	16321.845	16321.845	16322.045	16322.236
1	34	2	2	673	4	2	12	13	3	1	1	1	0.46929275	13	16323.881	16324.081	16324.081	16324.281	16324.55
1	34	2	2	674	4	2	12	14	6	2	8	1	0.43184506	14	16326.118	16326.718	16326.718	16326.918	16327.15
1	34	2	2	675	4	2	12	15	3	1	1	1	0.41731648	15	16328.755	16328.955	16328.955	16329.155	16329.372
1	34	2	2	676	4	2	12	16	2	1	1	1	0.35546519	16	16330.992	16331.192	16331.192	16331.392	16331.548
1	34	2	2	677	4	2	12	17	3	1	1	1	0.40123501	17	16333.226	16333.426	16333.426	16333.626	16333.827
1	34	2	2	678	4	2	12	18	6	1	8	1	0.39147897	18	16335.463	16335.663	16335.663	16335.863	16336.054
1	34	2	2	679	4	2	12	19	3	2	1	1	0.44809791	19	16337.699	16338.299	16338.299	16338.499	16338.747
1	34	2	2	680	4	2	12	20	5	1	8	1	0.51228078	20	16340.337	16340.537	16340.537	16340.737	16341.049
1	34	2	2	681	4	2	12	21	1	1	1	1	0.56989027	21	16342.57	16342.77	16342.77	16342.97	16343.34
1	34	2	2	682	4	2	12	22	2	2	1	1	0.52453408	22	16344.807	16345.407	16345.407	16345.607	16345.932
1	34	2	2	683	4	2	12	23	2	1	1	1	0.47015941	23	16347.444	16347.644	16347.644	16347.844	16348.114
1	34	2	2	684	4	2	12	24	1	2	1	1	0.51326802	24	16349.681	16350.281	16350.281	16350.481	16350.794
1	34	2	2	685	4	2	12	25	1	2	1	1	0.39602138	25	16352.318	16352.918	16352.918	16353.118	16353.314
1	34	2	2	686	4	2	12	26	2	1	1	1	0.41336357	26	16354.957	16355.157	16355.157	16355.357	16355.57
1	34	2	2	687	4	2	12	27	6	2	8	1	0.38636658	27	16357.194	16357.794	16357.794	16357.994	16358.181
1	34	2	2	688	4	2	12	28	1	1	1	1	0.46396424	28	16359.837	16360.037	16360.037	16360.237	16360.501
1	34	2	2	689	4	2	12	29	4	1	8	1	0.60731626	29	16362.075	16362.275	16362.275	16362.475	16362.882
1	34	2	2	690	4	2	12	30	3	1	1	1	0.45031614	30	16364.314	16364.514	16364.514	16364.714	16364.964
1	34	2	2	691	4	6	12	1	2	2	3	1	0.62270248	1	16394.612	16395.212	16395.212	16395.412	16395.835
1	34	2	2	692	4	6	12	2	5	2	6	1	0.69842952	2	16397.25	16397.85	16397.85	16398.05	16398.548
1	34	2	2	693	4	6	12	3	6	2	7	1	0.61104372	3	16399.888	16400.488	16400.488	16400.688	16401.099
1	34	2	2	694	4	6	12	4	1	1	2	1	0.60540728	4	16402.525	16402.725	16402.725	16402.925	16403.33
1	34	2	2	695	4	6	12	5	1	2	2	1	0.55952291	5	16404.763	16405.363	16405.363	16405.563	16405.923
1	34	2	2	696	4	6	12	6	3	1	4	1	1.015925	6	16407.401	16407.601	16407.601	16407.801	16408.617
1	34	2	2	697	4	6	12	7	5	2	6	1	0.81981615	7	16409.638	16410.238	16410.238	16410.438	16411.058
1	34	2	2	698	4	6	12	8	2	2	3	1	0.64780333	8	16412.274	16412.874	16412.874	16413.074	16413.522
1	34	2	2	699	4	6	12	9	1	1	2	1	0.53926979	9	16414.913	16415.113	16415.113	16415.313	16415.653
1	34	2	2	700	4	6	12	10	6	2	7	1	0.58757308	10	16417.151	16417.751	16417.751	16417.951	16418.338
1	34	2	2	701	4	6	12	11	5	2	6	1	0.63716345	11	16419.789	16420.389	16420.389	16420.589	16421.026
1	34	2	2	702	4	6	12	12	1	2	2	1	0.6106214	12	16422.427	16423.027	16423.027	16423.227	16423.638
1	34	2	2	703	4	6	12	13	5	1	6	1	0.6057833	13	16425.062	16425.262	16425.262	16425.462	16425.868
1	34	2	2	704	4	6	12	14	2	2	3	1	0.61989228	14	16427.302	16427.902	16427.902	16428.102	16428.522
1	34	2	2	705	4	6	12	15	3	1	4	1	0.61493825	15	16429.939	16430.139	16430.139	16430.339	16430.754
1	34	2	2	706	4	6	12	16	2	1	3	1	0.57701385	16	16432.177	16432.377	16432.377	16432.577	16432.954
1	34	2	2	707	4	6	12	17	6	1	7	1	0.58918314	17	16434.415	16434.615	16434.615	16434.815	16435.204
1	34	2	2	708	4	6	12	18	1	1	2	1	0.65086566	18	16436.65	16436.85	16436.85	16437.05	16437.501
1	34	2	2	709	4	6	12	19	6	2	7	1	0.72136646	19	16438.889	16439.489	16439.489	16439.689	16440.211
1	34	2	2	710	4	6	12	20	3	1	4	1	0.68427855	20	16441.528	16441.728	16441.728	16441.928	16442.412
1	34	2	2	711	4	6	12	21	2	1	3	1	0.59189704	21	16443.765	16443.965	16443.965	16444.165	16444.557
1	34	2	2	712	4	6	12	22	3	2	4	1	0.75223925	22	16446.005	16446.605	16446.605	16446.805	16447.357
1	34	2	2	713	4	6	12	23	4	1	5	1	0.57555511	23	16448.644	16448.844	16448.844	16449.044	16449.419
1	34	2	2	714	4	6	12	24	4	2	5	1	0.52895401	24	16450.882	16451.482	16451.482	16451.682	16452.01
1	34	2	2	715	4	6	12	25	4	2	5	1	0.50097367	25	16453.52	16454.12	16454.12	16454.32	16454.621
1	34	2	2	716	4	6	12	26	4	1	5	1	0.54312392	26	16456.159	16456.359	16456.359	16456.559	16456.902
1	34	2	2	717	4	6	12	27	3	2	4	1	0.71018444	27	16458.397	16458.997	16458.997	16459.197	16459.708
1	34	2	2	718	4	6	12	28	6	1	7	1	0.62561497	28	16461.036	16461.236	16461.236	16461.436	16461.862
1	34	2	2	719	4	6	12	29	5	1	6	1	0.41633574	29	16463.275	16463.475	16463.475	16463.675	16463.891
1	34	2	2	720	4	6	12	30	4	1	5	1	0.61135225	30	16465.514	16465.714	16465.714	16465.914	16466.325
