7	5	0	3	2	4	6	1	0	0	0	0	0	0	0	0	0	0	0	0
3	21	1	1	1	1	6	1	1	4	1	0	0	-11690.319	0	11690.119	11690.319	11690.319	11690.52	0
3	21	1	1	2	1	6	1	2	4	2	7	0	0.74759958	0	11692.634	11693.234	11693.234	11693.434	11693.982
3	21	1	1	3	1	6	1	3	3	1	6	0	0.44063022	0	11695.55	11695.75	11695.75	11695.95	11696.19
3	21	1	1	4	1	6	1	4	1	1	1	1	1.1501623	1	11698.063	11698.263	11698.263	11698.463	11699.413
3	21	1	1	5	1	6	1	5	1	2	1	1	0.82196254	2	11700.269	11700.869	11700.869	11701.069	11701.691
3	21	1	1	6	1	6	1	6	2	2	7	0	1.5776584	2	11702.875	11703.475	11703.475	11703.675	11705.053
3	21	1	1	7	1	6	1	7	3	1	6	0	1.0894126	2	11705.789	11705.989	11705.989	11706.189	11707.078
3	21	1	1	8	1	6	1	8	4	2	0	0	-11708.905	2	11708.305	11708.905	11708.905	11709.105	0
3	21	1	1	9	1	6	1	9	4	2	0	0	-11711.811	2	11711.211	11711.811	11711.811	11712.011	0
3	21	1	1	10	1	6	1	10	5	1	0	0	-11714.316	2	11714.116	11714.316	11714.316	11714.516	0
3	21	1	1	11	1	6	1	11	3	2	0	0	-11717.223	2	11716.623	11717.223	11717.223	11717.423	0
3	21	1	1	12	1	6	1	12	1	1	1	1	1.0738866	3	11719.529	11719.729	11719.729	11719.929	11720.803
3	21	1	1	13	1	6	1	13	2	2	0	0	-11722.335	3	11721.735	11722.335	11722.335	11722.535	0
3	21	1	1	14	1	6	1	14	6	1	3	0	1.1646405	3	11724.64	11724.841	11724.841	11725.041	11726.005
3	21	1	1	15	1	6	1	15	2	1	1	0	1.3004481	3	11727.154	11727.354	11727.354	11727.554	11728.654
3	21	1	1	16	1	6	1	16	5	2	0	0	-11730.27	3	11729.67	11730.27	11730.27	11730.47	0
3	21	1	1	17	1	6	1	17	5	2	7	1	0.32504836	4	11732.576	11733.176	11733.176	11733.376	11733.501
3	21	1	1	18	1	6	1	18	5	1	7	1	1.7579753	5	11735.182	11735.382	11735.382	11735.582	11737.14
3	21	1	1	19	1	6	1	19	2	2	0	0	-11737.988	5	11737.388	11737.988	11737.988	11738.188	0
3	21	1	1	20	1	6	1	20	5	1	7	1	1.0523843	6	11740.294	11740.494	11740.494	11740.694	11741.546
3	21	1	1	21	1	6	1	21	1	1	1	1	1.3133923	7	11742.5	11742.7	11742.7	11742.9	11744.013
3	21	1	1	22	1	6	1	22	6	2	8	1	1.7313424	8	11744.706	11745.306	11745.306	11745.506	11747.037
3	21	1	1	23	1	6	1	23	3	1	2	0	1.2218054	8	11747.312	11747.512	11747.512	11747.712	11748.734
3	21	1	1	24	1	6	1	24	1	1	1	1	0.9556326	9	11749.826	11750.026	11750.026	11750.226	11750.982
3	21	1	1	25	1	6	1	25	6	2	8	1	1.229056	10	11752.033	11752.633	11752.633	11752.833	11753.862
3	21	1	1	26	1	6	1	26	4	1	7	0	1.6989879	10	11754.639	11754.839	11754.839	11755.039	11756.538
3	21	1	1	27	1	6	1	27	2	2	7	0	1.5970076	10	11757.15	11757.75	11757.75	11757.95	11759.347
3	21	1	1	28	1	6	1	28	6	2	8	1	1.0485814	11	11760.068	11760.668	11760.668	11760.868	11761.717
3	21	1	1	29	1	6	1	29	6	1	8	1	0.94668827	12	11762.674	11762.874	11762.874	11763.074	11763.821
3	21	1	1	30	1	6	1	30	3	2	2	0	1.3529939	12	11764.881	11765.481	11765.481	11765.681	11766.834
3	21	1	1	31	1	2	1	1	6	1	5	1	0.5944632	1	11805.77	11805.97	11805.97	11806.17	11806.564
3	21	1	1	32	1	2	1	2	6	2	5	1	0.55284521	2	11807.98	11808.58	11808.58	11808.78	11809.133
3	21	1	1	33	1	2	1	3	5	1	5	1	0.51233035	3	11810.588	11810.788	11810.788	11810.988	11811.3
3	21	1	1	34	1	2	1	4	4	1	5	1	0.51977283	4	11812.794	11812.994	11812.994	11813.194	11813.514
3	21	1	1	35	1	2	1	5	3	2	4	1	0.51292889	5	11815.001	11815.601	11815.601	11815.801	11816.114
3	21	1	1	36	1	2	1	6	6	2	5	1	0.76439324	6	11817.609	11818.209	11818.209	11818.409	11818.974
3	21	1	1	37	1	2	1	7	4	1	5	1	0.77066349	7	11820.216	11820.416	11820.416	11820.616	11821.187
3	21	1	1	38	1	2	1	8	1	2	4	1	0.83935521	8	11822.423	11823.023	11823.023	11823.223	11823.862
3	21	1	1	39	1	2	1	9	1	2	4	1	0.91739592	9	11825.03	11825.63	11825.63	11825.83	11826.547
3	21	1	1	40	1	2	1	10	3	1	4	1	0.64688386	10	11827.637	11827.837	11827.837	11828.037	11828.484
3	21	1	1	41	1	2	1	11	4	2	5	1	0.68789247	11	11829.845	11830.445	11830.445	11830.645	11831.133
3	21	1	1	42	1	2	1	12	4	1	4	0	1.6055364	11	11832.452	11832.652	11832.652	11832.852	11834.258
3	21	1	1	43	1	2	1	13	2	2	4	1	1.4504086	12	11834.97	11835.57	11835.57	11835.77	11837.02
3	21	1	1	44	1	2	1	14	1	1	4	1	0.6647408	13	11837.577	11837.777	11837.777	11837.977	11838.442
3	21	1	1	45	1	2	1	15	6	1	5	1	0.58096514	14	11839.784	11839.984	11839.984	11840.184	11840.565
3	21	1	1	46	1	2	1	16	3	2	4	1	0.7076036	15	11841.992	11842.592	11842.592	11842.792	11843.299
3	21	1	1	47	1	2	1	17	3	2	4	1	0.6063034	16	11844.599	11845.199	11845.199	11845.399	11845.805
3	21	1	1	48	1	2	1	18	2	1	4	1	0.46789388	17	11847.207	11847.407	11847.407	11847.607	11847.874
3	21	1	1	49	1	2	1	19	5	2	5	1	0.64656274	18	11849.414	11850.014	11850.014	11850.214	11850.661
3	21	1	1	50	1	2	1	20	2	1	4	1	0.50365901	19	11852.021	11852.221	11852.221	11852.421	11852.725
3	21	1	1	51	1	2	1	21	5	1	5	1	0.64670871	20	11854.229	11854.429	11854.429	11854.629	11855.076
3	21	1	1	52	1	2	1	22	6	2	5	1	0.60534761	21	11856.437	11857.037	11857.037	11857.237	11857.642
3	21	1	1	53	1	2	1	23	2	1	4	1	0.48481392	22	11859.045	11859.245	11859.245	11859.445	11859.729
3	21	1	1	54	1	2	1	24	3	1	4	1	1.0879128	23	11861.252	11861.452	11861.452	11861.652	11862.54
3	21	1	1	55	1	2	1	25	1	2	4	1	0.59297244	24	11863.459	11864.059	11864.059	11864.259	11864.652
3	21	1	1	56	1	2	1	26	1	1	4	1	0.46946912	25	11866.067	11866.267	11866.267	11866.467	11866.736
3	21	1	1	57	1	2	1	27	4	2	5	1	0.53053093	26	11868.275	11868.875	11868.875	11869.075	11869.405
3	21	1	1	58	1	2	1	28	5	2	5	1	0.70304669	27	11870.884	11871.484	11871.484	11871.684	11872.187
3	21	1	1	59	1	2	1	29	2	1	4	1	0.80851385	28	11873.492	11873.692	11873.692	11873.892	11874.5
3	21	1	1	60	1	2	1	30	5	2	5	1	1.2941016	29	11875.702	11876.302	11876.302	11876.502	11877.596
3	21	1	1	61	1	6	2	1	6	1	8	1	0.92194625	30	11990.762	11990.962	11990.963	11991.163	11991.884
3	21	1	1	62	1	6	2	2	6	2	8	1	0.64249254	31	11992.971	11993.571	11993.571	11993.771	11994.214
3	21	1	1	63	1	6	2	3	5	1	7	1	1.403051	32	11995.583	11995.783	11995.783	11995.983	11997.186
3	21	1	1	64	1	6	2	4	4	1	6	1	1.4914323	33	11997.791	11997.991	11997.991	11998.191	11999.482
3	21	1	1	65	1	6	2	5	3	2	3	1	1.9996078	34	12000	12000.6	12000.6	12000.8	12002.6
3	21	1	1	66	1	6	2	6	6	2	8	1	1.0567219	35	12002.611	12003.211	12003.211	12003.411	12004.268
3	21	1	1	67	1	6	2	7	4	1	6	1	1.3520064	36	12005.219	12005.419	12005.419	12005.619	12006.771
3	21	1	1	68	1	6	2	8	1	2	1	1	0.86595525	37	12007.427	12008.027	12008.027	12008.227	12008.893
3	21	1	1	69	1	6	2	9	1	2	1	1	0.71306197	38	12010.035	12010.635	12010.635	12010.835	12011.348
3	21	1	1	70	1	6	2	10	3	1	3	1	1.846246	39	12012.644	12012.844	12012.844	12013.044	12014.69
3	21	1	1	71	1	6	2	11	4	2	6	1	1.2545494	40	12014.852	12015.452	12015.452	12015.652	12016.706
3	21	1	1	72	1	6	2	12	4	1	6	1	0.90378592	41	12017.46	12017.66	12017.66	12017.86	12018.564
3	21	1	1	73	1	6	2	13	2	2	2	1	1.3762513	42	12019.669	12020.269	12020.269	12020.469	12021.645
3	21	1	1	74	1	6	2	14	1	1	1	1	1.389874	43	12022.277	12022.477	12022.477	12022.677	12023.867
3	21	1	1	75	1	6	2	15	6	1	8	1	0.91922566	44	12024.486	12024.686	12024.686	12024.886	12025.605
3	21	1	1	76	1	6	2	16	3	2	6	0	1.1912158	44	12026.695	12027.295	12027.295	12027.495	12028.486
3	21	1	1	77	1	6	2	17	3	2	3	1	0.71400106	45	12029.617	12030.217	12030.217	12030.417	12030.931
3	21	1	1	78	1	6	2	18	2	1	7	0	1.5403855	45	12032.225	12032.425	12032.425	12032.625	12033.965
3	21	1	1	79	1	6	2	19	5	2	0	0	-12035.349	45	12034.749	12035.349	12035.349	12035.549	0
3	21	1	1	80	1	6	2	20	2	1	0	0	-12037.857	45	12037.657	12037.857	12037.857	12038.057	0
3	21	1	1	81	1	6	2	21	5	1	7	1	1.4927394	46	12040.166	12040.366	12040.366	12040.566	12041.859
3	21	1	1	82	1	6	2	22	6	2	8	1	1.3791325	47	12042.375	12042.975	12042.975	12043.175	12044.354
3	21	1	1	83	1	6	2	23	2	1	2	1	1.4588835	48	12044.984	12045.184	12045.184	12045.384	12046.642
3	21	1	1	84	1	6	2	24	3	1	3	1	1.3305498	49	12047.192	12047.392	12047.392	12047.592	12048.722
3	21	1	1	85	1	6	2	25	1	2	1	1	1.1952897	50	12049.401	12050.001	12050.001	12050.201	12051.196
3	21	1	1	86	1	6	2	26	1	1	1	1	0.7118848	51	12052.01	12052.21	12052.21	12052.41	12052.922
3	21	1	1	87	1	6	2	27	4	2	6	1	1.5587398	52	12054.219	12054.819	12054.819	12055.019	12056.378
3	21	1	1	88	1	6	2	28	5	2	7	1	1.9439291	53	12056.828	12057.428	12057.428	12057.628	12059.372
3	21	1	1	89	1	6	2	29	2	1	7	0	1.3994011	53	12059.437	12059.637	12059.637	12059.837	12061.036
3	21	1	1	90	1	6	2	30	5	2	2	0	1.6477299	53	12061.958	12062.558	12062.558	12062.758	12064.206
3	21	1	1	91	1	2	2	1	3	1	4	1	0.57763256	1	12085.097	12085.297	12085.297	12085.497	12085.875
3	21	1	1	92	1	2	2	2	3	2	4	1	0.51501636	2	12087.306	12087.906	12087.906	12088.106	12088.421
3	21	1	1	93	1	2	2	3	1	1	4	1	0.59186946	3	12089.915	12090.115	12090.115	12090.315	12090.707
3	21	1	1	94	1	2	2	4	4	1	5	1	0.54295335	4	12092.125	12092.325	12092.325	12092.525	12092.868
3	21	1	1	95	1	2	2	5	3	2	4	1	0.52380562	5	12094.335	12094.935	12094.935	12095.135	12095.459
3	21	1	1	96	1	2	2	6	4	2	5	1	1.0014683	6	12096.944	12097.544	12097.544	12097.744	12098.546
3	21	1	1	97	1	2	2	7	2	1	4	1	0.79366718	7	12099.554	12099.754	12099.754	12099.954	12100.548
3	21	1	1	98	1	2	2	8	4	2	5	1	0.65489068	8	12101.764	12102.364	12102.364	12102.564	12103.019
3	21	1	1	99	1	2	2	9	2	2	4	1	0.80708571	9	12104.374	12104.974	12104.974	12105.174	12105.781
3	21	1	1	100	1	2	2	10	1	1	4	1	0.74061851	10	12106.983	12107.183	12107.183	12107.383	12107.924
3	21	1	1	101	1	2	2	11	3	2	4	1	0.65191997	11	12109.193	12109.793	12109.793	12109.993	12110.445
3	21	1	1	102	1	2	2	12	3	1	4	1	0.59959591	12	12111.803	12112.003	12112.003	12112.203	12112.602
3	21	1	1	103	1	2	2	13	6	2	5	1	0.65407552	13	12114.012	12114.612	12114.612	12114.812	12115.266
3	21	1	1	104	1	2	2	14	6	1	5	1	1.1513669	14	12116.622	12116.822	12116.822	12117.022	12117.974
3	21	1	1	105	1	2	2	15	1	1	4	1	0.68346431	15	12118.832	12119.032	12119.032	12119.232	12119.715
3	21	1	1	106	1	2	2	16	5	2	6	1	0.79430621	16	12121.042	12121.642	12121.642	12121.842	12122.436
3	21	1	1	107	1	2	2	17	4	2	5	1	0.75165756	17	12123.652	12124.252	12124.252	12124.452	12125.004
3	21	1	1	108	1	2	2	18	6	1	5	1	0.54772036	18	12126.263	12126.463	12126.463	12126.663	12127.011
3	21	1	1	109	1	2	2	19	5	2	5	1	0.60087941	19	12128.473	12129.073	12129.073	12129.273	12129.674
3	21	1	1	110	1	2	2	20	5	1	5	1	0.51142055	20	12131.084	12131.284	12131.284	12131.484	12131.795
3	21	1	1	111	1	2	2	21	2	1	4	1	0.5591562	21	12133.294	12133.494	12133.494	12133.694	12134.053
3	21	1	1	112	1	2	2	22	4	2	5	1	0.70562691	22	12135.504	12136.104	12136.104	12136.304	12136.81
3	21	1	1	113	1	2	2	23	6	1	5	1	0.59277806	23	12138.114	12138.314	12138.314	12138.514	12138.907
3	21	1	1	114	1	2	2	24	1	1	4	1	0.58256233	24	12140.324	12140.524	12140.524	12140.724	12141.106
3	21	1	1	115	1	2	2	25	6	2	5	1	1.3028307	25	12142.535	12143.135	12143.135	12143.335	12144.438
3	21	1	1	116	1	2	2	26	5	1	5	1	0.59150051	26	12145.147	12145.347	12145.347	12145.547	12145.939
3	21	1	1	117	1	2	2	27	1	2	4	1	0.51282341	27	12147.357	12147.957	12147.957	12148.157	12148.47
3	21	1	1	118	1	2	2	28	2	2	4	1	0.72467745	28	12149.968	12150.568	12150.568	12150.768	12151.293
3	21	1	1	119	1	2	2	29	2	1	4	1	0.52215826	29	12152.578	12152.778	12152.778	12152.978	12153.3
3	21	1	1	120	1	2	2	30	5	2	5	1	0.58254957	30	12154.788	12155.388	12155.388	12155.588	12155.971
3	21	1	1	121	1	6	3	1	3	1	2	0	1.3989416	30	12183.301	12183.501	12183.501	12183.701	12184.9
3	21	1	1	122	1	6	3	2	3	2	3	1	0.64250273	31	12185.819	12186.419	12186.419	12186.619	12187.061
3	21	1	1	123	1	6	3	3	1	1	1	1	0.9734209	32	12188.429	12188.629	12188.629	12188.829	12189.602
3	21	1	1	124	1	6	3	4	4	1	8	0	0.9790936	32	12190.64	12190.84	12190.84	12191.04	12191.819
3	21	1	1	125	1	6	3	5	3	2	3	1	1.4410197	33	12193.155	12193.755	12193.755	12193.955	12195.196
3	21	1	1	126	1	6	3	6	4	2	7	0	1.4477508	33	12195.766	12196.366	12196.366	12196.566	12197.814
3	21	1	1	127	1	6	3	7	2	1	2	1	1.7588884	34	12198.687	12198.887	12198.887	12199.087	12200.646
3	21	1	1	128	1	6	3	8	4	2	5	0	1.6485104	34	12200.898	12201.498	12201.498	12201.698	12203.147
3	21	1	1	129	1	6	3	9	2	2	0	0	-12204.418	34	12203.818	12204.418	12204.418	12204.618	0
3	21	1	1	130	1	6	3	10	1	1	1	1	0.89078569	35	12206.729	12206.929	12206.929	12207.129	12207.82
3	21	1	1	131	1	6	3	11	3	2	3	1	1.3746356	36	12208.939	12209.539	12209.539	12209.739	12210.914
3	21	1	1	132	1	6	3	12	3	1	3	1	0.76489345	37	12211.55	12211.75	12211.75	12211.95	12212.515
3	21	1	1	133	1	6	3	13	6	2	8	1	1.0506868	38	12213.761	12214.361	12214.361	12214.561	12215.412
3	21	1	1	134	1	6	3	14	6	1	8	1	0.62149968	39	12216.373	12216.573	12216.573	12216.773	12217.194
3	21	1	1	135	1	6	3	15	1	1	1	1	0.83277695	40	12218.587	12218.787	12218.787	12218.987	12219.619
3	21	1	1	136	1	6	3	16	5	2	7	1	1.8280791	41	12220.798	12221.398	12221.398	12221.598	12223.226
3	21	1	1	137	1	6	3	17	4	2	6	1	1.7785048	42	12223.409	12224.009	12224.009	12224.209	12225.788
3	21	1	1	138	1	6	3	18	6	1	8	1	0.96237209	43	12226.02	12226.22	12226.22	12226.42	12227.182
3	21	1	1	139	1	6	3	19	5	2	7	1	2.0008808	44	12228.233	12228.833	12228.833	12229.033	12230.834
3	21	1	1	140	1	6	3	20	5	1	7	1	0.94475156	45	12230.852	12231.052	12231.052	12231.252	12231.997
3	21	1	1	141	1	6	3	21	2	1	2	1	1.3178218	46	12233.063	12233.263	12233.263	12233.463	12234.581
3	21	1	1	142	1	6	3	22	4	2	6	1	0.97649118	47	12235.274	12235.874	12235.874	12236.074	12236.851
3	21	1	1	143	1	6	3	23	6	1	8	1	0.93649501	48	12237.886	12238.086	12238.086	12238.286	12239.022
3	21	1	1	144	1	6	3	24	1	1	1	1	0.82872633	49	12240.097	12240.297	12240.297	12240.497	12241.126
3	21	1	1	145	1	6	3	25	6	2	8	1	0.94979869	50	12242.309	12242.909	12242.909	12243.109	12243.859
3	21	1	1	146	1	6	3	26	5	1	7	1	1.1621173	51	12244.92	12245.12	12245.12	12245.32	12246.282
3	21	1	1	147	1	6	3	27	1	2	1	1	1.2558993	52	12247.132	12247.732	12247.732	12247.932	12248.988
3	21	1	1	148	1	6	3	28	2	2	2	1	1.1006241	53	12249.743	12250.343	12250.343	12250.543	12251.444
3	21	1	1	149	1	6	3	29	2	1	2	1	0.66316947	54	12252.356	12252.556	12252.556	12252.756	12253.219
3	21	1	1	150	1	6	3	30	5	2	7	1	1.8930413	55	12254.567	12255.167	12255.167	12255.367	12257.06
3	21	1	1	151	1	2	3	1	1	1	4	1	0.72100006	1	12268.525	12268.725	12268.725	12268.925	12269.446
3	21	1	1	152	1	2	3	2	4	2	5	1	0.43447677	2	12270.737	12271.337	12271.337	12271.537	12271.772
3	21	1	1	153	1	2	3	3	4	1	5	1	0.78163301	3	12273.349	12273.549	12273.549	12273.749	12274.331
3	21	1	1	154	1	2	3	4	1	1	4	1	0.85977368	4	12275.563	12275.763	12275.763	12275.963	12276.622
3	21	1	1	155	1	2	3	5	1	2	4	1	0.91046986	5	12277.774	12278.374	12278.374	12278.574	12279.285
3	21	1	1	156	1	2	3	6	6	2	5	1	0.60231328	6	12280.386	12280.986	12280.986	12281.186	12281.588
3	21	1	1	157	1	2	3	7	2	1	4	1	0.62256243	7	12282.998	12283.198	12283.198	12283.398	12283.821
3	21	1	1	158	1	2	3	8	5	2	5	1	1.1944798	8	12285.21	12285.81	12285.81	12286.01	12287.005
3	21	1	1	159	1	2	3	9	2	2	4	1	0.70366486	9	12287.822	12288.422	12288.422	12288.622	12289.126
3	21	1	1	160	1	2	3	10	3	1	4	1	0.78624995	10	12290.434	12290.634	12290.634	12290.834	12291.42
3	21	1	1	161	1	2	3	11	5	2	5	1	0.64415902	11	12292.645	12293.245	12293.245	12293.445	12293.89
3	21	1	1	162	1	2	3	12	5	1	5	1	0.78852332	12	12295.258	12295.458	12295.458	12295.658	12296.246
3	21	1	1	163	1	2	3	13	4	2	5	1	0.90263632	13	12297.47	12298.07	12298.07	12298.27	12298.973
3	21	1	1	164	1	2	3	14	4	1	5	1	0.69897898	14	12300.082	12300.282	12300.282	12300.482	12300.981
3	21	1	1	165	1	2	3	15	3	1	4	1	0.70058824	15	12302.295	12302.495	12302.495	12302.695	12303.195
3	21	1	1	166	1	2	3	16	1	2	5	0	0.95581904	15	12304.507	12305.107	12305.107	12305.307	12306.062
3	21	1	1	167	1	2	3	17	6	2	5	1	1.1222876	16	12307.425	12308.025	12308.025	12308.225	12309.148
3	21	1	1	168	1	2	3	18	3	1	4	1	0.61399877	17	12310.037	12310.237	12310.237	12310.437	12310.851
3	21	1	1	169	1	2	3	19	1	2	4	1	0.57046402	18	12312.25	12312.85	12312.85	12313.05	12313.42
3	21	1	1	170	1	2	3	20	4	1	5	1	0.63072999	19	12314.862	12315.062	12315.062	12315.262	12315.693
3	21	1	1	171	1	2	3	21	5	1	0	0	-12317.275	19	12317.075	12317.275	12317.275	12317.475	0
3	21	1	1	172	1	2	3	22	6	2	5	1	1.2396263	20	12319.587	12320.187	12320.187	12320.387	12321.427
3	21	1	1	173	1	2	3	23	3	1	4	1	0.65336513	21	12322.2	12322.4	12322.4	12322.6	12323.054
3	21	1	1	174	1	2	3	24	2	1	6	1	1.3928101	22	12324.412	12324.612	12324.612	12324.812	12326.005
3	21	1	1	175	1	2	3	25	6	2	5	1	0.79569552	23	12326.625	12327.225	12327.225	12327.425	12328.021
3	21	1	1	176	1	2	3	26	2	1	4	1	0.91027895	24	12329.238	12329.438	12329.438	12329.638	12330.349
3	21	1	1	177	1	2	3	27	6	2	5	1	1.6712757	25	12331.451	12332.051	12332.051	12332.251	12333.722
3	21	1	1	178	1	2	3	28	5	2	5	1	0.60216843	26	12334.064	12334.664	12334.664	12334.864	12335.266
3	21	1	1	179	1	2	3	29	2	1	4	1	0.59926193	27	12336.676	12336.876	12336.876	12337.076	12337.475
3	21	1	1	180	1	2	3	30	3	2	4	1	0.91543279	28	12338.889	12339.489	12339.489	12339.689	12340.405
3	21	1	1	181	2	6	4	1	1	1	1	1	1.098473	29	12725.531	12725.731	12725.731	12725.931	12726.829
3	21	1	1	182	2	6	4	2	4	2	6	1	1.6864513	30	12727.742	12728.342	12728.342	12728.542	12730.028
3	21	1	1	183	2	6	4	3	4	1	6	1	1.4803509	31	12730.356	12730.556	12730.556	12730.756	12732.036
3	21	1	1	184	2	6	4	4	1	1	1	1	0.77988863	32	12732.569	12732.769	12732.769	12732.969	12733.549
3	21	1	1	185	2	6	4	5	1	2	1	1	1.0533186	33	12734.782	12735.382	12735.382	12735.582	12736.436
3	21	1	1	186	2	6	4	6	6	2	8	1	0.86204993	34	12737.396	12737.996	12737.996	12738.196	12738.858
3	21	1	1	187	2	6	4	7	2	1	2	1	1.2161145	35	12740.01	12740.21	12740.21	12740.41	12741.426
3	21	1	1	188	2	6	4	8	5	2	7	1	1.9973334	36	12742.221	12742.821	12742.821	12743.021	12744.818
3	21	1	1	189	2	6	4	9	2	2	2	1	1.1596186	37	12744.837	12745.437	12745.437	12745.637	12746.596
3	21	1	1	190	2	6	4	10	3	1	3	1	1.0515334	38	12747.45	12747.65	12747.65	12747.85	12748.701
3	21	1	1	191	2	6	4	11	5	2	0	0	-12750.263	38	12749.663	12750.263	12750.263	12750.463	0
3	21	1	1	192	2	6	4	12	5	1	7	1	1.3360665	39	12752.277	12752.477	12752.477	12752.677	12753.813
3	21	1	1	193	2	6	4	13	4	2	6	1	1.3638664	40	12754.49	12755.09	12755.09	12755.29	12756.454
3	21	1	1	194	2	6	4	14	4	1	6	1	0.80486353	41	12757.104	12757.304	12757.304	12757.504	12758.108
3	21	1	1	195	2	6	4	15	3	1	3	1	1.5497648	42	12759.317	12759.517	12759.517	12759.717	12761.067
3	21	1	1	196	2	6	4	16	1	2	1	1	0.92770392	43	12761.531	12762.131	12762.131	12762.331	12763.058
3	21	1	1	197	2	6	4	17	6	2	8	1	0.88389172	44	12764.144	12764.744	12764.744	12764.944	12765.628
3	21	1	1	198	2	6	4	18	3	1	3	1	1.3347294	45	12766.758	12766.958	12766.958	12767.158	12768.293
3	21	1	1	199	2	6	4	19	1	2	1	1	1.2295262	46	12768.972	12769.572	12769.572	12769.772	12770.802
3	21	1	1	200	2	6	4	20	4	1	6	1	1.0331062	47	12771.586	12771.786	12771.786	12771.986	12772.819
3	21	1	1	201	2	6	4	21	5	1	7	1	1.5466748	48	12773.8	12774	12774	12774.2	12775.546
3	21	1	1	202	2	6	4	22	6	2	8	1	1.1683018	49	12776.014	12776.614	12776.614	12776.814	12777.782
3	21	1	1	203	2	6	4	23	3	1	3	1	1.2868829	50	12778.628	12778.828	12778.828	12779.028	12780.115
3	21	1	1	204	2	6	4	24	2	1	2	1	1.3860721	51	12780.842	12781.042	12781.042	12781.242	12782.428
3	21	1	1	205	2	6	4	25	6	2	7	0	1.6125195	51	12783.057	12783.657	12783.657	12783.857	12785.269
3	21	1	1	206	2	6	4	26	2	1	2	1	1.4472971	52	12785.671	12785.871	12785.871	12786.071	12787.318
3	21	1	1	207	2	6	4	27	6	2	7	0	0.7487988	52	12787.885	12788.485	12788.485	12788.685	12789.234
3	21	1	1	208	2	6	4	28	5	2	7	1	1.7612724	53	12790.499	12791.099	12791.099	12791.299	12792.861
3	21	1	1	209	2	6	4	29	2	1	2	1	1.8585047	54	12793.113	12793.313	12793.313	12793.513	12795.172
3	21	1	1	210	2	6	4	30	3	2	3	1	1.6026144	55	12795.328	12795.928	12795.928	12796.128	12797.531
3	21	1	1	211	2	2	4	1	6	1	5	1	0.73971352	1	12826.009	12826.209	12826.209	12826.409	12826.949
3	21	1	1	212	2	2	4	2	6	2	5	1	0.54753099	2	12828.224	12828.824	12828.824	12829.024	12829.372
3	21	1	1	213	2	2	4	3	6	1	5	1	0.50915634	3	12830.839	12831.039	12831.039	12831.239	12831.548
3	21	1	1	214	2	2	4	4	1	1	4	1	0.59754106	4	12833.053	12833.253	12833.253	12833.453	12833.851
3	21	1	1	215	2	2	4	5	4	2	5	1	0.63466291	5	12835.265	12835.865	12835.865	12836.065	12836.5
3	21	1	1	216	2	2	4	6	3	2	4	1	1.4021054	6	12837.88	12838.48	12838.48	12838.68	12839.882
3	21	1	1	217	2	2	4	7	6	1	5	1	0.61350517	7	12840.494	12840.694	12840.694	12840.894	12841.308
3	21	1	1	218	2	2	4	8	3	2	4	1	0.98289825	8	12842.71	12843.31	12843.31	12843.51	12844.292
3	21	1	1	219	2	2	4	9	3	2	4	1	0.70898585	9	12845.325	12845.925	12845.925	12846.125	12846.634
3	21	1	1	220	2	2	4	10	5	1	5	1	0.71242275	10	12847.939	12848.139	12848.139	12848.339	12848.851
3	21	1	1	221	2	2	4	11	2	2	4	1	0.56927166	11	12850.154	12850.754	12850.754	12850.954	12851.323
3	21	1	1	222	2	2	4	12	1	1	4	1	0.76418962	12	12852.768	12852.968	12852.968	12853.168	12853.732
3	21	1	1	223	2	2	4	13	2	2	4	1	0.75020636	13	12854.983	12855.583	12855.583	12855.783	12856.333
3	21	1	1	224	2	2	4	14	5	1	5	1	0.6306918	14	12857.598	12857.798	12857.798	12857.998	12858.428
3	21	1	1	225	2	2	4	15	3	1	4	1	0.79839827	15	12859.813	12860.013	12860.013	12860.213	12860.811
3	21	1	1	226	2	2	4	16	6	2	5	1	1.3511329	16	12862.028	12862.628	12862.628	12862.828	12863.979
3	21	1	1	227	2	2	4	17	4	2	5	1	0.69885271	17	12864.643	12865.243	12865.243	12865.443	12865.941
3	21	1	1	228	2	2	4	18	2	1	4	1	0.6801141	18	12867.258	12867.458	12867.458	12867.658	12868.138
3	21	1	1	229	2	2	4	19	5	2	5	1	0.59553764	19	12869.473	12870.073	12870.073	12870.273	12870.668
3	21	1	1	230	2	2	4	20	2	1	4	1	0.49193986	20	12872.088	12872.288	12872.288	12872.488	12872.78
3	21	1	1	231	2	2	4	21	1	1	4	1	1.0384424	21	12874.303	12874.503	12874.503	12874.703	12875.542
3	21	1	1	232	2	2	4	22	2	2	4	1	0.65368882	22	12876.519	12877.119	12877.119	12877.319	12877.772
3	21	1	1	233	2	2	4	23	3	1	4	1	0.80802646	23	12879.134	12879.334	12879.334	12879.534	12880.142
3	21	1	1	234	2	2	4	24	4	1	5	1	0.54296734	24	12881.35	12881.55	12881.55	12881.75	12882.093
3	21	1	1	235	2	2	4	25	5	2	5	1	0.65642593	25	12883.565	12884.165	12884.165	12884.365	12884.822
3	21	1	1	236	2	2	4	26	1	1	4	1	1.8126525	26	12886.181	12886.381	12886.381	12886.581	12888.194
3	21	1	1	237	2	2	4	27	1	2	4	1	0.50771299	27	12888.399	12888.999	12888.999	12889.199	12889.506
3	21	1	1	238	2	2	4	28	4	2	5	1	0.66030675	28	12891.014	12891.614	12891.614	12891.814	12892.274
3	21	1	1	239	2	2	4	29	5	1	5	1	0.62687412	29	12893.629	12893.829	12893.829	12894.029	12894.456
3	21	1	1	240	2	2	4	30	4	2	5	1	0.66354172	30	12895.845	12896.445	12896.445	12896.645	12897.108
3	21	1	1	241	2	6	5	1	6	1	8	1	1.0439479	31	12926.538	12926.738	12926.738	12926.938	12927.782
3	21	1	1	242	2	6	5	2	6	2	8	1	0.71346759	32	12928.754	12929.354	12929.354	12929.554	12930.067
3	21	1	1	243	2	6	5	3	6	1	8	1	0.60404224	33	12931.37	12931.57	12931.57	12931.77	12932.174
3	21	1	1	244	2	6	5	4	1	1	1	1	1.0020449	34	12933.586	12933.786	12933.786	12933.986	12934.788
3	21	1	1	245	2	6	5	5	4	2	6	1	1.0732597	35	12935.802	12936.402	12936.402	12936.602	12937.475
3	21	1	1	246	2	6	5	6	3	2	3	1	1.7728015	36	12938.417	12939.017	12939.017	12939.217	12940.79
3	21	1	1	247	2	6	5	7	6	1	8	1	1.1887883	37	12941.034	12941.234	12941.234	12941.434	12942.422
3	21	1	1	248	2	6	5	8	3	2	3	1	1.3283877	38	12943.25	12943.85	12943.85	12944.05	12945.178
3	21	1	1	249	2	6	5	9	3	2	3	1	0.79437026	39	12945.866	12946.466	12946.466	12946.666	12947.261
3	21	1	1	250	2	6	5	10	5	1	7	1	1.9953939	40	12948.482	12948.682	12948.682	12948.882	12950.678
3	21	1	1	251	2	6	5	11	2	2	7	0	1.7038813	40	12950.7	12951.3	12951.3	12951.5	12953.003
3	21	1	1	252	2	6	5	12	1	1	1	1	1.9355773	41	12953.316	12953.516	12953.516	12953.716	12955.452
3	21	1	1	253	2	6	5	13	2	2	6	0	1.1271113	41	12955.533	12956.133	12956.133	12956.333	12957.26
3	21	1	1	254	2	6	5	14	5	1	0	0	-12958.35	41	12958.15	12958.35	12958.35	12958.55	0
3	21	1	1	255	2	6	5	15	3	1	3	1	0.82039815	42	12960.367	12960.567	12960.567	12960.767	12961.387
3	21	1	1	256	2	6	5	16	6	2	8	1	0.84338767	43	12962.584	12963.184	12963.184	12963.384	12964.027
3	21	1	1	257	2	6	5	17	4	2	6	1	1.1336115	44	12965.2	12965.8	12965.8	12966	12966.933
3	21	1	1	258	2	6	5	18	2	1	7	0	2.000265	44	12967.817	12968.017	12968.017	12968.217	12970.017
3	21	1	1	259	2	6	5	19	5	2	0	0	-12970.637	44	12970.037	12970.637	12970.637	12970.837	0
3	21	1	1	260	2	6	5	20	2	1	2	1	1.1903821	45	12972.653	12972.853	12972.853	12973.053	12974.043
3	21	1	1	261	2	6	5	21	1	1	1	1	0.6525518	46	12974.873	12975.073	12975.073	12975.273	12975.726
3	21	1	1	262	2	6	5	22	2	2	2	1	0.71537605	47	12977.09	12977.69	12977.69	12977.89	12978.405
3	21	1	1	263	2	6	5	23	3	1	3	1	0.85754736	48	12979.707	12979.907	12979.907	12980.107	12980.764
3	21	1	1	264	2	6	5	24	4	1	6	1	0.9937768	49	12981.923	12982.123	12982.123	12982.323	12983.117
3	21	1	1	265	2	6	5	25	5	2	7	1	0.68650964	50	12984.14	12984.74	12984.74	12984.94	12985.427
3	21	1	1	266	2	6	5	26	1	1	1	1	1.4380579	51	12986.757	12986.957	12986.957	12987.157	12988.395
3	21	1	1	267	2	6	5	27	1	2	1	1	0.75601099	52	12988.974	12989.574	12989.574	12989.774	12990.33
3	21	1	1	268	2	6	5	28	4	2	6	1	1.8665157	53	12991.592	12992.192	12992.192	12992.392	12994.058
3	21	1	1	269	2	6	5	29	5	1	7	1	1.998717	54	12994.209	12994.409	12994.409	12994.609	12996.408
3	21	1	1	270	2	6	5	30	4	2	6	1	0.71329028	55	12996.428	12997.028	12997.028	12997.228	12997.741
3	21	1	1	271	2	2	5	1	1	1	4	1	1.0194516	1	13027.107	13027.307	13027.307	13027.507	13028.326
3	21	1	1	272	2	2	5	2	6	2	5	1	0.83134871	2	13029.324	13029.924	13029.924	13030.124	13030.756
3	21	1	1	273	2	2	5	3	1	1	4	1	1.5347662	3	13031.943	13032.143	13032.143	13032.343	13033.678
3	21	1	1	274	2	2	5	4	2	1	4	1	0.66472724	4	13034.162	13034.362	13034.362	13034.562	13035.026
3	21	1	1	275	2	2	5	5	1	2	4	1	0.48516383	5	13036.382	13036.982	13036.982	13037.182	13037.468
3	21	1	1	276	2	2	5	6	4	2	5	1	0.74274171	6	13039	13039.6	13039.6	13039.8	13040.342
3	21	1	1	277	2	2	5	7	3	1	4	1	0.46558467	7	13041.618	13041.818	13041.818	13042.018	13042.283
3	21	1	1	278	2	2	5	8	4	2	5	1	0.59141536	8	13043.836	13044.436	13044.436	13044.636	13045.027
3	21	1	1	279	2	2	5	9	5	2	5	1	0.49647393	9	13046.453	13047.053	13047.053	13047.253	13047.549
3	21	1	1	280	2	2	5	10	1	1	4	1	0.63596916	10	13049.07	13049.27	13049.27	13049.47	13049.906
3	21	1	1	281	2	2	5	11	5	2	5	1	0.60270068	11	13051.288	13051.888	13051.888	13052.088	13052.491
3	21	1	1	282	2	2	5	12	5	1	5	1	0.61894454	12	13053.906	13054.106	13054.106	13054.306	13054.725
3	21	1	1	283	2	2	5	13	3	2	4	1	0.7516932	13	13056.124	13056.724	13056.724	13056.924	13057.476
3	21	1	1	284	2	2	5	14	3	1	4	1	0.63893157	14	13058.742	13058.942	13058.942	13059.142	13059.581
3	21	1	1	285	2	2	5	15	6	1	5	1	0.63479494	15	13060.959	13061.159	13061.159	13061.359	13061.794
3	21	1	1	286	2	2	5	16	5	2	5	1	1.3197806	16	13063.182	13063.782	13063.782	13063.982	13065.102
3	21	1	1	287	2	2	5	17	2	2	4	1	0.81377818	17	13065.8	13066.4	13066.4	13066.6	13067.213
3	21	1	1	288	2	2	5	18	1	1	4	1	0.78530663	18	13068.418	13068.618	13068.618	13068.818	13069.403
3	21	1	1	289	2	2	5	19	4	2	5	1	1.0721944	19	13070.636	13071.236	13071.236	13071.436	13072.308
3	21	1	1	290	2	2	5	20	6	1	5	1	0.67949668	20	13073.253	13073.453	13073.453	13073.653	13074.133
3	21	1	1	291	2	2	5	21	6	1	5	1	0.95534263	21	13075.471	13075.671	13075.671	13075.871	13076.627
3	21	1	1	292	2	2	5	22	2	2	4	1	0.66045964	22	13077.69	13078.29	13078.29	13078.49	13078.95
3	21	1	1	293	2	2	5	23	3	1	4	1	0.96864689	23	13080.307	13080.507	13080.507	13080.707	13081.476
3	21	1	1	294	2	2	5	24	5	1	5	1	0.65499188	24	13082.526	13082.726	13082.726	13082.926	13083.381
3	21	1	1	295	2	2	5	25	2	2	4	1	0.85087322	25	13084.744	13085.344	13085.344	13085.544	13086.195
3	21	1	1	296	2	2	5	26	6	1	5	1	0.49590706	26	13087.365	13087.565	13087.565	13087.765	13088.061
3	21	1	1	297	2	2	5	27	2	2	4	1	0.99839203	27	13089.583	13090.183	13090.183	13090.383	13091.181
3	21	1	1	298	2	2	5	28	4	2	5	1	0.60571513	28	13092.2	13092.801	13092.801	13093.001	13093.406
3	21	1	1	299	2	2	5	29	3	1	4	1	0.70490468	29	13094.819	13095.019	13095.019	13095.219	13095.724
3	21	1	1	300	2	2	5	30	4	2	5	1	0.94478071	30	13097.037	13097.637	13097.637	13097.837	13098.582
3	21	1	1	301	2	6	6	1	1	1	1	1	1.1148943	31	13128.057	13128.257	13128.257	13128.457	13129.372
3	21	1	1	302	2	6	6	2	6	2	8	1	1.1903462	32	13130.279	13130.879	13130.879	13131.079	13132.07
3	21	1	1	303	2	6	6	3	1	1	1	1	0.76816906	33	13132.898	13133.098	13133.098	13133.298	13133.866
3	21	1	1	304	2	6	6	4	2	1	0	0	-13135.316	33	13135.116	13135.316	13135.316	13135.516	0
3	21	1	1	305	2	6	6	5	1	2	1	1	1.1017071	34	13137.335	13137.935	13137.936	13138.136	13139.037
3	21	1	1	306	2	6	6	6	4	2	6	1	1.7056163	35	13139.954	13140.554	13140.554	13140.754	13142.26
3	21	1	1	307	2	6	6	7	3	1	3	1	1.0232225	36	13142.575	13142.775	13142.775	13142.975	13143.798
3	21	1	1	308	2	6	6	8	4	2	6	1	1.3115462	37	13144.794	13145.394	13145.394	13145.594	13146.706
3	21	1	1	309	2	6	6	9	5	2	7	1	1.0874716	38	13147.413	13148.013	13148.013	13148.213	13149.101
3	21	1	1	310	2	6	6	10	1	1	1	1	0.94929654	39	13150.032	13150.232	13150.232	13150.432	13151.181
3	21	1	1	311	2	6	6	11	5	2	7	1	1.2622052	40	13152.253	13152.853	13152.853	13153.053	13154.115
3	21	1	1	312	2	6	6	12	5	1	7	1	0.72066133	41	13154.871	13155.071	13155.071	13155.271	13155.792
3	21	1	1	313	2	6	6	13	3	2	3	1	1.6172432	42	13157.09	13157.69	13157.69	13157.89	13159.307
3	21	1	1	314	2	6	6	14	3	1	3	1	0.73112271	43	13159.711	13159.911	13159.911	13160.111	13160.643
3	21	1	1	315	2	6	6	15	6	1	8	1	0.92244265	44	13161.93	13162.13	13162.13	13162.33	13163.053
3	21	1	1	316	2	6	6	16	5	2	7	1	1.5021848	45	13164.15	13164.75	13164.75	13164.95	13166.252
3	21	1	1	317	2	6	6	17	2	2	0	0	-13167.37	45	13166.77	13167.37	13167.37	13167.57	0
3	21	1	1	318	2	6	6	18	1	1	1	1	1.5902738	46	13169.39	13169.59	13169.59	13169.79	13171.18
3	21	1	1	319	2	6	6	19	4	2	6	1	1.7251332	47	13171.608	13172.208	13172.208	13172.408	13173.933
3	21	1	1	320	2	6	6	20	6	1	8	1	1.1377295	48	13174.227	13174.427	13174.427	13174.627	13175.565
3	21	1	1	321	2	6	6	21	6	1	8	1	0.98939227	49	13176.447	13176.647	13176.647	13176.847	13177.636
3	21	1	1	322	2	6	6	22	2	2	2	1	1.305695	50	13178.666	13179.266	13179.266	13179.466	13180.572
3	21	1	1	323	2	6	6	23	3	1	3	1	1.2507262	51	13181.289	13181.489	13181.489	13181.689	13182.74
3	21	1	1	324	2	6	6	24	5	1	7	1	1.0639659	52	13183.509	13183.709	13183.709	13183.909	13184.773
3	21	1	1	325	2	6	6	25	2	2	2	1	1.3622847	53	13185.728	13186.328	13186.328	13186.528	13187.691
3	21	1	1	326	2	6	6	26	6	1	8	1	1.0074531	54	13188.348	13188.548	13188.548	13188.748	13189.555
3	21	1	1	327	2	6	6	27	2	2	2	1	1.2153568	55	13190.567	13191.167	13191.167	13191.367	13192.382
3	21	1	1	328	2	6	6	28	4	2	6	1	1.1245256	56	13193.187	13193.787	13193.787	13193.987	13194.912
3	21	1	1	329	2	6	6	29	3	1	3	1	1.7958812	57	13195.806	13196.006	13196.006	13196.206	13197.802
3	21	1	1	330	2	6	6	30	4	2	6	1	1.2407627	58	13198.027	13198.627	13198.627	13198.827	13199.867
3	21	1	1	331	2	2	6	1	2	1	4	1	0.74441796	1	13228.706	13228.906	13228.906	13229.106	13229.65
3	21	1	1	332	2	2	6	2	4	2	5	1	0.60814038	2	13230.926	13231.526	13231.526	13231.726	13232.134
3	21	1	1	333	2	2	6	3	2	1	4	1	0.47475136	3	13233.546	13233.746	13233.746	13233.946	13234.22
3	21	1	1	334	2	2	6	4	3	1	4	1	0.59856796	4	13235.766	13235.966	13235.966	13236.166	13236.564
3	21	1	1	335	2	2	6	5	5	2	5	1	0.55407721	5	13237.986	13238.586	13238.586	13238.786	13239.14
3	21	1	1	336	2	2	6	6	1	2	4	1	0.68545762	6	13240.606	13241.206	13241.206	13241.406	13241.891
3	21	1	1	337	2	2	6	7	1	1	4	1	0.56270052	7	13243.226	13243.426	13243.426	13243.626	13243.989
3	21	1	1	338	2	2	6	8	4	2	5	1	0.81500815	8	13245.446	13246.046	13246.046	13246.246	13246.861
3	21	1	1	339	2	2	6	9	2	2	4	1	0.52074936	9	13248.065	13248.665	13248.665	13248.865	13249.186
3	21	1	1	340	2	2	6	10	3	1	4	1	0.44873963	10	13250.686	13250.886	13250.886	13251.086	13251.334
3	21	1	1	341	2	2	6	11	2	2	4	1	0.52464624	11	13252.905	13253.505	13253.505	13253.705	13254.03
3	21	1	1	342	2	2	6	12	1	1	4	1	0.55693432	12	13255.525	13255.725	13255.725	13255.925	13256.282
3	21	1	1	343	2	2	6	13	5	2	5	1	0.46832221	13	13257.75	13258.35	13258.35	13258.55	13258.818
3	21	1	1	344	2	2	6	14	5	1	5	1	0.435414	14	13260.37	13260.57	13260.57	13260.77	13261.005
3	21	1	1	345	2	2	6	15	3	1	4	1	0.44405979	15	13262.59	13262.79	13262.79	13262.99	13263.234
3	21	1	1	346	2	2	6	16	3	2	4	1	0.37799706	16	13264.811	13265.411	13265.411	13265.611	13265.789
3	21	1	1	347	2	2	6	17	6	2	5	1	0.55842276	17	13267.432	13268.032	13268.032	13268.232	13268.59
3	21	1	1	348	2	2	6	18	1	1	4	1	0.84847147	18	13270.053	13270.253	13270.253	13270.453	13271.101
3	21	1	1	349	2	2	6	19	6	2	5	1	0.7551281	19	13272.273	13272.873	13272.873	13273.073	13273.628
3	21	1	1	350	2	2	6	20	4	1	5	1	0.83648129	20	13274.894	13275.094	13275.094	13275.294	13275.93
3	21	1	1	351	2	2	6	21	1	1	4	1	0.86675308	21	13277.12	13277.32	13277.32	13277.52	13278.187
3	21	1	1	352	2	2	6	22	6	2	5	1	0.5976698	22	13279.34	13279.94	13279.94	13280.14	13280.538
3	21	1	1	353	2	2	6	23	2	1	4	1	0.90622796	23	13281.961	13282.161	13282.161	13282.361	13283.067
3	21	1	1	354	2	2	6	24	6	1	5	1	0.67291558	24	13284.185	13284.385	13284.385	13284.585	13285.058
3	21	1	1	355	2	2	6	25	5	2	5	1	0.54141951	25	13286.405	13287.005	13287.005	13287.205	13287.546
3	21	1	1	356	2	2	6	26	6	1	5	1	0.44079433	26	13289.026	13289.226	13289.226	13289.426	13289.667
3	21	1	1	357	2	2	6	27	5	2	5	1	0.41116166	27	13291.247	13291.847	13291.847	13292.047	13292.258
3	21	1	1	358	2	2	6	28	4	2	5	1	0.4873179	28	13293.868	13294.468	13294.468	13294.668	13294.956
3	21	1	1	359	2	2	6	29	3	1	4	1	0.53840812	29	13296.489	13296.689	13296.689	13296.889	13297.227
3	21	1	1	360	2	2	6	30	4	2	5	1	0.66835764	30	13298.71	13299.31	13299.31	13299.51	13299.978
3	21	1	1	361	3	6	7	1	2	1	2	1	1.7629472	31	14479.249	14479.449	14479.449	14479.649	14481.212
3	21	1	1	362	3	6	7	2	4	2	6	1	2.0010442	32	14481.47	14482.07	14482.07	14482.27	14484.071
3	21	1	1	363	3	6	7	3	2	1	2	1	1.5157346	33	14484.095	14484.295	14484.295	14484.495	14485.811
3	21	1	1	364	3	6	7	4	3	1	3	1	1.0792783	34	14486.316	14486.516	14486.516	14486.716	14487.595
3	21	1	1	365	3	6	7	5	5	2	7	1	1.4984204	35	14488.538	14489.138	14489.138	14489.338	14490.636
3	21	1	1	366	3	6	7	6	1	2	1	1	0.88690867	36	14491.159	14491.759	14491.759	14491.959	14492.646
3	21	1	1	367	3	6	7	7	1	1	1	1	0.8381795	37	14493.78	14493.98	14493.98	14494.18	14494.818
3	21	1	1	368	3	6	7	8	4	2	6	1	1.0240437	38	14496.002	14496.602	14496.602	14496.802	14497.626
3	21	1	1	369	3	6	7	9	2	2	0	0	-14499.224	38	14498.624	14499.224	14499.224	14499.424	0
3	21	1	1	370	3	6	7	10	3	1	3	1	1.3966417	39	14501.246	14501.446	14501.446	14501.646	14502.842
3	21	1	1	371	3	6	7	11	2	2	2	1	1.384088	40	14503.467	14504.067	14504.067	14504.267	14505.452
3	21	1	1	372	3	6	7	12	1	1	1	1	1.1080029	41	14506.089	14506.289	14506.289	14506.489	14507.397
3	21	1	1	373	3	6	7	13	5	2	7	1	0.96607323	42	14508.311	14508.911	14508.911	14509.111	14509.877
3	21	1	1	374	3	6	7	14	5	1	7	1	0.70263893	43	14510.935	14511.135	14511.135	14511.335	14511.837
3	21	1	1	375	3	6	7	15	3	1	3	1	1.8137356	44	14513.157	14513.357	14513.357	14513.557	14515.171
3	21	1	1	376	3	6	7	16	3	2	3	1	0.67179304	45	14515.379	14515.979	14515.979	14516.179	14516.651
3	21	1	1	377	3	6	7	17	6	2	8	1	0.81192289	46	14518.001	14518.601	14518.601	14518.801	14519.413
3	21	1	1	378	3	6	7	18	1	1	1	1	0.85088545	47	14520.623	14520.823	14520.823	14521.023	14521.674
3	21	1	1	379	3	6	7	19	6	2	8	1	0.93471266	48	14522.845	14523.445	14523.445	14523.645	14524.379
3	21	1	1	380	3	6	7	20	4	1	6	1	0.86256039	49	14525.467	14525.667	14525.667	14525.867	14526.529
3	21	1	1	381	3	6	7	21	1	1	1	1	1.1238604	50	14527.689	14527.889	14527.889	14528.089	14529.012
3	21	1	1	382	3	6	7	22	6	2	8	1	1.1719473	51	14529.91	14530.51	14530.51	14530.71	14531.682
3	21	1	1	383	3	6	7	23	2	1	2	1	1.8062056	52	14532.532	14532.732	14532.732	14532.932	14534.539
3	21	1	1	384	3	6	7	24	6	1	8	1	1.2988288	53	14534.754	14534.954	14534.954	14535.154	14536.253
3	21	1	1	385	3	6	7	25	5	2	7	1	1.3759886	54	14536.977	14537.577	14537.577	14537.777	14538.953
3	21	1	1	386	3	6	7	26	6	1	8	1	0.86899041	55	14539.599	14539.799	14539.799	14539.999	14540.668
3	21	1	1	387	3	6	7	27	5	2	7	1	1.0776497	56	14541.821	14542.421	14542.421	14542.621	14543.499
3	21	1	1	388	3	6	7	28	4	2	6	1	1.6322538	57	14544.444	14545.044	14545.044	14545.244	14546.676
3	21	1	1	389	3	6	7	29	3	1	3	1	0.80064219	58	14547.067	14547.267	14547.267	14547.467	14548.067
3	21	1	1	390	3	6	7	30	4	2	6	1	1.2569251	59	14549.292	14549.892	14549.892	14550.092	14551.149
3	21	1	1	391	3	2	7	1	2	1	4	1	0.6044216	1	14579.977	14580.177	14580.177	14580.377	14580.781
3	21	1	1	392	3	2	7	2	4	2	5	1	0.49863389	2	14582.199	14582.799	14582.799	14582.999	14583.298
3	21	1	1	393	3	2	7	3	3	1	4	1	0.47012785	3	14584.822	14585.022	14585.022	14585.222	14585.492
3	21	1	1	394	3	2	7	4	2	1	4	1	0.56817625	4	14587.045	14587.245	14587.245	14587.445	14587.813
3	21	1	1	395	3	2	7	5	3	2	4	1	0.59761724	5	14589.268	14589.868	14589.868	14590.068	14590.465
3	21	1	1	396	3	2	7	6	4	2	5	1	0.52215242	6	14591.891	14592.491	14592.491	14592.691	14593.013
3	21	1	1	397	3	2	7	7	6	1	5	1	0.57272794	7	14594.519	14594.719	14594.719	14594.919	14595.292
3	21	1	1	398	3	2	7	8	5	2	5	1	0.55025715	8	14596.742	14597.342	14597.342	14597.542	14597.892
3	21	1	1	399	3	2	7	9	6	2	5	1	0.5591346	9	14599.365	14599.965	14599.965	14600.165	14600.524
3	21	1	1	400	3	2	7	10	4	1	5	1	0.39845019	10	14601.988	14602.188	14602.188	14602.388	14602.587
3	21	1	1	401	3	2	7	11	1	2	4	1	0.37423245	11	14604.212	14604.812	14604.812	14605.012	14605.186
3	21	1	1	402	3	2	7	12	6	1	5	1	0.56766178	12	14606.836	14607.036	14607.036	14607.236	14607.603
3	21	1	1	403	3	2	7	13	2	2	4	1	0.52962416	13	14609.058	14609.658	14609.658	14609.858	14610.188
3	21	1	1	404	3	2	7	14	2	1	4	1	0.5164818	14	14611.681	14611.881	14611.881	14612.081	14612.398
3	21	1	1	405	3	2	7	15	5	1	5	1	0.51812537	15	14613.908	14614.108	14614.108	14614.308	14614.626
3	21	1	1	406	3	2	7	16	3	2	4	1	0.38401886	16	14616.131	14616.731	14616.731	14616.931	14617.115
3	21	1	1	407	3	2	7	17	6	2	5	1	0.58839676	17	14618.754	14619.354	14619.354	14619.554	14619.942
3	21	1	1	408	3	2	7	18	5	1	5	1	0.98840797	18	14621.377	14621.577	14621.577	14621.777	14622.565
3	21	1	1	409	3	2	7	19	6	2	5	1	0.64376872	19	14623.6	14624.2	14624.2	14624.4	14624.844
3	21	1	1	410	3	2	7	20	1	1	4	1	0.48364705	20	14626.224	14626.424	14626.424	14626.624	14626.907
3	21	1	1	411	3	2	7	21	4	1	5	1	0.65076127	21	14628.447	14628.647	14628.647	14628.847	14629.298
3	21	1	1	412	3	2	7	22	1	2	4	1	0.55017424	22	14630.67	14631.27	14631.27	14631.47	14631.82
3	21	1	1	413	3	2	7	23	4	1	5	1	0.51776606	23	14633.296	14633.496	14633.496	14633.696	14634.014
3	21	1	1	414	3	2	7	24	1	1	4	1	0.7203955	24	14635.525	14635.725	14635.725	14635.925	14636.445
3	21	1	1	415	3	2	7	25	3	2	4	1	0.47198838	25	14637.749	14638.349	14638.349	14638.549	14638.821
3	21	1	1	416	3	2	7	26	5	1	5	1	0.68022529	26	14640.372	14640.572	14640.572	14640.772	14641.252
3	21	1	1	417	3	2	7	27	3	2	4	1	1.1839146	27	14642.596	14643.196	14643.196	14643.396	14644.38
3	21	1	1	418	3	2	7	28	1	2	4	1	0.59972496	28	14645.219	14645.819	14645.82	14646.02	14646.419
3	21	1	1	419	3	2	7	29	5	1	5	1	0.62699578	29	14647.843	14648.043	14648.043	14648.243	14648.67
3	21	1	1	420	3	2	7	30	2	2	4	1	0.78413833	30	14650.067	14650.667	14650.667	14650.867	14651.451
3	21	1	1	421	3	6	8	1	2	1	2	1	0.66018249	31	14680.767	14680.967	14680.967	14681.167	14681.627
3	21	1	1	422	3	6	8	2	4	2	5	0	1.1232939	31	14682.991	14683.591	14683.591	14683.791	14684.714
3	21	1	1	423	3	6	8	3	3	1	2	0	1.870274	31	14685.615	14685.815	14685.815	14686.015	14687.685
3	21	1	1	424	3	6	8	4	2	1	2	1	1.9975331	32	14687.838	14688.038	14688.038	14688.238	14690.036
3	21	1	1	425	3	6	8	5	3	2	2	0	1.9985142	32	14690.063	14690.663	14690.663	14690.863	14692.661
3	21	1	1	426	3	6	8	6	4	2	2	0	1.9991722	32	14692.69	14693.29	14693.29	14693.49	14695.289
3	21	1	1	427	3	6	8	7	6	1	2	0	1.9998849	32	14695.317	14695.517	14695.517	14695.717	14697.517
3	21	1	1	428	3	6	8	8	5	2	2	0	1.9981363	32	14697.55	14698.15	14698.15	14698.35	14700.148
3	21	1	1	429	3	6	8	9	6	2	2	0	2.0004016	32	14700.177	14700.777	14700.777	14700.977	14702.778
3	21	1	1	430	3	6	8	10	4	1	2	0	1.9993884	32	14702.806	14703.006	14703.006	14703.206	14705.006
3	21	1	1	431	3	6	8	11	1	2	1	1	1.1063513	33	14705.035	14705.635	14705.635	14705.835	14706.741
3	21	1	1	432	3	6	8	12	6	1	8	1	1.0423031	34	14707.66	14707.86	14707.86	14708.06	14708.902
3	21	1	1	433	3	6	8	13	2	2	2	1	1.1491512	35	14709.888	14710.488	14710.488	14710.688	14711.637
3	21	1	1	434	3	6	8	14	2	1	2	1	0.78156082	36	14712.513	14712.713	14712.713	14712.913	14713.494
3	21	1	1	435	3	6	8	15	5	1	7	1	0.97238788	37	14714.737	14714.937	14714.937	14715.137	14715.91
3	21	1	1	436	3	6	8	16	3	2	3	1	1.5619824	38	14716.961	14717.561	14717.561	14717.761	14719.123
3	21	1	1	437	3	6	8	17	6	2	8	1	1.4881695	39	14719.587	14720.187	14720.187	14720.387	14721.675
3	21	1	1	438	3	6	8	18	5	1	7	1	1.2088086	40	14722.212	14722.412	14722.412	14722.612	14723.62
3	21	1	1	439	3	6	8	19	6	2	8	1	0.85021283	41	14724.436	14725.036	14725.036	14725.236	14725.886
3	21	1	1	440	3	6	8	20	1	1	1	1	1.0362657	42	14727.06	14727.26	14727.26	14727.46	14728.297
3	21	1	1	441	3	6	8	21	4	1	6	1	0.99911802	43	14729.285	14729.485	14729.485	14729.685	14730.484
3	21	1	1	442	3	6	8	22	1	2	1	1	0.94192871	44	14731.509	14732.109	14732.109	14732.309	14733.051
3	21	1	1	443	3	6	8	23	4	1	6	1	1.0139325	45	14734.134	14734.334	14734.334	14734.534	14735.348
3	21	1	1	444	3	6	8	24	1	1	1	1	0.90214843	46	14736.359	14736.559	14736.559	14736.759	14737.461
3	21	1	1	445	3	6	8	25	3	2	0	0	-14739.185	46	14738.585	14739.185	14739.185	14739.385	0
3	21	1	1	446	3	6	8	26	5	1	7	1	1.1288033	47	14741.211	14741.411	14741.411	14741.611	14742.539
3	21	1	1	447	3	6	8	27	3	2	3	1	1.6807307	48	14743.435	14744.035	14744.035	14744.235	14745.716
3	21	1	1	448	3	6	8	28	1	2	1	1	1.2099573	49	14746.06	14746.66	14746.66	14746.86	14747.87
3	21	1	1	449	3	6	8	29	5	1	7	1	1.649061	50	14748.685	14748.885	14748.885	14749.085	14750.534
3	21	1	1	450	3	6	8	30	2	2	3	0	1.6355053	50	14750.913	14751.513	14751.513	14751.713	14753.148
3	21	1	1	451	3	2	8	1	4	1	5	1	0.88626792	1	14781.606	14781.806	14781.806	14782.006	14782.692
3	21	1	1	452	3	2	8	2	3	2	4	1	0.71498883	2	14783.831	14784.431	14784.431	14784.631	14785.146
3	21	1	1	453	3	2	8	3	1	1	4	1	0.89772206	3	14786.456	14786.656	14786.656	14786.856	14787.554
3	21	1	1	454	3	2	8	4	5	1	5	1	0.7627487	4	14788.681	14788.881	14788.881	14789.081	14789.644
3	21	1	1	455	3	2	8	5	5	2	5	1	1.0318913	5	14790.906	14791.506	14791.506	14791.706	14792.538
3	21	1	1	456	3	2	8	6	1	2	4	1	0.73703224	6	14793.531	14794.131	14794.131	14794.331	14794.868
3	21	1	1	457	3	2	8	7	2	1	4	1	0.55778954	7	14796.157	14796.357	14796.357	14796.557	14796.915
3	21	1	1	458	3	2	8	8	5	2	5	1	0.51281615	8	14798.388	14798.988	14798.988	14799.188	14799.5
3	21	1	1	459	3	2	8	9	5	2	5	1	1.0243738	9	14801.013	14801.613	14801.613	14801.813	14802.637
3	21	1	1	460	3	2	8	10	2	1	4	1	0.7282241	10	14803.638	14803.838	14803.838	14804.038	14804.566
3	21	1	1	461	3	2	8	11	4	2	5	1	0.7577026	11	14805.863	14806.463	14806.463	14806.663	14807.221
3	21	1	1	462	3	2	8	12	3	1	4	1	0.73219416	12	14808.489	14808.689	14808.689	14808.889	14809.422
3	21	1	1	463	3	2	8	13	6	2	5	1	0.55411165	13	14810.715	14811.315	14811.315	14811.515	14811.869
3	21	1	1	464	3	2	8	14	2	1	4	1	0.66246049	14	14813.34	14813.54	14813.54	14813.74	14814.203
3	21	1	1	465	3	2	8	15	2	1	4	1	0.86363663	15	14815.566	14815.766	14815.766	14815.966	14816.63
3	21	1	1	466	3	2	8	16	1	2	4	1	0.55576391	16	14817.792	14818.392	14818.392	14818.592	14818.948
3	21	1	1	467	3	2	8	17	6	2	5	1	0.59368851	17	14820.418	14821.018	14821.018	14821.218	14821.612
3	21	1	1	468	3	2	8	18	6	1	5	1	0.59619572	18	14823.046	14823.246	14823.246	14823.446	14823.842
3	21	1	1	469	3	2	8	19	4	2	5	1	0.70878661	19	14825.272	14825.872	14825.872	14826.072	14826.581
3	21	1	1	470	3	2	8	20	3	1	4	1	0.6647346	20	14827.898	14828.098	14828.098	14828.298	14828.762
3	21	1	1	471	3	2	8	21	5	1	5	1	0.75158481	21	14830.124	14830.324	14830.324	14830.524	14831.075
3	21	1	1	472	3	2	8	22	6	2	5	1	1.1258071	22	14832.349	14832.949	14832.949	14833.149	14834.075
3	21	1	1	473	3	2	8	23	2	1	4	1	0.62533738	23	14834.975	14835.175	14835.175	14835.375	14835.801
3	21	1	1	474	3	2	8	24	4	1	5	1	0.96103311	24	14837.202	14837.402	14837.402	14837.602	14838.363
3	21	1	1	475	3	2	8	25	1	2	4	1	0.91751401	25	14839.429	14840.029	14840.029	14840.229	14840.947
3	21	1	1	476	3	2	8	26	6	1	5	1	0.77355861	26	14842.055	14842.255	14842.255	14842.455	14843.029
3	21	1	1	477	3	2	8	27	3	2	4	1	0.82433015	27	14844.282	14844.882	14844.882	14845.082	14845.706
3	21	1	1	478	3	2	8	28	1	2	4	1	1.5298024	28	14846.908	14847.508	14847.508	14847.708	14849.038
3	21	1	1	479	3	2	8	29	4	1	5	1	0.77280201	29	14849.535	14849.735	14849.735	14849.935	14850.507
3	21	1	1	480	3	2	8	30	3	2	4	1	1.4027282	30	14851.761	14852.361	14852.361	14852.561	14853.764
3	21	1	1	481	3	6	9	1	4	1	6	1	1.4851581	31	14882.476	14882.676	14882.676	14882.876	14884.161
3	21	1	1	482	3	6	9	2	3	2	3	1	1.8305645	32	14884.702	14885.302	14885.302	14885.502	14887.133
3	21	1	1	483	3	6	9	3	1	1	1	1	0.92957617	33	14887.33	14887.53	14887.53	14887.73	14888.459
3	21	1	1	484	3	6	9	4	5	1	7	1	0.89567638	34	14889.556	14889.756	14889.756	14889.956	14890.652
3	21	1	1	485	3	6	9	5	5	2	7	1	1.189624	35	14891.784	14892.384	14892.384	14892.584	14893.574
3	21	1	1	486	3	6	9	6	1	2	1	1	0.96237057	36	14894.411	14895.011	14895.011	14895.211	14895.973
3	21	1	1	487	3	6	9	7	2	1	2	1	1.4900221	37	14897.038	14897.238	14897.238	14897.438	14898.728
3	21	1	1	488	3	6	9	8	5	2	0	0	-14899.864	37	14899.264	14899.864	14899.864	14900.064	0
3	21	1	1	489	3	6	9	9	5	2	7	1	0.77534822	38	14901.891	14902.491	14902.491	14902.691	14903.266
3	21	1	1	490	3	6	9	10	2	1	2	1	1.1414018	39	14904.517	14904.717	14904.717	14904.917	14905.859
3	21	1	1	491	3	6	9	11	4	2	6	1	1.3395359	40	14906.744	14907.344	14907.344	14907.544	14908.683
3	21	1	1	492	3	6	9	12	3	1	3	1	1.3761724	41	14909.37	14909.57	14909.57	14909.771	14910.947
3	21	1	1	493	3	6	9	13	6	2	8	1	1.088252	42	14911.597	14912.197	14912.197	14912.397	14913.285
3	21	1	1	494	3	6	9	14	2	1	2	1	1.2202412	43	14914.224	14914.424	14914.424	14914.624	14915.644
3	21	1	1	495	3	6	9	15	2	1	2	1	0.80065956	44	14916.45	14916.65	14916.65	14916.85	14917.451
3	21	1	1	496	3	6	9	16	1	2	1	1	0.99100016	45	14918.678	14919.278	14919.278	14919.478	14920.269
3	21	1	1	497	3	6	9	17	6	2	7	0	1.3493158	45	14921.305	14921.905	14921.905	14922.105	14923.254
3	21	1	1	498	3	6	9	18	6	1	8	1	0.7770586	46	14923.932	14924.132	14924.132	14924.332	14924.909
3	21	1	1	499	3	6	9	19	4	2	6	1	1.3292836	47	14926.161	14926.761	14926.761	14926.961	14928.09
3	21	1	1	500	3	6	9	20	3	1	3	1	1.3678724	48	14928.788	14928.988	14928.988	14929.188	14930.356
3	21	1	1	501	3	6	9	21	5	1	7	1	0.88707422	49	14931.015	14931.215	14931.215	14931.415	14932.102
3	21	1	1	502	3	6	9	22	6	2	8	1	1.2467624	50	14933.246	14933.846	14933.846	14934.046	14935.093
3	21	1	1	503	3	6	9	23	2	1	2	1	1.0810896	51	14935.873	14936.073	14936.073	14936.273	14937.154
3	21	1	1	504	3	6	9	24	4	1	6	1	1.3194796	52	14938.1	14938.3	14938.3	14938.5	14939.62
3	21	1	1	505	3	6	9	25	1	2	1	1	1.1158169	53	14940.329	14940.929	14940.929	14941.129	14942.044
3	21	1	1	506	3	6	9	26	6	1	8	1	0.97481876	54	14942.956	14943.156	14943.156	14943.356	14944.131
3	21	1	1	507	3	6	9	27	3	2	3	1	1.7319061	55	14945.184	14945.784	14945.784	14945.984	14947.516
3	21	1	1	508	3	6	9	28	1	2	1	1	1.1023554	56	14947.813	14948.413	14948.413	14948.613	14949.515
3	21	1	1	509	3	6	9	29	4	1	6	1	1.0030616	57	14950.441	14950.641	14950.641	14950.841	14951.644
3	21	1	1	510	3	6	9	30	3	2	3	1	0.92666628	58	14952.668	14953.268	14953.268	14953.468	14954.195
3	21	1	1	511	3	2	9	1	3	1	4	1	1.2798534	1	14983.365	14983.565	14983.565	14983.765	14984.845
3	21	1	1	512	3	2	9	2	5	2	5	1	0.54074075	2	14985.593	14986.193	14986.193	14986.393	14986.733
3	21	1	1	513	3	2	9	3	1	1	4	1	1.004207	3	14988.221	14988.421	14988.421	14988.621	14989.425
3	21	1	1	514	3	2	9	4	2	1	4	1	0.72914784	4	14990.449	14990.649	14990.649	14990.849	14991.378
3	21	1	1	515	3	2	9	5	2	2	4	1	0.69497403	5	14992.677	14993.277	14993.277	14993.477	14993.972
3	21	1	1	516	3	2	9	6	4	2	5	1	0.71196959	6	14995.306	14995.906	14995.906	14996.106	14996.618
3	21	1	1	517	3	2	9	7	2	1	4	1	0.8047122	7	14997.934	14998.134	14998.134	14998.334	14998.939
3	21	1	1	518	3	2	9	8	4	2	5	1	0.69533133	8	15000.163	15000.763	15000.763	15000.963	15001.459
3	21	1	1	519	3	2	9	9	5	2	5	1	0.83692023	9	15002.791	15003.391	15003.391	15003.591	15004.228
3	21	1	1	520	3	2	9	10	6	1	5	1	0.76362801	10	15005.425	15005.625	15005.625	15005.825	15006.388
3	21	1	1	521	3	2	9	11	5	2	5	1	0.53361419	11	15007.654	15008.254	15008.254	15008.454	15008.787
3	21	1	1	522	3	2	9	12	6	1	5	1	0.63914773	12	15010.283	15010.483	15010.483	15010.683	15011.122
3	21	1	1	523	3	2	9	13	2	2	4	1	0.5430947	13	15012.511	15013.111	15013.111	15013.311	15013.654
3	21	1	1	524	3	2	9	14	6	1	5	1	0.47240228	14	15015.14	15015.34	15015.34	15015.54	15015.812
3	21	1	1	525	3	2	9	15	3	1	4	1	1.026274	15	15017.368	15017.568	15017.568	15017.768	15018.594
3	21	1	1	526	3	2	9	16	3	2	4	1	0.97273373	16	15019.599	15020.199	15020.199	15020.399	15021.172
3	21	1	1	527	3	2	9	17	3	2	4	1	0.59231611	17	15022.228	15022.828	15022.828	15023.028	15023.42
3	21	1	1	528	3	2	9	18	6	1	5	1	0.73466033	18	15024.856	15025.056	15025.056	15025.256	15025.791
3	21	1	1	529	3	2	9	19	4	2	5	1	0.72695457	19	15027.084	15027.684	15027.684	15027.884	15028.411
3	21	1	1	530	3	2	9	20	5	1	5	1	0.58187726	20	15029.712	15029.912	15029.912	15030.112	15030.494
3	21	1	1	531	3	2	9	21	3	1	4	1	0.96818838	21	15031.941	15032.141	15032.141	15032.341	15033.109
3	21	1	1	532	3	2	9	22	1	2	4	1	0.60825148	22	15034.17	15034.77	15034.77	15034.97	15035.378
3	21	1	1	533	3	2	9	23	1	1	4	1	0.48549569	23	15036.798	15036.998	15036.998	15037.198	15037.483
3	21	1	1	534	3	2	9	24	1	1	4	1	0.48862512	24	15039.027	15039.227	15039.227	15039.427	15039.716
3	21	1	1	535	3	2	9	25	1	2	4	1	0.60408968	25	15041.256	15041.856	15041.856	15042.056	15042.46
3	21	1	1	536	3	2	9	26	2	1	4	1	0.46427021	26	15043.885	15044.085	15044.085	15044.285	15044.549
3	21	1	1	537	3	2	9	27	6	2	5	1	0.72436147	27	15046.114	15046.714	15046.714	15046.914	15047.438
3	21	1	1	538	3	2	9	28	4	2	5	1	0.59025805	28	15048.743	15049.343	15049.343	15049.543	15049.933
3	21	1	1	539	3	2	9	29	4	1	5	1	0.53144849	29	15051.375	15051.575	15051.575	15051.775	15052.106
3	21	1	1	540	3	2	9	30	5	2	5	1	0.55283891	30	15053.604	15054.204	15054.204	15054.404	15054.757
3	21	1	1	541	4	6	10	1	3	1	3	1	1.6378367	31	15632.446	15632.646	15632.646	15632.846	15634.284
3	21	1	1	542	4	6	10	2	5	2	7	1	1.6908275	32	15634.675	15635.275	15635.275	15635.475	15636.966
3	21	1	1	543	4	6	10	3	1	1	1	1	0.85145195	33	15637.304	15637.504	15637.504	15637.704	15638.356
3	21	1	1	544	4	6	10	4	2	1	2	1	1.6527033	34	15639.537	15639.737	15639.737	15639.937	15641.389
3	21	1	1	545	4	6	10	5	2	2	2	1	0.70224373	35	15641.768	15642.368	15642.368	15642.568	15643.07
3	21	1	1	546	4	6	10	6	4	2	6	1	1.0770581	36	15644.397	15644.997	15644.997	15645.197	15646.074
3	21	1	1	547	4	6	10	7	2	1	2	1	0.89143789	37	15647.026	15647.226	15647.226	15647.426	15648.117
3	21	1	1	548	4	6	10	8	4	2	6	1	0.89346879	38	15649.255	15649.855	15649.855	15650.055	15650.748
3	21	1	1	549	4	6	10	9	5	2	7	1	1.1115044	39	15651.884	15652.484	15652.484	15652.684	15653.596
3	21	1	1	550	4	6	10	10	6	1	8	1	0.62753067	40	15654.513	15654.713	15654.713	15654.913	15655.341
3	21	1	1	551	4	6	10	11	5	2	7	1	0.95959219	41	15656.742	15657.342	15657.343	15657.543	15658.302
3	21	1	1	552	4	6	10	12	6	1	8	1	0.90289143	42	15659.373	15659.573	15659.573	15659.773	15660.476
3	21	1	1	553	4	6	10	13	2	2	2	1	1.2493007	43	15661.604	15662.204	15662.204	15662.404	15663.454
3	21	1	1	554	4	6	10	14	6	1	8	1	1.0546374	44	15664.236	15664.436	15664.436	15664.636	15665.49
3	21	1	1	555	4	6	10	15	3	1	3	1	1.3473585	45	15666.466	15666.666	15666.666	15666.866	15668.013
3	21	1	1	556	4	6	10	16	3	2	3	1	0.59652996	46	15668.697	15669.297	15669.297	15669.497	15669.893
3	21	1	1	557	4	6	10	17	3	2	3	1	0.73467557	47	15671.326	15671.926	15671.926	15672.126	15672.661
3	21	1	1	558	4	6	10	18	6	1	8	1	1.3295294	48	15673.956	15674.156	15674.156	15674.356	15675.485
3	21	1	1	559	4	6	10	19	4	2	6	1	1.3963992	49	15676.186	15676.786	15676.786	15676.986	15678.182
3	21	1	1	560	4	6	10	20	5	1	7	1	0.86636847	50	15678.816	15679.016	15679.016	15679.216	15679.882
3	21	1	1	561	4	6	10	21	3	1	3	1	1.6844423	51	15681.046	15681.246	15681.246	15681.446	15682.93
3	21	1	1	562	4	6	10	22	1	2	1	1	1.2344243	52	15683.276	15683.876	15683.876	15684.076	15685.11
3	21	1	1	563	4	6	10	23	1	1	1	1	0.77034475	53	15685.906	15686.106	15686.106	15686.306	15686.876
3	21	1	1	564	4	6	10	24	1	1	1	1	0.70222971	54	15688.136	15688.336	15688.336	15688.536	15689.038
3	21	1	1	565	4	6	10	25	1	2	1	1	0.6711623	55	15690.366	15690.966	15690.966	15691.166	15691.637
3	21	1	1	566	4	6	10	26	2	1	2	1	1.351135	56	15692.996	15693.196	15693.196	15693.396	15694.547
3	21	1	1	567	4	6	10	27	6	2	8	1	1.0405864	57	15695.227	15695.827	15695.827	15696.027	15696.867
3	21	1	1	568	4	6	10	28	4	2	6	1	1.0524973	58	15697.857	15698.457	15698.457	15698.657	15699.509
3	21	1	1	569	4	6	10	29	4	1	6	1	0.56696473	59	15700.487	15700.687	15700.687	15700.887	15701.254
3	21	1	1	570	4	6	10	30	5	2	7	1	1.2661885	60	15702.72	15703.32	15703.32	15703.52	15704.586
3	21	1	1	571	4	2	10	1	1	1	4	1	0.71355471	1	15733.417	15733.617	15733.617	15733.817	15734.331
3	21	1	1	572	4	2	10	2	2	2	4	1	0.53269402	2	15735.647	15736.247	15736.247	15736.447	15736.78
3	21	1	1	573	4	2	10	3	5	1	5	1	0.62398569	3	15738.278	15738.478	15738.478	15738.678	15739.102
3	21	1	1	574	4	2	10	4	4	1	5	1	0.74731545	4	15740.512	15740.712	15740.712	15740.912	15741.459
3	21	1	1	575	4	2	10	5	2	2	4	1	0.54067884	5	15742.745	15743.345	15743.345	15743.545	15743.886
3	21	1	1	576	4	2	10	6	2	2	4	1	0.4474167	6	15745.375	15745.975	15745.975	15746.175	15746.422
3	21	1	1	577	4	2	10	7	4	1	5	1	0.60010541	7	15748.006	15748.206	15748.206	15748.406	15748.806
3	21	1	1	578	4	2	10	8	1	2	4	1	0.67450169	8	15750.243	15750.843	15750.843	15751.043	15751.517
3	21	1	1	579	4	2	10	9	5	2	5	1	0.72429521	9	15752.873	15753.473	15753.473	15753.673	15754.198
3	21	1	1	580	4	2	10	10	6	1	5	1	0.54031103	10	15755.504	15755.704	15755.704	15755.904	15756.245
3	21	1	1	581	4	2	10	11	3	2	4	1	0.45237755	11	15757.735	15758.335	15758.335	15758.535	15758.788
3	21	1	1	582	4	2	10	12	3	1	4	1	1.1175128	12	15760.365	15760.565	15760.565	15760.765	15761.683
3	21	1	1	583	4	2	10	13	6	2	5	1	0.47420076	13	15762.596	15763.196	15763.196	15763.396	15763.67
3	21	1	1	584	4	2	10	14	2	1	4	1	0.5921591	14	15765.227	15765.427	15765.427	15765.627	15766.019
3	21	1	1	585	4	2	10	15	3	1	4	1	0.43516845	15	15767.458	15767.658	15767.658	15767.858	15768.093
3	21	1	1	586	4	2	10	16	1	2	4	1	0.45072362	16	15769.69	15770.29	15770.29	15770.49	15770.74
3	21	1	1	587	4	2	10	17	1	2	4	1	0.32977837	17	15772.322	15772.922	15772.922	15773.122	15773.252
3	21	1	1	588	4	2	10	18	4	1	5	1	0.59584514	18	15774.953	15775.153	15775.153	15775.353	15775.749
3	21	1	1	589	4	2	10	19	5	2	5	1	0.51056362	19	15777.19	15777.79	15777.79	15777.99	15778.301
3	21	1	1	590	4	2	10	20	3	1	4	1	0.54113167	20	15779.823	15780.023	15780.023	15780.223	15780.564
3	21	1	1	591	4	2	10	21	3	1	4	1	0.66102311	21	15782.054	15782.254	15782.254	15782.454	15782.915
3	21	1	1	592	4	2	10	22	1	2	4	1	0.6414961	22	15784.285	15784.885	15784.885	15785.085	15785.526
3	21	1	1	593	4	2	10	23	6	1	5	1	0.68983022	23	15786.916	15787.116	15787.116	15787.316	15787.806
3	21	1	1	594	4	2	10	24	2	1	4	1	0.61625948	24	15789.148	15789.348	15789.348	15789.548	15789.964
3	21	1	1	595	4	2	10	25	5	2	5	1	0.67325278	25	15791.379	15791.979	15791.979	15792.179	15792.652
3	21	1	1	596	4	2	10	26	5	1	5	1	0.71182514	26	15794.01	15794.21	15794.21	15794.41	15794.922
3	21	1	1	597	4	2	10	27	6	2	5	1	0.48827571	27	15796.245	15796.845	15796.845	15797.045	15797.333
3	21	1	1	598	4	2	10	28	6	2	5	1	0.40139113	28	15798.876	15799.476	15799.476	15799.676	15799.877
3	21	1	1	599	4	2	10	29	4	1	5	1	0.42276354	29	15801.508	15801.708	15801.708	15801.908	15802.131
3	21	1	1	600	4	2	10	30	4	2	5	1	0.37645219	30	15803.739	15804.339	15804.339	15804.539	15804.716
3	21	1	1	601	4	6	11	1	1	1	1	1	1.0143134	31	15834.879	15835.079	15835.079	15835.279	15836.093
3	21	1	1	602	4	6	11	2	2	2	2	1	1.0062523	32	15837.11	15837.71	15837.71	15837.91	15838.717
3	21	1	1	603	4	6	11	3	5	1	7	1	0.90518708	33	15839.746	15839.946	15839.946	15840.146	15840.852
3	21	1	1	604	4	6	11	4	4	1	6	1	1.2175285	34	15841.978	15842.178	15842.178	15842.378	15843.396
3	21	1	1	605	4	6	11	5	2	2	2	1	1.6254551	35	15844.21	15844.81	15844.81	15845.01	15846.436
3	21	1	1	606	4	6	11	6	2	2	2	1	0.65801371	36	15846.842	15847.442	15847.442	15847.642	15848.1
3	21	1	1	607	4	6	11	7	4	1	6	1	0.97861247	37	15849.474	15849.674	15849.674	15849.874	15850.653
3	21	1	1	608	4	6	11	8	1	2	1	1	1.0002307	38	15851.706	15852.306	15852.306	15852.506	15853.306
3	21	1	1	609	4	6	11	9	5	2	7	1	0.87360884	39	15854.337	15854.937	15854.937	15855.137	15855.811
3	21	1	1	610	4	6	11	10	6	1	8	1	0.63606209	40	15856.969	15857.169	15857.169	15857.369	15857.805
3	21	1	1	611	4	6	11	11	3	2	3	1	1.0664241	41	15859.2	15859.8	15859.8	15860	15860.867
3	21	1	1	612	4	6	11	12	3	1	3	1	0.54503899	42	15861.833	15862.033	15862.033	15862.233	15862.578
3	21	1	1	613	4	6	11	13	6	2	8	1	0.81728348	43	15864.065	15864.665	15864.665	15864.865	15865.482
3	21	1	1	614	4	6	11	14	2	1	2	1	0.95343181	44	15866.7	15866.9	15866.9	15867.1	15867.853
3	21	1	1	615	4	6	11	15	3	1	3	1	0.96712415	45	15868.932	15869.132	15869.132	15869.332	15870.099
3	21	1	1	616	4	6	11	16	1	2	1	1	0.88706414	46	15871.166	15871.766	15871.766	15871.966	15872.653
3	21	1	1	617	4	6	11	17	1	2	1	1	0.83609989	47	15873.798	15874.398	15874.398	15874.598	15875.234
3	21	1	1	618	4	6	11	18	4	1	6	1	0.89103637	48	15876.431	15876.631	15876.631	15876.831	15877.522
3	21	1	1	619	4	6	11	19	5	2	7	1	1.1014094	49	15878.663	15879.263	15879.263	15879.463	15880.365
3	21	1	1	620	4	6	11	20	3	1	3	1	1.7000092	50	15881.295	15881.495	15881.495	15881.695	15883.195
3	21	1	1	621	4	6	11	21	3	1	3	1	0.84469788	51	15883.527	15883.727	15883.727	15883.927	15884.572
3	21	1	1	622	4	6	11	22	1	2	1	1	1.3794217	52	15885.762	15886.362	15886.362	15886.562	15887.742
3	21	1	1	623	4	6	11	23	6	1	8	1	1.0193467	53	15888.394	15888.594	15888.594	15888.794	15889.613
3	21	1	1	624	4	6	11	24	2	1	2	1	1.7549805	54	15890.626	15890.826	15890.826	15891.026	15892.581
3	21	1	1	625	4	6	11	25	5	2	7	1	1.3538135	55	15892.858	15893.458	15893.458	15893.658	15894.812
3	21	1	1	626	4	6	11	26	5	1	7	1	0.79140756	56	15895.491	15895.691	15895.691	15895.891	15896.483
3	21	1	1	627	4	6	11	27	6	2	8	1	0.71340144	57	15897.724	15898.324	15898.324	15898.524	15899.037
3	21	1	1	628	4	6	11	28	6	2	8	1	0.76647793	58	15900.357	15900.957	15900.957	15901.157	15901.723
3	21	1	1	629	4	6	11	29	4	1	6	1	0.87906564	59	15902.989	15903.189	15903.189	15903.389	15904.068
3	21	1	1	630	4	6	11	30	4	2	6	1	0.94278704	60	15905.222	15905.822	15905.822	15906.022	15906.765
3	21	1	1	631	4	2	11	1	5	1	5	1	1.252298	1	15935.919	15936.119	15936.119	15936.319	15937.371
3	21	1	1	632	4	2	11	2	1	2	4	1	0.55382462	2	15938.152	15938.752	15938.752	15938.952	15939.306
3	21	1	1	633	4	2	11	3	5	1	5	1	0.60620079	3	15940.784	15940.984	15940.984	15941.184	15941.59
3	21	1	1	634	4	2	11	4	6	1	5	1	1.0269107	4	15943.018	15943.218	15943.218	15943.418	15944.245
3	21	1	1	635	4	2	11	5	6	2	5	1	0.54552573	5	15945.252	15945.852	15945.852	15946.052	15946.397
3	21	1	1	636	4	2	11	6	1	2	4	1	0.53475508	6	15947.886	15948.486	15948.486	15948.686	15949.021
3	21	1	1	637	4	2	11	7	6	1	5	1	0.65866634	7	15950.52	15950.72	15950.72	15950.92	15951.378
3	21	1	1	638	4	2	11	8	1	2	4	1	0.49068372	8	15952.752	15953.352	15953.352	15953.552	15953.843
3	21	1	1	639	4	2	11	9	6	2	5	1	0.59730902	9	15955.385	15955.985	15955.985	15956.185	15956.582
3	21	1	1	640	4	2	11	10	5	1	5	1	0.57833016	10	15958.019	15958.219	15958.219	15958.419	15958.797
3	21	1	1	641	4	2	11	11	4	2	5	1	0.51864561	11	15960.252	15960.852	15960.852	15961.052	15961.371
3	21	1	1	642	4	2	11	12	6	1	5	1	0.80845922	12	15962.886	15963.086	15963.086	15963.286	15963.894
3	21	1	1	643	4	2	11	13	3	2	4	1	0.6213948	13	15965.119	15965.719	15965.719	15965.919	15966.34
3	21	1	1	644	4	2	11	14	3	1	4	1	0.58137793	14	15967.753	15967.953	15967.953	15968.153	15968.534
3	21	1	1	645	4	2	11	15	5	1	5	1	0.61943582	15	15969.986	15970.186	15970.186	15970.386	15970.805
3	21	1	1	646	4	2	11	16	2	2	4	1	0.64931159	16	15972.218	15972.818	15972.818	15973.018	15973.468
3	21	1	1	647	4	2	11	17	1	2	4	1	0.56081736	17	15974.852	15975.452	15975.452	15975.652	15976.013
3	21	1	1	648	4	2	11	18	3	1	4	1	0.49594068	18	15977.486	15977.686	15977.686	15977.886	15978.182
3	21	1	1	649	4	2	11	19	3	2	4	1	0.41791673	19	15979.72	15980.32	15980.32	15980.52	15980.738
3	21	1	1	650	4	2	11	20	3	1	4	1	0.48974416	20	15982.354	15982.554	15982.554	15982.754	15983.044
3	21	1	1	651	4	2	11	21	1	1	4	1	0.5065572	21	15984.588	15984.788	15984.788	15984.988	15985.294
3	21	1	1	652	4	2	11	22	4	2	5	1	0.50237594	22	15986.821	15987.421	15987.421	15987.621	15987.924
3	21	1	1	653	4	2	11	23	4	1	5	1	0.51575637	23	15989.455	15989.655	15989.655	15989.855	15990.171
3	21	1	1	654	4	2	11	24	2	1	4	1	0.39468802	24	15991.688	15991.888	15991.888	15992.088	15992.283
3	21	1	1	655	4	2	11	25	4	2	5	1	0.81235569	25	15993.925	15994.525	15994.525	15994.725	15995.337
3	21	1	1	656	4	2	11	26	4	1	5	1	0.6250577	26	15996.56	15996.76	15996.76	15996.96	15997.385
3	21	1	1	657	4	2	11	27	2	2	4	1	0.6275388	27	15998.794	15999.394	15999.394	15999.594	16000.021
3	21	1	1	658	4	2	11	28	2	2	4	1	0.61020969	28	16001.428	16002.028	16002.028	16002.228	16002.638
3	21	1	1	659	4	2	11	29	5	1	5	1	0.62150016	29	16004.063	16004.263	16004.263	16004.463	16004.884
3	21	1	1	660	4	2	11	30	2	2	4	1	0.71789047	30	16006.3	16006.9	16006.9	16007.1	16007.618
3	21	1	1	661	4	6	12	1	5	1	7	1	1.8933712	31	16037.028	16037.228	16037.228	16037.428	16039.121
3	21	1	1	662	4	6	12	2	1	2	1	1	0.97082276	32	16039.263	16039.863	16039.863	16040.063	16040.834
3	21	1	1	663	4	6	12	3	5	1	7	1	0.6394354	33	16041.9	16042.1	16042.1	16042.3	16042.739
3	21	1	1	664	4	6	12	4	6	1	8	1	1.4522522	34	16044.134	16044.334	16044.334	16044.534	16045.786
3	21	1	1	665	4	6	12	5	6	2	8	1	0.73870608	35	16046.368	16046.968	16046.968	16047.168	16047.706
3	21	1	1	666	4	6	12	6	1	2	1	1	0.94637285	36	16049.002	16049.602	16049.602	16049.802	16050.549
3	21	1	1	667	4	6	12	7	6	1	8	1	1.0778228	37	16051.636	16051.836	16051.836	16052.036	16052.914
3	21	1	1	668	4	6	12	8	1	2	1	1	0.91647263	38	16053.871	16054.471	16054.471	16054.671	16055.388
3	21	1	1	669	4	6	12	9	6	2	8	1	0.70026547	39	16056.505	16057.105	16057.105	16057.305	16057.806
3	21	1	1	670	4	6	12	10	5	1	7	1	0.98084042	40	16059.143	16059.343	16059.343	16059.543	16060.323
3	21	1	1	671	4	6	12	11	4	2	6	1	0.82012331	41	16061.378	16061.978	16061.978	16062.178	16062.798
3	21	1	1	672	4	6	12	12	6	1	8	1	0.80870619	42	16064.013	16064.213	16064.213	16064.413	16065.021
3	21	1	1	673	4	6	12	13	3	2	3	1	0.63492549	43	16066.247	16066.847	16066.847	16067.047	16067.482
3	21	1	1	674	4	6	12	14	3	1	3	1	0.52052201	44	16068.882	16069.082	16069.082	16069.282	16069.602
3	21	1	1	675	4	6	12	15	5	1	7	1	1.2618497	45	16071.116	16071.316	16071.316	16071.516	16072.578
3	21	1	1	676	4	6	12	16	2	2	2	1	0.81217619	46	16073.351	16073.951	16073.951	16074.151	16074.763
3	21	1	1	677	4	6	12	17	1	2	1	1	0.8748257	47	16075.985	16076.585	16076.585	16076.785	16077.46
3	21	1	1	678	4	6	12	18	3	1	3	1	1.351431	48	16078.62	16078.82	16078.82	16079.02	16080.171
3	21	1	1	679	4	6	12	19	3	2	3	1	0.58128181	49	16080.855	16081.455	16081.455	16081.655	16082.036
3	21	1	1	680	4	6	12	20	3	1	3	1	0.63814272	50	16083.493	16083.693	16083.693	16083.893	16084.331
3	21	1	1	681	4	6	12	21	1	1	1	1	0.84277639	51	16085.728	16085.928	16085.928	16086.128	16086.771
3	21	1	1	682	4	6	12	22	4	2	6	1	0.9519812	52	16087.965	16088.565	16088.565	16088.765	16089.517
3	21	1	1	683	4	6	12	23	4	1	6	1	0.61888552	53	16090.6	16090.8	16090.8	16091	16091.419
3	21	1	1	684	4	6	12	24	2	1	2	1	1.2469083	54	16092.835	16093.035	16093.035	16093.235	16094.282
3	21	1	1	685	4	6	12	25	4	2	6	1	0.70683712	55	16095.071	16095.671	16095.671	16095.871	16096.378
3	21	1	1	686	4	6	12	26	4	1	6	1	0.6568915	56	16097.707	16097.907	16097.907	16098.107	16098.564
3	21	1	1	687	4	6	12	27	2	2	2	1	0.79745687	57	16099.943	16100.543	16100.543	16100.743	16101.34
3	21	1	1	688	4	6	12	28	2	2	2	1	0.6411372	58	16102.579	16103.179	16103.179	16103.379	16103.82
3	21	1	1	689	4	6	12	29	5	1	7	1	0.99700843	59	16105.214	16105.414	16105.414	16105.614	16106.411
3	21	1	1	690	4	6	12	30	2	2	2	1	1.18596	60	16107.449	16108.049	16108.049	16108.249	16109.235
3	21	1	1	691	4	2	12	1	2	1	4	1	1.0423342	1	16138.148	16138.348	16138.348	16138.548	16139.39
3	21	1	1	692	4	2	12	2	4	2	5	1	0.47582951	2	16140.384	16140.984	16140.984	16141.184	16141.46
3	21	1	1	693	4	2	12	3	3	1	4	1	0.48680613	3	16143.02	16143.22	16143.22	16143.42	16143.707
3	21	1	1	694	4	2	12	4	5	1	5	1	0.59678654	4	16145.256	16145.456	16145.456	16145.656	16146.052
3	21	1	1	695	4	2	12	5	6	2	5	1	0.66313131	5	16147.491	16148.091	16148.091	16148.291	16148.754
3	21	1	1	696	4	2	12	6	3	2	4	1	0.45060297	6	16150.128	16150.728	16150.728	16150.928	16151.178
3	21	1	1	697	4	2	12	7	6	1	5	1	0.56103478	7	16152.763	16152.963	16152.963	16153.163	16153.524
3	21	1	1	698	4	2	12	8	1	2	4	1	0.56471479	8	16154.998	16155.598	16155.598	16155.798	16156.163
3	21	1	1	699	4	2	12	9	5	2	5	1	0.54696516	9	16157.635	16158.235	16158.235	16158.435	16158.782
3	21	1	1	700	4	2	12	10	5	1	5	1	0.61089856	10	16160.271	16160.471	16160.471	16160.671	16161.082
3	21	1	1	701	4	2	12	11	3	2	4	1	0.47391159	11	16162.506	16163.106	16163.106	16163.306	16163.58
3	21	1	1	702	4	2	12	12	4	1	5	1	0.52766082	12	16165.142	16165.342	16165.342	16165.542	16165.87
3	21	1	1	703	4	2	12	13	3	2	4	1	0.61651631	13	16167.378	16167.978	16167.978	16168.178	16168.594
3	21	1	1	704	4	2	12	14	1	1	4	1	0.55132591	14	16170.014	16170.214	16170.214	16170.414	16170.766
3	21	1	1	705	4	2	12	15	2	1	4	1	0.6250923	15	16172.25	16172.45	16172.45	16172.65	16173.075
3	21	1	1	706	4	2	12	16	1	2	4	1	0.88535506	16	16174.487	16175.087	16175.087	16175.287	16175.972
3	21	1	1	707	4	2	12	17	3	2	4	1	0.56963148	17	16177.123	16177.723	16177.723	16177.923	16178.292
3	21	1	1	708	4	2	12	18	6	1	5	1	0.58937798	18	16179.759	16179.959	16179.959	16180.159	16180.549
3	21	1	1	709	4	2	12	19	1	2	4	1	0.4921451	19	16182.001	16182.601	16182.601	16182.801	16183.093
3	21	1	1	710	4	2	12	20	1	1	4	1	1.0005773	20	16184.637	16184.837	16184.837	16185.037	16185.837
3	21	1	1	711	4	2	12	21	6	1	5	1	0.59252955	21	16186.873	16187.073	16187.073	16187.273	16187.666
3	21	1	1	712	4	2	12	22	6	2	5	1	0.49306909	22	16189.109	16189.709	16189.709	16189.909	16190.202
3	21	1	1	713	4	2	12	23	2	1	4	1	0.43319671	23	16191.745	16191.945	16191.945	16192.145	16192.378
3	21	1	1	714	4	2	12	24	2	1	4	1	0.28244635	24	16193.986	16194.186	16194.186	16194.386	16194.468
3	21	1	1	715	4	2	12	25	4	2	5	1	0.74312342	25	16196.221	16196.821	16196.821	16197.021	16197.564
3	21	1	1	716	4	2	12	26	4	1	5	1	0.79448752	26	16198.858	16199.058	16199.058	16199.258	16199.852
3	21	1	1	717	4	2	12	27	5	2	5	1	0.79707574	27	16201.094	16201.694	16201.694	16201.894	16202.491
3	21	1	1	718	4	2	12	28	2	2	4	1	0.59503284	28	16203.731	16204.331	16204.331	16204.531	16204.926
3	21	1	1	719	4	2	12	29	5	1	5	1	0.72937145	29	16206.371	16206.571	16206.571	16206.771	16207.3
3	21	1	1	720	4	2	12	30	4	2	5	1	0.56499644	30	16208.609	16209.209	16209.209	16209.409	16209.774
