7	2	4	0	1	5	6	3	0	0	0	0	0	0	0	0	0	0	0	0
3	40	1	2	1	1	2	1	1	1	2	4	1	0.84402412	1	709.16144	709.76161	709.76193	709.96219	710.60596
3	40	1	2	2	1	2	1	2	4	2	5	1	0.69919882	2	711.77761	712.37777	712.37789	712.57812	713.07708
3	40	1	2	3	1	2	1	3	3	1	4	1	0.54261811	3	714.64082	714.84083	714.84084	715.04086	715.38346
3	40	1	2	4	1	2	1	4	4	1	5	1	0.5355747	4	716.84752	717.04754	717.04756	717.24759	717.58314
3	40	1	2	5	1	2	1	5	3	2	4	1	0.61952855	5	719.05376	719.65379	719.65379	719.8538	720.27332
3	40	1	2	6	1	2	1	6	2	1	4	1	0.72216708	6	721.65946	721.85946	721.85947	722.05955	722.58163
3	40	1	2	7	1	2	1	7	1	2	4	1	0.59066598	7	723.86562	724.46563	724.46563	724.66563	725.0563
3	40	1	2	8	1	2	1	8	1	1	4	1	0.61638309	8	726.47175	726.67175	726.67176	726.87176	727.28814
3	40	1	2	9	1	2	1	9	2	1	4	1	0.55805624	9	728.67792	728.87792	728.87793	729.07793	729.43598
3	40	1	2	10	1	2	1	10	2	2	4	1	0.48935552	10	730.88425	731.48426	731.48429	731.68435	731.97364
3	40	1	2	11	1	2	1	11	1	2	4	1	0.49223125	11	733.49033	734.09035	734.09036	734.29042	734.58259
3	40	1	2	12	1	2	1	12	3	1	4	1	0.46193078	12	736.0964	736.2964	736.2964	736.49641	736.75833
3	40	1	2	13	1	2	1	13	6	1	5	1	0.45124562	13	738.30177	738.50177	738.50177	738.70185	738.95302
3	40	1	2	14	1	2	1	14	4	2	5	1	0.57772776	14	740.50719	741.10719	741.10719	741.3072	741.68492
3	40	1	2	15	1	2	1	15	5	2	5	1	0.47773215	15	743.11271	743.71272	743.71272	743.9128	744.19045
3	40	1	2	16	1	2	1	16	2	1	4	1	0.6095768	16	745.7184	745.91841	745.91844	746.11844	746.52801
3	40	1	2	17	1	2	1	17	5	1	5	1	0.54872068	17	747.92405	748.12407	748.12408	748.32408	748.6728
3	40	1	2	18	1	2	1	18	4	1	5	1	0.52557948	18	750.12975	750.32975	750.32976	750.52976	750.85534
3	40	1	2	19	1	2	1	19	5	1	5	1	0.44188974	19	752.33583	752.53584	752.53584	752.73592	752.97773
3	40	1	2	20	1	2	1	20	3	2	4	1	0.93316568	20	754.54429	755.1443	755.1443	755.34431	756.07746
3	40	1	2	21	1	2	1	21	6	1	5	1	0.44848147	21	757.15058	757.35058	757.35058	757.55067	757.79907
3	40	1	2	22	1	2	1	22	6	2	5	1	0.71929344	22	759.35691	759.95691	759.95691	760.15697	760.67621
3	40	1	2	23	1	2	1	23	5	1	5	1	0.56425965	23	761.96315	762.16315	762.16315	762.36316	762.72741
3	40	1	2	24	1	2	1	24	5	2	5	1	0.44670769	24	764.16927	764.76928	764.76928	764.96928	765.21599
3	40	1	2	25	1	2	1	25	4	2	5	1	0.44673851	25	766.77506	767.37509	767.37509	767.5751	767.82183
3	40	1	2	26	1	2	1	26	3	1	4	1	0.67225591	26	769.38113	769.58113	769.58122	769.78122	770.25347
3	40	1	2	27	1	2	1	27	6	2	5	1	0.41985613	27	771.58776	772.18784	772.18784	772.38785	772.6077
3	40	1	2	28	1	2	1	28	6	2	5	1	0.47681425	28	774.19399	774.79399	774.79399	774.994	775.27081
3	40	1	2	29	1	2	1	29	1	2	4	1	0.65501759	29	776.80063	777.40064	777.40064	777.60064	778.05566
3	40	1	2	30	1	2	1	30	2	1	4	1	0.55952685	30	779.4074	779.60741	779.60741	779.80741	780.16694
3	40	1	2	31	1	6	1	1	2	2	3	0	1.009217	0	908.75603	909.35616	909.35626	909.55644	910.36547
3	40	1	2	32	1	6	1	2	6	2	0	0	-912.27153	0	911.6715	912.27152	912.27153	912.47154	0
3	40	1	2	33	1	6	1	3	5	1	2	0	0.35809724	0	914.57848	914.7785	914.77852	914.97853	915.13661
3	40	1	2	34	1	6	1	4	5	1	7	1	1.20844	1	917.0929	917.29292	917.29292	917.49292	918.50136
3	40	1	2	35	1	6	1	5	2	2	2	1	1.4842781	2	919.29987	919.89987	919.89988	920.09994	921.38415
3	40	1	2	36	1	6	1	6	6	1	3	0	1.5475357	2	921.9067	922.1067	922.10671	922.30671	923.65424
3	40	1	2	37	1	6	1	7	1	2	1	1	1.0398288	3	924.41737	925.01737	925.01737	925.21738	926.0572
3	40	1	2	38	1	6	1	8	1	1	1	1	0.72980322	4	927.02391	927.22391	927.22391	927.42392	927.95371
3	40	1	2	39	1	6	1	9	1	1	1	1	0.69586761	5	929.23089	929.4309	929.4309	929.6309	930.12677
3	40	1	2	40	1	6	1	10	4	2	6	1	1.6754783	6	931.43779	932.03779	932.0378	932.23784	933.71327
3	40	1	2	41	1	6	1	11	1	2	1	1	1.0885997	7	934.04497	934.64498	934.645	934.84505	935.7336
3	40	1	2	42	1	6	1	12	5	1	7	1	0.97774225	8	936.65389	936.85391	936.85392	937.05392	937.83166
3	40	1	2	43	1	6	1	13	3	1	3	1	1.1205207	9	938.86085	939.06085	939.06085	939.26092	940.18137
3	40	1	2	44	1	6	1	14	4	2	6	1	1.9972166	10	941.06832	941.66833	941.66835	941.86836	943.66557
3	40	1	2	45	1	6	1	15	5	2	2	0	1.2620704	10	943.68084	944.28086	944.28087	944.48092	945.54294
3	40	1	2	46	1	6	1	16	2	1	2	1	1.6323529	11	946.59622	946.79622	946.79623	946.99623	948.42858
3	40	1	2	47	1	6	1	17	1	1	7	0	1.3708155	11	948.80343	949.00343	949.00344	949.20344	950.37425
3	40	1	2	48	1	6	1	18	5	1	7	1	1.5628385	12	951.3172	951.5172	951.51723	951.71723	953.08006
3	40	1	2	49	1	6	1	19	4	1	5	0	1.2174495	12	953.52454	953.72456	953.72458	953.92463	954.94203
3	40	1	2	50	1	6	1	20	6	2	3	0	1.9129535	12	956.03659	956.63662	956.63662	956.83662	958.54957
3	40	1	2	51	1	6	1	21	2	1	7	0	1.9813247	12	958.95481	959.15481	959.15484	959.3549	961.13616
3	40	1	2	52	1	6	1	22	3	2	7	0	1.9976115	12	961.4685	962.06853	962.06854	962.26854	964.06615
3	40	1	2	53	1	6	1	23	6	1	6	0	1.2819729	12	964.38879	964.58881	964.58881	964.78882	965.87079
3	40	1	2	54	1	6	1	24	6	2	1	0	2.0009592	12	966.90052	967.50052	967.50052	967.70053	969.50148
3	40	1	2	55	1	6	1	25	4	2	5	0	1.084528	12	969.81664	970.41664	970.41664	970.61665	971.50117
3	40	1	2	56	1	6	1	26	3	1	0	0	-972.93337	12	972.73336	972.93337	972.93337	973.13337	0
3	40	1	2	57	1	6	1	27	2	2	3	0	1.7249376	12	975.24119	975.84119	975.84119	976.0412	977.56613
3	40	1	2	58	1	6	1	28	3	2	7	0	1.1091064	12	978.15521	978.75522	978.75524	978.95525	979.86435
3	40	1	2	59	1	6	1	29	3	2	8	0	1.45706	12	981.07132	981.67134	981.67134	981.87135	983.1284
3	40	1	2	60	1	6	1	30	4	1	6	1	1.4594468	13	983.98819	984.18819	984.1882	984.3882	985.64764
3	40	1	2	61	1	2	2	1	2	2	4	1	0.5683688	1	1003.7916	1004.3916	1004.3916	1004.5916	1004.96
3	40	1	2	62	1	2	2	2	1	2	4	1	0.54998325	2	1006.4	1007	1007	1007.2	1007.55
3	40	1	2	63	1	2	2	3	6	1	5	1	0.68625732	3	1009.0077	1009.2077	1009.2077	1009.4077	1009.8939
3	40	1	2	64	1	2	2	4	4	1	5	1	0.56986156	4	1011.2158	1011.4158	1011.4158	1011.6158	1011.9857
3	40	1	2	65	1	2	2	5	2	2	4	1	0.6680285	5	1013.4236	1014.0236	1014.0237	1014.2237	1014.6917
3	40	1	2	66	1	2	2	6	5	1	5	1	0.47601867	6	1016.0337	1016.2338	1016.2338	1016.4338	1016.7098
3	40	1	2	67	1	2	2	7	5	2	5	1	0.60501551	7	1018.2421	1018.8421	1018.8421	1019.0421	1019.4471
3	40	1	2	68	1	2	2	8	4	1	5	1	0.5893253	8	1020.8506	1021.0506	1021.0506	1021.2506	1021.6399
3	40	1	2	69	1	2	2	9	1	1	4	1	0.65040183	9	1023.0591	1023.2591	1023.2591	1023.4591	1023.9095
3	40	1	2	70	1	2	2	10	3	2	4	1	0.6572112	10	1025.2678	1025.8678	1025.8678	1026.0678	1026.525
3	40	1	2	71	1	2	2	11	2	2	4	1	0.56069816	11	1027.8764	1028.4764	1028.4764	1028.6764	1029.0371
3	40	1	2	72	1	2	2	12	5	1	5	1	0.77727016	12	1030.4846	1030.6846	1030.6846	1030.8846	1031.4619
3	40	1	2	73	1	2	2	13	1	1	4	1	0.52150853	13	1032.6932	1032.8932	1032.8932	1033.0932	1033.4147
3	40	1	2	74	1	2	2	14	6	2	5	1	0.39727937	14	1034.9048	1035.5048	1035.5048	1035.7049	1035.9021
3	40	1	2	75	1	2	2	15	4	2	5	1	0.62417131	15	1037.5133	1038.1134	1038.1134	1038.3134	1038.7376
3	40	1	2	76	1	2	2	16	6	1	5	1	0.7147733	16	1040.1241	1040.3241	1040.3241	1040.5241	1041.0388
3	40	1	2	77	1	2	2	17	3	1	4	1	0.84832863	17	1042.3324	1042.5324	1042.5324	1042.7325	1043.3808
3	40	1	2	78	1	2	2	18	4	1	5	1	0.49013155	18	1044.5413	1044.7413	1044.7414	1044.9414	1045.2315
3	40	1	2	79	1	2	2	19	1	1	4	1	0.59316687	19	1046.7503	1046.9504	1046.9504	1047.1504	1047.5436
3	40	1	2	80	1	2	2	20	4	2	5	1	0.43188941	20	1048.9587	1049.5587	1049.5587	1049.7587	1049.9906
3	40	1	2	81	1	2	2	21	3	1	4	1	0.45781506	21	1051.5671	1051.7671	1051.7671	1051.9671	1052.225
3	40	1	2	82	1	2	2	22	3	2	4	1	0.61573414	22	1053.7765	1054.3765	1054.3765	1054.5765	1054.9922
3	40	1	2	83	1	2	2	23	5	1	5	1	0.54077707	23	1056.385	1056.585	1056.585	1056.785	1057.1258
3	40	1	2	84	1	2	2	24	2	2	4	1	0.58216234	24	1058.5939	1059.194	1059.194	1059.394	1059.7761
3	40	1	2	85	1	2	2	25	6	2	5	1	0.40143321	25	1061.2024	1061.8024	1061.8024	1062.0024	1062.2038
3	40	1	2	86	1	2	2	26	3	1	4	1	0.58128709	26	1063.8114	1064.0114	1064.0114	1064.2114	1064.5927
3	40	1	2	87	1	2	2	27	5	2	5	1	0.56876941	27	1066.0201	1066.6201	1066.6201	1066.8201	1067.1889
3	40	1	2	88	1	2	2	28	1	2	4	1	0.51402178	28	1068.6293	1069.2293	1069.2293	1069.4293	1069.7433
3	40	1	2	89	1	2	2	29	6	2	5	1	0.41799465	29	1071.2383	1071.8383	1071.8383	1072.0383	1072.2563
3	40	1	2	90	1	2	2	30	2	1	4	1	0.52001088	30	1073.8473	1074.0473	1074.0473	1074.2473	1074.5673
3	40	1	2	91	1	6	2	1	6	2	3	0	1.797386	0	1161.9164	1162.5164	1162.5165	1162.7165	1164.3138
3	40	1	2	92	1	6	2	2	1	2	1	1	1.4514118	1	1164.8343	1165.4344	1165.4344	1165.6344	1166.8858
3	40	1	2	93	1	6	2	3	2	1	2	1	0.84273326	2	1167.4437	1167.6437	1167.6437	1167.8437	1168.4864
3	40	1	2	94	1	6	2	4	4	1	5	0	0.84455568	2	1169.6534	1169.8534	1169.8534	1170.0534	1170.6979
3	40	1	2	95	1	6	2	5	1	2	1	1	0.95553399	3	1172.1692	1172.7692	1172.7692	1172.9692	1173.7248
3	40	1	2	96	1	6	2	6	3	1	3	1	1.0220298	4	1174.7784	1174.9784	1174.9784	1175.1784	1176.0004
3	40	1	2	97	1	6	2	7	1	2	1	1	0.74901833	5	1176.9875	1177.5875	1177.5875	1177.7875	1178.3365
3	40	1	2	98	1	6	2	8	2	1	2	1	1.1804964	6	1179.5964	1179.7964	1179.7965	1179.9965	1180.9769
3	40	1	2	99	1	6	2	9	2	1	2	1	0.767491	7	1181.8061	1182.0061	1182.0061	1182.2062	1182.7736
3	40	1	2	100	1	6	2	10	5	2	7	1	1.1980958	8	1184.0154	1184.6154	1184.6154	1184.8154	1185.8135
3	40	1	2	101	1	6	2	11	5	2	7	1	0.63262139	9	1186.625	1187.225	1187.225	1187.425	1187.8577
3	40	1	2	102	1	6	2	12	4	1	6	1	1.0032433	10	1189.234	1189.434	1189.434	1189.634	1190.4373
3	40	1	2	103	1	6	2	13	3	1	3	1	1.2019485	11	1191.4436	1191.6436	1191.6436	1191.8436	1192.8456
3	40	1	2	104	1	6	2	14	3	2	3	1	0.56858962	12	1193.6531	1194.2531	1194.2531	1194.4531	1194.8216
3	40	1	2	105	1	6	2	15	5	2	7	1	0.90500455	13	1196.2623	1196.8623	1196.8624	1197.0624	1197.7674
3	40	1	2	106	1	6	2	16	5	1	7	1	0.71769153	14	1198.8718	1199.0718	1199.0718	1199.2718	1199.7895
3	40	1	2	107	1	6	2	17	3	1	3	1	0.82800337	15	1201.0818	1201.2818	1201.2818	1201.4818	1202.1098
3	40	1	2	108	1	6	2	18	1	1	1	1	1.1325955	16	1203.2917	1203.4917	1203.4917	1203.6917	1204.6243
3	40	1	2	109	1	6	2	19	2	1	2	1	0.85730633	17	1205.501	1205.701	1205.701	1205.901	1206.5583
3	40	1	2	110	1	6	2	20	6	2	7	0	1.6502103	17	1207.711	1208.311	1208.311	1208.511	1209.9612
3	40	1	2	111	1	6	2	21	5	1	7	1	1.3504911	18	1210.6237	1210.8237	1210.8237	1211.0237	1212.1742
3	40	1	2	112	1	6	2	22	6	2	3	0	1.2300719	18	1212.8338	1213.4338	1213.4338	1213.6338	1214.6638
3	40	1	2	113	1	6	2	23	6	1	8	1	1.0584434	19	1215.7551	1215.9552	1215.9552	1216.1552	1217.0136
3	40	1	2	114	1	6	2	24	6	2	8	1	0.56461134	20	1217.965	1218.565	1218.565	1218.765	1219.1296
3	40	1	2	115	1	6	2	25	4	2	1	0	0.91078253	20	1220.5754	1221.1754	1221.1754	1221.3754	1222.0862
3	40	1	2	116	1	6	2	26	4	1	6	1	0.55348653	21	1223.4933	1223.6933	1223.6933	1223.8933	1224.2468
3	40	1	2	117	1	6	2	27	3	2	3	1	1.4664015	22	1225.7032	1226.3032	1226.3032	1226.5032	1227.7696
3	40	1	2	118	1	6	2	28	4	2	6	1	1.0932459	23	1228.3136	1228.9136	1228.9136	1229.1136	1230.0068
3	40	1	2	119	1	6	2	29	2	2	2	1	0.92956345	24	1230.9257	1231.5257	1231.5257	1231.7257	1232.4553
3	40	1	2	120	1	6	2	30	1	1	1	1	1.2546745	25	1233.5359	1233.7359	1233.7359	1233.9359	1234.9905
3	40	1	2	121	1	2	3	1	2	2	4	1	0.75381993	1	1248.8556	1249.4556	1249.4556	1249.6556	1250.2094
3	40	1	2	122	1	2	3	2	2	2	4	1	0.51004455	2	1251.4659	1252.0659	1252.0659	1252.2659	1252.5759
3	40	1	2	123	1	2	3	3	3	1	4	1	0.50980837	3	1254.076	1254.276	1254.276	1254.476	1254.7858
3	40	1	2	124	1	2	3	4	5	1	5	1	0.67316789	4	1256.286	1256.486	1256.486	1256.686	1257.1592
3	40	1	2	125	1	2	3	5	1	2	4	1	0.5991428	5	1258.496	1259.096	1259.096	1259.296	1259.6951
3	40	1	2	126	1	2	3	6	1	1	4	1	0.43464498	6	1261.1072	1261.3072	1261.3072	1261.5072	1261.7419
3	40	1	2	127	1	2	3	7	5	2	5	1	0.53718389	7	1263.3173	1263.9173	1263.9173	1264.1174	1264.4545
3	40	1	2	128	1	2	3	8	4	1	5	1	0.46956574	8	1265.9276	1266.1276	1266.1276	1266.3276	1266.5972
3	40	1	2	129	1	2	3	9	6	1	5	1	0.42230462	9	1268.1379	1268.3379	1268.3379	1268.5379	1268.7602
3	40	1	2	130	1	2	3	10	3	2	4	1	0.49969095	10	1270.348	1270.948	1270.948	1271.148	1271.4477
3	40	1	2	131	1	2	3	11	6	2	5	1	0.4548543	11	1272.9587	1273.5587	1273.5587	1273.7587	1274.0136
3	40	1	2	132	1	2	3	12	1	1	4	1	0.49649931	12	1275.5691	1275.7691	1275.7691	1275.9691	1276.2656
3	40	1	2	133	1	2	3	13	3	1	4	1	0.58818821	13	1277.7798	1277.9798	1277.9798	1278.1798	1278.568
3	40	1	2	134	1	2	3	14	2	2	4	1	0.67515216	14	1279.9905	1280.5905	1280.5906	1280.7906	1281.2657
3	40	1	2	135	1	2	3	15	4	2	5	1	0.58816426	15	1282.601	1283.201	1283.201	1283.401	1283.7892
3	40	1	2	136	1	2	3	16	3	1	4	1	0.59466503	16	1285.2109	1285.4109	1285.4109	1285.6109	1286.0055
3	40	1	2	137	1	2	3	17	5	1	5	1	0.90515631	17	1287.4222	1287.6222	1287.6222	1287.8222	1288.5274
3	40	1	2	138	1	2	3	18	5	1	5	1	0.51887586	18	1289.6331	1289.8331	1289.8331	1290.0331	1290.352
3	40	1	2	139	1	2	3	19	6	1	5	1	0.45750286	19	1291.8434	1292.0434	1292.0434	1292.2434	1292.5009
3	40	1	2	140	1	2	3	20	5	2	5	1	0.45686116	20	1294.0552	1294.6552	1294.6552	1294.8552	1295.1121
3	40	1	2	141	1	2	3	21	2	1	4	1	0.53265213	21	1296.6662	1296.8662	1296.8662	1297.0662	1297.3988
3	40	1	2	142	1	2	3	22	1	2	4	1	0.5787441	22	1298.8773	1299.4773	1299.4773	1299.6773	1300.0561
3	40	1	2	143	1	2	3	23	2	1	4	1	0.48660839	23	1301.4882	1301.6882	1301.6882	1301.8882	1302.1748
3	40	1	2	144	1	2	3	24	1	2	4	1	0.43679296	24	1303.7007	1304.3007	1304.3007	1304.5007	1304.7375
3	40	1	2	145	1	2	3	25	6	2	5	1	0.5199335	25	1306.3114	1306.9114	1306.9114	1307.1114	1307.4313
3	40	1	2	146	1	2	3	26	3	1	4	1	0.94332833	26	1308.9221	1309.1221	1309.1221	1309.3221	1310.0655
3	40	1	2	147	1	2	3	27	6	2	5	1	0.52017441	27	1311.1334	1311.7334	1311.7334	1311.9334	1312.2536
3	40	1	2	148	1	2	3	28	4	2	5	1	0.56921509	28	1313.7443	1314.3443	1314.3443	1314.5443	1314.9135
3	40	1	2	149	1	2	3	29	4	2	5	1	0.47325284	29	1316.3554	1316.9554	1316.9554	1317.1554	1317.4286
3	40	1	2	150	1	2	3	30	4	1	5	1	0.4987123	30	1318.967	1319.167	1319.167	1319.367	1319.6657
3	40	1	2	151	1	6	3	1	6	2	7	0	1.0469667	0	1345.9268	1346.5268	1346.5268	1346.7268	1347.5738
3	40	1	2	152	1	6	3	2	4	2	6	1	0.94516501	1	1348.8462	1349.4462	1349.4462	1349.6462	1350.3913
3	40	1	2	153	1	6	3	3	1	1	1	1	0.92378813	2	1351.4576	1351.6576	1351.6576	1351.8576	1352.5814
3	40	1	2	154	1	6	3	4	3	1	3	1	1.4001626	3	1353.67	1353.87	1353.87	1354.07	1355.2702
3	40	1	2	155	1	6	3	5	2	2	2	1	1.6816844	4	1355.8817	1356.4817	1356.4817	1356.6817	1358.1634
3	40	1	2	156	1	6	3	6	5	1	7	1	0.97637637	5	1358.4935	1358.6935	1358.6935	1358.8935	1359.6699
3	40	1	2	157	1	6	3	7	1	2	1	1	0.95478696	6	1360.7072	1361.3072	1361.3073	1361.5073	1362.262
3	40	1	2	158	1	6	3	8	3	1	3	1	1.1761842	7	1363.3186	1363.5186	1363.5186	1363.7186	1364.6947
3	40	1	2	159	1	6	3	9	5	1	7	1	0.83871193	8	1365.5305	1365.7305	1365.7305	1365.9305	1366.5692
3	40	1	2	160	1	6	3	10	6	2	8	1	0.9370842	9	1367.7419	1368.3419	1368.3419	1368.5419	1369.279
3	40	1	2	161	1	6	3	11	2	2	3	0	1.7660343	9	1370.3533	1370.9534	1370.9534	1371.1534	1372.7194
3	40	1	2	162	1	6	3	12	5	1	7	1	0.86394016	10	1373.2695	1373.4696	1373.4696	1373.6696	1374.3335
3	40	1	2	163	1	6	3	13	6	1	8	1	1.9989356	11	1375.4812	1375.6812	1375.6812	1375.8812	1377.6801
3	40	1	2	164	1	6	3	14	4	2	6	1	0.9202371	12	1377.6949	1378.2949	1378.2949	1378.4949	1379.2151
3	40	1	2	165	1	6	3	15	1	2	1	1	0.94971213	13	1380.3071	1380.9071	1380.9071	1381.1071	1381.8568
3	40	1	2	166	1	6	3	16	5	1	7	1	0.86509767	14	1382.9196	1383.1196	1383.1196	1383.3196	1383.9847
3	40	1	2	167	1	6	3	17	4	1	6	1	0.94483125	15	1385.1322	1385.3322	1385.3322	1385.5322	1386.277
3	40	1	2	168	1	6	3	18	4	1	6	1	0.53284137	16	1387.3438	1387.5438	1387.5438	1387.7438	1388.0767
3	40	1	2	169	1	6	3	19	1	1	1	1	1.1611386	17	1389.5563	1389.7563	1389.7563	1389.9563	1390.9174
3	40	1	2	170	1	6	3	20	6	2	2	0	0.98240823	17	1391.7688	1392.3688	1392.3688	1392.5688	1393.3512
3	40	1	2	171	1	6	3	21	3	1	3	1	1.022341	18	1394.689	1394.889	1394.889	1395.089	1395.9113
3	40	1	2	172	1	6	3	22	3	2	3	1	0.67238215	19	1396.9008	1397.5008	1397.5008	1397.7008	1398.1731
3	40	1	2	173	1	6	3	23	6	1	8	1	0.98137281	20	1399.5139	1399.7139	1399.7139	1399.9139	1400.6953
3	40	1	2	174	1	6	3	24	4	2	6	1	0.80193424	21	1401.7261	1402.3261	1402.3261	1402.5261	1403.1281
3	40	1	2	175	1	6	3	25	5	2	7	1	0.93419063	22	1404.3387	1404.9387	1404.9387	1405.1387	1405.8729
3	40	1	2	176	1	6	3	26	2	1	2	1	1.2932786	23	1406.9507	1407.1507	1407.1507	1407.3507	1408.444
3	40	1	2	177	1	6	3	27	3	2	3	1	0.96367565	24	1409.1628	1409.7628	1409.7628	1409.9628	1410.7265
3	40	1	2	178	1	6	3	28	2	2	2	1	0.99087578	25	1411.7755	1412.3756	1412.3756	1412.5756	1413.3664
3	40	1	2	179	1	6	3	29	1	2	1	1	1.5181937	26	1414.388	1414.988	1414.988	1415.188	1416.5062
3	40	1	2	180	1	6	3	30	2	1	2	1	0.93316198	27	1417.0008	1417.2008	1417.2008	1417.4008	1418.134
3	40	1	2	181	2	2	4	1	4	2	5	1	0.6178633	1	1862.0999	1862.7	1862.7	1862.9	1863.3178
3	40	1	2	182	2	2	4	2	5	2	5	1	0.55315216	2	1864.7125	1865.3125	1865.3125	1865.5125	1865.8657
3	40	1	2	183	2	2	4	3	1	1	4	1	0.63342659	3	1867.326	1867.526	1867.526	1867.7261	1868.1595
3	40	1	2	184	2	2	4	4	6	1	5	1	0.44683359	4	1869.5389	1869.7389	1869.7389	1869.9389	1870.1857
3	40	1	2	185	2	2	4	5	4	2	5	1	0.53527846	5	1871.7512	1872.3512	1872.3512	1872.5512	1872.8865
3	40	1	2	186	2	2	4	6	4	1	5	1	0.5494102	6	1874.3614	1874.5614	1874.5614	1874.7614	1875.1108
3	40	1	2	187	2	2	4	7	6	2	5	1	0.4066388	7	1876.5762	1877.1762	1877.1762	1877.3762	1877.5828
3	40	1	2	188	2	2	4	8	5	1	5	1	0.44502637	8	1879.1917	1879.3917	1879.3917	1879.5917	1879.8367
3	40	1	2	189	2	2	4	9	3	1	4	1	0.5006502	9	1881.4048	1881.6048	1881.6048	1881.8049	1882.1055
3	40	1	2	190	2	2	4	10	1	2	4	1	0.55667978	10	1883.6181	1884.2181	1884.2181	1884.4181	1884.7748
3	40	1	2	191	2	2	4	11	3	2	4	1	0.6166901	11	1886.2312	1886.8312	1886.8312	1887.0312	1887.4479
3	40	1	2	192	2	2	4	12	3	1	4	1	0.46957299	12	1888.8422	1889.0422	1889.0422	1889.2422	1889.5118
3	40	1	2	193	2	2	4	13	2	1	4	1	0.43049048	13	1891.055	1891.255	1891.255	1891.455	1891.6855
3	40	1	2	194	2	2	4	14	5	2	5	1	0.47756903	14	1893.2677	1893.8677	1893.8677	1894.0677	1894.3453
3	40	1	2	195	2	2	4	15	6	2	5	1	0.47094506	15	1895.881	1896.4811	1896.4811	1896.6811	1896.952
3	40	1	2	196	2	2	4	16	6	1	5	1	0.45586582	16	1898.4941	1898.6941	1898.6941	1898.8941	1899.15
3	40	1	2	197	2	2	4	17	2	1	4	1	0.62134929	17	1900.7071	1900.9071	1900.9071	1901.1071	1901.5285
3	40	1	2	198	2	2	4	18	2	1	4	1	0.45700145	18	1902.9206	1903.1206	1903.1206	1903.3207	1903.5776
3	40	1	2	199	2	2	4	19	3	1	4	1	0.45424887	19	1905.1344	1905.3344	1905.3344	1905.5344	1905.7887
3	40	1	2	200	2	2	4	20	4	2	5	1	0.46737406	20	1907.3478	1907.9478	1907.9478	1908.1478	1908.4151
3	40	1	2	201	2	2	4	21	6	1	5	1	0.57535021	21	1909.9612	1910.1612	1910.1612	1910.3612	1910.7366
3	40	1	2	202	2	2	4	22	5	2	5	1	0.48116399	22	1912.1744	1912.7744	1912.7744	1912.9744	1913.2555
3	40	1	2	203	2	2	4	23	4	1	5	1	0.42058344	23	1914.7881	1914.9881	1914.9881	1915.1881	1915.4087
3	40	1	2	204	2	2	4	24	1	2	4	1	0.55776989	24	1917.0018	1917.6018	1917.6018	1917.8018	1918.1595
3	40	1	2	205	2	2	4	25	2	2	4	1	0.52099017	25	1919.6155	1920.2155	1920.2155	1920.4155	1920.7365
3	40	1	2	206	2	2	4	26	3	1	4	1	0.46621823	26	1922.2293	1922.4293	1922.4293	1922.6293	1922.8955
3	40	1	2	207	2	2	4	27	2	2	4	1	0.39508441	27	1924.4435	1925.0435	1925.0435	1925.2435	1925.4386
3	40	1	2	208	2	2	4	28	5	2	5	1	0.51822387	28	1927.0568	1927.6568	1927.6568	1927.8568	1928.175
3	40	1	2	209	2	2	4	29	1	2	4	1	0.53686534	29	1929.6706	1930.2706	1930.2706	1930.4706	1930.8074
3	40	1	2	210	2	2	4	30	1	1	4	1	0.41287358	30	1932.2841	1932.4841	1932.4841	1932.6841	1932.897
3	40	1	2	211	2	6	4	1	5	2	7	1	0.88362766	1	1962.5384	1963.1384	1963.1384	1963.3384	1964.022
3	40	1	2	212	2	6	4	2	4	2	6	1	0.83681137	2	1965.1526	1965.7526	1965.7526	1965.9526	1966.5894
3	40	1	2	213	2	6	4	3	6	1	8	1	0.50307733	3	1967.7662	1967.9662	1967.9662	1968.1662	1968.4693
3	40	1	2	214	2	6	4	4	1	1	1	1	0.66583763	4	1969.98	1970.18	1970.18	1970.38	1970.8458
3	40	1	2	215	2	6	4	5	5	2	7	1	1.0042639	5	1972.1943	1972.7943	1972.7943	1972.9943	1973.7985
3	40	1	2	216	2	6	4	6	5	1	7	1	0.63765875	6	1974.8083	1975.0083	1975.0083	1975.2083	1975.646
3	40	1	2	217	2	6	4	7	3	2	3	1	1.3531316	7	1977.0218	1977.6218	1977.6218	1977.8218	1978.9749
3	40	1	2	218	2	6	4	8	6	1	8	1	0.83753799	8	1979.637	1979.837	1979.837	1980.037	1980.6745
3	40	1	2	219	2	6	4	9	2	1	2	1	1.0040586	9	1981.8513	1982.0513	1982.0513	1982.2513	1983.0553
3	40	1	2	220	2	6	4	10	3	2	3	1	1.0533076	10	1984.0657	1984.6657	1984.6657	1984.8657	1985.719
3	40	1	2	221	2	6	4	11	3	2	3	1	0.64668392	11	1986.6798	1987.2798	1987.2798	1987.4799	1987.9265
3	40	1	2	222	2	6	4	12	6	1	8	1	1.2557762	12	1989.2971	1989.4971	1989.4971	1989.6971	1990.7529
3	40	1	2	223	2	6	4	13	2	1	2	1	0.8513258	13	1991.5154	1991.7154	1991.7154	1991.9154	1992.5667
3	40	1	2	224	2	6	4	14	1	2	1	1	0.86851632	14	1993.7303	1994.3303	1994.3303	1994.5304	1995.1989
3	40	1	2	225	2	6	4	15	6	2	8	1	1.8127577	15	1996.3444	1996.9444	1996.9444	1997.1444	1998.7572
3	40	1	2	226	2	6	4	16	4	1	6	1	0.81587441	16	1998.9604	1999.1604	1999.1604	1999.3605	1999.9763
3	40	1	2	227	2	6	4	17	6	1	8	1	1.0721376	17	2001.1753	2001.3753	2001.3753	2001.5753	2002.4474
3	40	1	2	228	2	6	4	18	5	1	7	1	1.0103025	18	2003.3892	2003.5892	2003.5892	2003.7892	2004.5995
3	40	1	2	229	2	6	4	19	2	1	2	1	0.86005037	19	2005.6037	2005.8037	2005.8037	2006.0037	2006.6637
3	40	1	2	230	2	6	4	20	5	2	7	1	0.94103826	20	2007.8179	2008.4179	2008.4179	2008.6179	2009.3589
3	40	1	2	231	2	6	4	21	3	1	2	0	0.89408627	20	2010.432	2010.632	2010.632	2010.832	2011.5261
3	40	1	2	232	2	6	4	22	2	2	2	1	1.1448447	21	2012.6464	2013.2464	2013.2464	2013.4464	2014.3912
3	40	1	2	233	2	6	4	23	1	1	1	1	0.92647767	22	2015.2611	2015.4611	2015.4611	2015.6611	2016.3876
3	40	1	2	234	2	6	4	24	4	2	6	1	1.0413418	23	2017.48	2018.08	2018.08	2018.28	2019.1213
3	40	1	2	235	2	6	4	25	2	2	2	1	0.95337444	24	2020.0948	2020.6948	2020.6948	2020.8948	2021.6482
3	40	1	2	236	2	6	4	26	1	1	1	1	0.95341721	25	2022.7096	2022.9096	2022.9096	2023.1096	2023.8631
3	40	1	2	237	2	6	4	27	3	2	2	0	0.92883285	25	2024.9246	2025.5246	2025.5246	2025.7246	2026.4534
3	40	1	2	238	2	6	4	28	4	2	6	1	1.16198	26	2027.5417	2028.1418	2028.1418	2028.3418	2029.3037
3	40	1	2	239	2	6	4	29	4	2	6	1	0.6038756	27	2030.156	2030.756	2030.756	2030.956	2031.3599
3	40	1	2	240	2	6	4	30	1	1	1	1	1.2271618	28	2032.771	2032.971	2032.971	2033.171	2034.1981
3	40	1	2	241	2	2	5	1	6	2	5	1	1.0857027	1	2063.027	2063.627	2063.627	2063.827	2064.7127
3	40	1	2	242	2	2	5	2	6	2	5	1	0.41530924	2	2065.6426	2066.2426	2066.2426	2066.4426	2066.6579
3	40	1	2	243	2	2	5	3	5	1	5	1	0.62157989	3	2068.2589	2068.4589	2068.4589	2068.6589	2069.0805
3	40	1	2	244	2	2	5	4	6	1	5	1	0.61361334	4	2070.4739	2070.6739	2070.6739	2070.8739	2071.2876
3	40	1	2	245	2	2	5	5	1	2	4	1	0.58311838	5	2072.6897	2073.2897	2073.2897	2073.4897	2073.8728
3	40	1	2	246	2	2	5	6	4	1	5	1	0.70911695	6	2075.3056	2075.5056	2075.5056	2075.7056	2076.2147
3	40	1	2	247	2	2	5	7	5	2	5	1	0.57428711	7	2077.5211	2078.1212	2078.1212	2078.3212	2078.6955
3	40	1	2	248	2	2	5	8	2	1	4	1	0.57463726	8	2080.1366	2080.3366	2080.3366	2080.5366	2080.9112
3	40	1	2	249	2	2	5	9	1	1	4	1	0.52700667	9	2082.3528	2082.5528	2082.5528	2082.7528	2083.0798
3	40	1	2	250	2	2	5	10	1	2	4	1	0.51145167	10	2084.5686	2085.1686	2085.1686	2085.3686	2085.6801
3	40	1	2	251	2	2	5	11	5	2	5	1	0.4958903	11	2087.1866	2087.7866	2087.7866	2087.9866	2088.2825
3	40	1	2	252	2	2	5	12	4	1	5	1	0.48547457	12	2089.8019	2090.0019	2090.0019	2090.2019	2090.4874
3	40	1	2	253	2	2	5	13	4	1	5	1	0.5720694	13	2092.0172	2092.2172	2092.2172	2092.4172	2092.7893
3	40	1	2	254	2	2	5	14	6	2	5	1	0.39725689	14	2094.2324	2094.8324	2094.8324	2095.0324	2095.2296
3	40	1	2	255	2	2	5	15	1	2	4	1	0.58450657	15	2096.8478	2097.4478	2097.4478	2097.6478	2098.0323
3	40	1	2	256	2	2	5	16	6	1	5	1	0.60685118	16	2099.4634	2099.6634	2099.6634	2099.8634	2100.2703
3	40	1	2	257	2	2	5	17	3	1	4	1	0.84722848	17	2101.6792	2101.8792	2101.8792	2102.0792	2102.7264
3	40	1	2	258	2	2	5	18	5	1	5	1	0.49690908	18	2103.8955	2104.0955	2104.0955	2104.2955	2104.5924
3	40	1	2	259	2	2	5	19	3	1	4	1	0.56578413	19	2106.1112	2106.3112	2106.3112	2106.5112	2106.877
3	40	1	2	260	2	2	5	20	1	2	4	1	0.50620583	20	2108.3312	2108.9312	2108.9312	2109.1312	2109.4374
3	40	1	2	261	2	2	5	21	2	1	4	1	0.49235878	21	2110.9475	2111.1475	2111.1475	2111.3475	2111.6399
3	40	1	2	262	2	2	5	22	2	2	4	1	0.43321164	22	2113.1629	2113.7629	2113.7629	2113.9629	2114.1962
3	40	1	2	263	2	2	5	23	2	1	4	1	0.49376113	23	2115.7789	2115.9789	2115.9789	2116.1789	2116.4727
3	40	1	2	264	2	2	5	24	3	2	4	1	0.45832435	24	2117.9954	2118.5955	2118.5955	2118.7955	2119.0538
3	40	1	2	265	2	2	5	25	2	2	4	1	0.38652574	25	2120.6117	2121.2117	2121.2117	2121.4117	2121.5983
3	40	1	2	266	2	2	5	26	3	1	4	1	0.43161809	26	2123.2304	2123.4304	2123.4304	2123.6304	2123.862
3	40	1	2	267	2	2	5	27	4	2	5	1	0.55915526	27	2125.4473	2126.0473	2126.0473	2126.2473	2126.6065
3	40	1	2	268	2	2	5	28	5	2	5	1	0.67300966	28	2128.0642	2128.6642	2128.6642	2128.8642	2129.3372
3	40	1	2	269	2	2	5	29	3	2	4	1	0.7491369	29	2130.6801	2131.2801	2131.2801	2131.4801	2132.0293
3	40	1	2	270	2	2	5	30	4	1	5	1	0.49348887	30	2133.2962	2133.4962	2133.4962	2133.6962	2133.9897
3	40	1	2	271	2	6	5	1	5	2	7	1	0.9046598	1	2163.5758	2164.1758	2164.1758	2164.3758	2165.0805
3	40	1	2	272	2	6	5	2	2	2	0	0	-2166.7933	1	2166.1933	2166.7933	2166.7933	2166.9933	0
3	40	1	2	273	2	6	5	3	4	1	6	1	1.0847159	2	2168.81	2169.01	2169.01	2169.21	2170.0948
3	40	1	2	274	2	6	5	4	3	1	3	1	1.2277641	3	2171.0264	2171.2264	2171.2264	2171.4264	2172.4542
3	40	1	2	275	2	6	5	5	2	2	2	1	1.9992383	4	2173.2427	2173.8427	2173.8427	2174.0427	2175.8419
3	40	1	2	276	2	6	5	6	1	1	1	1	1.0678446	5	2175.8611	2176.0611	2176.0611	2176.2611	2177.129
3	40	1	2	277	2	6	5	7	3	2	3	1	1.3001026	6	2178.0773	2178.6773	2178.6773	2178.8773	2179.9774
3	40	1	2	278	2	6	5	8	4	1	6	1	1.0873867	7	2180.6943	2180.8943	2180.8943	2181.0943	2181.9817
3	40	1	2	279	2	6	5	9	3	1	3	1	1.2328525	8	2182.9109	2183.1109	2183.1109	2183.3109	2184.3438
3	40	1	2	280	2	6	5	10	4	2	6	1	0.92075605	9	2185.1285	2185.7285	2185.7286	2185.9286	2186.6493
3	40	1	2	281	2	6	5	11	6	2	7	0	0.94780025	9	2187.7452	2188.3453	2188.3453	2188.5453	2189.2931
3	40	1	2	282	2	6	5	12	5	1	7	1	0.80482106	10	2190.362	2190.562	2190.562	2190.762	2191.3669
3	40	1	2	283	2	6	5	13	1	1	6	0	0.7630363	10	2192.5794	2192.7794	2192.7794	2192.9794	2193.5425
3	40	1	2	284	2	6	5	14	1	2	1	1	0.91293653	11	2194.7988	2195.3988	2195.3988	2195.5988	2196.3117
3	40	1	2	285	2	6	5	15	1	2	1	1	0.60715772	12	2197.4162	2198.0162	2198.0162	2198.2162	2198.6234
3	40	1	2	286	2	6	5	16	6	1	8	1	1.4671404	13	2200.0334	2200.2335	2200.2335	2200.4335	2201.7006
3	40	1	2	287	2	6	5	17	2	1	2	1	0.84080597	14	2202.2504	2202.4504	2202.4504	2202.6504	2203.2912
3	40	1	2	288	2	6	5	18	6	1	8	1	1.1322949	15	2204.4689	2204.6689	2204.6689	2204.8689	2205.8012
3	40	1	2	289	2	6	5	19	4	1	6	1	0.8341027	16	2206.6864	2206.8864	2206.8864	2207.0864	2207.7205
3	40	1	2	290	2	6	5	20	6	2	8	1	1.1678553	17	2208.9041	2209.5041	2209.5041	2209.7041	2210.6719
3	40	1	2	291	2	6	5	21	3	1	3	1	1.6218606	18	2211.5221	2211.7221	2211.7221	2211.9221	2213.3439
3	40	1	2	292	2	6	5	22	2	2	2	1	0.91677614	19	2213.7395	2214.3395	2214.3395	2214.5395	2215.2563
3	40	1	2	293	2	6	5	23	1	1	1	1	1.0194537	20	2216.3571	2216.5571	2216.5571	2216.7571	2217.5765
3	40	1	2	294	2	6	5	24	3	2	3	1	0.99961942	21	2218.5755	2219.1755	2219.1755	2219.3755	2220.1752
3	40	1	2	295	2	6	5	25	5	2	7	1	0.72660681	22	2221.1932	2221.7932	2221.7932	2221.9932	2222.5198
3	40	1	2	296	2	6	5	26	4	1	6	1	0.84794172	23	2223.8118	2224.0118	2224.0118	2224.2118	2224.8597
3	40	1	2	297	2	6	5	27	6	2	8	1	0.8880352	24	2226.0297	2226.6297	2226.6297	2226.8297	2227.5177
3	40	1	2	298	2	6	5	28	2	2	2	1	0.92155048	25	2228.6472	2229.2472	2229.2472	2229.4472	2230.1687
3	40	1	2	299	2	6	5	29	5	2	7	1	0.90007009	26	2231.2653	2231.8653	2231.8653	2232.0653	2232.7653
3	40	1	2	300	2	6	5	30	5	1	7	1	0.66055458	27	2233.8834	2234.0834	2234.0834	2234.2834	2234.744
3	40	1	2	301	2	2	6	1	4	2	5	1	1.4863386	1	2264.4553	2265.0553	2265.0553	2265.2553	2266.5417
3	40	1	2	302	2	2	6	2	1	2	4	1	0.48337405	2	2267.0737	2267.6737	2267.6737	2267.8737	2268.1571
3	40	1	2	303	2	2	6	3	2	1	4	1	0.59690076	3	2269.6918	2269.8918	2269.8918	2270.0918	2270.4887
3	40	1	2	304	2	2	6	4	4	1	5	1	0.53007077	4	2271.9102	2272.1102	2272.1102	2272.3103	2272.6403
3	40	1	2	305	2	2	6	5	1	2	4	1	0.45693624	5	2274.1284	2274.7284	2274.7284	2274.9284	2275.1853
3	40	1	2	306	2	2	6	6	3	1	4	1	0.54673616	6	2276.7469	2276.9469	2276.9469	2277.1469	2277.4936
3	40	1	2	307	2	2	6	7	3	2	4	1	0.58882964	7	2278.9695	2279.5695	2279.5695	2279.7695	2280.1583
3	40	1	2	308	2	2	6	8	6	1	5	1	0.60257872	8	2281.5873	2281.7873	2281.7873	2281.9873	2282.3899
3	40	1	2	309	2	2	6	9	6	1	5	1	0.57599868	9	2283.8061	2284.0062	2284.0062	2284.2062	2284.5822
3	40	1	2	310	2	2	6	10	3	2	4	1	0.50824689	10	2286.0246	2286.6246	2286.6246	2286.8246	2287.1328
3	40	1	2	311	2	2	6	11	2	2	4	1	0.51458335	11	2288.6429	2289.2429	2289.2429	2289.4429	2289.7575
3	40	1	2	312	2	2	6	12	3	1	4	1	0.53868659	12	2291.261	2291.461	2291.461	2291.661	2291.9996
3	40	1	2	313	2	2	6	13	6	1	5	1	0.6063484	13	2293.4793	2293.6793	2293.6793	2293.8793	2294.2856
3	40	1	2	314	2	2	6	14	1	2	4	1	0.65082802	14	2295.7013	2296.3013	2296.3013	2296.5013	2296.9521
3	40	1	2	315	2	2	6	15	5	2	5	1	0.44589468	15	2298.32	2298.92	2298.92	2299.12	2299.3659
3	40	1	2	316	2	2	6	16	6	1	5	1	0.41214512	16	2300.9387	2301.1387	2301.1388	2301.3388	2301.5509
3	40	1	2	317	2	2	6	17	2	1	4	1	0.48226526	17	2303.1568	2303.3569	2303.3569	2303.5569	2303.8391
3	40	1	2	318	2	2	6	18	2	1	4	1	0.53012979	18	2305.3751	2305.5751	2305.5751	2305.7751	2306.1053
3	40	1	2	319	2	2	6	19	1	1	4	1	0.43480513	19	2307.5985	2307.7985	2307.7985	2307.9985	2308.2333
3	40	1	2	320	2	2	6	20	4	2	5	1	0.4773831	20	2309.8175	2310.4175	2310.4175	2310.6175	2310.8949
3	40	1	2	321	2	2	6	21	5	1	5	1	0.49237754	21	2312.436	2312.636	2312.636	2312.836	2313.1284
3	40	1	2	322	2	2	6	22	5	2	5	1	0.43318201	22	2314.6545	2315.2545	2315.2545	2315.4545	2315.6877
3	40	1	2	323	2	2	6	23	5	1	5	1	0.37386529	23	2317.2738	2317.4738	2317.4738	2317.6738	2317.8477
3	40	1	2	324	2	2	6	24	2	2	4	1	0.67473527	24	2319.492	2320.092	2320.092	2320.292	2320.7667
3	40	1	2	325	2	2	6	25	1	2	4	1	0.51343112	25	2322.1108	2322.7108	2322.7108	2322.9108	2323.2243
3	40	1	2	326	2	2	6	26	6	1	5	1	0.43544484	26	2324.7295	2324.9295	2324.9295	2325.1295	2325.3649
3	40	1	2	327	2	2	6	27	3	2	4	1	0.56376789	27	2326.9482	2327.5482	2327.5482	2327.7482	2328.1119
3	40	1	2	328	2	2	6	28	5	2	5	1	0.33088175	28	2329.5671	2330.1671	2330.1671	2330.3671	2330.498
3	40	1	2	329	2	2	6	29	4	2	5	1	0.55105359	29	2332.1859	2332.7859	2332.7859	2332.9859	2333.337
3	40	1	2	330	2	2	6	30	4	1	5	1	0.42440202	30	2334.8046	2335.0046	2335.0046	2335.2046	2335.429
3	40	1	2	331	2	6	6	1	3	2	3	1	1.4927493	1	2365.0842	2365.6842	2365.6842	2365.8842	2367.1769
3	40	1	2	332	2	6	6	2	5	2	7	1	0.90894586	2	2367.7032	2368.3032	2368.3032	2368.5032	2369.2121
3	40	1	2	333	2	6	6	3	3	1	3	1	0.88030091	3	2370.3264	2370.5264	2370.5264	2370.7264	2371.4067
3	40	1	2	334	2	6	6	4	5	1	7	1	0.68873283	4	2372.5449	2372.7449	2372.745	2372.945	2373.4337
3	40	1	2	335	2	6	6	5	5	2	7	1	0.62002241	5	2374.7644	2375.3644	2375.3644	2375.5644	2375.9844
3	40	1	2	336	2	6	6	6	6	1	8	1	0.96138112	6	2377.3836	2377.5836	2377.5836	2377.7836	2378.545
3	40	1	2	337	2	6	6	7	4	2	6	1	1.0466876	7	2379.603	2380.203	2380.203	2380.403	2381.2497
3	40	1	2	338	2	6	6	8	1	1	1	1	1.0376853	8	2382.2255	2382.4255	2382.4255	2382.6255	2383.4631
3	40	1	2	339	2	6	6	9	4	1	6	1	0.72746205	9	2384.4454	2384.6454	2384.6454	2384.8454	2385.3729
3	40	1	2	340	2	6	6	10	4	2	6	1	0.60011518	10	2386.6649	2387.2649	2387.2649	2387.4649	2387.865
3	40	1	2	341	2	6	6	11	2	2	2	1	1.9975652	11	2389.2846	2389.8846	2389.8846	2390.0846	2391.8822
3	40	1	2	342	2	6	6	12	6	1	8	1	1.1027129	12	2391.9042	2392.1042	2392.1042	2392.3042	2393.2069
3	40	1	2	343	2	6	6	13	2	1	2	1	1.4921897	13	2394.1232	2394.3232	2394.3232	2394.5232	2395.8154
3	40	1	2	344	2	6	6	14	6	2	8	1	0.57815883	14	2396.3429	2396.9429	2396.9429	2397.1429	2397.5211
3	40	1	2	345	2	6	6	15	1	2	1	1	1.4444841	15	2398.9627	2399.5627	2399.5627	2399.7627	2401.0072
3	40	1	2	346	2	6	6	16	5	1	7	1	0.7855221	16	2401.5824	2401.7824	2401.7824	2401.9824	2402.5679
3	40	1	2	347	2	6	6	17	2	1	2	1	0.8976006	17	2403.8039	2404.004	2404.004	2404.204	2404.9016
3	40	1	2	348	2	6	6	18	2	1	2	1	0.59948131	18	2406.0229	2406.2229	2406.2229	2406.4229	2406.8224
3	40	1	2	349	2	6	6	19	6	1	8	1	1.1823155	19	2408.2429	2408.4429	2408.4429	2408.6429	2409.6252
3	40	1	2	350	2	6	6	20	3	2	7	0	1.3790196	19	2410.4624	2411.0624	2411.0624	2411.2624	2412.4414
3	40	1	2	351	2	6	6	21	4	1	6	1	1.1700872	20	2413.0854	2413.2854	2413.2854	2413.4854	2414.4555
3	40	1	2	352	2	6	6	22	3	2	3	1	1.446082	21	2415.3052	2415.9052	2415.9052	2416.1052	2417.3513
3	40	1	2	353	2	6	6	23	4	1	6	1	0.72297191	22	2417.9249	2418.1249	2418.1249	2418.3249	2418.8479
3	40	1	2	354	2	6	6	24	1	2	1	1	1.0240592	23	2420.1444	2420.7444	2420.7444	2420.9444	2421.7685
3	40	1	2	355	2	6	6	25	5	2	7	1	1.0662362	24	2422.7647	2423.3647	2423.3647	2423.5647	2424.4309
3	40	1	2	356	2	6	6	26	6	1	8	1	1.0288113	25	2425.3845	2425.5845	2425.5845	2425.7845	2426.6133
3	40	1	2	357	2	6	6	27	1	2	1	1	1.176919	26	2427.6046	2428.2046	2428.2046	2428.4046	2429.3815
3	40	1	2	358	2	6	6	28	3	2	3	1	1.0598364	27	2430.2253	2430.8254	2430.8254	2431.0254	2431.8852
3	40	1	2	359	2	6	6	29	2	2	2	1	1.0670883	28	2432.846	2433.446	2433.446	2433.646	2434.5131
3	40	1	2	360	2	6	6	30	1	1	1	1	1.1396153	29	2435.4665	2435.6665	2435.6665	2435.8665	2436.8061
3	40	1	2	361	3	2	7	1	4	2	5	1	0.68636121	1	3426.1032	3426.7032	3426.7032	3426.9032	3427.3896
3	40	1	2	362	3	2	7	2	1	2	4	1	0.45712929	2	3428.7255	3429.3255	3429.3255	3429.5255	3429.7827
3	40	1	2	363	3	2	7	3	5	1	5	1	0.82234586	3	3431.3456	3431.5456	3431.5456	3431.7456	3432.368
3	40	1	2	364	3	2	7	4	2	1	4	1	0.60336725	4	3433.5659	3433.7659	3433.766	3433.966	3434.3693
3	40	1	2	365	3	2	7	5	2	2	4	1	0.57115272	5	3435.7858	3436.3858	3436.3858	3436.5858	3436.957
3	40	1	2	366	3	2	7	6	6	1	5	1	0.39819847	6	3438.4098	3438.6098	3438.6098	3438.8098	3439.008
3	40	1	2	367	3	2	7	7	4	2	5	1	0.52696177	7	3440.6303	3441.2303	3441.2303	3441.4304	3441.7573
3	40	1	2	368	3	2	7	8	2	1	4	1	0.74755592	8	3443.2505	3443.4505	3443.4505	3443.6505	3444.1981
3	40	1	2	369	3	2	7	9	4	1	5	1	0.36353941	9	3445.4744	3445.6744	3445.6744	3445.8744	3446.0379
3	40	1	2	370	3	2	7	10	4	2	5	1	0.56553088	10	3447.6969	3448.2969	3448.2969	3448.4969	3448.8624
3	40	1	2	371	3	2	7	11	5	2	5	1	0.51038594	11	3450.3196	3450.9196	3450.9196	3451.1196	3451.43
3	40	1	2	372	3	2	7	12	3	1	4	1	0.54614655	12	3452.9399	3453.1399	3453.1399	3453.3399	3453.686
3	40	1	2	373	3	2	7	13	5	1	5	1	0.358689	13	3455.1609	3455.3609	3455.3609	3455.5609	3455.7196
3	40	1	2	374	3	2	7	14	2	2	4	1	0.45792125	14	3457.3818	3457.9818	3457.9818	3458.1818	3458.4397
3	40	1	2	375	3	2	7	15	6	2	5	1	0.32394455	15	3460.0024	3460.6024	3460.6024	3460.8024	3460.9263
3	40	1	2	376	3	2	7	16	3	1	4	1	0.50665573	16	3462.621	3462.821	3462.821	3463.021	3463.3277
3	40	1	2	377	3	2	7	17	6	1	5	1	0.41324738	17	3464.8417	3465.0417	3465.0417	3465.2417	3465.455
3	40	1	2	378	3	2	7	18	3	1	4	1	0.71908683	18	3467.0627	3467.2627	3467.2627	3467.4627	3467.9818
3	40	1	2	379	3	2	7	19	2	1	5	1	0.88156833	19	3469.284	3469.484	3469.484	3469.684	3470.3656
3	40	1	2	380	3	2	7	20	4	2	5	1	0.46883883	20	3471.5044	3472.1044	3472.1044	3472.3044	3472.5732
3	40	1	2	381	3	2	7	21	3	1	4	1	0.41892885	21	3474.1267	3474.3267	3474.3267	3474.5267	3474.7456
3	40	1	2	382	3	2	7	22	1	2	4	1	0.52137039	22	3476.3478	3476.9478	3476.9478	3477.1478	3477.4692
3	40	1	2	383	3	2	7	23	3	1	4	1	0.37605265	23	3478.9685	3479.1685	3479.1685	3479.3685	3479.5445
3	40	1	2	384	3	2	7	24	5	2	5	1	0.40016714	24	3481.1897	3481.7897	3481.7897	3481.9897	3482.1899
3	40	1	2	385	3	2	7	25	6	2	5	1	0.50146598	25	3483.8159	3484.4159	3484.416	3484.616	3484.9174
3	40	1	2	386	3	2	7	26	1	1	4	1	0.54182523	26	3486.4401	3486.6401	3486.6401	3486.8401	3487.1819
3	40	1	2	387	3	2	7	27	6	2	5	1	0.36883807	27	3488.6615	3489.2615	3489.2615	3489.4615	3489.6303
3	40	1	2	388	3	2	7	28	1	2	4	1	0.73819899	28	3491.2829	3491.8829	3491.8829	3492.083	3492.6211
3	40	1	2	389	3	2	7	29	1	2	4	1	0.49499646	29	3493.9035	3494.5036	3494.5036	3494.7036	3494.9986
3	40	1	2	390	3	2	7	30	5	1	5	1	0.55237122	30	3496.5252	3496.7252	3496.7252	3496.9252	3497.2775
3	40	1	2	391	3	6	7	1	2	2	2	1	1.1509345	1	3526.8024	3527.4024	3527.4024	3527.6024	3528.5533
3	40	1	2	392	3	6	7	2	6	2	8	1	1.1277062	2	3529.4239	3530.024	3530.024	3530.224	3531.1517
3	40	1	2	393	3	6	7	3	4	1	6	1	0.92805294	3	3532.0451	3532.2451	3532.2451	3532.4451	3533.1732
3	40	1	2	394	3	6	7	4	4	1	6	1	0.54913354	4	3534.2671	3534.4671	3534.4671	3534.6671	3535.0162
3	40	1	2	395	3	6	7	5	6	2	8	1	0.85145413	5	3536.4913	3537.0913	3537.0913	3537.2913	3537.9428
3	40	1	2	396	3	6	7	6	4	1	6	1	0.62702571	6	3539.1147	3539.3147	3539.3147	3539.5147	3539.9417
3	40	1	2	397	3	6	7	7	3	2	2	0	0.83885369	6	3541.3368	3541.9368	3541.9368	3542.1368	3542.7757
3	40	1	2	398	3	6	7	8	6	1	8	1	0.96349688	7	3543.9586	3544.1586	3544.1586	3544.3586	3545.1221
3	40	1	2	399	3	6	7	9	6	1	8	1	0.50817379	8	3546.18	3546.38	3546.38	3546.58	3546.8882
3	40	1	2	400	3	6	7	10	1	2	1	1	0.7228882	9	3548.4019	3549.0019	3549.0019	3549.2019	3549.7248
3	40	1	2	401	3	6	7	11	1	2	1	1	0.71260989	10	3551.0234	3551.6234	3551.6235	3551.8235	3552.3361
3	40	1	2	402	3	6	7	12	1	1	1	1	0.55612563	11	3553.6453	3553.8453	3553.8453	3554.0454	3554.4015
3	40	1	2	403	3	6	7	13	5	1	7	1	0.93454777	12	3555.8675	3556.0675	3556.0675	3556.2675	3557.002
3	40	1	2	404	3	6	7	14	6	2	8	1	0.72491827	13	3558.0897	3558.6898	3558.6898	3558.8898	3559.4147
3	40	1	2	405	3	6	7	15	1	2	8	0	0.56637107	13	3560.7113	3561.3113	3561.3113	3561.5113	3561.8777
3	40	1	2	406	3	6	7	16	5	1	7	1	1.012315	14	3563.333	3563.533	3563.533	3563.733	3564.5453
3	40	1	2	407	3	6	7	17	2	1	2	1	0.97403472	15	3565.5545	3565.7545	3565.7545	3565.9545	3566.7286
3	40	1	2	408	3	6	7	18	3	1	3	1	0.72692789	16	3567.7767	3567.9767	3567.9767	3568.1767	3568.7036
3	40	1	2	409	3	6	7	19	4	1	6	1	1.0478442	17	3569.9991	3570.1991	3570.1991	3570.3991	3571.2469
3	40	1	2	410	3	6	7	20	5	2	7	1	0.74164703	18	3572.2219	3572.8219	3572.8219	3573.0219	3573.5635
3	40	1	2	411	3	6	7	21	2	1	2	1	0.89095957	19	3574.8441	3575.0441	3575.0441	3575.2441	3575.935
3	40	1	2	412	3	6	7	22	3	2	3	1	0.81878682	20	3577.0664	3577.6664	3577.6664	3577.8664	3578.4852
3	40	1	2	413	3	6	7	23	5	1	6	0	0.89774532	20	3579.6885	3579.8885	3579.8885	3580.0885	3580.7862
3	40	1	2	414	3	6	7	24	3	2	3	1	1.3995113	21	3581.9138	3582.5138	3582.5138	3582.7138	3583.9133
3	40	1	2	415	3	6	7	25	4	2	6	1	0.89066492	22	3584.5387	3585.1387	3585.1387	3585.3387	3586.0293
3	40	1	2	416	3	6	7	26	5	1	7	1	0.89355187	23	3587.1612	3587.3612	3587.3612	3587.5612	3588.2548
3	40	1	2	417	3	6	7	27	1	2	1	1	0.93650895	24	3589.384	3589.984	3589.984	3590.184	3590.9205
3	40	1	2	418	3	6	7	28	2	2	2	1	1.1030757	25	3592.0069	3592.6069	3592.6069	3592.8069	3593.7099
3	40	1	2	419	3	6	7	29	2	2	2	1	0.75448335	26	3594.6297	3595.2297	3595.2297	3595.4297	3595.9842
3	40	1	2	420	3	6	7	30	3	1	3	1	0.85702185	27	3597.2521	3597.4521	3597.4521	3597.6521	3598.3091
3	40	1	2	421	3	2	8	1	4	2	5	1	0.90704795	1	3627.5316	3628.1316	3628.1316	3628.3316	3629.0386
3	40	1	2	422	3	2	8	2	4	2	5	1	0.48354412	2	3630.1544	3630.7544	3630.7544	3630.9544	3631.2379
3	40	1	2	423	3	2	8	3	3	1	4	1	0.52306628	3	3632.777	3632.977	3632.977	3633.177	3633.5001
3	40	1	2	424	3	2	8	4	3	1	4	1	0.4791942	4	3635.0013	3635.2013	3635.2013	3635.4013	3635.6805
3	40	1	2	425	3	2	8	5	1	2	4	1	0.48432288	5	3637.2241	3637.8242	3637.8242	3638.0242	3638.3085
3	40	1	2	426	3	2	8	6	1	1	4	1	0.42602201	6	3639.8474	3640.0474	3640.0474	3640.2474	3640.4734
3	40	1	2	427	3	2	8	7	4	2	5	1	0.64991583	7	3642.0698	3642.6698	3642.6698	3642.8698	3643.3197
3	40	1	2	428	3	2	8	8	3	1	4	1	0.55172843	8	3644.6962	3644.8962	3644.8962	3645.0962	3645.4479
3	40	1	2	429	3	2	8	9	6	1	5	1	0.50468349	9	3646.9209	3647.1209	3647.1209	3647.3209	3647.6256
3	40	1	2	430	3	2	8	10	5	2	5	1	0.67758775	10	3649.1435	3649.7435	3649.7436	3649.9436	3650.4211
3	40	1	2	431	3	2	8	11	2	2	4	1	0.47656405	11	3651.7688	3652.3688	3652.3688	3652.5688	3652.8454
3	40	1	2	432	3	2	8	12	5	1	5	1	0.45608845	12	3654.3912	3654.5912	3654.5912	3654.7912	3655.0473
3	40	1	2	433	3	2	8	13	2	1	4	1	0.44108889	13	3656.6143	3656.8143	3656.8143	3657.0143	3657.2554
3	40	1	2	434	3	2	8	14	4	2	5	1	0.40171266	14	3658.8384	3659.4384	3659.4384	3659.6384	3659.8402
3	40	1	2	435	3	2	8	15	5	2	5	1	0.54556005	15	3661.4624	3662.0624	3662.0624	3662.2624	3662.608
3	40	1	2	436	3	2	8	16	6	1	5	1	0.65778471	16	3664.0856	3664.2856	3664.2856	3664.4856	3664.9434
3	40	1	2	437	3	2	8	17	1	1	4	1	0.56806525	17	3666.3085	3666.5085	3666.5085	3666.7085	3667.0766
3	40	1	2	438	3	2	8	18	6	1	5	1	0.52161619	18	3668.5325	3668.7325	3668.7325	3668.9325	3669.2541
3	40	1	2	439	3	2	8	19	3	1	4	1	0.45428333	19	3670.7554	3670.9554	3670.9554	3671.1554	3671.4097
3	40	1	2	440	3	2	8	20	2	2	4	1	0.54103376	20	3672.9783	3673.5783	3673.5783	3673.7783	3674.1193
3	40	1	2	441	3	2	8	21	1	1	4	1	0.5345383	21	3675.6013	3675.8013	3675.8013	3676.0013	3676.3359
3	40	1	2	442	3	2	8	22	2	2	4	1	0.47616475	22	3677.8249	3678.4249	3678.4249	3678.6249	3678.9011
3	40	1	2	443	3	2	8	23	4	1	4	0	0.56695148	22	3680.4488	3680.6488	3680.6488	3680.8488	3681.2157
3	40	1	2	444	3	2	8	24	2	2	5	0	0.59147205	22	3682.6715	3683.2715	3683.2715	3683.4715	3683.863
3	40	1	2	445	3	2	8	25	6	2	5	1	0.58694483	23	3685.2947	3685.8947	3685.8947	3686.0947	3686.4816
3	40	1	2	446	3	2	8	26	1	1	4	1	0.7592358	24	3687.9182	3688.1182	3688.1182	3688.3182	3688.8775
3	40	1	2	447	3	2	8	27	3	2	4	1	0.54484852	25	3690.1422	3690.7422	3690.7422	3690.9422	3691.2871
3	40	1	2	448	3	2	8	28	5	2	5	1	0.62459808	26	3692.7655	3693.3655	3693.3655	3693.5655	3693.9901
3	40	1	2	449	3	2	8	29	6	2	5	1	0.65568257	27	3695.3891	3695.9891	3695.9891	3696.1891	3696.6448
3	40	1	2	450	3	2	8	30	5	1	5	1	0.70490868	28	3698.0124	3698.2124	3698.2124	3698.4124	3698.9173
3	40	1	2	451	3	6	8	1	1	2	1	1	0.80442176	1	3728.301	3728.901	3728.9011	3729.1011	3729.7055
3	40	1	2	452	3	6	8	2	3	2	2	0	1.2655917	1	3730.9247	3731.5247	3731.5247	3731.7247	3732.7903
3	40	1	2	453	3	6	8	3	1	1	1	1	1.2418336	2	3733.5492	3733.7492	3733.7492	3733.9492	3734.9911
3	40	1	2	454	3	6	8	4	6	1	2	0	1.0095323	2	3735.7732	3735.9732	3735.9732	3736.1732	3736.9828
3	40	1	2	455	3	6	8	5	4	2	6	1	1.1248221	3	3738.0006	3738.6006	3738.6006	3738.8006	3739.7255
3	40	1	2	456	3	6	8	6	5	1	7	1	0.82085445	4	3740.6243	3740.8243	3740.8243	3741.0243	3741.6452
3	40	1	2	457	3	6	8	7	2	2	0	0	-3743.4518	4	3742.8518	3743.4518	3743.4518	3743.6518	0
3	40	1	2	458	3	6	8	8	4	1	6	1	0.97894374	5	3745.477	3745.677	3745.677	3745.877	3746.6559
3	40	1	2	459	3	6	8	9	3	1	8	0	1.4991103	5	3747.7014	3747.9014	3747.9014	3748.1014	3749.4005
3	40	1	2	460	3	6	8	10	5	2	7	1	0.80941637	6	3749.928	3750.528	3750.528	3750.728	3751.3375
3	40	1	2	461	3	6	8	11	5	2	7	1	0.82452025	7	3752.5524	3753.1524	3753.1524	3753.3525	3753.977
3	40	1	2	462	3	6	8	12	5	1	7	1	0.66092912	8	3755.1775	3755.3775	3755.3775	3755.5775	3756.0384
3	40	1	2	463	3	6	8	13	1	1	1	1	0.97233692	9	3757.402	3757.602	3757.602	3757.802	3758.5743
3	40	1	2	464	3	6	8	14	3	2	3	1	1.5552514	10	3759.6261	3760.2261	3760.2261	3760.4261	3761.7813
3	40	1	2	465	3	6	8	15	4	2	6	1	0.92518745	11	3762.2505	3762.8505	3762.8505	3763.0505	3763.7757
3	40	1	2	466	3	6	8	16	2	1	2	1	0.88398395	12	3764.8758	3765.0758	3765.0758	3765.2758	3765.9597
3	40	1	2	467	3	6	8	17	5	1	7	1	0.93605171	13	3767.1025	3767.3025	3767.3025	3767.5025	3768.2386
3	40	1	2	468	3	6	8	18	2	1	2	1	0.95702884	14	3769.3281	3769.5281	3769.5281	3769.7281	3770.4851
3	40	1	2	469	3	6	8	19	1	1	1	1	0.94790106	15	3771.5558	3771.7558	3771.7558	3771.9558	3772.7037
3	40	1	2	470	3	6	8	20	2	2	2	1	1.068953	16	3773.7854	3774.3854	3774.3854	3774.5854	3775.4543
3	40	1	2	471	3	6	8	21	3	1	3	1	1.2708242	17	3776.4102	3776.6102	3776.6102	3776.8102	3777.881
3	40	1	2	472	3	6	8	22	6	2	8	1	1.5331958	18	3778.6346	3779.2346	3779.2346	3779.4346	3780.7678
3	40	1	2	473	3	6	8	23	6	1	8	1	0.6689745	19	3781.2591	3781.4591	3781.4591	3781.6591	3782.1281
3	40	1	2	474	3	6	8	24	1	2	1	1	0.69882977	20	3783.4835	3784.0835	3784.0835	3784.2835	3784.7823
3	40	1	2	475	3	6	8	25	4	2	6	1	0.77632244	21	3786.1087	3786.7087	3786.7087	3786.9087	3787.4851
3	40	1	2	476	3	6	8	26	2	1	2	1	0.83111422	22	3788.7342	3788.9342	3788.9342	3789.1342	3789.7653
3	40	1	2	477	3	6	8	27	4	2	6	1	1.1090446	23	3790.9589	3791.5589	3791.5589	3791.7589	3792.668
3	40	1	2	478	3	6	8	28	6	2	8	1	1.5161351	24	3793.5846	3794.1846	3794.1846	3794.3846	3795.7008
3	40	1	2	479	3	6	8	29	6	2	8	1	0.59755255	25	3796.2094	3796.8094	3796.8094	3797.0094	3797.407
3	40	1	2	480	3	6	8	30	3	1	3	1	1.0289058	26	3798.835	3799.035	3799.035	3799.235	3800.0639
3	40	1	2	481	3	2	9	1	5	2	5	1	0.55177006	1	3829.1203	3829.7203	3829.7203	3829.9203	3830.272
3	40	1	2	482	3	2	9	2	4	2	5	1	0.47832891	2	3831.7455	3832.3455	3832.3455	3832.5455	3832.8238
3	40	1	2	483	3	2	9	3	4	1	5	1	0.53865471	3	3834.3707	3834.5708	3834.5708	3834.7708	3835.1094
3	40	1	2	484	3	2	9	4	1	1	4	1	0.69329044	4	3836.5954	3836.7954	3836.7954	3836.9954	3837.4887
3	40	1	2	485	3	2	9	5	5	2	5	1	0.56267511	5	3838.8205	3839.4205	3839.4205	3839.6205	3839.9832
3	40	1	2	486	3	2	9	6	2	1	4	1	0.8128466	6	3841.4496	3841.6496	3841.6496	3841.8496	3842.4625
3	40	1	2	487	3	2	9	7	2	2	4	1	0.52993434	7	3843.6765	3844.2765	3844.2765	3844.4765	3844.8064
3	40	1	2	488	3	2	9	8	4	1	5	1	0.67428557	8	3846.3016	3846.5016	3846.5016	3846.7016	3847.1759
3	40	1	2	489	3	2	9	9	6	1	5	1	0.54310105	9	3848.5273	3848.7274	3848.7274	3848.9274	3849.2705
3	40	1	2	490	3	2	9	10	6	2	5	1	0.4680338	10	3850.756	3851.356	3851.356	3851.556	3851.824
3	40	1	2	491	3	2	9	11	3	2	4	1	0.49849265	11	3853.3814	3853.9814	3853.9814	3854.1814	3854.4799
3	40	1	2	492	3	2	9	12	1	1	4	1	0.52241595	12	3856.0069	3856.2069	3856.2069	3856.4069	3856.7293
3	40	1	2	493	3	2	9	13	4	1	5	1	0.41404536	13	3858.2331	3858.4331	3858.4331	3858.6331	3858.8471
3	40	1	2	494	3	2	9	14	3	2	4	1	0.82541812	14	3860.4627	3861.0627	3861.0627	3861.2627	3861.8881
3	40	1	2	495	3	2	9	15	6	2	5	1	0.39880239	15	3863.0891	3863.6891	3863.6891	3863.8891	3864.0879
3	40	1	2	496	3	2	9	16	5	1	5	1	0.57341864	16	3865.7145	3865.9145	3865.9145	3866.1145	3866.4879
3	40	1	2	497	3	2	9	17	1	1	4	1	0.57775978	17	3867.9409	3868.1409	3868.1409	3868.3409	3868.7187
3	40	1	2	498	3	2	9	18	2	1	4	1	0.97467414	18	3870.1669	3870.3669	3870.3669	3870.5669	3871.3415
3	40	1	2	499	3	2	9	19	2	1	4	1	0.9187165	19	3872.3927	3872.5927	3872.5927	3872.7927	3873.5115
3	40	1	2	500	3	2	9	20	6	2	5	1	0.49274713	20	3874.6209	3875.2209	3875.2209	3875.4209	3875.7136
3	40	1	2	501	3	2	9	21	1	1	4	1	0.67848988	21	3877.2469	3877.4469	3877.4469	3877.6469	3878.1254
3	40	1	2	502	3	2	9	22	2	2	4	1	0.52125071	22	3879.4724	3880.0724	3880.0724	3880.2724	3880.5936
3	40	1	2	503	3	2	9	23	3	1	4	1	0.50858342	23	3882.0992	3882.2992	3882.2992	3882.4992	3882.8077
3	40	1	2	504	3	2	9	24	1	2	4	1	0.53716322	24	3884.325	3884.925	3884.925	3885.125	3885.4621
3	40	1	2	505	3	2	9	25	5	2	5	1	0.48097456	25	3886.9512	3887.5512	3887.5512	3887.7512	3888.0321
3	40	1	2	506	3	2	9	26	5	1	5	1	0.85066234	26	3889.58	3889.78	3889.78	3889.98	3890.6307
3	40	1	2	507	3	2	9	27	3	2	4	1	0.51055782	27	3891.8076	3892.4076	3892.4076	3892.6076	3892.9182
3	40	1	2	508	3	2	9	28	3	2	4	1	0.58973709	28	3894.4335	3895.0335	3895.0335	3895.2335	3895.6232
3	40	1	2	509	3	2	9	29	6	2	5	1	0.52488192	29	3897.0595	3897.6595	3897.6595	3897.8595	3898.1844
3	40	1	2	510	3	2	9	30	4	1	5	1	0.63426263	30	3899.6857	3899.8857	3899.8857	3900.0857	3900.52
3	40	1	2	511	3	6	9	1	1	2	1	1	0.75738092	1	3930.4508	3931.0508	3931.0508	3931.2508	3931.8081
3	40	1	2	512	3	6	9	2	6	2	8	1	1.1958534	2	3933.0769	3933.6769	3933.6769	3933.8769	3934.8727
3	40	1	2	513	3	6	9	3	4	1	6	1	0.87176399	3	3935.7028	3935.9028	3935.9028	3936.1028	3936.7745
3	40	1	2	514	3	6	9	4	2	1	2	1	0.95183973	4	3937.9288	3938.1288	3938.1288	3938.3288	3939.0806
3	40	1	2	515	3	6	9	5	5	2	7	1	0.84410088	5	3940.1556	3940.7556	3940.7556	3940.9556	3941.5997
3	40	1	2	516	3	6	9	6	1	1	1	1	1.0896306	6	3942.7838	3942.9839	3942.9839	3943.1839	3944.0735
3	40	1	2	517	3	6	9	7	2	2	2	1	1.1000477	7	3945.0106	3945.6106	3945.6106	3945.8106	3946.7107
3	40	1	2	518	3	6	9	8	3	1	3	1	0.80049148	8	3947.6374	3947.8374	3947.8374	3948.0374	3948.6379
3	40	1	2	519	3	6	9	9	1	1	1	1	1.384267	9	3949.8636	3950.0636	3950.0636	3950.2636	3951.4479
3	40	1	2	520	3	6	9	10	5	2	7	1	0.88646742	10	3952.0898	3952.6898	3952.6898	3952.8898	3953.5762
3	40	1	2	521	3	6	9	11	6	2	2	0	1.1225597	10	3954.7162	3955.3162	3955.3162	3955.5162	3956.4387
3	40	1	2	522	3	6	9	12	5	1	7	1	0.87373866	11	3957.3426	3957.5426	3957.5426	3957.7426	3958.4163
3	40	1	2	523	3	6	9	13	2	1	2	1	0.90291092	12	3959.5688	3959.7688	3959.7688	3959.9688	3960.6717
3	40	1	2	524	3	6	9	14	4	2	6	1	1.0190382	13	3961.795	3962.395	3962.395	3962.595	3963.4141
3	40	1	2	525	3	6	9	15	3	2	3	1	1.0811348	14	3964.4218	3965.0219	3965.0219	3965.2219	3966.103
3	40	1	2	526	3	6	9	16	2	1	2	1	0.87660702	15	3967.0489	3967.2489	3967.2489	3967.4489	3968.1255
3	40	1	2	527	3	6	9	17	4	1	6	1	1.1072337	16	3969.2764	3969.4764	3969.4764	3969.6764	3970.5837
3	40	1	2	528	3	6	9	18	1	1	1	1	1.254497	17	3971.504	3971.704	3971.704	3971.904	3972.9585
3	40	1	2	529	3	6	9	19	5	1	7	1	0.81164239	18	3973.7314	3973.9314	3973.9314	3974.1314	3974.7431
3	40	1	2	530	3	6	9	20	3	2	3	1	0.97400338	19	3975.959	3976.559	3976.559	3976.759	3977.533
3	40	1	2	531	3	6	9	21	3	1	3	1	0.64317774	20	3978.5867	3978.7867	3978.7867	3978.9867	3979.4299
3	40	1	2	532	3	6	9	22	4	2	6	1	0.88877863	21	3980.8132	3981.4132	3981.4133	3981.6133	3982.302
3	40	1	2	533	3	6	9	23	3	1	3	1	0.64434178	22	3983.442	3983.642	3983.642	3983.842	3984.2863
3	40	1	2	534	3	6	9	24	2	2	2	1	0.90835606	23	3985.6693	3986.2693	3986.2693	3986.4693	3987.1776
3	40	1	2	535	3	6	9	25	5	2	7	1	0.74261597	24	3988.2969	3988.8969	3988.8969	3989.0969	3989.6395
3	40	1	2	536	3	6	9	26	4	1	6	1	1.3055519	25	3990.9244	3991.1244	3991.1244	3991.3244	3992.43
3	40	1	2	537	3	6	9	27	6	2	8	1	1.3629032	26	3993.1522	3993.7522	3993.7522	3993.9522	3995.1151
3	40	1	2	538	3	6	9	28	6	2	8	1	0.67965428	27	3995.781	3996.381	3996.381	3996.581	3997.0606
3	40	1	2	539	3	6	9	29	6	2	8	1	0.58053243	28	3998.4088	3999.0088	3999.0088	3999.2088	3999.5893
3	40	1	2	540	3	6	9	30	1	1	1	1	0.83447561	29	4001.0359	4001.236	4001.236	4001.436	4002.0705
3	40	1	2	541	4	2	10	1	3	2	4	1	0.57701251	1	4572.2376	4572.8376	4572.8376	4573.0376	4573.4146
3	40	1	2	542	4	2	10	2	1	2	4	1	0.51072353	2	4574.8647	4575.4647	4575.4647	4575.6647	4575.9755
3	40	1	2	543	4	2	10	3	1	1	4	1	0.44677885	3	4577.4953	4577.6953	4577.6953	4577.8953	4578.1421
3	40	1	2	544	4	2	10	4	4	1	5	1	0.52511569	4	4579.7225	4579.9225	4579.9225	4580.1225	4580.4476
3	40	1	2	545	4	2	10	5	2	2	4	1	0.57482923	5	4581.9536	4582.5536	4582.5536	4582.7536	4583.1284
3	40	1	2	546	4	2	10	6	5	1	5	1	0.39483089	6	4584.5815	4584.7815	4584.7815	4584.9815	4585.1763
3	40	1	2	547	4	2	10	7	3	2	4	1	0.56246074	7	4586.8136	4587.4136	4587.4136	4587.6136	4587.9761
3	40	1	2	548	4	2	10	8	2	1	4	1	0.46045548	8	4589.4446	4589.6446	4589.6446	4589.8446	4590.1051
3	40	1	2	549	4	2	10	9	3	1	4	1	0.42671681	9	4591.6757	4591.8757	4591.8757	4592.0757	4592.3024
3	40	1	2	550	4	2	10	10	5	2	5	1	0.46501695	10	4593.9035	4594.5036	4594.5036	4594.7036	4594.9686
3	40	1	2	551	4	2	10	11	6	2	5	1	0.44932028	11	4596.5333	4597.1333	4597.1333	4597.3333	4597.5826
3	40	1	2	552	4	2	10	12	1	1	4	1	0.69205209	12	4599.1611	4599.3611	4599.3611	4599.5611	4600.0532
3	40	1	2	553	4	2	10	13	6	1	5	1	0.88851761	13	4601.3893	4601.5893	4601.5893	4601.7893	4602.4778
3	40	1	2	554	4	2	10	14	4	2	5	1	0.53292735	14	4603.6175	4604.2175	4604.2175	4604.4175	4604.7504
3	40	1	2	555	4	2	10	15	4	2	5	1	0.39798309	15	4606.2479	4606.8479	4606.8479	4607.0479	4607.2459
3	40	1	2	556	4	2	10	16	1	1	4	1	0.39229736	16	4608.8766	4609.0766	4609.0766	4609.2766	4609.4689
3	40	1	2	557	4	2	10	17	5	1	5	1	0.39177824	17	4611.1044	4611.3044	4611.3045	4611.5045	4611.6962
3	40	1	2	558	4	2	10	18	6	1	5	1	0.62145705	18	4613.3361	4613.5361	4613.5361	4613.7361	4614.1576
3	40	1	2	559	4	2	10	19	2	1	4	1	0.57945922	19	4615.5647	4615.7647	4615.7647	4615.9647	4616.3442
3	40	1	2	560	4	2	10	20	5	2	5	1	0.62044009	20	4617.7949	4618.3949	4618.3949	4618.5949	4619.0153
3	40	1	2	561	4	2	10	21	5	1	5	1	0.49191095	21	4620.4254	4620.6254	4620.6254	4620.8254	4621.1173
3	40	1	2	562	4	2	10	22	4	2	5	1	0.54406667	22	4622.6536	4623.2536	4623.2536	4623.4536	4623.7976
3	40	1	2	563	4	2	10	23	3	1	4	1	0.65846271	23	4625.2823	4625.4823	4625.4823	4625.6823	4626.1408
3	40	1	2	564	4	2	10	24	2	2	4	1	0.54981639	24	4627.5143	4628.1143	4628.1143	4628.3143	4628.6642
3	40	1	2	565	4	2	10	25	2	2	4	1	0.49723423	25	4630.1429	4630.7429	4630.7429	4630.9429	4631.2401
3	40	1	2	566	4	2	10	26	4	1	5	1	0.38143265	26	4632.771	4632.971	4632.971	4633.171	4633.3524
3	40	1	2	567	4	2	10	27	3	2	4	1	0.43745135	27	4635.0033	4635.6033	4635.6033	4635.8033	4636.0408
3	40	1	2	568	4	2	10	28	6	2	5	1	0.41440284	28	4637.6328	4638.2328	4638.2328	4638.4328	4638.6472
3	40	1	2	569	4	2	10	29	6	2	5	1	0.58334532	29	4640.2622	4640.8622	4640.8622	4641.0622	4641.4455
3	40	1	2	570	4	2	10	30	1	1	4	1	0.55537103	30	4642.8911	4643.0911	4643.0911	4643.2911	4643.6465
3	40	1	2	571	4	6	10	1	3	2	3	1	1.1710011	1	4673.1773	4673.7773	4673.7773	4673.9773	4674.9483
3	40	1	2	572	4	6	10	2	4	2	6	1	0.8327011	2	4675.8066	4676.4066	4676.4066	4676.6066	4677.2393
3	40	1	2	573	4	6	10	3	1	1	1	1	1.4358941	3	4678.436	4678.636	4678.636	4678.836	4680.0719
3	40	1	2	574	4	6	10	4	1	1	1	1	0.58938618	4	4680.665	4680.865	4680.865	4681.065	4681.4544
3	40	1	2	575	4	6	10	5	1	2	1	1	0.6815931	5	4682.8939	4683.4939	4683.4939	4683.6939	4684.1755
3	40	1	2	576	4	6	10	6	6	1	8	1	0.97015381	6	4685.5225	4685.7225	4685.7225	4685.9225	4686.6927
3	40	1	2	577	4	6	10	7	6	2	8	1	0.49606613	7	4687.7514	4688.3514	4688.3514	4688.5514	4688.8475
3	40	1	2	578	4	6	10	8	2	1	3	0	1.0746248	7	4690.381	4690.581	4690.581	4690.781	4691.6556
3	40	1	2	579	4	6	10	9	3	1	3	1	1.0306049	8	4692.6102	4692.8102	4692.8102	4693.0102	4693.8408
3	40	1	2	580	4	6	10	10	3	2	3	1	0.63641799	9	4694.8396	4695.4396	4695.4396	4695.6396	4696.076
3	40	1	2	581	4	6	10	11	2	2	2	1	0.54940155	10	4697.4681	4698.0681	4698.0681	4698.2681	4698.6175
3	40	1	2	582	4	6	10	12	4	1	6	1	0.6852253	11	4700.0976	4700.2976	4700.2976	4700.4977	4700.9829
3	40	1	2	583	4	6	10	13	2	1	2	1	1.0122247	12	4702.3278	4702.5278	4702.5278	4702.7278	4703.54
3	40	1	2	584	4	6	10	14	4	2	6	1	0.70428711	13	4704.5571	4705.1571	4705.1571	4705.3571	4705.8614
3	40	1	2	585	4	6	10	15	4	2	6	1	0.8533706	14	4707.1875	4707.7875	4707.7875	4707.9875	4708.6409
3	40	1	2	586	4	6	10	16	3	1	3	1	0.94197878	15	4709.8167	4710.0167	4710.0167	4710.2167	4710.9586
3	40	1	2	587	4	6	10	17	1	1	1	1	1.2427398	16	4712.0461	4712.2461	4712.2461	4712.4461	4713.4888
3	40	1	2	588	4	6	10	18	5	1	7	1	1.0207342	17	4714.2754	4714.4754	4714.4754	4714.6755	4715.4962
3	40	1	2	589	4	6	10	19	1	1	1	1	1.2755418	18	4716.5061	4716.7061	4716.7061	4716.9061	4717.9817
3	40	1	2	590	4	6	10	20	6	2	8	1	1.5263982	19	4718.7354	4719.3354	4719.3354	4719.5354	4720.8618
3	40	1	2	591	4	6	10	21	2	1	2	1	0.86832546	20	4721.3715	4721.5715	4721.5715	4721.7715	4722.4398
3	40	1	2	592	4	6	10	22	4	2	6	1	0.96442488	21	4723.601	4724.201	4724.201	4724.401	4725.1654
3	40	1	2	593	4	6	10	23	6	1	8	1	1.120699	22	4726.2319	4726.4319	4726.4319	4726.6319	4727.5526
3	40	1	2	594	4	6	10	24	5	2	7	1	0.9831005	23	4728.4617	4729.0618	4729.0618	4729.2618	4730.0449
3	40	1	2	595	4	6	10	25	5	2	7	1	0.68939605	24	4731.092	4731.692	4731.692	4731.892	4732.3814
3	40	1	2	596	4	6	10	26	5	1	7	1	0.66166168	25	4733.722	4733.922	4733.922	4734.122	4734.5836
3	40	1	2	597	4	6	10	27	5	2	7	1	0.60465648	26	4735.9514	4736.5514	4736.5514	4736.7514	4737.1561
3	40	1	2	598	4	6	10	28	3	2	3	1	1.0818798	27	4738.5811	4739.1811	4739.1811	4739.3811	4740.2629
3	40	1	2	599	4	6	10	29	2	2	2	1	0.60915758	28	4741.211	4741.811	4741.811	4742.011	4742.4202
3	40	1	2	600	4	6	10	30	6	1	8	1	0.9273014	29	4743.8409	4744.0409	4744.0409	4744.2409	4744.9682
3	40	1	2	601	4	2	11	1	1	2	4	1	0.57712418	1	4774.1268	4774.7268	4774.7268	4774.9268	4775.3039
3	40	1	2	602	4	2	11	2	3	2	4	1	0.55220434	2	4776.7578	4777.3578	4777.3578	4777.5578	4777.91
3	40	1	2	603	4	2	11	3	5	1	5	1	0.54063372	3	4779.3879	4779.5879	4779.5879	4779.7879	4780.1286
3	40	1	2	604	4	2	11	4	5	1	5	1	0.52694923	4	4781.618	4781.818	4781.818	4782.018	4782.3449
3	40	1	2	605	4	2	11	5	2	2	4	1	0.49295188	5	4783.8488	4784.4488	4784.4488	4784.6488	4784.9417
3	40	1	2	606	4	2	11	6	5	1	5	1	0.55104267	6	4786.4791	4786.6791	4786.6791	4786.8791	4787.2301
3	40	1	2	607	4	2	11	7	6	2	5	1	0.53865734	7	4788.7099	4789.3099	4789.3099	4789.5099	4789.8485
3	40	1	2	608	4	2	11	8	6	1	5	1	0.47280608	8	4791.3405	4791.5405	4791.5405	4791.7405	4792.0133
3	40	1	2	609	4	2	11	9	2	1	4	1	0.48054436	9	4793.5705	4793.7705	4793.7705	4793.9705	4794.251
3	40	1	2	610	4	2	11	10	3	2	4	1	0.5423215	10	4795.8008	4796.4008	4796.4008	4796.6008	4796.9431
3	40	1	2	611	4	2	11	11	5	2	5	1	0.5200292	11	4798.4322	4799.0322	4799.0322	4799.2322	4799.5522
3	40	1	2	612	4	2	11	12	3	1	4	1	0.52858638	12	4801.0626	4801.2626	4801.2626	4801.4626	4801.7912
3	40	1	2	613	4	2	11	13	6	1	5	1	0.38738724	13	4803.2939	4803.4939	4803.4939	4803.6939	4803.8813
3	40	1	2	614	4	2	11	14	6	2	5	1	0.67994217	14	4805.5287	4806.1287	4806.1287	4806.3287	4806.8087
3	40	1	2	615	4	2	11	15	4	2	5	1	0.59859951	15	4808.1587	4808.7587	4808.7587	4808.9587	4809.3573
3	40	1	2	616	4	2	11	16	3	1	4	1	0.635209	16	4810.788	4810.9881	4810.9881	4811.1881	4811.6233
3	40	1	2	617	4	2	11	17	6	1	5	1	0.41848875	17	4813.022	4813.222	4813.222	4813.4221	4813.6405
3	40	1	2	618	4	2	11	18	4	1	5	1	0.54746122	18	4815.2534	4815.4534	4815.4534	4815.6534	4816.0008
3	40	1	2	619	4	2	11	19	5	1	5	1	0.67467433	19	4817.4837	4817.6837	4817.6837	4817.8837	4818.3584
3	40	1	2	620	4	2	11	20	1	2	4	1	0.77133912	20	4819.715	4820.315	4820.315	4820.515	4821.0864
3	40	1	2	621	4	2	11	21	4	1	5	1	0.64390334	21	4822.3475	4822.5475	4822.5475	4822.7475	4823.1914
3	40	1	2	622	4	2	11	22	1	2	4	1	0.79287248	22	4824.6408	4825.2408	4825.2408	4825.4408	4826.0336
3	40	1	2	623	4	2	11	23	4	1	5	1	0.37922068	23	4827.2746	4827.4746	4827.4746	4827.6746	4827.8538
3	40	1	2	624	4	2	11	24	2	2	4	1	0.50266642	24	4829.5052	4830.1052	4830.1052	4830.3052	4830.6079
3	40	1	2	625	4	2	11	25	2	2	4	1	0.57229016	25	4832.1367	4832.7367	4832.7367	4832.9367	4833.309
3	40	1	2	626	4	2	11	26	4	1	5	1	0.48241597	26	4834.7746	4834.9746	4834.9746	4835.1746	4835.457
3	40	1	2	627	4	2	11	27	3	2	4	1	0.39947055	27	4837.0058	4837.6058	4837.6058	4837.8058	4838.0053
3	40	1	2	628	4	2	11	28	1	2	4	1	0.48732805	28	4839.6402	4840.2402	4840.2402	4840.4402	4840.7275
3	40	1	2	629	4	2	11	29	1	2	4	1	0.4950098	29	4842.2714	4842.8715	4842.8715	4843.0715	4843.3665
3	40	1	2	630	4	2	11	30	2	1	4	1	0.56537505	30	4844.9054	4845.1054	4845.1054	4845.3054	4845.6708
3	40	1	2	631	4	6	11	1	3	2	8	0	0.95585756	0	4875.1969	4875.7969	4875.7969	4875.9969	4876.7528
3	40	1	2	632	4	6	11	2	1	2	1	1	0.84354508	1	4877.8278	4878.4278	4878.4278	4878.6278	4879.2714
3	40	1	2	633	4	6	11	3	2	1	2	1	1.4273074	2	4880.4607	4880.6607	4880.6607	4880.8607	4882.088
3	40	1	2	634	4	6	11	4	3	1	3	1	1.1636663	3	4882.6916	4882.8916	4882.8916	4883.0916	4884.0553
3	40	1	2	635	4	6	11	5	5	2	7	1	0.89143585	4	4884.9229	4885.5229	4885.5229	4885.723	4886.4144
3	40	1	2	636	4	6	11	6	2	1	2	1	0.86822554	5	4887.5564	4887.7564	4887.7564	4887.9564	4888.6247
3	40	1	2	637	4	6	11	7	6	2	8	1	0.94591503	6	4889.7873	4890.3873	4890.3873	4890.5873	4891.3333
3	40	1	2	638	4	6	11	8	5	1	7	1	0.87598928	7	4892.4193	4892.6193	4892.6193	4892.8193	4893.4953
3	40	1	2	639	4	6	11	9	6	1	8	1	1.1309592	8	4894.6519	4894.8519	4894.8519	4895.0519	4895.9829
3	40	1	2	640	4	6	11	10	6	2	8	1	0.62773749	9	4896.8834	4897.4834	4897.4834	4897.6834	4898.1111
3	40	1	2	641	4	6	11	11	3	2	3	1	0.99800123	10	4899.5152	4900.1152	4900.1152	4900.3152	4901.1132
3	40	1	2	642	4	6	11	12	4	1	6	1	1.2674539	11	4902.1466	4902.3466	4902.3466	4902.5467	4903.6141
3	40	1	2	643	4	6	11	13	1	1	1	1	0.76997602	12	4904.3789	4904.5789	4904.5789	4904.7789	4905.3489
3	40	1	2	644	4	6	11	14	2	2	2	1	1.0958299	13	4906.6105	4907.2105	4907.2105	4907.4105	4908.3064
3	40	1	2	645	4	6	11	15	5	2	7	1	1.020641	14	4909.2417	4909.8417	4909.8417	4910.0417	4910.8623
3	40	1	2	646	4	6	11	16	3	1	3	1	1.0850192	15	4911.8735	4912.0735	4912.0735	4912.2735	4913.1585
3	40	1	2	647	4	6	11	17	4	1	6	1	0.87003297	16	4914.1055	4914.3055	4914.3055	4914.5055	4915.1755
3	40	1	2	648	4	6	11	18	1	1	6	0	1.1503986	16	4916.3368	4916.5368	4916.5368	4916.7368	4917.6872
3	40	1	2	649	4	6	11	19	6	1	8	1	1.0444366	17	4918.5691	4918.7692	4918.7692	4918.9692	4919.8136
3	40	1	2	650	4	6	11	20	2	2	2	1	0.91119395	18	4920.8014	4921.4014	4921.4014	4921.6014	4922.3126
3	40	1	2	651	4	6	11	21	1	1	1	1	0.93233739	19	4923.4337	4923.6337	4923.6337	4923.8337	4924.566
3	40	1	2	652	4	6	11	22	4	2	6	1	0.88757307	20	4925.6652	4926.2652	4926.2652	4926.4652	4927.1527
3	40	1	2	653	4	6	11	23	2	1	2	1	0.94423751	21	4928.2972	4928.4972	4928.4972	4928.6972	4929.4414
3	40	1	2	654	4	6	11	24	5	2	7	1	0.83706367	22	4930.5285	4931.1285	4931.1285	4931.3285	4931.9655
3	40	1	2	655	4	6	11	25	4	2	6	1	0.9574012	23	4933.1605	4933.7605	4933.7605	4933.9605	4934.7179
3	40	1	2	656	4	6	11	26	4	1	7	0	1.8322945	23	4935.7926	4935.9926	4935.9926	4936.1926	4937.8249
3	40	1	2	657	4	6	11	27	3	2	3	1	1.5142893	24	4938.0295	4938.6295	4938.6295	4938.8295	4940.1438
3	40	1	2	658	4	6	11	28	6	2	8	1	1.4583356	25	4940.6612	4941.2613	4941.2613	4941.4613	4942.7196
3	40	1	2	659	4	6	11	29	5	2	7	1	0.83511492	26	4943.2936	4943.8936	4943.8936	4944.0936	4944.7287
3	40	1	2	660	4	6	11	30	1	1	1	1	0.84472103	27	4945.9255	4946.1255	4946.1255	4946.3256	4946.9703
3	40	1	2	661	4	2	12	1	1	2	5	0	0.73626075	0	4976.2167	4976.8167	4976.8167	4977.0167	4977.553
3	40	1	2	662	4	2	12	2	5	2	5	1	0.69927591	1	4978.853	4979.453	4979.453	4979.653	4980.1523
3	40	1	2	663	4	2	12	3	4	1	5	1	0.53792441	2	4981.4855	4981.6855	4981.6855	4981.8855	4982.2235
3	40	1	2	664	4	2	12	4	2	1	4	1	0.50680921	3	4983.7177	4983.9177	4983.9177	4984.1177	4984.4245
3	40	1	2	665	4	2	12	5	1	2	4	1	0.47427507	4	4985.95	4986.55	4986.55	4986.75	4987.0243
3	40	1	2	666	4	2	12	6	3	1	4	1	0.43107275	5	4988.5819	4988.7819	4988.7819	4988.9819	4989.213
3	40	1	2	667	4	2	12	7	4	2	5	1	0.39955152	6	4990.8141	4991.4142	4991.4142	4991.6142	4991.8138
3	40	1	2	668	4	2	12	8	1	1	4	1	0.37665122	7	4993.4466	4993.6467	4993.6467	4993.8467	4994.0234
3	40	1	2	669	4	2	12	9	4	1	5	1	0.40901585	8	4995.6807	4995.8807	4995.8807	4996.0807	4996.2897
3	40	1	2	670	4	2	12	10	5	2	5	1	0.50813166	9	4997.9133	4998.5133	4998.5133	4998.7133	4999.0214
3	40	1	2	671	4	2	12	11	6	2	5	1	0.42816401	10	5000.5456	5001.1456	5001.1456	5001.3456	5001.5738
3	40	1	2	672	4	2	12	12	1	1	4	1	0.52387357	11	5003.1784	5003.3784	5003.3784	5003.5784	5003.9022
3	40	1	2	673	4	2	12	13	1	1	4	1	0.58249566	12	5005.4105	5005.6105	5005.6105	5005.8105	5006.193
3	40	1	2	674	4	2	12	14	5	2	5	1	0.36669105	13	5007.6425	5008.2426	5008.2426	5008.4426	5008.6092
3	40	1	2	675	4	2	12	15	2	2	4	1	0.44152997	14	5010.2755	5010.8755	5010.8755	5011.0755	5011.317
3	40	1	2	676	4	2	12	16	3	1	4	1	0.58354246	15	5012.9082	5013.1082	5013.1082	5013.3082	5013.6917
3	40	1	2	677	4	2	12	17	6	1	5	1	0.49930802	16	5015.4368	5015.6369	5015.6369	5015.8369	5016.1362
3	40	1	2	678	4	2	12	18	2	1	4	1	0.67105343	17	5017.6704	5017.8704	5017.8704	5018.0704	5018.5414
3	40	1	2	679	4	2	12	19	3	1	4	1	0.74802312	18	5019.9075	5020.1075	5020.1076	5020.3076	5020.8556
3	40	1	2	680	4	2	12	20	5	2	5	1	0.57332267	19	5022.1404	5022.7404	5022.7404	5022.9404	5023.3138
3	40	1	2	681	4	2	12	21	6	1	5	1	0.61025355	20	5024.7732	5024.9732	5024.9732	5025.1732	5025.5835
3	40	1	2	682	4	2	12	22	2	2	4	1	0.46555193	21	5027.0068	5027.6068	5027.6068	5027.8068	5028.0724
3	40	1	2	683	4	2	12	23	3	1	4	1	0.87007043	22	5029.6435	5029.8436	5029.8436	5030.0436	5030.7136
3	40	1	2	684	4	2	12	24	5	2	5	1	0.39359529	23	5031.877	5032.4771	5032.4771	5032.6771	5032.8707
3	40	1	2	685	4	2	12	25	6	2	5	1	0.66744008	24	5034.5082	5035.1082	5035.1082	5035.3082	5035.7756
3	40	1	2	686	4	2	12	26	6	1	5	1	0.54523403	25	5037.1421	5037.3421	5037.3421	5037.5421	5037.8873
3	40	1	2	687	4	2	12	27	4	2	5	1	0.49648543	26	5039.3747	5039.9747	5039.9747	5040.1747	5040.4712
3	40	1	2	688	4	2	12	28	3	2	4	1	0.54057854	27	5042.0082	5042.6082	5042.6082	5042.8082	5043.1488
3	40	1	2	689	4	2	12	29	2	2	4	1	0.58499681	28	5044.6453	5045.2453	5045.2453	5045.4453	5045.8303
3	40	1	2	690	4	2	12	30	4	1	5	1	0.48162307	29	5047.2789	5047.4789	5047.4789	5047.6789	5047.9605
3	40	1	2	691	4	6	12	1	3	2	3	1	1.1746408	1	5077.5773	5078.1773	5078.1773	5078.3773	5079.352
3	40	1	2	692	4	6	12	2	4	2	6	1	0.70049111	2	5080.2109	5080.8109	5080.8109	5081.0109	5081.5114
3	40	1	2	693	4	6	12	3	1	1	1	1	0.92384618	3	5082.8443	5083.0443	5083.0443	5083.2443	5083.9681
3	40	1	2	694	4	6	12	4	4	1	6	1	1.022378	4	5085.0792	5085.2792	5085.2792	5085.4792	5086.3016
3	40	1	2	695	4	6	12	5	6	2	8	1	0.98362147	5	5087.3135	5087.9135	5087.9135	5088.1135	5088.8971
3	40	1	2	696	4	6	12	6	3	1	3	1	0.77743042	6	5089.9478	5090.1478	5090.1478	5090.3478	5090.9253
3	40	1	2	697	4	6	12	7	3	2	3	1	0.62023746	7	5092.1812	5092.7812	5092.7812	5092.9812	5093.4014
3	40	1	2	698	4	6	12	8	5	1	7	1	0.86372832	8	5094.8165	5095.0165	5095.0165	5095.2165	5095.8802
3	40	1	2	699	4	6	12	9	2	1	2	1	1.2848629	9	5097.0502	5097.2502	5097.2502	5097.4502	5098.5351
3	40	1	2	700	4	6	12	10	1	2	1	1	0.74749635	10	5099.2844	5099.8844	5099.8844	5100.0844	5100.6319
3	40	1	2	701	4	6	12	11	4	2	6	1	0.86057625	11	5101.9206	5102.5206	5102.5206	5102.7206	5103.3812
3	40	1	2	702	4	6	12	12	1	1	1	1	0.82592172	12	5104.5549	5104.7549	5104.7549	5104.9549	5105.5808
3	40	1	2	703	4	6	12	13	4	1	6	1	0.78427928	13	5106.7905	5106.9905	5106.9905	5107.1905	5107.7748
3	40	1	2	704	4	6	12	14	5	2	7	1	0.76785723	14	5109.0245	5109.6245	5109.6245	5109.8245	5110.3923
3	40	1	2	705	4	6	12	15	4	2	6	1	1.1145675	15	5111.6586	5112.2586	5112.2586	5112.4586	5113.3732
3	40	1	2	706	4	6	12	16	5	1	7	1	0.6018059	16	5114.2932	5114.4932	5114.4932	5114.6932	5115.095
3	40	1	2	707	4	6	12	17	1	1	6	0	0.75495503	16	5116.5317	5116.7317	5116.7317	5116.9317	5117.4867
3	40	1	2	708	4	6	12	18	2	1	2	1	1.1158947	17	5118.7659	5118.9659	5118.9659	5119.1659	5120.0818
3	40	1	2	709	4	6	12	19	2	1	2	1	0.71217729	18	5121.0005	5121.2005	5121.2005	5121.4005	5121.9127
3	40	1	2	710	4	6	12	20	6	2	8	1	1.1860337	19	5123.2348	5123.8348	5123.8348	5124.0348	5125.0208
3	40	1	2	711	4	6	12	21	1	1	1	1	1.3207943	20	5125.8685	5126.0686	5126.0686	5126.2686	5127.3893
3	40	1	2	712	4	6	12	22	5	2	7	1	1.0590562	21	5128.1024	5128.7024	5128.7024	5128.9024	5129.7615
3	40	1	2	713	4	6	12	23	3	1	3	1	1.027195	22	5130.7399	5130.9399	5130.9399	5131.1399	5131.9671
3	40	1	2	714	4	6	12	24	2	2	2	1	0.9985813	23	5132.9753	5133.5753	5133.5753	5133.7753	5134.5738
3	40	1	2	715	4	6	12	25	6	2	8	1	1.7089777	24	5135.6095	5136.2095	5136.2096	5136.4096	5137.9185
3	40	1	2	716	4	6	12	26	3	1	3	1	0.89122393	25	5138.2445	5138.4445	5138.4445	5138.6445	5139.3357
3	40	1	2	717	4	6	12	27	5	2	7	1	1.0077574	26	5140.4794	5141.0794	5141.0794	5141.2794	5142.0872
3	40	1	2	718	4	6	12	28	2	2	2	1	0.94659194	27	5143.1144	5143.7144	5143.7144	5143.9144	5144.661
3	40	1	2	719	4	6	12	29	6	2	8	1	0.97303738	28	5145.7485	5146.3485	5146.3485	5146.5485	5147.3216
3	40	1	2	720	4	6	12	30	6	1	8	1	0.71451777	29	5148.3827	5148.5828	5148.5828	5148.7828	5149.2973
