64	35	94	126	37	124	43	42	0	0	0	0	0	0	0	0	0	0	0	0
2	1	1	1	1	1	6	1	1	4	2	3	0	1.6639274	0	527.46742	528.06752	528.06777	528.26805	529.73169
2	1	1	1	2	1	6	1	2	5	1	3	0	1.6020582	0	530.40013	530.60029	530.60101	530.80127	532.20307
2	1	1	1	3	1	6	1	3	3	1	3	1	1.750001	1	532.95625	533.15627	533.15629	533.35631	534.90629
2	1	1	1	4	1	6	1	4	5	1	7	1	1.7722022	2	535.16243	535.36245	535.36247	535.56249	537.13467
2	1	1	1	5	1	6	1	5	2	1	2	1	1.808732	3	537.36984	537.56986	537.56986	537.76987	539.3786
2	1	1	1	6	1	6	1	6	6	1	8	1	0.88896109	4	539.57613	539.77613	539.77616	539.97623	540.66512
2	1	1	1	7	1	6	1	7	4	1	2	0	1.8581515	4	541.78326	541.98329	541.9833	542.1833	543.84145
2	1	1	1	8	1	6	1	8	6	2	8	1	0.83838352	5	544.30141	544.90141	544.90141	545.10142	545.7398
2	1	1	1	9	1	6	1	9	1	2	1	1	1.1396857	6	546.90857	547.50857	547.5086	547.7086	548.64828
2	1	1	1	10	1	6	1	10	6	1	8	1	0.92192936	7	549.51391	549.71393	549.71395	549.91401	550.63588
2	1	1	1	11	1	6	1	11	3	1	3	1	1.552535	8	551.72065	551.92068	551.92068	552.12074	553.47322
2	1	1	1	12	1	6	1	12	5	1	7	1	1.9144613	9	553.92732	554.12732	554.12732	554.32733	556.04179
2	1	1	1	13	1	6	1	13	5	1	7	1	1.4354422	10	556.13311	556.33311	556.33314	556.53321	557.76858
2	1	1	1	14	1	6	1	14	5	2	7	1	0.78050016	11	558.33935	558.93937	558.93938	559.13938	559.71988
2	1	1	1	15	1	6	1	15	4	1	6	1	0.91098421	12	560.94511	561.14512	561.14515	561.34521	562.05613
2	1	1	1	16	1	6	1	16	4	1	6	1	0.85046872	13	563.15053	563.35056	563.35057	563.55058	564.20104
2	1	1	1	17	1	6	1	17	2	2	2	1	1.4707711	14	565.35743	565.95746	565.95746	566.15747	567.42824
2	1	1	1	18	1	6	1	18	1	2	1	1	1.1276631	15	567.96359	568.56359	568.5636	568.7636	569.69126
2	1	1	1	19	1	6	1	19	1	2	1	1	0.74183348	16	570.56984	571.16984	571.16988	571.36995	571.91171
2	1	1	1	20	1	6	1	20	6	2	8	1	0.73092999	17	573.17595	573.77598	573.776	573.97606	574.50693
2	1	1	1	21	1	6	1	21	4	2	6	1	1.5680204	18	575.7838	576.38383	576.38383	576.58384	577.95185
2	1	1	1	22	1	6	1	22	6	1	8	1	0.85122297	19	578.3909	578.5909	578.59094	578.791	579.44216
2	1	1	1	23	1	6	1	23	2	2	2	1	1.6933351	20	580.59713	581.19715	581.19716	581.39716	582.89049
2	1	1	1	24	1	6	1	24	3	2	3	1	0.75857801	21	583.20356	583.80356	583.80359	584.0036	584.56217
2	1	1	1	25	1	6	1	25	3	1	3	1	1.0043851	22	585.81133	586.01136	586.01136	586.21137	587.01575
2	1	1	1	26	1	6	1	26	1	2	1	1	0.75914258	23	588.01795	588.61795	588.61796	588.81796	589.3771
2	1	1	1	27	1	6	1	27	2	2	2	1	1.6784191	24	590.6254	591.2254	591.22541	591.42541	592.90383
2	1	1	1	28	1	6	1	28	1	2	1	1	0.80179045	25	593.23279	593.8328	593.8328	594.0328	594.63459
2	1	1	1	29	1	6	1	29	3	1	3	1	1.05545	26	595.84053	596.04054	596.04054	596.24054	597.09599
2	1	1	1	30	1	6	1	30	2	2	2	1	1.2421126	27	598.04705	598.64705	598.64712	598.84712	599.88923
2	1	1	1	31	1	2	1	1	4	2	5	1	1.6247583	1	629.88015	630.48024	630.48032	630.68052	632.10508
2	1	1	1	32	1	2	1	2	6	1	5	1	0.80892025	2	632.48994	632.68995	632.68996	632.88998	633.49888
2	1	1	1	33	1	2	1	3	4	1	5	1	0.67383859	3	634.69834	634.89836	634.89838	635.0984	635.57222
2	1	1	1	34	1	2	1	4	1	1	4	1	0.54287101	4	636.9064	637.10642	637.10643	637.30643	637.6493
2	1	1	1	35	1	2	1	5	2	1	4	1	0.63996986	5	639.11385	639.31385	639.31387	639.51393	639.95384
2	1	1	1	36	1	2	1	6	3	1	5	0	0.56092667	5	641.32193	641.52195	641.52195	641.72196	642.08288
2	1	1	1	37	1	2	1	7	3	1	4	1	0.8417575	6	643.83934	644.03935	644.03935	644.23936	644.88111
2	1	1	1	38	1	2	1	8	4	2	5	1	0.53149998	7	646.04621	646.64621	646.64621	646.84622	647.17771
2	1	1	1	39	1	2	1	9	3	2	4	1	0.86826795	8	648.65405	649.25405	649.25407	649.45408	650.12234
2	1	1	1	40	1	2	1	10	1	1	4	1	0.69857296	9	651.26216	651.46218	651.46219	651.66222	652.16076
2	1	1	1	41	1	2	1	11	2	1	4	1	0.55479632	10	653.47124	653.67125	653.67125	653.87129	654.22604
2	1	1	1	42	1	2	1	12	2	1	4	1	0.50302519	11	655.6808	655.88081	655.88081	656.08081	656.38383
2	1	1	1	43	1	2	1	13	5	1	5	1	0.52939944	12	657.88922	658.08923	658.08923	658.28927	658.61863
2	1	1	1	44	1	2	1	14	2	2	4	1	0.5188493	13	660.09835	660.69835	660.69835	660.89838	661.2172
2	1	1	1	45	1	2	1	15	3	1	4	1	0.52866896	14	662.70695	662.90696	662.90696	663.10696	663.43563
2	1	1	1	46	1	2	1	16	6	1	5	1	0.46961679	15	664.91622	665.11622	665.11625	665.31625	665.58587
2	1	1	1	47	1	2	1	17	5	2	3	0	0.51891826	15	667.12447	667.7245	667.72451	667.92451	668.24343
2	1	1	1	48	1	2	1	18	4	2	5	1	0.57089079	16	670.04738	670.6474	670.64741	670.84746	671.2183
2	1	1	1	49	1	2	1	19	5	2	5	1	0.53954852	17	672.65624	673.25624	673.25624	673.45625	673.79579
2	1	1	1	50	1	2	1	20	2	2	4	1	0.47266883	18	675.26521	675.86522	675.86522	676.06525	676.33789
2	1	1	1	51	1	2	1	21	6	2	5	1	0.4712508	19	677.87675	678.47675	678.47675	678.67676	678.948
2	1	1	1	52	1	2	1	22	1	1	4	1	0.62746201	20	680.48633	680.68634	680.68639	680.88639	681.31385
2	1	1	1	53	1	2	1	23	4	2	5	1	0.4385903	21	682.71629	683.31634	683.31634	683.51635	683.75493
2	1	1	1	54	1	2	1	24	6	2	5	1	0.43972008	22	685.324	685.924	685.924	686.12401	686.36372
2	1	1	1	55	1	2	1	25	3	1	4	1	0.60239987	23	687.93369	688.1337	688.1337	688.3337	688.7361
2	1	1	1	56	1	2	1	26	5	2	5	1	0.54115344	24	690.14158	690.74159	690.74159	690.9416	691.28275
2	1	1	1	57	1	2	1	27	6	2	5	1	0.49215488	25	692.7507	693.35071	693.35071	693.55071	693.84287
2	1	1	1	58	1	2	1	28	1	2	4	1	0.42668603	26	695.36014	695.96015	695.96015	696.16015	696.38684
2	1	1	1	59	1	2	1	29	5	1	5	1	0.44966617	27	697.96727	698.16728	698.16733	698.36734	698.617
2	1	1	1	60	1	2	1	30	1	2	4	1	0.56857609	28	700.17685	700.7769	700.7769	700.9769	701.34548
2	1	1	1	61	1	6	2	1	4	2	6	1	0.83441874	29	717.16907	717.76914	717.76915	717.96916	718.60357
2	1	1	1	62	1	6	2	2	6	1	8	1	0.67186414	30	719.77889	719.97889	719.97889	720.1789	720.65076
2	1	1	1	63	1	6	2	3	4	1	6	1	1.1327795	31	721.98633	722.18634	722.18634	722.38634	723.31912
2	1	1	1	64	1	6	2	4	1	1	1	1	0.7801675	32	724.19664	724.39664	724.39664	724.59665	725.17681
2	1	1	1	65	1	6	2	5	2	1	2	1	1.2433381	33	726.40699	726.60699	726.60699	726.807	727.85033
2	1	1	1	66	1	6	2	6	3	1	3	1	0.66764119	34	728.61638	728.81639	728.81639	729.01639	729.48403
2	1	1	1	67	1	6	2	7	3	1	3	1	0.68045939	35	730.82654	731.02654	731.02661	731.22662	731.70707
2	1	1	1	68	1	6	2	8	4	2	6	1	0.72667363	36	733.03643	733.63649	733.63653	733.83654	734.36321
2	1	1	1	69	1	6	2	9	3	2	3	1	1.1136171	37	735.64689	736.24695	736.247	736.447	737.36061
2	1	1	1	70	1	6	2	10	1	1	1	1	0.79888456	38	738.25667	738.45674	738.45674	738.65675	739.25563
2	1	1	1	71	1	6	2	11	2	1	2	1	1.30181	39	740.46688	740.66688	740.66695	740.86695	741.96876
2	1	1	1	72	1	6	2	12	2	1	2	1	0.5875776	40	742.67722	742.87728	742.87728	743.07729	743.46486
2	1	1	1	73	1	6	2	13	5	1	7	1	1.2519106	41	744.88765	745.08765	745.08766	745.28766	746.33957
2	1	1	1	74	1	6	2	14	2	2	2	1	1.3841219	42	747.0974	747.6974	747.69741	747.89748	749.08153
2	1	1	1	75	1	6	2	15	3	1	3	1	0.92687453	43	749.70756	749.90756	749.90756	750.10757	750.83444
2	1	1	1	76	1	6	2	16	6	1	8	1	0.66847242	44	751.91834	752.11834	752.11835	752.31835	752.78682
2	1	1	1	77	1	6	2	17	5	2	7	1	1.0406774	45	754.12906	754.72906	754.72906	754.92907	755.76974
2	1	1	1	78	1	6	2	18	4	2	6	1	0.68609718	46	756.73978	757.33978	757.33979	757.53979	758.02588
2	1	1	1	79	1	6	2	19	5	2	7	1	1.1144872	47	759.34989	759.94989	759.94989	760.14989	761.06438
2	1	1	1	80	1	6	2	20	2	2	2	1	1.0671738	48	761.96016	762.56017	762.56017	762.76017	763.62734
2	1	1	1	81	1	6	2	21	6	2	8	1	0.71447687	49	764.56817	765.16817	765.16817	765.36818	765.88265
2	1	1	1	82	1	6	2	22	1	1	1	1	0.69525964	50	767.17685	767.37686	767.37686	767.57686	768.07212
2	1	1	1	83	1	6	2	23	4	2	6	1	0.76740292	51	769.38626	769.98627	769.98627	770.18627	770.75367
2	1	1	1	84	1	6	2	24	6	2	8	1	0.69128547	52	771.9975	772.5975	772.5975	772.79751	773.28879
2	1	1	1	85	1	6	2	25	3	1	3	1	1.1918962	53	774.60793	774.80793	774.80793	775.00794	775.99983
2	1	1	1	86	1	6	2	26	5	2	7	1	1.5045211	54	776.81842	777.41843	777.41843	777.61843	778.92295
2	1	1	1	87	1	6	2	27	6	2	8	1	0.70894875	55	779.4291	780.02911	780.02911	780.22911	780.73806
2	1	1	1	88	1	6	2	28	1	2	1	1	0.88077376	56	782.04016	782.64017	782.64017	782.84017	783.52094
2	1	1	1	89	1	6	2	29	5	1	7	1	1.0927878	57	784.65162	784.85162	784.85162	785.05163	785.94441
2	1	1	1	90	1	6	2	30	1	2	7	1	1.1152963	58	786.86265	787.46266	787.46266	787.66266	788.57796
2	1	1	1	91	1	2	2	1	5	2	5	1	0.51372652	1	801.03044	801.63045	801.63047	801.83048	802.1442
2	1	1	1	92	1	2	2	2	2	1	4	1	0.51390977	2	803.64201	803.84206	803.84206	804.04211	804.35597
2	1	1	1	93	1	2	2	3	3	1	4	1	0.57569387	3	805.85106	806.05107	806.05112	806.25112	806.62681
2	1	1	1	94	1	2	2	4	4	1	5	1	0.51150775	4	808.06238	808.26242	808.26242	808.46243	808.77393
2	1	1	1	95	1	2	2	5	6	1	5	1	0.57848374	5	810.27349	810.47349	810.47349	810.67349	811.05197
2	1	1	1	96	1	2	2	6	6	1	5	1	0.52747718	6	812.48383	812.68384	812.68384	812.88384	813.21131
2	1	1	1	97	1	2	2	7	6	1	5	1	0.55314359	7	814.69484	814.89484	814.89485	815.09485	815.44799
2	1	1	1	98	1	2	2	8	5	2	5	1	0.50890429	8	816.90675	817.50675	817.50681	817.70681	818.01571
2	1	1	1	99	1	2	2	9	3	2	4	1	0.45740944	9	819.51854	820.11859	820.11859	820.3186	820.576
2	1	1	1	100	1	2	2	10	4	1	5	1	0.43951195	10	822.12852	822.32853	822.32853	822.52853	822.76804
2	1	1	1	101	1	2	2	11	5	1	5	1	0.53266405	11	824.33971	824.53972	824.53972	824.73972	825.07238
2	1	1	1	102	1	2	2	12	1	1	4	1	0.60909867	12	826.55186	826.75186	826.75186	826.95186	827.36096
2	1	1	1	103	1	2	2	13	4	1	4	0	0.55410591	12	828.76357	828.96357	828.96358	829.16358	829.51768
2	1	1	1	104	1	2	2	14	5	2	5	1	0.56088939	13	831.27931	831.87931	831.87931	832.07932	832.4402
2	1	1	1	105	1	2	2	15	5	1	5	1	0.54009908	14	833.88888	834.08888	834.08888	834.28889	834.62898
2	1	1	1	106	1	2	2	16	3	1	5	0	0.51848655	14	836.09826	836.29826	836.29827	836.49831	836.81675
2	1	1	1	107	1	2	2	17	6	2	5	1	0.57342277	15	838.61369	839.2137	839.21375	839.41375	839.78717
2	1	1	1	108	1	2	2	18	2	2	4	1	0.54403147	16	841.22609	841.82614	841.82615	842.02615	842.37018
2	1	1	1	109	1	2	2	19	1	2	4	1	0.69105559	17	843.83889	844.43889	844.43889	844.6389	845.12995
2	1	1	1	110	1	2	2	20	6	2	5	1	0.70052872	18	846.45139	847.0514	847.0514	847.2514	847.75193
2	1	1	1	111	1	2	2	21	1	2	4	1	0.66497585	19	849.06374	849.66374	849.66375	849.86375	850.32872
2	1	1	1	112	1	2	2	22	4	1	5	1	0.56795131	20	851.67538	851.87538	851.87539	852.07539	852.44334
2	1	1	1	113	1	2	2	23	1	2	4	1	0.60319484	21	853.89435	854.49435	854.49435	854.69436	855.09755
2	1	1	1	114	1	2	2	24	2	2	4	1	0.57610483	22	856.50652	857.10653	857.10653	857.30653	857.68263
2	1	1	1	115	1	2	2	25	2	1	4	1	0.58660577	23	859.11905	859.31905	859.31905	859.51905	859.90566
2	1	1	1	116	1	2	2	26	2	2	4	1	0.63779922	24	861.33136	861.93137	861.93137	862.13137	862.56917
2	1	1	1	117	1	2	2	27	3	2	4	1	0.56313342	25	863.94359	864.5436	864.5436	864.7436	865.10673
2	1	1	1	118	1	2	2	28	3	2	4	1	0.5267228	26	866.55592	867.15592	867.15593	867.35593	867.68265
2	1	1	1	119	1	2	2	29	4	1	5	1	0.59119082	27	869.16797	869.36798	869.36798	869.56798	869.95917
2	1	1	1	120	1	2	2	30	1	2	4	1	0.61549362	28	871.38025	871.98026	871.98026	872.18026	872.59575
2	1	1	1	121	1	6	3	1	5	2	7	1	0.79570245	29	884.54167	885.14168	885.14168	885.34168	885.93738
2	1	1	1	122	1	6	3	2	2	1	3	0	1.1937502	29	887.15416	887.35416	887.35416	887.55417	888.54791
2	1	1	1	123	1	6	3	3	3	1	3	1	0.95535316	30	889.67864	889.87864	889.87864	890.07865	890.834
2	1	1	1	124	1	6	3	4	4	1	6	1	0.76490415	31	891.89509	892.09509	892.09509	892.2951	892.86
2	1	1	1	125	1	6	3	5	6	1	8	1	0.77316895	32	894.10735	894.30736	894.30736	894.50736	895.08053
2	1	1	1	126	1	6	3	6	6	1	8	1	0.71313219	33	896.31956	896.51956	896.51956	896.71956	897.23269
2	1	1	1	127	1	6	3	7	6	1	8	1	0.75908542	34	898.53237	898.73238	898.73238	898.93238	899.49146
2	1	1	1	128	1	6	3	8	5	2	7	1	0.81711558	35	900.74532	901.34533	901.34533	901.54533	902.16244
2	1	1	1	129	1	6	3	9	3	2	3	1	0.82063952	36	903.35542	903.95543	903.95543	904.15543	904.77607
2	1	1	1	130	1	6	3	10	4	1	6	1	0.84056669	37	905.96831	906.16831	906.16832	906.36832	907.00888
2	1	1	1	131	1	6	3	11	5	1	7	1	0.79733544	38	908.18097	908.38098	908.38098	908.58098	909.17831
2	1	1	1	132	1	6	3	12	1	1	1	1	0.68140001	39	910.39418	910.59418	910.59418	910.79419	911.27558
2	1	1	1	133	1	6	3	13	4	1	6	1	0.75407555	40	912.60723	912.80723	912.80723	913.00724	913.56131
2	1	1	1	134	1	6	3	14	5	2	7	1	0.54309942	41	914.82035	915.42036	915.42036	915.62036	915.96346
2	1	1	1	135	1	6	3	15	5	1	7	1	0.68677343	42	917.43307	917.63307	917.63307	917.83307	918.31985
2	1	1	1	136	1	6	3	16	3	1	3	1	1.0180277	43	919.64664	919.84664	919.84665	920.04665	920.86467
2	1	1	1	137	1	6	3	17	6	2	8	1	0.78821504	44	921.85944	922.45944	922.45944	922.65945	923.24766
2	1	1	1	138	1	6	3	18	2	2	2	1	1.8640401	45	924.47304	925.07305	925.07305	925.27305	926.93709
2	1	1	1	139	1	6	3	19	1	2	1	1	0.72530953	46	927.08673	927.68673	927.68673	927.88674	928.41204
2	1	1	1	140	1	6	3	20	6	2	8	1	0.77452644	47	929.69782	930.29782	930.29782	930.49783	931.07235
2	1	1	1	141	1	6	3	21	1	2	1	1	0.85930169	48	932.31106	932.91106	932.91106	933.11107	933.77036
2	1	1	1	142	1	6	3	22	4	1	6	1	0.81412348	49	934.96209	935.1621	935.1621	935.3621	935.97622
2	1	1	1	143	1	6	3	23	1	2	1	1	0.7318199	50	937.17573	937.77573	937.77573	937.97574	938.50755
2	1	1	1	144	1	6	3	24	2	2	2	1	1.3090495	51	939.78922	940.38922	940.38922	940.58923	941.69827
2	1	1	1	145	1	6	3	25	2	1	2	1	0.89376932	52	942.40269	942.60269	942.60269	942.8027	943.49646
2	1	1	1	146	1	6	3	26	2	2	2	1	0.7472739	53	944.61663	945.21663	945.21663	945.41664	945.96391
2	1	1	1	147	1	6	3	27	3	2	3	1	0.81063968	54	947.23039	947.8304	947.8304	948.0304	948.64104
2	1	1	1	148	1	6	3	28	3	2	3	1	0.9650139	55	949.84366	950.44366	950.44366	950.64367	951.40868
2	1	1	1	149	1	6	3	29	4	1	6	1	0.8336263	56	952.45772	952.65772	952.65772	952.85773	953.49135
2	1	1	1	150	1	6	3	30	1	2	1	1	0.65042339	57	954.67132	955.27132	955.27132	955.47133	955.92175
2	1	1	1	151	1	2	3	1	4	2	5	1	0.51659876	1	969.81741	970.41741	970.41742	970.61742	970.93401
2	1	1	1	152	1	2	3	2	6	1	5	1	0.52975426	2	972.43117	972.63117	972.63118	972.83118	973.16093
2	1	1	1	153	1	2	3	3	6	1	5	1	0.53383617	3	974.64468	974.84469	974.84469	975.04469	975.37853
2	1	1	1	154	1	2	3	4	1	1	4	1	0.54691389	4	976.856	977.056	977.056	977.25601	977.60292
2	1	1	1	155	1	2	3	5	6	1	5	1	0.53020168	5	979.06979	979.26979	979.26979	979.46979	979.79999
2	1	1	1	156	1	2	3	6	4	1	5	1	0.45249266	6	981.28329	981.48329	981.48329	981.68329	981.93578
2	1	1	1	157	1	2	3	7	5	1	5	1	0.54451398	7	983.49752	983.69752	983.69752	983.89753	984.24204
2	1	1	1	158	1	2	3	8	4	2	5	1	0.51716291	8	985.70916	986.30916	986.30916	986.50917	986.82633
2	1	1	1	159	1	2	3	9	2	2	4	1	0.44604494	9	988.32348	988.92348	988.92348	989.12348	989.36953
2	1	1	1	160	1	2	3	10	2	1	4	1	0.52922907	10	990.93634	991.13635	991.13635	991.33635	991.66558
2	1	1	1	161	1	2	3	11	6	1	5	1	0.50057736	11	993.15046	993.35046	993.35047	993.55047	993.85105
2	1	1	1	162	1	2	3	12	4	1	5	1	0.48686836	12	995.36528	995.56529	995.56529	995.76529	996.05216
2	1	1	1	163	1	2	3	13	1	1	4	1	0.51913144	13	997.57989	997.77989	997.77989	997.9799	998.29903
2	1	1	1	164	1	2	3	14	3	2	4	1	0.47274765	14	999.79408	1000.3941	1000.3941	1000.5941	1000.8668
2	1	1	1	165	1	2	3	15	3	1	4	1	0.59888966	15	1002.4088	1002.6088	1002.6088	1002.8088	1003.2077
2	1	1	1	166	1	2	3	16	2	1	4	1	0.5052164	16	1004.6229	1004.823	1004.823	1005.023	1005.3282
2	1	1	1	167	1	2	3	17	1	2	4	1	0.59810738	17	1006.8364	1007.4364	1007.4364	1007.6364	1008.0345
2	1	1	1	168	1	2	3	18	5	2	5	1	0.58383655	18	1009.451	1010.051	1010.051	1010.251	1010.6348
2	1	1	1	169	1	2	3	19	3	2	4	1	0.49604723	19	1012.066	1012.666	1012.666	1012.8661	1013.1621
2	1	1	1	170	1	2	3	20	6	2	5	1	0.60243088	20	1014.6805	1015.2805	1015.2805	1015.4805	1015.8829
2	1	1	1	171	1	2	3	21	1	2	4	1	0.52841899	21	1017.2955	1017.8955	1017.8955	1018.0955	1018.4239
2	1	1	1	172	1	2	3	22	3	1	4	1	0.6063605	22	1019.9074	1020.1074	1020.1074	1020.3074	1020.7137
2	1	1	1	173	1	2	3	23	5	2	5	1	0.48335229	23	1022.1192	1022.7192	1022.7192	1022.9192	1023.2026
2	1	1	1	174	1	2	3	24	3	2	4	1	0.46775329	24	1024.7341	1025.3341	1025.3341	1025.5341	1025.8019
2	1	1	1	175	1	2	3	25	4	1	5	1	0.60426237	25	1027.3489	1027.5489	1027.5489	1027.7489	1028.1532
2	1	1	1	176	1	2	3	26	2	2	4	1	0.46242194	26	1029.5638	1030.1638	1030.1638	1030.3638	1030.6262
2	1	1	1	177	1	2	3	27	2	2	4	1	0.49081649	27	1032.1761	1032.7761	1032.7761	1032.9761	1033.2669
2	1	1	1	178	1	2	3	28	5	2	5	1	0.53852593	28	1034.7913	1035.3913	1035.3913	1035.5913	1035.9299
2	1	1	1	179	1	2	3	29	5	1	5	1	0.60713184	29	1037.4038	1037.6038	1037.6038	1037.8038	1038.2109
2	1	1	1	180	1	2	3	30	1	2	4	1	0.60414633	30	1039.619	1040.219	1040.219	1040.419	1040.8231
2	1	1	1	181	2	6	4	1	4	2	6	1	0.79276045	31	1889.5389	1890.1389	1890.1389	1890.3389	1890.9317
2	1	1	1	182	2	6	4	2	6	1	8	1	0.7576323	32	1892.1541	1892.3541	1892.3541	1892.5541	1893.1118
2	1	1	1	183	2	6	4	3	6	1	8	1	0.70628846	33	1894.3692	1894.5692	1894.5692	1894.7692	1895.2755
2	1	1	1	184	2	6	4	4	1	1	1	1	0.6246901	34	1896.5848	1896.7848	1896.7848	1896.9848	1897.4095
2	1	1	1	185	2	6	4	5	6	1	8	1	0.74011181	35	1898.7999	1898.9999	1898.9999	1899.1999	1899.74
2	1	1	1	186	2	6	4	6	4	1	6	1	0.90415513	36	1901.0156	1901.2156	1901.2156	1901.4156	1902.1198
2	1	1	1	187	2	6	4	7	5	1	7	1	1.0175099	37	1903.2314	1903.4314	1903.4314	1903.6314	1904.4489
2	1	1	1	188	2	6	4	8	4	2	6	1	0.94690141	38	1905.4446	1906.0446	1906.0446	1906.2446	1906.9915
2	1	1	1	189	2	6	4	9	2	2	2	1	1.1326962	39	1908.0598	1908.6598	1908.6598	1908.8598	1909.7925
2	1	1	1	190	2	6	4	10	2	1	2	1	0.68630784	40	1910.6751	1910.8751	1910.8751	1911.0751	1911.5615
2	1	1	1	191	2	6	4	11	6	1	8	1	0.66399776	41	1912.8907	1913.0907	1913.0907	1913.2907	1913.7547
2	1	1	1	192	2	6	4	12	4	1	6	1	0.74146629	42	1915.1065	1915.3065	1915.3065	1915.5065	1916.048
2	1	1	1	193	2	6	4	13	1	1	1	1	0.72258277	43	1917.3203	1917.5203	1917.5203	1917.7203	1918.2429
2	1	1	1	194	2	6	4	14	3	2	3	1	0.74562081	44	1919.5365	1920.1365	1920.1365	1920.3365	1920.8821
2	1	1	1	195	2	6	4	15	3	1	3	1	0.51253455	45	1922.152	1922.352	1922.352	1922.552	1922.8646
2	1	1	1	196	2	6	4	16	2	1	2	1	1.6423534	46	1924.368	1924.568	1924.568	1924.768	1926.2104
2	1	1	1	197	2	6	4	17	1	2	1	1	0.67683745	47	1926.582	1927.1821	1927.1821	1927.3821	1927.8589
2	1	1	1	198	2	6	4	18	5	2	7	1	0.83866201	48	1929.195	1929.795	1929.795	1929.995	1930.6337
2	1	1	1	199	2	6	4	19	3	2	3	1	0.88924317	49	1931.8107	1932.4107	1932.4107	1932.6107	1933.2999
2	1	1	1	200	2	6	4	20	6	2	8	1	0.62966533	50	1934.4269	1935.0269	1935.0269	1935.2269	1935.6565
2	1	1	1	201	2	6	4	21	1	2	1	1	0.5564325	51	1937.0438	1937.6438	1937.6438	1937.8438	1938.2003
2	1	1	1	202	2	6	4	22	3	1	3	1	0.80446642	52	1939.6608	1939.8608	1939.8608	1940.0608	1940.6652
2	1	1	1	203	2	6	4	23	5	2	7	1	1.6193278	53	1941.877	1942.477	1942.477	1942.677	1944.0963
2	1	1	1	204	2	6	4	24	3	2	6	0	0.55724208	53	1944.4905	1945.0905	1945.0905	1945.2905	1945.6478
2	1	1	1	205	2	6	4	25	4	1	6	1	0.86319315	54	1947.1069	1947.3069	1947.3069	1947.5069	1948.1701
2	1	1	1	206	2	6	4	26	2	2	2	1	1.182982	55	1949.3232	1949.9233	1949.9233	1950.1233	1951.1062
2	1	1	1	207	2	6	4	27	2	2	2	1	1.4859103	56	1951.9401	1952.5401	1952.5401	1952.7401	1954.026
2	1	1	1	208	2	6	4	28	5	2	7	1	0.79651066	57	1954.5566	1955.1566	1955.1566	1955.3566	1955.9532
2	1	1	1	209	2	6	4	29	5	1	7	1	0.94623305	58	1957.1711	1957.3711	1957.3711	1957.5711	1958.3173
2	1	1	1	210	2	6	4	30	1	2	1	1	0.61653853	59	1959.3876	1959.9877	1959.9877	1960.1877	1960.6042
2	1	1	1	211	2	2	4	1	5	2	5	1	0.54662309	1	1990.0697	1990.6697	1990.6697	1990.8697	1991.2163
2	1	1	1	212	2	2	4	2	6	1	5	1	0.58621133	2	1992.6868	1992.8868	1992.8868	1993.0868	1993.473
2	1	1	1	213	2	2	4	3	2	1	4	1	0.60157235	3	1994.9007	1995.1007	1995.1007	1995.3007	1995.7023
2	1	1	1	214	2	2	4	4	4	1	5	1	0.57893678	4	1997.1177	1997.3177	1997.3177	1997.5177	1997.8966
2	1	1	1	215	2	2	4	5	3	1	4	1	0.7063309	5	1999.3345	1999.5345	1999.5345	1999.7345	2000.2409
2	1	1	1	216	2	2	4	6	5	1	5	1	0.51197171	6	2001.5482	2001.7482	2001.7482	2001.9482	2002.2601
2	1	1	1	217	2	2	4	7	1	1	4	1	0.62260172	7	2003.7649	2003.9649	2003.9649	2004.165	2004.5875
2	1	1	1	218	2	2	4	8	4	2	5	1	0.45171443	8	2005.9818	2006.5818	2006.5818	2006.7818	2007.0335
2	1	1	1	219	2	2	4	9	3	2	4	1	0.4572119	9	2008.599	2009.199	2009.199	2009.399	2009.6562
2	1	1	1	220	2	2	4	10	4	1	5	1	0.58528155	10	2011.217	2011.417	2011.417	2011.617	2012.0023
2	1	1	1	221	2	2	4	11	3	1	4	1	0.58115936	11	2013.4343	2013.6343	2013.6343	2013.8343	2014.2155
2	1	1	1	222	2	2	4	12	5	1	5	1	0.58198954	12	2015.6513	2015.8513	2015.8513	2016.0513	2016.4333
2	1	1	1	223	2	2	4	13	4	1	5	1	0.53486217	13	2017.8691	2018.0691	2018.0691	2018.2692	2018.604
2	1	1	1	224	2	2	4	14	2	2	4	1	0.46086418	14	2020.0866	2020.6866	2020.6866	2020.8866	2021.1475
2	1	1	1	225	2	2	4	15	5	1	5	1	0.52225229	15	2022.7085	2022.9085	2022.9085	2023.1086	2023.4308
2	1	1	1	226	2	2	4	16	3	1	4	1	0.68569028	16	2024.9265	2025.1265	2025.1265	2025.3265	2025.8122
2	1	1	1	227	2	2	4	17	6	2	5	1	0.70256939	17	2027.1405	2027.7405	2027.7405	2027.9405	2028.443
2	1	1	1	228	2	2	4	18	1	2	4	1	0.43290637	18	2029.7552	2030.3552	2030.3552	2030.5552	2030.7881
2	1	1	1	229	2	2	4	19	4	2	5	1	0.5265455	19	2032.3726	2032.9726	2032.9726	2033.1726	2033.4991
2	1	1	1	230	2	2	4	20	1	2	4	1	0.46704153	20	2034.9899	2035.5899	2035.5899	2035.7899	2036.057
2	1	1	1	231	2	2	4	21	6	2	5	1	0.42134504	21	2037.6043	2038.2043	2038.2043	2038.4043	2038.6256
2	1	1	1	232	2	2	4	22	6	1	5	1	0.57071307	22	2040.2218	2040.4218	2040.4218	2040.6218	2040.9925
2	1	1	1	233	2	2	4	23	1	2	4	1	0.48737269	23	2042.44	2043.04	2043.04	2043.24	2043.5274
2	1	1	1	234	2	2	4	24	2	2	4	1	0.57573814	24	2045.0588	2045.6588	2045.6588	2045.8588	2046.2345
2	1	1	1	235	2	2	4	25	2	1	4	1	0.60584312	25	2047.6762	2047.8762	2047.8762	2048.0762	2048.482
2	1	1	1	236	2	2	4	26	2	2	4	1	0.55221788	26	2049.8936	2050.4936	2050.4936	2050.6936	2051.0458
2	1	1	1	237	2	2	4	27	1	2	4	1	0.55847054	27	2052.5115	2053.1115	2053.1115	2053.3115	2053.6699
2	1	1	1	238	2	2	4	28	3	2	4	1	0.54185719	28	2055.1297	2055.7298	2055.7298	2055.9298	2056.2716
2	1	1	1	239	2	2	4	29	6	1	5	1	0.51119724	29	2057.7472	2057.9472	2057.9472	2058.1472	2058.4584
2	1	1	1	240	2	2	4	30	5	2	5	1	0.51629905	30	2059.965	2060.565	2060.565	2060.765	2061.0813
2	1	1	1	241	2	6	5	1	5	2	7	1	0.92223997	31	2090.6579	2091.2579	2091.2579	2091.4579	2092.1801
2	1	1	1	242	2	6	5	2	6	1	8	1	0.50008086	32	2093.2759	2093.4759	2093.4759	2093.6759	2093.976
2	1	1	1	243	2	6	5	3	2	1	0	0	-2095.6904	32	2095.4904	2095.6904	2095.6904	2095.8904	0
2	1	1	1	244	2	6	5	4	4	1	6	1	0.7835237	33	2097.7058	2097.9058	2097.9058	2098.1058	2098.6893
2	1	1	1	245	2	6	5	5	3	1	3	1	1.7317538	34	2099.9245	2100.1245	2100.1245	2100.3245	2101.8563
2	1	1	1	246	2	6	5	6	5	1	7	1	1.1882733	35	2102.141	2102.341	2102.341	2102.541	2103.5293
2	1	1	1	247	2	6	5	7	1	1	1	1	0.63246425	36	2104.3594	2104.5594	2104.5594	2104.7594	2105.1918
2	1	1	1	248	2	6	5	8	4	2	6	1	0.76522696	37	2106.5783	2107.1783	2107.1783	2107.3783	2107.9435
2	1	1	1	249	2	6	5	9	3	2	3	1	0.94814701	38	2109.1969	2109.797	2109.797	2109.997	2110.7451
2	1	1	1	250	2	6	5	10	4	1	6	1	0.88150061	39	2111.8161	2112.0161	2112.0161	2112.2161	2112.8976
2	1	1	1	251	2	6	5	11	3	1	3	1	0.94928283	40	2114.0348	2114.2348	2114.2348	2114.4348	2115.1841
2	1	1	1	252	2	6	5	12	5	1	7	1	0.95889954	41	2116.2504	2116.4504	2116.4504	2116.6504	2117.4093
2	1	1	1	253	2	6	5	13	4	1	6	1	0.93803694	42	2118.4704	2118.6704	2118.6704	2118.8704	2119.6084
2	1	1	1	254	2	6	5	14	2	2	2	1	1.0481735	43	2120.6906	2121.2906	2121.2907	2121.4907	2122.3388
2	1	1	1	255	2	6	5	15	5	1	7	1	0.96247231	44	2123.31	2123.51	2123.51	2123.71	2124.4724
2	1	1	1	256	2	6	5	16	3	1	3	1	0.9774575	45	2125.529	2125.729	2125.729	2125.9291	2126.7065
2	1	1	1	257	2	6	5	17	6	2	8	1	0.67156056	46	2127.7476	2128.3476	2128.3476	2128.5476	2129.0192
2	1	1	1	258	2	6	5	18	1	2	1	1	0.81124115	47	2130.3667	2130.9667	2130.9667	2131.1668	2131.778
2	1	1	1	259	2	6	5	19	4	2	6	1	0.80569344	48	2132.9823	2133.5823	2133.5823	2133.7823	2134.388
2	1	1	1	260	2	6	5	20	1	2	1	1	0.78945638	49	2135.6019	2136.2019	2136.2019	2136.4019	2136.9913
2	1	1	1	261	2	6	5	21	6	2	8	1	0.71728771	50	2138.2208	2138.8208	2138.8208	2139.0208	2139.5381
2	1	1	1	262	2	6	5	22	6	1	8	1	0.68922501	51	2140.84	2141.04	2141.04	2141.24	2141.7293
2	1	1	1	263	2	6	5	23	1	2	1	1	0.79333638	52	2143.0585	2143.6585	2143.6585	2143.8585	2144.4518
2	1	1	1	264	2	6	5	24	2	2	2	1	1.2283286	53	2145.7096	2146.3096	2146.3096	2146.5096	2147.5379
2	1	1	1	265	2	6	5	25	2	1	2	1	0.75679267	54	2148.325	2148.525	2148.525	2148.725	2149.2818
2	1	1	1	266	2	6	5	26	2	2	2	1	0.76358073	55	2150.5415	2151.1415	2151.1415	2151.3415	2151.9051
2	1	1	1	267	2	6	5	27	1	2	1	1	0.69541944	56	2153.1609	2153.7609	2153.7609	2153.9609	2154.4563
2	1	1	1	268	2	6	5	28	3	2	3	1	0.70945428	57	2155.7801	2156.3801	2156.3801	2156.5801	2157.0896
2	1	1	1	269	2	6	5	29	6	1	8	1	0.64888455	58	2158.3992	2158.5992	2158.5992	2158.7992	2159.2481
2	1	1	1	270	2	6	5	30	5	2	7	1	0.83200118	59	2160.618	2161.218	2161.218	2161.418	2162.05
2	1	1	1	271	2	2	5	1	3	2	4	1	0.55848664	1	2191.2975	2191.8975	2191.8975	2192.0975	2192.456
2	1	1	1	272	2	2	5	2	5	1	5	1	0.53102465	2	2193.9169	2194.1169	2194.117	2194.317	2194.648
2	1	1	1	273	2	2	5	3	1	1	4	1	0.57749197	3	2196.1361	2196.3361	2196.3361	2196.5361	2196.9136
2	1	1	1	274	2	2	5	4	4	1	5	1	0.47461636	4	2198.3566	2198.5566	2198.5566	2198.7566	2199.0312
2	1	1	1	275	2	2	5	5	1	1	4	1	0.5295669	5	2200.5743	2200.7744	2200.7744	2200.9744	2201.3039
2	1	1	1	276	2	2	5	6	5	1	5	1	0.5386289	6	2202.7914	2202.9914	2202.9914	2203.1914	2203.53
2	1	1	1	277	2	2	5	7	5	1	5	1	0.55797174	7	2205.0109	2205.2109	2205.2109	2205.4109	2205.7689
2	1	1	1	278	2	2	5	8	4	2	5	1	0.50078022	8	2207.2305	2207.8305	2207.8305	2208.0305	2208.3313
2	1	1	1	279	2	2	5	9	2	2	4	1	0.42795328	9	2209.8505	2210.4505	2210.4505	2210.6505	2210.8784
2	1	1	1	280	2	2	5	10	6	1	5	1	0.48406888	10	2212.4704	2212.6704	2212.6704	2212.8704	2213.1545
2	1	1	1	281	2	2	5	11	3	1	4	1	0.55975156	11	2214.6909	2214.8909	2214.8909	2215.0909	2215.4506
2	1	1	1	282	2	2	5	12	1	1	4	1	0.58154184	12	2216.9089	2217.1089	2217.1089	2217.3089	2217.6904
2	1	1	1	283	2	2	5	13	6	1	5	1	0.50700108	13	2219.127	2219.327	2219.327	2219.527	2219.834
2	1	1	1	284	2	2	5	14	6	2	5	1	0.42012851	14	2221.3465	2221.9465	2221.9465	2222.1465	2222.3666
2	1	1	1	285	2	2	5	15	1	1	4	1	0.46924679	15	2223.9649	2224.1649	2224.1649	2224.3649	2224.6342
2	1	1	1	286	2	2	5	16	2	1	4	1	0.4906887	16	2226.1848	2226.3848	2226.3848	2226.5848	2226.8755
2	1	1	1	287	2	2	5	17	4	2	4	0	0.43013304	16	2228.4047	2229.0047	2229.0047	2229.2047	2229.4349
2	1	1	1	288	2	2	5	18	4	2	5	1	0.53724404	17	2231.0261	2231.6261	2231.6261	2231.8261	2232.1633
2	1	1	1	289	2	2	5	19	2	2	4	1	0.41827983	18	2233.6456	2234.2456	2234.2456	2234.4456	2234.6639
2	1	1	1	290	2	2	5	20	2	2	4	1	0.55758632	19	2236.2666	2236.8666	2236.8666	2237.0666	2237.4242
2	1	1	1	291	2	2	5	21	5	2	5	1	0.46003881	20	2238.8865	2239.4865	2239.4865	2239.6865	2239.9465
2	1	1	1	292	2	2	5	22	6	1	5	1	0.5584366	21	2241.5066	2241.7066	2241.7066	2241.9066	2242.265
2	1	1	1	293	2	2	5	23	2	2	4	1	0.57205814	22	2243.7263	2244.3263	2244.3263	2244.5263	2244.8984
2	1	1	1	294	2	2	5	24	5	2	5	1	0.41606437	23	2246.3446	2246.9446	2246.9446	2247.1446	2247.3607
2	1	1	1	295	2	2	5	25	3	1	4	1	0.59079219	24	2248.965	2249.165	2249.165	2249.365	2249.7558
2	1	1	1	296	2	2	5	26	3	2	4	1	0.55884724	25	2251.1857	2251.7857	2251.7857	2251.9857	2252.3446
2	1	1	1	297	2	2	5	27	4	2	5	1	0.51304583	26	2253.8338	2254.4338	2254.4338	2254.6338	2254.9468
2	1	1	1	298	2	2	5	28	3	2	4	1	0.49588486	27	2256.451	2257.051	2257.051	2257.251	2257.5468
2	1	1	1	299	2	2	5	29	1	1	4	1	0.56017491	28	2259.0714	2259.2714	2259.2714	2259.4714	2259.8316
2	1	1	1	300	2	2	5	30	6	2	5	1	0.50995826	29	2261.2941	2261.8941	2261.8941	2262.0941	2262.4041
2	1	1	1	301	2	6	6	1	3	2	3	1	0.99703927	30	2291.9959	2292.5959	2292.5959	2292.7959	2293.5929
2	1	1	1	302	2	6	6	2	5	1	7	1	0.85866013	31	2294.6142	2294.8142	2294.8142	2295.0142	2295.6729
2	1	1	1	303	2	6	6	3	1	1	1	1	0.71057918	32	2296.835	2297.035	2297.0351	2297.2351	2297.7456
2	1	1	1	304	2	6	6	4	4	1	6	1	0.86720363	33	2299.0527	2299.2527	2299.2527	2299.4527	2300.1199
2	1	1	1	305	2	6	6	5	1	1	1	1	0.53249861	34	2301.2765	2301.4765	2301.4765	2301.6765	2302.009
2	1	1	1	306	2	6	6	6	5	1	7	1	0.84760892	35	2303.4972	2303.6972	2303.6972	2303.8972	2304.5449
2	1	1	1	307	2	6	6	7	5	1	7	1	0.65260638	36	2305.7182	2305.9182	2305.9183	2306.1183	2306.5709
2	1	1	1	308	2	6	6	8	4	2	6	1	0.76021452	37	2307.9383	2308.5384	2308.5384	2308.7384	2309.2986
2	1	1	1	309	2	6	6	9	2	2	2	1	1.2998639	38	2310.5597	2311.1597	2311.1597	2311.3597	2312.4595
2	1	1	1	310	2	6	6	10	6	1	8	1	0.76744239	39	2313.1773	2313.3773	2313.3773	2313.5773	2314.1447
2	1	1	1	311	2	6	6	11	3	1	3	1	0.89675887	40	2315.3989	2315.5989	2315.5989	2315.7989	2316.4957
2	1	1	1	312	2	6	6	12	1	1	1	1	0.71662968	41	2317.6204	2317.8204	2317.8204	2318.0204	2318.537
2	1	1	1	313	2	6	6	13	6	1	8	1	0.63499396	42	2319.8399	2320.0399	2320.0399	2320.2399	2320.6749
2	1	1	1	314	2	6	6	14	6	2	8	1	0.70117794	43	2322.0611	2322.6611	2322.6611	2322.8611	2323.3623
2	1	1	1	315	2	6	6	15	1	1	1	1	0.72997143	44	2324.6817	2324.8817	2324.8817	2325.0817	2325.6117
2	1	1	1	316	2	6	6	16	2	1	2	1	1.2106193	45	2326.9033	2327.1033	2327.1033	2327.3033	2328.314
2	1	1	1	317	2	6	6	17	4	2	6	1	0.75757514	46	2329.1237	2329.7237	2329.7237	2329.9237	2330.4813
2	1	1	1	318	2	6	6	18	4	2	6	1	1.0413964	47	2331.7467	2332.3467	2332.3467	2332.5467	2333.3881
2	1	1	1	319	2	6	6	19	2	2	2	1	0.93353268	48	2334.3639	2334.9639	2334.9639	2335.1639	2335.8975
2	1	1	1	320	2	6	6	20	2	2	2	1	0.84126382	49	2336.9853	2337.5853	2337.5853	2337.7853	2338.4266
2	1	1	1	321	2	6	6	21	5	2	7	1	0.94850337	50	2339.6067	2340.2067	2340.2067	2340.4067	2341.1552
2	1	1	1	322	2	6	6	22	6	1	8	1	0.68575964	51	2342.2278	2342.4278	2342.4278	2342.6278	2343.1136
2	1	1	1	323	2	6	6	23	2	2	2	1	0.97027792	52	2344.4491	2345.0491	2345.0491	2345.2491	2346.0194
2	1	1	1	324	2	6	6	24	5	2	7	1	0.7045557	53	2347.0707	2347.6707	2347.6707	2347.8707	2348.3753
2	1	1	1	325	2	6	6	25	3	1	3	1	0.8292656	54	2349.693	2349.893	2349.893	2350.093	2350.7222
2	1	1	1	326	2	6	6	26	3	2	3	1	0.82358386	55	2351.9143	2352.5143	2352.5143	2352.7143	2353.3379
2	1	1	1	327	2	6	6	27	4	2	6	1	0.73721786	56	2354.5324	2355.1324	2355.1325	2355.3325	2355.8697
2	1	1	1	328	2	6	6	28	3	2	3	1	0.7934338	57	2357.1544	2357.7544	2357.7544	2357.9544	2358.5479
2	1	1	1	329	2	6	6	29	1	1	1	1	0.72013046	58	2359.777	2359.9771	2359.9771	2360.1771	2360.6972
2	1	1	1	330	2	6	6	30	6	2	8	1	0.66730522	59	2361.998	2362.598	2362.598	2362.798	2363.2653
2	1	1	1	331	2	2	6	1	5	2	5	1	0.50156588	1	2392.6838	2393.2838	2393.2838	2393.4838	2393.7854
2	1	1	1	332	2	2	6	2	6	1	5	1	0.52449453	2	2395.3073	2395.5073	2395.5073	2395.7073	2396.0318
2	1	1	1	333	2	2	6	3	2	1	4	1	0.45595018	3	2397.5296	2397.7296	2397.7296	2397.9296	2398.1855
2	1	1	1	334	2	2	6	4	2	1	4	1	0.54011813	4	2399.7535	2399.9535	2399.9535	2400.1535	2400.4937
2	1	1	1	335	2	2	6	5	1	1	4	1	0.52312124	5	2401.9762	2402.1762	2402.1762	2402.3762	2402.6994
2	1	1	1	336	2	2	6	6	1	1	4	1	0.52211757	6	2404.1987	2404.3987	2404.3987	2404.5987	2404.9208
2	1	1	1	337	2	2	6	7	3	1	4	1	0.5184544	7	2406.4215	2406.6215	2406.6215	2406.8215	2407.14
2	1	1	1	338	2	2	6	8	3	2	4	1	0.57546247	8	2408.6445	2409.2445	2409.2445	2409.4445	2409.82
2	1	1	1	339	2	2	6	9	2	2	4	1	0.55055775	9	2411.2668	2411.8668	2411.8668	2412.0668	2412.4174
2	1	1	1	340	2	2	6	10	4	1	5	1	0.55769716	10	2413.8862	2414.0862	2414.0862	2414.2862	2414.6439
2	1	1	1	341	2	2	6	11	2	1	4	1	0.52441823	11	2416.1078	2416.3078	2416.3078	2416.5078	2416.8322
2	1	1	1	342	2	2	6	12	6	1	5	1	0.51212767	12	2418.3279	2418.5279	2418.5279	2418.7279	2419.0401
2	1	1	1	343	2	2	6	13	4	1	5	1	0.49931597	13	2420.5513	2420.7513	2420.7513	2420.9513	2421.2506
2	1	1	1	344	2	2	6	14	5	2	5	1	0.49552818	14	2422.7713	2423.3713	2423.3713	2423.5713	2423.8669
2	1	1	1	345	2	2	6	15	4	1	5	1	0.52952568	15	2425.3946	2425.5946	2425.5946	2425.7946	2426.1241
2	1	1	1	346	2	2	6	16	5	1	5	1	0.50980734	16	2427.6181	2427.8181	2427.8181	2428.0181	2428.3279
2	1	1	1	347	2	2	6	17	6	2	5	1	0.52668955	17	2429.8408	2430.4408	2430.4408	2430.6408	2430.9675
2	1	1	1	348	2	2	6	18	4	2	5	1	0.49797387	18	2432.4632	2433.0632	2433.0632	2433.2632	2433.5612
2	1	1	1	349	2	2	6	19	3	2	4	1	0.52291744	19	2435.0863	2435.6863	2435.6863	2435.8863	2436.2092
2	1	1	1	350	2	2	6	20	3	2	4	1	0.56485882	20	2437.7088	2438.3088	2438.3088	2438.5088	2438.8737
2	1	1	1	351	2	2	6	21	6	2	5	1	0.51155699	21	2440.3324	2440.9324	2440.9324	2441.1324	2441.4439
2	1	1	1	352	2	2	6	22	5	1	5	1	0.53458957	22	2442.9539	2443.1539	2443.1539	2443.3539	2443.6885
2	1	1	1	353	2	2	6	23	1	2	4	1	0.45592177	23	2445.1764	2445.7764	2445.7764	2445.9764	2446.2323
2	1	1	1	354	2	2	6	24	1	2	4	1	0.42448195	24	2447.7991	2448.3991	2448.3991	2448.5991	2448.8236
2	1	1	1	355	2	2	6	25	4	1	5	1	0.54330624	25	2450.4251	2450.6251	2450.6251	2450.8251	2451.1684
2	1	1	1	356	2	2	6	26	3	2	4	1	0.47376952	26	2452.6481	2453.2481	2453.2481	2453.4481	2453.7219
2	1	1	1	357	2	2	6	27	2	2	4	1	0.58266686	27	2455.268	2455.868	2455.868	2456.068	2456.4506
2	1	1	1	358	2	2	6	28	6	2	5	1	0.50444985	28	2457.8911	2458.4911	2458.4912	2458.6912	2458.9956
2	1	1	1	359	2	2	6	29	1	1	4	1	0.57760823	29	2460.5139	2460.7139	2460.7139	2460.9139	2461.2915
2	1	1	1	360	2	2	6	30	5	2	5	1	0.44930816	30	2462.7366	2463.3366	2463.3366	2463.5366	2463.7859
2	1	1	1	361	3	6	7	1	5	2	7	1	0.79898068	31	3453.805	3454.405	3454.405	3454.605	3455.204
2	1	1	1	362	3	6	7	2	6	1	8	1	0.56126516	32	3456.4309	3456.6309	3456.6309	3456.8309	3457.1922
2	1	1	1	363	3	6	7	3	2	1	2	1	1.0187038	33	3458.6572	3458.8572	3458.8572	3459.0572	3459.8759
2	1	1	1	364	3	6	7	4	2	1	2	1	0.67450705	34	3460.8799	3461.0799	3461.0799	3461.2799	3461.7544
2	1	1	1	365	3	6	7	5	1	1	1	1	0.74829315	35	3463.103	3463.3031	3463.3031	3463.5031	3464.0513
2	1	1	1	366	3	6	7	6	1	1	1	1	0.65996569	36	3465.3271	3465.5271	3465.5271	3465.7271	3466.187
2	1	1	1	367	3	6	7	7	3	1	3	1	0.8259504	37	3467.5517	3467.7517	3467.7517	3467.9517	3468.5776
2	1	1	1	368	3	6	7	8	3	2	3	1	0.54764172	38	3469.7767	3470.3767	3470.3767	3470.5767	3470.9243
2	1	1	1	369	3	6	7	9	2	2	2	1	0.91449598	39	3472.401	3473.001	3473.001	3473.201	3473.9155
2	1	1	1	370	3	6	7	10	4	1	6	1	0.77583383	40	3475.0241	3475.2241	3475.2241	3475.4241	3476
2	1	1	1	371	3	6	7	11	2	1	2	1	1.1603035	41	3477.2479	3477.4479	3477.4479	3477.6479	3478.6082
2	1	1	1	372	3	6	7	12	6	1	8	1	0.45410455	42	3479.4745	3479.6745	3479.6745	3479.8745	3480.1286
2	1	1	1	373	3	6	7	13	4	1	6	1	0.98343975	43	3481.6985	3481.8985	3481.8985	3482.0985	3482.8819
2	1	1	1	374	3	6	7	14	5	2	7	1	0.49469723	44	3483.9228	3484.5228	3484.5228	3484.7228	3485.0175
2	1	1	1	375	3	6	7	15	4	1	6	1	0.76887331	45	3486.5466	3486.7466	3486.7466	3486.9466	3487.5154
2	1	1	1	376	3	6	7	16	5	1	7	1	1.0063596	46	3488.7724	3488.9724	3488.9724	3489.1724	3489.9788
2	1	1	1	377	3	6	7	17	6	2	8	1	0.63846349	47	3490.9959	3491.5959	3491.5959	3491.7959	3492.2344
2	1	1	1	378	3	6	7	18	4	2	6	1	0.6624932	48	3493.6202	3494.2202	3494.2202	3494.4202	3494.8827
2	1	1	1	379	3	6	7	19	3	2	3	1	1.1826152	49	3496.2441	3496.8441	3496.8441	3497.0441	3498.0267
2	1	1	1	380	3	6	7	20	3	2	3	1	0.67136981	50	3498.8682	3499.4682	3499.4682	3499.6682	3500.1396
2	1	1	1	381	3	6	7	21	6	2	8	1	0.71872517	51	3501.4923	3502.0923	3502.0923	3502.2923	3502.8111
2	1	1	1	382	3	6	7	22	5	1	7	1	0.88229067	52	3504.1133	3504.3133	3504.3133	3504.5133	3505.1956
2	1	1	1	383	3	6	7	23	1	2	1	1	0.80105019	53	3506.337	3506.937	3506.937	3507.1371	3507.7381
2	1	1	1	384	3	6	7	24	1	2	1	1	0.80925326	54	3508.961	3509.561	3509.561	3509.761	3510.3703
2	1	1	1	385	3	6	7	25	4	1	6	1	0.73712574	55	3511.5852	3511.7852	3511.7852	3511.9852	3512.5224
2	1	1	1	386	3	6	7	26	3	2	3	1	0.92888973	56	3513.8095	3514.4095	3514.4095	3514.6095	3515.3384
2	1	1	1	387	3	6	7	27	2	2	2	1	0.90016178	57	3516.4304	3517.0304	3517.0305	3517.2305	3517.9306
2	1	1	1	388	3	6	7	28	6	2	8	1	0.64227017	58	3519.0548	3519.6548	3519.6548	3519.8548	3520.2971
2	1	1	1	389	3	6	7	29	1	1	1	1	0.63408153	59	3521.679	3521.879	3521.879	3522.079	3522.5131
2	1	1	1	390	3	6	7	30	5	2	7	1	0.82754319	60	3523.9032	3524.5032	3524.5032	3524.7032	3525.3307
2	1	1	1	391	3	2	7	1	6	2	5	1	0.45399044	1	3554.5938	3555.1938	3555.1938	3555.3938	3555.6478
2	1	1	1	392	3	2	7	2	6	1	5	1	0.47894071	2	3557.2184	3557.4184	3557.4184	3557.6184	3557.8973
2	1	1	1	393	3	2	7	3	1	1	4	1	0.50588517	3	3559.4466	3559.6466	3559.6466	3559.8466	3560.1524
2	1	1	1	394	3	2	7	4	1	1	4	1	0.55569473	4	3561.671	3561.871	3561.871	3562.071	3562.4267
2	1	1	1	395	3	2	7	5	4	1	5	1	0.53928189	5	3563.893	3564.093	3564.093	3564.293	3564.6323
2	1	1	1	396	3	2	7	6	6	1	5	1	0.53829019	6	3566.1175	3566.3175	3566.3175	3566.5175	3566.8557
2	1	1	1	397	3	2	7	7	1	1	4	1	0.43330762	7	3568.3457	3568.5457	3568.5457	3568.7457	3568.979
2	1	1	1	398	3	2	7	8	4	2	5	1	0.44605617	8	3570.57	3571.17	3571.17	3571.37	3571.6161
2	1	1	1	399	3	2	7	9	1	2	4	1	0.59967778	9	3573.1941	3573.7941	3573.7941	3573.9941	3574.3938
2	1	1	1	400	3	2	7	10	2	1	4	1	0.51802814	10	3575.8508	3576.0508	3576.0508	3576.2508	3576.5688
2	1	1	1	401	3	2	7	11	1	1	4	1	0.58419005	11	3578.0761	3578.2761	3578.2761	3578.4761	3578.8603
2	1	1	1	402	3	2	7	12	5	1	5	1	0.63497968	12	3580.3052	3580.5052	3580.5052	3580.7052	3581.1401
2	1	1	1	403	3	2	7	13	3	1	4	1	0.63580102	13	3582.534	3582.7341	3582.7341	3582.9341	3583.3699
2	1	1	1	404	3	2	7	14	2	2	4	1	0.5331665	14	3584.7596	3585.3596	3585.3596	3585.5596	3585.8927
2	1	1	1	405	3	2	7	15	6	1	5	1	0.59988454	15	3587.3845	3587.5845	3587.5845	3587.7845	3588.1843
2	1	1	1	406	3	2	7	16	5	1	5	1	0.55131437	16	3589.6097	3589.8097	3589.8097	3590.0097	3590.361
2	1	1	1	407	3	2	7	17	2	2	4	1	0.55404018	17	3591.8351	3592.4351	3592.4351	3592.6351	3592.9892
2	1	1	1	408	3	2	7	18	4	2	5	1	0.52405759	18	3594.4606	3595.0606	3595.0606	3595.2606	3595.5846
2	1	1	1	409	3	2	7	19	6	2	5	1	0.5396943	19	3597.0855	3597.6855	3597.6855	3597.8855	3598.2252
2	1	1	1	410	3	2	7	20	2	2	4	1	0.48331389	20	3599.71	3600.31	3600.31	3600.51	3600.7933
2	1	1	1	411	3	2	7	21	5	2	5	1	0.45324907	21	3602.3346	3602.9346	3602.9346	3603.1346	3603.3878
2	1	1	1	412	3	2	7	22	3	1	4	1	0.51918073	22	3604.96	3605.16	3605.16	3605.36	3605.6791
2	1	1	1	413	3	2	7	23	4	2	5	1	0.48845771	23	3607.1847	3607.7847	3607.7847	3607.9847	3608.2731
2	1	1	1	414	3	2	7	24	5	2	5	1	0.50443133	24	3609.8114	3610.4114	3610.4114	3610.6114	3610.9158
2	1	1	1	415	3	2	7	25	4	1	5	1	0.54603927	25	3612.4337	3612.6338	3612.6338	3612.8338	3613.1798
2	1	1	1	416	3	2	7	26	2	2	4	1	0.43802159	26	3614.6579	3615.2579	3615.2579	3615.4579	3615.6959
2	1	1	1	417	3	2	7	27	3	2	4	1	0.52680733	27	3617.2813	3617.8813	3617.8813	3618.0813	3618.4081
2	1	1	1	418	3	2	7	28	5	2	5	1	0.4916525	28	3619.9088	3620.5088	3620.5088	3620.7088	3621.0004
2	1	1	1	419	3	2	7	29	3	1	4	1	0.56179094	29	3622.5339	3622.7339	3622.7339	3622.9339	3623.2957
2	1	1	1	420	3	2	7	30	3	2	4	1	0.4403753	30	3624.7594	3625.3594	3625.3594	3625.5594	3625.7998
2	1	1	1	421	3	6	8	1	6	2	8	1	0.63365742	31	3655.4642	3656.0642	3656.0643	3656.2643	3656.6979
2	1	1	1	422	3	6	8	2	6	1	8	1	0.6648461	32	3658.0899	3658.2899	3658.2899	3658.4899	3658.9548
2	1	1	1	423	3	6	8	3	1	1	1	1	0.69101115	33	3660.3126	3660.5126	3660.5126	3660.7126	3661.2036
2	1	1	1	424	3	6	8	4	1	1	1	1	0.58379577	34	3662.5385	3662.7385	3662.7385	3662.9385	3663.3223
2	1	1	1	425	3	6	8	5	4	1	6	1	0.74654061	35	3664.7655	3664.9656	3664.9656	3665.1656	3665.7121
2	1	1	1	426	3	6	8	6	6	1	8	1	0.65805242	36	3666.9909	3667.191	3667.191	3667.391	3667.849
2	1	1	1	427	3	6	8	7	1	1	1	1	0.64638482	37	3669.2174	3669.4174	3669.4174	3669.6174	3670.0638
2	1	1	1	428	3	6	8	8	4	2	6	1	0.69407293	38	3671.4442	3672.0442	3672.0442	3672.2442	3672.7382
2	1	1	1	429	3	6	8	9	1	2	1	1	0.83576186	39	3674.0704	3674.6704	3674.6704	3674.8704	3675.5061
2	1	1	1	430	3	6	8	10	2	1	2	1	0.93045245	40	3676.6935	3676.8935	3676.8935	3677.0935	3677.8239
2	1	1	1	431	3	6	8	11	1	1	1	1	0.61824957	41	3678.9203	3679.1203	3679.1203	3679.3203	3679.7385
2	1	1	1	432	3	6	8	12	5	1	7	1	0.81863682	42	3681.1434	3681.3434	3681.3434	3681.5434	3682.1621
2	1	1	1	433	3	6	8	13	3	1	3	1	0.75978508	43	3683.369	3683.569	3683.569	3683.769	3684.3288
2	1	1	1	434	3	6	8	14	2	2	2	1	0.95972909	44	3685.5952	3686.1952	3686.1952	3686.3952	3687.1549
2	1	1	1	435	3	6	8	15	6	1	8	1	0.54094856	45	3688.2219	3688.4219	3688.4219	3688.6219	3688.9628
2	1	1	1	436	3	6	8	16	5	1	7	1	0.70556684	46	3690.4475	3690.6475	3690.6475	3690.8475	3691.3531
2	1	1	1	437	3	6	8	17	2	2	2	1	0.88692395	47	3692.674	3693.274	3693.274	3693.474	3694.1609
2	1	1	1	438	3	6	8	18	4	2	6	1	0.81289976	48	3695.3	3695.9	3695.9	3696.1	3696.7129
2	1	1	1	439	3	6	8	19	6	2	8	1	0.67532857	49	3697.9267	3698.5267	3698.5267	3698.7267	3699.202
2	1	1	1	440	3	6	8	20	2	2	2	1	0.75243379	50	3700.5529	3701.1529	3701.1529	3701.3529	3701.9053
2	1	1	1	441	3	6	8	21	5	2	7	1	0.95151211	51	3703.1791	3703.7791	3703.7791	3703.9791	3704.7307
2	1	1	1	442	3	6	8	22	3	1	3	1	0.83606632	52	3705.806	3706.006	3706.006	3706.206	3706.842
2	1	1	1	443	3	6	8	23	4	2	6	1	0.8751068	53	3708.0328	3708.6328	3708.6328	3708.8328	3709.5079
2	1	1	1	444	3	6	8	24	5	2	7	1	0.82133594	54	3710.6594	3711.2594	3711.2594	3711.4594	3712.0807
2	1	1	1	445	3	6	8	25	4	1	6	1	0.79720985	55	3713.2866	3713.4866	3713.4866	3713.6866	3714.2838
2	1	1	1	446	3	6	8	26	2	2	2	1	1.0821387	56	3715.514	3716.114	3716.114	3716.314	3717.1962
2	1	1	1	447	3	6	8	27	3	2	3	1	1.0108846	57	3718.1411	3718.7411	3718.7411	3718.9411	3719.7519
2	1	1	1	448	3	6	8	28	5	2	7	1	1.0448896	58	3720.7674	3721.3674	3721.3674	3721.5674	3722.4123
2	1	1	1	449	3	6	8	29	3	1	3	1	1.1110699	59	3723.3933	3723.5933	3723.5933	3723.7933	3724.7044
2	1	1	1	450	3	6	8	30	3	2	3	1	0.87885526	60	3725.621	3726.221	3726.221	3726.421	3727.0999
2	1	1	1	451	3	2	8	1	3	2	4	1	0.69797187	1	3756.3139	3756.9139	3756.9139	3757.1139	3757.6119
2	1	1	1	452	3	2	8	2	6	1	5	1	0.52469848	2	3758.9421	3759.1421	3759.1421	3759.3421	3759.6668
2	1	1	1	453	3	2	8	3	4	1	5	1	0.55100677	3	3761.1689	3761.3689	3761.3689	3761.5689	3761.9199
2	1	1	1	454	3	2	8	4	5	1	5	1	0.46857155	4	3763.3956	3763.5956	3763.5956	3763.7956	3764.0642
2	1	1	1	455	3	2	8	5	6	1	5	1	0.575384	5	3765.6198	3765.8198	3765.8198	3766.0198	3766.3952
2	1	1	1	456	3	2	8	6	3	1	4	1	0.73873921	6	3767.8488	3768.0488	3768.0488	3768.2488	3768.7875
2	1	1	1	457	3	2	8	7	6	1	5	1	0.54448198	7	3770.0759	3770.2759	3770.2759	3770.4759	3770.8204
2	1	1	1	458	3	2	8	8	5	2	5	1	0.46621325	8	3772.3039	3772.9039	3772.9039	3773.1039	3773.3702
2	1	1	1	459	3	2	8	9	4	2	5	1	0.60602688	9	3774.9316	3775.5316	3775.5316	3775.7316	3776.1376
2	1	1	1	460	3	2	8	10	6	1	5	1	0.59416165	10	3777.5601	3777.7601	3777.7601	3777.9601	3778.3543
2	1	1	1	461	3	2	8	11	3	1	4	1	0.48293101	11	3779.7855	3779.9855	3779.9855	3780.1855	3780.4684
2	1	1	1	462	3	2	8	12	2	1	4	1	0.6387106	12	3782.0133	3782.2133	3782.2133	3782.4133	3782.852
2	1	1	1	463	3	2	8	13	1	1	4	1	0.57370584	13	3784.2446	3784.4446	3784.4446	3784.6446	3785.0183
2	1	1	1	464	3	2	8	14	4	2	5	1	0.51523277	14	3786.473	3787.073	3787.073	3787.273	3787.5882
2	1	1	1	465	3	2	8	15	2	1	4	1	0.61707075	15	3789.0989	3789.2989	3789.2989	3789.4989	3789.916
2	1	1	1	466	3	2	8	16	1	1	3	1	1.56115	16	3791.3273	3791.5273	3791.5273	3791.7273	3793.0884
2	1	1	1	467	3	2	8	17	6	2	5	1	0.42408412	17	3793.5545	3794.1545	3794.1545	3794.3545	3794.5786
2	1	1	1	468	3	2	8	18	4	2	5	1	0.51716154	18	3796.1817	3796.7817	3796.7817	3796.9817	3797.2989
2	1	1	1	469	3	2	8	19	2	2	4	1	0.55941021	19	3798.81	3799.41	3799.41	3799.61	3799.9694
2	1	1	1	470	3	2	8	20	3	2	4	1	0.54636226	20	3801.4377	3802.0377	3802.0377	3802.2377	3802.584
2	1	1	1	471	3	2	8	21	4	2	5	1	0.47898866	21	3804.0847	3804.6847	3804.6847	3804.8847	3805.1637
2	1	1	1	472	3	2	8	22	1	1	4	1	0.54437162	22	3806.7134	3806.9134	3806.9134	3807.1134	3807.4578
2	1	1	1	473	3	2	8	23	1	2	4	1	0.60745594	23	3808.9408	3809.5408	3809.5408	3809.7408	3810.1482
2	1	1	1	474	3	2	8	24	5	2	5	1	0.48819197	24	3811.5686	3812.1686	3812.1686	3812.3686	3812.6568
2	1	1	1	475	3	2	8	25	5	1	5	1	0.80995765	25	3814.1969	3814.3969	3814.3969	3814.5969	3815.2069
2	1	1	1	476	3	2	8	26	2	2	4	1	0.55550239	26	3816.4252	3817.0252	3817.0252	3817.2252	3817.5807
2	1	1	1	477	3	2	8	27	2	2	4	1	0.5591634	27	3819.0974	3819.6974	3819.6974	3819.8974	3820.2566
2	1	1	1	478	3	2	8	28	5	2	5	1	0.54743298	28	3821.7252	3822.3252	3822.3252	3822.5252	3822.8726
2	1	1	1	479	3	2	8	29	3	1	4	1	0.52476873	29	3824.3548	3824.5548	3824.5548	3824.7548	3825.0796
2	1	1	1	480	3	2	8	30	1	2	4	1	0.56020272	30	3826.584	3827.184	3827.184	3827.384	3827.7442
2	1	1	1	481	3	6	9	1	3	2	3	1	0.77973263	31	3857.2926	3857.8926	3857.8926	3858.0926	3858.6723
2	1	1	1	482	3	6	9	2	6	1	8	1	0.695418	32	3859.9206	3860.1207	3860.1207	3860.3207	3860.8161
2	1	1	1	483	3	6	9	3	4	1	6	1	0.65353105	33	3862.1483	3862.3483	3862.3483	3862.5483	3863.0018
2	1	1	1	484	3	6	9	4	5	1	7	1	0.79390194	34	3864.3766	3864.5766	3864.5766	3864.7766	3865.3705
2	1	1	1	485	3	6	9	5	6	1	8	1	0.70914144	35	3866.6052	3866.8052	3866.8052	3867.0052	3867.5143
2	1	1	1	486	3	6	9	6	3	1	3	1	0.78927887	36	3868.8307	3869.0307	3869.0307	3869.2307	3869.82
2	1	1	1	487	3	6	9	7	6	1	8	1	0.67087994	37	3871.0597	3871.2597	3871.2597	3871.4597	3871.9306
2	1	1	1	488	3	6	9	8	5	2	7	1	0.68637093	38	3873.2889	3873.8889	3873.8889	3874.0889	3874.5752
2	1	1	1	489	3	6	9	9	4	2	6	1	0.6867572	39	3875.9174	3876.5174	3876.5174	3876.7174	3877.2041
2	1	1	1	490	3	6	9	10	6	1	8	1	0.6418364	40	3878.5459	3878.7459	3878.7459	3878.9459	3879.3877
2	1	1	1	491	3	6	9	11	3	1	3	1	0.72346207	41	3880.7741	3880.9741	3880.9741	3881.1741	3881.6976
2	1	1	1	492	3	6	9	12	2	1	2	1	0.90366631	42	3883.0031	3883.2032	3883.2032	3883.4032	3884.1068
2	1	1	1	493	3	6	9	13	1	1	1	1	0.71194047	43	3885.2321	3885.4321	3885.4321	3885.6321	3886.1441
2	1	1	1	494	3	6	9	14	4	2	6	1	0.70664269	44	3887.4628	3888.0628	3888.0628	3888.2628	3888.7695
2	1	1	1	495	3	6	9	15	2	1	2	1	1.0440962	45	3890.092	3890.292	3890.292	3890.492	3891.3361
2	1	1	1	496	3	6	9	16	1	1	1	1	0.93080187	46	3892.32	3892.52	3892.52	3892.72	3893.4508
2	1	1	1	497	3	6	9	17	6	2	8	1	0.6792512	47	3894.5489	3895.1489	3895.1489	3895.3489	3895.8281
2	1	1	1	498	3	6	9	18	4	2	6	1	0.65185779	48	3897.1817	3897.7817	3897.7817	3897.9817	3898.4336
2	1	1	1	499	3	6	9	19	2	2	2	1	0.81642308	49	3899.8102	3900.4102	3900.4102	3900.6102	3901.2266
2	1	1	1	500	3	6	9	20	3	2	3	1	0.81124846	50	3902.4387	3903.0387	3903.0387	3903.2387	3903.85
2	1	1	1	501	3	6	9	21	4	2	6	1	0.69489573	51	3905.0675	3905.6675	3905.6675	3905.8675	3906.3624
2	1	1	1	502	3	6	9	22	1	1	1	1	0.70764792	52	3907.6965	3907.8965	3907.8965	3908.0965	3908.6041
2	1	1	1	503	3	6	9	23	1	2	1	1	0.69930809	53	3909.9287	3910.5287	3910.5287	3910.7287	3911.228
2	1	1	1	504	3	6	9	24	5	2	7	1	0.82368337	54	3912.5558	3913.1559	3913.1559	3913.3559	3913.9795
2	1	1	1	505	3	6	9	25	5	1	7	1	0.71968849	55	3915.2094	3915.4094	3915.4094	3915.6094	3916.1291
2	1	1	1	506	3	6	9	26	2	2	2	1	0.72541763	56	3917.4374	3918.0374	3918.0374	3918.2374	3918.7628
2	1	1	1	507	3	6	9	27	2	2	2	1	1.0956115	57	3920.0668	3920.6668	3920.6668	3920.8668	3921.7624
2	1	1	1	508	3	6	9	28	5	2	2	0	0.67200439	57	3922.6971	3923.2972	3923.2972	3923.4972	3923.9692
2	1	1	1	509	3	6	9	29	3	1	3	1	0.81857608	58	3925.3257	3925.5257	3925.5257	3925.7257	3926.3443
2	1	1	1	510	3	6	9	30	1	2	1	1	0.78385105	59	3927.5549	3928.1549	3928.1549	3928.3549	3928.9388
2	1	1	1	511	3	2	9	1	6	2	5	1	0.51064838	1	3958.2827	3958.8827	3958.8827	3959.0827	3959.3933
2	1	1	1	512	3	2	9	2	2	1	4	1	0.59102673	2	3960.9128	3961.1128	3961.1128	3961.3128	3961.7038
2	1	1	1	513	3	2	9	3	3	1	4	1	0.44769521	3	3963.1389	3963.3389	3963.3389	3963.5389	3963.7866
2	1	1	1	514	3	2	9	4	4	1	5	1	0.47743311	4	3965.3691	3965.5691	3965.5691	3965.7691	3966.0465
2	1	1	1	515	3	2	9	5	3	1	4	1	0.44972248	5	3967.5985	3967.7985	3967.7985	3967.9985	3968.2482
2	1	1	1	516	3	2	9	6	4	1	5	1	0.40191551	6	3969.8318	3970.0318	3970.0318	3970.2318	3970.4337
2	1	1	1	517	3	2	9	7	1	1	4	1	0.5659728	7	3972.0614	3972.2614	3972.2614	3972.4614	3972.8273
2	1	1	1	518	3	2	9	8	1	2	4	1	0.57340139	8	3974.291	3974.891	3974.891	3975.091	3975.4644
2	1	1	1	519	3	2	9	9	5	2	5	1	0.48844204	9	3976.9204	3977.5204	3977.5204	3977.7204	3978.0089
2	1	1	1	520	3	2	9	10	4	1	5	1	0.58779778	10	3979.5499	3979.7499	3979.7499	3979.9499	3980.3377
2	1	1	1	521	3	2	9	11	6	1	5	1	0.55503404	11	3981.7803	3981.9803	3981.9803	3982.1803	3982.5353
2	1	1	1	522	3	2	9	12	6	1	5	1	0.52318918	12	3984.0119	3984.2119	3984.2119	3984.4119	3984.7351
2	1	1	1	523	3	2	9	13	4	1	5	1	0.54144185	13	3986.2423	3986.4423	3986.4423	3986.6423	3986.9838
2	1	1	1	524	3	2	9	14	5	2	5	1	0.45504598	14	3988.4764	3989.0764	3989.0764	3989.2764	3989.5315
2	1	1	1	525	3	2	9	15	6	1	5	1	0.50247659	15	3991.1063	3991.3063	3991.3063	3991.5063	3991.8087
2	1	1	1	526	3	2	9	16	1	1	4	1	0.55207999	16	3993.3363	3993.5363	3993.5363	3993.7363	3994.0883
2	1	1	1	527	3	2	9	17	2	2	4	1	0.53058441	17	3995.5667	3996.1667	3996.1667	3996.3667	3996.6973
2	1	1	1	528	3	2	9	18	1	2	4	1	0.55388139	18	3998.1937	3998.7937	3998.7937	3998.9937	3999.3476
2	1	1	1	529	3	2	9	19	5	2	5	1	0.49803633	19	4000.8234	4001.4234	4001.4234	4001.6234	4001.9214
2	1	1	1	530	3	2	9	20	3	2	4	1	0.57331599	20	4003.4513	4004.0513	4004.0513	4004.2513	4004.6246
2	1	1	1	531	3	2	9	21	5	2	5	1	0.51188242	21	4006.0824	4006.6824	4006.6824	4006.8824	4007.1943
2	1	1	1	532	3	2	9	22	4	1	5	1	0.58456313	22	4008.7128	4008.9128	4008.9128	4009.1129	4009.4974
2	1	1	1	533	3	2	9	23	2	2	4	1	0.51770805	23	4010.9407	4011.5407	4011.5408	4011.7408	4012.0585
2	1	1	1	534	3	2	9	24	1	2	4	1	0.52742402	24	4013.5688	4014.1688	4014.1688	4014.3688	4014.6962
2	1	1	1	535	3	2	9	25	3	1	4	1	0.57836264	25	4016.1993	4016.3993	4016.3993	4016.5993	4016.9777
2	1	1	1	536	3	2	9	26	2	2	4	1	0.53255926	26	4018.4301	4019.0301	4019.0301	4019.2301	4019.5627
2	1	1	1	537	3	2	9	27	2	2	4	1	0.517355	27	4021.0608	4021.6608	4021.6608	4021.8608	4022.1781
2	1	1	1	538	3	2	9	28	3	2	4	1	0.5198558	28	4023.6923	4024.2923	4024.2923	4024.4923	4024.8121
2	1	1	1	539	3	2	9	29	5	1	5	1	0.49874212	29	4026.3283	4026.5283	4026.5283	4026.7283	4027.027
2	1	1	1	540	3	2	9	30	6	2	5	1	0.46368953	30	4028.5585	4029.1585	4029.1585	4029.3585	4029.6222
2	1	1	1	541	4	6	10	1	6	2	8	1	0.7024443	31	4624.3809	4624.9809	4624.9809	4625.1809	4625.6834
2	1	1	1	542	4	6	10	2	2	1	2	1	0.86834046	32	4627.0116	4627.2116	4627.2116	4627.4116	4628.08
2	1	1	1	543	4	6	10	3	3	1	3	1	0.79051127	33	4629.2429	4629.4429	4629.4429	4629.6429	4630.2334
2	1	1	1	544	4	6	10	4	4	1	6	1	0.70258858	34	4631.473	4631.6731	4631.6731	4631.8731	4632.3756
2	1	1	1	545	4	6	10	5	3	1	3	1	0.91509213	35	4633.7047	4633.9047	4633.9048	4634.1048	4634.8198
2	1	1	1	546	4	6	10	6	4	1	6	1	0.77376049	36	4635.9318	4636.1318	4636.1318	4636.3318	4636.9056
2	1	1	1	547	4	6	10	7	1	1	1	1	0.88972086	37	4638.1624	4638.3624	4638.3624	4638.5624	4639.2522
2	1	1	1	548	4	6	10	8	1	2	1	1	0.69715644	38	4640.3931	4640.9931	4640.9931	4641.1931	4641.6902
2	1	1	1	549	4	6	10	9	5	2	7	1	0.98470402	39	4643.0242	4643.6242	4643.6242	4643.8242	4644.6089
2	1	1	1	550	4	6	10	10	4	1	6	1	0.88150753	40	4645.6553	4645.8553	4645.8553	4646.0553	4646.7368
2	1	1	1	551	4	6	10	11	6	1	8	1	0.72498072	41	4647.886	4648.086	4648.086	4648.286	4648.811
2	1	1	1	552	4	6	10	12	6	1	8	1	0.64995682	42	4650.1164	4650.3164	4650.3164	4650.5164	4650.9664
2	1	1	1	553	4	6	10	13	4	1	6	1	0.74299869	43	4652.3472	4652.5472	4652.5472	4652.7472	4653.2902
2	1	1	1	554	4	6	10	14	5	2	7	1	0.85824445	44	4654.5779	4655.1779	4655.1779	4655.3779	4656.0362
2	1	1	1	555	4	6	10	15	6	1	8	1	0.72269172	45	4657.2376	4657.4376	4657.4376	4657.6376	4658.1603
2	1	1	1	556	4	6	10	16	1	1	1	1	0.68297045	46	4659.469	4659.669	4659.669	4659.869	4660.352
2	1	1	1	557	4	6	10	17	2	2	2	1	1.1291076	47	4661.7002	4662.3002	4662.3002	4662.5002	4663.4293
2	1	1	1	558	4	6	10	18	1	2	1	1	0.68562557	48	4664.3309	4664.9309	4664.9309	4665.1309	4665.6166
2	1	1	1	559	4	6	10	19	5	2	7	1	0.71872648	49	4666.9629	4667.5629	4667.5629	4667.7629	4668.2817
2	1	1	1	560	4	6	10	20	3	2	3	1	0.9548885	50	4669.5914	4670.1914	4670.1914	4670.3914	4671.1463
2	1	1	1	561	4	6	10	21	5	2	7	1	0.89460792	51	4672.2583	4672.8583	4672.8583	4673.0583	4673.7529
2	1	1	1	562	4	6	10	22	4	1	6	1	0.82247491	52	4674.8895	4675.0895	4675.0895	4675.2895	4675.912
2	1	1	1	563	4	6	10	23	2	2	2	1	0.92162111	53	4677.1203	4677.7203	4677.7203	4677.9203	4678.6419
2	1	1	1	564	4	6	10	24	1	2	1	1	0.60760379	54	4679.751	4680.351	4680.351	4680.5511	4680.9587
2	1	1	1	565	4	6	10	25	3	1	3	1	0.65114872	55	4682.3839	4682.5839	4682.5839	4682.7839	4683.235
2	1	1	1	566	4	6	10	26	2	2	2	1	0.81403028	56	4684.6582	4685.2582	4685.2582	4685.4582	4686.0722
2	1	1	1	567	4	6	10	27	2	2	2	1	1.2262117	57	4687.2872	4687.8872	4687.8872	4688.0872	4689.1134
2	1	1	1	568	4	6	10	28	3	2	3	1	1.0488876	58	4689.919	4690.519	4690.519	4690.719	4691.5679
2	1	1	1	569	4	6	10	29	5	1	7	1	0.77207446	59	4692.5484	4692.7484	4692.7484	4692.9484	4693.5205
2	1	1	1	570	4	6	10	30	6	2	8	1	0.64256268	60	4694.7849	4695.3849	4695.3849	4695.5849	4696.0275
2	1	1	1	571	4	2	10	1	1	2	4	1	0.63107077	1	4725.4822	4726.0822	4726.0822	4726.2822	4726.7133
2	1	1	1	572	4	2	10	2	5	1	5	1	0.53410625	2	4728.1148	4728.3148	4728.3148	4728.5148	4728.8489
2	1	1	1	573	4	2	10	3	1	1	4	1	0.52092847	3	4730.3467	4730.5467	4730.5467	4730.7467	4731.0677
2	1	1	1	574	4	2	10	4	3	1	4	1	0.54808465	4	4732.5834	4732.7834	4732.7834	4732.9834	4733.3315
2	1	1	1	575	4	2	10	5	5	1	5	1	0.53636504	5	4734.8162	4735.0162	4735.0162	4735.2163	4735.5526
2	1	1	1	576	4	2	10	6	6	1	5	1	0.57089796	6	4737.0477	4737.2477	4737.2477	4737.4477	4737.8186
2	1	1	1	577	4	2	10	7	4	1	5	1	0.55627219	7	4739.2768	4739.4768	4739.4768	4739.6768	4740.033
2	1	1	1	578	4	2	10	8	2	2	4	1	0.4621723	8	4741.5089	4742.1089	4742.1089	4742.3089	4742.5711
2	1	1	1	579	4	2	10	9	1	2	4	1	0.54904927	9	4744.142	4744.742	4744.742	4744.942	4745.2911
2	1	1	1	580	4	2	10	10	1	1	4	1	0.53222799	10	4746.7734	4746.9734	4746.9734	4747.1734	4747.5056
2	1	1	1	581	4	2	10	11	3	1	4	1	0.51559363	11	4749.0055	4749.2055	4749.2055	4749.4055	4749.7211
2	1	1	1	582	4	2	10	12	6	1	5	1	0.54239596	12	4751.2342	4751.4342	4751.4342	4751.6342	4751.9766
2	1	1	1	583	4	2	10	13	3	1	4	1	0.55509827	13	4753.4689	4753.6689	4753.6689	4753.8689	4754.224
2	1	1	1	584	4	2	10	14	6	2	5	1	0.49112009	14	4755.7017	4756.3017	4756.3017	4756.5017	4756.7928
2	1	1	1	585	4	2	10	15	1	1	4	1	0.55350902	15	4758.3374	4758.5374	4758.5374	4758.7374	4759.0909
2	1	1	1	586	4	2	10	16	5	1	5	1	0.46189817	16	4760.5704	4760.7704	4760.7704	4760.9704	4761.2323
2	1	1	1	587	4	2	10	17	2	2	4	1	0.50247131	17	4762.803	4763.403	4763.403	4763.603	4763.9055
2	1	1	1	588	4	2	10	18	4	2	5	1	0.50882211	18	4765.4353	4766.0353	4766.0353	4766.2353	4766.5441
2	1	1	1	589	4	2	10	19	2	2	4	1	0.45950132	19	4768.0641	4768.6641	4768.6641	4768.8641	4769.1236
2	1	1	1	590	4	2	10	20	3	2	4	1	0.58438006	20	4770.6958	4771.2958	4771.2958	4771.4958	4771.8802
2	1	1	1	591	4	2	10	21	2	2	4	1	0.54409211	21	4773.3301	4773.9301	4773.9301	4774.1301	4774.4742
2	1	1	1	592	4	2	10	22	4	1	5	1	0.42087306	22	4775.9634	4776.1634	4776.1634	4776.3634	4776.5843
2	1	1	1	593	4	2	10	23	4	2	5	1	0.54273888	23	4778.1954	4778.7954	4778.7954	4778.9954	4779.3381
2	1	1	1	594	4	2	10	24	5	2	5	1	0.59213788	24	4780.828	4781.428	4781.428	4781.628	4782.0202
2	1	1	1	595	4	2	10	25	3	1	4	1	0.60015672	25	4783.4577	4783.6577	4783.6577	4783.8577	4784.2578
2	1	1	1	596	4	2	10	26	6	2	5	1	0.45417757	26	4785.6909	4786.2909	4786.2909	4786.4909	4786.7451
2	1	1	1	597	4	2	10	27	4	2	5	1	0.57216862	27	4788.3241	4788.9241	4788.9241	4789.1241	4789.4963
2	1	1	1	598	4	2	10	28	2	2	3	1	1.4785409	28	4790.9533	4791.5533	4791.5533	4791.7533	4793.0318
2	1	1	1	599	4	2	10	29	6	1	5	1	0.43484323	29	4793.585	4793.785	4793.785	4793.985	4794.2198
2	1	1	1	600	4	2	10	30	5	2	5	1	0.513034	30	4795.8174	4796.4174	4796.4174	4796.6174	4796.9304
2	1	1	1	601	4	6	11	1	1	2	1	1	0.66144171	31	4826.5324	4827.1324	4827.1324	4827.3324	4827.7939
2	1	1	1	602	4	6	11	2	5	1	7	1	0.75088999	32	4829.1634	4829.3634	4829.3634	4829.5634	4830.1143
2	1	1	1	603	4	6	11	3	1	1	1	1	0.65503161	33	4831.4442	4831.6442	4831.6442	4831.8442	4832.2992
2	1	1	1	604	4	6	11	4	3	1	3	1	0.74673717	34	4833.6772	4833.8772	4833.8772	4834.0772	4834.6239
2	1	1	1	605	4	6	11	5	5	1	7	1	0.88090139	35	4835.9147	4836.1147	4836.1147	4836.3147	4836.9956
2	1	1	1	606	4	6	11	6	6	1	8	1	0.46679898	36	4838.1519	4838.3519	4838.3519	4838.5519	4838.8187
2	1	1	1	607	4	6	11	7	4	1	6	1	0.74735756	37	4840.3891	4840.5891	4840.5891	4840.7891	4841.3365
2	1	1	1	608	4	6	11	8	2	2	2	1	0.56260416	38	4842.6225	4843.2225	4843.2225	4843.4225	4843.7851
2	1	1	1	609	4	6	11	9	1	2	1	1	0.7859476	39	4845.2558	4845.8558	4845.8559	4846.0559	4846.6418
2	1	1	1	610	4	6	11	10	1	1	1	1	0.62406805	40	4847.8888	4848.0888	4848.0888	4848.2888	4848.7129
2	1	1	1	611	4	6	11	11	3	1	3	1	0.93700223	41	4850.123	4850.323	4850.323	4850.523	4851.26
2	1	1	1	612	4	6	11	12	6	1	8	1	0.69422775	42	4852.3537	4852.5537	4852.5537	4852.7537	4853.2479
2	1	1	1	613	4	6	11	13	3	1	3	1	0.78107398	43	4854.5868	4854.7868	4854.7868	4854.9868	4855.5679
2	1	1	1	614	4	6	11	14	6	2	8	1	0.71095156	44	4856.8205	4857.4205	4857.4205	4857.6205	4858.1314
2	1	1	1	615	4	6	11	15	1	1	1	1	0.77048878	45	4859.4536	4859.6536	4859.6536	4859.8536	4860.4241
2	1	1	1	616	4	6	11	16	5	1	7	1	0.9376988	46	4861.6876	4861.8877	4861.8877	4862.0877	4862.8254
2	1	1	1	617	4	6	11	17	2	2	2	1	1.1796034	47	4863.9187	4864.5187	4864.5187	4864.7187	4865.6983
2	1	1	1	618	4	6	11	18	4	2	6	1	0.70399499	48	4866.5523	4867.1524	4867.1524	4867.3524	4867.8563
2	1	1	1	619	4	6	11	19	2	2	2	1	0.81545103	49	4869.1858	4869.7858	4869.7858	4869.9858	4870.6013
2	1	1	1	620	4	6	11	20	3	2	3	1	0.83948631	50	4871.8193	4872.4193	4872.4193	4872.6193	4873.2588
2	1	1	1	621	4	6	11	21	2	2	2	1	0.69495609	51	4874.4502	4875.0502	4875.0502	4875.2502	4875.7451
2	1	1	1	622	4	6	11	22	4	1	6	1	0.76156665	52	4877.0812	4877.2812	4877.2812	4877.4812	4878.0428
2	1	1	1	623	4	6	11	23	4	2	6	1	0.84144381	53	4879.3126	4879.9126	4879.9126	4880.1126	4880.7541
2	1	1	1	624	4	6	11	24	5	2	7	1	0.87887749	54	4881.9465	4882.5465	4882.5465	4882.7465	4883.4254
2	1	1	1	625	4	6	11	25	3	1	3	1	0.81304974	55	4884.5808	4884.7808	4884.7808	4884.9808	4885.5939
2	1	1	1	626	4	6	11	26	6	2	8	1	0.6011731	56	4886.815	4887.4151	4887.4151	4887.6151	4888.0162
2	1	1	1	627	4	6	11	27	4	2	6	1	0.76925951	57	4889.4494	4890.0494	4890.0494	4890.2494	4890.8186
2	1	1	1	628	4	6	11	28	2	2	2	1	0.90475228	58	4892.0829	4892.6829	4892.6829	4892.8829	4893.5876
2	1	1	1	629	4	6	11	29	6	1	8	1	0.68036304	59	4894.7173	4894.9173	4894.9173	4895.1173	4895.5977
2	1	1	1	630	4	6	11	30	5	2	7	1	0.76135197	60	4896.9513	4897.5513	4897.5513	4897.7513	4898.3127
2	1	1	1	631	4	2	11	1	3	2	4	1	0.57190861	1	4927.6531	4928.2531	4928.2531	4928.4531	4928.825
2	1	1	1	632	4	2	11	2	1	1	4	1	0.55970266	2	4930.2887	4930.4887	4930.4887	4930.6887	4931.0484
2	1	1	1	633	4	2	11	3	5	1	5	1	0.50881437	3	4932.5237	4932.7237	4932.7237	4932.9237	4933.2325
2	1	1	1	634	4	2	11	4	2	1	4	1	0.55505171	4	4934.7591	4934.9591	4934.9591	4935.1591	4935.5141
2	1	1	1	635	4	2	11	5	6	1	5	1	0.4662834	5	4936.9939	4937.1939	4937.1939	4937.3939	4937.6602
2	1	1	1	636	4	2	11	6	4	1	5	1	0.53208951	6	4939.2284	4939.4284	4939.4284	4939.6284	4939.9605
2	1	1	1	637	4	2	11	7	2	1	4	1	0.56358458	7	4941.4645	4941.6645	4941.6645	4941.8645	4942.2281
2	1	1	1	638	4	2	11	8	5	2	5	1	0.49125068	8	4943.697	4944.297	4944.297	4944.497	4944.7882
2	1	1	1	639	4	2	11	9	5	2	5	1	0.58063139	9	4946.3313	4946.9313	4946.9314	4947.1314	4947.512
2	1	1	1	640	4	2	11	10	6	1	5	1	0.52391908	10	4948.9658	4949.1658	4949.1659	4949.3659	4949.6898
2	1	1	1	641	4	2	11	11	2	1	4	1	0.5467072	11	4951.1996	4951.3997	4951.3997	4951.5997	4951.9464
2	1	1	1	642	4	2	11	12	2	1	4	1	0.57405465	12	4953.4367	4953.6367	4953.6367	4953.8367	4954.2107
2	1	1	1	643	4	2	11	13	4	1	5	1	0.49573548	13	4955.6683	4955.8683	4955.8683	4956.0683	4956.364
2	1	1	1	644	4	2	11	14	1	2	4	1	0.66071197	14	4957.9072	4958.5072	4958.5072	4958.7072	4959.1679
2	1	1	1	645	4	2	11	15	3	1	4	1	0.54227359	15	4960.5881	4960.7881	4960.7881	4960.9881	4961.3304
2	1	1	1	646	4	2	11	16	1	1	4	1	0.54310321	16	4962.8201	4963.0201	4963.0201	4963.2201	4963.5632
2	1	1	1	647	4	2	11	17	3	2	4	1	0.50699897	17	4965.0545	4965.6545	4965.6545	4965.8545	4966.1615
2	1	1	1	648	4	2	11	18	4	2	5	1	0.47971206	18	4967.6886	4968.2886	4968.2886	4968.4886	4968.7683
2	1	1	1	649	4	2	11	19	5	2	5	1	0.53459996	19	4970.3228	4970.9228	4970.9228	4971.1228	4971.4574
2	1	1	1	650	4	2	11	20	3	2	4	1	0.59418509	20	4972.958	4973.558	4973.558	4973.758	4974.1522
2	1	1	1	651	4	2	11	21	6	2	5	1	0.52646592	21	4975.6102	4976.2102	4976.2102	4976.4102	4976.7366
2	1	1	1	652	4	2	11	22	6	1	5	1	0.61159691	22	4978.2455	4978.4455	4978.4455	4978.6455	4979.0571
2	1	1	1	653	4	2	11	23	6	2	5	1	0.53755775	23	4980.4876	4981.0876	4981.0876	4981.2876	4981.6252
2	1	1	1	654	4	2	11	24	1	2	4	1	0.47760907	24	4983.1235	4983.7236	4983.7236	4983.9236	4984.2012
2	1	1	1	655	4	2	11	25	1	1	4	1	0.5574847	25	4985.7586	4985.9586	4985.9586	4986.1586	4986.5161
2	1	1	1	656	4	2	11	26	4	2	5	1	0.44491158	26	4987.9989	4988.5989	4988.5989	4988.7989	4989.0438
2	1	1	1	657	4	2	11	27	4	2	5	1	0.53274519	27	4990.6309	4991.2309	4991.2309	4991.4309	4991.7637
2	1	1	1	658	4	2	11	28	2	2	4	1	0.48946089	28	4993.2683	4993.8683	4993.8683	4994.0683	4994.3577
2	1	1	1	659	4	2	11	29	3	1	4	1	0.55568376	29	4995.9039	4996.1039	4996.1039	4996.3039	4996.6595
2	1	1	1	660	4	2	11	30	5	2	5	1	0.47971858	30	4998.139	4998.739	4998.739	4998.939	4999.2187
2	1	1	1	661	4	6	12	1	3	2	3	1	1.4023541	31	5028.8624	5029.4624	5029.4624	5029.6624	5030.8648
2	1	1	1	662	4	6	12	2	1	1	1	1	0.69106258	32	5031.501	5031.7011	5031.7011	5031.9011	5032.3921
2	1	1	1	663	4	6	12	3	5	1	7	1	0.84800167	33	5033.7358	5033.9358	5033.9358	5034.1358	5034.7838
2	1	1	1	664	4	6	12	4	2	1	2	1	0.85582501	34	5035.9686	5036.1686	5036.1686	5036.3686	5037.0244
2	1	1	1	665	4	6	12	5	6	1	8	1	0.66253425	35	5038.2047	5038.4047	5038.4048	5038.6048	5039.0673
2	1	1	1	666	4	6	12	6	4	1	6	1	0.74815806	36	5040.4438	5040.6438	5040.6438	5040.8438	5041.3919
2	1	1	1	667	4	6	12	7	2	1	2	1	0.76723159	37	5042.6832	5042.8832	5042.8832	5043.0832	5043.6504
2	1	1	1	668	4	6	12	8	5	2	7	1	0.89944094	38	5044.9192	5045.5192	5045.5192	5045.7192	5046.4186
2	1	1	1	669	4	6	12	9	5	2	7	1	0.70496708	39	5047.5591	5048.1591	5048.1591	5048.3591	5048.8641
2	1	1	1	670	4	6	12	10	6	1	8	1	0.63943158	40	5050.1946	5050.3946	5050.3946	5050.5946	5051.034
2	1	1	1	671	4	6	12	11	2	1	2	1	0.9847682	41	5052.431	5052.631	5052.631	5052.831	5053.6157
2	1	1	1	672	4	6	12	12	2	1	2	1	0.65349945	42	5054.6666	5054.8666	5054.8666	5055.0666	5055.5201
2	1	1	1	673	4	6	12	13	4	1	6	1	0.67396589	43	5056.9031	5057.1031	5057.1031	5057.3031	5057.7771
2	1	1	1	674	4	6	12	14	1	2	1	1	0.67460115	44	5059.1357	5059.7357	5059.7357	5059.9357	5060.4103
2	1	1	1	675	4	6	12	15	3	1	3	1	0.91115908	45	5061.7725	5061.9725	5061.9725	5062.1725	5062.8836
2	1	1	1	676	4	6	12	16	1	1	1	1	0.67263261	46	5064.0086	5064.2086	5064.2087	5064.4087	5064.8813
2	1	1	1	677	4	6	12	17	3	2	3	1	0.902851	47	5066.2425	5066.8425	5066.8425	5067.0425	5067.7453
2	1	1	1	678	4	6	12	18	4	2	6	1	0.72944592	48	5068.8751	5069.4751	5069.4751	5069.6751	5070.2045
2	1	1	1	679	4	6	12	19	5	2	7	1	0.6718272	49	5071.5116	5072.1116	5072.1116	5072.3116	5072.7834
2	1	1	1	680	4	6	12	20	3	2	3	1	1.1377597	50	5074.1459	5074.7459	5074.7459	5074.9459	5075.8836
2	1	1	1	681	4	6	12	21	6	2	8	1	0.68310334	51	5076.7823	5077.3823	5077.3823	5077.5823	5078.0654
2	1	1	1	682	4	6	12	22	6	1	8	1	0.60665812	52	5079.4188	5079.6188	5079.6188	5079.8189	5080.2255
2	1	1	1	683	4	6	12	23	6	2	8	1	0.58815514	53	5081.6554	5082.2554	5082.2555	5082.4555	5082.8436
2	1	1	1	684	4	6	12	24	1	2	1	1	0.71035949	54	5084.2919	5084.8919	5084.8919	5085.0919	5085.6023
2	1	1	1	685	4	6	12	25	1	1	1	1	0.58429914	55	5086.9282	5087.1282	5087.1282	5087.3282	5087.7125
2	1	1	1	686	4	6	12	26	4	2	6	1	0.75764321	56	5089.165	5089.765	5089.765	5089.965	5090.5227
2	1	1	1	687	4	6	12	27	4	2	6	1	0.68661301	57	5091.8022	5092.4022	5092.4022	5092.6022	5093.0888
2	1	1	1	688	4	6	12	28	2	2	2	1	0.80837055	58	5094.4425	5095.0425	5095.0425	5095.2425	5095.8509
2	1	1	1	689	4	6	12	29	3	1	6	0	0.97805971	58	5097.0792	5097.2792	5097.2792	5097.4792	5098.2572
2	1	1	1	690	4	6	12	30	5	2	7	1	0.76811391	59	5099.3156	5099.9156	5099.9156	5100.1156	5100.6837
2	1	1	1	691	4	2	12	1	6	2	5	1	0.44682098	1	5130.0127	5130.6127	5130.6127	5130.8127	5131.0595
2	1	1	1	692	4	2	12	2	1	1	4	1	0.53487262	2	5132.6497	5132.8497	5132.8497	5133.0497	5133.3845
2	1	1	1	693	4	2	12	3	5	1	5	1	0.52778053	3	5134.8843	5135.0843	5135.0843	5135.2843	5135.6121
2	1	1	1	694	4	2	12	4	2	1	4	1	0.47651322	4	5137.1237	5137.3237	5137.3237	5137.5237	5137.8002
2	1	1	1	695	4	2	12	5	2	1	4	1	0.57045311	5	5139.3586	5139.5587	5139.5587	5139.7587	5140.1291
2	1	1	1	696	4	2	12	6	1	1	4	1	0.55332106	6	5141.593	5141.793	5141.793	5141.993	5142.3463
2	1	1	1	697	4	2	12	7	6	1	5	1	0.53575282	7	5143.832	5144.032	5144.032	5144.232	5144.5678
2	1	1	1	698	4	2	12	8	3	2	4	1	0.5503343	8	5146.0698	5146.6698	5146.6698	5146.8698	5147.2201
2	1	1	1	699	4	2	12	9	4	2	5	1	0.47649492	9	5148.7073	5149.3073	5149.3073	5149.5073	5149.7838
2	1	1	1	700	4	2	12	10	3	1	4	1	0.53534405	10	5151.3449	5151.5449	5151.5449	5151.7449	5152.0802
2	1	1	1	701	4	2	12	11	4	1	5	1	0.52784194	11	5153.5789	5153.7789	5153.7789	5153.9789	5154.3068
2	1	1	1	702	4	2	12	12	4	1	5	1	0.54610417	12	5155.8168	5156.0168	5156.0168	5156.2168	5156.5629
2	1	1	1	703	4	2	12	13	1	1	4	1	0.56256435	13	5158.0538	5158.2538	5158.2538	5158.4538	5158.8163
2	1	1	1	704	4	2	12	14	2	2	4	1	0.55063535	14	5160.2975	5160.8975	5160.8975	5161.0976	5161.4482
2	1	1	1	705	4	2	12	15	1	1	4	1	0.56436122	15	5162.9356	5163.1356	5163.1356	5163.3356	5163.7
2	1	1	1	706	4	2	12	16	1	1	4	1	0.51695543	16	5165.1725	5165.3725	5165.3725	5165.5725	5165.8895
2	1	1	1	707	4	2	12	17	5	2	5	1	0.45011933	17	5167.4097	5168.0097	5168.0097	5168.2097	5168.4598
2	1	1	1	708	4	2	12	18	6	2	5	1	0.57006451	18	5170.0472	5170.6472	5170.6473	5170.8473	5171.2173
2	1	1	1	709	4	2	12	19	3	2	4	1	0.54930518	19	5172.6839	5173.2839	5173.2839	5173.484	5173.8333
2	1	1	1	710	4	2	12	20	2	2	6	1	1.5192113	20	5175.3231	5175.9231	5175.9231	5176.1231	5177.4423
2	1	1	1	711	4	2	12	21	5	2	5	1	0.45700463	21	5177.9611	5178.5611	5178.5611	5178.7611	5179.0181
2	1	1	1	712	4	2	12	22	6	1	4	0	0.5759809	21	5180.6025	5180.8025	5180.8025	5181.0025	5181.3785
2	1	1	1	713	4	2	12	23	2	2	4	1	0.50968665	22	5182.8501	5183.4501	5183.4501	5183.6501	5183.9597
2	1	1	1	714	4	2	12	24	3	2	4	1	0.55287234	23	5185.4874	5186.0874	5186.0874	5186.2874	5186.6403
2	1	1	1	715	4	2	12	25	4	1	5	1	0.43267164	24	5188.1259	5188.3259	5188.3259	5188.5259	5188.7586
2	1	1	1	716	4	2	12	26	3	2	4	1	0.57456681	25	5190.364	5190.964	5190.964	5191.164	5191.5386
2	1	1	1	717	4	2	12	27	6	2	5	1	0.54108143	26	5193.0017	5193.6017	5193.6017	5193.8017	5194.1428
2	1	1	1	718	4	2	12	28	4	2	5	1	0.52402392	27	5195.6402	5196.2402	5196.2402	5196.4402	5196.7642
2	1	1	1	719	4	2	12	29	5	1	5	1	0.62171903	28	5198.2751	5198.4751	5198.4751	5198.6751	5199.0968
2	1	1	1	720	4	2	12	30	5	2	5	1	0.53058942	29	5200.5126	5201.1126	5201.1126	5201.3126	5201.6432
