0	7	5	6	1	3	4	2	0	0	0	0	0	0	0	0	0	0	0	0
3	24	1	2	1	1	2	1	1	3	1	4	1	0.90267842	1	5097.3131	5097.5132	5097.5135	5097.7137	5098.4162
3	24	1	2	2	1	2	1	2	6	2	5	1	0.67204082	2	5099.5284	5100.1285	5100.1286	5100.3289	5100.8007
3	24	1	2	3	1	2	1	3	5	2	5	1	0.35020794	3	5102.1378	5102.7378	5102.7378	5102.9379	5103.0881
3	24	1	2	4	1	2	1	4	4	1	5	1	0.39457652	4	5104.7498	5104.9498	5104.9498	5105.1498	5105.3444
3	24	1	2	5	1	2	1	5	3	1	4	1	0.58079774	5	5106.956	5107.156	5107.156	5107.356	5107.7368
3	24	1	2	6	1	2	1	6	6	2	5	1	0.54801177	6	5109.1647	5109.7647	5109.7647	5109.9648	5110.3127
3	24	1	2	7	1	2	1	7	1	2	4	1	0.46984948	7	5111.771	5112.371	5112.371	5112.571	5112.8408
3	24	1	2	8	1	2	1	8	1	2	4	1	0.52737823	8	5114.377	5114.977	5114.977	5115.177	5115.5043
3	24	1	2	9	1	2	1	9	3	2	4	1	0.4360895	9	5116.9828	5117.5828	5117.5828	5117.7828	5118.0189
3	24	1	2	10	1	2	1	10	3	1	4	1	0.45212549	10	5119.589	5119.789	5119.789	5119.9891	5120.2411
3	24	1	2	11	1	2	1	11	1	1	4	1	0.27999925	11	5121.7945	5121.9945	5121.9945	5122.1946	5122.2745
3	24	1	2	12	1	2	1	12	2	1	4	1	0.24834776	12	5124.0006	5124.2006	5124.2006	5124.4006	5124.449
3	24	1	2	13	1	2	1	13	5	1	5	1	0.27505756	13	5126.206	5126.406	5126.406	5126.606	5126.681
3	24	1	2	14	1	2	1	14	6	1	5	1	0.25452648	14	5128.4116	5128.6116	5128.6116	5128.8116	5128.8661
3	24	1	2	15	1	2	1	15	2	2	4	1	0.29538195	15	5130.6178	5131.2178	5131.2178	5131.4179	5131.5131
3	24	1	2	16	1	2	1	16	6	2	5	1	0.49988225	16	5133.2236	5133.8236	5133.8236	5134.0236	5134.3235
3	24	1	2	17	1	2	1	17	2	2	4	1	0.5255959	17	5135.8293	5136.4293	5136.4293	5136.6293	5136.9549
3	24	1	2	18	1	2	1	18	4	1	5	1	0.5583558	18	5138.4354	5138.6354	5138.6354	5138.8354	5139.1937
3	24	1	2	19	1	2	1	19	1	1	4	1	0.45175422	19	5140.6411	5140.8411	5140.8411	5141.0412	5141.2928
3	24	1	2	20	1	2	1	20	2	1	4	1	0.28473357	20	5142.8471	5143.0471	5143.0471	5143.2472	5143.3319
3	24	1	2	21	1	2	1	21	5	2	5	1	0.41800689	21	5145.0535	5145.6535	5145.6535	5145.8536	5146.0716
3	24	1	2	22	1	2	1	22	2	1	4	1	0.48423967	22	5147.6599	5147.8599	5147.8599	5148.0599	5148.3442
3	24	1	2	23	1	2	1	23	4	1	5	1	0.38513676	23	5149.8656	5150.0656	5150.0656	5150.2656	5150.4507
3	24	1	2	24	1	2	1	24	5	1	5	1	0.77882072	24	5152.0715	5152.2715	5152.2716	5152.4716	5153.0504
3	24	1	2	25	1	2	1	25	4	2	5	1	0.27643067	25	5154.2776	5154.8777	5154.8777	5155.0777	5155.1541
3	24	1	2	26	1	2	1	26	1	2	4	1	0.25438215	26	5156.884	5157.484	5157.484	5157.684	5157.7383
3	24	1	2	27	1	2	1	27	4	2	5	1	0.47390377	27	5159.4906	5160.0906	5160.0906	5160.2906	5160.5645
3	24	1	2	28	1	2	1	28	3	1	4	1	0.40957988	28	5162.1708	5162.3708	5162.3708	5162.5708	5162.7804
3	24	1	2	29	1	2	1	29	6	2	5	1	0.37800123	29	5164.3776	5164.9776	5164.9776	5165.1777	5165.3557
3	24	1	2	30	1	2	1	30	5	2	4	0	1.9641573	29	5166.984	5167.584	5167.584	5167.784	5169.5481
3	24	1	2	31	1	6	1	1	2	1	1	0	0.63895433	0	5259.8661	5260.0662	5260.0663	5260.2665	5260.7053
3	24	1	2	32	1	6	1	2	2	2	2	1	0.49161468	1	5262.3811	5262.9811	5262.9811	5263.1811	5263.4727
3	24	1	2	33	1	6	1	3	3	2	3	1	0.64290088	2	5264.9876	5265.5876	5265.5876	5265.7877	5266.2305
3	24	1	2	34	1	6	1	4	2	1	2	1	0.67897218	3	5267.5942	5267.7943	5267.7943	5267.9943	5268.4732
3	24	1	2	35	1	6	1	5	1	1	1	1	0.64348375	4	5269.801	5270.001	5270.001	5270.2011	5270.6445
3	24	1	2	36	1	6	1	6	1	2	1	1	0.55519442	5	5272.0077	5272.6077	5272.6077	5272.8077	5273.1629
3	24	1	2	37	1	6	1	7	2	2	2	1	1.1956407	6	5274.6142	5275.2142	5275.2143	5275.4143	5276.4099
3	24	1	2	38	1	6	1	8	4	2	6	1	1.9479475	7	5277.2209	5277.8209	5277.8209	5278.0209	5279.7689
3	24	1	2	39	1	6	1	9	5	2	7	1	0.61351891	8	5279.8283	5280.4283	5280.4283	5280.6283	5281.0418
3	24	1	2	40	1	6	1	10	2	1	2	1	1.0408911	9	5282.4353	5282.6353	5282.6353	5282.8354	5283.6762
3	24	1	2	41	1	6	1	11	6	1	8	1	0.590222	10	5284.6424	5284.8424	5284.8424	5285.0424	5285.4326
3	24	1	2	42	1	6	1	12	1	1	1	1	0.46499596	11	5286.8493	5287.0494	5287.0494	5287.2494	5287.5143
3	24	1	2	43	1	6	1	13	5	1	7	1	1.1715928	12	5289.0565	5289.2565	5289.2565	5289.4566	5290.4281
3	24	1	2	44	1	6	1	14	3	1	3	1	1.2058885	13	5291.2826	5291.4826	5291.4826	5291.6827	5292.6885
3	24	1	2	45	1	6	1	15	3	2	3	1	0.57861545	14	5293.4896	5294.0896	5294.0896	5294.2896	5294.6682
3	24	1	2	46	1	6	1	16	6	2	8	1	0.75454352	15	5296.0969	5296.6969	5296.6969	5296.8969	5297.4514
3	24	1	2	47	1	6	1	17	6	2	8	1	0.56208771	16	5298.7039	5299.3039	5299.3039	5299.5039	5299.866
3	24	1	2	48	1	6	1	18	4	1	6	1	1.2901375	17	5301.3113	5301.5114	5301.5114	5301.7114	5302.8015
3	24	1	2	49	1	6	1	19	5	1	7	1	0.72301017	18	5303.5184	5303.7184	5303.7184	5303.9185	5304.4414
3	24	1	2	50	1	6	1	20	5	1	7	1	0.63088096	19	5305.7258	5305.9259	5305.9259	5306.1259	5306.5568
3	24	1	2	51	1	6	1	21	4	2	6	1	0.94010562	20	5307.9335	5308.5335	5308.5335	5308.7335	5309.4736
3	24	1	2	52	1	6	1	22	4	1	6	1	0.54679134	21	5310.5413	5310.7413	5310.7413	5310.9414	5311.2881
3	24	1	2	53	1	6	1	23	6	1	8	1	0.62199782	22	5312.7485	5312.9485	5312.9485	5313.1485	5313.5705
3	24	1	2	54	1	6	1	24	5	1	1	0	1.9939344	22	5314.9557	5315.1557	5315.1557	5315.3557	5317.1497
3	24	1	2	55	1	6	1	25	4	2	6	1	0.93037898	23	5317.4795	5318.0795	5318.0795	5318.2795	5319.0099
3	24	1	2	56	1	6	1	26	1	2	1	1	0.89995781	24	5320.0868	5320.6868	5320.6869	5320.8869	5321.5869
3	24	1	2	57	1	6	1	27	6	2	8	1	1.2142035	25	5322.6943	5323.2944	5323.2944	5323.4944	5324.5086
3	24	1	2	58	1	6	1	28	3	1	3	1	0.90211554	26	5325.3019	5325.5019	5325.5019	5325.7019	5326.404
3	24	1	2	59	1	6	1	29	1	2	2	1	1.222697	27	5327.5098	5328.1098	5328.1099	5328.3099	5329.3325
3	24	1	2	60	1	6	1	30	3	2	3	1	0.94079975	28	5330.1177	5330.7177	5330.7177	5330.9178	5331.6585
3	24	1	2	61	1	2	2	1	4	1	5	1	0.57956192	1	5345.3823	5345.5823	5345.5823	5345.7823	5346.1619
3	24	1	2	62	1	2	2	2	4	2	5	1	0.90781778	2	5347.5903	5348.1903	5348.1903	5348.3903	5349.0981
3	24	1	2	63	1	2	2	3	2	2	4	1	0.70207394	3	5350.198	5350.798	5350.7981	5350.9981	5351.5002
3	24	1	2	64	1	2	2	4	1	1	4	1	0.85244177	4	5352.8064	5353.0065	5353.0066	5353.2066	5353.859
3	24	1	2	65	1	2	2	5	2	1	4	1	0.47380002	5	5355.0145	5355.2146	5355.2146	5355.4146	5355.6884
3	24	1	2	66	1	2	2	6	1	2	4	1	0.39899328	6	5357.2222	5357.8222	5357.8222	5358.0222	5358.2212
3	24	1	2	67	1	2	2	7	6	2	5	1	0.65332275	7	5359.8306	5360.4306	5360.4306	5360.6306	5361.0839
3	24	1	2	68	1	2	2	8	2	2	4	1	0.88332004	8	5362.4388	5363.0388	5363.0388	5363.2388	5363.9221
3	24	1	2	69	1	2	2	9	3	2	4	1	0.86627717	9	5365.0469	5365.6469	5365.6469	5365.8469	5366.5132
3	24	1	2	70	1	2	2	10	2	1	4	1	0.61069338	10	5367.6548	5367.8548	5367.8548	5368.0548	5368.4655
3	24	1	2	71	1	2	2	11	1	1	4	1	0.45761042	11	5369.8632	5370.0632	5370.0632	5370.2632	5370.5208
3	24	1	2	72	1	2	2	12	3	1	4	1	0.27707693	12	5372.0717	5372.2717	5372.2717	5372.4717	5372.5488
3	24	1	2	73	1	2	2	13	6	1	5	1	0.48050675	13	5374.2823	5374.4823	5374.4823	5374.6823	5374.9628
3	24	1	2	74	1	2	2	14	1	1	4	1	0.48958353	14	5376.4905	5376.6905	5376.6905	5376.8905	5377.18
3	24	1	2	75	1	2	2	15	5	2	5	1	0.41465362	15	5378.6989	5379.299	5379.299	5379.499	5379.7136
3	24	1	2	76	1	2	2	16	6	2	5	1	0.65675788	16	5381.3797	5381.9797	5381.9798	5382.1798	5382.6366
3	24	1	2	77	1	2	2	17	4	2	5	1	0.52048431	17	5383.988	5384.5881	5384.5881	5384.7881	5385.1086
3	24	1	2	78	1	2	2	18	4	1	5	1	0.67113569	18	5386.5972	5386.7972	5386.7972	5386.9972	5387.4683
3	24	1	2	79	1	2	2	19	6	1	5	1	0.53243109	19	5388.8057	5389.0057	5389.0057	5389.2057	5389.5382
3	24	1	2	80	1	2	2	20	5	1	5	1	0.71645168	20	5391.0142	5391.2142	5391.2142	5391.4142	5391.9306
3	24	1	2	81	1	2	2	21	3	2	4	1	0.74097305	21	5393.2222	5393.8222	5393.8222	5394.0222	5394.5632
3	24	1	2	82	1	2	2	22	4	1	5	1	0.53084995	22	5395.8305	5396.0305	5396.0305	5396.2305	5396.5614
3	24	1	2	83	1	2	2	23	5	1	5	1	0.43410748	23	5398.0389	5398.2389	5398.2389	5398.4389	5398.673
3	24	1	2	84	1	2	2	24	1	1	4	1	0.7670915	24	5400.2473	5400.4473	5400.4473	5400.6473	5401.2144
3	24	1	2	85	1	2	2	25	3	2	4	1	0.7516297	25	5402.4584	5403.0584	5403.0584	5403.2584	5403.81
3	24	1	2	86	1	2	2	26	2	2	4	1	0.43115819	26	5405.0676	5405.6676	5405.6676	5405.8676	5406.0988
3	24	1	2	87	1	2	2	27	5	2	5	1	0.37184619	27	5407.677	5408.277	5408.277	5408.477	5408.6489
3	24	1	2	88	1	2	2	28	5	1	5	1	0.43582266	28	5410.2862	5410.4862	5410.4862	5410.6863	5410.9221
3	24	1	2	89	1	2	2	29	6	2	5	1	0.53052931	29	5412.4948	5413.0948	5413.0948	5413.2948	5413.6253
3	24	1	2	90	1	2	2	30	3	2	4	1	0.45135021	30	5415.1035	5415.7035	5415.7035	5415.9035	5416.1549
3	24	1	2	91	1	6	2	1	5	1	2	0	1.4506562	0	5430.8873	5431.0873	5431.0873	5431.2873	5432.538
3	24	1	2	92	1	6	2	2	1	2	2	0	1.0703651	0	5433.4057	5434.0057	5434.0057	5434.2057	5435.0761
3	24	1	2	93	1	6	2	3	5	2	7	1	0.78610852	1	5436.3212	5436.9212	5436.9212	5437.1212	5437.7073
3	24	1	2	94	1	6	2	4	4	1	6	1	0.9975702	2	5438.9328	5439.1328	5439.1328	5439.3328	5440.1304
3	24	1	2	95	1	6	2	5	5	1	7	1	0.74083284	3	5441.1418	5441.3418	5441.3419	5441.5419	5442.0827
3	24	1	2	96	1	6	2	6	3	2	3	1	0.66041261	4	5443.3509	5443.951	5443.951	5444.151	5444.6114
3	24	1	2	97	1	6	2	7	3	2	3	1	1.0119658	5	5445.9604	5446.5604	5446.5604	5446.7604	5447.5724
3	24	1	2	98	1	6	2	8	2	2	2	1	0.76988296	6	5448.5697	5449.1697	5449.1697	5449.3697	5449.9396
3	24	1	2	99	1	6	2	9	1	2	2	0	0.87959989	6	5451.1787	5451.7787	5451.7787	5451.9788	5452.6583
3	24	1	2	100	1	6	2	10	6	1	8	1	1.7354738	7	5454.0986	5454.2986	5454.2986	5454.4986	5456.0341
3	24	1	2	101	1	6	2	11	3	1	3	1	1.2703896	8	5456.308	5456.508	5456.508	5456.708	5457.7784
3	24	1	2	102	1	6	2	12	6	1	7	0	0.79083635	8	5458.5179	5458.7179	5458.7179	5458.9179	5459.5087
3	24	1	2	103	1	6	2	13	3	1	3	1	0.72661373	9	5461.034	5461.234	5461.234	5461.434	5461.9606
3	24	1	2	104	1	6	2	14	2	1	2	1	1.6488986	10	5463.2436	5463.4437	5463.4437	5463.6437	5465.0926
3	24	1	2	105	1	6	2	15	6	2	8	1	0.80692842	11	5465.4765	5466.0765	5466.0765	5466.2765	5466.8834
3	24	1	2	106	1	6	2	16	4	2	6	1	1.7648597	12	5468.0861	5468.6861	5468.6861	5468.8861	5470.451
3	24	1	2	107	1	6	2	17	2	2	2	1	1.3147813	13	5470.6956	5471.2956	5471.2956	5471.4956	5472.6104
3	24	1	2	108	1	6	2	18	1	1	1	1	0.61782407	14	5473.3052	5473.5052	5473.5052	5473.7052	5474.123
3	24	1	2	109	1	6	2	19	4	1	6	1	0.80972111	15	5475.5151	5475.7151	5475.7151	5475.9151	5476.5248
3	24	1	2	110	1	6	2	20	5	1	7	1	1.1308826	16	5477.725	5477.925	5477.925	5478.125	5479.0559
3	24	1	2	111	1	6	2	21	3	2	3	1	0.96225593	17	5479.9347	5480.5347	5480.5347	5480.7347	5481.497
3	24	1	2	112	1	6	2	22	1	1	1	1	1.1056191	18	5482.5443	5482.7443	5482.7443	5482.9443	5483.8499
3	24	1	2	113	1	6	2	23	2	1	2	1	0.70344488	19	5484.7541	5484.9541	5484.9541	5485.1541	5485.6575
3	24	1	2	114	1	6	2	24	6	1	8	1	0.65432653	20	5486.9641	5487.1641	5487.1641	5487.3641	5487.8184
3	24	1	2	115	1	6	2	25	6	2	8	1	0.50035567	21	5489.174	5489.774	5489.774	5489.974	5490.2744
3	24	1	2	116	1	6	2	26	5	2	2	0	1.2683868	21	5491.7844	5492.3844	5492.3844	5492.5844	5493.6528
3	24	1	2	117	1	6	2	27	1	2	6	0	1.1863554	21	5494.698	5495.298	5495.298	5495.498	5496.4843
3	24	1	2	118	1	6	2	28	2	1	2	1	1.6539162	22	5497.6138	5497.8138	5497.8138	5498.0138	5499.4677
3	24	1	2	119	1	6	2	29	4	2	6	1	0.98002323	23	5499.8248	5500.4248	5500.4248	5500.6248	5501.4048
3	24	1	2	120	1	6	2	30	4	2	6	1	0.67247493	24	5502.4346	5503.0346	5503.0346	5503.2346	5503.707
3	24	1	2	121	1	2	3	1	2	1	4	1	0.98058999	1	5515.9722	5516.1722	5516.1722	5516.3722	5517.1528
3	24	1	2	122	1	2	3	2	3	2	5	1	0.62679727	2	5518.1824	5518.7824	5518.7824	5518.9824	5519.4092
3	24	1	2	123	1	2	3	3	6	2	5	1	0.47245257	3	5520.7926	5521.3926	5521.3926	5521.5926	5521.8651
3	24	1	2	124	1	2	3	4	3	1	4	1	0.6153828	4	5523.403	5523.603	5523.603	5523.803	5524.2184
3	24	1	2	125	1	2	3	5	3	1	4	1	0.44593153	5	5525.6132	5525.8132	5525.8132	5526.0132	5526.2591
3	24	1	2	126	1	2	3	6	4	2	5	1	0.73073363	6	5527.8234	5528.4234	5528.4234	5528.6234	5529.1541
3	24	1	2	127	1	2	3	7	4	2	5	1	0.38371311	7	5530.4336	5531.0336	5531.0336	5531.2336	5531.4173
3	24	1	2	128	1	2	3	8	1	2	4	1	0.40842105	8	5533.044	5533.644	5533.6441	5533.8441	5534.0525
3	24	1	2	129	1	2	3	9	2	2	4	1	0.33825548	9	5535.6552	5536.2552	5536.2552	5536.4552	5536.5935
3	24	1	2	130	1	2	3	10	2	1	4	1	0.40240191	10	5538.266	5538.466	5538.466	5538.666	5538.8684
3	24	1	2	131	1	2	3	11	1	1	4	1	0.36343671	11	5540.549	5540.749	5540.749	5540.949	5541.1125
3	24	1	2	132	1	2	3	12	2	1	4	1	0.42606061	12	5542.7596	5542.9596	5542.9596	5543.1596	5543.3856
3	24	1	2	133	1	2	3	13	6	1	5	1	0.36199218	13	5544.97	5545.17	5545.1701	5545.3701	5545.532
3	24	1	2	134	1	2	3	14	4	1	5	1	0.31722518	14	5547.181	5547.381	5547.381	5547.581	5547.6982
3	24	1	2	135	1	2	3	15	3	2	4	1	0.32729769	15	5549.3919	5549.9919	5549.9919	5550.1919	5550.3192
3	24	1	2	136	1	2	3	16	4	2	5	1	0.32228718	16	5552.0024	5552.6024	5552.6024	5552.8024	5552.9247
3	24	1	2	137	1	2	3	17	5	2	5	1	0.53037983	17	5554.6169	5555.2169	5555.2169	5555.4169	5555.7473
3	24	1	2	138	1	2	3	18	1	1	4	1	0.65525147	18	5557.2275	5557.4275	5557.4275	5557.6275	5558.0828
3	24	1	2	139	1	2	3	19	1	1	4	1	0.42747255	19	5559.438	5559.638	5559.638	5559.838	5560.0655
3	24	1	2	140	1	2	3	20	3	1	4	1	0.42644009	20	5561.6502	5561.8503	5561.8503	5562.0503	5562.2767
3	24	1	2	141	1	2	3	21	6	2	5	1	0.24087266	21	5563.8661	5564.4661	5564.4661	5564.6662	5564.707
3	24	1	2	142	1	2	3	22	4	1	5	1	0.34267669	22	5566.4777	5566.6777	5566.6777	5566.8777	5567.0204
3	24	1	2	143	1	2	3	23	6	1	5	1	0.23567453	23	5568.6887	5568.8887	5568.8887	5569.0887	5569.1244
3	24	1	2	144	1	2	3	24	5	1	5	1	0.45444613	24	5570.9003	5571.1003	5571.1003	5571.3003	5571.5548
3	24	1	2	145	1	2	3	25	5	2	5	1	0.274238	25	5573.1112	5573.7112	5573.7112	5573.9112	5573.9854
3	24	1	2	146	1	2	3	26	6	2	5	1	0.45363879	26	5575.7252	5576.3252	5576.3252	5576.5252	5576.7788
3	24	1	2	147	1	2	3	27	5	2	5	1	0.44121156	27	5578.3362	5578.9362	5578.9362	5579.1362	5579.3775
3	24	1	2	148	1	2	3	28	1	1	4	1	0.55068394	28	5580.9479	5581.1479	5581.148	5581.348	5581.6986
3	24	1	2	149	1	2	3	29	5	2	5	1	0.54704561	29	5583.1594	5583.7594	5583.7594	5583.9594	5584.3065
3	24	1	2	150	1	2	3	30	2	2	4	1	0.47351245	30	5585.7714	5586.3714	5586.3714	5586.5714	5586.8449
3	24	1	2	151	1	6	3	1	5	1	7	1	0.73919263	1	5597.8807	5598.0807	5598.0807	5598.2807	5598.8199
3	24	1	2	152	1	6	3	2	2	2	2	1	0.78976971	2	5600.0937	5600.6937	5600.6937	5600.8937	5601.4835
3	24	1	2	153	1	6	3	3	1	2	1	1	0.50315247	3	5602.7076	5603.3076	5603.3076	5603.5076	5603.8107
3	24	1	2	154	1	6	3	4	4	1	6	1	0.93713892	4	5605.3197	5605.5197	5605.5198	5605.7198	5606.4569
3	24	1	2	155	1	6	3	5	3	1	3	1	0.89421849	5	5607.5316	5607.7317	5607.7317	5607.9317	5608.6259
3	24	1	2	156	1	6	3	6	6	2	8	1	0.64533631	6	5609.7429	5610.3429	5610.3429	5610.5429	5610.9883
3	24	1	2	157	1	6	3	7	1	2	1	1	0.63820687	7	5612.3548	5612.9548	5612.9548	5613.1548	5613.593
3	24	1	2	158	1	6	3	8	4	2	6	1	0.74193113	8	5614.9668	5615.5668	5615.5668	5615.7668	5616.3087
3	24	1	2	159	1	6	3	9	3	2	3	1	0.64736315	9	5617.5789	5618.1789	5618.1789	5618.3789	5618.8263
3	24	1	2	160	1	6	3	10	4	1	6	1	0.74649877	10	5620.191	5620.391	5620.391	5620.591	5621.1375
3	24	1	2	161	1	6	3	11	2	1	2	1	1.0383541	11	5622.4026	5622.6026	5622.6026	5622.8026	5623.6409
3	24	1	2	162	1	6	3	12	3	1	3	1	0.75719032	12	5624.6333	5624.8333	5624.8333	5625.0333	5625.5905
3	24	1	2	163	1	6	3	13	1	1	1	1	0.59657894	13	5626.8455	5627.0455	5627.0455	5627.2455	5627.6421
3	24	1	2	164	1	6	3	14	5	1	7	1	1.0175309	14	5629.0577	5629.2577	5629.2577	5629.4577	5630.2752
3	24	1	2	165	1	6	3	15	5	2	7	1	0.34592571	15	5631.2717	5631.8717	5631.8717	5632.0717	5632.2177
3	24	1	2	166	1	6	3	16	4	2	6	1	0.57175724	16	5633.8843	5634.4843	5634.4843	5634.6843	5635.0561
3	24	1	2	167	1	6	3	17	5	2	7	1	0.55141565	17	5636.4971	5637.0971	5637.0971	5637.2971	5637.6485
3	24	1	2	168	1	6	3	18	2	1	2	1	1.254752	18	5639.1096	5639.3096	5639.3096	5639.5096	5640.5643
3	24	1	2	169	1	6	3	19	4	1	6	1	0.72965523	19	5641.3216	5641.5216	5641.5216	5641.7216	5642.2513
3	24	1	2	170	1	6	3	20	2	1	7	0	0.83052816	19	5643.5336	5643.7336	5643.7336	5643.9336	5644.5641
3	24	1	2	171	1	6	3	21	6	2	8	1	0.74323649	20	5646.0499	5646.6499	5646.6499	5646.8499	5647.3932
3	24	1	2	172	1	6	3	22	1	1	1	1	1.1442173	21	5648.6645	5648.8645	5648.8645	5649.0645	5650.0088
3	24	1	2	173	1	6	3	23	1	1	1	1	0.48090762	22	5650.8768	5651.0768	5651.0768	5651.2768	5651.5577
3	24	1	2	174	1	6	3	24	3	1	3	1	0.68166939	23	5653.0895	5653.2895	5653.2895	5653.4895	5653.9711
3	24	1	2	175	1	6	3	25	6	2	8	1	0.63531531	24	5655.3015	5655.9015	5655.9015	5656.1015	5656.5368
3	24	1	2	176	1	6	3	26	2	2	2	1	0.6164592	25	5657.9136	5658.5136	5658.5136	5658.7136	5659.1301
3	24	1	2	177	1	6	3	27	6	2	8	1	0.66794115	26	5660.5256	5661.1256	5661.1256	5661.3256	5661.7935
3	24	1	2	178	1	6	3	28	3	1	3	1	1.2583267	27	5663.1383	5663.3383	5663.3383	5663.5383	5664.5966
3	24	1	2	179	1	6	3	29	6	2	8	1	0.62038973	28	5665.351	5665.951	5665.951	5666.151	5666.5714
3	24	1	2	180	1	6	3	30	5	2	7	1	1.0138791	29	5667.9638	5668.5638	5668.5638	5668.7638	5669.5777
3	24	1	2	181	2	2	4	1	2	1	4	1	0.60879744	1	6169.9866	6170.1867	6170.1867	6170.3867	6170.7955
3	24	1	2	182	2	2	4	2	3	2	4	1	0.41446425	2	6172.2006	6172.8006	6172.8006	6173.0006	6173.215
3	24	1	2	183	2	2	4	3	1	2	4	1	0.37072439	3	6174.8134	6175.4134	6175.4134	6175.6134	6175.7841
3	24	1	2	184	2	2	4	4	1	1	4	1	0.35216715	4	6177.4262	6177.6262	6177.6262	6177.8262	6177.9784
3	24	1	2	185	2	2	4	5	6	1	5	1	0.37948871	5	6179.6394	6179.8394	6179.8394	6180.0394	6180.2189
3	24	1	2	186	2	2	4	6	2	2	4	1	0.37478454	6	6181.852	6182.452	6182.452	6182.652	6182.8268
3	24	1	2	187	2	2	4	7	2	2	4	1	0.3985387	7	6184.4656	6185.0656	6185.0656	6185.2656	6185.4641
3	24	1	2	188	2	2	4	8	5	2	5	1	0.40392176	8	6187.0783	6187.6783	6187.6783	6187.8783	6188.0822
3	24	1	2	189	2	2	4	9	4	2	5	1	0.47121633	9	6189.6915	6190.2915	6190.2915	6190.4915	6190.7627
3	24	1	2	190	2	2	4	10	5	1	5	1	0.36229435	10	6192.3046	6192.5046	6192.5046	6192.7046	6192.8669
3	24	1	2	191	2	2	4	11	4	1	5	1	0.39663273	11	6194.5176	6194.7176	6194.7176	6194.9176	6195.1142
3	24	1	2	192	2	2	4	12	1	1	4	1	0.41600845	12	6196.7312	6196.9312	6196.9312	6197.1312	6197.3472
3	24	1	2	193	2	2	4	13	6	1	5	1	0.56316962	13	6198.9443	6199.1443	6199.1443	6199.3443	6199.7075
3	24	1	2	194	2	2	4	14	1	1	4	1	0.48287786	14	6201.1581	6201.3581	6201.3581	6201.5581	6201.841
3	24	1	2	195	2	2	4	15	4	2	5	1	0.46435101	15	6203.3716	6203.9716	6203.9716	6204.1716	6204.436
3	24	1	2	196	2	2	4	16	4	2	5	1	0.39549508	16	6205.9852	6206.5852	6206.5852	6206.7852	6206.9807
3	24	1	2	197	2	2	4	17	5	2	5	1	0.40211277	17	6208.5988	6209.1988	6209.1988	6209.3988	6209.6009
3	24	1	2	198	2	2	4	18	6	1	5	1	0.40849844	18	6211.212	6211.412	6211.412	6211.612	6211.8205
3	24	1	2	199	2	2	4	19	5	1	5	1	0.40200417	19	6213.4255	6213.6255	6213.6255	6213.8255	6214.0275
3	24	1	2	200	2	2	4	20	3	1	4	1	0.58040724	20	6215.6394	6215.8394	6215.8394	6216.0394	6216.4198
3	24	1	2	201	2	2	4	21	2	2	4	1	0.9011363	21	6217.8533	6218.4533	6218.4533	6218.6533	6219.3544
3	24	1	2	202	2	2	4	22	6	1	5	1	0.56149128	22	6220.467	6220.667	6220.667	6220.867	6221.2285
3	24	1	2	203	2	2	4	23	2	1	4	1	0.45075948	23	6222.682	6222.882	6222.882	6223.082	6223.3328
3	24	1	2	204	2	2	4	24	3	1	4	1	0.40135119	24	6224.8953	6225.0953	6225.0953	6225.2953	6225.4966
3	24	1	2	205	2	2	4	25	5	2	5	1	0.36481453	25	6227.1091	6227.7091	6227.7091	6227.9091	6228.0739
3	24	1	2	206	2	2	4	26	4	2	5	1	0.37392872	26	6229.7228	6230.3228	6230.3228	6230.5228	6230.6967
3	24	1	2	207	2	2	4	27	1	2	4	1	0.40065147	27	6232.3366	6232.9366	6232.9366	6233.1366	6233.3372
3	24	1	2	208	2	2	4	28	3	1	4	1	0.42373592	28	6234.9529	6235.1529	6235.1529	6235.3529	6235.5766
3	24	1	2	209	2	2	4	29	3	2	4	1	0.42640933	29	6237.1668	6237.7668	6237.7668	6237.9668	6238.1932
3	24	1	2	210	2	2	4	30	6	2	7	1	0.6146309	30	6239.7782	6240.3782	6240.3782	6240.5782	6240.9929
3	24	1	2	211	2	6	4	1	2	1	2	1	1.0987901	1	6270.5743	6270.7743	6270.7743	6270.9743	6271.8731
3	24	1	2	212	2	6	4	2	5	2	7	1	0.93576159	2	6272.7888	6273.3888	6273.3888	6273.5888	6274.3246
3	24	1	2	213	2	6	4	3	6	2	8	1	0.79175062	3	6275.4026	6276.0026	6276.0026	6276.2026	6276.7944
3	24	1	2	214	2	6	4	4	6	1	8	1	0.47507542	4	6278.0168	6278.2168	6278.2168	6278.4168	6278.6919
3	24	1	2	215	2	6	4	5	2	1	2	1	1.3472168	5	6280.2318	6280.4318	6280.4318	6280.6318	6281.779
3	24	1	2	216	2	6	4	6	5	2	7	1	0.826258	6	6282.4459	6283.0459	6283.0459	6283.2459	6283.8722
3	24	1	2	217	2	6	4	7	4	2	3	0	1.6902747	6	6285.0623	6285.6623	6285.6623	6285.8623	6287.3526
3	24	1	2	218	2	6	4	8	1	2	1	1	0.7766362	7	6287.676	6288.276	6288.276	6288.476	6289.0527
3	24	1	2	219	2	6	4	9	5	2	7	1	0.71292643	8	6290.2907	6290.8907	6290.8907	6291.0907	6291.6036
3	24	1	2	220	2	6	4	10	4	1	6	1	1.0032442	9	6292.9053	6293.1053	6293.1053	6293.3053	6294.1085
3	24	1	2	221	2	6	4	11	3	1	3	1	1.368617	10	6295.1239	6295.3239	6295.3239	6295.5239	6296.6925
3	24	1	2	222	2	6	4	12	3	1	3	1	0.63847843	11	6297.3386	6297.5386	6297.5386	6297.7386	6298.1771
3	24	1	2	223	2	6	4	13	4	1	6	1	0.81765303	12	6299.5533	6299.7533	6299.7533	6299.9533	6300.5709
3	24	1	2	224	2	6	4	14	5	1	7	1	1.8440021	13	6301.7675	6301.9675	6301.9675	6302.1675	6303.8115
3	24	1	2	225	2	6	4	15	1	2	2	0	0.69071137	13	6303.9821	6304.5821	6304.5821	6304.7821	6305.2729
3	24	1	2	226	2	6	4	16	2	2	2	1	1.3407574	14	6306.5967	6307.1967	6307.1967	6307.3967	6308.5374
3	24	1	2	227	2	6	4	17	3	2	3	1	0.71209937	15	6309.2115	6309.8115	6309.8115	6310.0115	6310.5236
3	24	1	2	228	2	6	4	18	3	1	3	1	0.57543625	16	6311.8266	6312.0266	6312.0266	6312.2266	6312.6021
3	24	1	2	229	2	6	4	19	1	1	1	1	0.97538352	17	6314.0416	6314.2416	6314.2416	6314.4417	6315.217
3	24	1	2	230	2	6	4	20	2	1	2	1	0.97124987	18	6316.2568	6316.4568	6316.4568	6316.6568	6317.4281
3	24	1	2	231	2	6	4	21	2	2	2	1	0.44851483	19	6318.4721	6319.0721	6319.0721	6319.2721	6319.5206
3	24	1	2	232	2	6	4	22	5	1	7	1	0.79282964	20	6321.0874	6321.2874	6321.2874	6321.4874	6322.0802
3	24	1	2	233	2	6	4	23	4	1	3	1	1.3187616	21	6323.302	6323.5021	6323.5021	6323.7021	6324.8208
3	24	1	2	234	2	6	4	24	3	1	3	1	1.292421	22	6325.5169	6325.7169	6325.7169	6325.9169	6327.0093
3	24	1	2	235	2	6	4	25	6	2	8	1	0.87919329	23	6327.7489	6328.3489	6328.3489	6328.5489	6329.2281
3	24	1	2	236	2	6	4	26	1	2	1	1	0.90113972	24	6330.3638	6330.9638	6330.9638	6331.1638	6331.8649
3	24	1	2	237	2	6	4	27	6	2	8	1	0.59313029	25	6332.9783	6333.5783	6333.5783	6333.7783	6334.1715
3	24	1	2	238	2	6	4	28	1	1	1	1	0.85160856	26	6335.5945	6335.7945	6335.7945	6335.9945	6336.6461
3	24	1	2	239	2	6	4	29	6	2	8	1	0.60861328	27	6337.8099	6338.4099	6338.4099	6338.6099	6339.0186
3	24	1	2	240	2	6	4	30	4	2	6	1	0.90510834	28	6340.4248	6341.0249	6341.0249	6341.2249	6341.93
3	24	1	2	241	2	2	5	1	1	1	4	1	0.76696032	1	6371.1142	6371.3142	6371.3142	6371.5142	6372.0811
3	24	1	2	242	2	2	5	2	6	2	5	1	0.47292491	2	6373.3302	6373.9302	6373.9302	6374.1302	6374.4031
3	24	1	2	243	2	2	5	3	3	2	4	1	0.8087962	3	6375.9456	6376.5456	6376.5456	6376.7456	6377.3544
3	24	1	2	244	2	2	5	4	2	1	4	1	0.62510144	4	6378.5606	6378.7606	6378.7606	6378.9606	6379.3857
3	24	1	2	245	2	2	5	5	6	1	1	1	1.6894902	5	6380.7759	6380.9759	6380.9759	6381.1759	6382.6654
3	24	1	2	246	2	2	5	6	4	2	5	1	0.43916103	6	6382.9951	6383.5951	6383.5951	6383.7951	6384.0342
3	24	1	2	247	2	2	5	7	6	2	5	1	0.37776988	7	6385.6109	6386.2109	6386.2109	6386.4109	6386.5887
3	24	1	2	248	2	2	5	8	1	2	4	1	0.61528643	8	6388.2267	6388.8267	6388.8267	6389.0267	6389.442
3	24	1	2	249	2	2	5	9	3	2	4	1	0.47277553	9	6390.8425	6391.4425	6391.4425	6391.6425	6391.9153
3	24	1	2	250	2	2	5	10	2	1	4	1	0.58389458	10	6393.4588	6393.6588	6393.6588	6393.8588	6394.2427
3	24	1	2	251	2	2	5	11	5	1	5	1	0.55035868	11	6395.6746	6395.8746	6395.8746	6396.0746	6396.425
3	24	1	2	252	2	2	5	12	2	1	5	0	0.47410826	11	6397.8906	6398.0906	6398.0906	6398.2906	6398.5648
3	24	1	2	253	2	2	5	13	4	1	5	1	0.79846999	12	6400.1063	6400.3063	6400.3063	6400.5063	6401.1047
3	24	1	2	254	2	2	5	14	3	1	4	1	0.5182005	13	6402.3223	6402.5223	6402.5223	6402.7223	6403.0405
3	24	1	2	255	2	2	5	15	5	2	5	1	0.5516908	14	6404.538	6405.138	6405.138	6405.338	6405.6897
3	24	1	2	256	2	2	5	16	4	2	5	1	0.40292726	15	6407.1548	6407.7548	6407.7548	6407.9548	6408.1577
3	24	1	2	257	2	2	5	17	2	2	4	1	0.64746638	16	6409.7706	6410.3706	6410.3706	6410.5706	6411.018
3	24	1	2	258	2	2	5	18	5	1	5	1	0.47928594	17	6412.3866	6412.5866	6412.5866	6412.7866	6413.0659
3	24	1	2	259	2	2	5	19	6	1	5	1	0.4630035	18	6414.6028	6414.8028	6414.8028	6415.0028	6415.2658
3	24	1	2	260	2	2	5	20	3	1	4	1	0.4459706	19	6416.8189	6417.0189	6417.0189	6417.2189	6417.4649
3	24	1	2	261	2	2	5	21	4	2	5	1	0.55290953	20	6419.0352	6419.6352	6419.6352	6419.8352	6420.1881
3	24	1	2	262	2	2	5	22	1	1	4	1	0.50084822	21	6421.6515	6421.8515	6421.8515	6422.0515	6422.3524
3	24	1	2	263	2	2	5	23	2	1	4	1	1.5476055	22	6423.8686	6424.0686	6424.0686	6424.2686	6425.6162
3	24	1	2	264	2	2	5	24	6	1	5	1	0.46834368	23	6426.0853	6426.2853	6426.2853	6426.4853	6426.7537
3	24	1	2	265	2	2	5	25	5	2	5	1	0.52562094	24	6428.3017	6428.9017	6428.9017	6429.1017	6429.4273
3	24	1	2	266	2	2	5	26	5	2	5	1	0.50262699	25	6430.918	6431.518	6431.518	6431.718	6432.0206
3	24	1	2	267	2	2	5	27	1	2	4	1	0.60476798	26	6433.5342	6434.1342	6434.1342	6434.3342	6434.7389
3	24	1	2	268	2	2	5	28	1	1	4	1	0.62727189	27	6436.1506	6436.3506	6436.3506	6436.5506	6436.9779
3	24	1	2	269	2	2	5	29	4	2	4	0	0.55665537	27	6438.3668	6438.9668	6438.9668	6439.1668	6439.5235
3	24	1	2	270	2	2	5	30	3	2	4	1	0.54722909	28	6440.9838	6441.5838	6441.5838	6441.7838	6442.1311
3	24	1	2	271	2	6	5	1	4	1	6	1	0.64527993	1	6471.662	6471.862	6471.862	6472.062	6472.5073
3	24	1	2	272	2	6	5	2	3	2	3	1	0.70460951	2	6473.8796	6474.4796	6474.4796	6474.6796	6475.1842
3	24	1	2	273	2	6	5	3	4	2	6	1	0.59540493	3	6476.4962	6477.0962	6477.0962	6477.2962	6477.6916
3	24	1	2	274	2	6	5	4	4	1	6	1	0.53619632	4	6479.1128	6479.3128	6479.3128	6479.5128	6479.849
3	24	1	2	275	2	6	5	5	4	1	6	1	0.43360911	5	6481.3298	6481.5298	6481.5298	6481.7298	6481.9634
3	24	1	2	276	2	6	5	6	2	2	2	1	0.68040777	6	6483.5462	6484.1462	6484.1463	6484.3463	6484.8267
3	24	1	2	277	2	6	5	7	1	2	1	1	0.66870055	7	6486.1633	6486.7634	6486.7634	6486.9634	6487.4321
3	24	1	2	278	2	6	5	8	3	2	3	1	0.70407646	8	6488.7803	6489.3803	6489.3803	6489.5804	6490.0844
3	24	1	2	279	2	6	5	9	1	2	1	1	0.65478664	9	6491.3979	6491.9979	6491.9979	6492.198	6492.6527
3	24	1	2	280	2	6	5	10	5	1	7	1	1.0497432	10	6494.0157	6494.2157	6494.2157	6494.4157	6495.2654
3	24	1	2	281	2	6	5	11	3	1	3	1	0.73057931	11	6496.2338	6496.4338	6496.4338	6496.6338	6497.1644
3	24	1	2	282	2	6	5	12	2	1	2	1	1.2893547	12	6498.4512	6498.6512	6498.6512	6498.8512	6499.9406
3	24	1	2	283	2	6	5	13	4	1	6	1	0.96874426	13	6500.6687	6500.8687	6500.8687	6501.0687	6501.8374
3	24	1	2	284	2	6	5	14	6	1	8	1	0.84248573	14	6502.8864	6503.0864	6503.0864	6503.2864	6503.9289
3	24	1	2	285	2	6	5	15	3	2	3	1	1.0912871	15	6505.1037	6505.7037	6505.7037	6505.9037	6506.795
3	24	1	2	286	2	6	5	16	2	2	2	1	1.1519222	16	6507.7213	6508.3213	6508.3213	6508.5213	6509.4732
3	24	1	2	287	2	6	5	17	2	2	2	1	0.59174879	17	6510.3392	6510.9392	6510.9392	6511.1392	6511.5309
3	24	1	2	288	2	6	5	18	5	1	7	1	0.84021276	18	6512.9563	6513.1563	6513.1563	6513.3563	6513.9965
3	24	1	2	289	2	6	5	19	6	1	8	1	0.64710584	19	6515.1736	6515.3736	6515.3736	6515.5736	6516.0207
3	24	1	2	290	2	6	5	20	6	1	8	1	0.81765299	20	6517.3912	6517.5913	6517.5913	6517.7913	6518.4089
3	24	1	2	291	2	6	5	21	5	2	7	1	0.60764388	21	6519.6089	6520.2089	6520.2089	6520.4089	6520.8165
3	24	1	2	292	2	6	5	22	5	1	7	1	0.43136644	22	6522.2271	6522.4271	6522.4271	6522.6271	6522.8585
3	24	1	2	293	2	6	5	23	1	1	1	1	1.0133147	23	6524.4446	6524.6446	6524.6446	6524.8446	6525.6579
3	24	1	2	294	2	6	5	24	1	1	1	1	0.55667852	24	6526.6625	6526.8625	6526.8625	6527.0625	6527.4192
3	24	1	2	295	2	6	5	25	6	2	8	1	0.98471327	25	6528.8818	6529.4818	6529.4818	6529.6818	6530.4665
3	24	1	2	296	2	6	5	26	5	2	7	1	0.9175446	26	6531.5	6532.1	6532.1	6532.3	6533.0175
3	24	1	2	297	2	6	5	27	6	2	8	1	0.86892578	27	6534.1176	6534.7176	6534.7176	6534.9176	6535.5865
3	24	1	2	298	2	6	5	28	1	1	1	1	1.0388461	28	6536.7349	6536.9349	6536.9349	6537.1349	6537.9737
3	24	1	2	299	2	6	5	29	3	2	0	0	-6539.5534	28	6538.9534	6539.5534	6539.5534	6539.7534	0
3	24	1	2	300	2	6	5	30	2	2	2	1	1.7115281	29	6541.5713	6542.1713	6542.1713	6542.3713	6543.8828
3	24	1	2	301	2	2	6	1	2	1	4	1	1.0194728	1	6572.262	6572.462	6572.462	6572.662	6573.4815
3	24	1	2	302	2	2	6	2	5	2	5	1	0.56082519	2	6574.4806	6575.0806	6575.0806	6575.2806	6575.6414
3	24	1	2	303	2	2	6	3	6	2	5	1	0.42347799	3	6577.0996	6577.6996	6577.6996	6577.8996	6578.1231
3	24	1	2	304	2	2	6	4	2	1	4	1	0.54756625	4	6579.7187	6579.9187	6579.9187	6580.1188	6580.4663
3	24	1	2	305	2	2	6	5	1	1	4	1	0.54320027	5	6581.9374	6582.1374	6582.1374	6582.3374	6582.6806
3	24	1	2	306	2	2	6	6	6	2	5	1	0.59845997	6	6584.1559	6584.7559	6584.7559	6584.9559	6585.3544
3	24	1	2	307	2	2	6	7	3	2	4	1	0.62002024	7	6586.7739	6587.3739	6587.3739	6587.5739	6587.994
3	24	1	2	308	2	2	6	8	4	2	5	1	0.5045111	8	6589.3925	6589.9925	6589.9925	6590.1925	6590.497
3	24	1	2	309	2	2	6	9	6	2	5	1	0.40610088	9	6592.0504	6592.6504	6592.6504	6592.8504	6593.0565
3	24	1	2	310	2	2	6	10	5	1	5	1	0.59716933	10	6594.6684	6594.8684	6594.8684	6595.0684	6595.4656
3	24	1	2	311	2	2	6	11	4	1	5	1	0.36311527	11	6596.8872	6597.0872	6597.0872	6597.2872	6597.4503
3	24	1	2	312	2	2	6	12	1	1	4	1	0.3761737	12	6599.106	6599.306	6599.306	6599.506	6599.6822
3	24	1	2	313	2	2	6	13	1	1	4	1	0.38806237	13	6601.3242	6601.5242	6601.5242	6601.7242	6601.9123
3	24	1	2	314	2	2	6	14	6	1	5	1	0.47475957	14	6603.5433	6603.7433	6603.7433	6603.9433	6604.2181
3	24	1	2	315	2	2	6	15	3	2	4	1	0.43035956	15	6605.7619	6606.3619	6606.3619	6606.5619	6606.7923
3	24	1	2	316	2	2	6	16	4	2	5	1	0.96417668	16	6608.3804	6608.9804	6608.9804	6609.1804	6609.9446
3	24	1	2	317	2	2	6	17	5	2	5	1	0.37117651	17	6610.9997	6611.5997	6611.5997	6611.7997	6611.9709
3	24	1	2	318	2	2	6	18	3	1	4	1	0.45478721	18	6613.6186	6613.8186	6613.8186	6614.0186	6614.2733
3	24	1	2	319	2	2	6	19	5	1	5	1	0.60232091	19	6615.8387	6616.0387	6616.0387	6616.2387	6616.641
3	24	1	2	320	2	2	6	20	4	1	5	1	0.38555104	20	6618.0576	6618.2576	6618.2576	6618.4577	6618.6432
3	24	1	2	321	2	2	6	21	4	2	5	1	0.38017311	21	6620.277	6620.877	6620.877	6621.077	6621.2571
3	24	1	2	322	2	2	6	22	1	1	4	1	0.47433245	22	6622.8964	6623.0964	6623.0965	6623.2965	6623.5708
3	24	1	2	323	2	2	6	23	3	1	0	0	-6625.3165	22	6625.1165	6625.3165	6625.3165	6625.5165	0
3	24	1	2	324	2	2	6	24	3	1	4	1	0.43760111	23	6627.3356	6627.5356	6627.5356	6627.7356	6627.9732
3	24	1	2	325	2	2	6	25	6	2	5	1	0.55200601	24	6629.5562	6630.1562	6630.1562	6630.3562	6630.7082
3	24	1	2	326	2	2	6	26	1	2	4	1	0.45829997	25	6632.1763	6632.7763	6632.7763	6632.9763	6633.2346
3	24	1	2	327	2	2	6	27	2	2	4	1	0.47569852	26	6634.7983	6635.3983	6635.3983	6635.5983	6635.874
3	24	1	2	328	2	2	6	28	5	1	5	1	0.45802913	27	6637.4222	6637.6222	6637.6222	6637.8222	6638.0802
3	24	1	2	329	2	2	6	29	2	2	4	1	0.58352002	28	6639.6432	6640.2432	6640.2432	6640.4432	6640.8268
3	24	1	2	330	2	2	6	30	2	2	4	1	0.68356521	29	6642.2624	6642.8624	6642.8625	6643.0625	6643.546
3	24	1	2	331	2	6	6	1	3	1	3	1	1.1568068	1	6672.942	6673.142	6673.142	6673.342	6674.2988
3	24	1	2	332	2	6	6	2	3	2	0	0	-6675.7619	1	6675.1619	6675.7619	6675.7619	6675.9619	0
3	24	1	2	333	2	6	6	3	5	2	7	1	1.3477379	2	6677.7813	6678.3813	6678.3813	6678.5813	6679.729
3	24	1	2	334	2	6	6	4	6	1	8	1	0.6457744	3	6680.4027	6680.6027	6680.6028	6680.8028	6681.2485
3	24	1	2	335	2	6	6	5	2	1	2	1	1.4676489	4	6682.6221	6682.8221	6682.8221	6683.0221	6684.2897
3	24	1	2	336	2	6	6	6	6	2	8	1	0.65906671	5	6684.8415	6685.4415	6685.4415	6685.6415	6686.1005
3	24	1	2	337	2	6	6	7	1	2	1	1	0.75242284	6	6687.4642	6688.0642	6688.0642	6688.2642	6688.8167
3	24	1	2	338	2	6	6	8	3	2	3	1	0.83132848	7	6690.0836	6690.6836	6690.6836	6690.8836	6691.5149
3	24	1	2	339	2	6	6	9	2	2	2	1	0.732869	8	6692.7037	6693.3037	6693.3037	6693.5037	6694.0365
3	24	1	2	340	2	6	6	10	5	1	1	0	1.5453871	8	6695.3239	6695.5239	6695.5239	6695.7239	6697.0693
3	24	1	2	341	2	6	6	11	1	1	1	1	1.4530321	9	6697.5438	6697.7438	6697.7438	6697.9438	6699.1968
3	24	1	2	342	2	6	6	12	3	1	3	1	1.2134434	10	6699.7638	6699.9638	6699.9638	6700.1638	6701.1772
3	24	1	2	343	2	6	6	13	5	1	7	1	0.63579642	11	6701.9837	6702.1837	6702.1837	6702.3837	6702.8195
3	24	1	2	344	2	6	6	14	4	1	6	1	0.94894738	12	6704.2036	6704.4037	6704.4037	6704.6037	6705.3526
3	24	1	2	345	2	6	6	15	6	2	8	1	0.73742409	13	6706.4256	6707.0256	6707.0256	6707.2256	6707.763
3	24	1	2	346	2	6	6	16	1	2	1	1	0.8070766	14	6709.0454	6709.6454	6709.6454	6709.8454	6710.4525
3	24	1	2	347	2	6	6	17	4	2	6	1	0.77798344	15	6711.6653	6712.2653	6712.2653	6712.4653	6713.0433
3	24	1	2	348	2	6	6	18	4	1	6	1	0.465064	16	6714.2856	6714.4856	6714.4856	6714.6856	6714.9506
3	24	1	2	349	2	6	6	19	1	1	1	1	0.77448011	17	6716.5058	6716.7058	6716.7058	6716.9058	6717.4803
3	24	1	2	350	2	6	6	20	2	1	2	1	0.91367891	18	6718.7299	6718.9299	6718.9299	6719.13	6719.8436
3	24	1	2	351	2	6	6	21	5	2	7	1	0.7229058	19	6720.9503	6721.5503	6721.5503	6721.7503	6722.2732
3	24	1	2	352	2	6	6	22	5	1	7	1	0.62567088	20	6723.571	6723.771	6723.771	6723.971	6724.3966
3	24	1	2	353	2	6	6	23	2	1	2	1	1.6570522	21	6725.7912	6725.9912	6725.9912	6726.1912	6727.6482
3	24	1	2	354	2	6	6	24	6	1	8	1	0.84520307	22	6728.011	6728.211	6728.211	6728.411	6729.0562
3	24	1	2	355	2	6	6	25	2	2	2	1	0.63605782	23	6730.2327	6730.8327	6730.8327	6731.0327	6731.4687
3	24	1	2	356	2	6	6	26	1	2	1	1	0.79711764	24	6732.8524	6733.4525	6733.4525	6733.6525	6734.2496
3	24	1	2	357	2	6	6	27	6	2	8	1	1.1387748	25	6735.473	6736.073	6736.073	6736.273	6737.2117
3	24	1	2	358	2	6	6	28	4	1	6	1	1.4267227	26	6738.0937	6738.2937	6738.2938	6738.4938	6739.7205
3	24	1	2	359	2	6	6	29	4	2	6	1	0.75371632	27	6740.3144	6740.9144	6740.9144	6741.1144	6741.6681
3	24	1	2	360	2	6	6	30	3	2	2	0	1.1560175	27	6742.9355	6743.5355	6743.5355	6743.7355	6744.6915
3	24	1	2	361	3	2	7	1	4	1	5	1	0.94894095	1	7741.0865	7741.2865	7741.2865	7741.4865	7742.2355
3	24	1	2	362	3	2	7	2	4	2	5	1	0.47950206	2	7743.3068	7743.9068	7743.9068	7744.1068	7744.3863
3	24	1	2	363	3	2	7	3	3	2	4	1	0.47671377	3	7745.9276	7746.5276	7746.5276	7746.7276	7747.0044
3	24	1	2	364	3	2	7	4	6	1	5	1	0.47300793	4	7748.5486	7748.7486	7748.7486	7748.9486	7749.2216
3	24	1	2	365	3	2	7	5	6	1	5	1	0.48149618	5	7750.7692	7750.9692	7750.9692	7751.1692	7751.4507
3	24	1	2	366	3	2	7	6	4	2	5	1	0.58787002	6	7752.9908	7753.5908	7753.5908	7753.7908	7754.1786
3	24	1	2	367	3	2	7	7	1	2	0	0	-7756.2121	6	7755.6121	7756.2121	7756.2121	7756.4121	0
3	24	1	2	368	3	2	7	8	6	2	5	1	0.60984986	7	7758.2347	7758.8347	7758.8347	7759.0347	7759.4446
3	24	1	2	369	3	2	7	9	3	2	4	1	0.5276861	8	7760.8567	7761.4568	7761.4568	7761.6568	7761.9844
3	24	1	2	370	3	2	7	10	2	1	4	1	1.050423	9	7763.4781	7763.6781	7763.6781	7763.8781	7764.7285
3	24	1	2	371	3	2	7	11	3	1	4	1	0.43281969	10	7765.699	7765.899	7765.899	7766.099	7766.3319
3	24	1	2	372	3	2	7	12	3	1	4	1	0.40224212	11	7767.9204	7768.1205	7768.1205	7768.3205	7768.5227
3	24	1	2	373	3	2	7	13	1	1	4	1	0.43023997	12	7770.1418	7770.3418	7770.3418	7770.5419	7770.7721
3	24	1	2	374	3	2	7	14	4	1	1	1	0.99065304	13	7772.3661	7772.5661	7772.5661	7772.7661	7773.5568
3	24	1	2	375	3	2	7	15	2	2	4	1	0.63023328	14	7774.5874	7775.1874	7775.1874	7775.3874	7775.8177
3	24	1	2	376	3	2	7	16	3	2	4	1	0.40058272	15	7777.2087	7777.8087	7777.8087	7778.0087	7778.2093
3	24	1	2	377	3	2	7	17	2	2	4	1	0.43854724	16	7779.83	7780.43	7780.43	7780.63	7780.8685
3	24	1	2	378	3	2	7	18	6	1	5	1	0.51974537	17	7782.4498	7782.6498	7782.6498	7782.8498	7783.1695
3	24	1	2	379	3	2	7	19	4	1	5	1	0.39558236	18	7784.671	7784.871	7784.871	7785.071	7785.2666
3	24	1	2	380	3	2	7	20	1	1	4	1	0.59895896	19	7786.8929	7787.0929	7787.0929	7787.2929	7787.6918
3	24	1	2	381	3	2	7	21	5	2	5	1	0.86339944	20	7789.114	7789.714	7789.714	7789.914	7790.5774
3	24	1	2	382	3	2	7	22	5	1	5	1	0.5534525	21	7791.7358	7791.9358	7791.9358	7792.1358	7792.4892
3	24	1	2	383	3	2	7	23	2	1	4	1	0.58193158	22	7793.9572	7794.1572	7794.1572	7794.3572	7794.7391
3	24	1	2	384	3	2	7	24	5	1	5	1	0.55049171	23	7796.1783	7796.3783	7796.3783	7796.5783	7796.9288
3	24	1	2	385	3	2	7	25	6	2	5	1	0.51323788	24	7798.4012	7799.0013	7799.0013	7799.2013	7799.5145
3	24	1	2	386	3	2	7	26	5	2	5	1	0.59693194	25	7801.0232	7801.6232	7801.6232	7801.8233	7802.2202
3	24	1	2	387	3	2	7	27	1	2	4	1	0.6150935	26	7803.6451	7804.2451	7804.2451	7804.4451	7804.8602
3	24	1	2	388	3	2	7	28	5	1	5	1	0.51996907	27	7806.2671	7806.4671	7806.4671	7806.6671	7806.9871
3	24	1	2	389	3	2	7	29	1	2	4	1	0.75285963	28	7808.4884	7809.0884	7809.0884	7809.2884	7809.8413
3	24	1	2	390	3	2	7	30	2	2	4	1	0.5641715	29	7811.1101	7811.7101	7811.7101	7811.9101	7812.2743
3	24	1	2	391	3	6	7	1	2	1	2	1	1.3841694	1	7841.7955	7841.9955	7841.9955	7842.1955	7843.3797
3	24	1	2	392	3	6	7	2	4	2	6	1	1.4309444	2	7844.0212	7844.6212	7844.6212	7844.8212	7846.0521
3	24	1	2	393	3	6	7	3	3	2	3	1	0.85420478	3	7846.6432	7847.2432	7847.2432	7847.4432	7848.0974
3	24	1	2	394	3	6	7	4	1	1	1	1	0.72853136	4	7849.2651	7849.4651	7849.4651	7849.6651	7850.1937
3	24	1	2	395	3	6	7	5	5	1	7	1	0.75524878	5	7851.4895	7851.6895	7851.6895	7851.8895	7852.4447
3	24	1	2	396	3	6	7	6	3	2	3	1	0.7159335	6	7853.7116	7854.3117	7854.3117	7854.5117	7855.0276
3	24	1	2	397	3	6	7	7	5	2	7	1	0.53826578	7	7856.3368	7856.9368	7856.9368	7857.1368	7857.475
3	24	1	2	398	3	6	7	8	4	2	6	1	1.1572434	8	7858.9584	7859.5584	7859.5584	7859.7584	7860.7156
3	24	1	2	399	3	6	7	9	3	2	3	1	1.0759246	9	7861.5805	7862.1805	7862.1805	7862.3805	7863.2564
3	24	1	2	400	3	6	7	10	6	1	8	1	0.6550554	10	7864.2033	7864.4034	7864.4034	7864.6034	7865.0584
3	24	1	2	401	3	6	7	11	1	1	1	1	0.98435423	11	7866.4638	7866.6638	7866.6638	7866.8638	7867.6481
3	24	1	2	402	3	6	7	12	4	1	6	1	1.2786783	12	7868.6895	7868.8895	7868.8895	7869.0895	7870.1682
3	24	1	2	403	3	6	7	13	3	1	3	1	0.87446075	13	7870.9117	7871.1117	7871.1117	7871.3117	7871.9862
3	24	1	2	404	3	6	7	14	4	1	6	1	0.98046481	14	7873.1348	7873.3349	7873.3349	7873.5349	7874.3153
3	24	1	2	405	3	6	7	15	2	2	2	1	0.98260819	15	7875.3573	7875.9574	7875.9574	7876.1574	7876.94
3	24	1	2	406	3	6	7	16	6	2	8	1	0.82228161	16	7877.9796	7878.5796	7878.5796	7878.7796	7879.4019
3	24	1	2	407	3	6	7	17	6	2	8	1	0.58513305	17	7880.602	7881.202	7881.202	7881.4021	7881.7872
3	24	1	2	408	3	6	7	18	5	1	7	1	0.89783638	18	7883.2245	7883.4245	7883.4245	7883.6245	7884.3224
3	24	1	2	409	3	6	7	19	1	1	1	1	0.91312826	19	7885.4472	7885.6472	7885.6472	7885.8472	7886.5604
3	24	1	2	410	3	6	7	20	2	1	2	1	1.1416693	20	7887.6698	7887.8698	7887.8698	7888.0698	7889.0115
3	24	1	2	411	3	6	7	21	3	2	3	1	0.81910017	21	7889.8954	7890.4954	7890.4954	7890.6954	7891.3145
3	24	1	2	412	3	6	7	22	6	1	8	1	0.94597375	22	7892.5183	7892.7183	7892.7183	7892.9184	7893.6643
3	24	1	2	413	3	6	7	23	2	1	2	1	1.4356247	23	7894.7413	7894.9413	7894.9413	7895.1413	7896.377
3	24	1	2	414	3	6	7	24	1	1	1	1	1.0527588	24	7896.968	7897.168	7897.168	7897.368	7898.2207
3	24	1	2	415	3	6	7	25	6	2	8	1	0.75657753	25	7899.1955	7899.7955	7899.7955	7899.9955	7900.5521
3	24	1	2	416	3	6	7	26	5	2	7	1	0.68668937	26	7901.8189	7902.4189	7902.4189	7902.6189	7903.1056
3	24	1	2	417	3	6	7	27	4	2	6	1	0.65110271	27	7904.4454	7905.0454	7905.0454	7905.2454	7905.6965
3	24	1	2	418	3	6	7	28	1	1	1	1	1.118642	28	7907.0696	7907.2696	7907.2696	7907.4696	7908.3882
3	24	1	2	419	3	6	7	29	5	2	7	1	1.3269741	29	7909.2951	7909.8952	7909.8952	7910.0952	7911.2221
3	24	1	2	420	3	6	7	30	2	2	0	0	-7912.5183	29	7911.9182	7912.5182	7912.5183	7912.7183	0
3	24	1	2	421	3	2	8	1	6	1	5	1	0.64317331	1	7942.6248	7942.8248	7942.8248	7943.0248	7943.468
3	24	1	2	422	3	2	8	2	5	2	5	1	0.59327342	2	7944.8478	7945.4478	7945.4478	7945.6478	7946.041
3	24	1	2	423	3	2	8	3	6	2	5	1	0.3803796	3	7947.5508	7948.1508	7948.1508	7948.3508	7948.5312
3	24	1	2	424	3	2	8	4	6	1	5	1	0.46765265	4	7950.1741	7950.3742	7950.3742	7950.5742	7950.8418
3	24	1	2	425	3	2	8	5	3	1	0	0	-7952.5973	4	7952.3973	7952.5973	7952.5973	7952.7973	0
3	24	1	2	426	3	2	8	6	5	2	5	1	0.72451149	5	7954.6206	7955.2206	7955.2206	7955.4206	7955.9451
3	24	1	2	427	3	2	8	7	4	2	5	1	0.49864631	6	7957.2475	7957.8475	7957.8475	7958.0475	7958.3461
3	24	1	2	428	3	2	8	8	6	2	5	1	0.54624	7	7959.871	7960.471	7960.471	7960.671	7961.0172
3	24	1	2	429	3	2	8	9	3	2	4	1	0.74203505	8	7962.5661	7963.1661	7963.1661	7963.3661	7963.9082
3	24	1	2	430	3	2	8	10	1	1	4	1	0.41286484	9	7965.1894	7965.3895	7965.3895	7965.5895	7965.8023
3	24	1	2	431	3	2	8	11	2	1	4	1	0.54132191	10	7967.4156	7967.6156	7967.6156	7967.8156	7968.1569
3	24	1	2	432	3	2	8	12	4	1	5	1	0.49895979	11	7969.6397	7969.8397	7969.8397	7970.0397	7970.3386
3	24	1	2	433	3	2	8	13	5	1	5	1	0.49080565	12	7971.8633	7972.0633	7972.0633	7972.2633	7972.5541
3	24	1	2	434	3	2	8	14	2	1	4	1	0.56540529	13	7974.0869	7974.2869	7974.2869	7974.4869	7974.8523
3	24	1	2	435	3	2	8	15	2	2	4	1	0.93829606	14	7976.3104	7976.9104	7976.9104	7977.1104	7977.8487
3	24	1	2	436	3	2	8	16	4	2	5	1	0.50017895	15	7978.9337	7979.5337	7979.5337	7979.7337	7980.0339
3	24	1	2	437	3	2	8	17	3	2	4	1	0.7644961	16	7981.5579	7982.1579	7982.1579	7982.3579	7982.9224
3	24	1	2	438	3	2	8	18	3	1	4	1	0.55658271	17	7984.1827	7984.3827	7984.3827	7984.5827	7984.9393
3	24	1	2	439	3	2	8	19	2	1	0	0	-7986.6068	17	7986.4068	7986.6068	7986.6068	7986.8068	0
3	24	1	2	440	3	2	8	20	1	1	4	1	0.49123421	18	7988.6301	7988.8301	7988.8301	7989.0302	7989.3214
3	24	1	2	441	3	2	8	21	5	2	5	1	0.43651875	19	7990.854	7991.454	7991.454	7991.654	7991.8905
3	24	1	2	442	3	2	8	22	3	1	4	1	0.65054434	20	7993.4779	7993.6779	7993.6779	7993.8779	7994.3285
3	24	1	2	443	3	2	8	23	1	1	4	1	0.51914689	21	7995.7062	7995.9062	7995.9063	7996.1063	7996.4254
3	24	1	2	444	3	2	8	24	6	1	5	1	0.54312392	22	7997.9305	7998.1305	7998.1305	7998.3305	7998.6737
3	24	1	2	445	3	2	8	25	2	2	4	1	0.59218739	23	8000.1545	8000.7545	8000.7545	8000.9545	8001.3467
3	24	1	2	446	3	2	8	26	4	2	5	1	0.51785029	24	8002.7785	8003.3785	8003.3785	8003.5786	8003.8964
3	24	1	2	447	3	2	8	27	5	2	5	1	0.32807782	25	8005.4027	8006.0027	8006.0027	8006.2028	8006.3308
3	24	1	2	448	3	2	8	28	4	1	5	1	0.66139778	26	8008.027	8008.227	8008.227	8008.427	8008.8884
3	24	1	2	449	3	2	8	29	1	2	4	1	0.42579236	27	8010.2547	8010.8547	8010.8547	8011.0547	8011.2804
3	24	1	2	450	3	2	8	30	1	2	4	1	0.61746357	28	8012.8794	8013.4794	8013.4794	8013.6795	8014.0969
3	24	1	2	451	3	6	8	1	1	1	2	0	1.5327884	0	8043.5645	8043.7645	8043.7645	8043.9645	8045.2973
3	24	1	2	452	3	6	8	2	3	2	3	1	1.3390717	1	8045.7898	8046.3898	8046.3898	8046.5898	8047.7289
3	24	1	2	453	3	6	8	3	3	2	3	1	0.92125591	2	8048.415	8049.015	8049.015	8049.215	8049.9363
3	24	1	2	454	3	6	8	4	2	1	2	1	1.0194149	3	8051.0396	8051.2396	8051.2396	8051.4396	8052.259
3	24	1	2	455	3	6	8	5	4	1	6	1	1.0083193	4	8053.2645	8053.4645	8053.4645	8053.6645	8054.4729
3	24	1	2	456	3	6	8	6	1	2	1	1	1.0364786	5	8055.4917	8056.0917	8056.0917	8056.2917	8057.1282
3	24	1	2	457	3	6	8	7	3	2	3	1	0.99779219	6	8058.1168	8058.7169	8058.7169	8058.9169	8059.7146
3	24	1	2	458	3	6	8	8	2	2	2	1	1.2296669	7	8060.7417	8061.3417	8061.3417	8061.5417	8062.5713
3	24	1	2	459	3	6	8	9	5	2	7	1	0.88453844	8	8063.3665	8063.9665	8063.9665	8064.1665	8064.8511
3	24	1	2	460	3	6	8	10	6	1	8	1	0.66696055	9	8065.9908	8066.1908	8066.1909	8066.3909	8066.8578
3	24	1	2	461	3	6	8	11	1	1	1	1	1.0150913	10	8068.2181	8068.4181	8068.4181	8068.6181	8069.4332
3	24	1	2	462	3	6	8	12	6	1	8	1	0.87711876	11	8070.4432	8070.6433	8070.6433	8070.8433	8071.5204
3	24	1	2	463	3	6	8	13	1	1	1	1	1.0324199	12	8072.6684	8072.8684	8072.8684	8073.0684	8073.9008
3	24	1	2	464	3	6	8	14	2	1	2	1	0.86130317	13	8074.8938	8075.0938	8075.0938	8075.2938	8075.9551
3	24	1	2	465	3	6	8	15	3	2	3	1	0.93924513	14	8077.1187	8077.7187	8077.7187	8077.9187	8078.658
3	24	1	2	466	3	6	8	16	5	2	7	1	0.85761673	15	8079.7437	8080.3437	8080.3437	8080.5437	8081.2013
3	24	1	2	467	3	6	8	17	1	2	1	1	1.1351393	16	8082.3689	8082.9689	8082.9689	8083.1689	8084.1041
3	24	1	2	468	3	6	8	18	6	1	8	1	0.71303001	17	8084.9942	8085.1942	8085.1942	8085.3942	8085.9072
3	24	1	2	469	3	6	8	19	4	1	6	1	1.0287778	18	8087.2205	8087.4205	8087.4205	8087.6205	8088.4493
3	24	1	2	470	3	6	8	20	3	1	3	1	1.0512408	19	8089.4461	8089.6461	8089.6461	8089.8461	8090.6973
3	24	1	2	471	3	6	8	21	6	2	8	1	1.0561513	20	8091.7086	8092.3086	8092.3086	8092.5086	8093.3648
3	24	1	2	472	3	6	8	22	4	1	6	1	1.532605	21	8094.3339	8094.5339	8094.5339	8094.7339	8096.0665
3	24	1	2	473	3	6	8	23	4	1	6	1	0.64443273	22	8096.5589	8096.7589	8096.7589	8096.9589	8097.4034
3	24	1	2	474	3	6	8	24	4	1	6	1	0.57608571	23	8098.7845	8098.9845	8098.9845	8099.1845	8099.5606
3	24	1	2	475	3	6	8	25	2	2	2	1	1.023937	24	8101.0112	8101.6112	8101.6112	8101.8112	8102.6351
3	24	1	2	476	3	6	8	26	5	2	1	0	0.6326651	24	8103.7284	8104.3284	8104.3284	8104.5284	8104.961
3	24	1	2	477	3	6	8	27	5	2	1	0	0.65435571	24	8106.3569	8106.9569	8106.9569	8107.1569	8107.6113
3	24	1	2	478	3	6	8	28	6	1	8	1	1.217425	25	8108.9827	8109.1827	8109.1827	8109.3827	8110.4001
3	24	1	2	479	3	6	8	29	5	2	7	1	0.90386947	26	8111.2086	8111.8086	8111.8086	8112.0086	8112.7125
3	24	1	2	480	3	6	8	30	2	2	2	1	1.1736416	27	8113.8336	8114.4336	8114.4336	8114.6336	8115.6072
3	24	1	2	481	3	2	9	1	5	1	5	1	0.95773569	1	8144.5241	8144.7241	8144.7242	8144.9242	8145.6819
3	24	1	2	482	3	2	9	2	2	2	4	1	0.5453339	2	8146.75	8147.35	8147.35	8147.55	8147.8954
3	24	1	2	483	3	2	9	3	1	2	4	1	0.4814855	3	8149.3754	8149.9754	8149.9754	8150.1754	8150.4569
3	24	1	2	484	3	2	9	4	1	1	4	1	0.87541613	4	8152.0012	8152.2012	8152.2012	8152.4012	8153.0766
3	24	1	2	485	3	2	9	5	6	1	5	1	0.49456778	5	8154.2273	8154.4273	8154.4273	8154.6273	8154.9219
3	24	1	2	486	3	2	9	6	2	2	4	1	0.53599966	6	8156.4565	8157.0566	8157.0566	8157.2566	8157.5926
3	24	1	2	487	3	2	9	7	3	2	4	1	0.81706796	7	8159.0821	8159.6821	8159.6821	8159.8821	8160.4991
3	24	1	2	488	3	2	9	8	4	2	5	1	0.44556064	8	8161.7075	8162.3075	8162.3075	8162.5075	8162.7531
3	24	1	2	489	3	2	9	9	6	2	5	1	0.39560198	9	8164.3341	8164.9341	8164.9341	8165.1341	8165.3297
3	24	1	2	490	3	2	9	10	3	1	4	1	0.41699674	10	8166.9604	8167.1604	8167.1604	8167.3604	8167.5774
3	24	1	2	491	3	2	9	11	6	1	5	1	0.44817637	11	8169.187	8169.387	8169.387	8169.587	8169.8352
3	24	1	2	492	3	2	9	12	3	1	4	1	0.3409066	12	8171.413	8171.613	8171.613	8171.813	8171.9539
3	24	1	2	493	3	2	9	13	3	1	4	1	0.28543178	13	8173.639	8173.839	8173.839	8174.039	8174.1244
3	24	1	2	494	3	2	9	14	6	1	5	1	1.5839883	14	8175.8655	8176.0656	8176.0656	8176.2656	8177.6495
3	24	1	2	495	3	2	9	15	1	2	4	1	0.46953471	15	8178.0914	8178.6914	8178.6914	8178.8914	8179.1609
3	24	1	2	496	3	2	9	16	3	2	4	1	0.37206313	16	8180.7179	8181.3179	8181.3179	8181.518	8181.69
3	24	1	2	497	3	2	9	17	1	2	4	1	0.4927015	17	8183.347	8183.947	8183.947	8184.147	8184.4397
3	24	1	2	498	3	2	9	18	4	1	5	1	0.5318543	18	8185.9736	8186.1736	8186.1736	8186.3736	8186.7055
3	24	1	2	499	3	2	9	19	4	1	5	1	0.35046013	19	8188.2019	8188.4019	8188.4019	8188.6019	8188.7524
3	24	1	2	500	3	2	9	20	5	1	5	1	0.37364515	20	8190.4289	8190.6289	8190.6289	8190.829	8191.0026
3	24	1	2	501	3	2	9	21	5	2	5	1	0.43249814	21	8192.6556	8193.2556	8193.2556	8193.4556	8193.6881
3	24	1	2	502	3	2	9	22	1	1	4	1	0.68925507	22	8195.2829	8195.4829	8195.4829	8195.6829	8196.1721
3	24	1	2	503	3	2	9	23	6	1	5	1	0.9329109	23	8197.5093	8197.7093	8197.7093	8197.9093	8198.6422
3	24	1	2	504	3	2	9	24	4	1	5	1	0.70357609	24	8199.8282	8200.0283	8200.0283	8200.2283	8200.7318
3	24	1	2	505	3	2	9	25	4	2	5	1	0.43732453	25	8202.0553	8202.6553	8202.6553	8202.8553	8203.0926
3	24	1	2	506	3	2	9	26	5	2	5	1	0.56059831	26	8204.6818	8205.2818	8205.2818	8205.4818	8205.8424
3	24	1	2	507	3	2	9	27	2	2	4	1	0.7203333	27	8207.3082	8207.9082	8207.9082	8208.1082	8208.6286
3	24	1	2	508	3	2	9	28	2	1	4	1	0.60558025	28	8209.9346	8210.1346	8210.1346	8210.3346	8210.7402
3	24	1	2	509	3	2	9	29	2	2	4	1	0.51617038	29	8212.1607	8212.7607	8212.7607	8212.9607	8213.2769
3	24	1	2	510	3	2	9	30	5	2	5	1	0.75126072	30	8214.8442	8215.4442	8215.4442	8215.6442	8216.1955
3	24	1	2	511	3	6	9	1	5	1	7	1	1.3185263	1	8245.5342	8245.7342	8245.7342	8245.9342	8247.0527
3	24	1	2	512	3	6	9	2	4	2	6	1	1.4841766	2	8247.7639	8248.3639	8248.3639	8248.5639	8249.848
3	24	1	2	513	3	6	9	3	3	2	3	1	0.76354319	3	8250.3913	8250.9913	8250.9913	8251.1914	8251.7549
3	24	1	2	514	3	6	9	4	2	1	2	1	1.0704835	4	8253.0184	8253.2184	8253.2184	8253.4184	8254.2889
3	24	1	2	515	3	6	9	5	1	1	1	1	0.53913944	5	8255.2466	8255.4466	8255.4466	8255.6466	8255.9857
3	24	1	2	516	3	6	9	6	6	2	8	1	0.9041707	6	8257.4738	8258.0738	8258.0738	8258.2738	8258.978
3	24	1	2	517	3	6	9	7	1	2	2	0	1.5834767	6	8260.1008	8260.7008	8260.7008	8260.9008	8262.2842
3	24	1	2	518	3	6	9	8	4	2	6	1	1.3868862	7	8262.7278	8263.3278	8263.3278	8263.5278	8264.7147
3	24	1	2	519	3	6	9	9	5	2	1	0	1.1593469	7	8265.3554	8265.9554	8265.9554	8266.1554	8267.1148
3	24	1	2	520	3	6	9	10	2	1	2	1	1.7159223	8	8267.9828	8268.1828	8268.1828	8268.3828	8269.8988
3	24	1	2	521	3	6	9	11	2	1	2	1	0.85052279	9	8270.21	8270.41	8270.41	8270.61	8271.2605
3	24	1	2	522	3	6	9	12	1	1	1	1	0.91735993	10	8272.4371	8272.6371	8272.6371	8272.8371	8273.5544
3	24	1	2	523	3	6	9	13	2	1	2	1	0.95212468	11	8274.6646	8274.8646	8274.8646	8275.0646	8275.8167
3	24	1	2	524	3	6	9	14	3	1	3	1	0.69341799	12	8276.892	8277.092	8277.092	8277.292	8277.7854
3	24	1	2	525	3	6	9	15	5	2	7	1	0.66788662	13	8279.1192	8279.7192	8279.7192	8279.9192	8280.3871
3	24	1	2	526	3	6	9	16	1	2	1	1	1.9044791	14	8281.7467	8282.3467	8282.3467	8282.5467	8284.2512
3	24	1	2	527	3	6	9	17	6	2	8	1	0.76265587	15	8284.3752	8284.9752	8284.9752	8285.1752	8285.7379
3	24	1	2	528	3	6	9	18	3	1	3	1	0.67781613	16	8287.0034	8287.2034	8287.2034	8287.4034	8287.8812
3	24	1	2	529	3	6	9	19	6	1	8	1	0.97857249	17	8289.2309	8289.4309	8289.4309	8289.6309	8290.4094
3	24	1	2	530	3	6	9	20	5	1	7	1	1.0089788	18	8291.4584	8291.6584	8291.6584	8291.8584	8292.6674
3	24	1	2	531	3	6	9	21	4	2	0	0	-8294.2861	18	8293.6861	8294.2861	8294.2861	8294.4861	0
3	24	1	2	532	3	6	9	22	6	1	8	1	1.268768	19	8296.3182	8296.5182	8296.5182	8296.7182	8297.7869
3	24	1	2	533	3	6	9	23	2	1	2	1	1.6339617	20	8298.5455	8298.7455	8298.7455	8298.9455	8300.3794
3	24	1	2	534	3	6	9	24	4	1	0	0	-8300.973	20	8300.7729	8300.9729	8300.973	8301.173	0
3	24	1	2	535	3	6	9	25	5	2	7	1	1.2072913	21	8303.003	8303.603	8303.603	8303.803	8304.8103
3	24	1	2	536	3	6	9	26	1	2	1	1	1.1451532	22	8305.6314	8306.2314	8306.2314	8306.4314	8307.3765
3	24	1	2	537	3	6	9	27	4	2	6	1	0.93649766	23	8308.2599	8308.8599	8308.8599	8309.0599	8309.7964
3	24	1	2	538	3	6	9	28	3	1	3	1	1.015521	24	8310.9526	8311.1526	8311.1526	8311.3526	8312.1681
3	24	1	2	539	3	6	9	29	6	2	8	1	0.84769179	25	8313.1809	8313.7809	8313.7809	8313.9809	8314.6286
3	24	1	2	540	3	6	9	30	3	2	3	1	0.68904207	26	8315.8093	8316.4093	8316.4093	8316.6093	8317.0983
3	24	1	2	541	4	2	10	1	3	1	4	1	0.65835062	1	8879.7843	8879.9843	8879.9843	8880.1843	8880.6427
3	24	1	2	542	4	2	10	2	1	2	4	1	0.43908624	2	8882.0125	8882.6125	8882.6125	8882.8125	8883.0516
3	24	1	2	543	4	2	10	3	6	2	5	1	0.85606627	3	8884.6412	8885.2412	8885.2412	8885.4412	8886.0973
3	24	1	2	544	4	2	10	4	2	1	4	1	0.55994005	4	8887.2732	8887.4732	8887.4732	8887.6732	8888.0331
3	24	1	2	545	4	2	10	5	1	1	4	1	0.46197898	5	8889.5022	8889.7022	8889.7022	8889.9022	8890.1641
3	24	1	2	546	4	2	10	6	6	2	5	1	0.49838587	6	8891.7303	8892.3303	8892.3303	8892.5303	8892.8287
3	24	1	2	547	4	2	10	7	6	2	5	1	0.48022696	7	8894.3625	8894.9625	8894.9625	8895.1625	8895.4427
3	24	1	2	548	4	2	10	8	5	2	5	1	0.35259045	8	8897.0023	8897.6023	8897.6023	8897.8023	8897.9549
3	24	1	2	549	4	2	10	9	4	2	5	1	0.36522907	9	8899.6311	8900.2311	8900.2311	8900.4311	8900.5963
3	24	1	2	550	4	2	10	10	3	1	4	1	0.55538473	10	8902.2642	8902.4642	8902.4642	8902.6642	8903.0196
3	24	1	2	551	4	2	10	11	4	1	5	1	0.6204234	11	8904.4929	8904.6929	8904.6929	8904.8929	8905.3133
3	24	1	2	552	4	2	10	12	5	1	5	1	0.43811514	12	8906.725	8906.925	8906.925	8907.125	8907.3631
3	24	1	2	553	4	2	10	13	1	1	4	1	0.52709292	13	8909.0116	8909.2116	8909.2116	8909.4116	8909.7387
3	24	1	2	554	4	2	10	14	3	1	4	1	0.44071469	14	8911.2406	8911.4406	8911.4406	8911.6406	8911.8813
3	24	1	2	555	4	2	10	15	3	2	4	1	0.4590598	15	8913.4697	8914.0697	8914.0697	8914.2697	8914.5288
3	24	1	2	556	4	2	10	16	1	2	4	1	1.015519	16	8916.0995	8916.6995	8916.6995	8916.8995	8917.715
3	24	1	2	557	4	2	10	17	4	2	5	1	0.89017204	17	8918.7293	8919.3293	8919.3294	8919.5294	8920.2195
3	24	1	2	558	4	2	10	18	1	1	4	1	0.76609479	18	8921.3578	8921.5578	8921.5578	8921.7578	8922.3239
3	24	1	2	559	4	2	10	19	5	1	5	1	0.86669296	19	8923.586	8923.786	8923.786	8923.986	8924.6527
3	24	1	2	560	4	2	10	20	2	1	4	1	0.48607487	20	8925.8146	8926.0146	8926.0146	8926.2146	8926.5007
3	24	1	2	561	4	2	10	21	4	2	5	1	0.57488536	21	8928.0439	8928.6439	8928.6439	8928.8439	8929.2188
3	24	1	2	562	4	2	10	22	2	1	4	1	0.55233792	22	8930.6731	8930.8731	8930.8731	8931.0731	8931.4254
3	24	1	2	563	4	2	10	23	3	1	4	1	0.64612165	23	8932.9027	8933.1027	8933.1027	8933.3027	8933.7488
3	24	1	2	564	4	2	10	24	6	1	5	1	0.52080481	24	8935.1354	8935.3354	8935.3354	8935.5354	8935.8562
3	24	1	2	565	4	2	10	25	2	2	4	1	0.51778125	25	8937.3645	8937.9645	8937.9645	8938.1646	8938.4823
3	24	1	2	566	4	2	10	26	5	2	5	1	0.61880603	26	8939.9934	8940.5934	8940.5935	8940.7935	8941.2123
3	24	1	2	567	4	2	10	27	2	2	4	1	0.46956699	27	8942.6229	8943.2229	8943.2229	8943.4229	8943.6925
3	24	1	2	568	4	2	10	28	4	1	5	1	0.55344241	28	8945.2539	8945.4539	8945.4539	8945.6539	8946.0074
3	24	1	2	569	4	2	10	29	5	2	5	1	0.7913765	29	8947.4839	8948.0839	8948.0839	8948.2839	8948.8753
3	24	1	2	570	4	2	10	30	6	2	5	1	0.88734345	30	8950.1134	8950.7134	8950.7134	8950.9134	8951.6008
3	24	1	2	571	4	6	10	1	5	1	7	1	0.87759544	1	8980.8053	8981.0053	8981.0053	8981.2053	8981.8829
3	24	1	2	572	4	6	10	2	6	2	8	1	0.68697915	2	8983.0355	8983.6355	8983.6355	8983.8355	8984.3225
3	24	1	2	573	4	6	10	3	2	2	2	1	0.75630395	3	8985.6651	8986.2651	8986.2651	8986.4651	8987.0214
3	24	1	2	574	4	6	10	4	5	1	7	1	0.75491063	4	8988.2942	8988.4942	8988.4942	8988.6942	8989.2491
3	24	1	2	575	4	6	10	5	6	1	8	1	0.60903474	5	8990.5237	8990.7237	8990.7237	8990.9237	8991.3327
3	24	1	2	576	4	6	10	6	1	2	2	1	1.5487747	6	8992.7555	8993.3555	8993.3555	8993.5555	8994.9043
3	24	1	2	577	4	6	10	7	1	2	1	1	0.68775827	7	8995.3855	8995.9855	8995.9855	8996.1855	8996.6732
3	24	1	2	578	4	6	10	8	1	2	1	1	0.64947967	8	8998.018	8998.618	8998.618	8998.818	8999.2674
3	24	1	2	579	4	6	10	9	2	2	2	1	0.58439047	9	9000.6472	9001.2473	9001.2473	9001.4473	9001.8316
3	24	1	2	580	4	6	10	10	1	1	1	1	0.70866376	10	9003.2767	9003.4767	9003.4767	9003.6767	9004.1854
3	24	1	2	581	4	6	10	11	6	1	8	1	0.69475239	11	9005.5077	9005.7077	9005.7077	9005.9077	9006.4025
3	24	1	2	582	4	6	10	12	5	1	7	1	0.81699062	12	9007.7376	9007.9376	9007.9376	9008.1376	9008.7546
3	24	1	2	583	4	6	10	13	2	1	2	1	0.96359236	13	9009.9674	9010.1674	9010.1674	9010.3674	9011.131
3	24	1	2	584	4	6	10	14	6	1	8	1	0.80326096	14	9012.1974	9012.3974	9012.3974	9012.5974	9013.2007
3	24	1	2	585	4	6	10	15	1	2	2	0	0.91583373	14	9014.4294	9015.0294	9015.0294	9015.2294	9015.9452
3	24	1	2	586	4	6	10	16	3	2	3	1	1.4242337	15	9017.1326	9017.7326	9017.7326	9017.9326	9019.1569
3	24	1	2	587	4	6	10	17	4	2	6	1	1.2421499	16	9019.7622	9020.3622	9020.3622	9020.5622	9021.6043
3	24	1	2	588	4	6	10	18	5	1	7	1	1.168245	17	9022.3923	9022.5923	9022.5923	9022.7923	9023.7606
3	24	1	2	589	4	6	10	19	3	1	3	1	1.0032702	18	9024.624	9024.824	9024.824	9025.024	9025.8273
3	24	1	2	590	4	6	10	20	2	1	2	1	1.1852564	19	9026.8557	9027.0557	9027.0557	9027.2557	9028.241
3	24	1	2	591	4	6	10	21	4	2	6	1	0.97709218	20	9029.1461	9029.7461	9029.7461	9029.9461	9030.7232
3	24	1	2	592	4	6	10	22	5	1	8	0	1.3879286	20	9031.7761	9031.9761	9031.9761	9032.1761	9033.364
3	24	1	2	593	4	6	10	23	4	1	6	1	1.7558739	21	9034.0069	9034.2069	9034.2069	9034.4069	9035.9628
3	24	1	2	594	4	6	10	24	3	1	3	1	0.91471127	22	9036.2393	9036.4393	9036.4393	9036.6393	9037.354
3	24	1	2	595	4	6	10	25	6	2	8	1	1.113689	23	9038.4698	9039.0698	9039.0698	9039.2698	9040.1835
3	24	1	2	596	4	6	10	26	3	2	3	1	0.93602241	24	9041.1566	9041.7566	9041.7566	9041.9566	9042.6926
3	24	1	2	597	4	6	10	27	4	2	6	1	1.3891305	25	9043.7875	9044.3875	9044.3875	9044.5875	9045.7766
3	24	1	2	598	4	6	10	28	3	1	0	0	-9046.6186	25	9046.4186	9046.6186	9046.6186	9046.8186	0
3	24	1	2	599	4	6	10	29	4	2	6	1	0.79381366	26	9048.6495	9049.2495	9049.2495	9049.4495	9050.0433
3	24	1	2	600	4	6	10	30	2	2	2	1	0.83471812	27	9051.2862	9051.8862	9051.8862	9052.0862	9052.7209
3	24	1	2	601	4	2	11	1	4	1	5	1	0.79208973	1	9081.9851	9082.1851	9082.1851	9082.3851	9082.9772
3	24	1	2	602	4	2	11	2	5	2	5	1	0.41124503	2	9084.2157	9084.8157	9084.8157	9085.0157	9085.227
3	24	1	2	603	4	2	11	3	6	2	5	1	0.46794177	3	9086.8466	9087.4466	9087.4466	9087.6466	9087.9145
3	24	1	2	604	4	2	11	4	3	1	4	1	0.50859242	4	9089.4774	9089.6774	9089.6774	9089.8774	9090.186
3	24	1	2	605	4	2	11	5	3	1	4	1	0.52631342	5	9091.7084	9091.9084	9091.9084	9092.1084	9092.4347
3	24	1	2	606	4	2	11	6	1	2	4	1	0.43144051	6	9093.9401	9094.5401	9094.5401	9094.7401	9094.9715
3	24	1	2	607	4	2	11	7	1	2	4	1	0.44345145	7	9096.5773	9097.1774	9097.1774	9097.3774	9097.6208
3	24	1	2	608	4	2	11	8	2	2	4	1	0.45618997	8	9099.2104	9099.8104	9099.8104	9100.0104	9100.2666
3	24	1	2	609	4	2	11	9	2	2	4	1	0.44674467	9	9101.8412	9102.4412	9102.4412	9102.6412	9102.8879
3	24	1	2	610	4	2	11	10	1	1	4	1	0.5118904	10	9104.4729	9104.6729	9104.6729	9104.8729	9105.1848
3	24	1	2	611	4	2	11	11	5	1	5	1	0.54686008	11	9106.704	9106.904	9106.904	9107.104	9107.4508
3	24	1	2	612	4	2	11	12	3	1	4	1	0.71297198	12	9108.9353	9109.1354	9109.1354	9109.3354	9109.8483
3	24	1	2	613	4	2	11	13	4	1	5	1	0.56218821	13	9111.1667	9111.3667	9111.3667	9111.5667	9111.9289
3	24	1	2	614	4	2	11	14	5	1	5	1	0.48196245	14	9113.3982	9113.5982	9113.5982	9113.7982	9114.0802
3	24	1	2	615	4	2	11	15	2	2	4	1	0.50914399	15	9115.6294	9116.2294	9116.2294	9116.4294	9116.7385
3	24	1	2	616	4	2	11	16	6	2	5	1	0.63418218	16	9118.2643	9118.8643	9118.8643	9119.0644	9119.4985
3	24	1	2	617	4	2	11	17	1	2	4	1	0.90503457	17	9120.8953	9121.4953	9121.4953	9121.6954	9122.4003
3	24	1	2	618	4	2	11	18	6	1	5	1	0.79741321	18	9123.5264	9123.7264	9123.7264	9123.9264	9124.5238
3	24	1	2	619	4	2	11	19	3	1	4	1	0.49819509	19	9125.7582	9125.9582	9125.9582	9126.1583	9126.4564
3	24	1	2	620	4	2	11	20	5	1	5	1	0.69930684	20	9127.9893	9128.1893	9128.1893	9128.3893	9128.8886
3	24	1	2	621	4	2	11	21	5	2	5	1	0.47822845	21	9130.2212	9130.8212	9130.8212	9131.0212	9131.2994
3	24	1	2	622	4	2	11	22	6	1	5	1	0.5084431	22	9132.8522	9133.0522	9133.0522	9133.2522	9133.5607
3	24	1	2	623	4	2	11	23	4	1	5	1	0.62849044	23	9135.0841	9135.2841	9135.2841	9135.4841	9135.9126
3	24	1	2	624	4	2	11	24	6	1	5	1	0.64504099	24	9137.3158	9137.5158	9137.5158	9137.7158	9138.1608
3	24	1	2	625	4	2	11	25	2	2	4	1	0.96778414	25	9139.5479	9140.1479	9140.1479	9140.3479	9141.1157
3	24	1	2	626	4	2	11	26	4	2	5	1	0.5715233	26	9142.1805	9142.7805	9142.7805	9142.9805	9143.352
3	24	1	2	627	4	2	11	27	3	2	4	1	0.61320786	27	9144.8128	9145.4128	9145.4128	9145.6128	9146.026
3	24	1	2	628	4	2	11	28	2	1	4	1	0.65414262	28	9147.4449	9147.6449	9147.6449	9147.8449	9148.299
3	24	1	2	629	4	2	11	29	4	2	5	1	1.051054	29	9149.6776	9150.2776	9150.2776	9150.4776	9151.3287
3	24	1	2	630	4	2	11	30	1	2	4	1	0.62190238	30	9152.3095	9152.9095	9152.9095	9153.1095	9153.5314
3	24	1	2	631	4	6	11	1	5	1	7	1	1.0770798	1	9183.0044	9183.2044	9183.2044	9183.4044	9184.2815
3	24	1	2	632	4	6	11	2	6	2	8	1	0.51904904	2	9185.2365	9185.8365	9185.8365	9186.0365	9186.3555
3	24	1	2	633	4	6	11	3	2	2	2	1	0.85324752	3	9187.8683	9188.4683	9188.4683	9188.6683	9189.3215
3	24	1	2	634	4	6	11	4	3	1	3	1	0.82854573	4	9190.5008	9190.7008	9190.7008	9190.9008	9191.5293
3	24	1	2	635	4	6	11	5	1	1	1	1	0.81463864	5	9192.7328	9192.9328	9192.9328	9193.1328	9193.7475
3	24	1	2	636	4	6	11	6	2	2	2	1	0.77141936	6	9194.9648	9195.5648	9195.5648	9195.7648	9196.3362
3	24	1	2	637	4	6	11	7	3	2	3	1	0.9732257	7	9197.5967	9198.1967	9198.1967	9198.3967	9199.1699
3	24	1	2	638	4	6	11	8	1	2	1	1	1.4294291	8	9200.3172	9200.9172	9200.9172	9201.1172	9202.3466
3	24	1	2	639	4	6	11	9	3	2	3	1	1.0077678	9	9202.9536	9203.5536	9203.5536	9203.7536	9204.5614
3	24	1	2	640	4	6	11	10	6	1	8	1	0.69812651	10	9205.5862	9205.7862	9205.7862	9205.9862	9206.4843
3	24	1	2	641	4	6	11	11	1	1	2	0	0.88223452	10	9207.8185	9208.0185	9208.0185	9208.2185	9208.9007
3	24	1	2	642	4	6	11	12	6	1	6	0	0.91709436	10	9210.0514	9210.2514	9210.2514	9210.4514	9211.1685
3	24	1	2	643	4	6	11	13	5	1	7	1	1.8234275	11	9212.3297	9212.5297	9212.5297	9212.7298	9214.3532
3	24	1	2	644	4	6	11	14	5	1	7	1	0.74623604	12	9214.5621	9214.7621	9214.7621	9214.9621	9215.5083
3	24	1	2	645	4	6	11	15	2	2	2	1	1.2248415	13	9216.7941	9217.3941	9217.3941	9217.5941	9218.619
3	24	1	2	646	4	6	11	16	6	2	8	1	0.80142894	14	9219.4272	9220.0272	9220.0272	9220.2273	9220.8287
3	24	1	2	647	4	6	11	17	4	2	6	1	1.2363522	15	9222.0598	9222.6598	9222.6598	9222.8598	9223.8961
3	24	1	2	648	4	6	11	18	3	1	0	0	-9224.8922	15	9224.6921	9224.8921	9224.8922	9225.0922	0
3	24	1	2	649	4	6	11	19	2	1	2	1	1.5070648	16	9226.9251	9227.1251	9227.1251	9227.3251	9228.6321
3	24	1	2	650	4	6	11	20	1	1	1	1	1.0032052	17	9229.1577	9229.3577	9229.3577	9229.5577	9230.3609
3	24	1	2	651	4	6	11	21	4	2	6	1	1.8293617	18	9231.3905	9231.9905	9231.9905	9232.1905	9233.8199
3	24	1	2	652	4	6	11	22	1	1	1	1	1.4532069	19	9234.0226	9234.2226	9234.2226	9234.4226	9235.6758
3	24	1	2	653	4	6	11	23	4	1	6	1	1.4139296	20	9236.3546	9236.5546	9236.5546	9236.7546	9237.9686
3	24	1	2	654	4	6	11	24	2	1	2	1	1.4625357	21	9238.5878	9238.7878	9238.7878	9238.9878	9240.2504
3	24	1	2	655	4	6	11	25	3	2	3	1	1.1342486	22	9240.821	9241.421	9241.421	9241.621	9242.5553
3	24	1	2	656	4	6	11	26	4	2	6	1	1.1185661	23	9243.4535	9244.0535	9244.0535	9244.2535	9245.1721
3	24	1	2	657	4	6	11	27	4	2	6	1	0.65990647	24	9246.0867	9246.6867	9246.6867	9246.8867	9247.3466
3	24	1	2	658	4	6	11	28	5	1	7	1	0.94147718	25	9248.7234	9248.9234	9248.9234	9249.1234	9249.8648
3	24	1	2	659	4	6	11	29	6	2	8	1	0.90210949	26	9250.9564	9251.5564	9251.5564	9251.7564	9252.4585
3	24	1	2	660	4	6	11	30	5	2	1	0	1.3310965	26	9253.5903	9254.1903	9254.1903	9254.3903	9255.5214
3	24	1	2	661	4	2	12	1	6	1	5	1	0.68517177	1	9284.2948	9284.4948	9284.4948	9284.6948	9285.18
3	24	1	2	662	4	2	12	2	3	2	4	1	0.55575498	2	9286.528	9287.1281	9287.1281	9287.3281	9287.6838
3	24	1	2	663	4	2	12	3	4	2	5	1	0.69754418	3	9289.1617	9289.7617	9289.7617	9289.9617	9290.4592
3	24	1	2	664	4	2	12	4	2	1	4	1	0.73558648	4	9291.7948	9291.9948	9291.9948	9292.1948	9292.7304
3	24	1	2	665	4	2	12	5	1	1	4	1	0.44665885	5	9294.029	9294.229	9294.229	9294.429	9294.6756
3	24	1	2	666	4	2	12	6	6	2	5	1	0.5896656	6	9296.2627	9296.8627	9296.8627	9297.0627	9297.4524
3	24	1	2	667	4	2	12	7	3	2	4	1	0.59523989	7	9298.8964	9299.4964	9299.4964	9299.6964	9300.0916
3	24	1	2	668	4	2	12	8	3	2	4	1	0.72148781	8	9301.5295	9302.1295	9302.1295	9302.3295	9302.851
3	24	1	2	669	4	2	12	9	2	2	4	1	0.79077854	9	9304.1631	9304.7631	9304.7631	9304.9631	9305.5539
3	24	1	2	670	4	2	12	10	5	1	5	1	0.63610617	10	9306.7972	9306.9972	9306.9972	9307.1972	9307.6333
3	24	1	2	671	4	2	12	11	1	1	4	1	0.78679152	11	9309.0309	9309.2309	9309.2309	9309.431	9310.0177
3	24	1	2	672	4	2	12	12	5	1	5	1	1.0020423	12	9311.2642	9311.4642	9311.4642	9311.6642	9312.4662
3	24	1	2	673	4	2	12	13	5	1	5	1	0.62526828	13	9313.4998	9313.6998	9313.6998	9313.8999	9314.3251
3	24	1	2	674	4	2	12	14	5	1	5	1	0.38624746	14	9315.7339	9315.9339	9315.9339	9316.1339	9316.3202
3	24	1	2	675	4	2	12	15	2	2	4	1	0.56142479	15	9317.9682	9318.5682	9318.5682	9318.7682	9319.1296
3	24	1	2	676	4	2	12	16	1	2	4	1	0.36799071	16	9320.6018	9321.2018	9321.2019	9321.4019	9321.5699
3	24	1	2	677	4	2	12	17	4	2	5	1	0.53310728	17	9323.2356	9323.8357	9323.8357	9324.0357	9324.3688
3	24	1	2	678	4	2	12	18	1	1	4	1	0.77145091	18	9325.8699	9326.0699	9326.0699	9326.2699	9326.8414
3	24	1	2	679	4	2	12	19	6	1	5	1	0.94116384	19	9328.1107	9328.3107	9328.3107	9328.5107	9329.2518
3	24	1	2	680	4	2	12	20	3	1	4	1	1.0363633	20	9330.344	9330.544	9330.544	9330.744	9331.5804
3	24	1	2	681	4	2	12	21	6	2	5	1	0.73356593	21	9332.5801	9333.1801	9333.1801	9333.3801	9333.9137
3	24	1	2	682	4	2	12	22	2	1	4	1	0.79004306	22	9335.2141	9335.4141	9335.4141	9335.6141	9336.2042
3	24	1	2	683	4	2	12	23	6	1	5	1	0.64209651	23	9337.4484	9337.6484	9337.6484	9337.8484	9338.2905
3	24	1	2	684	4	2	12	24	1	1	4	1	0.6291411	24	9339.6835	9339.8835	9339.8835	9340.0835	9340.5126
3	24	1	2	685	4	2	12	25	4	2	5	1	0.57986263	25	9341.9177	9342.5177	9342.5177	9342.7177	9343.0976
3	24	1	2	686	4	2	12	26	2	2	4	1	0.54369926	26	9344.5528	9345.1528	9345.1529	9345.3529	9345.6966
3	24	1	2	687	4	2	12	27	5	2	5	1	0.65282086	27	9347.1895	9347.7895	9347.7895	9347.9895	9348.4423
3	24	1	2	688	4	2	12	28	4	1	5	1	0.6793388	28	9349.8248	9350.0248	9350.0248	9350.2248	9350.7041
3	24	1	2	689	4	2	12	29	4	2	5	1	0.7802394	29	9352.0593	9352.6593	9352.6593	9352.8593	9353.4396
3	24	1	2	690	4	2	12	30	3	2	4	1	0.57867465	30	9354.6943	9355.2943	9355.2943	9355.4943	9355.873
3	24	1	2	691	4	6	12	1	6	1	8	1	0.70786412	1	9385.396	9385.596	9385.596	9385.796	9386.3038
3	24	1	2	692	4	6	12	2	5	2	7	1	0.60303982	2	9387.6306	9388.2306	9388.2306	9388.4306	9388.8337
3	24	1	2	693	4	6	12	3	5	2	7	1	0.60929652	3	9390.2655	9390.8655	9390.8655	9391.0655	9391.4748
3	24	1	2	694	4	6	12	4	1	1	1	1	1.1184494	4	9392.8996	9393.0996	9393.0996	9393.2996	9394.2181
3	24	1	2	695	4	6	12	5	3	1	3	1	0.7724385	5	9395.1346	9395.3346	9395.3346	9395.5346	9396.107
3	24	1	2	696	4	6	12	6	4	2	6	1	1.2023636	6	9397.369	9397.969	9397.969	9398.169	9399.1714
3	24	1	2	697	4	6	12	7	1	2	1	1	0.77483062	7	9400.0035	9400.6035	9400.6035	9400.8036	9401.3784
3	24	1	2	698	4	6	12	8	1	2	1	1	0.4860005	8	9402.6383	9403.2383	9403.2383	9403.4383	9403.7243
3	24	1	2	699	4	6	12	9	6	2	8	1	0.60213697	9	9405.2729	9405.8729	9405.8729	9406.0729	9406.475
3	24	1	2	700	4	6	12	10	6	1	8	1	0.52571571	10	9407.9078	9408.1078	9408.1078	9408.3078	9408.6335
3	24	1	2	701	4	6	12	11	2	1	2	1	1.5385347	11	9410.1424	9410.3424	9410.3424	9410.5424	9411.8809
3	24	1	2	702	4	6	12	12	2	1	2	1	0.56745672	12	9412.3769	9412.5769	9412.5769	9412.7769	9413.1444
3	24	1	2	703	4	6	12	13	3	1	3	1	1.172837	13	9414.6119	9414.8119	9414.8119	9415.0119	9415.9847
3	24	1	2	704	4	6	12	14	4	1	2	0	1.2900791	13	9416.8473	9417.0473	9417.0473	9417.2473	9418.3374
3	24	1	2	705	4	6	12	15	3	2	3	1	1.9681251	14	9419.0821	9419.6821	9419.6821	9419.8821	9421.6502
3	24	1	2	706	4	6	12	16	2	2	2	1	1.3536268	15	9421.7197	9422.3197	9422.3197	9422.5197	9423.6733
3	24	1	2	707	4	6	12	17	5	2	7	1	1.6011329	16	9424.355	9424.955	9424.955	9425.155	9426.5561
3	24	1	2	708	4	6	12	18	4	1	6	1	1.5852847	17	9426.9936	9427.1936	9427.1936	9427.3936	9428.7789
3	24	1	2	709	4	6	12	19	3	1	3	1	1.0945317	18	9429.2288	9429.4288	9429.4288	9429.6288	9430.5233
3	24	1	2	710	4	6	12	20	5	1	7	1	1.4720371	19	9431.5391	9431.7391	9431.7391	9431.9392	9433.2112
3	24	1	2	711	4	6	12	21	1	2	1	1	0.89449132	20	9433.7787	9434.3788	9434.3788	9434.5788	9435.2732
3	24	1	2	712	4	6	12	22	3	1	3	1	1.1253123	21	9436.4196	9436.6196	9436.6196	9436.8196	9437.7449
3	24	1	2	713	4	6	12	23	4	1	6	1	1.7627029	22	9438.6558	9438.8558	9438.8558	9439.0558	9440.6185
3	24	1	2	714	4	6	12	24	2	1	2	1	1.6162917	23	9440.8911	9441.0911	9441.0911	9441.2911	9442.7074
3	24	1	2	715	4	6	12	25	1	2	1	1	1.3637104	24	9443.1261	9443.7261	9443.7261	9443.9261	9445.0898
3	24	1	2	716	4	6	12	26	2	2	2	1	1.0756126	25	9445.761	9446.361	9446.361	9446.561	9447.4366
3	24	1	2	717	4	6	12	27	5	2	1	0	1.1919203	25	9448.3938	9448.9938	9448.9938	9449.1938	9450.1857
3	24	1	2	718	4	6	12	28	4	1	6	1	1.2171543	26	9451.0288	9451.2288	9451.2288	9451.4288	9452.446
3	24	1	2	719	4	6	12	29	6	2	8	1	1.0074887	27	9453.2648	9453.8648	9453.8648	9454.0648	9454.8723
3	24	1	2	720	4	6	12	30	6	2	8	1	0.68702254	28	9455.9006	9456.5006	9456.5006	9456.7006	9457.1876
