7	0	1	3	5	4	2	6	0	0	0	0	0	0	0	0	0	0	0	0
3	34	2	2	1	1	2	1	1	4	1	8	1	0.85088172	1	11810.156	11810.356	11810.356	11810.556	11811.207
3	34	2	2	2	1	2	1	2	6	2	8	1	0.64097557	2	11812.372	11812.972	11812.972	11813.172	11813.613
3	34	2	2	3	1	2	1	3	2	1	1	1	0.63636992	3	11814.982	11815.182	11815.182	11815.382	11815.818
3	34	2	2	4	1	2	1	4	6	2	8	1	0.58224653	4	11817.189	11817.789	11817.789	11817.989	11818.371
3	34	2	2	5	1	2	1	5	4	1	8	1	0.52224655	5	11819.795	11819.995	11819.995	11820.195	11820.517
3	34	2	2	6	1	2	1	6	1	2	1	1	0.61116803	6	11822.001	11822.601	11822.601	11822.801	11823.212
3	34	2	2	7	1	2	1	7	2	1	1	1	0.57985943	7	11824.607	11824.807	11824.807	11825.007	11825.387
3	34	2	2	8	1	2	1	8	2	1	1	1	0.54882844	8	11826.813	11827.013	11827.013	11827.213	11827.562
3	34	2	2	9	1	2	1	9	4	2	8	1	0.6793555	9	11829.019	11829.619	11829.619	11829.819	11830.299
3	34	2	2	10	1	2	1	10	5	1	8	1	0.68281336	10	11831.625	11831.825	11831.825	11832.025	11832.508
3	34	2	2	11	1	2	1	11	5	1	8	1	0.5643525	11	11833.831	11834.031	11834.031	11834.231	11834.595
3	34	2	2	12	1	2	1	12	1	1	1	1	0.56679505	12	11836.037	11836.237	11836.237	11836.437	11836.804
3	34	2	2	13	1	2	1	13	4	2	8	1	0.65747252	13	11838.243	11838.843	11838.843	11839.043	11839.5
3	34	2	2	14	1	2	1	14	2	1	1	1	0.74222032	14	11840.849	11841.049	11841.049	11841.249	11841.791
3	34	2	2	15	1	2	1	15	5	2	8	1	0.61605855	15	11843.055	11843.655	11843.655	11843.855	11844.271
3	34	2	2	16	1	2	1	16	2	1	1	1	0.60903491	16	11845.661	11845.861	11845.861	11846.061	11846.47
3	34	2	2	17	1	2	1	17	3	2	1	1	0.57404589	17	11847.871	11848.471	11848.471	11848.671	11849.045
3	34	2	2	18	1	2	1	18	6	1	8	1	0.56059624	18	11850.476	11850.676	11850.676	11850.876	11851.237
3	34	2	2	19	1	2	1	19	3	2	1	1	0.50894727	19	11852.682	11853.282	11853.282	11853.482	11853.791
3	34	2	2	20	1	2	1	20	4	2	8	1	0.5654266	20	11855.288	11855.888	11855.888	11856.088	11856.453
3	34	2	2	21	1	2	1	21	5	1	8	1	0.64147449	21	11857.894	11858.094	11858.094	11858.294	11858.735
3	34	2	2	22	1	2	1	22	6	1	8	1	0.55412347	22	11860.1	11860.3	11860.3	11860.5	11860.854
3	34	2	2	23	1	2	1	23	1	2	1	1	0.56398128	23	11862.306	11862.906	11862.906	11863.106	11863.47
3	34	2	2	24	1	2	1	24	6	2	8	1	0.59011886	24	11864.912	11865.512	11865.512	11865.712	11866.102
3	34	2	2	25	1	2	1	25	3	2	1	1	0.652707	25	11867.519	11868.119	11868.119	11868.319	11868.771
3	34	2	2	26	1	2	1	26	1	1	1	1	0.54109114	26	11870.126	11870.326	11870.326	11870.526	11870.867
3	34	2	2	27	1	2	1	27	3	2	1	1	0.58654253	27	11872.332	11872.932	11872.932	11873.132	11873.519
3	34	2	2	28	1	2	1	28	5	2	8	1	0.64324151	28	11874.938	11875.538	11875.538	11875.738	11876.181
3	34	2	2	29	1	2	1	29	1	1	1	1	0.56016948	29	11877.545	11877.745	11877.745	11877.945	11878.305
3	34	2	2	30	1	2	1	30	3	2	1	1	0.60689737	30	11879.751	11880.351	11880.351	11880.551	11880.958
3	34	2	2	31	1	6	1	1	1	1	2	1	0.76621859	1	11979.164	11979.364	11979.364	11979.564	11980.13
3	34	2	2	32	1	6	1	2	3	2	4	1	1.4648891	2	11981.373	11981.973	11981.973	11982.173	11983.438
3	34	2	2	33	1	6	1	3	1	1	2	1	0.72912708	3	11983.978	11984.178	11984.178	11984.378	11984.907
3	34	2	2	34	1	6	1	4	3	2	4	1	0.67628564	4	11986.185	11986.785	11986.785	11986.985	11987.461
3	34	2	2	35	1	6	1	5	5	1	6	1	1.5418173	5	11988.792	11988.992	11988.992	11989.192	11990.534
3	34	2	2	36	1	6	1	6	3	2	4	1	1.4370996	6	11990.998	11991.598	11991.598	11991.798	11993.035
3	34	2	2	37	1	6	1	7	4	1	5	1	0.70878944	7	11993.605	11993.805	11993.805	11994.005	11994.513
3	34	2	2	38	1	6	1	8	2	1	3	1	1.1435193	8	11995.812	11996.012	11996.012	11996.212	11997.155
3	34	2	2	39	1	6	1	9	1	2	2	1	0.90469869	9	11998.018	11998.618	11998.618	11998.818	11999.523
3	34	2	2	40	1	6	1	10	4	1	5	1	0.77915106	10	12000.625	12000.825	12000.825	12001.026	12001.605
3	34	2	2	41	1	6	1	11	3	1	4	1	1.2468658	11	12002.832	12003.032	12003.032	12003.232	12004.279
3	34	2	2	42	1	6	1	12	6	1	6	0	1.826104	11	12005.042	12005.242	12005.242	12005.442	12007.069
3	34	2	2	43	1	6	1	13	2	2	3	1	1.9943516	12	12007.553	12008.153	12008.153	12008.353	12010.147
3	34	2	2	44	1	6	1	14	6	1	6	0	1.2194118	12	12010.163	12010.363	12010.363	12010.563	12011.582
3	34	2	2	45	1	6	1	15	6	2	7	1	0.78540164	13	12012.674	12013.274	12013.274	12013.474	12014.059
3	34	2	2	46	1	6	1	16	4	1	5	1	1.1874075	14	12015.281	12015.481	12015.481	12015.681	12016.669
3	34	2	2	47	1	6	1	17	2	2	3	1	1.2194831	15	12017.488	12018.088	12018.088	12018.288	12019.307
3	34	2	2	48	1	6	1	18	2	1	3	1	0.64032917	16	12020.095	12020.295	12020.295	12020.495	12020.935
3	34	2	2	49	1	6	1	19	6	2	7	1	0.91041603	17	12022.302	12022.902	12022.902	12023.102	12023.812
3	34	2	2	50	1	6	1	20	1	2	2	1	0.99990954	18	12024.909	12025.509	12025.509	12025.709	12026.509
3	34	2	2	51	1	6	1	21	5	1	6	1	0.98279032	19	12027.516	12027.716	12027.716	12027.916	12028.699
3	34	2	2	52	1	6	1	22	5	1	6	1	0.5851767	20	12029.723	12029.923	12029.923	12030.123	12030.509
3	34	2	2	53	1	6	1	23	6	2	7	1	1.0065675	21	12031.934	12032.534	12032.534	12032.734	12033.541
3	34	2	2	54	1	6	1	24	2	2	3	1	1.3747762	22	12034.542	12035.142	12035.142	12035.342	12036.517
3	34	2	2	55	1	6	1	25	4	2	5	1	0.71666331	23	12037.15	12037.75	12037.75	12037.95	12038.466
3	34	2	2	56	1	6	1	26	4	1	5	1	0.66478356	24	12039.757	12039.957	12039.957	12040.157	12040.622
3	34	2	2	57	1	6	1	27	5	2	0	0	-12042.565	24	12041.965	12042.565	12042.565	12042.765	0
3	34	2	2	58	1	6	1	28	3	2	4	1	1.8698843	25	12044.873	12045.473	12045.473	12045.673	12047.343
3	34	2	2	59	1	6	1	29	1	1	2	1	1.2838087	26	12047.481	12047.681	12047.681	12047.881	12048.965
3	34	2	2	60	1	6	1	30	5	2	0	0	-12050.288	26	12049.688	12050.288	12050.288	12050.488	0
3	34	2	2	61	1	2	2	1	2	1	1	1	1.8189195	1	12071.203	12071.403	12071.403	12071.603	12073.222
3	34	2	2	62	1	2	2	2	4	2	8	1	0.70202264	2	12073.411	12074.011	12074.011	12074.211	12074.713
3	34	2	2	63	1	2	2	3	1	1	1	1	0.78296491	3	12076.019	12076.219	12076.219	12076.419	12077.002
3	34	2	2	64	1	2	2	4	6	2	8	1	1.0253645	4	12078.226	12078.826	12078.826	12079.026	12079.852
3	34	2	2	65	1	2	2	5	3	1	1	1	0.78102367	5	12080.834	12081.034	12081.034	12081.234	12081.815
3	34	2	2	66	1	2	2	6	5	2	8	1	0.83490089	6	12083.042	12083.642	12083.642	12083.842	12084.477
3	34	2	2	67	1	2	2	7	2	1	1	1	0.54450279	7	12085.65	12085.85	12085.85	12086.05	12086.395
3	34	2	2	68	1	2	2	8	2	1	1	1	0.56237653	8	12087.858	12088.058	12088.058	12088.258	12088.621
3	34	2	2	69	1	2	2	9	1	2	1	1	0.57067542	9	12090.067	12090.667	12090.667	12090.867	12091.238
3	34	2	2	70	1	2	2	10	3	1	1	1	0.56922823	10	12092.676	12092.876	12092.876	12093.076	12093.445
3	34	2	2	71	1	2	2	11	6	1	8	1	0.64735532	11	12094.884	12095.084	12095.084	12095.284	12095.731
3	34	2	2	72	1	2	2	12	6	1	8	1	1.5775145	12	12097.092	12097.292	12097.292	12097.492	12098.87
3	34	2	2	73	1	2	2	13	2	2	1	1	0.63106626	13	12099.301	12099.901	12099.901	12100.101	12100.532
3	34	2	2	74	1	2	2	14	1	1	1	1	0.53516918	14	12101.909	12102.109	12102.109	12102.309	12102.645
3	34	2	2	75	1	2	2	15	4	2	8	1	0.88881508	15	12104.118	12104.718	12104.718	12104.918	12105.607
3	34	2	2	76	1	2	2	16	6	1	8	1	0.62186204	16	12106.726	12106.926	12106.926	12107.126	12107.548
3	34	2	2	77	1	2	2	17	5	2	8	1	0.57598183	17	12108.935	12109.536	12109.536	12109.736	12110.112
3	34	2	2	78	1	2	2	18	3	1	1	1	0.6146491	18	12111.545	12111.745	12111.745	12111.945	12112.359
3	34	2	2	79	1	2	2	19	5	2	8	1	0.63474497	19	12113.753	12114.353	12114.353	12114.553	12114.988
3	34	2	2	80	1	2	2	20	4	2	8	1	0.69509786	20	12116.366	12116.966	12116.966	12117.166	12117.661
3	34	2	2	81	1	2	2	21	1	1	1	1	0.86099181	21	12118.974	12119.174	12119.174	12119.374	12120.035
3	34	2	2	82	1	2	2	22	4	1	8	1	0.69125511	22	12121.183	12121.383	12121.383	12121.583	12122.074
3	34	2	2	83	1	2	2	23	2	2	1	1	0.84392676	23	12123.392	12123.992	12123.992	12124.192	12124.836
3	34	2	2	84	1	2	2	24	5	2	8	1	0.76377528	24	12126.001	12126.601	12126.601	12126.801	12127.365
3	34	2	2	85	1	2	2	25	4	2	8	1	0.50034494	25	12128.609	12129.209	12129.209	12129.409	12129.71
3	34	2	2	86	1	2	2	26	6	1	8	1	0.51668353	26	12131.218	12131.418	12131.418	12131.618	12131.934
3	34	2	2	87	1	2	2	27	1	2	1	1	0.56602765	27	12133.427	12134.027	12134.027	12134.227	12134.593
3	34	2	2	88	1	2	2	28	3	2	1	1	0.50274624	28	12136.036	12136.636	12136.636	12136.836	12137.139
3	34	2	2	89	1	2	2	29	3	1	1	1	0.65804585	29	12138.645	12138.845	12138.845	12139.045	12139.503
3	34	2	2	90	1	2	2	30	5	2	8	1	0.52570899	30	12140.854	12141.454	12141.454	12141.654	12141.98
3	34	2	2	91	1	6	2	1	3	1	4	1	0.89455152	1	12205.104	12205.304	12205.304	12205.504	12206.199
3	34	2	2	92	1	6	2	2	6	2	6	0	1.8825872	1	12207.314	12207.914	12207.914	12208.114	12209.796
3	34	2	2	93	1	6	2	3	5	1	6	1	1.7200923	2	12210.226	12210.426	12210.426	12210.626	12212.146
3	34	2	2	94	1	6	2	4	5	2	6	1	0.70592421	3	12212.435	12213.035	12213.035	12213.235	12213.741
3	34	2	2	95	1	6	2	5	1	1	2	1	0.81609347	4	12215.045	12215.245	12215.245	12215.445	12216.061
3	34	2	2	96	1	6	2	6	4	2	5	1	0.83124607	5	12217.254	12217.854	12217.854	12218.054	12218.685
3	34	2	2	97	1	6	2	7	4	1	5	1	0.59173445	6	12219.867	12220.067	12220.067	12220.267	12220.659
3	34	2	2	98	1	6	2	8	4	1	5	1	0.56043939	7	12222.076	12222.276	12222.276	12222.476	12222.836
3	34	2	2	99	1	6	2	9	2	2	3	1	0.92531044	8	12224.286	12224.886	12224.886	12225.086	12225.811
3	34	2	2	100	1	6	2	10	3	1	4	1	0.62350026	9	12226.893	12227.093	12227.093	12227.293	12227.716
3	34	2	2	101	1	6	2	11	6	1	7	1	0.90942607	10	12229.102	12229.302	12229.302	12229.502	12230.212
3	34	2	2	102	1	6	2	12	6	1	7	1	0.54145192	11	12231.312	12231.512	12231.513	12231.713	12232.054
3	34	2	2	103	1	6	2	13	1	2	2	1	1.3238278	12	12233.522	12234.122	12234.122	12234.322	12235.446
3	34	2	2	104	1	6	2	14	1	1	2	1	0.51110385	13	12236.131	12236.331	12236.331	12236.531	12236.842
3	34	2	2	105	1	6	2	15	3	2	4	1	1.4474977	14	12238.341	12238.941	12238.941	12239.141	12240.388
3	34	2	2	106	1	6	2	16	5	1	6	1	1.1434156	15	12240.95	12241.15	12241.15	12241.35	12242.293
3	34	2	2	107	1	6	2	17	5	2	6	1	0.65327205	16	12243.16	12243.76	12243.76	12243.96	12244.413
3	34	2	2	108	1	6	2	18	4	1	5	1	0.75484636	17	12245.77	12245.97	12245.97	12246.17	12246.725
3	34	2	2	109	1	6	2	19	5	2	6	1	0.86643907	18	12247.98	12248.58	12248.58	12248.78	12249.446
3	34	2	2	110	1	6	2	20	2	2	3	1	1.2949718	19	12250.589	12251.189	12251.189	12251.389	12252.484
3	34	2	2	111	1	6	2	21	2	1	3	1	0.65378314	20	12253.199	12253.399	12253.399	12253.599	12254.053
3	34	2	2	112	1	6	2	22	2	1	3	1	0.57319558	21	12255.409	12255.609	12255.609	12255.809	12256.183
3	34	2	2	113	1	6	2	23	6	2	7	1	1.9997881	22	12257.619	12258.219	12258.219	12258.419	12260.219
3	34	2	2	114	1	6	2	24	1	2	2	1	0.98987455	23	12260.232	12260.832	12260.832	12261.032	12261.822
3	34	2	2	115	1	6	2	25	6	2	7	1	0.92137376	24	12262.842	12263.442	12263.442	12263.642	12264.363
3	34	2	2	116	1	6	2	26	2	1	3	1	1.1221084	25	12265.452	12265.652	12265.652	12265.852	12266.774
3	34	2	2	117	1	6	2	27	3	2	4	1	0.70103466	26	12267.661	12268.261	12268.261	12268.461	12268.962
3	34	2	2	118	1	6	2	28	3	2	4	1	0.60525489	27	12270.272	12270.872	12270.872	12271.072	12271.477
3	34	2	2	119	1	6	2	29	1	1	2	1	0.80206192	28	12272.882	12273.082	12273.082	12273.282	12273.884
3	34	2	2	120	1	6	2	30	4	2	5	1	0.71050482	29	12275.092	12275.692	12275.692	12275.892	12276.402
3	34	2	2	121	1	2	3	1	3	1	1	1	0.74913079	1	12288.125	12288.325	12288.325	12288.525	12289.074
3	34	2	2	122	1	2	3	2	6	2	8	1	0.76004841	2	12290.335	12290.935	12290.935	12291.135	12291.695
3	34	2	2	123	1	2	3	3	2	1	1	1	0.70695593	3	12292.945	12293.145	12293.145	12293.345	12293.852
3	34	2	2	124	1	2	3	4	4	2	8	1	0.57411244	4	12295.156	12295.756	12295.756	12295.956	12296.33
3	34	2	2	125	1	2	3	5	1	1	1	1	0.56474754	5	12297.766	12297.966	12297.966	12298.166	12298.531
3	34	2	2	126	1	2	3	6	1	2	1	1	0.74332044	6	12299.976	12300.576	12300.576	12300.776	12301.319
3	34	2	2	127	1	2	3	7	3	1	1	1	0.85537883	7	12302.587	12302.787	12302.787	12302.987	12303.642
3	34	2	2	128	1	2	3	8	6	1	8	1	0.68694982	8	12304.797	12304.997	12304.997	12305.197	12305.684
3	34	2	2	129	1	2	3	9	4	2	8	1	0.57082528	9	12307.008	12307.608	12307.608	12307.808	12308.179
3	34	2	2	130	1	2	3	10	4	1	8	1	0.47315049	10	12309.62	12309.82	12309.82	12310.02	12310.293
3	34	2	2	131	1	2	3	11	1	1	1	1	0.5363075	11	12311.83	12312.03	12312.03	12312.23	12312.567
3	34	2	2	132	1	2	3	12	2	1	1	1	0.46114974	12	12314.041	12314.241	12314.241	12314.441	12314.702
3	34	2	2	133	1	2	3	13	5	2	8	1	0.50105763	13	12316.252	12316.852	12316.852	12317.052	12317.353
3	34	2	2	134	1	2	3	14	5	1	8	1	0.4558293	14	12318.863	12319.063	12319.063	12319.263	12319.519
3	34	2	2	135	1	2	3	15	4	2	8	1	0.54595976	15	12321.074	12321.674	12321.674	12321.874	12322.22
3	34	2	2	136	1	2	3	16	3	1	1	1	0.60058423	16	12323.685	12323.885	12323.885	12324.085	12324.486
3	34	2	2	137	1	2	3	17	4	2	8	1	0.60201734	17	12325.896	12326.496	12326.496	12326.696	12327.098
3	34	2	2	138	1	2	3	18	5	1	8	1	0.64034911	18	12328.507	12328.707	12328.707	12328.907	12329.347
3	34	2	2	139	1	2	3	19	5	2	8	1	0.44557932	19	12330.72	12331.32	12331.32	12331.52	12331.766
3	34	2	2	140	1	2	3	20	6	2	8	1	0.43565453	20	12333.331	12333.931	12333.931	12334.131	12334.367
3	34	2	2	141	1	2	3	21	1	1	1	1	0.42828108	21	12335.943	12336.143	12336.143	12336.343	12336.571
3	34	2	2	142	1	2	3	22	6	1	8	1	0.47382222	22	12338.154	12338.354	12338.354	12338.554	12338.828
3	34	2	2	143	1	2	3	23	1	2	1	1	0.50880887	23	12340.365	12340.965	12340.965	12341.165	12341.474
3	34	2	2	144	1	2	3	24	3	2	1	1	0.45497483	24	12342.976	12343.576	12343.576	12343.776	12344.031
3	34	2	2	145	1	2	3	25	2	2	1	1	0.42698414	25	12345.587	12346.187	12346.187	12346.387	12346.614
3	34	2	2	146	1	2	3	26	5	1	8	1	0.46269976	26	12348.198	12348.398	12348.398	12348.598	12348.861
3	34	2	2	147	1	2	3	27	2	2	1	1	0.59355837	27	12350.41	12351.01	12351.01	12351.21	12351.603
3	34	2	2	148	1	2	3	28	3	2	1	1	0.50165695	28	12353.021	12353.621	12353.621	12353.821	12354.123
3	34	2	2	149	1	2	3	29	2	1	1	1	0.47542939	29	12355.633	12355.833	12355.833	12356.033	12356.308
3	34	2	2	150	1	2	3	30	6	2	8	1	0.4782553	30	12357.844	12358.444	12358.444	12358.644	12358.923
3	34	2	2	151	1	6	3	1	3	1	4	1	0.8788679	1	12374.032	12374.232	12374.232	12374.432	12375.111
3	34	2	2	152	1	6	3	2	1	2	2	1	0.69154838	2	12376.243	12376.843	12376.843	12377.043	12377.535
3	34	2	2	153	1	6	3	3	4	1	5	1	0.70984563	3	12378.855	12379.055	12379.055	12379.255	12379.765
3	34	2	2	154	1	6	3	4	6	2	7	1	0.89285535	4	12381.066	12381.666	12381.666	12381.866	12382.559
3	34	2	2	155	1	6	3	5	4	1	5	1	0.74227837	5	12383.678	12383.878	12383.878	12384.078	12384.62
3	34	2	2	156	1	6	3	6	2	2	3	1	0.91381321	6	12385.89	12386.49	12386.49	12386.69	12387.404
3	34	2	2	157	1	6	3	7	2	1	3	1	0.53550644	7	12388.502	12388.702	12388.702	12388.902	12389.238
3	34	2	2	158	1	6	3	8	2	1	3	1	0.52118349	8	12390.716	12390.916	12390.916	12391.116	12391.437
3	34	2	2	159	1	6	3	9	6	2	7	1	1.0465624	9	12392.927	12393.527	12393.527	12393.727	12394.574
3	34	2	2	160	1	6	3	10	1	1	2	1	0.86592591	10	12395.539	12395.739	12395.74	12395.94	12396.605
3	34	2	2	161	1	6	3	11	4	1	5	1	0.67638481	11	12397.752	12397.952	12397.952	12398.152	12398.628
3	34	2	2	162	1	6	3	12	6	1	7	1	0.68366973	12	12399.963	12400.163	12400.163	12400.363	12400.847
3	34	2	2	163	1	6	3	13	4	2	5	1	0.6772152	13	12402.175	12402.775	12402.775	12402.975	12403.452
3	34	2	2	164	1	6	3	14	3	1	4	1	1.1921532	14	12404.79	12404.99	12404.99	12405.19	12406.183
3	34	2	2	165	1	6	3	15	3	2	4	1	0.47372723	15	12407.003	12407.603	12407.603	12407.803	12408.077
3	34	2	2	166	1	6	3	16	5	1	6	1	1.3744578	16	12409.615	12409.815	12409.815	12410.015	12411.19
3	34	2	2	167	1	6	3	17	5	2	6	1	0.47952076	17	12411.827	12412.427	12412.427	12412.627	12412.907
3	34	2	2	168	1	6	3	18	5	1	6	1	0.43778751	18	12414.439	12414.639	12414.639	12414.839	12415.077
3	34	2	2	169	1	6	3	19	3	2	4	1	0.75976333	19	12416.652	12417.252	12417.252	12417.452	12418.011
3	34	2	2	170	1	6	3	20	5	2	6	1	0.68415366	20	12419.263	12419.863	12419.863	12420.063	12420.548
3	34	2	2	171	1	6	3	21	5	1	6	1	0.45515365	21	12421.876	12422.076	12422.076	12422.276	12422.531
3	34	2	2	172	1	6	3	22	6	1	7	1	1.7345387	22	12424.088	12424.288	12424.288	12424.488	12426.023
3	34	2	2	173	1	6	3	23	1	2	2	1	0.88018759	23	12426.3	12426.9	12426.9	12427.1	12427.78
3	34	2	2	174	1	6	3	24	3	2	4	1	1.9315944	24	12428.912	12429.512	12429.512	12429.712	12431.444
3	34	2	2	175	1	6	3	25	4	2	5	1	0.72749882	25	12431.524	12432.124	12432.124	12432.324	12432.852
3	34	2	2	176	1	6	3	26	2	1	3	1	0.99792447	26	12434.137	12434.337	12434.337	12434.537	12435.335
3	34	2	2	177	1	6	3	27	1	2	2	1	0.83048915	27	12436.351	12436.951	12436.951	12437.151	12437.782
3	34	2	2	178	1	6	3	28	6	2	7	1	1.4031405	28	12438.969	12439.569	12439.569	12439.769	12440.972
3	34	2	2	179	1	6	3	29	2	1	3	1	0.91993288	29	12441.582	12441.782	12441.782	12441.982	12442.701
3	34	2	2	180	1	6	3	30	1	2	2	1	0.63425592	30	12443.794	12444.394	12444.394	12444.594	12445.028
3	34	2	2	181	2	2	4	1	1	1	1	1	0.54624431	1	12861.312	12861.512	12861.512	12861.712	12862.059
3	34	2	2	182	2	2	4	2	3	2	1	1	0.4947835	2	12863.526	12864.126	12864.126	12864.326	12864.621
3	34	2	2	183	2	2	4	3	6	1	8	1	0.54436744	3	12866.138	12866.338	12866.338	12866.538	12866.883
3	34	2	2	184	2	2	4	4	5	2	8	1	0.46328913	4	12868.351	12868.951	12868.951	12869.151	12869.414
3	34	2	2	185	2	2	4	5	5	1	8	1	0.53735491	5	12870.964	12871.164	12871.164	12871.364	12871.701
3	34	2	2	186	2	2	4	6	1	2	1	1	0.45131219	6	12873.176	12873.776	12873.776	12873.976	12874.228
3	34	2	2	187	2	2	4	7	2	1	1	1	0.8480768	7	12875.79	12875.99	12875.99	12876.19	12876.838
3	34	2	2	188	2	2	4	8	2	1	1	1	0.55635427	8	12878.003	12878.203	12878.203	12878.403	12878.759
3	34	2	2	189	2	2	4	9	2	2	1	1	0.41141548	9	12880.217	12880.817	12880.817	12881.017	12881.228
3	34	2	2	190	2	2	4	10	3	1	1	1	0.48741593	10	12882.831	12883.031	12883.031	12883.231	12883.518
3	34	2	2	191	2	2	4	11	6	1	8	1	0.47604261	11	12885.041	12885.241	12885.241	12885.441	12885.717
3	34	2	2	192	2	2	4	12	6	1	8	1	0.48047596	12	12887.254	12887.454	12887.454	12887.654	12887.935
3	34	2	2	193	2	2	4	13	4	2	8	1	0.42396131	13	12889.467	12890.067	12890.067	12890.267	12890.491
3	34	2	2	194	2	2	4	14	3	1	1	1	0.49386798	14	12892.081	12892.281	12892.281	12892.481	12892.775
3	34	2	2	195	2	2	4	15	1	2	1	1	0.51698962	15	12894.294	12894.894	12894.894	12895.094	12895.411
3	34	2	2	196	2	2	4	16	6	1	8	1	0.52743541	16	12896.908	12897.108	12897.108	12897.308	12897.635
3	34	2	2	197	2	2	4	17	4	2	8	1	0.43628835	17	12899.121	12899.721	12899.721	12899.921	12900.158
3	34	2	2	198	2	2	4	18	5	1	8	1	0.38985171	18	12901.734	12901.934	12901.934	12902.134	12902.324
3	34	2	2	199	2	2	4	19	3	2	1	1	0.50668863	19	12903.948	12904.548	12904.548	12904.748	12905.055
3	34	2	2	200	2	2	4	20	1	2	1	1	0.49112832	20	12906.562	12907.162	12907.162	12907.362	12907.653
3	34	2	2	201	2	2	4	21	5	1	8	1	0.39691576	21	12909.175	12909.375	12909.375	12909.575	12909.772
3	34	2	2	202	2	2	4	22	1	1	1	1	0.48624619	22	12911.389	12911.589	12911.589	12911.789	12912.075
3	34	2	2	203	2	2	4	23	3	2	1	1	0.43331612	23	12913.603	12914.203	12914.203	12914.403	12914.636
3	34	2	2	204	2	2	4	24	2	2	1	1	0.47733956	24	12916.222	12916.822	12916.822	12917.022	12917.299
3	34	2	2	205	2	2	4	25	4	2	8	1	0.43323935	25	12918.835	12919.435	12919.435	12919.635	12919.868
3	34	2	2	206	2	2	4	26	4	1	8	1	0.5147823	26	12921.449	12921.649	12921.649	12921.849	12922.164
3	34	2	2	207	2	2	4	27	6	2	8	1	0.7331187	27	12923.663	12924.263	12924.263	12924.463	12924.996
3	34	2	2	208	2	2	4	28	4	2	8	1	0.45712902	28	12926.276	12926.876	12926.876	12927.076	12927.333
3	34	2	2	209	2	2	4	29	2	1	1	1	0.49922609	29	12928.89	12929.09	12929.09	12929.29	12929.589
3	34	2	2	210	2	2	4	30	5	2	8	1	0.66686415	30	12931.104	12931.704	12931.704	12931.904	12932.371
3	34	2	2	211	2	6	4	1	4	1	5	1	1.0255899	1	12961.771	12961.971	12961.971	12962.171	12962.997
3	34	2	2	212	2	6	4	2	6	2	7	1	0.92305568	2	12963.986	12964.586	12964.586	12964.786	12965.509
3	34	2	2	213	2	6	4	3	2	1	3	1	1.3848386	3	12966.603	12966.803	12966.803	12967.003	12968.188
3	34	2	2	214	2	6	4	4	2	2	1	0	0.6798289	3	12968.821	12969.421	12969.421	12969.621	12970.101
3	34	2	2	215	2	6	4	5	3	1	0	0	-12971.636	3	12971.436	12971.636	12971.636	12971.836	0
3	34	2	2	216	2	6	4	6	3	2	4	1	0.74813129	4	12973.647	12974.247	12974.247	12974.447	12974.995
3	34	2	2	217	2	6	4	7	2	1	3	1	1.0133339	5	12976.262	12976.462	12976.462	12976.662	12977.475
3	34	2	2	218	2	6	4	8	6	1	7	1	1.2815519	6	12978.476	12978.676	12978.676	12978.876	12979.958
3	34	2	2	219	2	6	4	9	4	2	5	1	0.86568213	7	12980.69	12981.29	12981.29	12981.49	12982.156
3	34	2	2	220	2	6	4	10	1	1	2	1	1.4667186	8	12983.305	12983.505	12983.505	12983.705	12984.972
3	34	2	2	221	2	6	4	11	1	1	2	1	0.84592029	9	12985.52	12985.72	12985.72	12985.92	12986.566
3	34	2	2	222	2	6	4	12	5	1	6	1	1.4790756	10	12987.735	12987.935	12987.935	12988.135	12989.414
3	34	2	2	223	2	6	4	13	4	2	5	1	0.82222588	11	12989.949	12990.549	12990.549	12990.749	12991.371
3	34	2	2	224	2	6	4	14	5	1	6	1	0.9602516	12	12992.563	12992.763	12992.763	12992.963	12993.724
3	34	2	2	225	2	6	4	15	6	2	7	1	0.99393295	13	12994.778	12995.378	12995.378	12995.578	12996.372
3	34	2	2	226	2	6	4	16	6	1	7	1	0.48181983	14	12997.394	12997.594	12997.594	12997.794	12998.076
3	34	2	2	227	2	6	4	17	3	2	4	1	1.998263	15	12999.608	13000.208	13000.208	13000.408	13002.207
3	34	2	2	228	2	6	4	18	3	1	4	1	0.68182718	16	13002.224	13002.424	13002.424	13002.624	13003.106
3	34	2	2	229	2	6	4	19	5	2	6	1	1.0958694	17	13004.439	13005.039	13005.039	13005.239	13006.135
3	34	2	2	230	2	6	4	20	2	2	3	1	1.0124206	18	13007.054	13007.654	13007.654	13007.854	13008.667
3	34	2	2	231	2	6	4	21	4	1	5	1	0.79672293	19	13009.671	13009.871	13009.871	13010.071	13010.668
3	34	2	2	232	2	6	4	22	1	1	2	1	0.66233522	20	13011.886	13012.086	13012.086	13012.286	13012.748
3	34	2	2	233	2	6	4	23	2	2	3	1	1.1515715	21	13014.101	13014.701	13014.701	13014.901	13015.852
3	34	2	2	234	2	6	4	24	5	2	6	1	1.4263547	22	13016.716	13017.316	13017.316	13017.516	13018.742
3	34	2	2	235	2	6	4	25	3	2	4	1	0.9836868	23	13019.331	13019.931	13019.931	13020.131	13020.914
3	34	2	2	236	2	6	4	26	5	1	6	1	0.79345893	24	13021.947	13022.147	13022.147	13022.347	13022.94
3	34	2	2	237	2	6	4	27	1	2	2	1	0.68926217	25	13024.163	13024.763	13024.763	13024.963	13025.452
3	34	2	2	238	2	6	4	28	6	2	7	1	0.61905048	26	13026.778	13027.378	13027.378	13027.578	13027.997
3	34	2	2	239	2	6	4	29	1	1	2	1	0.6580889	27	13029.395	13029.595	13029.595	13029.795	13030.253
3	34	2	2	240	2	6	4	30	4	2	5	1	0.81963106	28	13031.613	13032.213	13032.213	13032.413	13033.033
3	34	2	2	241	2	2	5	1	2	1	1	1	0.52926352	1	13062.29	13062.49	13062.49	13062.69	13063.019
3	34	2	2	242	2	2	5	2	1	2	1	1	0.73229436	2	13064.506	13065.106	13065.106	13065.306	13065.838
3	34	2	2	243	2	2	5	3	6	1	8	1	0.50071047	3	13067.121	13067.321	13067.321	13067.521	13067.822
3	34	2	2	244	2	2	5	4	4	2	8	1	0.50790382	4	13069.338	13069.938	13069.938	13070.138	13070.446
3	34	2	2	245	2	2	5	5	4	1	8	1	0.47626992	5	13071.954	13072.154	13072.154	13072.354	13072.63
3	34	2	2	246	2	2	5	6	4	2	8	1	0.411062	6	13074.169	13074.769	13074.769	13074.969	13075.18
3	34	2	2	247	2	2	5	7	1	1	1	1	0.46994064	7	13076.785	13076.985	13076.985	13077.185	13077.455
3	34	2	2	248	2	2	5	8	6	1	8	1	0.37251053	8	13079	13079.2	13079.2	13079.4	13079.573
3	34	2	2	249	2	2	5	9	2	2	1	1	0.36986712	9	13081.217	13081.817	13081.817	13082.017	13082.187
3	34	2	2	250	2	2	5	10	3	1	1	1	0.53891358	10	13083.834	13084.034	13084.034	13084.234	13084.572
3	34	2	2	251	2	2	5	11	4	1	8	1	0.39595243	11	13086.05	13086.25	13086.25	13086.45	13086.646
3	34	2	2	252	2	2	5	12	2	1	1	1	0.50002014	12	13088.263	13088.463	13088.463	13088.663	13088.963
3	34	2	2	253	2	2	5	13	4	2	8	1	0.47900859	13	13090.479	13091.079	13091.079	13091.279	13091.558
3	34	2	2	254	2	2	5	14	5	1	8	1	0.59142279	14	13093.095	13093.295	13093.295	13093.495	13093.886
3	34	2	2	255	2	2	5	15	5	2	8	1	0.41427807	15	13095.311	13095.911	13095.911	13096.111	13096.325
3	34	2	2	256	2	2	5	16	5	1	8	1	0.49453161	16	13097.926	13098.126	13098.126	13098.326	13098.621
3	34	2	2	257	2	2	5	17	5	2	8	1	0.42107245	17	13100.142	13100.742	13100.742	13100.942	13101.163
3	34	2	2	258	2	2	5	18	3	1	1	1	0.51649047	18	13102.759	13102.959	13102.959	13103.159	13103.475
3	34	2	2	259	2	2	5	19	1	2	1	1	0.57952217	19	13104.975	13105.575	13105.575	13105.775	13106.154
3	34	2	2	260	2	2	5	20	2	2	1	1	0.57472004	20	13107.591	13108.191	13108.191	13108.391	13108.766
3	34	2	2	261	2	2	5	21	1	1	1	1	0.4677233	21	13110.208	13110.408	13110.408	13110.608	13110.876
3	34	2	2	262	2	2	5	22	6	1	8	1	0.55305555	22	13112.427	13112.627	13112.627	13112.827	13113.18
3	34	2	2	263	2	2	5	23	3	2	1	1	0.62415739	23	13114.643	13115.243	13115.243	13115.443	13115.868
3	34	2	2	264	2	2	5	24	1	2	1	1	0.65833922	24	13117.259	13117.859	13117.859	13118.059	13118.518
3	34	2	2	265	2	2	5	25	6	2	8	1	0.51142087	25	13119.876	13120.476	13120.476	13120.676	13120.988
3	34	2	2	266	2	2	5	26	6	1	8	1	0.48587969	26	13122.493	13122.693	13122.693	13122.893	13123.179
3	34	2	2	267	2	2	5	27	2	2	1	1	0.44675185	27	13124.71	13125.31	13125.31	13125.51	13125.756
3	34	2	2	268	2	2	5	28	3	2	1	1	0.76680161	28	13127.327	13127.927	13127.927	13128.127	13128.693
3	34	2	2	269	2	2	5	29	3	1	1	1	0.45669431	29	13129.943	13130.143	13130.143	13130.343	13130.599
3	34	2	2	270	2	2	5	30	5	2	8	1	0.52252812	30	13132.162	13132.762	13132.762	13132.962	13133.285
3	34	2	2	271	2	6	5	1	6	1	7	1	1.3364194	1	13162.819	13163.019	13163.019	13163.219	13164.355
3	34	2	2	272	2	6	5	2	2	2	3	1	1.1038851	2	13165.036	13165.636	13165.636	13165.836	13166.739
3	34	2	2	273	2	6	5	3	1	1	2	1	0.68913592	3	13167.652	13167.852	13167.852	13168.052	13168.541
3	34	2	2	274	2	6	5	4	5	2	6	1	0.73799909	4	13169.869	13170.469	13170.469	13170.669	13171.207
3	34	2	2	275	2	6	5	5	3	1	4	1	1.4857839	5	13172.486	13172.686	13172.686	13172.886	13174.172
3	34	2	2	276	2	6	5	6	3	2	4	1	0.56774188	6	13174.703	13175.303	13175.303	13175.503	13175.871
3	34	2	2	277	2	6	5	7	1	1	2	1	0.81188734	7	13177.321	13177.521	13177.521	13177.721	13178.332
3	34	2	2	278	2	6	5	8	3	1	4	1	0.69980768	8	13179.538	13179.738	13179.738	13179.938	13180.438
3	34	2	2	279	2	6	5	9	2	2	3	1	0.52061299	9	13181.756	13182.356	13182.356	13182.556	13182.876
3	34	2	2	280	2	6	5	10	1	1	2	1	0.68550197	10	13184.373	13184.573	13184.573	13184.773	13185.259
3	34	2	2	281	2	6	5	11	1	1	2	1	0.58240604	11	13186.591	13186.791	13186.791	13186.991	13187.373
3	34	2	2	282	2	6	5	12	6	1	7	1	1.1901031	12	13188.808	13189.008	13189.008	13189.208	13190.198
3	34	2	2	283	2	6	5	13	5	2	6	1	0.91178497	13	13191.027	13191.627	13191.627	13191.827	13192.539
3	34	2	2	284	2	6	5	14	5	1	6	1	0.44893201	14	13193.644	13193.844	13193.844	13194.044	13194.293
3	34	2	2	285	2	6	5	15	6	2	7	1	1.5035373	15	13195.861	13196.462	13196.462	13196.662	13197.965
3	34	2	2	286	2	6	5	16	4	1	5	1	0.75771329	16	13198.478	13198.678	13198.678	13198.878	13199.436
3	34	2	2	287	2	6	5	17	4	2	5	1	0.50788709	17	13200.696	13201.296	13201.296	13201.496	13201.804
3	34	2	2	288	2	6	5	18	1	1	2	1	0.70098159	18	13203.314	13203.514	13203.514	13203.714	13204.215
3	34	2	2	289	2	6	5	19	6	2	7	1	1.1352622	19	13205.531	13206.131	13206.131	13206.331	13207.266
3	34	2	2	290	2	6	5	20	2	2	3	1	0.75957432	20	13208.148	13208.748	13208.748	13208.948	13209.508
3	34	2	2	291	2	6	5	21	3	1	4	1	0.58968581	21	13210.766	13210.966	13210.966	13211.166	13211.556
3	34	2	2	292	2	6	5	22	4	1	5	1	0.67294789	22	13212.986	13213.186	13213.186	13213.386	13213.859
3	34	2	2	293	2	6	5	23	5	2	6	1	0.7280174	23	13215.204	13215.804	13215.804	13216.004	13216.532
3	34	2	2	294	2	6	5	24	3	2	4	1	1.4774736	24	13217.821	13218.421	13218.421	13218.621	13219.899
3	34	2	2	295	2	6	5	25	4	2	5	1	1.1338678	25	13220.441	13221.041	13221.041	13221.241	13222.175
3	34	2	2	296	2	6	5	26	6	1	7	1	1.016615	26	13223.059	13223.259	13223.259	13223.459	13224.276
3	34	2	2	297	2	6	5	27	5	2	6	1	0.93629335	27	13225.277	13225.877	13225.877	13226.078	13226.814
3	34	2	2	298	2	6	5	28	2	2	3	1	1.1570666	28	13227.896	13228.496	13228.496	13228.696	13229.653
3	34	2	2	299	2	6	5	29	2	1	3	1	0.52942286	29	13230.514	13230.714	13230.714	13230.914	13231.243
3	34	2	2	300	2	6	5	30	4	2	5	1	0.66506236	30	13232.731	13233.331	13233.331	13233.531	13233.996
3	34	2	2	301	2	2	6	1	1	1	1	1	0.55731392	1	13263.407	13263.607	13263.607	13263.807	13264.165
3	34	2	2	302	2	2	6	2	3	2	1	1	0.56203108	2	13265.626	13266.226	13266.226	13266.426	13266.788
3	34	2	2	303	2	2	6	3	1	1	1	1	0.46624956	3	13268.244	13268.444	13268.444	13268.644	13268.911
3	34	2	2	304	2	2	6	4	4	2	8	1	0.5323695	4	13270.462	13271.062	13271.062	13271.262	13271.595
3	34	2	2	305	2	2	6	5	5	1	8	1	0.440596	5	13273.082	13273.282	13273.282	13273.482	13273.722
3	34	2	2	306	2	2	6	6	3	2	1	1	0.49838592	6	13275.305	13275.905	13275.905	13276.105	13276.403
3	34	2	2	307	2	2	6	7	4	1	8	1	0.56039922	7	13277.923	13278.123	13278.123	13278.323	13278.683
3	34	2	2	308	2	2	6	8	2	1	1	1	0.50135602	8	13280.141	13280.341	13280.341	13280.541	13280.843
3	34	2	2	309	2	2	6	9	6	2	8	1	0.67343265	9	13282.362	13282.962	13282.962	13283.162	13283.636
3	34	2	2	310	2	2	6	10	4	1	8	1	0.4556051	10	13284.981	13285.181	13285.181	13285.381	13285.636
3	34	2	2	311	2	2	6	11	5	1	8	1	0.51923217	11	13287.199	13287.399	13287.399	13287.599	13287.919
3	34	2	2	312	2	2	6	12	4	1	8	1	0.66070853	12	13289.418	13289.618	13289.618	13289.818	13290.279
3	34	2	2	313	2	2	6	13	4	2	8	1	0.47451207	13	13291.636	13292.236	13292.236	13292.436	13292.711
3	34	2	2	314	2	2	6	14	6	1	8	1	0.4395538	14	13294.255	13294.455	13294.455	13294.655	13294.895
3	34	2	2	315	2	2	6	15	5	2	8	1	0.44190175	15	13296.474	13297.074	13297.074	13297.274	13297.516
3	34	2	2	316	2	2	6	16	3	1	1	1	0.5212247	16	13299.092	13299.292	13299.292	13299.492	13299.813
3	34	2	2	317	2	2	6	17	5	2	8	1	0.54704699	17	13301.311	13301.911	13301.911	13302.111	13302.458
3	34	2	2	318	2	2	6	18	6	1	8	1	0.49953434	18	13303.932	13304.132	13304.132	13304.332	13304.631
3	34	2	2	319	2	2	6	19	1	2	1	1	0.40093004	19	13306.15	13306.75	13306.75	13306.95	13307.151
3	34	2	2	320	2	2	6	20	5	2	8	1	0.63499795	20	13308.769	13309.369	13309.369	13309.569	13310.004
3	34	2	2	321	2	2	6	21	2	1	1	1	0.49730041	21	13311.388	13311.588	13311.588	13311.788	13312.085
3	34	2	2	322	2	2	6	22	2	1	1	1	0.86795324	22	13313.608	13313.808	13313.808	13314.008	13314.676
3	34	2	2	323	2	2	6	23	1	2	1	1	0.60203849	23	13315.826	13316.426	13316.426	13316.626	13317.028
3	34	2	2	324	2	2	6	24	2	2	1	1	0.48126966	24	13318.446	13319.046	13319.046	13319.246	13319.527
3	34	2	2	325	2	2	6	25	2	2	1	1	0.50626614	25	13321.065	13321.665	13321.665	13321.865	13322.172
3	34	2	2	326	2	2	6	26	6	1	8	1	0.47211571	26	13323.685	13323.885	13323.885	13324.085	13324.357
3	34	2	2	327	2	2	6	27	1	2	1	1	0.55663465	27	13325.904	13326.504	13326.504	13326.704	13327.061
3	34	2	2	328	2	2	6	28	3	2	1	1	0.80768632	28	13328.524	13329.124	13329.124	13329.324	13329.932
3	34	2	2	329	2	2	6	29	3	1	1	1	0.50797451	29	13331.144	13331.344	13331.344	13331.544	13331.851
3	34	2	2	330	2	2	6	30	6	2	8	1	0.43216224	30	13333.363	13333.963	13333.963	13334.163	13334.395
3	34	2	2	331	2	6	6	1	6	1	7	1	1.3812283	1	13364.047	13364.247	13364.247	13364.447	13365.628
3	34	2	2	332	2	6	6	2	3	2	4	1	1.585728	2	13366.266	13366.866	13366.866	13367.066	13368.452
3	34	2	2	333	2	6	6	3	2	1	3	1	1.0061889	3	13368.885	13369.085	13369.085	13369.285	13370.091
3	34	2	2	334	2	6	6	4	1	2	2	1	0.68348544	4	13371.104	13371.704	13371.704	13371.904	13372.388
3	34	2	2	335	2	6	6	5	5	1	6	1	0.90373578	5	13373.724	13373.924	13373.924	13374.124	13374.827
3	34	2	2	336	2	6	6	6	1	2	2	1	1.878729	6	13375.943	13376.543	13376.543	13376.743	13378.422
3	34	2	2	337	2	6	6	7	5	1	6	1	0.76814389	7	13378.565	13378.765	13378.765	13378.965	13379.533
3	34	2	2	338	2	6	6	8	3	1	4	1	0.97745223	8	13380.785	13380.985	13380.985	13381.185	13381.962
3	34	2	2	339	2	6	6	9	5	2	6	1	0.88207444	9	13383.004	13383.604	13383.604	13383.804	13384.486
3	34	2	2	340	2	6	6	10	1	1	2	1	0.64509196	10	13385.624	13385.824	13385.824	13386.024	13386.469
3	34	2	2	341	2	6	6	11	2	1	3	1	0.76880714	11	13387.844	13388.044	13388.044	13388.244	13388.813
3	34	2	2	342	2	6	6	12	3	1	4	1	1.5493987	12	13390.064	13390.264	13390.264	13390.464	13391.814
3	34	2	2	343	2	6	6	13	2	2	3	1	1.1435568	13	13392.284	13392.884	13392.884	13393.084	13394.028
3	34	2	2	344	2	6	6	14	2	1	3	1	0.58934038	14	13394.904	13395.104	13395.104	13395.304	13395.693
3	34	2	2	345	2	6	6	15	4	2	5	1	0.76542877	15	13397.124	13397.724	13397.724	13397.924	13398.489
3	34	2	2	346	2	6	6	16	5	1	6	1	0.85980714	16	13399.744	13399.944	13399.944	13400.144	13400.804
3	34	2	2	347	2	6	6	17	6	2	7	1	0.53376485	17	13401.967	13402.567	13402.567	13402.767	13403.1
3	34	2	2	348	2	6	6	18	1	1	2	1	0.71065041	18	13404.587	13404.787	13404.787	13404.987	13405.498
3	34	2	2	349	2	6	6	19	3	2	4	1	2.0004626	19	13406.807	13407.407	13407.407	13407.607	13409.407
3	34	2	2	350	2	6	6	20	2	2	3	1	0.7450737	20	13409.433	13410.033	13410.033	13410.233	13410.779
3	34	2	2	351	2	6	6	21	4	1	5	1	0.63186435	21	13412.054	13412.254	13412.254	13412.454	13412.886
3	34	2	2	352	2	6	6	22	6	1	7	1	1.6400002	22	13414.275	13414.475	13414.475	13414.675	13416.115
3	34	2	2	353	2	6	6	23	5	2	6	1	1.3893477	23	13416.495	13417.095	13417.095	13417.295	13418.485
3	34	2	2	354	2	6	6	24	4	2	5	1	0.98342879	24	13419.116	13419.716	13419.716	13419.916	13420.699
3	34	2	2	355	2	6	6	25	1	2	2	1	0.88301132	25	13421.738	13422.338	13422.338	13422.538	13423.221
3	34	2	2	356	2	6	6	26	4	1	5	1	0.70316705	26	13424.36	13424.56	13424.56	13424.76	13425.263
3	34	2	2	357	2	6	6	27	4	2	5	1	0.51981714	27	13426.58	13427.18	13427.18	13427.38	13427.7
3	34	2	2	358	2	6	6	28	6	2	7	1	1.8125632	28	13429.201	13429.801	13429.801	13430.001	13431.613
3	34	2	2	359	2	6	6	29	3	1	4	1	1.1639697	29	13431.825	13432.025	13432.025	13432.225	13433.189
3	34	2	2	360	2	6	6	30	6	2	7	1	0.67120561	30	13434.045	13434.645	13434.645	13434.845	13435.316
3	34	2	2	361	3	2	7	1	6	1	8	1	0.71267629	1	14356.867	14357.067	14357.067	14357.268	14357.78
3	34	2	2	362	3	2	7	2	1	2	1	1	0.59637608	2	14359.088	14359.688	14359.688	14359.888	14360.285
3	34	2	2	363	3	2	7	3	6	1	8	1	0.50601094	3	14361.709	14361.909	14361.909	14362.109	14362.415
3	34	2	2	364	3	2	7	4	3	2	1	1	0.52606191	4	14363.935	14364.535	14364.535	14364.735	14365.061
3	34	2	2	365	3	2	7	5	2	1	1	1	0.58625237	5	14366.556	14366.756	14366.756	14366.956	14367.342
3	34	2	2	366	3	2	7	6	4	2	8	1	0.48271226	6	14368.776	14369.376	14369.376	14369.576	14369.859
3	34	2	2	367	3	2	7	7	2	1	1	1	0.47918439	7	14371.397	14371.597	14371.597	14371.797	14372.076
3	34	2	2	368	3	2	7	8	1	1	1	1	0.49303594	8	14373.618	14373.818	14373.818	14374.018	14374.311
3	34	2	2	369	3	2	7	9	6	2	8	1	0.41120893	9	14375.84	14376.44	14376.44	14376.64	14376.851
3	34	2	2	370	3	2	7	10	3	1	1	1	0.47425583	10	14378.461	14378.661	14378.661	14378.861	14379.135
3	34	2	2	371	3	2	7	11	1	1	1	1	0.34161322	11	14380.681	14380.881	14380.881	14381.081	14381.223
3	34	2	2	372	3	2	7	12	5	1	8	1	0.45367447	12	14382.903	14383.103	14383.103	14383.303	14383.557
3	34	2	2	373	3	2	7	13	5	2	8	1	0.44860717	13	14385.126	14385.726	14385.726	14385.926	14386.175
3	34	2	2	374	3	2	7	14	6	1	8	1	0.48004188	14	14387.748	14387.948	14387.948	14388.148	14388.428
3	34	2	2	375	3	2	7	15	4	2	8	1	0.38808919	15	14389.969	14390.569	14390.569	14390.769	14390.957
3	34	2	2	376	3	2	7	16	5	1	8	1	0.43751898	16	14392.591	14392.791	14392.791	14392.991	14393.228
3	34	2	2	377	3	2	7	17	6	2	8	1	0.30471655	17	14394.812	14395.412	14395.412	14395.612	14395.717
3	34	2	2	378	3	2	7	18	3	1	1	1	0.52120165	18	14397.435	14397.635	14397.635	14397.835	14398.156
3	34	2	2	379	3	2	7	19	3	2	1	1	0.73458605	19	14399.656	14400.256	14400.256	14400.456	14400.991
3	34	2	2	380	3	2	7	20	3	2	1	1	0.37624751	20	14402.277	14402.877	14402.877	14403.077	14403.254
3	34	2	2	381	3	2	7	21	4	1	8	1	0.48739142	21	14404.9	14405.1	14405.1	14405.3	14405.587
3	34	2	2	382	3	2	7	22	2	1	1	1	0.517334	22	14407.122	14407.322	14407.322	14407.522	14407.839
3	34	2	2	383	3	2	7	23	4	2	8	1	0.57972429	23	14409.343	14409.943	14409.943	14410.143	14410.523
3	34	2	2	384	3	2	7	24	5	2	8	1	0.49790044	24	14411.964	14412.564	14412.564	14412.765	14413.062
3	34	2	2	385	3	2	7	25	2	2	1	1	0.53778967	25	14414.586	14415.186	14415.186	14415.386	14415.724
3	34	2	2	386	3	2	7	26	5	1	8	1	0.54986053	26	14417.207	14417.407	14417.407	14417.607	14417.957
3	34	2	2	387	3	2	7	27	1	2	1	1	0.42331189	27	14419.429	14420.029	14420.029	14420.229	14420.452
3	34	2	2	388	3	2	7	28	1	2	1	1	0.37763863	28	14422.052	14422.652	14422.652	14422.852	14423.03
3	34	2	2	389	3	2	7	29	4	1	8	1	0.46388676	29	14424.675	14424.875	14424.875	14425.075	14425.339
3	34	2	2	390	3	2	7	30	2	2	1	1	0.42784566	30	14426.897	14427.497	14427.497	14427.697	14427.925
3	34	2	2	391	3	6	7	1	4	1	5	1	0.98268438	1	14457.837	14458.037	14458.037	14458.237	14459.02
3	34	2	2	392	3	6	7	2	1	2	2	1	0.88225975	2	14460.059	14460.659	14460.659	14460.859	14461.542
3	34	2	2	393	3	6	7	3	4	1	5	1	0.7891846	3	14462.681	14462.881	14462.881	14463.081	14463.67
3	34	2	2	394	3	6	7	4	5	2	6	1	1.1444081	4	14464.903	14465.503	14465.503	14465.703	14466.647
3	34	2	2	395	3	6	7	5	5	1	6	1	0.52984819	5	14467.525	14467.725	14467.725	14467.925	14468.255
3	34	2	2	396	3	6	7	6	1	2	2	1	0.61003747	6	14469.747	14470.347	14470.347	14470.547	14470.957
3	34	2	2	397	3	6	7	7	6	1	7	1	0.80155144	7	14472.369	14472.569	14472.569	14472.769	14473.371
3	34	2	2	398	3	6	7	8	3	1	4	1	0.85192084	8	14474.592	14474.792	14474.792	14474.992	14475.644
3	34	2	2	399	3	6	7	9	2	2	3	1	0.42783822	9	14476.815	14477.415	14477.415	14477.615	14477.842
3	34	2	2	400	3	6	7	10	6	1	7	1	1.1674618	10	14479.438	14479.638	14479.638	14479.838	14480.805
3	34	2	2	401	3	6	7	11	6	1	7	1	0.48295046	11	14481.66	14481.86	14481.86	14482.06	14482.343
3	34	2	2	402	3	6	7	12	3	1	4	1	0.57074894	12	14483.882	14484.082	14484.082	14484.282	14484.653
3	34	2	2	403	3	6	7	13	4	2	5	1	0.75473401	13	14486.104	14486.704	14486.704	14486.904	14487.459
3	34	2	2	404	3	6	7	14	4	1	5	1	0.55700756	14	14488.727	14488.927	14488.927	14489.127	14489.484
3	34	2	2	405	3	6	7	15	3	2	4	1	1.2152295	15	14490.95	14491.55	14491.55	14491.75	14492.766
3	34	2	2	406	3	6	7	16	2	1	3	1	0.89410093	16	14493.573	14493.773	14493.773	14493.973	14494.667
3	34	2	2	407	3	6	7	17	2	2	3	1	0.55189768	17	14495.796	14496.396	14496.396	14496.596	14496.948
3	34	2	2	408	3	6	7	18	6	1	7	1	1.4980872	18	14498.418	14498.618	14498.618	14498.818	14500.116
3	34	2	2	409	3	6	7	19	1	2	2	1	0.62780802	19	14500.641	14501.241	14501.241	14501.441	14501.868
3	34	2	2	410	3	6	7	20	5	2	6	1	0.43683464	20	14503.264	14503.864	14503.864	14504.064	14504.301
3	34	2	2	411	3	6	7	21	4	1	5	1	0.58889702	21	14505.89	14506.09	14506.09	14506.29	14506.679
3	34	2	2	412	3	6	7	22	3	1	4	1	0.7301706	22	14508.113	14508.313	14508.313	14508.513	14509.043
3	34	2	2	413	3	6	7	23	6	2	7	1	0.73305201	23	14510.336	14510.936	14510.936	14511.136	14511.669
3	34	2	2	414	3	6	7	24	1	2	2	1	0.9181887	24	14512.958	14513.558	14513.558	14513.758	14514.476
3	34	2	2	415	3	6	7	25	2	2	3	1	0.46483058	25	14515.581	14516.181	14516.181	14516.381	14516.646
3	34	2	2	416	3	6	7	26	1	1	2	1	0.56070468	26	14518.205	14518.405	14518.405	14518.605	14518.966
3	34	2	2	417	3	6	7	27	3	2	4	1	0.53840855	27	14520.434	14521.034	14521.034	14521.234	14521.572
3	34	2	2	418	3	6	7	28	2	2	3	1	1.2535754	28	14523.057	14523.657	14523.657	14523.857	14524.911
3	34	2	2	419	3	6	7	29	5	1	0	0	-14525.881	28	14525.681	14525.881	14525.881	14526.081	0
3	34	2	2	420	3	6	7	30	5	2	6	1	0.56374882	29	14527.904	14528.504	14528.504	14528.704	14529.068
3	34	2	2	421	3	2	8	1	3	1	1	1	0.58870815	1	14558.587	14558.787	14558.787	14558.987	14559.375
3	34	2	2	422	3	2	8	2	5	2	8	1	0.45125624	2	14560.81	14561.41	14561.41	14561.61	14561.861
3	34	2	2	423	3	2	8	3	1	1	1	1	0.49866216	3	14563.434	14563.634	14563.634	14563.834	14564.132
3	34	2	2	424	3	2	8	4	2	2	1	1	0.65945977	4	14565.657	14566.257	14566.257	14566.457	14566.917
3	34	2	2	425	3	2	8	5	5	1	8	1	0.44244015	5	14568.281	14568.481	14568.481	14568.681	14568.923
3	34	2	2	426	3	2	8	6	6	2	8	1	0.3874588	6	14570.507	14571.107	14571.107	14571.307	14571.494
3	34	2	2	427	3	2	8	7	3	1	1	1	0.52043744	7	14573.131	14573.331	14573.331	14573.531	14573.852
3	34	2	2	428	3	2	8	8	6	1	8	1	0.50497831	8	14575.355	14575.555	14575.555	14575.755	14576.06
3	34	2	2	429	3	2	8	9	4	2	8	1	0.5802631	9	14577.578	14578.178	14578.178	14578.378	14578.758
3	34	2	2	430	3	2	8	10	6	1	8	1	0.40202574	10	14580.202	14580.402	14580.402	14580.602	14580.804
3	34	2	2	431	3	2	8	11	4	1	8	1	0.40038039	11	14582.426	14582.626	14582.626	14582.826	14583.027
3	34	2	2	432	3	2	8	12	6	1	8	1	0.52794096	12	14584.651	14584.851	14584.851	14585.051	14585.379
3	34	2	2	433	3	2	8	13	2	2	1	1	0.37885199	13	14586.875	14587.475	14587.475	14587.675	14587.853
3	34	2	2	434	3	2	8	14	1	1	1	1	0.49934131	14	14589.498	14589.698	14589.698	14589.898	14590.198
3	34	2	2	435	3	2	8	15	4	2	8	1	0.37703057	15	14591.722	14592.322	14592.322	14592.522	14592.699
3	34	2	2	436	3	2	8	16	5	1	8	1	0.38570468	16	14594.346	14594.546	14594.546	14594.746	14594.932
3	34	2	2	437	3	2	8	17	1	2	1	1	0.45720959	17	14596.57	14597.17	14597.17	14597.37	14597.627
3	34	2	2	438	3	2	8	18	3	1	1	1	0.39983812	18	14599.195	14599.395	14599.395	14599.595	14599.795
3	34	2	2	439	3	2	8	19	5	2	8	1	0.56363919	19	14601.419	14602.019	14602.019	14602.219	14602.583
3	34	2	2	440	3	2	8	20	1	2	1	1	0.51567885	20	14604.042	14604.642	14604.642	14604.842	14605.158
3	34	2	2	441	3	2	8	21	2	1	1	1	1.2514848	21	14606.667	14606.867	14606.867	14607.067	14608.118
3	34	2	2	442	3	2	8	22	1	1	1	1	0.5536522	22	14608.891	14609.091	14609.091	14609.291	14609.645
3	34	2	2	443	3	2	8	23	6	2	8	1	0.51045877	23	14611.116	14611.716	14611.716	14611.916	14612.227
3	34	2	2	444	3	2	8	24	2	2	1	1	0.45901934	24	14613.743	14614.343	14614.343	14614.543	14614.802
3	34	2	2	445	3	2	8	25	3	2	1	1	0.47645005	25	14616.368	14616.968	14616.968	14617.168	14617.444
3	34	2	2	446	3	2	8	26	2	1	1	1	0.49245992	26	14618.992	14619.192	14619.192	14619.392	14619.685
3	34	2	2	447	3	2	8	27	4	2	8	1	0.46112248	27	14621.216	14621.816	14621.816	14622.016	14622.278
3	34	2	2	448	3	2	8	28	5	2	8	1	0.63592837	28	14623.841	14624.441	14624.441	14624.641	14625.077
3	34	2	2	449	3	2	8	29	4	1	8	1	0.49146129	29	14626.465	14626.665	14626.665	14626.865	14627.156
3	34	2	2	450	3	2	8	30	3	2	1	1	0.44431762	30	14628.689	14629.289	14629.289	14629.489	14629.733
3	34	2	2	451	3	6	8	1	3	1	4	1	0.9631323	1	14659.376	14659.576	14659.576	14659.776	14660.539
3	34	2	2	452	3	6	8	2	4	2	5	1	0.81067057	2	14661.601	14662.201	14662.201	14662.401	14663.012
3	34	2	2	453	3	6	8	3	6	1	7	1	1.6822981	3	14664.225	14664.425	14664.425	14664.625	14666.108
3	34	2	2	454	3	6	8	4	5	2	6	1	1.7619704	4	14666.45	14667.05	14667.05	14667.25	14668.812
3	34	2	2	455	3	6	8	5	2	1	3	1	0.74582443	5	14669.074	14669.274	14669.274	14669.474	14670.02
3	34	2	2	456	3	6	8	6	5	2	6	1	0.86438379	6	14671.299	14671.899	14671.899	14672.099	14672.763
3	34	2	2	457	3	6	8	7	1	1	2	1	0.77707562	7	14673.924	14674.124	14674.124	14674.324	14674.901
3	34	2	2	458	3	6	8	8	5	1	6	1	0.71065067	8	14676.148	14676.348	14676.348	14676.548	14677.059
3	34	2	2	459	3	6	8	9	6	2	7	1	1.5441624	9	14678.373	14678.973	14678.973	14679.173	14680.517
3	34	2	2	460	3	6	8	10	6	1	7	1	0.50484728	10	14680.998	14681.198	14681.198	14681.398	14681.703
3	34	2	2	461	3	6	8	11	3	1	4	1	0.85248378	11	14683.223	14683.423	14683.423	14683.623	14684.276
3	34	2	2	462	3	6	8	12	2	1	3	1	0.4433247	12	14685.448	14685.648	14685.648	14685.848	14686.091
3	34	2	2	463	3	6	8	13	1	2	2	1	0.61255615	13	14687.673	14688.273	14688.273	14688.473	14688.885
3	34	2	2	464	3	6	8	14	1	1	2	1	0.72928185	14	14690.301	14690.501	14690.501	14690.701	14691.23
3	34	2	2	465	3	6	8	15	5	2	6	1	0.78317845	15	14692.528	14693.128	14693.128	14693.328	14693.911
3	34	2	2	466	3	6	8	16	4	1	5	1	0.5285046	16	14695.157	14695.357	14695.357	14695.557	14695.885
3	34	2	2	467	3	6	8	17	2	2	3	1	0.90017102	17	14697.382	14697.982	14697.982	14698.182	14698.883
3	34	2	2	468	3	6	8	18	4	1	5	1	0.71730943	18	14700.008	14700.208	14700.208	14700.408	14700.925
3	34	2	2	469	3	6	8	19	6	2	7	1	0.97291744	19	14702.233	14702.833	14702.833	14703.033	14703.806
3	34	2	2	470	3	6	8	20	4	2	5	1	0.71352592	20	14704.859	14705.459	14705.459	14705.659	14706.172
3	34	2	2	471	3	6	8	21	2	1	3	1	1.2376869	21	14707.488	14707.688	14707.688	14707.888	14708.926
3	34	2	2	472	3	6	8	22	3	1	4	1	1.2186915	22	14709.713	14709.913	14709.913	14710.113	14711.131
3	34	2	2	473	3	6	8	23	5	2	6	1	0.76101369	23	14711.938	14712.538	14712.538	14712.738	14713.299
3	34	2	2	474	3	6	8	24	3	2	4	1	1.0896277	24	14714.564	14715.164	14715.164	14715.364	14716.254
3	34	2	2	475	3	6	8	25	1	2	2	1	0.62208866	25	14717.19	14717.79	14717.79	14717.99	14718.412
3	34	2	2	476	3	6	8	26	4	1	5	1	0.84646754	26	14719.815	14720.015	14720.015	14720.215	14720.862
3	34	2	2	477	3	6	8	27	3	2	4	1	1.5800364	27	14722.041	14722.641	14722.641	14722.841	14724.221
3	34	2	2	478	3	6	8	28	6	2	7	1	0.68093915	28	14724.67	14725.27	14725.27	14725.47	14725.951
3	34	2	2	479	3	6	8	29	1	1	0	0	-14727.496	28	14727.296	14727.496	14727.496	14727.696	0
3	34	2	2	480	3	6	8	30	2	2	3	1	1.4972014	29	14729.521	14730.121	14730.121	14730.321	14731.618
3	34	2	2	481	3	2	9	1	5	1	8	1	0.52053867	1	14760.205	14760.405	14760.405	14760.605	14760.926
3	34	2	2	482	3	2	9	2	2	2	1	1	0.49564436	2	14762.431	14763.031	14763.031	14763.231	14763.527
3	34	2	2	483	3	2	9	3	6	1	8	1	0.64345116	3	14765.057	14765.257	14765.257	14765.457	14765.9
3	34	2	2	484	3	2	9	4	1	2	1	1	0.5545473	4	14767.28	14767.88	14767.88	14768.08	14768.435
3	34	2	2	485	3	2	9	5	5	1	8	1	0.55527205	5	14769.906	14770.106	14770.106	14770.306	14770.662
3	34	2	2	486	3	2	9	6	3	2	1	1	0.512796	6	14772.133	14772.733	14772.733	14772.933	14773.246
3	34	2	2	487	3	2	9	7	1	1	1	1	0.68399471	7	14774.759	14774.959	14774.959	14775.159	14775.643
3	34	2	2	488	3	2	9	8	4	1	8	1	0.49447889	8	14776.988	14777.188	14777.188	14777.388	14777.683
3	34	2	2	489	3	2	9	9	4	2	8	1	0.38787862	9	14779.215	14779.815	14779.815	14780.015	14780.203
3	34	2	2	490	3	2	9	10	4	1	8	1	0.43333759	10	14781.842	14782.042	14782.042	14782.242	14782.475
3	34	2	2	491	3	2	9	11	4	1	8	1	0.44896343	11	14784.068	14784.268	14784.268	14784.468	14784.717
3	34	2	2	492	3	2	9	12	6	1	8	1	0.37430713	12	14786.295	14786.495	14786.495	14786.695	14786.869
3	34	2	2	493	3	2	9	13	5	2	8	1	0.45003763	13	14788.524	14789.124	14789.124	14789.324	14789.574
3	34	2	2	494	3	2	9	14	2	1	1	1	0.42413853	14	14791.15	14791.35	14791.35	14791.55	14791.774
3	34	2	2	495	3	2	9	15	3	2	1	1	0.38144796	15	14793.376	14793.976	14793.976	14794.176	14794.358
3	34	2	2	496	3	2	9	16	5	1	8	1	0.51223051	16	14796.003	14796.203	14796.203	14796.403	14796.716
3	34	2	2	497	3	2	9	17	3	2	1	1	0.49702364	17	14798.23	14798.83	14798.83	14799.03	14799.327
3	34	2	2	498	3	2	9	18	3	1	1	1	0.41186041	18	14800.857	14801.057	14801.057	14801.257	14801.469
3	34	2	2	499	3	2	9	19	2	2	1	1	0.49624286	19	14803.083	14803.683	14803.683	14803.883	14804.18
3	34	2	2	500	3	2	9	20	2	2	1	1	0.41425155	20	14805.716	14806.316	14806.316	14806.516	14806.73
3	34	2	2	501	3	2	9	21	6	1	8	1	0.46920214	21	14808.343	14808.543	14808.543	14808.743	14809.012
3	34	2	2	502	3	2	9	22	2	1	1	1	0.5335229	22	14810.571	14810.771	14810.771	14810.971	14811.304
3	34	2	2	503	3	2	9	23	6	2	8	1	0.60667312	23	14812.797	14813.397	14813.397	14813.597	14814.004
3	34	2	2	504	3	2	9	24	5	2	8	1	0.61563118	24	14815.427	14816.027	14816.027	14816.227	14816.643
3	34	2	2	505	3	2	9	25	1	2	1	1	1.0202242	25	14818.054	14818.654	14818.654	14818.854	14819.674
3	34	2	2	506	3	2	9	26	1	1	1	1	0.5186535	26	14820.68	14820.88	14820.88	14821.08	14821.399
3	34	2	2	507	3	2	9	27	3	2	1	1	0.4513513	27	14822.907	14823.507	14823.507	14823.707	14823.959
3	34	2	2	508	3	2	9	28	1	2	1	1	0.45469718	28	14825.534	14826.134	14826.134	14826.334	14826.589
3	34	2	2	509	3	2	9	29	6	1	8	1	0.56037515	29	14828.166	14828.366	14828.366	14828.566	14828.926
3	34	2	2	510	3	2	9	30	4	2	8	1	0.60846309	30	14830.393	14830.993	14830.993	14831.193	14831.601
3	34	2	2	511	3	6	9	1	5	1	6	1	0.73981762	1	14861.135	14861.335	14861.335	14861.535	14862.075
3	34	2	2	512	3	6	9	2	2	2	3	1	0.90811095	2	14863.363	14863.963	14863.963	14864.163	14864.871
3	34	2	2	513	3	6	9	3	2	1	3	1	0.58147288	3	14865.99	14866.19	14866.19	14866.39	14866.771
3	34	2	2	514	3	6	9	4	4	2	5	1	0.69157637	4	14868.217	14868.817	14868.817	14869.017	14869.508
3	34	2	2	515	3	6	9	5	4	1	5	1	0.67281282	5	14870.844	14871.044	14871.044	14871.244	14871.717
3	34	2	2	516	3	6	9	6	1	2	2	1	0.70918242	6	14873.071	14873.671	14873.671	14873.871	14874.38
3	34	2	2	517	3	6	9	7	1	1	2	1	0.56505583	7	14875.698	14875.898	14875.898	14876.098	14876.463
3	34	2	2	518	3	6	9	8	5	1	6	1	1.2045422	8	14877.926	14878.126	14878.126	14878.326	14879.33
3	34	2	2	519	3	6	9	9	6	2	7	1	0.83060823	9	14880.153	14880.753	14880.753	14880.953	14881.583
3	34	2	2	520	3	6	9	10	3	1	4	1	0.59288946	10	14882.78	14882.98	14882.98	14883.18	14883.572
3	34	2	2	521	3	6	9	11	6	1	7	1	0.61462432	11	14885.008	14885.208	14885.208	14885.408	14885.823
3	34	2	2	522	3	6	9	12	4	1	5	1	0.67135041	12	14887.236	14887.436	14887.436	14887.636	14888.107
3	34	2	2	523	3	6	9	13	1	2	2	1	0.62406785	13	14889.463	14890.063	14890.063	14890.263	14890.687
3	34	2	2	524	3	6	9	14	2	1	3	1	0.45086023	14	14892.09	14892.29	14892.29	14892.49	14892.741
3	34	2	2	525	3	6	9	15	2	2	3	1	0.57433764	15	14894.319	14894.919	14894.919	14895.119	14895.493
3	34	2	2	526	3	6	9	16	5	1	6	1	0.89436071	16	14896.946	14897.146	14897.146	14897.346	14898.041
3	34	2	2	527	3	6	9	17	3	2	4	1	0.42878068	17	14899.174	14899.774	14899.774	14899.974	14900.203
3	34	2	2	528	3	6	9	18	5	1	6	1	0.65819635	18	14901.802	14902.002	14902.002	14902.202	14902.661
3	34	2	2	529	3	6	9	19	5	2	6	1	0.46104276	19	14904.03	14904.63	14904.63	14904.83	14905.091
3	34	2	2	530	3	6	9	20	6	2	7	1	0.41599909	20	14906.66	14907.26	14907.26	14907.46	14907.676
3	34	2	2	531	3	6	9	21	4	1	5	1	0.65225618	21	14909.288	14909.488	14909.488	14909.688	14910.14
3	34	2	2	532	3	6	9	22	3	1	4	1	1.0704866	22	14911.516	14911.716	14911.716	14911.916	14912.787
3	34	2	2	533	3	6	9	23	6	2	7	1	1.62091	23	14913.745	14914.345	14914.345	14914.545	14915.966
3	34	2	2	534	3	6	9	24	4	2	5	1	0.69814526	24	14916.373	14916.973	14916.973	14917.173	14917.671
3	34	2	2	535	3	6	9	25	1	2	2	1	0.71002128	25	14919.001	14919.601	14919.601	14919.801	14920.311
3	34	2	2	536	3	6	9	26	3	1	4	1	1.0079431	26	14921.629	14921.829	14921.829	14922.029	14922.837
3	34	2	2	537	3	6	9	27	2	2	3	1	0.62031042	27	14923.857	14924.457	14924.457	14924.657	14925.077
3	34	2	2	538	3	6	9	28	3	2	4	1	1.0472536	28	14926.485	14927.085	14927.085	14927.285	14928.132
3	34	2	2	539	3	6	9	29	6	1	7	1	0.54764727	29	14929.112	14929.312	14929.312	14929.512	14929.86
3	34	2	2	540	3	6	9	30	1	2	2	1	0.67413881	30	14931.34	14931.94	14931.94	14932.14	14932.614
3	34	2	2	541	4	2	10	1	4	1	8	1	0.41968608	1	15500.927	15501.127	15501.127	15501.327	15501.547
3	34	2	2	542	4	2	10	2	2	2	1	1	0.36979841	2	15503.161	15503.761	15503.761	15503.961	15504.131
3	34	2	2	543	4	2	10	3	4	1	8	1	0.57669544	3	15505.79	15505.99	15505.99	15506.19	15506.567
3	34	2	2	544	4	2	10	4	2	2	1	1	0.41888645	4	15508.018	15508.618	15508.618	15508.818	15509.037
3	34	2	2	545	4	2	10	5	6	1	8	1	0.46264073	5	15510.652	15510.852	15510.852	15511.052	15511.315
3	34	2	2	546	4	2	10	6	5	2	8	1	0.67538564	6	15512.882	15513.482	15513.482	15513.682	15514.157
3	34	2	2	547	4	2	10	7	5	1	8	1	0.48496547	7	15515.51	15515.71	15515.71	15515.91	15516.195
3	34	2	2	548	4	2	10	8	6	1	8	1	0.4559472	8	15517.739	15517.939	15517.939	15518.139	15518.395
3	34	2	2	549	4	2	10	9	6	2	8	1	0.45445272	9	15519.968	15520.568	15520.568	15520.768	15521.022
3	34	2	2	550	4	2	10	10	2	1	1	1	0.472758	10	15522.596	15522.796	15522.796	15522.996	15523.269
3	34	2	2	551	4	2	10	11	1	1	1	1	0.49044276	11	15524.825	15525.025	15525.025	15525.225	15525.516
3	34	2	2	552	4	2	10	12	1	1	1	1	0.41667804	12	15527.054	15527.254	15527.254	15527.454	15527.671
3	34	2	2	553	4	2	10	13	6	2	8	1	0.43786183	13	15529.285	15529.885	15529.885	15530.085	15530.323
3	34	2	2	554	4	2	10	14	3	1	1	1	0.56798735	14	15531.914	15532.114	15532.114	15532.314	15532.682
3	34	2	2	555	4	2	10	15	5	2	8	1	0.46516412	15	15534.149	15534.749	15534.749	15534.949	15535.214
3	34	2	2	556	4	2	10	16	2	1	1	1	0.45930851	16	15536.778	15536.978	15536.978	15537.178	15537.437
3	34	2	2	557	4	2	10	17	3	2	1	1	0.4608884	17	15539.007	15539.607	15539.607	15539.807	15540.068
3	34	2	2	558	4	2	10	18	4	1	8	1	0.50973584	18	15541.64	15541.84	15541.84	15542.04	15542.35
3	34	2	2	559	4	2	10	19	5	2	8	1	0.56723752	19	15543.87	15544.47	15544.47	15544.67	15545.038
3	34	2	2	560	4	2	10	20	3	2	1	1	0.50607707	20	15546.499	15547.099	15547.099	15547.299	15547.605
3	34	2	2	561	4	2	10	21	5	1	8	1	0.54909917	21	15549.129	15549.329	15549.329	15549.529	15549.878
3	34	2	2	562	4	2	10	22	4	1	8	1	0.50782366	22	15551.361	15551.561	15551.561	15551.761	15552.069
3	34	2	2	563	4	2	10	23	3	2	1	1	0.47486927	23	15553.594	15554.194	15554.194	15554.394	15554.669
3	34	2	2	564	4	2	10	24	1	2	1	1	0.49266144	24	15556.223	15556.823	15556.823	15557.023	15557.316
3	34	2	2	565	4	2	10	25	2	2	1	1	0.6615303	25	15558.855	15559.455	15559.455	15559.655	15560.117
3	34	2	2	566	4	2	10	26	1	1	1	1	0.50146333	26	15561.484	15561.684	15561.684	15561.884	15562.186
3	34	2	2	567	4	2	10	27	1	2	1	1	0.37044649	27	15563.713	15564.313	15564.313	15564.513	15564.684
3	34	2	2	568	4	2	10	28	4	2	8	1	0.54900741	28	15566.343	15566.943	15566.943	15567.143	15567.492
3	34	2	2	569	4	2	10	29	6	1	8	1	0.55166634	29	15568.972	15569.172	15569.172	15569.372	15569.724
3	34	2	2	570	4	2	10	30	3	2	1	1	0.58486052	30	15571.202	15571.802	15571.802	15572.002	15572.387
3	34	2	2	571	4	6	10	1	4	1	5	1	0.71272574	1	15601.998	15602.198	15602.198	15602.398	15602.91
3	34	2	2	572	4	6	10	2	5	2	6	1	0.62685184	2	15604.227	15604.827	15604.827	15605.027	15605.454
3	34	2	2	573	4	6	10	3	2	1	3	1	0.70246473	3	15606.857	15607.057	15607.057	15607.257	15607.759
3	34	2	2	574	4	6	10	4	4	2	5	1	0.66495751	4	15609.086	15609.686	15609.686	15609.886	15610.351
3	34	2	2	575	4	6	10	5	3	1	4	1	1.1359929	5	15611.717	15611.917	15611.917	15612.117	15613.053
3	34	2	2	576	4	6	10	6	6	2	7	1	0.60671451	6	15613.95	15614.55	15614.55	15614.75	15615.157
3	34	2	2	577	4	6	10	7	3	1	4	1	0.7556575	7	15616.579	15616.779	15616.779	15616.979	15617.535
3	34	2	2	578	4	6	10	8	2	1	3	1	0.7432048	8	15618.812	15619.012	15619.012	15619.212	15619.755
3	34	2	2	579	4	6	10	9	6	2	7	1	0.66084894	9	15621.042	15621.642	15621.642	15621.842	15622.303
3	34	2	2	580	4	6	10	10	5	1	6	1	1.2176521	10	15623.672	15623.872	15623.872	15624.072	15625.09
3	34	2	2	581	4	6	10	11	2	1	3	1	0.84253158	11	15625.906	15626.106	15626.106	15626.306	15626.949
3	34	2	2	582	4	6	10	12	6	1	7	1	1.2368254	12	15628.136	15628.336	15628.336	15628.536	15629.573
3	34	2	2	583	4	6	10	13	3	2	4	1	1.1053861	13	15630.366	15630.966	15630.966	15631.166	15632.071
3	34	2	2	584	4	6	10	14	4	1	5	1	0.79491985	14	15632.996	15633.196	15633.196	15633.396	15633.991
3	34	2	2	585	4	6	10	15	1	2	2	1	0.56752749	15	15635.227	15635.827	15635.827	15636.027	15636.395
3	34	2	2	586	4	6	10	16	5	1	6	1	0.7041315	16	15637.86	15638.06	15638.06	15638.26	15638.764
3	34	2	2	587	4	6	10	17	2	2	3	1	0.84411026	17	15640.09	15640.69	15640.69	15640.89	15641.534
3	34	2	2	588	4	6	10	18	3	1	4	1	1.1304342	18	15642.721	15642.921	15642.921	15643.121	15644.051
3	34	2	2	589	4	6	10	19	1	2	2	1	1.0078507	19	15644.951	15645.551	15645.551	15645.751	15646.559
3	34	2	2	590	4	6	10	20	1	2	2	1	0.51857885	20	15647.581	15648.181	15648.182	15648.382	15648.7
3	34	2	2	591	4	6	10	21	3	1	4	1	0.81929497	21	15650.212	15650.412	15650.412	15650.612	15651.231
3	34	2	2	592	4	6	10	22	1	1	2	1	0.62921738	22	15652.442	15652.642	15652.642	15652.842	15653.271
3	34	2	2	593	4	6	10	23	2	2	3	1	0.82584429	23	15654.674	15655.274	15655.274	15655.474	15656.1
3	34	2	2	594	4	6	10	24	1	2	2	1	0.67664194	24	15657.305	15657.905	15657.905	15658.105	15658.581
3	34	2	2	595	4	6	10	25	5	2	6	1	0.75084318	25	15659.935	15660.535	15660.535	15660.735	15661.285
3	34	2	2	596	4	6	10	26	4	1	5	1	0.74551879	26	15662.565	15662.765	15662.765	15662.965	15663.51
3	34	2	2	597	4	6	10	27	4	2	5	1	0.52901446	27	15664.796	15665.396	15665.396	15665.596	15665.925
3	34	2	2	598	4	6	10	28	6	2	7	1	0.75112138	28	15667.43	15668.03	15668.03	15668.23	15668.781
3	34	2	2	599	4	6	10	29	5	1	6	1	1.969924	29	15670.061	15670.261	15670.261	15670.461	15672.231
3	34	2	2	600	4	6	10	30	6	2	7	1	1.2135945	30	15672.295	15672.895	15672.895	15673.095	15674.108
3	34	2	2	601	4	2	11	1	1	1	1	1	0.41991127	1	15702.987	15703.187	15703.187	15703.387	15703.607
3	34	2	2	602	4	2	11	2	4	2	8	1	0.33597453	2	15705.218	15705.818	15705.818	15706.018	15706.154
3	34	2	2	603	4	2	11	3	6	1	8	1	0.51450836	3	15707.849	15708.049	15708.05	15708.25	15708.564
3	34	2	2	604	4	2	11	4	3	2	1	1	0.6850639	4	15710.081	15710.681	15710.681	15710.881	15711.366
3	34	2	2	605	4	2	11	5	2	1	1	1	0.50582177	5	15712.713	15712.913	15712.913	15713.113	15713.418
3	34	2	2	606	4	2	11	6	1	2	1	1	0.35935938	6	15714.944	15715.544	15715.544	15715.744	15715.903
3	34	2	2	607	4	2	11	7	3	1	1	1	0.35749387	7	15717.575	15717.775	15717.775	15717.975	15718.132
3	34	2	2	608	4	2	11	8	5	1	8	1	0.37779805	8	15719.806	15720.006	15720.006	15720.206	15720.384
3	34	2	2	609	4	2	11	9	4	2	8	1	0.58318731	9	15722.037	15722.637	15722.637	15722.837	15723.22
3	34	2	2	610	4	2	11	10	4	1	8	1	0.39127054	10	15724.669	15724.869	15724.869	15725.069	15725.261
3	34	2	2	611	4	2	11	11	2	1	1	1	0.41891974	11	15726.904	15727.104	15727.104	15727.304	15727.523
3	34	2	2	612	4	2	11	12	5	1	8	1	0.35015839	12	15729.135	15729.335	15729.335	15729.535	15729.685
3	34	2	2	613	4	2	11	13	6	2	8	1	0.61465972	13	15731.366	15731.966	15731.966	15732.166	15732.581
3	34	2	2	614	4	2	11	14	4	1	8	1	0.38926889	14	15733.997	15734.197	15734.197	15734.397	15734.587
3	34	2	2	615	4	2	11	15	1	2	1	1	0.45667654	15	15736.231	15736.831	15736.831	15737.031	15737.287
3	34	2	2	616	4	2	11	16	3	1	1	1	0.50321361	16	15738.862	15739.062	15739.062	15739.262	15739.565
3	34	2	2	617	4	2	11	17	5	2	8	1	0.50925835	17	15741.093	15741.693	15741.693	15741.893	15742.203
3	34	2	2	618	4	2	11	18	3	1	1	1	0.46186862	18	15743.725	15743.925	15743.925	15744.125	15744.387
3	34	2	2	619	4	2	11	19	5	2	8	1	1.1997207	19	15745.957	15746.557	15746.557	15746.757	15747.757
3	34	2	2	620	4	2	11	20	4	2	8	1	0.4085422	20	15748.589	15749.189	15749.189	15749.389	15749.598
3	34	2	2	621	4	2	11	21	5	1	8	1	0.41722867	21	15751.22	15751.42	15751.42	15751.62	15751.838
3	34	2	2	622	4	2	11	22	1	1	1	1	0.51195787	22	15753.455	15753.655	15753.655	15753.855	15754.167
3	34	2	2	623	4	2	11	23	6	2	8	1	0.43285344	23	15755.686	15756.286	15756.286	15756.486	15756.719
3	34	2	2	624	4	2	11	24	3	2	1	1	0.49787402	24	15758.32	15758.92	15758.92	15759.12	15759.418
3	34	2	2	625	4	2	11	25	6	2	8	1	0.47865396	25	15760.952	15761.552	15761.552	15761.752	15762.031
3	34	2	2	626	4	2	11	26	2	1	1	1	0.5052557	26	15763.585	15763.785	15763.785	15763.985	15764.29
3	34	2	2	627	4	2	11	27	6	2	8	1	0.5082159	27	15765.818	15766.418	15766.418	15766.618	15766.926
3	34	2	2	628	4	2	11	28	2	2	1	1	0.4882044	28	15768.451	15769.051	15769.051	15769.251	15769.539
3	34	2	2	629	4	2	11	29	2	1	1	1	0.73452026	29	15771.085	15771.285	15771.285	15771.485	15772.019
3	34	2	2	630	4	2	11	30	1	2	1	1	0.42205476	30	15773.318	15773.918	15773.918	15774.118	15774.34
3	34	2	2	631	4	6	11	1	6	1	7	1	0.67709631	1	15804.017	15804.217	15804.217	15804.417	15804.894
3	34	2	2	632	4	6	11	2	4	2	5	1	0.77875235	2	15806.256	15806.856	15806.856	15807.056	15807.635
3	34	2	2	633	4	6	11	3	5	1	6	1	0.64466698	3	15808.894	15809.094	15809.094	15809.294	15809.739
3	34	2	2	634	4	6	11	4	3	2	4	1	0.78285784	4	15811.127	15811.727	15811.727	15811.927	15812.51
3	34	2	2	635	4	6	11	5	4	1	5	1	0.66192004	5	15813.76	15813.96	15813.96	15814.16	15814.622
3	34	2	2	636	4	6	11	6	4	2	5	1	0.47632607	6	15815.993	15816.593	15816.593	15816.793	15817.069
3	34	2	2	637	4	6	11	7	1	1	2	1	0.99356726	7	15818.626	15818.826	15818.826	15819.026	15819.82
3	34	2	2	638	4	6	11	8	1	1	2	1	0.57845155	8	15820.858	15821.058	15821.058	15821.258	15821.636
3	34	2	2	639	4	6	11	9	2	2	3	1	0.68245049	9	15823.09	15823.69	15823.69	15823.89	15824.373
3	34	2	2	640	4	6	11	10	6	1	7	1	0.89240951	10	15825.726	15825.926	15825.926	15826.126	15826.818
3	34	2	2	641	4	6	11	11	6	1	7	1	0.4343019	11	15827.961	15828.161	15828.161	15828.361	15828.595
3	34	2	2	642	4	6	11	12	2	1	3	1	1.1625396	12	15830.193	15830.393	15830.393	15830.593	15831.556
3	34	2	2	643	4	6	11	13	3	2	4	1	1.0246373	13	15832.426	15833.026	15833.026	15833.226	15834.051
3	34	2	2	644	4	6	11	14	6	1	6	0	1.2404141	13	15835.059	15835.259	15835.259	15835.459	15836.499
3	34	2	2	645	4	6	11	15	3	2	4	1	1.2874489	14	15837.292	15837.892	15837.892	15838.092	15839.179
3	34	2	2	646	4	6	11	16	6	1	7	1	0.77825073	15	15839.928	15840.128	15840.128	15840.328	15840.907
3	34	2	2	647	4	6	11	17	2	2	2	0	0.74965789	15	15842.161	15842.761	15842.761	15842.961	15843.511
3	34	2	2	648	4	6	11	18	5	1	6	1	0.56211434	16	15844.794	15844.994	15844.994	15845.194	15845.556
3	34	2	2	649	4	6	11	19	4	2	5	1	0.6087306	17	15847.027	15847.627	15847.627	15847.827	15848.236
3	34	2	2	650	4	6	11	20	5	2	6	1	0.70815342	18	15849.664	15850.264	15850.264	15850.464	15850.972
3	34	2	2	651	4	6	11	21	5	1	6	1	0.57214297	19	15852.297	15852.497	15852.497	15852.697	15853.07
3	34	2	2	652	4	6	11	22	5	1	6	1	0.72847083	20	15854.534	15854.734	15854.734	15854.934	15855.462
3	34	2	2	653	4	6	11	23	1	2	2	1	0.80473551	21	15856.767	15857.367	15857.367	15857.567	15858.172
3	34	2	2	654	4	6	11	24	1	2	2	1	0.47309758	22	15859.404	15860.004	15860.004	15860.204	15860.477
3	34	2	2	655	4	6	11	25	2	2	3	1	0.87083709	23	15862.037	15862.637	15862.637	15862.837	15863.508
3	34	2	2	656	4	6	11	26	1	1	2	1	0.55818702	24	15864.67	15864.87	15864.87	15865.07	15865.428
3	34	2	2	657	4	6	11	27	3	2	4	1	0.66213513	25	15866.903	15867.503	15867.503	15867.703	15868.165
3	34	2	2	658	4	6	11	28	2	2	3	1	0.82036852	26	15869.537	15870.137	15870.137	15870.337	15870.957
3	34	2	2	659	4	6	11	29	3	1	4	1	1.1546713	27	15872.17	15872.37	15872.37	15872.57	15873.524
3	34	2	2	660	4	6	11	30	4	2	5	1	0.5793973	28	15874.403	15875.003	15875.003	15875.203	15875.583
3	34	2	2	661	4	2	12	1	6	1	8	1	0.53366465	1	15905.097	15905.297	15905.297	15905.497	15905.831
3	34	2	2	662	4	2	12	2	5	2	8	1	0.48025832	2	15907.331	15907.931	15907.931	15908.131	15908.411
3	34	2	2	663	4	2	12	3	2	1	1	1	0.49726787	3	15909.965	15910.165	15910.165	15910.365	15910.662
3	34	2	2	664	4	2	12	4	5	2	8	1	0.48595866	4	15912.198	15912.798	15912.798	15912.998	15913.284
3	34	2	2	665	4	2	12	5	4	1	8	1	0.47319072	5	15914.833	15915.033	15915.033	15915.233	15915.506
3	34	2	2	666	4	2	12	6	6	2	8	1	0.43050644	6	15917.071	15917.671	15917.671	15917.871	15918.101
3	34	2	2	667	4	2	12	7	1	1	1	1	0.43765802	7	15919.704	15919.904	15919.904	15920.104	15920.342
3	34	2	2	668	4	2	12	8	1	1	1	1	0.44272331	8	15921.938	15922.138	15922.138	15922.338	15922.581
3	34	2	2	669	4	2	12	9	5	2	8	1	0.39014644	9	15924.181	15924.781	15924.781	15924.981	15925.172
3	34	2	2	670	4	2	12	10	3	1	1	1	0.41528329	10	15926.815	15927.015	15927.015	15927.215	15927.43
3	34	2	2	671	4	2	12	11	6	1	8	1	0.53041199	11	15929.049	15929.249	15929.249	15929.449	15929.779
3	34	2	2	672	4	2	12	12	2	1	1	1	0.4732398	12	15931.283	15931.483	15931.483	15931.683	15931.956
3	34	2	2	673	4	2	12	13	4	2	8	1	0.43788621	13	15933.517	15934.117	15934.117	15934.317	15934.555
3	34	2	2	674	4	2	12	14	3	1	1	1	0.46475493	14	15936.155	15936.355	15936.355	15936.555	15936.82
3	34	2	2	675	4	2	12	15	2	2	1	1	0.49360813	15	15938.389	15938.989	15938.989	15939.189	15939.483
3	34	2	2	676	4	2	12	16	4	1	8	1	0.49619167	16	15941.023	15941.223	15941.223	15941.423	15941.719
3	34	2	2	677	4	2	12	17	1	2	1	1	0.58047028	17	15943.257	15943.857	15943.857	15944.057	15944.437
3	34	2	2	678	4	2	12	18	4	1	8	1	0.47177071	18	15945.891	15946.091	15946.091	15946.291	15946.563
3	34	2	2	679	4	2	12	19	1	2	1	1	0.69855598	19	15948.129	15948.729	15948.729	15948.929	15949.428
3	34	2	2	680	4	2	12	20	6	2	8	1	0.49645862	20	15950.763	15951.363	15951.363	15951.563	15951.859
3	34	2	2	681	4	2	12	21	2	1	1	1	0.51798973	21	15953.397	15953.597	15953.597	15953.797	15954.115
3	34	2	2	682	4	2	12	22	2	1	1	1	0.52535796	22	15955.633	15955.833	15955.833	15956.033	15956.359
3	34	2	2	683	4	2	12	23	3	2	1	1	0.42435072	23	15957.867	15958.467	15958.467	15958.667	15958.891
3	34	2	2	684	4	2	12	24	3	2	1	1	0.48863067	24	15960.501	15961.101	15961.101	15961.301	15961.59
3	34	2	2	685	4	2	12	25	5	2	8	1	0.55993836	25	15963.139	15963.739	15963.739	15963.939	15964.299
3	34	2	2	686	4	2	12	26	4	1	8	1	0.51522344	26	15965.778	15965.978	15965.978	15966.178	15966.493
3	34	2	2	687	4	2	12	27	5	2	8	1	0.36882888	27	15968.018	15968.618	15968.618	15968.818	15968.987
3	34	2	2	688	4	2	12	28	6	2	8	1	0.43163197	28	15970.653	15971.253	15971.253	15971.453	15971.684
3	34	2	2	689	4	2	12	29	1	1	1	1	0.54628913	29	15973.287	15973.487	15973.487	15973.687	15974.034
3	34	2	2	690	4	2	12	30	3	2	1	1	0.48119382	30	15975.522	15976.122	15976.122	15976.322	15976.603
3	34	2	2	691	4	6	12	1	2	1	0	0	-16006.417	0	16006.217	16006.417	16006.417	16006.617	0
3	34	2	2	692	4	6	12	2	5	2	7	0	1.6393997	0	16008.453	16009.053	16009.053	16009.253	16010.692
3	34	2	2	693	4	6	12	3	6	1	7	1	1.4317746	1	16011.087	16011.287	16011.287	16011.487	16012.719
3	34	2	2	694	4	6	12	4	6	2	7	1	0.89722683	2	16013.322	16013.922	16013.922	16014.122	16014.819
3	34	2	2	695	4	6	12	5	5	1	6	1	1.2320163	3	16015.956	16016.156	16016.156	16016.356	16017.388
3	34	2	2	696	4	6	12	6	5	2	6	1	0.55663283	4	16018.191	16018.791	16018.791	16018.991	16019.348
3	34	2	2	697	4	6	12	7	4	1	5	1	0.68300589	5	16020.825	16021.025	16021.025	16021.225	16021.708
3	34	2	2	698	4	6	12	8	1	1	2	1	1.2846766	6	16023.064	16023.264	16023.264	16023.464	16024.549
3	34	2	2	699	4	6	12	9	6	2	6	0	1.074756	6	16025.299	16025.899	16025.899	16026.099	16026.974
3	34	2	2	700	4	6	12	10	3	1	4	1	1.3107996	7	16027.934	16028.134	16028.134	16028.334	16029.444
3	34	2	2	701	4	6	12	11	3	1	4	1	0.75704902	8	16030.169	16030.369	16030.369	16030.569	16031.126
3	34	2	2	702	4	6	12	12	1	1	2	1	1.2415866	9	16032.404	16032.604	16032.604	16032.804	16033.845
3	34	2	2	703	4	6	12	13	5	2	6	1	0.83983253	10	16034.638	16035.238	16035.238	16035.438	16036.078
3	34	2	2	704	4	6	12	14	6	1	7	1	0.47196731	11	16037.275	16037.475	16037.475	16037.675	16037.947
3	34	2	2	705	4	6	12	15	3	2	4	1	1.5097136	12	16039.51	16040.11	16040.11	16040.31	16041.62
3	34	2	2	706	4	6	12	16	3	1	4	1	0.62033944	13	16042.146	16042.346	16042.346	16042.546	16042.966
3	34	2	2	707	4	6	12	17	2	2	3	1	1.3520893	14	16044.382	16044.982	16044.982	16045.182	16046.334
3	34	2	2	708	4	6	12	18	2	1	3	1	0.59311997	15	16047.017	16047.217	16047.217	16047.417	16047.81
3	34	2	2	709	4	6	12	19	4	2	5	1	1.0086903	16	16049.252	16049.852	16049.852	16050.052	16050.861
3	34	2	2	710	4	6	12	20	4	2	5	1	0.54938494	17	16051.888	16052.488	16052.488	16052.688	16053.037
3	34	2	2	711	4	6	12	21	2	1	3	1	1.1956192	18	16054.523	16054.723	16054.723	16054.923	16055.919
3	34	2	2	712	4	6	12	22	6	1	7	1	0.98980142	19	16056.758	16056.958	16056.958	16057.158	16057.948
3	34	2	2	713	4	6	12	23	1	2	2	1	0.75724375	20	16058.994	16059.594	16059.594	16059.794	16060.351
3	34	2	2	714	4	6	12	24	4	2	5	1	0.72692502	21	16061.629	16062.229	16062.229	16062.429	16062.956
3	34	2	2	715	4	6	12	25	2	2	3	1	0.79779761	22	16064.265	16064.865	16064.865	16065.065	16065.663
3	34	2	2	716	4	6	12	26	5	1	6	1	0.67857069	23	16066.901	16067.101	16067.101	16067.301	16067.779
3	34	2	2	717	4	6	12	27	4	2	5	1	0.82822303	24	16069.137	16069.737	16069.737	16069.937	16070.565
3	34	2	2	718	4	6	12	28	3	2	4	1	0.79888777	25	16071.772	16072.372	16072.372	16072.572	16073.171
3	34	2	2	719	4	6	12	29	1	1	2	1	0.92560594	26	16074.408	16074.608	16074.608	16074.808	16075.533
3	34	2	2	720	4	6	12	30	1	2	2	1	0.59165986	27	16076.645	16077.245	16077.245	16077.445	16077.836
