5	2	3	4	0	6	7	1	0	0	0	0	0	0	0	0	0	0	0	0
3	2	2	2	1	1	2	1	1	3	2	1	1	1.848198	1	6186.6231	6187.2232	6187.2235	6187.4237	6189.0717
3	2	2	2	2	1	2	1	2	2	1	1	1	1.036926	2	6189.2387	6189.4389	6189.439	6189.6393	6190.476
3	2	2	2	3	1	2	1	3	5	1	7	0	1.049524	2	6191.4485	6191.6485	6191.6485	6191.8485	6192.698
3	2	2	2	4	1	2	1	4	5	2	8	1	1.6040765	3	6193.9668	6194.5668	6194.5668	6194.7669	6196.1709
3	2	2	2	5	1	2	1	5	4	1	8	1	1.6266846	4	6196.573	6196.773	6196.773	6196.973	6198.3997
3	2	2	2	6	1	2	1	6	3	2	1	1	0.95112814	5	6198.7797	6199.3798	6199.3798	6199.5798	6200.3309
3	2	2	2	7	1	2	1	7	1	2	1	1	0.91407337	6	6201.3859	6201.9859	6201.9859	6202.1859	6202.8999
3	2	2	2	8	1	2	1	8	1	1	1	1	0.67573452	7	6203.9918	6204.1918	6204.1918	6204.3918	6204.8676
3	2	2	2	9	1	2	1	9	4	1	8	1	0.99631862	8	6206.1977	6206.3977	6206.3977	6206.5977	6207.3941
3	2	2	2	10	1	2	1	10	5	2	8	1	0.75887889	9	6208.4031	6209.0031	6209.0031	6209.2031	6209.762
3	2	2	2	11	1	2	1	11	4	1	8	1	0.94084525	10	6211.0093	6211.2093	6211.2093	6211.4094	6212.1502
3	2	2	2	12	1	2	1	12	1	2	1	1	0.93944286	11	6213.2154	6213.8154	6213.8154	6214.0154	6214.7549
3	2	2	2	13	1	2	1	13	5	1	8	1	0.92330671	12	6215.8208	6216.0208	6216.0209	6216.2209	6216.9442
3	2	2	2	14	1	2	1	14	3	2	1	1	0.97283196	13	6218.0266	6218.6266	6218.6266	6218.8266	6219.5994
3	2	2	2	15	1	2	1	15	6	1	8	1	0.99385436	14	6220.6321	6220.8322	6220.8322	6221.0322	6221.826
3	2	2	2	16	1	2	1	16	1	2	1	1	0.78626657	15	6222.8381	6223.4381	6223.4381	6223.6381	6224.2244
3	2	2	2	17	1	2	1	17	2	1	1	1	0.72786647	16	6225.4437	6225.6437	6225.6437	6225.8437	6226.3715
3	2	2	2	18	1	2	1	18	4	2	8	1	0.64926302	17	6227.6494	6228.2494	6228.2494	6228.4494	6228.8987
3	2	2	2	19	1	2	1	19	6	2	8	1	0.72264429	18	6230.2559	6230.8559	6230.8559	6231.0559	6231.5785
3	2	2	2	20	1	2	1	20	2	2	1	1	0.88482603	19	6232.862	6233.462	6233.462	6233.662	6234.3469
3	2	2	2	21	1	2	1	21	2	2	1	1	0.59773949	20	6235.4681	6236.0681	6236.0681	6236.2682	6236.6658
3	2	2	2	22	1	2	1	22	4	1	8	1	0.71156831	21	6238.0742	6238.2742	6238.2742	6238.4742	6238.9858
3	2	2	2	23	1	2	1	23	1	1	1	1	0.88776781	22	6240.28	6240.48	6240.48	6240.68	6241.3678
3	2	2	2	24	1	2	1	24	6	2	8	1	0.94315451	23	6242.4881	6243.0881	6243.0882	6243.2882	6244.0313
3	2	2	2	25	1	2	1	25	6	1	8	1	0.60348291	24	6245.0951	6245.2951	6245.2951	6245.4951	6245.8986
3	2	2	2	26	1	2	1	26	3	1	1	1	0.60559136	25	6247.3018	6247.5018	6247.5018	6247.7019	6248.1074
3	2	2	2	27	1	2	1	27	6	2	8	1	0.97100904	26	6249.508	6250.108	6250.108	6250.308	6251.079
3	2	2	2	28	1	2	1	28	3	2	1	1	0.60000921	27	6252.114	6252.714	6252.714	6252.914	6253.314
3	2	2	2	29	1	2	1	29	5	1	8	1	0.91528985	28	6254.7201	6254.9201	6254.9201	6255.1202	6255.8354
3	2	2	2	30	1	2	1	30	2	1	1	1	1.459662	29	6256.9263	6257.1264	6257.1264	6257.3264	6258.5861
3	2	2	2	31	1	6	1	1	1	2	0	0	-6406.9418	0	6406.3416	6406.9417	6406.9418	6407.1421	0
3	2	2	2	32	1	6	1	2	5	1	0	0	-6409.4515	0	6409.2515	6409.4515	6409.4515	6409.6515	0
3	2	2	2	33	1	6	1	3	6	1	7	1	1.017691	1	6411.7582	6411.9582	6411.9582	6412.1583	6412.9759
3	2	2	2	34	1	6	1	4	3	2	4	1	1.9230526	2	6413.9651	6414.5652	6414.5652	6414.7652	6416.4882
3	2	2	2	35	1	6	1	5	2	1	3	1	1.7905193	3	6416.572	6416.772	6416.772	6416.9721	6418.5625
3	2	2	2	36	1	6	1	6	1	2	2	1	1.6738483	4	6418.7784	6419.3784	6419.3784	6419.5784	6421.0522
3	2	2	2	37	1	6	1	7	3	2	4	1	2.0000098	5	6421.3855	6421.9855	6421.9855	6422.1855	6423.9855
3	2	2	2	38	1	6	1	8	6	1	7	1	1.5246319	6	6423.9956	6424.1956	6424.1956	6424.3956	6425.7202
3	2	2	2	39	1	6	1	9	2	1	3	1	1.2213629	7	6426.2029	6426.4029	6426.4029	6426.6029	6427.6242
3	2	2	2	40	1	6	1	10	3	2	7	0	1.9177645	7	6428.4093	6429.0093	6429.0093	6429.2093	6430.927
3	2	2	2	41	1	6	1	11	6	1	7	1	1.0315895	8	6431.3232	6431.5232	6431.5232	6431.7232	6432.5548
3	2	2	2	42	1	6	1	12	4	2	3	0	0.94150335	8	6433.5305	6434.1305	6434.1305	6434.3305	6435.072
3	2	2	2	43	1	6	1	13	1	1	2	1	1.67721	9	6436.4443	6436.6443	6436.6444	6436.8444	6438.3216
3	2	2	2	44	1	6	1	14	2	2	3	1	1.446076	10	6438.6523	6439.2524	6439.2524	6439.4524	6440.6984
3	2	2	2	45	1	6	1	15	1	1	2	1	1.7752194	11	6441.2597	6441.4597	6441.4597	6441.6598	6443.235
3	2	2	2	46	1	6	1	16	3	2	4	1	1.6116238	12	6443.4698	6444.0698	6444.0698	6444.2698	6445.6814
3	2	2	2	47	1	6	1	17	4	1	5	1	1.516172	13	6446.0766	6446.2767	6446.2767	6446.4767	6447.7928
3	2	2	2	48	1	6	1	18	5	2	6	1	1.0729419	14	6448.2841	6448.8841	6448.8841	6449.0841	6449.957
3	2	2	2	49	1	6	1	19	5	2	6	1	0.95108147	15	6450.8918	6451.4918	6451.4918	6451.6919	6452.4429
3	2	2	2	50	1	6	1	20	6	2	7	1	1.4309303	16	6453.4998	6454.0998	6454.0998	6454.2998	6455.5307
3	2	2	2	51	1	6	1	21	2	2	3	1	1.8067118	17	6456.1077	6456.7077	6456.7077	6456.9077	6458.5144
3	2	2	2	52	1	6	1	22	3	1	4	1	1.9677025	18	6458.7147	6458.9147	6458.9147	6459.1147	6460.8824
3	2	2	2	53	1	6	1	23	5	1	6	1	1.2307861	19	6460.9218	6461.1219	6461.1219	6461.3219	6462.3526
3	2	2	2	54	1	6	1	24	1	2	0	0	-6463.7299	19	6463.1299	6463.7299	6463.7299	6463.9299	0
3	2	2	2	55	1	6	1	25	2	1	3	1	1.8205926	20	6466.0374	6466.2374	6466.2374	6466.4374	6468.058
3	2	2	2	56	1	6	1	26	5	1	6	1	1.0624779	21	6468.2451	6468.4451	6468.4451	6468.6451	6469.5076
3	2	2	2	57	1	6	1	27	6	2	7	1	1.9997518	22	6470.453	6471.053	6471.053	6471.253	6473.0528
3	2	2	2	58	1	6	1	28	4	2	0	0	-6473.6655	22	6473.0655	6473.6655	6473.6655	6473.8655	0
3	2	2	2	59	1	6	1	29	4	1	3	0	1.7094709	22	6475.9732	6476.1732	6476.1732	6476.3732	6477.8827
3	2	2	2	60	1	6	1	30	4	1	5	1	0.59548893	23	6478.4867	6478.6867	6478.6867	6478.8867	6479.2822
3	2	2	2	61	1	2	2	1	3	2	1	1	1.2954418	1	6499.7633	6500.3633	6500.3633	6500.5633	6501.6587
3	2	2	2	62	1	2	2	2	2	1	1	1	0.60559239	2	6502.3714	6502.5714	6502.5714	6502.7714	6503.177
3	2	2	2	63	1	2	2	3	2	1	1	1	0.61425074	3	6504.5791	6504.7791	6504.7791	6504.9791	6505.3933
3	2	2	2	64	1	2	2	4	5	2	8	1	1.9537897	4	6506.79	6507.39	6507.39	6507.5901	6509.3438
3	2	2	2	65	1	2	2	5	4	1	8	1	0.61918001	5	6509.3979	6509.598	6509.5981	6509.7981	6510.2173
3	2	2	2	66	1	2	2	6	2	2	1	1	0.7221724	6	6511.6062	6512.2063	6512.2063	6512.4063	6512.9285
3	2	2	2	67	1	2	2	7	1	2	1	1	0.59471678	7	6514.215	6514.815	6514.815	6515.015	6515.4097
3	2	2	2	68	1	2	2	8	4	1	8	1	0.72508075	8	6516.8231	6517.0231	6517.0231	6517.2231	6517.7482
3	2	2	2	69	1	2	2	9	1	1	1	1	0.73709321	9	6519.0313	6519.2313	6519.2313	6519.4313	6519.9684
3	2	2	2	70	1	2	2	10	1	2	1	1	1.000818	10	6521.2395	6521.8395	6521.8395	6522.0395	6522.8403
3	2	2	2	71	1	2	2	11	6	1	8	1	0.84343765	11	6523.8476	6524.0476	6524.0477	6524.2477	6524.8911
3	2	2	2	72	1	2	2	12	4	2	1	0	0.65874486	11	6526.0561	6526.6561	6526.6561	6526.8561	6527.3149
3	2	2	2	73	1	2	2	13	6	1	8	1	0.82480246	12	6528.9699	6529.1699	6529.1699	6529.3699	6529.9947
3	2	2	2	74	1	2	2	14	2	2	1	1	0.86167713	13	6531.1788	6531.7788	6531.7788	6531.9788	6532.6404
3	2	2	2	75	1	2	2	15	5	1	8	1	0.79778083	14	6533.7871	6533.9871	6533.9871	6534.1871	6534.7849
3	2	2	2	76	1	2	2	16	1	2	1	1	0.92788476	15	6535.9961	6536.5962	6536.5962	6536.7962	6537.5241
3	2	2	2	77	1	2	2	17	6	1	8	1	0.77887235	16	6538.6048	6538.8048	6538.8048	6539.0048	6539.5837
3	2	2	2	78	1	2	2	18	5	2	8	1	0.95643692	17	6540.813	6541.413	6541.413	6541.613	6542.3695
3	2	2	2	79	1	2	2	19	3	2	1	1	0.84217381	18	6543.4225	6544.0225	6544.0225	6544.2225	6544.8647
3	2	2	2	80	1	2	2	20	2	2	1	1	0.8015296	19	6546.0312	6546.6312	6546.6312	6546.8312	6547.4327
3	2	2	2	81	1	2	2	21	5	2	8	1	0.69764329	20	6548.6396	6549.2396	6549.2396	6549.4396	6549.9373
3	2	2	2	82	1	2	2	22	5	1	8	1	0.57012949	21	6551.2481	6551.4481	6551.4481	6551.6481	6552.0182
3	2	2	2	83	1	2	2	23	6	1	8	1	0.56937764	22	6553.4568	6553.6568	6553.6568	6553.8568	6554.2262
3	2	2	2	84	1	2	2	24	3	2	1	1	0.60921892	23	6555.6655	6556.2655	6556.2655	6556.4655	6556.8747
3	2	2	2	85	1	2	2	25	4	1	8	1	0.56914196	24	6558.2746	6558.4746	6558.4746	6558.6746	6559.0438
3	2	2	2	86	1	2	2	26	4	1	8	1	0.56505524	25	6560.484	6560.684	6560.684	6560.884	6561.2491
3	2	2	2	87	1	2	2	27	3	2	1	1	0.57883552	26	6562.6927	6563.2927	6563.2927	6563.4927	6563.8715
3	2	2	2	88	1	2	2	28	6	2	8	1	1.0938175	27	6565.3014	6565.9015	6565.9015	6566.1015	6566.9953
3	2	2	2	89	1	2	2	29	3	1	1	1	0.65280809	28	6567.9108	6568.1108	6568.1108	6568.3108	6568.7636
3	2	2	2	90	1	2	2	30	1	1	1	1	0.74615902	29	6570.1201	6570.3201	6570.3201	6570.5201	6571.0662
3	2	2	2	91	1	6	2	1	3	2	4	1	1.2940705	1	6609.9235	6610.5235	6610.5235	6610.7235	6611.8176
3	2	2	2	92	1	6	2	2	2	1	3	1	1.1282533	2	6612.5332	6612.7332	6612.7333	6612.9333	6613.8616
3	2	2	2	93	1	6	2	3	5	1	6	1	1.0034476	3	6614.742	6614.9421	6614.9421	6615.1421	6615.9455
3	2	2	2	94	1	6	2	4	1	2	2	1	1.8361084	4	6616.9515	6617.5515	6617.5515	6617.7515	6619.3876
3	2	2	2	95	1	6	2	5	6	1	7	1	1.4830502	5	6619.561	6619.761	6619.761	6619.961	6621.2441
3	2	2	2	96	1	6	2	6	4	2	5	1	1.9352322	6	6621.7704	6622.3705	6622.3705	6622.5705	6624.3058
3	2	2	2	97	1	6	2	7	1	2	2	1	1.0168115	7	6624.3793	6624.9793	6624.9793	6625.1793	6625.9962
3	2	2	2	98	1	6	2	8	5	1	6	1	1.0672367	8	6626.9915	6627.1915	6627.1915	6627.3915	6628.2587
3	2	2	2	99	1	6	2	9	6	1	7	1	1.3913711	9	6629.2007	6629.4007	6629.4007	6629.6007	6630.7921
3	2	2	2	100	1	6	2	10	4	2	5	1	1.3585246	10	6631.41	6632.01	6632.0101	6632.2101	6633.3686
3	2	2	2	101	1	6	2	11	6	1	7	1	1.2528348	11	6634.0201	6634.2202	6634.2202	6634.4202	6635.473
3	2	2	2	102	1	6	2	12	4	2	5	1	1.5341872	12	6636.23	6636.83	6636.83	6637.03	6638.3642
3	2	2	2	103	1	6	2	13	4	1	5	1	0.62033799	13	6638.8393	6639.0394	6639.0394	6639.2394	6639.6597
3	2	2	2	104	1	6	2	14	2	2	3	1	0.96039954	14	6641.049	6641.6491	6641.6491	6641.8491	6642.6095
3	2	2	2	105	1	6	2	15	2	1	3	1	0.63937168	15	6643.6589	6643.859	6643.859	6644.059	6644.4983
3	2	2	2	106	1	6	2	16	1	2	7	0	1.3936265	15	6645.8741	6646.4741	6646.4741	6646.6741	6647.8677
3	2	2	2	107	1	6	2	17	1	1	2	1	1.1720513	16	6648.7892	6648.9892	6648.9892	6649.1892	6650.1613
3	2	2	2	108	1	6	2	18	5	2	6	1	0.81164081	17	6650.9992	6651.5992	6651.5992	6651.7992	6652.4108
3	2	2	2	109	1	6	2	19	4	2	5	1	1.1068282	18	6653.6092	6654.2092	6654.2092	6654.4092	6655.316
3	2	2	2	110	1	6	2	20	5	2	6	1	1.5727039	19	6656.2191	6656.8191	6656.8191	6657.0191	6658.3918
3	2	2	2	111	1	6	2	21	1	2	2	1	0.86927008	20	6658.8294	6659.4294	6659.4294	6659.6294	6660.2987
3	2	2	2	112	1	6	2	22	3	1	4	1	1.2819703	21	6661.4404	6661.6404	6661.6404	6661.8404	6662.9223
3	2	2	2	113	1	6	2	23	6	1	7	1	1.0866457	22	6663.6504	6663.8504	6663.8504	6664.0504	6664.937
3	2	2	2	114	1	6	2	24	5	2	6	1	0.95096936	23	6665.86	6666.46	6666.46	6666.66	6667.411
3	2	2	2	115	1	6	2	25	6	1	6	0	0.96432692	23	6668.4704	6668.6704	6668.6704	6668.8704	6669.6347
3	2	2	2	116	1	6	2	26	2	1	3	1	1.6508173	24	6670.9881	6671.1881	6671.1881	6671.3881	6672.8389
3	2	2	2	117	1	6	2	27	2	2	3	1	1.0279697	25	6673.1984	6673.7984	6673.7984	6673.9984	6674.8264
3	2	2	2	118	1	6	2	28	3	2	4	1	1.6332236	26	6675.8084	6676.4084	6676.4084	6676.6084	6678.0416
3	2	2	2	119	1	6	2	29	3	1	4	1	0.53395828	27	6678.4186	6678.6186	6678.6186	6678.8186	6679.1526
3	2	2	2	120	1	6	2	30	3	1	4	1	0.51425584	28	6680.6322	6680.8322	6680.8322	6681.0322	6681.3464
3	2	2	2	121	1	2	3	1	1	2	1	1	0.67787228	1	6691.8515	6692.4515	6692.4515	6692.6515	6693.1294
3	2	2	2	122	1	2	3	2	5	1	8	1	0.79517131	2	6694.4623	6694.6623	6694.6623	6694.8623	6695.4575
3	2	2	2	123	1	2	3	3	2	1	1	1	0.42474174	3	6696.6723	6696.8723	6696.8724	6697.0724	6697.2971
3	2	2	2	124	1	2	3	4	6	2	8	1	1.0235149	4	6698.8829	6699.4829	6699.4829	6699.6829	6700.5064
3	2	2	2	125	1	2	3	5	2	1	1	1	0.50736289	5	6701.4966	6701.6966	6701.6966	6701.8966	6702.2039
3	2	2	2	126	1	2	3	6	1	2	1	1	0.47339647	6	6703.7065	6704.3065	6704.3065	6704.5065	6704.7799
3	2	2	2	127	1	2	3	7	5	2	8	1	0.74709866	7	6706.3166	6706.9166	6706.9166	6707.1166	6707.6637
3	2	2	2	128	1	2	3	8	3	1	1	1	0.5162418	8	6708.9437	6709.1437	6709.1437	6709.3437	6709.6599
3	2	2	2	129	1	2	3	9	3	1	1	1	0.52157235	9	6711.1541	6711.3541	6711.3541	6711.5541	6711.8756
3	2	2	2	130	1	2	3	10	4	2	8	1	0.82202482	10	6713.3649	6713.9649	6713.9649	6714.1649	6714.7869
3	2	2	2	131	1	2	3	11	3	1	1	1	0.59518689	11	6715.9753	6716.1753	6716.1753	6716.3753	6716.7705
3	2	2	2	132	1	2	3	12	4	2	8	1	0.81396074	12	6718.1858	6718.7858	6718.7858	6718.9858	6719.5998
3	2	2	2	133	1	2	3	13	1	1	1	1	0.66196243	13	6720.7968	6720.9968	6720.9968	6721.1968	6721.6588
3	2	2	2	134	1	2	3	14	5	2	8	1	0.71466793	14	6723.0071	6723.6071	6723.6071	6723.8071	6724.3218
3	2	2	2	135	1	2	3	15	4	1	8	1	0.4386755	15	6725.618	6725.818	6725.818	6726.018	6726.2567
3	2	2	2	136	1	2	3	16	2	2	1	1	0.92610805	16	6727.8288	6728.4288	6728.4288	6728.6288	6729.3549
3	2	2	2	137	1	2	3	17	6	1	8	1	0.69569912	17	6730.4399	6730.6399	6730.6399	6730.8399	6731.3356
3	2	2	2	138	1	2	3	18	2	2	1	1	0.56756484	18	6732.6513	6733.2513	6733.2513	6733.4513	6733.8188
3	2	2	2	139	1	2	3	19	2	2	1	1	0.86788191	19	6735.2622	6735.8622	6735.8622	6736.0622	6736.7301
3	2	2	2	140	1	2	3	20	5	2	8	1	0.60534168	20	6737.8738	6738.4739	6738.4739	6738.6739	6739.0792
3	2	2	2	141	1	2	3	21	6	2	8	1	1.09321	21	6740.4854	6741.0854	6741.0854	6741.2854	6742.1786
3	2	2	2	142	1	2	3	22	6	1	8	1	0.64077345	22	6743.0967	6743.2967	6743.2967	6743.4967	6743.9375
3	2	2	2	143	1	2	3	23	1	1	1	1	0.59655494	23	6745.3117	6745.5117	6745.5117	6745.7117	6746.1083
3	2	2	2	144	1	2	3	24	4	2	8	1	0.74549196	24	6747.5263	6748.1263	6748.1263	6748.3263	6748.8718
3	2	2	2	145	1	2	3	25	3	1	1	1	0.5601938	25	6750.137	6750.337	6750.337	6750.5371	6750.8972
3	2	2	2	146	1	2	3	26	6	1	8	1	0.90718585	26	6752.3485	6752.5485	6752.5485	6752.7485	6753.4557
3	2	2	2	147	1	2	3	27	4	2	8	1	0.81948026	27	6754.5595	6755.1595	6755.1595	6755.3595	6755.979
3	2	2	2	148	1	2	3	28	1	2	1	1	0.71075902	28	6757.1706	6757.7706	6757.7706	6757.9706	6758.4814
3	2	2	2	149	1	2	3	29	3	1	1	1	0.80727312	29	6759.785	6759.985	6759.985	6760.185	6760.7923
3	2	2	2	150	1	2	3	30	5	1	8	1	1.1953785	30	6761.9965	6762.1965	6762.1965	6762.3965	6763.3919
3	2	2	2	151	1	6	3	1	2	2	3	1	1.3105605	1	6774.6617	6775.2617	6775.2617	6775.4617	6776.5723
3	2	2	2	152	1	6	3	2	6	1	7	1	0.83491738	2	6777.2733	6777.4733	6777.4733	6777.6733	6778.3082
3	2	2	2	153	1	6	3	3	2	1	3	1	1.1316326	3	6779.485	6779.685	6779.685	6779.885	6780.8166
3	2	2	2	154	1	6	3	4	5	2	6	1	1.0110852	4	6781.6967	6782.2967	6782.2967	6782.4967	6783.3078
3	2	2	2	155	1	6	3	5	1	1	2	1	1.1267132	5	6784.3087	6784.5087	6784.5087	6784.7087	6785.6354
3	2	2	2	156	1	6	3	6	2	2	3	1	1.1110202	6	6786.5214	6787.1214	6787.1214	6787.3214	6788.2324
3	2	2	2	157	1	6	3	7	3	2	4	1	1.1165098	7	6789.1353	6789.7353	6789.7353	6789.9353	6790.8518
3	2	2	2	158	1	6	3	8	1	1	2	1	0.77453042	8	6791.747	6791.947	6791.947	6792.147	6792.7215
3	2	2	2	159	1	6	3	9	5	1	6	1	0.65741744	9	6793.9591	6794.1591	6794.1591	6794.3591	6794.8165
3	2	2	2	160	1	6	3	10	4	2	5	1	1.0546294	10	6796.1712	6796.7712	6796.7712	6796.9712	6797.8258
3	2	2	2	161	1	6	3	11	6	1	7	1	1.3818439	11	6798.7834	6798.9834	6798.9834	6799.1834	6800.3652
3	2	2	2	162	1	6	3	12	6	2	7	1	0.91784391	12	6800.9952	6801.5952	6801.5952	6801.7952	6802.5131
3	2	2	2	163	1	6	3	13	1	1	2	1	1.6174213	13	6803.6069	6803.8069	6803.8069	6804.0069	6805.4244
3	2	2	2	164	1	6	3	14	4	2	5	1	1.2649838	14	6805.8192	6806.4192	6806.4192	6806.6192	6807.6842
3	2	2	2	165	1	6	3	15	4	1	5	1	0.59239142	15	6808.4319	6808.6319	6808.6319	6808.8319	6809.2243
3	2	2	2	166	1	6	3	16	5	2	6	1	1.1801729	16	6810.6447	6811.2447	6811.2447	6811.4447	6812.4249
3	2	2	2	167	1	6	3	17	6	1	7	1	1.2489776	17	6813.2567	6813.4567	6813.4567	6813.6567	6814.7057
3	2	2	2	168	1	6	3	18	5	2	0	0	-6816.0695	17	6815.4695	6816.0695	6816.0695	6816.2695	0
3	2	2	2	169	1	6	3	19	1	2	2	1	0.92584308	18	6818.3821	6818.9821	6818.9821	6819.1821	6819.9079
3	2	2	2	170	1	6	3	20	4	2	5	1	1.1139116	19	6820.9982	6821.5982	6821.5982	6821.7982	6822.7121
3	2	2	2	171	1	6	3	21	3	2	4	1	1.3043036	20	6823.6101	6824.2101	6824.2101	6824.4101	6825.5144
3	2	2	2	172	1	6	3	22	3	1	4	1	0.58970159	21	6826.2222	6826.4222	6826.4222	6826.6222	6827.0119
3	2	2	2	173	1	6	3	23	1	1	2	1	1.4809708	22	6828.435	6828.635	6828.635	6828.835	6830.116
3	2	2	2	174	1	6	3	24	2	2	3	1	1.0581948	23	6830.6473	6831.2473	6831.2474	6831.4474	6832.3055
3	2	2	2	175	1	6	3	25	4	1	5	1	1.2243452	24	6833.2597	6833.4597	6833.4597	6833.6597	6834.6841
3	2	2	2	176	1	6	3	26	2	1	3	1	0.93819993	25	6835.4724	6835.6724	6835.6724	6835.8724	6836.6106
3	2	2	2	177	1	6	3	27	6	2	6	0	1.2289996	25	6837.6854	6838.2854	6838.2854	6838.4854	6839.5144
3	2	2	2	178	1	6	3	28	3	2	4	1	1.5678961	26	6840.6001	6841.2001	6841.2001	6841.4001	6842.768
3	2	2	2	179	1	6	3	29	5	1	6	1	1.5259549	27	6843.2131	6843.4131	6843.4131	6843.6132	6844.9391
3	2	2	2	180	1	6	3	30	3	1	4	1	1.2465766	28	6845.426	6845.626	6845.626	6845.826	6846.8726
3	2	2	2	181	2	2	4	1	3	2	1	1	0.53902383	1	7388.5977	7389.1978	7389.1978	7389.3978	7389.7368
3	2	2	2	182	2	2	4	2	6	1	8	1	0.50236369	2	7391.2112	7391.4112	7391.4112	7391.6112	7391.9135
3	2	2	2	183	2	2	4	3	4	1	8	1	0.63773707	3	7393.4236	7393.6236	7393.6236	7393.8236	7394.2613
3	2	2	2	184	2	2	4	4	6	2	8	1	0.49886564	4	7395.6362	7396.2362	7396.2362	7396.4362	7396.7351
3	2	2	2	185	2	2	4	5	1	1	1	1	0.55929605	5	7398.2485	7398.4486	7398.4486	7398.6486	7399.0079
3	2	2	2	186	2	2	4	6	4	2	8	1	0.61821872	6	7400.4617	7401.0617	7401.0617	7401.2617	7401.6799
3	2	2	2	187	2	2	4	7	4	2	8	1	0.76244424	7	7403.1016	7403.7016	7403.7016	7403.9016	7404.4641
3	2	2	2	188	2	2	4	8	6	1	8	1	0.44024213	8	7405.7152	7405.9152	7405.9152	7406.1152	7406.3554
3	2	2	2	189	2	2	4	9	5	1	8	1	0.41107475	9	7407.9284	7408.1284	7408.1284	7408.3284	7408.5395
3	2	2	2	190	2	2	4	10	5	2	8	1	0.58183482	10	7410.1413	7410.7413	7410.7413	7410.9413	7411.3231
3	2	2	2	191	2	2	4	11	2	1	1	1	0.56129624	11	7412.7543	7412.9543	7412.9543	7413.1543	7413.5156
3	2	2	2	192	2	2	4	12	1	2	1	1	0.37921695	12	7414.9672	7415.5672	7415.5672	7415.7672	7415.9464
3	2	2	2	193	2	2	4	13	1	1	1	1	0.46190785	13	7417.5806	7417.7806	7417.7806	7417.9806	7418.2425
3	2	2	2	194	2	2	4	14	2	2	1	1	0.45590961	14	7419.7943	7420.3943	7420.3943	7420.5943	7420.8502
3	2	2	2	195	2	2	4	15	1	1	8	0	0.41929535	14	7422.4079	7422.6079	7422.6079	7422.8079	7423.0272
3	2	2	2	196	2	2	4	16	3	2	1	1	0.40831309	15	7424.6266	7425.2266	7425.2266	7425.4266	7425.635
3	2	2	2	197	2	2	4	17	6	1	8	1	0.70267819	16	7427.2414	7427.4414	7427.4414	7427.6414	7428.144
3	2	2	2	198	2	2	4	18	3	2	1	1	0.50693551	17	7429.4547	7430.0547	7430.0547	7430.2547	7430.5617
3	2	2	2	199	2	2	4	19	5	2	8	1	0.57336322	18	7432.0683	7432.6683	7432.6683	7432.8683	7433.2417
3	2	2	2	200	2	2	4	20	4	2	8	1	0.45411777	19	7434.6822	7435.2822	7435.2822	7435.4822	7435.7363
3	2	2	2	201	2	2	4	21	5	2	8	1	0.49163789	20	7437.2961	7437.8961	7437.8961	7438.0961	7438.3877
3	2	2	2	202	2	2	4	22	5	1	8	1	0.47655502	21	7439.9099	7440.1099	7440.1099	7440.3099	7440.5864
3	2	2	2	203	2	2	4	23	2	1	1	1	0.50727275	22	7442.1484	7442.3484	7442.3484	7442.5484	7442.8556
3	2	2	2	204	2	2	4	24	6	2	8	1	0.79971012	23	7444.3629	7444.9629	7444.9629	7445.1629	7445.7626
3	2	2	2	205	2	2	4	25	3	1	1	1	0.51404449	24	7446.9768	7447.1768	7447.1768	7447.3768	7447.6909
3	2	2	2	206	2	2	4	26	3	1	1	1	0.42506542	25	7449.1909	7449.3909	7449.3909	7449.5909	7449.816
3	2	2	2	207	2	2	4	27	1	2	8	0	0.45613453	25	7451.4043	7452.0043	7452.0043	7452.2043	7452.4605
3	2	2	2	208	2	2	4	28	2	2	1	1	0.53177208	26	7454.0181	7454.6181	7454.6181	7454.8181	7455.1498
3	2	2	2	209	2	2	4	29	2	1	1	1	0.42645738	27	7456.632	7456.832	7456.832	7457.032	7457.2584
3	2	2	2	210	2	2	4	30	4	1	8	1	0.7469593	28	7458.8456	7459.0456	7459.0456	7459.2456	7459.7926
3	2	2	2	211	2	6	4	1	3	2	4	1	1.4602436	1	7489.5173	7490.1173	7490.1173	7490.3173	7491.5775
3	2	2	2	212	2	6	4	2	2	1	3	1	0.78048931	2	7492.1321	7492.3321	7492.3321	7492.5321	7493.1126
3	2	2	2	213	2	6	4	3	1	1	2	1	1.2869305	3	7494.3458	7494.5458	7494.5459	7494.7459	7495.8328
3	2	2	2	214	2	6	4	4	5	2	6	1	0.91232913	4	7496.5598	7497.1598	7497.1599	7497.3599	7498.0722
3	2	2	2	215	2	6	4	5	4	1	5	1	0.47901654	5	7499.2079	7499.4079	7499.4079	7499.6079	7499.8869
3	2	2	2	216	2	6	4	6	2	2	3	1	1.0126362	6	7501.4217	7502.0217	7502.0217	7502.2217	7503.0344
3	2	2	2	217	2	6	4	7	1	2	2	1	1.0218068	7	7504.0366	7504.6366	7504.6367	7504.8367	7505.6585
3	2	2	2	218	2	6	4	8	1	1	2	1	0.55562721	8	7506.6551	7506.8551	7506.8551	7507.0551	7507.4107
3	2	2	2	219	2	6	4	9	4	1	5	1	1.0360095	9	7508.8691	7509.0691	7509.0691	7509.2691	7510.1051
3	2	2	2	220	2	6	4	10	6	2	7	1	1.1668623	10	7511.0849	7511.6849	7511.6849	7511.8849	7512.8518
3	2	2	2	221	2	6	4	11	5	1	6	1	0.82005793	11	7513.6995	7513.8996	7513.8996	7514.0996	7514.7196
3	2	2	2	222	2	6	4	12	4	2	5	1	1.1667795	12	7515.9142	7516.5142	7516.5142	7516.7142	7517.681
3	2	2	2	223	2	6	4	13	4	1	5	1	0.53764002	13	7518.5289	7518.7289	7518.7289	7518.9289	7519.2665
3	2	2	2	224	2	6	4	14	1	2	2	1	0.99693149	14	7520.7433	7521.3433	7521.3433	7521.5433	7522.3402
3	2	2	2	225	2	6	4	15	3	1	4	1	0.70789356	15	7523.3579	7523.5579	7523.5579	7523.7579	7524.2658
3	2	2	2	226	2	6	4	16	5	2	6	1	1.1576892	16	7525.5725	7526.1725	7526.1725	7526.3726	7527.3302
3	2	2	2	227	2	6	4	17	5	1	6	1	0.59704555	17	7528.187	7528.3871	7528.3871	7528.5871	7528.9841
3	2	2	2	228	2	6	4	18	5	2	6	1	0.54445532	18	7530.4017	7531.0017	7531.0017	7531.2017	7531.5462
3	2	2	2	229	2	6	4	19	2	2	3	1	0.78569089	19	7533.0183	7533.6183	7533.6183	7533.8183	7534.404
3	2	2	2	230	2	6	4	20	3	2	4	1	1.0239665	20	7535.6336	7536.2336	7536.2336	7536.4336	7537.2576
3	2	2	2	231	2	6	4	21	3	2	4	1	0.7744639	21	7538.2576	7538.8576	7538.8576	7539.0576	7539.6321
3	2	2	2	232	2	6	4	22	1	1	2	1	1.0019898	22	7540.8727	7541.0727	7541.0727	7541.2727	7542.0747
3	2	2	2	233	2	6	4	23	6	1	7	1	1.7124768	23	7543.0873	7543.2873	7543.2873	7543.4873	7544.9998
3	2	2	2	234	2	6	4	24	4	2	5	1	1.4759301	24	7545.3024	7545.9024	7545.9024	7546.1024	7547.3783
3	2	2	2	235	2	6	4	25	6	1	7	1	1.4273101	25	7547.9175	7548.1175	7548.1175	7548.3175	7549.5448
3	2	2	2	236	2	6	4	26	2	1	3	1	0.92547993	26	7550.1325	7550.3325	7550.3325	7550.5325	7551.258
3	2	2	2	237	2	6	4	27	3	2	2	0	0.95588354	26	7552.3478	7552.9478	7552.9478	7553.1478	7553.9037
3	2	2	2	238	2	6	4	28	6	2	7	1	1.2672468	27	7554.9674	7555.5674	7555.5674	7555.7674	7556.8346
3	2	2	2	239	2	6	4	29	6	1	7	1	0.97987392	28	7557.5822	7557.7822	7557.7822	7557.9822	7558.7621
3	2	2	2	240	2	6	4	30	2	1	3	1	1.3858002	29	7559.7974	7559.9974	7559.9974	7560.1974	7561.3832
3	2	2	2	241	2	2	5	1	2	2	1	1	0.75911534	1	7590.5472	7591.1472	7591.1472	7591.3472	7591.9063
3	2	2	2	242	2	2	5	2	4	1	8	1	0.69426237	2	7593.1626	7593.3626	7593.3626	7593.5626	7594.0569
3	2	2	2	243	2	2	5	3	3	1	1	1	0.65332264	3	7595.379	7595.579	7595.579	7595.779	7596.2323
3	2	2	2	244	2	2	5	4	2	2	1	1	0.51354254	4	7597.5945	7598.1946	7598.1946	7598.3946	7598.7081
3	2	2	2	245	2	2	5	5	5	1	8	1	0.72213502	5	7600.21	7600.41	7600.41	7600.61	7601.1322
3	2	2	2	246	2	2	5	6	1	2	1	1	0.81606109	6	7602.4262	7603.0262	7603.0262	7603.2262	7603.8422
3	2	2	2	247	2	2	5	7	3	2	1	1	0.52797191	7	7605.0415	7605.6415	7605.6416	7605.8416	7606.1695
3	2	2	2	248	2	2	5	8	4	1	8	1	0.6962478	8	7607.6574	7607.8574	7607.8574	7608.0574	7608.5536
3	2	2	2	249	2	2	5	9	5	1	8	1	0.55093086	9	7609.8727	7610.0727	7610.0727	7610.2727	7610.6236
3	2	2	2	250	2	2	5	10	5	2	8	1	0.57769107	10	7612.0888	7612.6888	7612.6888	7612.8888	7613.2665
3	2	2	2	251	2	2	5	11	4	1	8	1	0.45555287	11	7614.7041	7614.9041	7614.9041	7615.1041	7615.3596
3	2	2	2	252	2	2	5	12	4	2	8	1	0.70799723	12	7616.92	7617.52	7617.52	7617.7201	7618.228
3	2	2	2	253	2	2	5	13	1	1	1	1	0.65199501	13	7619.5362	7619.7362	7619.7362	7619.9362	7620.3882
3	2	2	2	254	2	2	5	14	6	2	8	1	0.60115176	14	7621.7526	7622.3526	7622.3526	7622.5526	7622.9538
3	2	2	2	255	2	2	5	15	6	1	8	1	0.51850184	15	7624.3692	7624.5692	7624.5692	7624.7692	7625.0877
3	2	2	2	256	2	2	5	16	3	2	1	1	0.73476635	16	7626.5854	7627.1854	7627.1854	7627.3854	7627.9201
3	2	2	2	257	2	2	5	17	1	1	1	1	0.4170354	17	7629.2019	7629.4019	7629.4019	7629.6019	7629.819
3	2	2	2	258	2	2	5	18	5	2	8	1	0.68200307	18	7631.418	7632.018	7632.018	7632.218	7632.7
3	2	2	2	259	2	2	5	19	1	2	1	1	0.5270195	19	7634.0343	7634.6343	7634.6343	7634.8343	7635.1613
3	2	2	2	260	2	2	5	20	3	2	1	1	0.55847975	20	7636.6509	7637.2509	7637.2509	7637.4509	7637.8094
3	2	2	2	261	2	2	5	21	1	2	1	1	0.78805325	21	7639.2678	7639.8678	7639.8678	7640.0678	7640.6558
3	2	2	2	262	2	2	5	22	6	1	8	1	0.54853254	22	7641.8843	7642.0843	7642.0843	7642.2844	7642.6329
3	2	2	2	263	2	2	5	23	2	1	1	1	0.58773313	23	7644.1007	7644.3007	7644.3007	7644.5007	7644.8884
3	2	2	2	264	2	2	5	24	5	2	8	1	0.45737336	24	7646.3218	7646.9218	7646.9218	7647.1218	7647.3792
3	2	2	2	265	2	2	5	25	6	1	8	1	0.62164041	25	7648.9386	7649.1386	7649.1386	7649.3386	7649.7602
3	2	2	2	266	2	2	5	26	6	1	8	1	1.1202152	26	7651.1551	7651.3551	7651.3551	7651.5551	7652.4753
3	2	2	2	267	2	2	5	27	3	2	1	1	0.43124485	27	7653.3716	7653.9716	7653.9716	7654.1716	7654.4028
3	2	2	2	268	2	2	5	28	4	2	8	1	0.42244191	28	7655.9882	7656.5882	7656.5882	7656.7882	7657.0106
3	2	2	2	269	2	2	5	29	2	1	1	1	0.73189559	29	7658.6051	7658.8051	7658.8051	7659.0052	7659.537
3	2	2	2	270	2	2	5	30	2	1	1	1	0.52217443	30	7660.8218	7661.0218	7661.0218	7661.2218	7661.5439
3	2	2	2	271	2	6	5	1	6	2	7	1	0.88386652	1	7691.0861	7691.6862	7691.6862	7691.8862	7692.57
3	2	2	2	272	2	6	5	2	3	1	4	1	1.1963198	2	7693.7038	7693.9038	7693.9038	7694.1038	7695.1001
3	2	2	2	273	2	6	5	3	4	1	5	1	1.0814359	3	7695.9183	7696.1183	7696.1184	7696.3184	7697.1998
3	2	2	2	274	2	6	5	4	4	2	4	0	0.60087095	3	7698.135	7698.7351	7698.7351	7698.9351	7699.336
3	2	2	2	275	2	6	5	5	3	1	4	1	0.94610399	4	7700.7518	7700.9518	7700.9518	7701.1518	7701.8979
3	2	2	2	276	2	6	5	6	2	2	3	1	1.016265	5	7702.9689	7703.5689	7703.5689	7703.7689	7704.5852
3	2	2	2	277	2	6	5	7	4	2	5	1	1.3124193	6	7705.5863	7706.1863	7706.1863	7706.3863	7707.4987
3	2	2	2	278	2	6	5	8	5	1	6	1	0.91060297	7	7708.2035	7708.4035	7708.4035	7708.6036	7709.3142
3	2	2	2	279	2	6	5	9	6	1	7	1	0.86144045	8	7710.4204	7710.6204	7710.6204	7710.8204	7711.4819
3	2	2	2	280	2	6	5	10	6	2	7	1	1.2279425	9	7712.6377	7713.2377	7713.2377	7713.4377	7714.4657
3	2	2	2	281	2	6	5	11	2	1	3	1	1.996697	10	7715.2557	7715.4557	7715.4557	7715.6557	7717.4524
3	2	2	2	282	2	6	5	12	3	2	4	1	1.7654998	11	7717.4749	7718.0749	7718.0749	7718.2749	7719.8404
3	2	2	2	283	2	6	5	13	3	1	4	1	0.58045775	12	7720.0918	7720.2918	7720.2918	7720.4918	7720.8723
3	2	2	2	284	2	6	5	14	4	2	5	1	1.0902766	13	7722.3094	7722.9094	7722.9094	7723.1094	7723.9997
3	2	2	2	285	2	6	5	15	5	1	6	1	1.0508282	14	7724.9277	7725.1277	7725.1277	7725.3277	7726.1785
3	2	2	2	286	2	6	5	16	1	2	2	1	1.0902856	15	7727.1494	7727.7494	7727.7494	7727.9494	7728.8397
3	2	2	2	287	2	6	5	17	1	1	2	1	0.67296725	16	7729.7669	7729.9669	7729.9669	7730.1669	7730.6398
3	2	2	2	288	2	6	5	18	5	2	6	1	1.4643977	17	7731.9846	7732.5846	7732.5846	7732.7846	7734.049
3	2	2	2	289	2	6	5	19	2	2	3	1	1.3182032	18	7734.6017	7735.2017	7735.2017	7735.4017	7736.5199
3	2	2	2	290	2	6	5	20	6	2	7	1	1.0869702	19	7737.2195	7737.8195	7737.8196	7738.0196	7738.9065
3	2	2	2	291	2	6	5	21	5	2	6	1	1.8053232	20	7739.8376	7740.4376	7740.4376	7740.6376	7742.2429
3	2	2	2	292	2	6	5	22	2	1	3	1	1.284429	21	7742.4877	7742.6877	7742.6877	7742.8877	7743.9721
3	2	2	2	293	2	6	5	23	6	1	7	1	1.3891709	22	7744.7064	7744.9064	7744.9064	7745.1064	7746.2955
3	2	2	2	294	2	6	5	24	4	2	5	1	1.7164755	23	7746.9237	7747.5237	7747.5237	7747.7237	7749.2402
3	2	2	2	295	2	6	5	25	3	1	4	1	1.8356996	24	7749.5412	7749.7412	7749.7412	7749.9412	7751.5769
3	2	2	2	296	2	6	5	26	1	1	2	1	1.9381382	25	7751.7587	7751.9587	7751.9587	7752.1587	7753.8969
3	2	2	2	297	2	6	5	27	1	2	2	1	0.53795262	26	7753.9769	7754.5769	7754.5769	7754.7769	7755.1149
3	2	2	2	298	2	6	5	28	2	2	3	1	1.4395176	27	7756.5949	7757.1949	7757.1949	7757.3949	7758.6344
3	2	2	2	299	2	6	5	29	5	1	6	1	1.0849654	28	7759.2125	7759.4125	7759.4125	7759.6125	7760.4974
3	2	2	2	300	2	6	5	30	1	1	2	1	1.3961547	29	7761.4307	7761.6307	7761.6307	7761.8307	7763.0269
3	2	2	2	301	2	2	6	1	4	2	7	0	0.61642868	0	7791.705	7792.305	7792.305	7792.505	7792.9215
3	2	2	2	302	2	2	6	2	5	1	8	1	0.51711598	1	7794.3232	7794.5232	7794.5232	7794.7232	7795.0403
3	2	2	2	303	2	2	6	3	4	1	8	1	0.47101934	2	7796.5456	7796.7456	7796.7456	7796.9456	7797.2166
3	2	2	2	304	2	2	6	4	1	2	1	1	1.0989891	3	7798.7669	7799.3669	7799.3669	7799.5669	7800.4659
3	2	2	2	305	2	2	6	5	1	1	1	1	0.59402248	4	7801.385	7801.5851	7801.5851	7801.7851	7802.1791
3	2	2	2	306	2	2	6	6	1	2	1	1	1.6071202	5	7803.6038	7804.2038	7804.2038	7804.4038	7805.8109
3	2	2	2	307	2	2	6	7	1	2	1	1	0.6992626	6	7806.2225	7806.8225	7806.8225	7807.0225	7807.5218
3	2	2	2	308	2	2	6	8	3	1	1	1	0.5682445	7	7808.8409	7809.0409	7809.0409	7809.2409	7809.6092
3	2	2	2	309	2	2	6	9	2	1	1	1	0.5071572	8	7811.0638	7811.2638	7811.2638	7811.4638	7811.7709
3	2	2	2	310	2	2	6	10	5	2	8	1	0.56790754	9	7813.2824	7813.8824	7813.8824	7814.0824	7814.4503
3	2	2	2	311	2	2	6	11	5	1	8	1	0.43631507	10	7815.9015	7816.1015	7816.1015	7816.3015	7816.5378
3	2	2	2	312	2	2	6	12	6	2	8	1	0.57208193	11	7818.1198	7818.7198	7818.7198	7818.9198	7819.2919
3	2	2	2	313	2	2	6	13	2	1	1	1	0.69731356	12	7820.7386	7820.9386	7820.9386	7821.1386	7821.6359
3	2	2	2	314	2	2	6	14	3	2	1	1	0.52493766	13	7822.9576	7823.5576	7823.5576	7823.7576	7824.0825
3	2	2	2	315	2	2	6	15	6	1	8	1	0.65903315	14	7825.5774	7825.7774	7825.7774	7825.9774	7826.4364
3	2	2	2	316	2	2	6	16	6	2	8	1	0.46381686	15	7827.796	7828.396	7828.396	7828.596	7828.8598
3	2	2	2	317	2	2	6	17	4	1	8	1	0.49719825	16	7830.4144	7830.6144	7830.6144	7830.8144	7831.1116
3	2	2	2	318	2	2	6	18	3	2	1	1	0.62286318	17	7832.6354	7833.2354	7833.2354	7833.4354	7833.8583
3	2	2	2	319	2	2	6	19	5	2	8	1	0.63616314	18	7835.2544	7835.8544	7835.8544	7836.0544	7836.4906
3	2	2	2	320	2	2	6	20	6	2	8	1	0.4461038	19	7837.8735	7838.4735	7838.4735	7838.6736	7838.9197
3	2	2	2	321	2	2	6	21	4	2	8	1	0.43720676	20	7840.4924	7841.0924	7841.0924	7841.2924	7841.5296
3	2	2	2	322	2	2	6	22	5	1	8	1	0.54877551	21	7843.111	7843.311	7843.311	7843.5111	7843.8598
3	2	2	2	323	2	2	6	23	2	1	1	1	0.66333725	22	7845.3302	7845.5302	7845.5302	7845.7302	7846.1935
3	2	2	2	324	2	2	6	24	3	2	1	1	0.57131578	23	7847.5501	7848.1501	7848.1501	7848.3501	7848.7214
3	2	2	2	325	2	2	6	25	1	1	1	1	0.74491151	24	7850.1696	7850.3696	7850.3696	7850.5696	7851.1145
3	2	2	2	326	2	2	6	26	3	1	1	1	0.55545497	25	7852.3889	7852.5889	7852.5889	7852.7889	7853.1443
3	2	2	2	327	2	2	6	27	4	2	8	1	0.81874635	26	7854.6079	7855.2079	7855.2079	7855.4079	7856.0266
3	2	2	2	328	2	2	6	28	2	2	1	1	0.63969172	27	7857.227	7857.827	7857.827	7858.027	7858.4667
3	2	2	2	329	2	2	6	29	6	1	8	1	0.74992325	28	7859.8479	7860.0479	7860.0479	7860.2479	7860.7978
3	2	2	2	330	2	2	6	30	2	1	1	1	0.7794533	29	7862.0684	7862.2685	7862.2685	7862.4685	7863.0479
3	2	2	2	331	2	6	6	1	5	2	6	1	0.75338795	1	7892.3341	7892.9341	7892.9341	7893.1341	7893.6875
3	2	2	2	332	2	6	6	2	4	1	5	1	1.1101041	2	7894.9536	7895.1536	7895.1536	7895.3536	7896.2637
3	2	2	2	333	2	6	6	3	1	1	2	1	1.9984802	3	7897.1732	7897.3732	7897.3732	7897.5732	7899.3717
3	2	2	2	334	2	6	6	4	1	2	2	1	0.5216622	4	7899.3942	7899.9942	7899.9942	7900.1942	7900.5158
3	2	2	2	335	2	6	6	5	6	1	7	1	1.3509146	5	7902.0134	7902.2134	7902.2134	7902.4134	7903.5643
3	2	2	2	336	2	6	6	6	2	2	3	1	1.254861	6	7904.2333	7904.8333	7904.8333	7905.0333	7906.0882
3	2	2	2	337	2	6	6	7	3	2	4	1	1.1996765	7	7906.8568	7907.4568	7907.4568	7907.6568	7908.6565
3	2	2	2	338	2	6	6	8	2	1	3	1	1.7646875	8	7909.4764	7909.6764	7909.6764	7909.8764	7911.4411
3	2	2	2	339	2	6	6	9	2	1	3	1	0.75407419	9	7911.6964	7911.8964	7911.8964	7912.0965	7912.6505
3	2	2	2	340	2	6	6	10	5	2	6	1	1.124858	10	7913.9161	7914.5161	7914.5161	7914.7161	7915.6409
3	2	2	2	341	2	6	6	11	6	1	7	1	0.96286473	11	7916.536	7916.736	7916.736	7916.936	7917.6989
3	2	2	2	342	2	6	6	12	4	2	5	1	1.3081685	12	7918.7563	7919.3563	7919.3563	7919.5563	7920.6645
3	2	2	2	343	2	6	6	13	2	1	3	1	1.0199153	13	7921.3762	7921.5762	7921.5762	7921.7762	7922.5962
3	2	2	2	344	2	6	6	14	4	2	0	0	-7924.1969	13	7923.5969	7924.1969	7924.1969	7924.3969	0
3	2	2	2	345	2	6	6	15	5	1	6	1	0.95278425	14	7926.2167	7926.4167	7926.4167	7926.6167	7927.3695
3	2	2	2	346	2	6	6	16	3	2	0	0	-7929.0371	14	7928.4371	7929.0371	7929.0371	7929.2371	0
3	2	2	2	347	2	6	6	17	1	1	2	1	0.83771479	15	7931.0604	7931.2604	7931.2604	7931.4604	7932.0981
3	2	2	2	348	2	6	6	18	3	2	2	0	1.5534943	15	7933.2805	7933.8805	7933.8805	7934.0805	7935.434
3	2	2	2	349	2	6	6	19	2	2	3	1	1.23533	16	7935.9016	7936.5016	7936.5016	7936.7016	7937.7369
3	2	2	2	350	2	6	6	20	6	2	7	1	0.99390063	17	7938.5224	7939.1224	7939.1224	7939.3224	7940.1163
3	2	2	2	351	2	6	6	21	5	2	6	1	1.5281958	18	7941.1427	7941.7427	7941.7427	7941.9427	7943.2709
3	2	2	2	352	2	6	6	22	6	1	7	1	1.3465234	19	7943.7625	7943.9625	7943.9625	7944.1625	7945.309
3	2	2	2	353	2	6	6	23	6	1	7	1	0.71561778	20	7945.9825	7946.1825	7946.1825	7946.3825	7946.8981
3	2	2	2	354	2	6	6	24	4	2	5	1	1.534737	21	7948.2028	7948.8028	7948.8028	7949.0028	7950.3375
3	2	2	2	355	2	6	6	25	3	1	4	1	0.88064545	22	7950.8229	7951.0229	7951.0229	7951.2229	7951.9036
3	2	2	2	356	2	6	6	26	4	1	5	1	1.6383334	23	7953.0435	7953.2435	7953.2435	7953.4435	7954.8819
3	2	2	2	357	2	6	6	27	1	2	2	1	1.649167	24	7955.2644	7955.8644	7955.8644	7956.0644	7957.5136
3	2	2	2	358	2	6	6	28	3	2	4	1	0.72536648	25	7957.8851	7958.4851	7958.4851	7958.6851	7959.2105
3	2	2	2	359	2	6	6	29	5	1	6	1	0.9422648	26	7960.506	7960.706	7960.706	7960.906	7961.6483
3	2	2	2	360	2	6	6	30	1	1	0	0	-7962.9275	26	7962.7275	7962.9275	7962.9275	7963.1275	0
3	2	2	2	361	3	2	7	1	5	2	8	1	0.56097043	1	8865.7428	8866.3428	8866.3428	8866.5429	8866.9038
3	2	2	2	362	3	2	7	2	2	1	1	1	0.62499837	2	8868.3631	8868.5632	8868.5632	8868.7632	8869.1882
3	2	2	2	363	3	2	7	3	2	1	1	1	0.69734017	3	8870.5839	8870.7839	8870.7839	8870.9839	8871.4812
3	2	2	2	364	3	2	7	4	1	2	1	1	0.6065162	4	8872.8049	8873.4049	8873.4049	8873.6049	8874.0115
3	2	2	2	365	3	2	7	5	3	1	1	1	0.66784586	5	8875.4253	8875.6253	8875.6253	8875.8253	8876.2932
3	2	2	2	366	3	2	7	6	6	2	8	1	0.65382464	6	8877.6461	8878.2461	8878.2461	8878.4461	8878.9
3	2	2	2	367	3	2	7	7	1	2	1	1	0.75679935	7	8880.2667	8880.8667	8880.8667	8881.0667	8881.6235
3	2	2	2	368	3	2	7	8	4	1	8	1	1.1150429	8	8882.8879	8883.0879	8883.0879	8883.2879	8884.2029
3	2	2	2	369	3	2	7	9	3	1	1	1	0.95514061	9	8885.1093	8885.3093	8885.3093	8885.5093	8886.2644
3	2	2	2	370	3	2	7	10	2	2	1	1	0.45227162	10	8887.3323	8887.9323	8887.9323	8888.1323	8888.3846
3	2	2	2	371	3	2	7	11	6	1	8	1	0.69459423	11	8889.9534	8890.1534	8890.1534	8890.3534	8890.848
3	2	2	2	372	3	2	7	12	4	2	8	1	1.2813042	12	8892.175	8892.775	8892.775	8892.975	8894.0563
3	2	2	2	373	3	2	7	13	6	1	8	1	0.56721487	13	8894.7959	8894.9959	8894.9959	8895.1959	8895.5631
3	2	2	2	374	3	2	7	14	5	2	8	1	0.57695114	14	8897.0172	8897.6172	8897.6172	8897.8172	8898.1941
3	2	2	2	375	3	2	7	15	1	1	1	1	0.72211832	15	8899.6385	8899.8385	8899.8385	8900.0385	8900.5606
3	2	2	2	376	3	2	7	16	3	2	1	1	0.65255443	16	8901.8593	8902.4593	8902.4593	8902.6593	8903.1118
3	2	2	2	377	3	2	7	17	1	1	1	1	0.63371162	17	8904.4807	8904.6807	8904.6807	8904.8807	8905.3144
3	2	2	2	378	3	2	7	18	4	2	8	1	0.74900715	18	8906.7031	8907.3031	8907.3031	8907.5031	8908.0521
3	2	2	2	379	3	2	7	19	2	2	1	1	0.58188901	19	8909.324	8909.924	8909.9241	8910.1241	8910.5059
3	2	2	2	380	3	2	7	20	1	2	1	1	0.64566511	20	8911.9461	8912.5461	8912.5461	8912.7461	8913.1918
3	2	2	2	381	3	2	7	21	6	2	8	1	0.58680322	21	8914.5682	8915.1682	8915.1682	8915.3682	8915.755
3	2	2	2	382	3	2	7	22	5	1	8	1	0.45986786	22	8917.1897	8917.3897	8917.3897	8917.5897	8917.8496
3	2	2	2	383	3	2	7	23	2	1	1	1	0.70219674	23	8919.4157	8919.6157	8919.6157	8919.8157	8920.3179
3	2	2	2	384	3	2	7	24	6	2	8	1	0.68345651	24	8921.6374	8922.2374	8922.2374	8922.4374	8922.9209
3	2	2	2	385	3	2	7	25	4	1	8	1	0.50004868	25	8924.2632	8924.4632	8924.4632	8924.6632	8924.9632
3	2	2	2	386	3	2	7	26	5	1	8	1	0.53241717	26	8926.4857	8926.6858	8926.6858	8926.8858	8927.2182
3	2	2	2	387	3	2	7	27	4	2	8	1	0.56081436	27	8928.7072	8929.3072	8929.3072	8929.5072	8929.868
3	2	2	2	388	3	2	7	28	3	2	1	1	0.57000801	28	8931.3285	8931.9285	8931.9285	8932.1285	8932.4985
3	2	2	2	389	3	2	7	29	3	1	1	1	0.64387431	29	8933.9502	8934.1502	8934.1502	8934.3502	8934.794
3	2	2	2	390	3	2	7	30	5	1	8	1	0.70369237	30	8936.1717	8936.3717	8936.3717	8936.5717	8937.0754
3	2	2	2	391	3	6	7	1	3	2	4	1	0.70938445	1	8966.4521	8967.0521	8967.0521	8967.2521	8967.7615
3	2	2	2	392	3	6	7	2	3	1	4	1	0.57522666	2	8969.0769	8969.2769	8969.2769	8969.4769	8969.8522
3	2	2	2	393	3	6	7	3	1	1	2	1	1.1898609	3	8971.299	8971.499	8971.499	8971.699	8972.6888
3	2	2	2	394	3	6	7	4	2	2	3	1	1.2188304	4	8973.5242	8974.1242	8974.1242	8974.3242	8975.343
3	2	2	2	395	3	6	7	5	1	1	2	1	0.86616936	5	8976.1465	8976.3465	8976.3465	8976.5465	8977.2127
3	2	2	2	396	3	6	7	6	6	2	7	1	1.7147698	6	8978.3727	8978.9727	8978.9727	8979.1727	8980.6875
3	2	2	2	397	3	6	7	7	1	2	2	1	1.0075144	7	8980.9952	8981.5952	8981.5952	8981.7952	8982.6027
3	2	2	2	398	3	6	7	8	4	1	5	1	1.0324925	8	8983.617	8983.817	8983.817	8984.017	8984.8495
3	2	2	2	399	3	6	7	9	4	1	5	1	0.5697009	9	8985.839	8986.039	8986.039	8986.239	8986.6087
3	2	2	2	400	3	6	7	10	5	2	6	1	0.82167081	10	8988.0612	8988.6612	8988.6612	8988.8612	8989.4829
3	2	2	2	401	3	6	7	11	4	1	5	1	0.91216005	11	8990.6893	8990.8893	8990.8893	8991.0893	8991.8015
3	2	2	2	402	3	6	7	12	4	2	5	1	0.78867474	12	8992.9172	8993.5172	8993.5172	8993.7172	8994.3059
3	2	2	2	403	3	6	7	13	5	1	6	1	1.0643807	13	8995.5392	8995.7392	8995.7392	8995.9392	8996.8036
3	2	2	2	404	3	6	7	14	3	2	4	1	1.6953015	14	8997.7616	8998.3616	8998.3616	8998.5616	9000.0569
3	2	2	2	405	3	6	7	15	6	1	7	1	1.0572547	15	9000.3845	9000.5845	9000.5845	9000.7845	9001.6417
3	2	2	2	406	3	6	7	16	2	2	3	1	1.2319329	16	9002.6076	9003.2076	9003.2076	9003.4076	9004.4395
3	2	2	2	407	3	6	7	17	5	1	6	1	0.90547094	17	9005.2302	9005.4302	9005.4302	9005.6302	9006.3357
3	2	2	2	408	3	6	7	18	5	2	6	1	0.86326545	18	9007.4575	9008.0575	9008.0575	9008.2575	9008.9208
3	2	2	2	409	3	6	7	19	3	2	4	1	0.78450042	19	9010.0803	9010.6803	9010.6803	9010.8803	9011.4648
3	2	2	2	410	3	6	7	20	2	2	3	1	0.99958564	20	9012.7084	9013.3085	9013.3085	9013.5085	9014.308
3	2	2	2	411	3	6	7	21	5	2	6	1	1.669761	21	9015.3312	9015.9312	9015.9312	9016.1312	9017.6009
3	2	2	2	412	3	6	7	22	6	1	7	1	0.98596411	22	9017.9556	9018.1556	9018.1556	9018.3557	9019.1416
3	2	2	2	413	3	6	7	23	3	1	2	0	0.90376036	22	9020.1781	9020.3781	9020.3781	9020.5781	9021.2819
3	2	2	2	414	3	6	7	24	6	2	7	1	1.6908089	23	9022.4013	9023.0013	9023.0013	9023.2013	9024.6921
3	2	2	2	415	3	6	7	25	1	1	2	1	0.89906174	24	9025.0237	9025.2237	9025.2237	9025.4237	9026.1227
3	2	2	2	416	3	6	7	26	2	1	3	1	0.93034243	25	9027.2465	9027.4465	9027.4465	9027.6465	9028.3768
3	2	2	2	417	3	6	7	27	4	2	5	1	1.522265	26	9029.4701	9030.0701	9030.0701	9030.2701	9031.5924
3	2	2	2	418	3	6	7	28	6	2	7	1	1.7111978	27	9032.0925	9032.6925	9032.6925	9032.8925	9034.4037
3	2	2	2	419	3	6	7	29	2	1	3	1	1.0639605	28	9034.7161	9034.9161	9034.9161	9035.1161	9035.9801
3	2	2	2	420	3	6	7	30	1	1	0	0	-9037.1391	28	9036.9391	9037.1391	9037.1391	9037.3391	0
3	2	2	2	421	3	2	8	1	5	2	8	1	0.7427251	1	9067.2213	9067.8213	9067.8213	9068.0213	9068.5641
3	2	2	2	422	3	2	8	2	1	1	1	1	0.49417042	2	9069.8446	9070.0446	9070.0446	9070.2446	9070.5388
3	2	2	2	423	3	2	8	3	3	1	1	1	0.6160546	3	9072.071	9072.271	9072.271	9072.471	9072.8871
3	2	2	2	424	3	2	8	4	1	2	1	1	0.5067275	4	9074.2947	9074.8947	9074.8948	9075.0948	9075.4015
3	2	2	2	425	3	2	8	5	1	1	1	1	0.53103047	5	9076.9209	9077.1209	9077.1209	9077.3209	9077.6519
3	2	2	2	426	3	2	8	6	2	2	1	1	0.40301055	6	9079.1443	9079.7443	9079.7444	9079.9444	9080.1474
3	2	2	2	427	3	2	8	7	6	2	8	1	0.84153991	7	9081.7676	9082.3676	9082.3676	9082.5676	9083.2091
3	2	2	2	428	3	2	8	8	4	1	8	1	0.57117102	8	9084.3908	9084.5908	9084.5908	9084.7908	9085.162
3	2	2	2	429	3	2	8	9	4	1	8	1	0.68252663	9	9086.6146	9086.8147	9086.8147	9087.0147	9087.4972
3	2	2	2	430	3	2	8	10	3	2	1	1	0.63272548	10	9088.839	9089.439	9089.439	9089.639	9090.0717
3	2	2	2	431	3	2	8	11	3	1	1	1	0.60496052	11	9091.4628	9091.6629	9091.6629	9091.8629	9092.2678
3	2	2	2	432	3	2	8	12	5	2	8	1	0.55790802	12	9093.687	9094.287	9094.287	9094.487	9094.8449
3	2	2	2	433	3	2	8	13	2	1	1	1	0.59235328	13	9096.3128	9096.5128	9096.5128	9096.7128	9097.1052
3	2	2	2	434	3	2	8	14	5	2	8	1	0.74517384	14	9098.5387	9099.1388	9099.1388	9099.3388	9099.8839
3	2	2	2	435	3	2	8	15	6	1	8	1	0.46203069	15	9101.1696	9101.3696	9101.3696	9101.5696	9101.8316
3	2	2	2	436	3	2	8	16	4	2	8	1	0.61922716	16	9103.3928	9103.9929	9103.9929	9104.1929	9104.6121
3	2	2	2	437	3	2	8	17	3	1	1	1	0.53604386	17	9106.0168	9106.2168	9106.2168	9106.4168	9106.7528
3	2	2	2	438	3	2	8	18	3	2	1	1	0.44184481	18	9108.2407	9108.8407	9108.8407	9109.0407	9109.2826
3	2	2	2	439	3	2	8	19	4	2	8	1	0.56689038	19	9110.8679	9111.4679	9111.4679	9111.6679	9112.0348
3	2	2	2	440	3	2	8	20	5	2	8	1	0.51612597	20	9113.4915	9114.0915	9114.0915	9114.2915	9114.6076
3	2	2	2	441	3	2	8	21	1	2	1	1	0.61110445	21	9116.1165	9116.7165	9116.7165	9116.9165	9117.3276
3	2	2	2	442	3	2	8	22	2	1	1	1	0.52338072	22	9118.7402	9118.9402	9118.9402	9119.1402	9119.4635
3	2	2	2	443	3	2	8	23	4	1	8	1	0.80599562	23	9120.9645	9121.1645	9121.1646	9121.3646	9121.9705
3	2	2	2	444	3	2	8	24	2	2	1	1	0.92702711	24	9123.1882	9123.7882	9123.7882	9123.9882	9124.7153
3	2	2	2	445	3	2	8	25	6	1	8	1	0.83033179	25	9125.8128	9126.0128	9126.0128	9126.2128	9126.8431
3	2	2	2	446	3	2	8	26	6	1	8	1	0.51122067	26	9128.0367	9128.2367	9128.2367	9128.4367	9128.7479
3	2	2	2	447	3	2	8	27	6	2	8	1	0.51171983	27	9130.264	9130.864	9130.864	9131.064	9131.3757
3	2	2	2	448	3	2	8	28	5	2	8	1	0.51300428	28	9132.8856	9133.4856	9133.4856	9133.6856	9133.9986
3	2	2	2	449	3	2	8	29	2	1	1	1	0.49600879	29	9135.51	9135.71	9135.71	9135.91	9136.206
3	2	2	2	450	3	2	8	30	1	1	1	1	0.45248792	30	9137.7349	9137.9349	9137.9349	9138.1349	9138.3874
3	2	2	2	451	3	6	8	1	3	2	4	1	0.54900896	1	9168.0208	9168.6208	9168.6208	9168.8208	9169.1698
3	2	2	2	452	3	6	8	2	2	1	3	1	0.82742456	2	9170.645	9170.845	9170.845	9171.045	9171.6725
3	2	2	2	453	3	6	8	3	4	1	5	1	1.0281456	3	9172.8697	9173.0697	9173.0697	9173.2697	9174.0978
3	2	2	2	454	3	6	8	4	2	2	3	1	0.99558439	4	9175.0949	9175.6949	9175.6949	9175.8949	9176.6904
3	2	2	2	455	3	6	8	5	6	1	6	0	1.2974524	4	9177.7196	9177.9196	9177.9196	9178.1196	9179.2171
3	2	2	2	456	3	6	8	6	1	2	2	1	0.85057233	5	9179.9437	9180.5437	9180.5437	9180.7437	9181.3943
3	2	2	2	457	3	6	8	7	5	2	6	1	0.80734942	6	9182.5687	9183.1687	9183.1687	9183.3687	9183.9761
3	2	2	2	458	3	6	8	8	5	1	6	1	0.52879944	7	9185.1939	9185.3939	9185.3939	9185.5939	9185.9227
3	2	2	2	459	3	6	8	9	1	1	2	1	1.9888459	8	9187.4186	9187.6186	9187.6186	9187.8186	9189.6075
3	2	2	2	460	3	6	8	10	2	2	3	1	0.90746082	9	9189.6463	9190.2463	9190.2463	9190.4463	9191.1538
3	2	2	2	461	3	6	8	11	3	1	4	1	1.2485817	10	9192.2714	9192.4714	9192.4714	9192.6714	9193.7199
3	2	2	2	462	3	6	8	12	6	2	7	1	1.3288493	11	9194.4959	9195.0959	9195.0959	9195.2959	9196.4248
3	2	2	2	463	3	6	8	13	4	1	5	1	1.5520849	12	9197.1214	9197.3214	9197.3214	9197.5214	9198.8735
3	2	2	2	464	3	6	8	14	1	2	0	0	-9199.9467	12	9199.3467	9199.9467	9199.9467	9200.1467	0
3	2	2	2	465	3	6	8	15	5	1	6	1	1.9106495	13	9201.9717	9202.1717	9202.1717	9202.3717	9204.0823
3	2	2	2	466	3	6	8	16	4	2	0	0	-9204.7962	13	9204.1962	9204.7962	9204.7962	9204.9962	0
3	2	2	2	467	3	6	8	17	4	1	5	1	0.77801335	14	9206.8234	9207.0234	9207.0234	9207.2234	9207.8014
3	2	2	2	468	3	6	8	18	5	2	6	1	1.1615487	15	9209.0557	9209.6557	9209.6557	9209.8557	9210.8172
3	2	2	2	469	3	6	8	19	6	2	0	0	-9212.2848	15	9211.6848	9212.2848	9212.2848	9212.4848	0
3	2	2	2	470	3	6	8	20	1	2	0	0	-9214.91	15	9214.31	9214.91	9214.91	9215.11	0
3	2	2	2	471	3	6	8	21	6	2	7	1	1.6114024	16	9216.9357	9217.5357	9217.5357	9217.7357	9219.1471
3	2	2	2	472	3	6	8	22	2	1	3	1	1.5929714	17	9219.5615	9219.7615	9219.7615	9219.9615	9221.3545
3	2	2	2	473	3	6	8	23	3	1	4	1	0.71907721	18	9221.7869	9221.9869	9221.9869	9222.187	9222.706
3	2	2	2	474	3	6	8	24	5	2	6	1	1.5239213	19	9224.0137	9224.6137	9224.6137	9224.8137	9226.1376
3	2	2	2	475	3	6	8	25	4	1	5	1	0.96917828	20	9226.6392	9226.8392	9226.8392	9227.0392	9227.8084
3	2	2	2	476	3	6	8	26	6	1	7	1	1.7757861	21	9228.867	9229.067	9229.067	9229.267	9230.8428
3	2	2	2	477	3	6	8	27	2	2	0	0	-9231.6929	21	9231.0929	9231.6929	9231.6929	9231.8929	0
3	2	2	2	478	3	6	8	28	1	2	2	1	0.80923498	22	9233.7187	9234.3187	9234.3187	9234.5187	9235.1279
3	2	2	2	479	3	6	8	29	3	1	4	1	0.7614692	23	9236.3444	9236.5444	9236.5444	9236.7444	9237.3058
3	2	2	2	480	3	6	8	30	3	1	4	1	1.0301289	24	9238.5703	9238.7703	9238.7703	9238.9703	9239.8004
3	2	2	2	481	3	2	9	1	1	2	1	1	0.36879561	1	9268.8501	9269.4501	9269.4501	9269.6501	9269.8189
3	2	2	2	482	3	2	9	2	4	1	8	1	0.4549806	2	9271.4761	9271.6761	9271.6761	9271.8761	9272.131
3	2	2	2	483	3	2	9	3	1	1	1	1	0.39630987	3	9273.7027	9273.9027	9273.9027	9274.1027	9274.299
3	2	2	2	484	3	2	9	4	1	2	1	1	0.45109082	4	9275.9285	9276.5285	9276.5286	9276.7286	9276.9796
3	2	2	2	485	3	2	9	5	5	1	8	1	1.0311826	5	9278.5542	9278.7543	9278.7543	9278.9543	9279.7854
3	2	2	2	486	3	2	9	6	3	2	1	1	0.65258322	6	9280.7802	9281.3802	9281.3802	9281.5802	9282.0328
3	2	2	2	487	3	2	9	7	6	2	8	1	0.67549314	7	9283.4087	9284.0087	9284.0087	9284.2087	9284.6842
3	2	2	2	488	3	2	9	8	1	1	1	1	0.58575258	8	9286.0346	9286.2346	9286.2346	9286.4346	9286.8204
3	2	2	2	489	3	2	9	9	5	1	8	1	0.69265352	9	9288.2605	9288.4605	9288.4605	9288.6605	9289.1532
3	2	2	2	490	3	2	9	10	2	2	1	1	0.65531434	10	9290.4896	9291.0896	9291.0896	9291.2896	9291.7449
3	2	2	2	491	3	2	9	11	6	1	8	1	0.5658013	11	9293.1342	9293.3342	9293.3342	9293.5342	9293.9
3	2	2	2	492	3	2	9	12	3	2	1	1	0.56213182	12	9295.3605	9295.9605	9295.9605	9296.1605	9296.5226
3	2	2	2	493	3	2	9	13	2	1	1	1	0.64066028	13	9297.9869	9298.1869	9298.1869	9298.3869	9298.8276
3	2	2	2	494	3	2	9	14	5	2	8	1	0.61793448	14	9300.2132	9300.8132	9300.8132	9301.0132	9301.4312
3	2	2	2	495	3	2	9	15	5	1	8	1	0.5612754	15	9302.8392	9303.0392	9303.0393	9303.2393	9303.6005
3	2	2	2	496	3	2	9	16	4	2	8	1	0.56907253	16	9305.0665	9305.6665	9305.6665	9305.8665	9306.2356
3	2	2	2	497	3	2	9	17	4	1	8	1	0.57455652	17	9307.693	9307.893	9307.893	9308.093	9308.4676
3	2	2	2	498	3	2	9	18	5	2	8	1	0.47247949	18	9309.9196	9310.5196	9310.5196	9310.7196	9310.992
3	2	2	2	499	3	2	9	19	2	2	1	1	0.52062725	19	9312.5459	9313.146	9313.146	9313.346	9313.6666
3	2	2	2	500	3	2	9	20	3	2	1	1	0.47606214	20	9315.1727	9315.7727	9315.7727	9315.9727	9316.2487
3	2	2	2	501	3	2	9	21	3	2	1	1	0.52198361	21	9317.7991	9318.3991	9318.3991	9318.5991	9318.9211
3	2	2	2	502	3	2	9	22	6	1	8	1	0.61595905	22	9320.4261	9320.6261	9320.6261	9320.8261	9321.242
3	2	2	2	503	3	2	9	23	3	1	1	1	0.64760228	23	9322.6531	9322.8531	9322.8531	9323.0531	9323.5007
3	2	2	2	504	3	2	9	24	6	2	8	1	0.50687593	24	9324.8812	9325.4813	9325.4813	9325.6813	9325.9881
3	2	2	2	505	3	2	9	25	4	1	8	1	0.74868187	25	9327.5073	9327.7073	9327.7073	9327.9073	9328.456
3	2	2	2	506	3	2	9	26	2	1	1	1	0.64626925	26	9329.7337	9329.9337	9329.9337	9330.1337	9330.5799
3	2	2	2	507	3	2	9	27	4	2	8	1	0.62382088	27	9331.9605	9332.5605	9332.5605	9332.7605	9333.1843
3	2	2	2	508	3	2	9	28	6	2	8	1	0.30245131	28	9334.5879	9335.188	9335.188	9335.388	9335.4904
3	2	2	2	509	3	2	9	29	2	1	1	1	0.4904536	29	9337.2172	9337.4172	9337.4172	9337.6172	9337.9076
3	2	2	2	510	3	2	9	30	1	1	1	1	0.53568979	30	9339.4445	9339.6445	9339.6445	9339.8445	9340.1802
3	2	2	2	511	3	6	9	1	1	2	2	1	0.77731074	1	9369.7197	9370.3197	9370.3197	9370.5197	9371.097
3	2	2	2	512	3	6	9	2	1	1	2	1	0.54844872	2	9372.3477	9372.5477	9372.5477	9372.7477	9373.0962
3	2	2	2	513	3	6	9	3	5	1	6	1	1.3006642	3	9374.5753	9374.7753	9374.7753	9374.9753	9376.0759
3	2	2	2	514	3	6	9	4	6	2	7	1	0.48172348	4	9376.8015	9377.4015	9377.4015	9377.6015	9377.8833
3	2	2	2	515	3	6	9	5	6	1	7	1	0.6202424	5	9379.4285	9379.6285	9379.6285	9379.8286	9380.2488
3	2	2	2	516	3	6	9	6	5	2	6	1	0.78405127	6	9381.6561	9382.2561	9382.2561	9382.4561	9383.0401
3	2	2	2	517	3	6	9	7	3	2	4	1	0.8800266	7	9384.2831	9384.8831	9384.8831	9385.0831	9385.7631
3	2	2	2	518	3	6	9	8	1	1	2	1	1.99466	8	9386.9097	9387.1097	9387.1097	9387.3097	9389.1044
3	2	2	2	519	3	6	9	9	2	1	3	1	0.9080734	9	9389.138	9389.338	9389.338	9389.538	9390.2461
3	2	2	2	520	3	6	9	10	3	2	4	1	1.3793916	10	9391.3654	9391.9654	9391.9655	9392.1655	9393.3448
3	2	2	2	521	3	6	9	11	6	1	7	1	1.1393746	11	9393.9927	9394.1927	9394.1927	9394.3927	9395.3321
3	2	2	2	522	3	6	9	12	2	2	3	1	1.0683824	12	9396.2205	9396.8205	9396.8205	9397.0205	9397.8889
3	2	2	2	523	3	6	9	13	4	1	5	1	0.98406524	13	9398.8481	9399.0481	9399.0481	9399.2481	9400.0321
3	2	2	2	524	3	6	9	14	3	2	4	1	0.72520095	14	9401.0758	9401.6758	9401.6758	9401.8758	9402.401
3	2	2	2	525	3	6	9	15	4	1	5	1	1.7908641	15	9403.7057	9403.9057	9403.9057	9404.1057	9405.6965
3	2	2	2	526	3	6	9	16	4	2	5	1	0.65120754	16	9405.9338	9406.5338	9406.5338	9406.7338	9407.185
3	2	2	2	527	3	6	9	17	1	1	2	1	1.7606054	17	9408.5611	9408.7611	9408.7611	9408.9611	9410.5217
3	2	2	2	528	3	6	9	18	2	2	3	1	0.97970116	18	9410.7885	9411.3885	9411.3885	9411.5885	9412.3682
3	2	2	2	529	3	6	9	19	5	2	6	1	0.9356892	19	9413.4168	9414.0168	9414.0168	9414.2168	9414.9525
3	2	2	2	530	3	6	9	20	6	2	7	1	1.5959494	20	9416.0448	9416.6448	9416.6448	9416.8448	9418.2407
3	2	2	2	531	3	6	9	21	1	2	2	1	1.9978898	21	9418.673	9419.273	9419.273	9419.473	9421.2709
3	2	2	2	532	3	6	9	22	5	1	6	1	1.7723418	22	9421.3037	9421.5037	9421.5037	9421.7038	9423.2761
3	2	2	2	533	3	6	9	23	5	1	6	1	0.66517526	23	9423.5318	9423.7318	9423.7319	9423.9319	9424.397
3	2	2	2	534	3	6	9	24	6	2	7	1	1.4594664	24	9425.7601	9426.3602	9426.3602	9426.5602	9427.8196
3	2	2	2	535	3	6	9	25	3	1	4	1	1.138525	25	9428.391	9428.591	9428.591	9428.791	9429.7295
3	2	2	2	536	3	6	9	26	3	1	4	1	0.56444329	26	9430.6216	9430.8216	9430.8216	9431.0216	9431.386
3	2	2	2	537	3	6	9	27	2	2	3	1	1.9919997	27	9432.8502	9433.4502	9433.4502	9433.6502	9435.4422
3	2	2	2	538	3	6	9	28	2	2	3	1	0.54389094	28	9435.4812	9436.0812	9436.0812	9436.2812	9436.6251
3	2	2	2	539	3	6	9	29	4	1	0	0	-9438.3094	28	9438.1094	9438.3094	9438.3094	9438.5094	0
3	2	2	2	540	3	6	9	30	4	1	5	1	0.88456545	29	9440.3398	9440.5398	9440.5398	9440.7398	9441.4244
3	2	2	2	541	4	2	10	1	1	2	1	1	0.53009703	1	10037.874	10038.474	10038.474	10038.674	10039.004
3	2	2	2	542	4	2	10	2	3	1	1	1	0.51340324	2	10040.502	10040.702	10040.702	10040.902	10041.216
3	2	2	2	543	4	2	10	3	3	1	1	1	0.38156776	3	10042.731	10042.931	10042.931	10043.131	10043.312
3	2	2	2	544	4	2	10	4	5	2	8	1	0.41112152	4	10044.959	10045.559	10045.559	10045.759	10045.97
3	2	2	2	545	4	2	10	5	5	1	8	1	0.39981317	5	10047.587	10047.787	10047.787	10047.987	10048.187
3	2	2	2	546	4	2	10	6	4	2	8	1	0.44920625	6	10049.816	10050.416	10050.416	10050.616	10050.865
3	2	2	2	547	4	2	10	7	1	2	1	1	0.51160683	7	10052.449	10053.049	10053.049	10053.249	10053.56
3	2	2	2	548	4	2	10	8	1	1	1	1	0.47637953	8	10055.077	10055.277	10055.277	10055.477	10055.753
3	2	2	2	549	4	2	10	9	1	1	1	1	0.59049213	9	10057.305	10057.505	10057.505	10057.705	10058.096
3	2	2	2	550	4	2	10	10	3	2	1	1	1.1875923	10	10059.535	10060.135	10060.135	10060.335	10061.323
3	2	2	2	551	4	2	10	11	2	1	1	1	0.46404303	11	10062.164	10062.364	10062.364	10062.564	10062.828
3	2	2	2	552	4	2	10	12	4	2	8	1	0.89681475	12	10064.394	10064.994	10064.994	10065.194	10065.891
3	2	2	2	553	4	2	10	13	2	1	1	1	0.59190544	13	10067.023	10067.223	10067.223	10067.423	10067.815
3	2	2	2	554	4	2	10	14	3	2	1	1	0.82808149	14	10069.252	10069.852	10069.852	10070.052	10070.68
3	2	2	2	555	4	2	10	15	4	1	8	1	0.80114578	15	10071.881	10072.081	10072.081	10072.281	10072.882
3	2	2	2	556	4	2	10	16	5	2	8	1	0.51782946	16	10074.11	10074.71	10074.71	10074.91	10075.228
3	2	2	2	557	4	2	10	17	6	1	8	1	0.59133697	17	10076.739	10076.939	10076.939	10077.139	10077.53
3	2	2	2	558	4	2	10	18	2	2	1	1	0.51833521	18	10078.967	10079.567	10079.567	10079.767	10080.086
3	2	2	2	559	4	2	10	19	1	2	1	1	0.5723152	19	10081.596	10082.196	10082.196	10082.396	10082.769
3	2	2	2	560	4	2	10	20	6	2	8	1	0.8956092	20	10084.226	10084.826	10084.826	10085.026	10085.721
3	2	2	2	561	4	2	10	21	5	2	8	1	0.57907938	21	10086.854	10087.454	10087.454	10087.654	10088.033
3	2	2	2	562	4	2	10	22	4	1	8	1	0.58522508	22	10089.487	10089.687	10089.687	10089.887	10090.272
3	2	2	2	563	4	2	10	23	2	1	1	1	0.75827299	23	10091.72	10091.92	10091.92	10092.12	10092.678
3	2	2	2	564	4	2	10	24	3	2	1	1	0.772277	24	10093.949	10094.549	10094.549	10094.749	10095.321
3	2	2	2	565	4	2	10	25	6	1	8	1	0.69765259	25	10096.578	10096.778	10096.778	10096.978	10097.476
3	2	2	2	566	4	2	10	26	2	1	1	1	0.95978625	26	10098.81	10099.01	10099.01	10099.21	10099.97
3	2	2	2	567	4	2	10	27	6	2	8	1	0.73973864	27	10101.039	10101.639	10101.639	10101.839	10102.379
3	2	2	2	568	4	2	10	28	6	2	8	1	0.82496232	28	10103.671	10104.271	10104.271	10104.471	10105.096
3	2	2	2	569	4	2	10	29	5	1	8	1	0.43651779	29	10106.3	10106.5	10106.5	10106.7	10106.937
3	2	2	2	570	4	2	10	30	4	1	8	1	0.56299289	30	10108.529	10108.729	10108.729	10108.929	10109.292
3	2	2	2	571	4	6	10	1	2	2	3	1	1.0308789	1	10139.004	10139.604	10139.604	10139.804	10140.635
3	2	2	2	572	4	6	10	2	2	1	3	1	0.50456205	2	10141.633	10141.833	10141.833	10142.033	10142.338
3	2	2	2	573	4	6	10	3	6	1	7	1	1.083935	3	10143.863	10144.063	10144.063	10144.263	10145.147
3	2	2	2	574	4	6	10	4	4	2	5	1	1.0067648	4	10146.092	10146.692	10146.692	10146.892	10147.699
3	2	2	2	575	4	6	10	5	2	1	3	1	0.87340073	5	10148.723	10148.923	10148.923	10149.123	10149.796
3	2	2	2	576	4	6	10	6	4	2	5	1	1.420261	6	10150.958	10151.558	10151.558	10151.758	10152.979
3	2	2	2	577	4	6	10	7	5	2	6	1	0.74293896	7	10153.588	10154.188	10154.189	10154.389	10154.931
3	2	2	2	578	4	6	10	8	1	1	3	0	0.97032449	7	10156.219	10156.419	10156.419	10156.619	10157.389
3	2	2	2	579	4	6	10	9	6	1	0	0	-10158.65	7	10158.45	10158.65	10158.65	10158.85	0
3	2	2	2	580	4	6	10	10	6	2	7	1	0.58086543	8	10160.679	10161.279	10161.279	10161.479	10161.86
3	2	2	2	581	4	6	10	11	5	1	0	0	-10163.51	8	10163.31	10163.51	10163.51	10163.71	0
3	2	2	2	582	4	6	10	12	5	2	6	1	0.60709903	9	10165.539	10166.139	10166.139	10166.339	10166.747
3	2	2	2	583	4	6	10	13	4	1	5	1	1.0771534	10	10168.17	10168.37	10168.37	10168.57	10169.447
3	2	2	2	584	4	6	10	14	5	2	6	1	1.0094598	11	10170.4	10171	10171	10171.2	10172.01
3	2	2	2	585	4	6	10	15	3	1	4	1	0.90642858	12	10173.031	10173.231	10173.231	10173.431	10174.138
3	2	2	2	586	4	6	10	16	2	2	3	1	0.97917486	13	10175.262	10175.862	10175.862	10176.062	10176.841
3	2	2	2	587	4	6	10	17	1	1	2	1	1.5064975	14	10177.893	10178.093	10178.093	10178.293	10179.599
3	2	2	2	588	4	6	10	18	5	2	6	1	1.8360252	15	10180.125	10180.725	10180.725	10180.925	10182.561
3	2	2	2	589	4	6	10	19	3	2	4	1	0.84795642	16	10182.758	10183.358	10183.358	10183.558	10184.206
3	2	2	2	590	4	6	10	20	2	2	3	1	1.1550642	17	10185.388	10185.988	10185.988	10186.188	10187.144
3	2	2	2	591	4	6	10	21	1	2	2	1	1.4313257	18	10188.018	10188.618	10188.618	10188.818	10190.05
3	2	2	2	592	4	6	10	22	6	1	7	1	1.7153862	19	10190.65	10190.85	10190.85	10191.05	10192.566
3	2	2	2	593	4	6	10	23	3	1	4	1	1.0242961	20	10192.88	10193.08	10193.08	10193.28	10194.105
3	2	2	2	594	4	6	10	24	4	2	5	1	1.675712	21	10195.117	10195.717	10195.717	10195.917	10197.392
3	2	2	2	595	4	6	10	25	4	1	5	1	0.88596456	22	10197.747	10197.947	10197.947	10198.147	10198.833
3	2	2	2	596	4	6	10	26	3	1	4	1	1.9916022	23	10199.977	10200.177	10200.177	10200.377	10202.169
3	2	2	2	597	4	6	10	27	1	2	2	1	1.3684768	24	10202.214	10202.814	10202.814	10203.014	10204.183
3	2	2	2	598	4	6	10	28	6	2	7	1	1.9805406	25	10204.846	10205.446	10205.446	10205.646	10207.426
3	2	2	2	599	4	6	10	29	3	1	4	1	1.2354535	26	10207.477	10207.677	10207.677	10207.877	10208.913
3	2	2	2	600	4	6	10	30	1	1	2	1	1.8318111	27	10209.71	10209.91	10209.91	10210.11	10211.742
3	2	2	2	601	4	2	11	1	2	2	1	1	0.52459746	1	10239.974	10240.574	10240.574	10240.774	10241.098
3	2	2	2	602	4	2	11	2	6	1	8	1	0.50810303	2	10242.612	10242.812	10242.812	10243.012	10243.32
3	2	2	2	603	4	2	11	3	1	1	1	1	0.43687035	3	10244.844	10245.044	10245.044	10245.244	10245.481
3	2	2	2	604	4	2	11	4	2	2	1	1	0.52558527	4	10247.075	10247.675	10247.675	10247.875	10248.2
3	2	2	2	605	4	2	11	5	4	1	8	1	0.76873015	5	10249.706	10249.906	10249.906	10250.106	10250.675
3	2	2	2	606	4	2	11	6	3	2	1	1	0.55271008	6	10251.937	10252.537	10252.537	10252.737	10253.09
3	2	2	2	607	4	2	11	7	4	2	8	1	0.54447345	7	10254.568	10255.168	10255.168	10255.368	10255.712
3	2	2	2	608	4	2	11	8	6	1	8	1	0.45311912	8	10257.199	10257.399	10257.399	10257.599	10257.852
3	2	2	2	609	4	2	11	9	5	1	8	1	0.54544678	9	10259.43	10259.63	10259.63	10259.83	10260.176
3	2	2	2	610	4	2	11	10	6	2	8	1	0.68359799	10	10261.661	10262.261	10262.261	10262.461	10262.945
3	2	2	2	611	4	2	11	11	5	1	8	1	0.66103565	11	10264.293	10264.493	10264.493	10264.693	10265.154
3	2	2	2	612	4	2	11	12	2	2	1	1	0.75328647	12	10266.529	10267.129	10267.129	10267.329	10267.882
3	2	2	2	613	4	2	11	13	1	1	1	1	0.56029956	13	10269.163	10269.363	10269.363	10269.563	10269.923
3	2	2	2	614	4	2	11	14	5	2	8	1	0.68898462	14	10271.394	10271.994	10271.994	10272.194	10272.683
3	2	2	2	615	4	2	11	15	5	1	8	1	0.75319034	15	10274.026	10274.226	10274.226	10274.426	10274.979
3	2	2	2	616	4	2	11	16	3	2	1	1	0.53627833	16	10276.257	10276.857	10276.857	10277.057	10277.394
3	2	2	2	617	4	2	11	17	5	1	8	1	0.67653133	17	10278.892	10279.092	10279.092	10279.292	10279.769
3	2	2	2	618	4	2	11	18	6	2	8	1	0.70301507	18	10281.124	10281.724	10281.724	10281.924	10282.427
3	2	2	2	619	4	2	11	19	3	2	1	1	0.83654444	19	10283.755	10284.355	10284.355	10284.555	10285.192
3	2	2	2	620	4	2	11	20	1	2	1	1	0.42228331	20	10286.386	10286.986	10286.986	10287.186	10287.409
3	2	2	2	621	4	2	11	21	2	2	1	1	0.4789643	21	10289.018	10289.618	10289.618	10289.818	10290.097
3	2	2	2	622	4	2	11	22	4	1	8	1	0.55452689	22	10291.65	10291.85	10291.85	10292.05	10292.404
3	2	2	2	623	4	2	11	23	3	1	1	1	0.54314864	23	10293.882	10294.082	10294.082	10294.282	10294.625
3	2	2	2	624	4	2	11	24	3	2	1	1	0.66391553	24	10296.114	10296.714	10296.714	10296.914	10297.378
3	2	2	2	625	4	2	11	25	4	1	8	1	0.5258683	25	10298.746	10298.946	10298.946	10299.146	10299.472
3	2	2	2	626	4	2	11	26	1	1	1	1	0.79216429	26	10300.978	10301.178	10301.178	10301.378	10301.97
3	2	2	2	627	4	2	11	27	6	2	8	1	0.62510392	27	10303.21	10303.81	10303.81	10304.01	10304.436
3	2	2	2	628	4	2	11	28	4	2	8	1	0.59914305	28	10305.842	10306.442	10306.442	10306.642	10307.041
3	2	2	2	629	4	2	11	29	2	1	1	1	0.90456906	29	10308.474	10308.674	10308.674	10308.874	10309.579
3	2	2	2	630	4	2	11	30	1	1	1	1	0.54498157	30	10310.706	10310.906	10310.906	10311.106	10311.451
3	2	2	2	631	4	6	11	1	1	2	2	1	0.48403927	1	10341.004	10341.604	10341.604	10341.804	10342.088
3	2	2	2	632	4	6	11	2	2	1	3	1	1.1169385	2	10343.636	10343.836	10343.836	10344.036	10344.953
3	2	2	2	633	4	6	11	3	4	1	5	1	0.76584526	3	10345.868	10346.068	10346.068	10346.268	10346.834
3	2	2	2	634	4	6	11	4	6	2	7	1	1.1237802	4	10348.1	10348.7	10348.7	10348.9	10349.824
3	2	2	2	635	4	6	11	5	1	1	0	0	-10350.967	4	10350.767	10350.967	10350.967	10351.167	0
3	2	2	2	636	4	6	11	6	4	2	5	1	0.98675459	5	10353.007	10353.607	10353.607	10353.807	10354.594
3	2	2	2	637	4	6	11	7	1	2	2	1	1.0025564	6	10355.64	10356.24	10356.24	10356.44	10357.242
3	2	2	2	638	4	6	11	8	2	1	3	1	1.219846	7	10358.272	10358.472	10358.472	10358.672	10359.692
3	2	2	2	639	4	6	11	9	5	1	6	1	1.0239769	8	10360.504	10360.704	10360.704	10360.904	10361.728
3	2	2	2	640	4	6	11	10	5	2	6	1	0.51888578	9	10362.779	10363.379	10363.379	10363.579	10363.898
3	2	2	2	641	4	6	11	11	4	1	5	1	1.0759296	10	10365.412	10365.612	10365.612	10365.812	10366.688
3	2	2	2	642	4	6	11	12	5	2	6	1	0.69535286	11	10367.642	10368.242	10368.242	10368.442	10368.938
3	2	2	2	643	4	6	11	13	5	1	6	1	0.44774848	12	10370.275	10370.475	10370.475	10370.675	10370.923
3	2	2	2	644	4	6	11	14	6	2	7	1	1.1407802	13	10372.507	10373.107	10373.107	10373.307	10374.248
3	2	2	2	645	4	6	11	15	1	1	2	1	1.3391706	14	10375.14	10375.34	10375.34	10375.54	10376.68
3	2	2	2	646	4	6	11	16	2	2	3	1	0.86007565	15	10377.373	10377.973	10377.973	10378.173	10378.833
3	2	2	2	647	4	6	11	17	6	1	4	0	0.87057671	15	10380.008	10380.208	10380.208	10380.408	10381.078
3	2	2	2	648	4	6	11	18	2	2	3	1	1.4195243	16	10382.241	10382.841	10382.841	10383.041	10384.26
3	2	2	2	649	4	6	11	19	5	2	6	1	1.4249847	17	10384.873	10385.473	10385.473	10385.673	10386.898
3	2	2	2	650	4	6	11	20	3	2	4	1	2.000681	18	10387.506	10388.106	10388.106	10388.306	10390.106
3	2	2	2	651	4	6	11	21	3	2	4	1	0.49429434	19	10390.144	10390.744	10390.744	10390.944	10391.238
3	2	2	2	652	4	6	11	22	6	1	7	1	0.90126469	20	10392.815	10393.015	10393.015	10393.215	10393.916
3	2	2	2	653	4	6	11	23	2	1	3	1	0.98832363	21	10395.047	10395.247	10395.247	10395.447	10396.236
3	2	2	2	654	4	6	11	24	4	2	5	1	1.6638973	22	10397.28	10397.88	10397.88	10398.08	10399.544
3	2	2	2	655	4	6	11	25	3	1	4	1	0.74214378	23	10399.916	10400.116	10400.116	10400.316	10400.858
3	2	2	2	656	4	6	11	26	1	1	2	1	0.83624347	24	10402.149	10402.349	10402.349	10402.549	10403.185
3	2	2	2	657	4	6	11	27	6	2	7	1	1.3053263	25	10404.382	10404.982	10404.982	10405.182	10406.288
3	2	2	2	658	4	6	11	28	4	2	5	1	1.1946362	26	10407.016	10407.616	10407.616	10407.816	10408.81
3	2	2	2	659	4	6	11	29	3	1	4	1	1.3773424	27	10409.655	10409.855	10409.855	10410.055	10411.233
3	2	2	2	660	4	6	11	30	3	1	4	1	0.59836166	28	10411.889	10412.089	10412.089	10412.289	10412.688
3	2	2	2	661	4	2	12	1	3	2	1	1	0.48648181	1	10442.164	10442.764	10442.764	10442.964	10443.25
3	2	2	2	662	4	2	12	2	1	1	1	1	0.4754627	2	10444.798	10444.998	10444.998	10445.198	10445.473
3	2	2	2	663	4	2	12	3	1	1	1	1	0.36150266	3	10447.031	10447.231	10447.231	10447.431	10447.593
3	2	2	2	664	4	2	12	4	2	2	1	1	0.33625491	4	10449.264	10449.864	10449.864	10450.064	10450.201
3	2	2	2	665	4	2	12	5	2	1	1	1	0.50370602	5	10451.898	10452.098	10452.098	10452.298	10452.601
3	2	2	2	666	4	2	12	6	1	2	1	1	0.44739849	6	10454.131	10454.731	10454.731	10454.931	10455.178
3	2	2	2	667	4	2	12	7	2	2	1	1	0.46293375	7	10456.764	10457.364	10457.364	10457.564	10457.827
3	2	2	2	668	4	2	12	8	1	1	1	1	0.4616633	8	10459.397	10459.597	10459.598	10459.798	10460.059
3	2	2	2	669	4	2	12	9	6	1	8	1	0.56845928	9	10461.635	10461.835	10461.835	10462.035	10462.403
3	2	2	2	670	4	2	12	10	2	2	1	1	0.82870993	10	10463.869	10464.469	10464.469	10464.669	10465.298
3	2	2	2	671	4	2	12	11	4	1	8	1	0.70235126	11	10466.508	10466.708	10466.708	10466.908	10467.41
3	2	2	2	672	4	2	12	12	3	2	1	1	0.63588473	12	10468.744	10469.344	10469.344	10469.544	10469.98
3	2	2	2	673	4	2	12	13	5	1	8	1	0.64683265	13	10471.378	10471.578	10471.578	10471.778	10472.225
3	2	2	2	674	4	2	12	14	5	2	8	1	0.71004173	14	10473.612	10474.212	10474.212	10474.412	10474.922
3	2	2	2	675	4	2	12	15	4	1	8	1	0.59683436	15	10476.246	10476.446	10476.446	10476.646	10477.043
3	2	2	2	676	4	2	12	16	4	2	8	1	0.60186491	16	10478.481	10479.081	10479.081	10479.281	10479.683
3	2	2	2	677	4	2	12	17	6	1	8	1	0.55196899	17	10481.115	10481.315	10481.315	10481.515	10481.867
3	2	2	2	678	4	2	12	18	3	2	1	1	1.0955116	18	10483.349	10483.949	10483.949	10484.149	10485.044
3	2	2	2	679	4	2	12	19	6	2	8	1	0.57397843	19	10485.987	10486.587	10486.587	10486.787	10487.161
3	2	2	2	680	4	2	12	20	2	2	1	1	0.74146713	20	10488.621	10489.221	10489.221	10489.421	10489.963
3	2	2	2	681	4	2	12	21	6	2	8	1	0.65769489	21	10491.259	10491.859	10491.859	10492.059	10492.516
3	2	2	2	682	4	2	12	22	5	1	8	1	0.58053886	22	10493.893	10494.093	10494.093	10494.293	10494.673
3	2	2	2	683	4	2	12	23	4	1	8	1	0.47281744	23	10496.128	10496.328	10496.328	10496.528	10496.801
3	2	2	2	684	4	2	12	24	6	2	8	1	0.62244788	24	10498.363	10498.963	10498.963	10499.163	10499.586
3	2	2	2	685	4	2	12	25	5	1	8	1	0.51931762	25	10501	10501.2	10501.2	10501.4	10501.72
3	2	2	2	686	4	2	12	26	3	1	1	1	0.58917228	26	10503.234	10503.434	10503.434	10503.634	10504.024
3	2	2	2	687	4	2	12	27	5	2	8	1	0.61973525	27	10505.469	10506.069	10506.069	10506.269	10506.689
3	2	2	2	688	4	2	12	28	3	2	1	1	0.65659733	28	10508.104	10508.704	10508.704	10508.904	10509.361
3	2	2	2	689	4	2	12	29	4	1	8	1	0.62020387	29	10510.74	10510.94	10510.94	10511.14	10511.56
3	2	2	2	690	4	2	12	30	1	1	1	1	0.63628374	30	10512.976	10513.176	10513.176	10513.376	10513.812
3	2	2	2	691	4	6	12	1	1	2	2	1	0.84180735	1	10543.274	10543.874	10543.874	10544.074	10544.716
3	2	2	2	692	4	6	12	2	5	1	6	1	0.97920617	2	10545.91	10546.11	10546.11	10546.31	10547.09
3	2	2	2	693	4	6	12	3	3	1	4	1	0.96226298	3	10548.145	10548.345	10548.345	10548.545	10549.307
3	2	2	2	694	4	6	12	4	1	2	2	1	0.99275011	4	10550.386	10550.986	10550.986	10551.186	10551.979
3	2	2	2	695	4	6	12	5	6	1	7	1	1.6892711	5	10553.022	10553.222	10553.222	10553.422	10554.911
3	2	2	2	696	4	6	12	6	4	2	5	1	1.0318013	6	10555.256	10555.856	10555.856	10556.056	10556.888
3	2	2	2	697	4	6	12	7	1	2	2	1	1.241536	7	10557.895	10558.495	10558.495	10558.695	10559.736
3	2	2	2	698	4	6	12	8	6	1	7	1	1.2143752	8	10560.53	10560.73	10560.73	10560.93	10561.944
3	2	2	2	699	4	6	12	9	3	1	4	1	1.3657317	9	10562.764	10562.964	10562.964	10563.164	10564.33
3	2	2	2	700	4	6	12	10	2	2	3	1	1.0008645	10	10565	10565.6	10565.6	10565.8	10566.601
3	2	2	2	701	4	6	12	11	2	1	3	1	0.64498233	11	10567.639	10567.839	10567.839	10568.039	10568.484
3	2	2	2	702	4	6	12	12	2	2	3	1	0.64624646	12	10569.874	10570.474	10570.474	10570.674	10571.12
3	2	2	2	703	4	6	12	13	5	1	6	1	1.9936263	13	10572.509	10572.709	10572.709	10572.909	10574.702
3	2	2	2	704	4	6	12	14	1	2	2	1	1.3237673	14	10574.743	10575.343	10575.343	10575.543	10576.667
3	2	2	2	705	4	6	12	15	3	1	4	1	1.0618666	15	10577.379	10577.579	10577.579	10577.779	10578.641
3	2	2	2	706	4	6	12	16	2	2	3	1	1.3450951	16	10579.614	10580.214	10580.214	10580.414	10581.559
3	2	2	2	707	4	6	12	17	4	1	5	1	1.1469251	17	10582.256	10582.456	10582.456	10582.656	10583.603
3	2	2	2	708	4	6	12	18	2	2	3	1	0.89259535	18	10584.491	10585.091	10585.091	10585.291	10585.984
3	2	2	2	709	4	6	12	19	4	2	5	1	1.2753681	19	10587.126	10587.726	10587.726	10587.926	10589.002
3	2	2	2	710	4	6	12	20	5	2	6	1	0.99586901	20	10589.764	10590.364	10590.364	10590.564	10591.36
3	2	2	2	711	4	6	12	21	3	2	4	1	1.1315153	21	10592.399	10593	10593	10593.2	10594.131
3	2	2	2	712	4	6	12	22	3	1	4	1	0.79255232	22	10595.033	10595.233	10595.233	10595.433	10596.025
3	2	2	2	713	4	6	12	23	5	1	6	1	0.98731214	23	10597.268	10597.468	10597.468	10597.668	10598.456
3	2	2	2	714	4	6	12	24	4	2	5	1	1.634138	24	10599.504	10600.104	10600.104	10600.304	10601.738
3	2	2	2	715	4	6	12	25	4	1	5	1	0.61280078	25	10602.139	10602.339	10602.339	10602.539	10602.952
3	2	2	2	716	4	6	12	26	1	1	2	1	1.0987519	26	10604.375	10604.575	10604.575	10604.775	10605.673
3	2	2	2	717	4	6	12	27	6	2	7	1	1.464769	27	10606.61	10607.21	10607.21	10607.41	10608.675
3	2	2	2	718	4	6	12	28	6	2	7	1	0.56787419	28	10609.245	10609.845	10609.845	10610.045	10610.413
3	2	2	2	719	4	6	12	29	6	1	7	1	0.64075097	29	10611.881	10612.081	10612.081	10612.281	10612.721
3	2	2	2	720	4	6	12	30	5	1	6	1	1.1641291	30	10614.116	10614.316	10614.316	10614.516	10615.48
