4	7	3	2	5	6	0	1	0	0	0	0	0	0	0	0	0	0	0	0
3	51	2	1	1	1	6	1	1	2	2	3	1	1.1917324	1	11802.584	11803.184	11803.184	11803.385	11804.376
3	51	2	1	2	1	6	1	2	4	2	0	0	-11805.799	1	11805.199	11805.799	11805.799	11806	0
3	51	2	1	3	1	6	1	3	1	2	2	1	1.088776	2	11808.107	11808.707	11808.707	11808.907	11809.796
3	51	2	1	4	1	6	1	4	3	1	4	1	0.89038784	3	11810.714	11810.914	11810.914	11811.114	11811.805
3	51	2	1	5	1	6	1	5	1	2	2	1	1.418254	4	11812.92	11813.52	11813.52	11813.72	11814.938
3	51	2	1	6	1	6	1	6	5	1	6	1	1.3901357	5	11815.526	11815.726	11815.726	11815.926	11817.116
3	51	2	1	7	1	6	1	7	5	2	6	1	0.78171218	6	11817.731	11818.331	11818.331	11818.531	11819.113
3	51	2	1	8	1	6	1	8	2	1	2	0	1.9348813	6	11820.337	11820.537	11820.537	11820.737	11822.472
3	51	2	1	9	1	6	1	9	5	2	6	1	0.93913719	7	11822.854	11823.454	11823.454	11823.654	11824.393
3	51	2	1	10	1	6	1	10	6	1	7	1	1.9977907	8	11825.459	11825.659	11825.659	11825.859	11827.657
3	51	2	1	11	1	6	1	11	3	1	4	1	1.0741242	9	11827.665	11827.866	11827.866	11828.066	11828.94
3	51	2	1	12	1	6	1	12	3	2	4	1	0.68460544	10	11829.871	11830.471	11830.471	11830.671	11831.156
3	51	2	1	13	1	6	1	13	2	2	7	0	1.5966132	10	11832.477	11833.077	11833.077	11833.277	11834.674
3	51	2	1	14	1	6	1	14	1	2	2	1	0.82944228	11	11835.391	11835.991	11835.991	11836.191	11836.82
3	51	2	1	15	1	6	1	15	5	1	6	1	0.95805209	12	11837.996	11838.196	11838.196	11838.396	11839.154
3	51	2	1	16	1	6	1	16	3	2	4	1	0.92669381	13	11840.202	11840.802	11840.802	11841.002	11841.729
3	51	2	1	17	1	6	1	17	6	1	7	1	1.6199013	14	11842.808	11843.008	11843.008	11843.208	11844.628
3	51	2	1	18	1	6	1	18	6	2	7	1	0.59460756	15	11845.014	11845.614	11845.614	11845.814	11846.208
3	51	2	1	19	1	6	1	19	4	1	5	1	1.3912032	16	11847.619	11847.819	11847.819	11848.019	11849.211
3	51	2	1	20	1	6	1	20	1	1	2	1	1.1042806	17	11849.826	11850.026	11850.026	11850.226	11851.13
3	51	2	1	21	1	6	1	21	4	1	6	0	1.2448441	17	11852.036	11852.236	11852.236	11852.436	11853.48
3	51	2	1	22	1	6	1	22	4	1	5	1	0.79897157	18	11854.553	11854.753	11854.753	11854.953	11855.552
3	51	2	1	23	1	6	1	23	3	1	4	1	0.95536183	19	11856.759	11856.959	11856.959	11857.159	11857.915
3	51	2	1	24	1	6	1	24	1	2	2	1	0.94211098	20	11858.966	11859.566	11859.566	11859.766	11860.508
3	51	2	1	25	1	6	1	25	2	1	3	1	1.5798277	21	11861.572	11861.772	11861.772	11861.972	11863.352
3	51	2	1	26	1	6	1	26	6	1	7	1	1.4882528	22	11863.779	11863.979	11863.979	11864.179	11865.467
3	51	2	1	27	1	6	1	27	5	2	6	1	1.2068378	23	11865.985	11866.585	11866.585	11866.785	11867.792
3	51	2	1	28	1	6	1	28	6	2	7	1	1.4651664	24	11868.592	11869.192	11869.192	11869.392	11870.657
3	51	2	1	29	1	6	1	29	2	2	3	1	1.2498973	25	11871.198	11871.798	11871.798	11871.998	11873.048
3	51	2	1	30	1	6	1	30	4	1	5	1	1.0711358	26	11873.804	11874.004	11874.004	11874.204	11875.075
3	51	2	1	31	1	2	1	1	2	2	1	1	0.7301021	1	11897.199	11897.799	11897.8	11898	11898.53
3	51	2	1	32	1	2	1	2	3	2	1	1	0.63070248	2	11899.81	11900.41	11900.41	11900.61	11901.041
3	51	2	1	33	1	2	1	3	5	2	8	1	0.65651438	3	11902.418	11903.018	11903.018	11903.218	11903.674
3	51	2	1	34	1	2	1	4	5	1	8	1	0.68717975	4	11905.025	11905.225	11905.225	11905.425	11905.912
3	51	2	1	35	1	2	1	5	1	2	1	1	0.61097171	5	11907.232	11907.832	11907.832	11908.032	11908.443
3	51	2	1	36	1	2	1	6	1	1	1	1	0.59531694	6	11909.838	11910.038	11910.038	11910.238	11910.634
3	51	2	1	37	1	2	1	7	5	2	8	1	0.56365232	7	11912.045	11912.645	11912.645	11912.845	11913.209
3	51	2	1	38	1	2	1	8	6	1	8	1	0.55831822	8	11914.653	11914.853	11914.853	11915.053	11915.411
3	51	2	1	39	1	2	1	9	3	2	1	1	1.0296212	9	11916.859	11917.459	11917.459	11917.659	11918.489
3	51	2	1	40	1	2	1	10	2	1	1	1	0.61800997	10	11919.466	11919.666	11919.666	11919.866	11920.284
3	51	2	1	41	1	2	1	11	4	1	8	1	0.49055144	11	11921.673	11921.873	11921.873	11922.073	11922.364
3	51	2	1	42	1	2	1	12	4	2	8	1	0.53900187	12	11923.88	11924.48	11924.48	11924.68	11925.019
3	51	2	1	43	1	2	1	13	4	2	8	1	0.54716433	13	11926.487	11927.087	11927.087	11927.287	11927.634
3	51	2	1	44	1	2	1	14	3	2	1	1	0.79363696	14	11929.095	11929.695	11929.695	11929.895	11930.488
3	51	2	1	45	1	2	1	15	6	1	8	1	0.74622883	15	11931.702	11931.902	11931.902	11932.102	11932.648
3	51	2	1	46	1	2	1	16	6	2	8	1	0.57925919	16	11933.909	11934.509	11934.509	11934.709	11935.089
3	51	2	1	47	1	2	1	17	5	1	8	1	0.51838555	17	11936.517	11936.717	11936.717	11936.917	11937.235
3	51	2	1	48	1	2	1	18	2	2	8	0	0.67217565	17	11938.724	11939.324	11939.324	11939.524	11939.996
3	51	2	1	49	1	2	1	19	3	1	1	1	0.79069432	18	11941.634	11941.834	11941.834	11942.034	11942.624
3	51	2	1	50	1	2	1	20	2	1	1	1	0.61564802	19	11943.841	11944.041	11944.041	11944.241	11944.657
3	51	2	1	51	1	2	1	21	4	1	1	0	1.5301222	19	11946.048	11946.248	11946.248	11946.448	11947.779
3	51	2	1	52	1	2	1	22	1	1	1	1	1.3791945	20	11948.559	11948.759	11948.759	11948.959	11950.138
3	51	2	1	53	1	2	1	23	2	1	1	1	0.69895795	21	11950.766	11950.966	11950.966	11951.166	11951.665
3	51	2	1	54	1	2	1	24	6	2	8	1	0.61397417	22	11952.974	11953.574	11953.574	11953.774	11954.188
3	51	2	1	55	1	2	1	25	3	1	1	1	0.75691555	23	11955.581	11955.781	11955.781	11955.981	11956.538
3	51	2	1	56	1	2	1	26	4	1	1	0	1.491612	23	11957.789	11957.989	11957.989	11958.189	11959.48
3	51	2	1	57	1	2	1	27	6	2	8	1	1.1934898	24	11960.304	11960.904	11960.904	11961.104	11962.098
3	51	2	1	58	1	2	1	28	1	2	1	1	0.66107304	25	11962.911	11963.511	11963.512	11963.712	11964.173
3	51	2	1	59	1	2	1	29	5	2	8	1	0.63447905	26	11965.519	11966.119	11966.119	11966.319	11966.753
3	51	2	1	60	1	2	1	30	1	1	1	1	0.75790401	27	11968.126	11968.326	11968.326	11968.526	11969.084
3	51	2	1	61	1	6	2	1	2	2	3	1	1.4879529	28	11983.345	11983.945	11983.945	11984.145	11985.433
3	51	2	1	62	1	6	2	2	3	2	4	1	1.6237133	29	11985.953	11986.553	11986.553	11986.753	11988.177
3	51	2	1	63	1	6	2	3	5	2	2	0	1.9596098	29	11988.561	11989.161	11989.161	11989.361	11991.12
3	51	2	1	64	1	6	2	4	5	1	6	1	0.75379491	30	11991.473	11991.673	11991.673	11991.873	11992.427
3	51	2	1	65	1	6	2	5	1	2	2	1	0.73861256	31	11993.681	11994.282	11994.282	11994.482	11995.02
3	51	2	1	66	1	6	2	6	1	1	2	1	0.59191055	32	11996.289	11996.489	11996.489	11996.689	11997.081
3	51	2	1	67	1	6	2	7	5	2	6	1	0.88239976	33	11998.497	11999.097	11999.097	11999.297	11999.979
3	51	2	1	68	1	6	2	8	6	1	7	1	1.4270847	34	12001.105	12001.305	12001.305	12001.505	12002.732
3	51	2	1	69	1	6	2	9	3	2	4	1	0.96453537	35	12003.313	12003.913	12003.913	12004.113	12004.878
3	51	2	1	70	1	6	2	10	2	1	3	1	1.4643792	36	12005.921	12006.121	12006.121	12006.321	12007.586
3	51	2	1	71	1	6	2	11	4	1	5	1	1.0309598	37	12008.13	12008.33	12008.33	12008.53	12009.361
3	51	2	1	72	1	6	2	12	4	2	5	1	0.77571259	38	12010.339	12010.939	12010.939	12011.139	12011.714
3	51	2	1	73	1	6	2	13	4	2	5	1	0.62139002	39	12012.947	12013.547	12013.547	12013.747	12014.168
3	51	2	1	74	1	6	2	14	3	2	4	1	1.1672803	40	12015.555	12016.155	12016.155	12016.355	12017.322
3	51	2	1	75	1	6	2	15	6	1	3	0	1.4683446	40	12018.164	12018.364	12018.364	12018.564	12019.832
3	51	2	1	76	1	6	2	16	6	2	7	1	0.61408654	41	12020.678	12021.278	12021.278	12021.478	12021.892
3	51	2	1	77	1	6	2	17	5	1	6	1	1.4017781	42	12023.286	12023.486	12023.486	12023.686	12024.888
3	51	2	1	78	1	6	2	18	2	2	3	1	0.93129511	43	12025.496	12026.096	12026.096	12026.296	12027.027
3	51	2	1	79	1	6	2	19	3	1	4	1	0.69583266	44	12028.104	12028.305	12028.305	12028.505	12029
3	51	2	1	80	1	6	2	20	2	1	7	0	1.9992712	44	12030.313	12030.513	12030.513	12030.713	12032.513
3	51	2	1	81	1	6	2	21	4	1	5	1	0.82475186	45	12032.833	12033.033	12033.033	12033.233	12033.858
3	51	2	1	82	1	6	2	22	1	1	2	1	1.1847126	46	12035.042	12035.242	12035.242	12035.442	12036.427
3	51	2	1	83	1	6	2	23	2	1	3	1	0.69614227	47	12037.25	12037.45	12037.45	12037.65	12038.146
3	51	2	1	84	1	6	2	24	6	2	7	1	0.63024176	48	12039.459	12040.059	12040.059	12040.259	12040.689
3	51	2	1	85	1	6	2	25	3	1	4	1	0.9002516	49	12042.068	12042.268	12042.268	12042.468	12043.168
3	51	2	1	86	1	6	2	26	4	1	6	0	1.1642621	49	12044.277	12044.477	12044.477	12044.677	12045.641
3	51	2	1	87	1	6	2	27	6	2	7	1	1.7269838	50	12046.794	12047.394	12047.394	12047.594	12049.121
3	51	2	1	88	1	6	2	28	1	2	2	1	1.1015278	51	12049.403	12050.003	12050.003	12050.203	12051.105
3	51	2	1	89	1	6	2	29	5	2	4	0	0.98230915	51	12052.012	12052.612	12052.612	12052.812	12053.595
3	51	2	1	90	1	6	2	30	1	1	2	1	1.1756214	52	12054.932	12055.132	12055.132	12055.332	12056.307
3	51	2	1	91	1	2	2	1	6	2	8	1	0.69486161	1	12067.208	12067.808	12067.808	12068.008	12068.503
3	51	2	1	92	1	2	2	2	6	2	8	1	0.54111699	2	12069.818	12070.418	12070.418	12070.618	12070.959
3	51	2	1	93	1	2	2	3	6	2	8	1	0.45346512	3	12072.427	12073.027	12073.027	12073.227	12073.48
3	51	2	1	94	1	2	2	4	5	1	8	1	0.57320275	4	12075.037	12075.237	12075.237	12075.437	12075.81
3	51	2	1	95	1	2	2	5	6	2	8	1	0.492019	5	12077.246	12077.846	12077.846	12078.046	12078.338
3	51	2	1	96	1	2	2	6	3	1	1	1	0.63461985	6	12079.855	12080.055	12080.055	12080.255	12080.69
3	51	2	1	97	1	2	2	7	5	2	8	1	0.53530659	7	12082.065	12082.665	12082.665	12082.865	12083.2
3	51	2	1	98	1	2	2	8	6	1	8	1	0.43132687	8	12084.675	12084.875	12084.875	12085.075	12085.306
3	51	2	1	99	1	2	2	9	1	2	1	1	0.56543894	9	12086.885	12087.485	12087.485	12087.685	12088.051
3	51	2	1	100	1	2	2	10	4	1	8	1	0.76876506	10	12089.495	12089.695	12089.695	12089.895	12090.464
3	51	2	1	101	1	2	2	11	2	1	1	1	1.1932255	11	12091.705	12091.905	12091.905	12092.105	12093.098
3	51	2	1	102	1	2	2	12	2	2	1	1	0.67916191	12	12093.915	12094.515	12094.515	12094.715	12095.194
3	51	2	1	103	1	2	2	13	3	2	1	1	0.77348354	13	12096.525	12097.125	12097.125	12097.325	12097.898
3	51	2	1	104	1	2	2	14	1	2	1	1	0.72959944	14	12099.135	12099.735	12099.735	12099.935	12100.464
3	51	2	1	105	1	2	2	15	1	1	1	1	0.53748136	15	12101.744	12101.944	12101.944	12102.144	12102.482
3	51	2	1	106	1	2	2	16	3	2	1	1	0.58395185	16	12103.954	12104.554	12104.554	12104.754	12105.138
3	51	2	1	107	1	2	2	17	5	1	8	1	0.60445223	17	12106.567	12106.767	12106.767	12106.967	12107.371
3	51	2	1	108	1	2	2	18	2	2	1	1	0.5796521	18	12108.776	12109.376	12109.376	12109.576	12109.956
3	51	2	1	109	1	2	2	19	2	1	1	1	0.54640788	19	12111.386	12111.586	12111.586	12111.786	12112.132
3	51	2	1	110	1	2	2	20	3	1	1	1	0.55852367	20	12113.596	12113.796	12113.796	12113.996	12114.355
3	51	2	1	111	1	2	2	21	5	1	8	1	0.68658025	21	12115.806	12116.006	12116.006	12116.206	12116.693
3	51	2	1	112	1	2	2	22	4	1	8	1	0.66618925	22	12118.016	12118.216	12118.216	12118.416	12118.882
3	51	2	1	113	1	2	2	23	3	1	1	1	0.67192165	23	12120.226	12120.426	12120.426	12120.626	12121.098
3	51	2	1	114	1	2	2	24	4	2	8	1	0.75095789	24	12122.435	12123.035	12123.035	12123.235	12123.786
3	51	2	1	115	1	2	2	25	2	1	1	1	0.71735595	25	12125.046	12125.246	12125.246	12125.446	12125.963
3	51	2	1	116	1	2	2	26	4	1	8	1	0.60267581	26	12127.255	12127.455	12127.455	12127.655	12128.058
3	51	2	1	117	1	2	2	27	4	2	8	1	1.0350886	27	12129.465	12130.065	12130.065	12130.265	12131.1
3	51	2	1	118	1	2	2	28	1	2	1	1	0.61509675	28	12132.075	12132.675	12132.675	12132.875	12133.29
3	51	2	1	119	1	2	2	29	1	2	1	1	0.94986716	29	12134.686	12135.286	12135.286	12135.486	12136.236
3	51	2	1	120	1	2	2	30	5	1	8	1	0.95702877	30	12137.295	12137.495	12137.495	12137.695	12138.452
3	51	2	1	121	1	6	3	1	6	2	7	1	0.55592726	31	12161.172	12161.772	12161.772	12161.972	12162.328
3	51	2	1	122	1	6	3	2	6	2	7	1	0.50222383	32	12163.782	12164.382	12164.382	12164.582	12164.884
3	51	2	1	123	1	6	3	3	6	2	7	1	0.53557056	33	12166.392	12166.992	12166.992	12167.192	12167.528
3	51	2	1	124	1	6	3	4	5	1	6	1	1.4709838	34	12169.003	12169.203	12169.203	12169.403	12170.674
3	51	2	1	125	1	6	3	5	6	2	7	1	0.69089653	35	12171.213	12171.813	12171.813	12172.013	12172.504
3	51	2	1	126	1	6	3	6	3	1	4	1	0.80211865	36	12173.823	12174.023	12174.023	12174.223	12174.825
3	51	2	1	127	1	6	3	7	5	2	3	0	0.89124046	36	12176.033	12176.633	12176.633	12176.833	12177.524
3	51	2	1	128	1	6	3	8	6	1	7	1	1.5665637	37	12178.955	12179.155	12179.155	12179.355	12180.722
3	51	2	1	129	1	6	3	9	1	2	2	1	0.73844468	38	12181.166	12181.766	12181.766	12181.966	12182.504
3	51	2	1	130	1	6	3	10	4	1	4	0	1.3801945	38	12183.885	12184.085	12184.085	12184.285	12185.465
3	51	2	1	131	1	6	3	11	2	1	3	1	1.2516567	39	12186.4	12186.6	12186.6	12186.8	12187.851
3	51	2	1	132	1	6	3	12	2	2	3	1	0.62185628	40	12188.613	12189.213	12189.213	12189.413	12189.835
3	51	2	1	133	1	6	3	13	3	2	4	1	0.9605112	41	12191.224	12191.824	12191.824	12192.024	12192.785
3	51	2	1	134	1	6	3	14	1	2	2	1	1.0649169	42	12193.835	12194.435	12194.435	12194.635	12195.5
3	51	2	1	135	1	6	3	15	1	1	2	1	0.61172399	43	12196.446	12196.646	12196.646	12196.846	12197.258
3	51	2	1	136	1	6	3	16	3	2	4	1	0.98905623	44	12198.66	12199.26	12199.26	12199.46	12200.249
3	51	2	1	137	1	6	3	17	5	1	6	1	1.0658617	45	12201.271	12201.471	12201.471	12201.671	12202.537
3	51	2	1	138	1	6	3	18	2	2	3	1	1.3448931	46	12203.483	12204.083	12204.083	12204.283	12205.428
3	51	2	1	139	1	6	3	19	2	1	3	1	0.62644663	47	12206.093	12206.293	12206.293	12206.493	12206.92
3	51	2	1	140	1	6	3	20	3	1	4	1	0.84157913	48	12208.305	12208.505	12208.505	12208.705	12209.346
3	51	2	1	141	1	6	3	21	5	1	6	1	0.98787796	49	12210.516	12210.716	12210.716	12210.916	12211.704
3	51	2	1	142	1	6	3	22	4	1	5	1	0.93894635	50	12212.727	12212.927	12212.927	12213.127	12213.866
3	51	2	1	143	1	6	3	23	3	1	4	1	0.73352418	51	12214.939	12215.139	12215.139	12215.339	12215.873
3	51	2	1	144	1	6	3	24	4	2	5	1	0.87410773	52	12217.15	12217.75	12217.75	12217.95	12218.624
3	51	2	1	145	1	6	3	25	2	1	3	1	1.1672137	53	12219.762	12219.962	12219.962	12220.162	12221.129
3	51	2	1	146	1	6	3	26	4	1	2	0	0.81233221	53	12221.976	12222.176	12222.176	12222.376	12222.988
3	51	2	1	147	1	6	3	27	4	2	5	1	0.71589861	54	12224.493	12225.093	12225.093	12225.293	12225.809
3	51	2	1	148	1	6	3	28	1	2	2	1	0.82766	55	12227.104	12227.704	12227.704	12227.904	12228.532
3	51	2	1	149	1	6	3	29	1	2	2	1	0.64744421	56	12229.716	12230.316	12230.316	12230.516	12230.963
3	51	2	1	150	1	6	3	30	5	1	6	1	1.0588723	57	12232.327	12232.527	12232.527	12232.727	12233.586
3	51	2	1	151	1	2	3	1	5	2	8	1	0.51088902	1	12246.969	12247.569	12247.569	12247.769	12248.08
3	51	2	1	152	1	2	3	2	5	2	8	1	0.50260705	2	12249.581	12250.181	12250.181	12250.381	12250.684
3	51	2	1	153	1	2	3	3	2	2	1	1	0.58508385	3	12252.193	12252.793	12252.793	12252.993	12253.379
3	51	2	1	154	1	2	3	4	6	1	8	1	0.5889066	4	12254.805	12255.005	12255.005	12255.205	12255.594
3	51	2	1	155	1	2	3	5	4	2	8	1	0.75541156	5	12257.017	12257.617	12257.617	12257.817	12258.372
3	51	2	1	156	1	2	3	6	6	1	8	1	0.61208819	6	12259.628	12259.828	12259.828	12260.028	12260.44
3	51	2	1	157	1	2	3	7	6	2	8	1	0.61764332	7	12261.839	12262.439	12262.439	12262.639	12263.057
3	51	2	1	158	1	2	3	8	3	1	1	1	1.2320536	8	12264.451	12264.651	12264.651	12264.851	12265.883
3	51	2	1	159	1	2	3	9	6	2	8	1	0.86012915	9	12266.663	12267.263	12267.263	12267.463	12268.123
3	51	2	1	160	1	2	3	10	2	1	1	1	0.59875586	10	12269.275	12269.475	12269.475	12269.675	12270.074
3	51	2	1	161	1	2	3	11	4	1	8	1	0.64191073	11	12271.487	12271.687	12271.687	12271.887	12272.329
3	51	2	1	162	1	2	3	12	2	2	1	1	0.63881595	12	12273.699	12274.299	12274.299	12274.499	12274.938
3	51	2	1	163	1	2	3	13	3	2	1	1	0.92239467	13	12276.311	12276.911	12276.911	12277.111	12277.834
3	51	2	1	164	1	2	3	14	3	2	1	1	0.74959014	14	12278.923	12279.523	12279.523	12279.723	12280.273
3	51	2	1	165	1	2	3	15	1	1	1	1	0.61700022	15	12281.536	12281.736	12281.736	12281.936	12282.353
3	51	2	1	166	1	2	3	16	6	2	8	1	1.0443638	16	12283.748	12284.348	12284.348	12284.548	12285.393
3	51	2	1	167	1	2	3	17	4	1	8	1	0.61635598	17	12286.36	12286.56	12286.56	12286.76	12287.176
3	51	2	1	168	1	2	3	18	1	2	1	1	0.71817553	18	12288.572	12289.172	12289.172	12289.372	12289.891
3	51	2	1	169	1	2	3	19	2	1	1	1	0.77989413	19	12291.185	12291.385	12291.385	12291.585	12292.165
3	51	2	1	170	1	2	3	20	1	1	1	1	0.62916793	20	12293.397	12293.597	12293.597	12293.797	12294.226
3	51	2	1	171	1	2	3	21	2	1	3	1	2.0001525	21	12295.609	12295.809	12295.809	12296.009	12297.809
3	51	2	1	172	1	2	3	22	1	1	1	1	0.64649679	22	12297.825	12298.025	12298.026	12298.226	12298.672
3	51	2	1	173	1	2	3	23	3	1	1	1	0.60379194	23	12300.038	12300.238	12300.238	12300.438	12300.842
3	51	2	1	174	1	2	3	24	5	2	8	1	0.80025889	24	12302.25	12302.85	12302.85	12303.05	12303.651
3	51	2	1	175	1	2	3	25	4	1	8	1	0.84971422	25	12304.863	12305.063	12305.063	12305.263	12305.913
3	51	2	1	176	1	2	3	26	1	1	1	1	0.61582697	26	12307.076	12307.276	12307.276	12307.476	12307.892
3	51	2	1	177	1	2	3	27	4	2	8	1	0.74472882	27	12309.291	12309.891	12309.891	12310.091	12310.635
3	51	2	1	178	1	2	3	28	5	2	8	1	0.6822125	28	12311.903	12312.503	12312.503	12312.703	12313.186
3	51	2	1	179	1	2	3	29	5	2	8	1	0.71074124	29	12314.516	12315.116	12315.116	12315.316	12315.827
3	51	2	1	180	1	2	3	30	3	1	1	1	0.88752399	30	12317.128	12317.328	12317.328	12317.528	12318.216
3	51	2	1	181	2	6	4	1	5	2	6	1	1.0931215	31	12617.295	12617.895	12617.895	12618.095	12618.988
3	51	2	1	182	2	6	4	2	5	2	6	1	0.67640239	32	12619.908	12620.508	12620.508	12620.708	12621.184
3	51	2	1	183	2	6	4	3	2	2	3	1	1.7914068	33	12622.521	12623.121	12623.121	12623.321	12624.913
3	51	2	1	184	2	6	4	4	6	1	7	1	0.79445278	34	12625.134	12625.334	12625.334	12625.534	12626.129
3	51	2	1	185	2	6	4	5	4	2	5	1	1.3405703	35	12627.347	12627.947	12627.947	12628.147	12629.288
3	51	2	1	186	2	6	4	6	6	1	7	1	1.634176	36	12629.96	12630.16	12630.16	12630.36	12631.794
3	51	2	1	187	2	6	4	7	6	2	7	1	0.55072808	37	12632.174	12632.774	12632.774	12632.974	12633.325
3	51	2	1	188	2	6	4	8	3	1	4	1	1.0239254	38	12634.787	12634.987	12634.987	12635.187	12636.011
3	51	2	1	189	2	6	4	9	6	2	7	1	0.64837771	39	12637	12637.6	12637.6	12637.8	12638.248
3	51	2	1	190	2	6	4	10	2	1	3	1	1.363863	40	12639.612	12639.812	12639.813	12640.013	12641.176
3	51	2	1	191	2	6	4	11	4	1	5	1	0.86282979	41	12641.825	12642.025	12642.025	12642.225	12642.888
3	51	2	1	192	2	6	4	12	2	2	7	0	1.0011751	41	12644.038	12644.638	12644.638	12644.838	12645.64
3	51	2	1	193	2	6	4	13	3	2	4	1	1.1022965	42	12646.652	12647.252	12647.252	12647.452	12648.354
3	51	2	1	194	2	6	4	14	3	2	4	1	0.95888021	43	12649.264	12649.864	12649.864	12650.064	12650.823
3	51	2	1	195	2	6	4	15	1	1	2	1	1.2054182	44	12651.878	12652.078	12652.078	12652.278	12653.283
3	51	2	1	196	2	6	4	16	6	2	7	1	1.5580131	45	12654.091	12654.691	12654.691	12654.891	12656.249
3	51	2	1	197	2	6	4	17	4	1	5	1	0.95635984	46	12656.704	12656.904	12656.904	12657.104	12657.86
3	51	2	1	198	2	6	4	18	1	2	2	1	0.86808632	47	12658.917	12659.517	12659.517	12659.717	12660.385
3	51	2	1	199	2	6	4	19	2	1	3	1	1.9476497	48	12661.53	12661.73	12661.73	12661.93	12663.678
3	51	2	1	200	2	6	4	20	1	1	2	1	0.86556307	49	12663.752	12663.952	12663.952	12664.152	12664.817
3	51	2	1	201	2	6	4	21	2	1	3	1	0.98658255	50	12665.966	12666.166	12666.166	12666.366	12667.152
3	51	2	1	202	2	6	4	22	1	1	2	1	0.87697079	51	12668.18	12668.38	12668.38	12668.58	12669.257
3	51	2	1	203	2	6	4	23	3	1	4	1	0.72684239	52	12670.393	12670.593	12670.593	12670.793	12671.32
3	51	2	1	204	2	6	4	24	5	2	6	1	1.5471449	53	12672.607	12673.207	12673.207	12673.407	12674.754
3	51	2	1	205	2	6	4	25	4	1	5	1	1.373879	54	12675.22	12675.42	12675.42	12675.62	12676.794
3	51	2	1	206	2	6	4	26	1	1	2	1	0.94205009	55	12677.434	12677.634	12677.634	12677.834	12678.577
3	51	2	1	207	2	6	4	27	4	2	5	1	1.8463194	56	12679.652	12680.252	12680.252	12680.452	12682.099
3	51	2	1	208	2	6	4	28	5	2	6	1	0.86787263	57	12682.268	12682.868	12682.868	12683.068	12683.736
3	51	2	1	209	2	6	4	29	5	2	6	1	0.59361853	58	12684.881	12685.481	12685.481	12685.681	12686.075
3	51	2	1	210	2	6	4	30	3	1	4	1	0.89892645	59	12687.496	12687.696	12687.696	12687.896	12688.594
3	51	2	1	211	2	2	4	1	5	2	8	1	1.3183181	1	12717.774	12718.374	12718.374	12718.574	12719.692
3	51	2	1	212	2	2	4	2	5	2	8	1	0.5403292	2	12720.388	12720.988	12720.988	12721.188	12721.529
3	51	2	1	213	2	2	4	3	4	2	8	1	0.54131448	3	12723.003	12723.603	12723.603	12723.803	12724.144
3	51	2	1	214	2	2	4	4	2	1	1	1	0.58671717	4	12725.617	12725.817	12725.817	12726.017	12726.404
3	51	2	1	215	2	2	4	5	4	2	8	1	0.62135592	5	12727.831	12728.431	12728.431	12728.631	12729.052
3	51	2	1	216	2	2	4	6	3	1	1	1	0.61084428	6	12730.449	12730.649	12730.649	12730.849	12731.26
3	51	2	1	217	2	2	4	7	1	2	1	1	0.66677359	7	12732.663	12733.263	12733.263	12733.463	12733.93
3	51	2	1	218	2	2	4	8	3	1	1	1	0.66685681	8	12735.278	12735.478	12735.478	12735.678	12736.145
3	51	2	1	219	2	2	4	9	6	2	8	1	0.62087867	9	12737.492	12738.092	12738.092	12738.292	12738.713
3	51	2	1	220	2	2	4	10	5	1	8	1	0.48631772	10	12740.106	12740.306	12740.306	12740.506	12740.792
3	51	2	1	221	2	2	4	11	2	1	1	1	0.60413969	11	12742.32	12742.52	12742.52	12742.72	12743.124
3	51	2	1	222	2	2	4	12	1	2	1	1	0.56361384	12	12744.534	12745.134	12745.134	12745.334	12745.698
3	51	2	1	223	2	2	4	13	1	2	1	1	0.6113219	13	12747.148	12747.748	12747.748	12747.948	12748.36
3	51	2	1	224	2	2	4	14	4	2	8	1	0.80123592	14	12749.763	12750.363	12750.363	12750.563	12751.164
3	51	2	1	225	2	2	4	15	6	1	8	1	0.55391136	15	12752.377	12752.577	12752.577	12752.777	12753.131
3	51	2	1	226	2	2	4	16	1	2	1	1	0.6584705	16	12754.592	12755.192	12755.192	12755.392	12755.85
3	51	2	1	227	2	2	4	17	3	1	1	1	0.5056547	17	12757.207	12757.407	12757.407	12757.607	12757.913
3	51	2	1	228	2	2	4	18	2	2	1	1	0.75488446	18	12759.423	12760.023	12760.023	12760.223	12760.777
3	51	2	1	229	2	2	4	19	3	1	1	1	0.50740875	19	12762.037	12762.237	12762.237	12762.437	12762.744
3	51	2	1	230	2	2	4	20	4	1	8	1	0.72793181	20	12764.251	12764.451	12764.451	12764.651	12765.179
3	51	2	1	231	2	2	4	21	3	1	1	1	0.67421778	21	12766.466	12766.666	12766.666	12766.866	12767.34
3	51	2	1	232	2	2	4	22	1	1	1	1	0.60794203	22	12768.681	12768.881	12768.881	12769.081	12769.489
3	51	2	1	233	2	2	4	23	2	1	1	1	0.54427314	23	12770.896	12771.096	12771.096	12771.296	12771.641
3	51	2	1	234	2	2	4	24	6	2	8	1	0.47551919	24	12773.112	12773.712	12773.712	12773.912	12774.187
3	51	2	1	235	2	2	4	25	2	1	1	1	0.42140246	25	12775.727	12775.927	12775.927	12776.127	12776.348
3	51	2	1	236	2	2	4	26	4	1	8	1	0.48579991	26	12777.941	12778.141	12778.141	12778.341	12778.627
3	51	2	1	237	2	2	4	27	6	2	8	1	0.72988517	27	12780.16	12780.76	12780.76	12780.96	12781.489
3	51	2	1	238	2	2	4	28	6	2	8	1	0.58889768	28	12782.774	12783.374	12783.374	12783.574	12783.963
3	51	2	1	239	2	2	4	29	5	2	8	1	0.56341772	29	12785.389	12785.989	12785.989	12786.189	12786.553
3	51	2	1	240	2	2	4	30	5	1	8	1	0.57898282	30	12788.005	12788.205	12788.205	12788.405	12788.784
3	51	2	1	241	2	6	5	1	5	2	6	1	0.86880879	31	12818.292	12818.892	12818.892	12819.092	12819.761
3	51	2	1	242	2	6	5	2	5	2	6	1	0.5259953	32	12820.908	12821.508	12821.508	12821.708	12822.034
3	51	2	1	243	2	6	5	3	4	2	5	1	1.0768576	33	12823.524	12824.124	12824.124	12824.324	12825.201
3	51	2	1	244	2	6	5	4	2	1	6	0	1.2851601	33	12826.139	12826.339	12826.339	12826.539	12827.624
3	51	2	1	245	2	6	5	5	4	2	5	1	0.98244877	34	12828.355	12828.955	12828.955	12829.155	12829.938
3	51	2	1	246	2	6	5	6	3	1	4	1	0.73796802	35	12830.97	12831.17	12831.17	12831.37	12831.908
3	51	2	1	247	2	6	5	7	1	2	2	1	0.82437518	36	12833.186	12833.786	12833.786	12833.986	12834.61
3	51	2	1	248	2	6	5	8	3	1	4	1	0.75401193	37	12835.802	12836.002	12836.002	12836.202	12836.756
3	51	2	1	249	2	6	5	9	6	2	7	1	1.2487544	38	12838.017	12838.617	12838.617	12838.817	12839.866
3	51	2	1	250	2	6	5	10	5	1	6	1	0.86420583	39	12840.633	12840.833	12840.833	12841.033	12841.697
3	51	2	1	251	2	6	5	11	2	1	3	1	0.88964004	40	12842.849	12843.049	12843.049	12843.249	12843.939
3	51	2	1	252	2	6	5	12	1	2	2	1	0.74634003	41	12845.065	12845.665	12845.665	12845.865	12846.411
3	51	2	1	253	2	6	5	13	1	2	2	1	0.62790431	42	12847.68	12848.28	12848.28	12848.48	12848.908
3	51	2	1	254	2	6	5	14	4	2	6	0	0.92729864	42	12850.296	12850.896	12850.896	12851.096	12851.824
3	51	2	1	255	2	6	5	15	6	1	7	1	0.96031719	43	12852.912	12853.112	12853.112	12853.312	12854.072
3	51	2	1	256	2	6	5	16	1	2	2	1	0.76795509	44	12855.128	12855.728	12855.728	12855.928	12856.496
3	51	2	1	257	2	6	5	17	3	1	4	1	0.65543171	45	12857.748	12857.948	12857.948	12858.148	12858.604
3	51	2	1	258	2	6	5	18	2	2	3	1	1.1597305	46	12859.964	12860.564	12860.564	12860.764	12861.724
3	51	2	1	259	2	6	5	19	3	1	4	1	0.70774672	47	12862.582	12862.782	12862.782	12862.982	12863.489
3	51	2	1	260	2	6	5	20	4	1	5	1	1.5945765	48	12864.798	12864.999	12864.999	12865.199	12866.593
3	51	2	1	261	2	6	5	21	3	1	4	1	0.65319537	49	12867.015	12867.215	12867.215	12867.415	12867.869
3	51	2	1	262	2	6	5	22	1	1	2	1	0.79941607	50	12869.232	12869.432	12869.432	12869.632	12870.232
3	51	2	1	263	2	6	5	23	2	1	3	1	1.146564	51	12871.448	12871.648	12871.648	12871.848	12872.795
3	51	2	1	264	2	6	5	24	6	2	7	1	1.8806195	52	12873.667	12874.267	12874.267	12874.467	12876.148
3	51	2	1	265	2	6	5	25	2	1	3	1	1.1408998	53	12876.284	12876.484	12876.484	12876.684	12877.625
3	51	2	1	266	2	6	5	26	4	1	5	1	1.1114503	54	12878.501	12878.701	12878.701	12878.901	12879.812
3	51	2	1	267	2	6	5	27	6	2	7	1	0.78106971	55	12880.717	12881.317	12881.317	12881.517	12882.098
3	51	2	1	268	2	6	5	28	6	2	7	1	0.57905431	56	12883.334	12883.934	12883.934	12884.134	12884.513
3	51	2	1	269	2	6	5	29	5	2	6	1	1.9961316	57	12885.95	12886.55	12886.55	12886.75	12888.546
3	51	2	1	270	2	6	5	30	5	1	6	1	0.64932087	58	12888.568	12888.768	12888.768	12888.968	12889.417
3	51	2	1	271	2	2	5	1	4	2	8	1	0.97311362	1	12918.851	12919.451	12919.451	12919.651	12920.425
3	51	2	1	272	2	2	5	2	6	2	8	1	0.48459286	2	12921.468	12922.068	12922.068	12922.268	12922.553
3	51	2	1	273	2	2	5	3	1	2	1	1	0.71540627	3	12924.085	12924.685	12924.685	12924.885	12925.401
3	51	2	1	274	2	2	5	4	3	1	1	1	0.50875954	4	12926.702	12926.902	12926.902	12927.102	12927.411
3	51	2	1	275	2	2	5	5	2	2	1	1	0.75527583	5	12928.918	12929.518	12929.518	12929.718	12930.274
3	51	2	1	276	2	2	5	6	6	1	8	1	0.49678197	6	12931.536	12931.736	12931.736	12931.936	12932.232
3	51	2	1	277	2	2	5	7	5	2	8	1	0.81016739	7	12933.754	12934.354	12934.354	12934.554	12935.164
3	51	2	1	278	2	2	5	8	4	1	8	1	0.64632692	8	12936.371	12936.571	12936.571	12936.771	12937.218
3	51	2	1	279	2	2	5	9	3	2	1	1	0.78078815	9	12938.592	12939.192	12939.192	12939.392	12939.972
3	51	2	1	280	2	2	5	10	5	1	8	1	0.59991173	10	12941.209	12941.409	12941.409	12941.609	12942.009
3	51	2	1	281	2	2	5	11	4	1	8	1	0.57617829	11	12943.426	12943.626	12943.626	12943.826	12944.203
3	51	2	1	282	2	2	5	12	3	2	1	1	0.74329672	12	12945.644	12946.244	12946.244	12946.444	12946.987
3	51	2	1	283	2	2	5	13	6	2	8	1	0.88508893	13	12948.26	12948.86	12948.86	12949.06	12949.745
3	51	2	1	284	2	2	5	14	5	2	8	1	0.62002161	14	12950.877	12951.477	12951.477	12951.677	12952.097
3	51	2	1	285	2	2	5	15	6	1	8	1	0.63415809	15	12953.495	12953.695	12953.695	12953.895	12954.329
3	51	2	1	286	2	2	5	16	1	2	1	1	1.264342	16	12955.713	12956.313	12956.313	12956.513	12957.577
3	51	2	1	287	2	2	5	17	5	1	8	1	0.64733396	17	12958.329	12958.529	12958.529	12958.73	12959.177
3	51	2	1	288	2	2	5	18	2	2	1	1	0.8143203	18	12960.547	12961.147	12961.147	12961.347	12961.961
3	51	2	1	289	2	2	5	19	2	1	1	1	0.53940206	19	12963.166	12963.366	12963.366	12963.566	12963.905
3	51	2	1	290	2	2	5	20	4	1	8	1	0.69154131	20	12965.383	12965.583	12965.583	12965.783	12966.275
3	51	2	1	291	2	2	5	21	3	1	1	1	0.61019191	21	12967.599	12967.799	12967.799	12967.999	12968.409
3	51	2	1	292	2	2	5	22	2	1	1	1	1.2174333	22	12969.816	12970.016	12970.016	12970.216	12971.234
3	51	2	1	293	2	2	5	23	3	1	1	1	0.62583888	23	12972.035	12972.235	12972.235	12972.435	12972.86
3	51	2	1	294	2	2	5	24	1	2	1	1	0.6230039	24	12974.252	12974.852	12974.852	12975.052	12975.475
3	51	2	1	295	2	2	5	25	6	1	8	1	0.68640681	25	12976.87	12977.07	12977.07	12977.27	12977.756
3	51	2	1	296	2	2	5	26	1	1	1	1	1.4992354	26	12979.088	12979.288	12979.288	12979.488	12980.787
3	51	2	1	297	2	2	5	27	4	2	8	1	0.58480345	27	12981.305	12981.905	12981.905	12982.105	12982.49
3	51	2	1	298	2	2	5	28	2	2	1	1	0.64771098	28	12983.923	12984.523	12984.523	12984.723	12985.171
3	51	2	1	299	2	2	5	29	5	2	8	1	1.3556189	29	12986.541	12987.141	12987.141	12987.341	12988.496
3	51	2	1	300	2	2	5	30	1	1	1	1	0.94993445	30	12989.158	12989.358	12989.358	12989.558	12990.308
3	51	2	1	301	2	6	6	1	4	2	5	1	0.99902717	31	13019.44	13020.04	13020.04	13020.24	13021.039
3	51	2	1	302	2	6	6	2	6	2	7	1	0.94197343	32	13022.059	13022.659	13022.659	13022.859	13023.601
3	51	2	1	303	2	6	6	3	1	2	2	1	0.85466836	33	13024.678	13025.278	13025.278	13025.478	13026.132
3	51	2	1	304	2	6	6	4	3	1	4	1	0.81046574	34	13027.296	13027.496	13027.496	13027.696	13028.307
3	51	2	1	305	2	6	6	5	2	2	3	1	1.1508904	35	13029.515	13030.115	13030.115	13030.315	13031.265
3	51	2	1	306	2	6	6	6	6	1	7	1	1.6717529	36	13032.133	13032.333	13032.333	13032.533	13034.005
3	51	2	1	307	2	6	6	7	5	2	6	1	1.5044732	37	13034.351	13034.951	13034.951	13035.151	13036.455
3	51	2	1	308	2	6	6	8	4	1	5	1	1.2880952	38	13036.969	13037.169	13037.169	13037.369	13038.457
3	51	2	1	309	2	6	6	9	3	2	4	1	0.82809543	39	13039.19	13039.79	13039.79	13039.99	13040.618
3	51	2	1	310	2	6	6	10	5	1	6	1	1.1927207	40	13041.808	13042.008	13042.008	13042.208	13043.201
3	51	2	1	311	2	6	6	11	4	1	5	1	1.1356704	41	13044.027	13044.227	13044.227	13044.427	13045.362
3	51	2	1	312	2	6	6	12	3	2	4	1	0.90243873	42	13046.245	13046.845	13046.845	13047.045	13047.747
3	51	2	1	313	2	6	6	13	6	2	6	0	0.94789892	42	13048.863	13049.463	13049.463	13049.663	13050.411
3	51	2	1	314	2	6	6	14	5	2	6	1	1.0268694	43	13051.482	13052.082	13052.082	13052.282	13053.108
3	51	2	1	315	2	6	6	15	6	1	7	1	1.0898177	44	13054.103	13054.303	13054.303	13054.503	13055.393
3	51	2	1	316	2	6	6	16	1	2	2	1	1.6830046	45	13056.321	13056.921	13056.921	13057.121	13058.604
3	51	2	1	317	2	6	6	17	5	1	6	1	1.8689644	46	13058.942	13059.142	13059.142	13059.342	13061.011
3	51	2	1	318	2	6	6	18	2	2	3	1	1.7697354	47	13061.16	13061.76	13061.76	13061.96	13063.53
3	51	2	1	319	2	6	6	19	2	1	3	1	0.6726256	48	13063.78	13063.98	13063.98	13064.18	13064.652
3	51	2	1	320	2	6	6	20	4	1	5	1	1.477837	49	13065.998	13066.198	13066.198	13066.398	13067.676
3	51	2	1	321	2	6	6	21	3	1	4	1	0.88156699	50	13068.217	13068.417	13068.417	13068.617	13069.299
3	51	2	1	322	2	6	6	22	2	1	0	0	-13070.636	50	13070.436	13070.636	13070.636	13070.836	0
3	51	2	1	323	2	6	6	23	3	1	4	1	1.1364915	51	13072.656	13072.856	13072.856	13073.056	13073.993
3	51	2	1	324	2	6	6	24	1	2	2	1	1.1342107	52	13074.876	13075.476	13075.476	13075.676	13076.61
3	51	2	1	325	2	6	6	25	6	1	7	1	1.2269198	53	13077.496	13077.696	13077.696	13077.896	13078.923
3	51	2	1	326	2	6	6	26	1	1	2	1	1.1218399	54	13079.714	13079.914	13079.914	13080.114	13081.036
3	51	2	1	327	2	6	6	27	4	2	5	1	0.96524472	55	13081.933	13082.533	13082.533	13082.733	13083.498
3	51	2	1	328	2	6	6	28	2	2	3	1	1.2803996	56	13084.553	13085.153	13085.153	13085.353	13086.433
3	51	2	1	329	2	6	6	29	5	2	6	1	0.99669995	57	13087.172	13087.772	13087.772	13087.972	13088.769
3	51	2	1	330	2	6	6	30	1	1	2	1	0.930862	58	13089.791	13089.991	13089.991	13090.191	13090.922
3	51	2	1	331	2	2	6	1	3	2	1	1	0.70292077	1	13120.069	13120.669	13120.669	13120.869	13121.372
3	51	2	1	332	2	2	6	2	4	2	8	1	0.73528611	2	13122.689	13123.289	13123.289	13123.489	13124.025
3	51	2	1	333	2	2	6	3	6	2	8	1	0.75714825	3	13125.309	13125.909	13125.909	13126.109	13126.666
3	51	2	1	334	2	2	6	4	3	1	1	1	0.69804402	4	13127.928	13128.128	13128.128	13128.328	13128.826
3	51	2	1	335	2	2	6	5	3	2	8	0	0.78314672	4	13130.148	13130.748	13130.748	13130.948	13131.531
3	51	2	1	336	2	2	6	6	6	1	8	1	0.7168958	5	13132.768	13132.968	13132.968	13133.168	13133.684
3	51	2	1	337	2	2	6	7	2	2	1	1	0.93438601	6	13134.987	13135.587	13135.587	13135.787	13136.522
3	51	2	1	338	2	2	6	8	1	1	1	1	1.0195243	7	13137.607	13137.807	13137.807	13138.007	13138.826
3	51	2	1	339	2	2	6	9	1	2	1	1	0.97750012	8	13139.826	13140.426	13140.426	13140.626	13141.404
3	51	2	1	340	2	2	6	10	2	1	1	1	0.69161579	9	13142.446	13142.646	13142.646	13142.846	13143.338
3	51	2	1	341	2	2	6	11	4	1	8	1	1.2704922	10	13144.666	13144.866	13144.866	13145.066	13146.137
3	51	2	1	342	2	2	6	12	4	2	8	1	0.61955554	11	13146.886	13147.486	13147.486	13147.686	13148.105
3	51	2	1	343	2	2	6	13	1	2	1	1	0.74984453	12	13149.506	13150.106	13150.106	13150.306	13150.856
3	51	2	1	344	2	2	6	14	2	2	1	1	0.63735464	13	13152.127	13152.727	13152.727	13152.927	13153.364
3	51	2	1	345	2	2	6	15	5	1	8	1	1.1990072	14	13154.747	13154.947	13154.947	13155.147	13156.146
3	51	2	1	346	2	2	6	16	1	2	1	1	0.63205011	15	13156.964	13157.564	13157.564	13157.764	13158.196
3	51	2	1	347	2	2	6	17	5	1	8	1	1.2093884	16	13159.586	13159.786	13159.786	13159.986	13160.995
3	51	2	1	348	2	2	6	18	5	2	8	1	0.64884805	17	13161.806	13162.406	13162.406	13162.606	13163.055
3	51	2	1	349	2	2	6	19	6	1	8	1	0.81790513	18	13164.426	13164.626	13164.626	13164.826	13165.444
3	51	2	1	350	2	2	6	20	3	1	1	1	0.73203737	19	13166.646	13166.846	13166.846	13167.046	13167.578
3	51	2	1	351	2	2	6	21	5	1	8	1	0.64103974	20	13168.866	13169.066	13169.066	13169.266	13169.707
3	51	2	1	352	2	2	6	22	4	1	8	1	0.65226997	21	13171.086	13171.286	13171.286	13171.486	13171.938
3	51	2	1	353	2	2	6	23	6	1	8	1	0.56111507	22	13173.306	13173.506	13173.506	13173.706	13174.067
3	51	2	1	354	2	2	6	24	5	2	8	1	0.52400887	23	13175.527	13176.127	13176.127	13176.327	13176.651
3	51	2	1	355	2	2	6	25	2	1	6	0	0.82178541	23	13178.147	13178.347	13178.347	13178.547	13179.169
3	51	2	1	356	2	2	6	26	3	1	1	1	0.80918232	24	13180.371	13180.571	13180.571	13180.771	13181.38
3	51	2	1	357	2	2	6	27	4	2	8	1	0.88268213	25	13182.591	13183.191	13183.191	13183.391	13184.074
3	51	2	1	358	2	2	6	28	6	2	8	1	1.9520901	26	13185.212	13185.812	13185.812	13186.012	13187.764
3	51	2	1	359	2	2	6	29	2	2	1	1	0.72105294	27	13187.833	13188.433	13188.433	13188.633	13189.154
3	51	2	1	360	2	2	6	30	1	1	8	0	0.77377877	27	13190.453	13190.653	13190.653	13190.853	13191.427
3	51	2	1	361	3	6	7	1	3	2	4	1	0.73136108	28	14025.43	14026.03	14026.03	14026.23	14026.761
3	51	2	1	362	3	6	7	2	4	2	5	1	0.72020069	29	14028.05	14028.65	14028.65	14028.85	14029.371
3	51	2	1	363	3	6	7	3	6	2	7	1	1.3290374	30	14030.671	14031.271	14031.271	14031.471	14032.6
3	51	2	1	364	3	6	7	4	3	1	4	1	1.0947928	31	14033.292	14033.492	14033.492	14033.692	14034.587
3	51	2	1	365	3	6	7	5	3	2	4	1	0.71430302	32	14035.512	14036.112	14036.112	14036.312	14036.827
3	51	2	1	366	3	6	7	6	6	1	7	1	0.91506734	33	14038.134	14038.334	14038.334	14038.534	14039.249
3	51	2	1	367	3	6	7	7	2	2	3	1	0.9806195	34	14040.355	14040.955	14040.955	14041.155	14041.936
3	51	2	1	368	3	6	7	8	1	1	2	1	0.9307459	35	14042.976	14043.176	14043.176	14043.376	14044.107
3	51	2	1	369	3	6	7	9	1	2	2	1	0.59446633	36	14045.199	14045.799	14045.799	14045.999	14046.393
3	51	2	1	370	3	6	7	10	2	1	3	1	1.1720503	37	14047.82	14048.02	14048.02	14048.22	14049.192
3	51	2	1	371	3	6	7	11	4	1	5	1	0.8623772	38	14050.041	14050.241	14050.241	14050.441	14051.103
3	51	2	1	372	3	6	7	12	4	2	5	1	0.64275419	39	14052.262	14052.862	14052.862	14053.062	14053.505
3	51	2	1	373	3	6	7	13	1	2	2	1	0.6943141	40	14054.883	14055.483	14055.483	14055.683	14056.178
3	51	2	1	374	3	6	7	14	2	2	3	1	0.73593788	41	14057.504	14058.104	14058.104	14058.304	14058.84
3	51	2	1	375	3	6	7	15	5	1	6	1	1.267859	42	14060.126	14060.326	14060.326	14060.526	14061.594
3	51	2	1	376	3	6	7	16	1	2	2	1	1.3194728	43	14062.347	14062.947	14062.947	14063.147	14064.266
3	51	2	1	377	3	6	7	17	5	1	6	1	1.0238139	44	14064.968	14065.168	14065.168	14065.368	14066.191
3	51	2	1	378	3	6	7	18	5	2	6	1	0.6126691	45	14067.189	14067.789	14067.789	14067.989	14068.402
3	51	2	1	379	3	6	7	19	6	1	7	1	0.97040424	46	14069.81	14070.01	14070.01	14070.21	14070.98
3	51	2	1	380	3	6	7	20	3	1	4	1	0.85893856	47	14072.031	14072.231	14072.231	14072.431	14073.09
3	51	2	1	381	3	6	7	21	5	1	6	1	1.3901677	48	14074.252	14074.452	14074.452	14074.652	14075.842
3	51	2	1	382	3	6	7	22	4	1	5	1	1.84101	49	14076.474	14076.674	14076.674	14076.874	14078.515
3	51	2	1	383	3	6	7	23	6	1	7	1	1.3232946	50	14078.695	14078.895	14078.895	14079.095	14080.218
3	51	2	1	384	3	6	7	24	5	2	6	1	1.126363	51	14080.916	14081.516	14081.516	14081.716	14082.642
3	51	2	1	385	3	6	7	25	2	1	3	1	1.4501831	52	14083.537	14083.737	14083.737	14083.937	14085.187
3	51	2	1	386	3	6	7	26	3	1	4	1	1.0209667	53	14085.758	14085.958	14085.958	14086.158	14086.979
3	51	2	1	387	3	6	7	27	4	2	5	1	1.9120761	54	14087.98	14088.58	14088.58	14088.78	14090.492
3	51	2	1	388	3	6	7	28	6	2	7	1	1.2483519	55	14090.603	14091.203	14091.203	14091.403	14092.451
3	51	2	1	389	3	6	7	29	2	2	0	0	-14093.825	55	14093.225	14093.825	14093.825	14094.025	0
3	51	2	1	390	3	6	7	30	1	1	2	1	1.9997087	56	14095.846	14096.046	14096.046	14096.246	14098.046
3	51	2	1	391	3	2	7	1	4	2	8	1	0.97692135	1	14126.139	14126.739	14126.739	14126.939	14127.716
3	51	2	1	392	3	2	7	2	5	2	8	1	0.64225325	2	14128.761	14129.361	14129.361	14129.561	14130.003
3	51	2	1	393	3	2	7	3	2	2	1	1	0.48140948	3	14131.383	14131.983	14131.983	14132.183	14132.465
3	51	2	1	394	3	2	7	4	3	1	1	1	0.49878692	4	14134.005	14134.205	14134.205	14134.405	14134.704
3	51	2	1	395	3	2	7	5	3	2	1	1	0.56944652	5	14136.227	14136.827	14136.827	14137.027	14137.396
3	51	2	1	396	3	2	7	6	1	1	1	1	0.69463588	6	14138.849	14139.049	14139.049	14139.249	14139.743
3	51	2	1	397	3	2	7	7	3	2	1	1	0.98777503	7	14141.07	14141.67	14141.67	14141.87	14142.658
3	51	2	1	398	3	2	7	8	5	1	8	1	0.7814192	8	14143.694	14143.894	14143.894	14144.094	14144.676
3	51	2	1	399	3	2	7	9	6	2	8	1	0.93237488	9	14145.917	14146.517	14146.517	14146.717	14147.449
3	51	2	1	400	3	2	7	10	6	1	8	1	0.71371051	10	14148.538	14148.738	14148.738	14148.938	14149.452
3	51	2	1	401	3	2	7	11	1	1	1	1	1.1722826	11	14150.76	14150.96	14150.96	14151.16	14152.132
3	51	2	1	402	3	2	7	12	4	2	8	1	0.80578581	12	14152.981	14153.581	14153.581	14153.781	14154.387
3	51	2	1	403	3	2	7	13	2	2	1	1	1.817043	13	14155.603	14156.203	14156.203	14156.403	14158.02
3	51	2	1	404	3	2	7	14	1	2	1	1	0.73044427	14	14158.225	14158.825	14158.825	14159.025	14159.556
3	51	2	1	405	3	2	7	15	2	1	1	1	0.66812263	15	14160.847	14161.047	14161.047	14161.247	14161.715
3	51	2	1	406	3	2	7	16	3	2	1	1	0.57052313	16	14163.07	14163.67	14163.67	14163.87	14164.241
3	51	2	1	407	3	2	7	17	1	1	1	1	0.7573607	17	14165.692	14165.892	14165.892	14166.092	14166.649
3	51	2	1	408	3	2	7	18	5	2	0	0	-14168.514	17	14167.914	14168.514	14168.514	14168.714	0
3	51	2	1	409	3	2	7	19	5	1	8	1	1.7953942	18	14170.536	14170.736	14170.736	14170.936	14172.532
3	51	2	1	410	3	2	7	20	4	1	8	1	0.73789367	19	14172.759	14172.959	14172.959	14173.159	14173.697
3	51	2	1	411	3	2	7	21	6	1	8	1	0.53369298	20	14174.981	14175.181	14175.181	14175.381	14175.715
3	51	2	1	412	3	2	7	22	6	1	8	1	0.65532179	21	14177.204	14177.404	14177.404	14177.604	14178.059
3	51	2	1	413	3	2	7	23	6	1	8	1	0.64213975	22	14179.426	14179.626	14179.626	14179.826	14180.268
3	51	2	1	414	3	2	7	24	4	2	8	1	0.82037004	23	14181.648	14182.248	14182.248	14182.448	14183.068
3	51	2	1	415	3	2	7	25	5	1	8	1	0.81881368	24	14184.273	14184.473	14184.473	14184.673	14185.292
3	51	2	1	416	3	2	7	26	4	1	8	1	0.88407771	25	14186.496	14186.696	14186.696	14186.896	14187.58
3	51	2	1	417	3	2	7	27	2	2	1	1	1.2443385	26	14188.717	14189.317	14189.317	14189.517	14190.562
3	51	2	1	418	3	2	7	28	3	2	0	0	-14191.941	26	14191.341	14191.941	14191.941	14192.141	0
3	51	2	1	419	3	2	7	29	2	2	0	0	-14194.564	26	14193.964	14194.564	14194.564	14194.764	0
3	51	2	1	420	3	2	7	30	1	1	8	0	1.3366373	26	14196.587	14196.787	14196.787	14196.987	14198.123
3	51	2	1	421	3	6	8	1	4	2	5	1	1.8201796	27	14226.869	14227.469	14227.469	14227.669	14229.289
3	51	2	1	422	3	6	8	2	5	2	6	1	1.4625936	28	14229.492	14230.092	14230.092	14230.292	14231.555
3	51	2	1	423	3	6	8	3	2	2	3	1	1.9997175	29	14232.115	14232.715	14232.715	14232.915	14234.714
3	51	2	1	424	3	6	8	4	3	1	4	1	1.1799457	30	14234.74	14234.94	14234.94	14235.14	14236.12
3	51	2	1	425	3	6	8	5	3	2	4	1	0.68386983	31	14236.963	14237.563	14237.563	14237.763	14238.247
3	51	2	1	426	3	6	8	6	1	1	0	0	-14239.786	31	14239.586	14239.786	14239.786	14239.986	0
3	51	2	1	427	3	6	8	7	3	2	4	1	1.2228966	32	14241.809	14242.409	14242.409	14242.609	14243.632
3	51	2	1	428	3	6	8	8	5	1	7	0	1.1877303	32	14244.432	14244.632	14244.632	14244.832	14245.82
3	51	2	1	429	3	6	8	9	6	2	0	0	-14247.256	32	14246.656	14247.256	14247.256	14247.456	0
3	51	2	1	430	3	6	8	10	6	1	4	0	1.996899	32	14249.279	14249.479	14249.479	14249.679	14251.476
3	51	2	1	431	3	6	8	11	1	1	7	0	1.9475248	32	14251.501	14251.701	14251.701	14251.901	14253.649
3	51	2	1	432	3	6	8	12	4	2	0	0	-14254.33	32	14253.73	14254.33	14254.33	14254.53	0
3	51	2	1	433	3	6	8	13	2	2	0	0	-14256.953	32	14256.353	14256.953	14256.953	14257.153	0
3	51	2	1	434	3	6	8	14	1	2	2	1	1.0098903	33	14258.977	14259.577	14259.577	14259.777	14260.586
3	51	2	1	435	3	6	8	15	2	1	3	1	1.4030189	34	14261.6	14261.8	14261.8	14262	14263.203
3	51	2	1	436	3	6	8	16	3	2	4	1	0.78393939	35	14263.824	14264.424	14264.424	14264.624	14265.208
3	51	2	1	437	3	6	8	17	1	1	2	1	1.1226183	36	14266.448	14266.648	14266.648	14266.848	14267.77
3	51	2	1	438	3	6	8	18	5	2	6	1	1.3061298	37	14268.671	14269.271	14269.271	14269.471	14270.577
3	51	2	1	439	3	6	8	19	5	1	6	1	0.60185943	38	14271.298	14271.498	14271.498	14271.698	14272.099
3	51	2	1	440	3	6	8	20	4	1	0	0	-14273.722	38	14273.522	14273.722	14273.722	14273.922	0
3	51	2	1	441	3	6	8	21	6	1	7	1	1.5060119	39	14275.746	14275.946	14275.946	14276.146	14277.452
3	51	2	1	442	3	6	8	22	6	1	7	1	0.61404631	40	14277.97	14278.17	14278.17	14278.37	14278.784
3	51	2	1	443	3	6	8	23	6	1	4	0	1.8363535	40	14280.196	14280.396	14280.396	14280.596	14282.232
3	51	2	1	444	3	6	8	24	4	2	5	1	2.000474	41	14282.42	14283.02	14283.02	14283.22	14285.02
3	51	2	1	445	3	6	8	25	5	1	0	0	-14285.248	41	14285.048	14285.248	14285.248	14285.448	0
3	51	2	1	446	3	6	8	26	4	1	5	1	1.8889259	42	14287.272	14287.472	14287.472	14287.672	14289.361
3	51	2	1	447	3	6	8	27	2	2	3	1	1.6665558	43	14289.496	14290.096	14290.096	14290.296	14291.762
3	51	2	1	448	3	6	8	28	3	2	4	1	1.0745748	44	14292.119	14292.719	14292.719	14292.919	14293.794
3	51	2	1	449	3	6	8	29	2	2	4	0	0.92912713	44	14294.743	14295.343	14295.343	14295.543	14296.273
3	51	2	1	450	3	6	8	30	1	1	4	0	1.8650003	44	14297.368	14297.568	14297.568	14297.768	14299.433
3	51	2	1	451	3	2	8	1	5	2	8	1	1.7758101	1	14328.029	14328.629	14328.629	14328.829	14330.404
3	51	2	1	452	3	2	8	2	4	2	8	1	0.60913103	2	14330.654	14331.254	14331.254	14331.454	14331.864
3	51	2	1	453	3	2	8	3	2	2	1	1	1.9974697	3	14333.278	14333.878	14333.878	14334.078	14335.876
3	51	2	1	454	3	2	8	4	6	1	8	1	0.81083104	4	14335.903	14336.103	14336.103	14336.303	14336.914
3	51	2	1	455	3	2	8	5	1	2	1	1	1.5044071	5	14338.127	14338.727	14338.727	14338.927	14340.231
3	51	2	1	456	3	2	8	6	4	1	8	1	1.0502122	6	14340.751	14340.951	14340.951	14341.151	14342.001
3	51	2	1	457	3	2	8	7	1	2	0	0	-14343.576	6	14342.976	14343.576	14343.576	14343.776	0
3	51	2	1	458	3	2	8	8	6	1	1	0	1.3604973	6	14345.601	14345.801	14345.801	14346.001	14347.161
3	51	2	1	459	3	2	8	9	4	2	8	1	0.73923733	7	14347.829	14348.429	14348.429	14348.629	14349.168
3	51	2	1	460	3	2	8	10	3	1	8	0	1.0193927	7	14350.454	14350.654	14350.654	14350.854	14351.674
3	51	2	1	461	3	2	8	11	3	1	1	1	0.89114564	8	14352.68	14352.88	14352.88	14353.08	14353.771
3	51	2	1	462	3	2	8	12	5	2	8	1	0.92754311	9	14354.904	14355.504	14355.504	14355.704	14356.432
3	51	2	1	463	3	2	8	13	5	2	1	0	1.6310807	9	14357.529	14358.129	14358.129	14358.329	14359.76
3	51	2	1	464	3	2	8	14	1	2	0	0	-14360.754	9	14360.154	14360.754	14360.754	14360.954	0
3	51	2	1	465	3	2	8	15	1	1	0	0	-14362.979	9	14362.779	14362.979	14362.979	14363.179	0
3	51	2	1	466	3	2	8	16	2	2	0	0	-14365.603	9	14365.003	14365.603	14365.603	14365.803	0
3	51	2	1	467	3	2	8	17	1	1	1	1	0.77719301	10	14367.631	14367.831	14367.831	14368.031	14368.608
3	51	2	1	468	3	2	8	18	3	2	1	1	0.68371962	11	14369.856	14370.456	14370.456	14370.656	14371.139
3	51	2	1	469	3	2	8	19	5	1	0	0	-14372.681	11	14372.481	14372.681	14372.681	14372.881	0
3	51	2	1	470	3	2	8	20	4	1	0	0	-14374.906	11	14374.706	14374.906	14374.906	14375.106	0
3	51	2	1	471	3	2	8	21	6	1	8	1	1.3261365	12	14376.932	14377.132	14377.132	14377.332	14378.458
3	51	2	1	472	3	2	8	22	6	1	8	1	0.64376113	13	14379.157	14379.357	14379.357	14379.557	14380
3	51	2	1	473	3	2	8	23	5	1	8	1	1.0105907	14	14381.382	14381.582	14381.582	14381.782	14382.593
3	51	2	1	474	3	2	8	24	2	2	1	1	1.9562678	15	14383.608	14384.208	14384.208	14384.408	14386.164
3	51	2	1	475	3	2	8	25	2	1	0	0	-14386.436	15	14386.236	14386.436	14386.436	14386.636	0
3	51	2	1	476	3	2	8	26	3	1	8	0	1.7031866	15	14388.461	14388.661	14388.661	14388.861	14390.365
3	51	2	1	477	3	2	8	27	6	2	8	1	0.82640483	16	14390.686	14391.286	14391.286	14391.486	14392.113
3	51	2	1	478	3	2	8	28	4	2	8	1	0.73948087	17	14393.311	14393.911	14393.911	14394.111	14394.651
3	51	2	1	479	3	2	8	29	2	2	8	0	0.64755683	17	14395.936	14396.536	14396.536	14396.736	14397.184
3	51	2	1	480	3	2	8	30	3	1	1	1	0.63699838	18	14398.564	14398.764	14398.764	14398.964	14399.401
3	51	2	1	481	3	6	9	1	5	2	2	1	1.8047779	19	14428.838	14429.438	14429.438	14429.638	14431.243
3	51	2	1	482	3	6	9	2	4	2	0	0	-14432.063	19	14431.463	14432.063	14432.063	14432.263	0
3	51	2	1	483	3	6	9	3	2	2	3	1	1.8019353	20	14434.09	14434.69	14434.69	14434.89	14436.492
3	51	2	1	484	3	6	9	4	6	1	7	1	1.4845552	21	14436.716	14436.916	14436.916	14437.116	14438.4
3	51	2	1	485	3	6	9	5	1	2	2	1	0.9962837	22	14438.941	14439.541	14439.541	14439.741	14440.538
3	51	2	1	486	3	6	9	6	4	1	5	1	1.9636169	23	14441.566	14441.766	14441.766	14441.966	14443.73
3	51	2	1	487	3	6	9	7	1	2	2	1	0.83396951	24	14443.792	14444.392	14444.392	14444.592	14445.226
3	51	2	1	488	3	6	9	8	6	1	3	0	1.6233482	24	14446.418	14446.618	14446.618	14446.818	14448.241
3	51	2	1	489	3	6	9	9	4	2	5	1	1.8520353	25	14448.644	14449.244	14449.244	14449.444	14451.096
3	51	2	1	490	3	6	9	10	3	1	4	1	1.0307615	26	14451.269	14451.469	14451.469	14451.669	14452.5
3	51	2	1	491	3	6	9	11	3	1	4	1	0.86909351	27	14453.495	14453.695	14453.695	14453.895	14454.564
3	51	2	1	492	3	6	9	12	5	2	4	1	0.98367167	28	14455.721	14456.321	14456.321	14456.521	14457.305
3	51	2	1	493	3	6	9	13	5	2	0	0	-14458.947	28	14458.347	14458.947	14458.947	14459.147	0
3	51	2	1	494	3	6	9	14	1	2	2	1	1.2512939	29	14460.973	14461.573	14461.573	14461.773	14462.824
3	51	2	1	495	3	6	9	15	1	1	6	1	1.9979015	30	14463.599	14463.799	14463.799	14463.999	14465.797
3	51	2	1	496	3	6	9	16	2	2	2	0	1.4793703	30	14465.827	14466.427	14466.427	14466.627	14467.906
3	51	2	1	497	3	6	9	17	1	1	0	0	-14468.652	30	14468.452	14468.652	14468.652	14468.852	0
3	51	2	1	498	3	6	9	18	3	2	4	1	0.76436033	31	14470.678	14471.278	14471.278	14471.478	14472.043
3	51	2	1	499	3	6	9	19	5	1	6	1	0.95999856	32	14473.305	14473.505	14473.505	14473.705	14474.465
3	51	2	1	500	3	6	9	20	4	1	0	0	-14475.732	32	14475.532	14475.732	14475.732	14475.932	0
3	51	2	1	501	3	6	9	21	6	1	2	0	0.22674539	32	14477.759	14477.959	14477.959	14478.159	14478.185
3	51	2	1	502	3	6	9	22	6	1	4	0	1.9753852	32	14479.985	14480.185	14480.185	14480.385	14482.16
3	51	2	1	503	3	6	9	23	5	1	0	0	-14482.411	32	14482.211	14482.411	14482.411	14482.611	0
3	51	2	1	504	3	6	9	24	2	2	3	1	1.1417592	33	14484.438	14485.038	14485.038	14485.238	14486.18
3	51	2	1	505	3	6	9	25	2	1	3	1	0.8451282	34	14487.068	14487.268	14487.268	14487.468	14488.113
3	51	2	1	506	3	6	9	26	3	1	4	1	1.4368735	35	14489.295	14489.495	14489.495	14489.695	14490.932
3	51	2	1	507	3	6	9	27	6	2	3	0	1.64329	35	14491.522	14492.122	14492.122	14492.322	14493.765
3	51	2	1	508	3	6	9	28	4	2	2	0	1.3736317	35	14494.149	14494.749	14494.749	14494.949	14496.122
3	51	2	1	509	3	6	9	29	2	2	3	1	1.9880889	36	14496.775	14497.375	14497.375	14497.575	14499.363
3	51	2	1	510	3	6	9	30	3	1	4	1	1.1104263	37	14499.404	14499.604	14499.604	14499.804	14500.714
3	51	2	1	511	3	2	9	1	4	2	0	0	-14530.278	0	14529.678	14530.278	14530.278	14530.478	0
3	51	2	1	512	3	2	9	2	1	2	1	1	1.5202868	1	14532.306	14532.906	14532.906	14533.106	14534.427
3	51	2	1	513	3	2	9	3	1	2	1	1	0.74297379	2	14534.933	14535.533	14535.533	14535.733	14536.276
3	51	2	1	514	3	2	9	4	6	1	8	1	0.54498569	3	14537.56	14537.76	14537.76	14537.96	14538.305
3	51	2	1	515	3	2	9	5	3	2	1	1	0.64068275	4	14539.787	14540.387	14540.387	14540.587	14541.028
3	51	2	1	516	3	2	9	6	6	1	8	1	0.69186241	5	14542.414	14542.614	14542.614	14542.814	14543.306
3	51	2	1	517	3	2	9	7	4	2	8	1	0.59228985	6	14544.641	14545.241	14545.241	14545.441	14545.833
3	51	2	1	518	3	2	9	8	2	1	2	1	0.54794766	7	14547.268	14547.468	14547.468	14547.668	14548.016
3	51	2	1	519	3	2	9	9	3	2	1	1	0.59696337	8	14549.496	14550.096	14550.096	14550.296	14550.693
3	51	2	1	520	3	2	9	10	2	1	1	1	1.9981401	9	14552.123	14552.323	14552.323	14552.523	14554.321
3	51	2	1	521	3	2	9	11	1	1	1	1	0.83046312	10	14554.354	14554.554	14554.554	14554.754	14555.384
3	51	2	1	522	3	2	9	12	5	2	8	1	1.0853963	11	14556.581	14557.181	14557.181	14557.381	14558.267
3	51	2	1	523	3	2	9	13	5	2	8	1	0.59362287	12	14559.209	14559.809	14559.809	14560.009	14560.402
3	51	2	1	524	3	2	9	14	4	2	8	1	0.95882755	13	14561.836	14562.436	14562.436	14562.636	14563.395
3	51	2	1	525	3	2	9	15	3	1	8	0	0.90510984	13	14564.464	14564.664	14564.664	14564.864	14565.569
3	51	2	1	526	3	2	9	16	4	2	8	1	0.65616251	14	14566.691	14567.291	14567.291	14567.491	14567.947
3	51	2	1	527	3	2	9	17	5	1	8	1	0.57178452	15	14569.318	14569.518	14569.518	14569.718	14570.09
3	51	2	1	528	3	2	9	18	2	2	3	0	1.9988394	15	14571.547	14572.147	14572.147	14572.347	14574.146
3	51	2	1	529	3	2	9	19	6	1	8	1	1.0104207	16	14574.176	14574.376	14574.376	14574.576	14575.386
3	51	2	1	530	3	2	9	20	3	1	1	1	0.65394439	17	14576.404	14576.604	14576.604	14576.804	14577.258
3	51	2	1	531	3	2	9	21	5	1	8	1	1.0799096	18	14578.632	14578.832	14578.832	14579.032	14579.912
3	51	2	1	532	3	2	9	22	6	1	1	0	1.9571815	18	14580.86	14581.06	14581.06	14581.26	14583.017
3	51	2	1	533	3	2	9	23	1	1	1	1	1.0381989	19	14583.091	14583.291	14583.291	14583.491	14584.329
3	51	2	1	534	3	2	9	24	3	2	1	1	1.957056	20	14585.324	14585.924	14585.924	14586.124	14587.881
3	51	2	1	535	3	2	9	25	2	1	1	1	0.72164715	21	14587.951	14588.151	14588.151	14588.351	14588.872
3	51	2	1	536	3	2	9	26	1	1	1	1	1.4497969	22	14590.178	14590.378	14590.378	14590.578	14591.828
3	51	2	1	537	3	2	9	27	6	2	8	1	1.693338	23	14592.406	14593.006	14593.006	14593.206	14594.699
3	51	2	1	538	3	2	9	28	4	2	8	1	0.51817056	24	14595.034	14595.634	14595.634	14595.834	14596.153
3	51	2	1	539	3	2	9	29	5	2	8	1	0.91170124	25	14597.666	14598.266	14598.266	14598.466	14599.178
3	51	2	1	540	3	2	9	30	2	1	8	0	1.9984693	25	14600.294	14600.494	14600.494	14600.694	14602.493
3	51	2	1	541	4	6	10	1	4	2	5	1	0.90140021	26	15171.695	15172.295	15172.295	15172.495	15173.196
3	51	2	1	542	4	6	10	2	1	2	2	1	0.77274043	27	15174.324	15174.924	15174.924	15175.124	15175.696
3	51	2	1	543	4	6	10	3	1	2	2	1	0.68664134	28	15176.955	15177.555	15177.555	15177.755	15178.242
3	51	2	1	544	4	6	10	4	6	1	7	1	1.8958959	29	15179.584	15179.784	15179.784	15179.984	15181.68
3	51	2	1	545	4	6	10	5	3	2	4	1	0.89069194	30	15181.817	15182.417	15182.417	15182.617	15183.308
3	51	2	1	546	4	6	10	6	6	1	7	1	0.59611678	31	15184.446	15184.646	15184.646	15184.846	15185.242
3	51	2	1	547	4	6	10	7	4	2	5	1	1.1816431	32	15186.676	15187.276	15187.276	15187.476	15188.458
3	51	2	1	548	4	6	10	8	2	1	3	1	0.89995418	33	15189.304	15189.504	15189.504	15189.704	15190.404
3	51	2	1	549	4	6	10	9	3	2	4	1	0.9068595	34	15191.533	15192.133	15192.133	15192.333	15193.04
3	51	2	1	550	4	6	10	10	2	1	3	1	1.0567867	35	15194.161	15194.361	15194.361	15194.561	15195.418
3	51	2	1	551	4	6	10	11	1	1	2	1	0.72637536	36	15196.39	15196.59	15196.59	15196.79	15197.316
3	51	2	1	552	4	6	10	12	5	2	6	1	1.0812368	37	15198.618	15199.218	15199.218	15199.418	15200.299
3	51	2	1	553	4	6	10	13	5	2	6	1	0.71316239	38	15201.246	15201.846	15201.846	15202.046	15202.559
3	51	2	1	554	4	6	10	14	4	2	5	1	1.8952922	39	15203.874	15204.474	15204.474	15204.674	15206.369
3	51	2	1	555	4	6	10	15	3	1	4	1	0.75198562	40	15206.505	15206.705	15206.705	15206.905	15207.457
3	51	2	1	556	4	6	10	16	4	2	6	0	1.1364708	40	15208.736	15209.336	15209.336	15209.536	15210.472
3	51	2	1	557	4	6	10	17	5	1	6	1	1.3075541	41	15211.365	15211.565	15211.565	15211.765	15212.872
3	51	2	1	558	4	6	10	18	2	2	3	1	1.5534742	42	15213.593	15214.193	15214.193	15214.393	15215.747
3	51	2	1	559	4	6	10	19	6	1	7	1	1.1057591	43	15216.222	15216.422	15216.422	15216.622	15217.528
3	51	2	1	560	4	6	10	20	3	1	4	1	1.1893761	44	15218.451	15218.651	15218.651	15218.851	15219.84
3	51	2	1	561	4	6	10	21	5	1	6	1	1.4882774	45	15220.681	15220.881	15220.881	15221.081	15222.37
3	51	2	1	562	4	6	10	22	6	1	7	1	1.4137141	46	15222.911	15223.111	15223.111	15223.311	15224.524
3	51	2	1	563	4	6	10	23	1	1	2	1	1.1567195	47	15225.139	15225.34	15225.34	15225.54	15226.496
3	51	2	1	564	4	6	10	24	3	2	4	1	1.7317545	48	15227.369	15227.969	15227.969	15228.169	15229.701
3	51	2	1	565	4	6	10	25	2	1	3	1	1.4597977	49	15229.998	15230.198	15230.198	15230.398	15231.658
3	51	2	1	566	4	6	10	26	1	1	2	1	1.3031663	50	15232.226	15232.426	15232.426	15232.626	15233.729
3	51	2	1	567	4	6	10	27	6	2	0	0	-15235.055	50	15234.455	15235.055	15235.055	15235.255	0
3	51	2	1	568	4	6	10	28	4	2	5	1	1.1269694	51	15237.084	15237.684	15237.684	15237.884	15238.811
3	51	2	1	569	4	6	10	29	5	2	6	1	1.0877231	52	15239.713	15240.313	15240.313	15240.513	15241.401
3	51	2	1	570	4	6	10	30	2	1	3	1	1.3333787	53	15242.342	15242.542	15242.542	15242.742	15243.876
3	51	2	1	571	4	2	10	1	5	2	8	1	1.0733356	1	15272.635	15273.235	15273.235	15273.435	15274.308
3	51	2	1	572	4	2	10	2	4	2	8	1	0.60700554	2	15275.264	15275.864	15275.864	15276.064	15276.471
3	51	2	1	573	4	2	10	3	6	2	8	1	0.42211024	3	15277.894	15278.494	15278.494	15278.694	15278.916
3	51	2	1	574	4	2	10	4	1	1	1	1	0.42059862	4	15280.523	15280.723	15280.723	15280.923	15281.143
3	51	2	1	575	4	2	10	5	3	2	1	1	0.44515726	5	15282.756	15283.356	15283.356	15283.556	15283.802
3	51	2	1	576	4	2	10	6	3	1	1	1	0.5734161	6	15285.388	15285.588	15285.588	15285.788	15286.162
3	51	2	1	577	4	2	10	7	3	2	1	1	0.60485187	7	15287.623	15288.223	15288.223	15288.423	15288.827
3	51	2	1	578	4	2	10	8	4	1	8	1	0.52389892	8	15290.252	15290.452	15290.452	15290.652	15290.976
3	51	2	1	579	4	2	10	9	2	2	1	1	0.54332889	9	15292.482	15293.082	15293.082	15293.282	15293.625
3	51	2	1	580	4	2	10	10	6	1	8	1	0.99498805	10	15295.111	15295.311	15295.311	15295.511	15296.306
3	51	2	1	581	4	2	10	11	2	1	1	1	0.90130665	11	15297.341	15297.541	15297.541	15297.741	15298.442
3	51	2	1	582	4	2	10	12	5	2	8	1	0.55117506	12	15299.571	15300.171	15300.171	15300.371	15300.722
3	51	2	1	583	4	2	10	13	2	2	1	1	0.663359	13	15302.201	15302.801	15302.801	15303.001	15303.464
3	51	2	1	584	4	2	10	14	3	2	1	1	0.52038651	14	15304.832	15305.432	15305.432	15305.632	15305.952
3	51	2	1	585	4	2	10	15	5	1	8	1	1.1083197	15	15307.464	15307.664	15307.664	15307.864	15308.772
3	51	2	1	586	4	2	10	16	2	2	1	1	0.55425262	16	15309.695	15310.295	15310.295	15310.495	15310.849
3	51	2	1	587	4	2	10	17	5	1	8	1	0.63084194	17	15312.324	15312.524	15312.524	15312.724	15313.155
3	51	2	1	588	4	2	10	18	3	2	1	1	0.72784092	18	15314.554	15315.154	15315.154	15315.354	15315.882
3	51	2	1	589	4	2	10	19	6	1	8	1	0.67372585	19	15317.184	15317.384	15317.384	15317.584	15318.058
3	51	2	1	590	4	2	10	20	6	1	8	1	0.66680558	20	15319.414	15319.614	15319.614	15319.814	15320.28
3	51	2	1	591	4	2	10	21	4	1	8	1	0.59628971	21	15321.644	15321.844	15321.844	15322.044	15322.44
3	51	2	1	592	4	2	10	22	1	1	1	1	0.4342966	22	15323.874	15324.074	15324.074	15324.274	15324.508
3	51	2	1	593	4	2	10	23	1	1	1	1	0.83431645	23	15326.104	15326.304	15326.304	15326.504	15327.138
3	51	2	1	594	4	2	10	24	4	2	8	1	0.56203327	24	15328.334	15328.934	15328.934	15329.134	15329.496
3	51	2	1	595	4	2	10	25	4	1	3	1	1.9330979	25	15330.964	15331.164	15331.164	15331.364	15333.098
3	51	2	1	596	4	2	10	26	1	1	1	1	0.65650588	26	15333.195	15333.395	15333.395	15333.595	15334.052
3	51	2	1	597	4	2	10	27	5	2	8	1	0.44555035	27	15335.426	15336.026	15336.026	15336.226	15336.471
3	51	2	1	598	4	2	10	28	2	2	1	1	0.58372975	28	15338.056	15338.656	15338.656	15338.856	15339.24
3	51	2	1	599	4	2	10	29	6	2	8	1	0.57519454	29	15340.69	15341.29	15341.29	15341.49	15341.865
3	51	2	1	600	4	2	10	30	1	1	1	1	0.49754938	30	15343.32	15343.52	15343.52	15343.72	15344.018
3	51	2	1	601	4	6	11	1	5	2	6	1	0.94718106	31	15373.604	15374.204	15374.204	15374.404	15375.152
3	51	2	1	602	4	6	11	2	4	2	5	1	1.4446408	32	15376.236	15376.836	15376.836	15377.036	15378.28
3	51	2	1	603	4	6	11	3	6	2	7	1	1.1473498	33	15378.867	15379.467	15379.467	15379.667	15380.615
3	51	2	1	604	4	6	11	4	1	1	2	1	0.8248088	34	15381.505	15381.705	15381.705	15381.905	15382.529
3	51	2	1	605	4	6	11	5	3	2	4	1	0.80503696	35	15383.735	15384.335	15384.335	15384.535	15385.14
3	51	2	1	606	4	6	11	6	3	1	4	1	0.64706636	36	15386.369	15386.569	15386.569	15386.769	15387.216
3	51	2	1	607	4	6	11	7	3	2	4	1	0.52943228	37	15388.601	15389.201	15389.201	15389.401	15389.73
3	51	2	1	608	4	6	11	8	4	1	5	1	1.4199803	38	15391.232	15391.432	15391.432	15391.632	15392.852
3	51	2	1	609	4	6	11	9	2	2	3	1	1.1637336	39	15393.463	15394.063	15394.063	15394.263	15395.226
3	51	2	1	610	4	6	11	10	6	1	7	1	0.96260864	40	15396.093	15396.293	15396.293	15396.493	15397.256
3	51	2	1	611	4	6	11	11	2	1	3	1	0.62034627	41	15398.326	15398.526	15398.526	15398.726	15399.146
3	51	2	1	612	4	6	11	12	5	2	6	1	0.86312876	42	15400.557	15401.157	15401.157	15401.357	15402.02
3	51	2	1	613	4	6	11	13	2	2	3	1	1.1178258	43	15403.188	15403.788	15403.788	15403.988	15404.906
3	51	2	1	614	4	6	11	14	3	2	4	1	0.62102868	44	15405.82	15406.42	15406.42	15406.62	15407.041
3	51	2	1	615	4	6	11	15	5	1	6	1	0.84118722	45	15408.451	15408.651	15408.651	15408.851	15409.492
3	51	2	1	616	4	6	11	16	2	2	4	0	0.67510735	45	15410.686	15411.286	15411.286	15411.486	15411.961
3	51	2	1	617	4	6	11	17	5	1	6	1	0.93353029	46	15413.317	15413.517	15413.517	15413.717	15414.451
3	51	2	1	618	4	6	11	18	3	2	4	1	0.75622299	47	15415.547	15416.147	15416.147	15416.347	15416.904
3	51	2	1	619	4	6	11	19	6	1	7	1	1.0448849	48	15418.178	15418.378	15418.379	15418.579	15419.423
3	51	2	1	620	4	6	11	20	6	1	7	1	0.69530274	49	15420.41	15420.61	15420.61	15420.81	15421.305
3	51	2	1	621	4	6	11	21	4	1	5	1	1.7629693	50	15422.641	15422.841	15422.841	15423.041	15424.604
3	51	2	1	622	4	6	11	22	1	1	2	1	0.81189869	51	15424.875	15425.075	15425.075	15425.275	15425.887
3	51	2	1	623	4	6	11	23	1	1	2	1	0.64730003	52	15427.106	15427.306	15427.306	15427.506	15427.953
3	51	2	1	624	4	6	11	24	4	2	5	1	1.4638268	53	15429.337	15429.937	15429.937	15430.137	15431.401
3	51	2	1	625	4	6	11	25	4	1	5	1	0.6707904	54	15431.968	15432.168	15432.168	15432.368	15432.839
3	51	2	1	626	4	6	11	26	1	1	5	0	1.9865351	54	15434.199	15434.4	15434.4	15434.6	15436.386
3	51	2	1	627	4	6	11	27	5	2	6	1	0.94600955	55	15436.431	15437.031	15437.031	15437.231	15437.977
3	51	2	1	628	4	6	11	28	2	2	3	1	0.94709385	56	15439.062	15439.662	15439.662	15439.862	15440.61
3	51	2	1	629	4	6	11	29	6	2	7	1	1.9977325	57	15441.694	15442.294	15442.294	15442.494	15444.292
3	51	2	1	630	4	6	11	30	1	1	2	1	1.20284	58	15444.326	15444.526	15444.526	15444.726	15445.729
3	51	2	1	631	4	2	11	1	6	2	8	1	0.5460116	1	15474.624	15475.224	15475.224	15475.424	15475.77
3	51	2	1	632	4	2	11	2	6	2	8	1	0.57862204	2	15477.256	15477.856	15477.856	15478.056	15478.434
3	51	2	1	633	4	2	11	3	4	2	8	1	0.39386804	3	15479.887	15480.487	15480.487	15480.687	15480.881
3	51	2	1	634	4	2	11	4	5	1	8	1	0.38104116	4	15482.519	15482.719	15482.719	15482.919	15483.1
3	51	2	1	635	4	2	11	5	5	2	8	1	0.57022533	5	15484.751	15485.351	15485.351	15485.551	15485.921
3	51	2	1	636	4	2	11	6	4	1	8	1	0.44441292	6	15487.383	15487.583	15487.583	15487.783	15488.027
3	51	2	1	637	4	2	11	7	1	2	1	1	0.57026126	7	15489.615	15490.215	15490.215	15490.415	15490.785
3	51	2	1	638	4	2	11	8	4	1	8	1	0.58507692	8	15492.247	15492.447	15492.447	15492.647	15493.032
3	51	2	1	639	4	2	11	9	2	2	1	1	0.53233796	9	15494.48	15495.08	15495.08	15495.28	15495.613
3	51	2	1	640	4	2	11	10	2	1	1	1	0.43137671	10	15497.112	15497.312	15497.312	15497.512	15497.743
3	51	2	1	641	4	2	11	11	6	1	8	1	0.71419251	11	15499.344	15499.544	15499.544	15499.744	15500.258
3	51	2	1	642	4	2	11	12	3	2	1	1	0.53867542	12	15501.576	15502.176	15502.176	15502.376	15502.715
3	51	2	1	643	4	2	11	13	2	2	1	1	0.6483175	13	15504.209	15504.809	15504.809	15505.009	15505.457
3	51	2	1	644	4	2	11	14	5	2	8	1	0.54523549	14	15506.841	15507.441	15507.441	15507.641	15507.986
3	51	2	1	645	4	2	11	15	3	1	1	1	0.67907931	15	15509.474	15509.674	15509.674	15509.874	15510.353
3	51	2	1	646	4	2	11	16	1	2	1	1	0.69425865	16	15511.706	15512.306	15512.306	15512.506	15513
3	51	2	1	647	4	2	11	17	2	1	1	1	0.5470241	17	15514.341	15514.541	15514.541	15514.742	15515.089
3	51	2	1	648	4	2	11	18	1	2	1	1	0.59044616	18	15516.574	15517.174	15517.174	15517.374	15517.764
3	51	2	1	649	4	2	11	19	4	1	8	1	0.67441127	19	15519.207	15519.407	15519.407	15519.607	15520.081
3	51	2	1	650	4	2	11	20	3	1	1	1	0.95006971	20	15521.443	15521.643	15521.643	15521.843	15522.593
3	51	2	1	651	4	2	11	21	1	1	1	1	1.2293187	21	15523.675	15523.875	15523.875	15524.075	15525.105
3	51	2	1	652	4	2	11	22	4	1	8	1	0.99954177	22	15525.908	15526.108	15526.108	15526.308	15527.107
3	51	2	1	653	4	2	11	23	6	1	8	1	0.47579038	23	15528.14	15528.34	15528.34	15528.54	15528.816
3	51	2	1	654	4	2	11	24	6	2	8	1	0.64281445	24	15530.373	15530.973	15530.973	15531.173	15531.616
3	51	2	1	655	4	2	11	25	2	1	8	0	0.77800325	24	15533.006	15533.206	15533.206	15533.406	15533.984
3	51	2	1	656	4	2	11	26	3	1	1	1	0.55280872	25	15535.24	15535.44	15535.44	15535.64	15535.992
3	51	2	1	657	4	2	11	27	5	2	0	0	-15538.073	25	15537.473	15538.073	15538.073	15538.273	0
3	51	2	1	658	4	2	11	28	1	2	1	1	0.62387682	26	15540.105	15540.705	15540.705	15540.905	15541.329
3	51	2	1	659	4	2	11	29	5	2	8	1	0.56284874	27	15542.742	15543.342	15543.342	15543.542	15543.905
3	51	2	1	660	4	2	11	30	3	1	1	1	0.76115462	28	15545.375	15545.575	15545.575	15545.775	15546.336
3	51	2	1	661	4	6	12	1	6	2	7	1	1.231501	29	15575.754	15576.354	15576.354	15576.554	15577.586
3	51	2	1	662	4	6	12	2	6	2	7	1	0.57475281	30	15578.387	15578.987	15578.987	15579.187	15579.562
3	51	2	1	663	4	6	12	3	4	2	5	1	1.0407963	31	15581.023	15581.623	15581.623	15581.823	15582.664
3	51	2	1	664	4	6	12	4	5	1	6	1	0.9768866	32	15583.657	15583.857	15583.857	15584.057	15584.834
3	51	2	1	665	4	6	12	5	5	2	6	1	0.60772786	33	15585.897	15586.497	15586.497	15586.697	15587.105
3	51	2	1	666	4	6	12	6	4	1	5	1	1.2365653	34	15588.53	15588.73	15588.73	15588.93	15589.966
3	51	2	1	667	4	6	12	7	1	2	2	1	1.1419005	35	15590.763	15591.363	15591.363	15591.563	15592.505
3	51	2	1	668	4	6	12	8	4	1	5	1	1.4003187	36	15593.396	15593.596	15593.596	15593.796	15594.997
3	51	2	1	669	4	6	12	9	2	2	7	0	1.3824603	36	15595.629	15596.229	15596.229	15596.429	15597.612
3	51	2	1	670	4	6	12	10	2	1	3	1	0.89077969	37	15598.263	15598.463	15598.463	15598.663	15599.353
3	51	2	1	671	4	6	12	11	6	1	7	1	0.76150354	38	15600.496	15600.696	15600.696	15600.896	15601.457
3	51	2	1	672	4	6	12	12	3	2	4	1	0.92376143	39	15602.732	15603.332	15603.332	15603.532	15604.256
3	51	2	1	673	4	6	12	13	2	2	3	1	1.3390041	40	15605.365	15605.965	15605.965	15606.165	15607.304
3	51	2	1	674	4	6	12	14	5	2	6	1	0.88204257	41	15607.999	15608.599	15608.599	15608.799	15609.481
3	51	2	1	675	4	6	12	15	3	1	4	1	1.3179617	42	15610.635	15610.835	15610.835	15611.035	15612.153
3	51	2	1	676	4	6	12	16	1	2	2	1	0.72682806	43	15612.868	15613.468	15613.468	15613.668	15614.194
3	51	2	1	677	4	6	12	17	2	1	3	1	1.2917175	44	15615.501	15615.701	15615.701	15615.901	15616.993
3	51	2	1	678	4	6	12	18	1	2	2	1	1.1759629	45	15617.736	15618.336	15618.336	15618.536	15619.512
3	51	2	1	679	4	6	12	19	4	1	5	1	1.6640397	46	15620.37	15620.57	15620.57	15620.77	15622.234
3	51	2	1	680	4	6	12	20	3	1	4	1	1.2760993	47	15622.605	15622.805	15622.805	15623.005	15624.081
3	51	2	1	681	4	6	12	21	1	1	2	1	1.9966363	48	15624.839	15625.039	15625.039	15625.239	15627.035
3	51	2	1	682	4	6	12	22	4	1	5	1	2.0000919	49	15627.075	15627.275	15627.275	15627.475	15629.275
3	51	2	1	683	4	6	12	23	6	1	7	1	1.0603703	50	15629.32	15629.52	15629.52	15629.72	15630.58
3	51	2	1	684	4	6	12	24	6	2	7	1	0.61445131	51	15631.555	15632.155	15632.155	15632.355	15632.769
3	51	2	1	685	4	6	12	25	2	1	3	1	0.61307926	52	15634.189	15634.389	15634.389	15634.589	15635.002
3	51	2	1	686	4	6	12	26	3	1	2	0	0.96623322	52	15636.422	15636.622	15636.622	15636.822	15637.588
3	51	2	1	687	4	6	12	27	5	2	6	1	1.0675502	53	15638.656	15639.256	15639.256	15639.456	15640.324
3	51	2	1	688	4	6	12	28	1	2	2	1	1.6964628	54	15641.29	15641.89	15641.89	15642.09	15643.587
3	51	2	1	689	4	6	12	29	5	2	5	0	2.0005752	54	15643.924	15644.524	15644.524	15644.724	15646.525
3	51	2	1	690	4	6	12	30	3	1	4	1	0.93389606	55	15646.562	15646.762	15646.762	15646.962	15647.696
3	51	2	1	691	4	2	12	1	3	2	8	0	1.0767167	0	15676.854	15677.454	15677.454	15677.654	15678.531
3	51	2	1	692	4	2	12	2	1	2	1	1	0.88709775	1	15679.489	15680.089	15680.089	15680.289	15680.976
3	51	2	1	693	4	2	12	3	3	2	1	1	0.42907444	2	15682.127	15682.727	15682.727	15682.927	15683.156
3	51	2	1	694	4	2	12	4	1	1	1	1	0.44046475	3	15684.764	15684.964	15684.964	15685.164	15685.404
3	51	2	1	695	4	2	12	5	6	2	8	1	0.68357174	4	15686.998	15687.598	15687.599	15687.799	15688.282
3	51	2	1	696	4	2	12	6	1	1	1	1	0.5592252	5	15689.633	15689.833	15689.833	15690.033	15690.392
3	51	2	1	697	4	2	12	7	3	2	1	1	0.47786556	6	15691.867	15692.467	15692.467	15692.667	15692.945
3	51	2	1	698	4	2	12	8	6	1	8	1	0.48447326	7	15694.502	15694.702	15694.702	15694.902	15695.187
3	51	2	1	699	4	2	12	9	4	2	8	1	0.72273998	8	15696.737	15697.337	15697.337	15697.537	15698.06
3	51	2	1	700	4	2	12	10	1	1	1	1	0.53303727	9	15699.372	15699.572	15699.572	15699.772	15700.105
3	51	2	1	701	4	2	12	11	5	1	8	1	0.71021126	10	15701.606	15701.806	15701.806	15702.006	15702.516
3	51	2	1	702	4	2	12	12	6	2	8	1	0.64183963	11	15703.841	15704.441	15704.441	15704.641	15705.083
3	51	2	1	703	4	2	12	13	5	2	8	1	0.68779916	12	15706.475	15707.075	15707.075	15707.275	15707.763
3	51	2	1	704	4	2	12	14	5	2	1	0	0.56377496	12	15709.11	15709.71	15709.71	15709.91	15710.274
3	51	2	1	705	4	2	12	15	6	1	8	1	0.80128494	13	15711.746	15711.946	15711.946	15712.146	15712.747
3	51	2	1	706	4	2	12	16	6	2	8	1	0.50084165	14	15713.98	15714.58	15714.58	15714.78	15715.08
3	51	2	1	707	4	2	12	17	1	1	1	1	1.146348	15	15716.614	15716.814	15716.814	15717.014	15717.96
3	51	2	1	708	4	2	12	18	2	2	8	0	0.69187275	15	15718.848	15719.448	15719.448	15719.648	15720.14
3	51	2	1	709	4	2	12	19	3	1	1	1	0.60770884	16	15721.483	15721.683	15721.683	15721.883	15722.291
3	51	2	1	710	4	2	12	20	4	1	8	1	0.6614987	17	15723.718	15723.918	15723.918	15724.118	15724.58
3	51	2	1	711	4	2	12	21	5	1	8	1	0.5835643	18	15725.953	15726.153	15726.153	15726.353	15726.736
3	51	2	1	712	4	2	12	22	2	1	1	1	0.6750256	19	15728.19	15728.39	15728.39	15728.59	15729.065
3	51	2	1	713	4	2	12	23	2	1	1	1	0.54036736	20	15730.424	15730.624	15730.624	15730.824	15731.165
3	51	2	1	714	4	2	12	24	5	2	8	1	0.58365473	21	15732.66	15733.26	15733.26	15733.46	15733.844
3	51	2	1	715	4	2	12	25	2	1	1	1	0.57787963	22	15735.295	15735.495	15735.495	15735.695	15736.073
3	51	2	1	716	4	2	12	26	2	1	1	1	0.40665473	23	15737.53	15737.73	15737.73	15737.93	15738.137
3	51	2	1	717	4	2	12	27	4	2	8	1	0.47547932	24	15739.765	15740.365	15740.365	15740.565	15740.841
3	51	2	1	718	4	2	12	28	3	2	1	1	0.49830928	25	15742.4	15743	15743	15743.2	15743.499
3	51	2	1	719	4	2	12	29	4	2	8	1	1.0128659	26	15745.035	15745.635	15745.635	15745.835	15746.648
3	51	2	1	720	4	2	12	30	4	1	8	1	0.60481703	27	15747.67	15747.87	15747.87	15748.07	15748.475
