48	65	220	255	36	30	151	119	0	0	0	0	0	0	0	0	0	0	0	0
1	10	2	2	1	1	2	1	1	4	1	8	1	0.43900737	1	15280.121	15280.321	15280.321	15280.521	15280.76
1	10	2	2	2	1	2	1	2	1	1	1	1	0.63914485	2	15282.339	15282.539	15282.539	15282.739	15283.178
1	10	2	2	3	1	2	1	3	5	1	8	1	0.4609053	3	15284.549	15284.749	15284.749	15284.949	15285.21
1	10	2	2	4	1	2	1	4	4	1	8	1	0.46829804	4	15286.757	15286.957	15286.957	15287.157	15287.425
1	10	2	2	5	1	2	1	5	1	1	1	1	0.53255489	5	15288.964	15289.164	15289.164	15289.364	15289.697
1	10	2	2	6	1	2	1	6	3	2	1	1	0.42081239	6	15291.172	15291.772	15291.772	15291.972	15292.193
1	10	2	2	7	1	2	1	7	3	2	1	1	0.45435181	7	15293.779	15294.379	15294.379	15294.579	15294.833
1	10	2	2	8	1	2	1	8	2	2	1	1	0.40073723	8	15296.385	15296.985	15296.985	15297.185	15297.386
1	10	2	2	9	1	2	1	9	4	2	8	1	0.48225924	9	15298.992	15299.592	15299.592	15299.792	15300.074
1	10	2	2	10	1	2	1	10	6	1	8	1	0.50574718	10	15301.598	15301.798	15301.798	15301.998	15302.304
1	10	2	2	11	1	2	1	11	4	2	8	1	0.46724353	11	15303.806	15304.406	15304.406	15304.606	15304.874
1	10	2	2	12	1	2	1	12	1	1	1	1	0.48309963	12	15306.413	15306.613	15306.613	15306.813	15307.096
1	10	2	2	13	1	2	1	13	2	2	1	1	0.42031836	13	15308.62	15309.22	15309.22	15309.42	15309.641
1	10	2	2	14	1	2	1	14	6	1	8	1	0.46308578	14	15311.308	15311.508	15311.508	15311.708	15311.972
1	10	2	2	15	1	2	1	15	2	2	1	1	0.42162233	15	15313.515	15314.115	15314.115	15314.315	15314.537
1	10	2	2	16	1	2	1	16	5	1	8	1	0.38654284	16	15316.125	15316.325	15316.325	15316.525	15316.712
1	10	2	2	17	1	2	1	17	3	1	1	1	0.6259734	17	15318.333	15318.533	15318.533	15318.733	15319.159
1	10	2	2	18	1	2	1	18	5	2	8	1	0.70356522	18	15320.54	15321.14	15321.14	15321.34	15321.843
1	10	2	2	19	1	2	1	19	2	1	1	1	0.49280427	19	15323.147	15323.347	15323.347	15323.547	15323.84
1	10	2	2	20	1	2	1	20	1	2	1	1	0.39841129	20	15325.355	15325.955	15325.955	15326.155	15326.353
1	10	2	2	21	1	2	1	21	6	2	8	1	0.51039936	21	15327.962	15328.562	15328.562	15328.762	15329.073
1	10	2	2	22	1	2	1	22	3	1	1	1	0.47987533	22	15330.57	15330.77	15330.77	15330.97	15331.25
1	10	2	2	23	1	2	1	23	2	2	1	1	0.46305493	23	15332.778	15333.378	15333.378	15333.578	15333.841
1	10	2	2	24	1	2	1	24	5	1	8	1	0.48028218	24	15335.385	15335.585	15335.585	15335.785	15336.066
1	10	2	2	25	1	2	1	25	6	1	8	1	0.44456277	25	15337.593	15337.793	15337.793	15337.993	15338.237
1	10	2	2	26	1	2	1	26	4	2	8	1	0.45751733	26	15339.8	15340.401	15340.401	15340.601	15340.858
1	10	2	2	27	1	2	1	27	5	1	8	1	0.44558848	27	15342.411	15342.611	15342.611	15342.811	15343.056
1	10	2	2	28	1	2	1	28	1	2	1	1	0.47748338	28	15344.618	15345.218	15345.218	15345.418	15345.695
1	10	2	2	29	1	2	1	29	3	2	1	1	0.50281115	29	15347.226	15347.826	15347.826	15348.026	15348.329
1	10	2	2	30	1	2	1	30	6	2	8	1	0.40626538	30	15349.835	15350.435	15350.435	15350.635	15350.841
1	10	2	2	31	1	6	1	1	1	1	2	1	0.91123197	1	15399.802	15400.002	15400.002	15400.202	15400.913
1	10	2	2	32	1	6	1	2	4	1	5	1	1.0912666	2	15402.013	15402.213	15402.213	15402.413	15403.304
1	10	2	2	33	1	6	1	3	4	1	5	1	0.69385661	3	15404.22	15404.42	15404.421	15404.621	15405.114
1	10	2	2	34	1	6	1	4	1	1	2	1	0.84706787	4	15406.428	15406.628	15406.628	15406.828	15407.475
1	10	2	2	35	1	6	1	5	6	1	7	1	0.69385228	5	15408.637	15408.837	15408.837	15409.037	15409.53
1	10	2	2	36	1	6	1	6	3	2	4	1	1.0457007	6	15410.844	15411.444	15411.444	15411.644	15412.489
1	10	2	2	37	1	6	1	7	3	2	4	1	0.71840576	7	15413.452	15414.052	15414.052	15414.253	15414.771
1	10	2	2	38	1	6	1	8	4	2	5	1	1.0672836	8	15416.061	15416.661	15416.661	15416.861	15417.728
1	10	2	2	39	1	6	1	9	5	2	6	1	0.48232373	9	15418.669	15419.269	15419.269	15419.469	15419.751
1	10	2	2	40	1	6	1	10	1	1	2	1	0.77122783	10	15421.278	15421.478	15421.478	15421.678	15422.249
1	10	2	2	41	1	6	1	11	1	2	2	1	0.73148783	11	15423.487	15424.087	15424.087	15424.287	15424.818
1	10	2	2	42	1	6	1	12	2	1	3	1	0.67578983	12	15426.095	15426.295	15426.295	15426.495	15426.971
1	10	2	2	43	1	6	1	13	3	2	4	1	0.57024935	13	15428.303	15428.903	15428.903	15429.103	15429.473
1	10	2	2	44	1	6	1	14	6	1	7	1	0.55401448	14	15430.911	15431.111	15431.111	15431.311	15431.665
1	10	2	2	45	1	6	1	15	3	2	4	1	0.97238539	15	15433.118	15433.718	15433.718	15433.918	15434.69
1	10	2	2	46	1	6	1	16	2	1	3	1	0.88401789	16	15435.727	15435.927	15435.927	15436.127	15436.811
1	10	2	2	47	1	6	1	17	2	1	3	1	0.5689849	17	15437.936	15438.136	15438.136	15438.336	15438.705
1	10	2	2	48	1	6	1	18	4	2	6	0	1.1265104	17	15440.145	15440.745	15440.745	15440.945	15441.872
1	10	2	2	49	1	6	1	19	5	1	6	1	0.81424059	18	15443.066	15443.266	15443.266	15443.466	15444.08
1	10	2	2	50	1	6	1	20	4	2	5	1	0.75024036	19	15445.275	15445.875	15445.875	15446.075	15446.626
1	10	2	2	51	1	6	1	21	3	2	4	1	0.78089395	20	15447.885	15448.485	15448.485	15448.685	15449.266
1	10	2	2	52	1	6	1	22	6	1	7	1	0.69147342	21	15450.494	15450.694	15450.694	15450.894	15451.386
1	10	2	2	53	1	6	1	23	2	2	3	1	1.4433418	22	15452.702	15453.302	15453.302	15453.502	15454.745
1	10	2	2	54	1	6	1	24	2	1	3	1	0.61059676	23	15455.311	15455.511	15455.511	15455.711	15456.121
1	10	2	2	55	1	6	1	25	6	1	7	1	1.0806405	24	15457.52	15457.72	15457.72	15457.92	15458.801
1	10	2	2	56	1	6	1	26	5	2	6	1	1.1674825	25	15459.729	15460.329	15460.329	15460.529	15461.497
1	10	2	2	57	1	6	1	27	5	1	6	1	0.67836208	26	15462.339	15462.539	15462.539	15462.739	15463.217
1	10	2	2	58	1	6	1	28	5	2	6	1	0.57454067	27	15464.547	15465.147	15465.147	15465.347	15465.721
1	10	2	2	59	1	6	1	29	6	2	7	1	0.6306183	28	15467.156	15467.756	15467.756	15467.956	15468.387
1	10	2	2	60	1	6	1	30	1	2	2	1	0.66569615	29	15469.766	15470.366	15470.366	15470.566	15471.031
1	10	2	2	61	1	2	2	1	6	1	8	1	0.4597104	1	15482.06	15482.26	15482.26	15482.46	15482.72
1	10	2	2	62	1	2	2	2	5	1	8	1	0.45761892	2	15484.271	15484.471	15484.471	15484.671	15484.929
1	10	2	2	63	1	2	2	3	1	1	1	1	0.37324106	3	15486.48	15486.681	15486.681	15486.881	15487.054
1	10	2	2	64	1	2	2	4	4	1	8	1	0.43101918	4	15488.69	15488.89	15488.89	15489.09	15489.321
1	10	2	2	65	1	2	2	5	5	1	1	0	0.31238471	4	15490.9	15491.1	15491.1	15491.3	15491.412
1	10	2	2	66	1	2	2	6	1	2	1	1	0.56633933	5	15493.413	15494.013	15494.013	15494.213	15494.579
1	10	2	2	67	1	2	2	7	1	2	1	1	0.52303419	6	15496.021	15496.621	15496.621	15496.821	15497.144
1	10	2	2	68	1	2	2	8	1	2	1	1	0.49687318	7	15498.632	15499.232	15499.232	15499.432	15499.729
1	10	2	2	69	1	2	2	9	2	2	1	1	0.424968	8	15501.242	15501.842	15501.842	15502.042	15502.267
1	10	2	2	70	1	2	2	10	4	1	8	1	0.3819546	9	15503.852	15504.052	15504.052	15504.252	15504.434
1	10	2	2	71	1	2	2	11	6	2	8	1	0.43493694	10	15506.062	15506.662	15506.662	15506.862	15507.097
1	10	2	2	72	1	2	2	12	4	1	8	1	0.42362557	11	15508.673	15508.873	15508.873	15509.073	15509.296
1	10	2	2	73	1	2	2	13	2	2	1	1	0.54015363	12	15510.883	15511.483	15511.483	15511.683	15512.024
1	10	2	2	74	1	2	2	14	6	1	8	1	0.63332437	13	15513.495	15513.695	15513.695	15513.895	15514.328
1	10	2	2	75	1	2	2	15	5	2	8	1	0.42543026	14	15515.705	15516.305	15516.305	15516.505	15516.73
1	10	2	2	76	1	2	2	16	4	1	8	1	0.43917688	15	15518.315	15518.515	15518.515	15518.715	15518.954
1	10	2	2	77	1	2	2	17	2	1	1	1	1.5023532	16	15520.525	15520.725	15520.725	15520.925	15522.228
1	10	2	2	78	1	2	2	18	3	2	1	1	0.56988112	17	15522.736	15523.336	15523.336	15523.536	15523.906
1	10	2	2	79	1	2	2	19	1	1	1	1	0.48662825	18	15525.347	15525.547	15525.547	15525.747	15526.033
1	10	2	2	80	1	2	2	20	3	2	1	1	0.38769992	19	15527.555	15528.155	15528.155	15528.355	15528.543
1	10	2	2	81	1	2	2	21	3	2	1	1	0.42845557	20	15530.165	15530.765	15530.765	15530.965	15531.194
1	10	2	2	82	1	2	2	22	4	1	8	1	0.45339017	21	15532.779	15532.979	15532.979	15533.179	15533.433
1	10	2	2	83	1	2	2	23	6	2	8	1	0.47515407	22	15534.99	15535.59	15535.59	15535.79	15536.066
1	10	2	2	84	1	2	2	24	3	1	1	1	0.51242483	23	15537.601	15537.801	15537.801	15538.001	15538.314
1	10	2	2	85	1	2	2	25	2	1	1	1	0.42590925	24	15539.81	15540.01	15540.01	15540.21	15540.435
1	10	2	2	86	1	2	2	26	2	2	1	1	0.52671852	25	15542.02	15542.62	15542.62	15542.82	15543.147
1	10	2	2	87	1	2	2	27	5	1	8	1	0.42553866	26	15544.632	15544.832	15544.832	15545.032	15545.257
1	10	2	2	88	1	2	2	28	6	2	8	1	0.42308838	27	15546.843	15547.443	15547.443	15547.643	15547.866
1	10	2	2	89	1	2	2	29	3	2	1	1	0.46698193	28	15549.454	15550.054	15550.054	15550.254	15550.521
1	10	2	2	90	1	2	2	30	5	2	8	1	0.55935655	29	15552.065	15552.665	15552.665	15552.865	15553.224
1	10	2	2	91	1	6	2	1	3	1	4	1	0.73850899	1	15562.975	15563.175	15563.175	15563.375	15563.913
1	10	2	2	92	1	6	2	2	4	1	5	1	0.56042389	2	15565.186	15565.386	15565.386	15565.586	15565.946
1	10	2	2	93	1	6	2	3	6	1	7	1	0.59604203	3	15567.398	15567.598	15567.598	15567.798	15568.194
1	10	2	2	94	1	6	2	4	3	1	4	1	0.6441253	4	15569.607	15569.807	15569.807	15570.007	15570.451
1	10	2	2	95	1	6	2	5	1	1	2	1	0.59688258	5	15571.82	15572.02	15572.02	15572.22	15572.617
1	10	2	2	96	1	6	2	6	5	2	6	1	0.45887734	6	15574.031	15574.631	15574.631	15574.831	15575.09
1	10	2	2	97	1	6	2	7	1	2	2	1	0.65504448	7	15576.644	15577.244	15577.244	15577.444	15577.899
1	10	2	2	98	1	6	2	8	1	2	2	1	0.5714351	8	15579.255	15579.855	15579.855	15580.055	15580.427
1	10	2	2	99	1	6	2	9	5	2	6	1	0.67168243	9	15581.865	15582.465	15582.465	15582.665	15583.136
1	10	2	2	100	1	6	2	10	6	1	7	1	0.66959208	10	15584.477	15584.677	15584.677	15584.877	15585.346
1	10	2	2	101	1	6	2	11	4	2	5	1	1.5134196	11	15586.688	15587.288	15587.288	15587.488	15588.802
1	10	2	2	102	1	6	2	12	5	1	6	1	0.69390703	12	15589.3	15589.5	15589.5	15589.7	15590.193
1	10	2	2	103	1	6	2	13	1	2	2	1	0.64327321	13	15591.511	15592.111	15592.111	15592.311	15592.754
1	10	2	2	104	1	6	2	14	5	1	6	1	1.0367802	14	15594.123	15594.323	15594.323	15594.523	15595.359
1	10	2	2	105	1	6	2	15	6	2	7	1	0.60181886	15	15596.334	15596.934	15596.934	15597.134	15597.536
1	10	2	2	106	1	6	2	16	3	1	4	1	1.3751266	16	15598.946	15599.146	15599.146	15599.346	15600.521
1	10	2	2	107	1	6	2	17	2	1	3	1	0.73897735	17	15601.158	15601.358	15601.358	15601.558	15602.097
1	10	2	2	108	1	6	2	18	2	2	3	1	0.9747023	18	15603.371	15603.971	15603.971	15604.171	15604.946
1	10	2	2	109	1	6	2	19	1	1	2	1	0.5868158	19	15605.983	15606.183	15606.183	15606.383	15606.77
1	10	2	2	110	1	6	2	20	4	2	5	1	0.78991365	20	15608.195	15608.795	15608.795	15608.995	15609.585
1	10	2	2	111	1	6	2	21	2	2	3	1	0.79149202	21	15610.808	15611.408	15611.408	15611.608	15612.199
1	10	2	2	112	1	6	2	22	6	1	7	1	0.62164722	22	15613.42	15613.62	15613.62	15613.82	15614.242
1	10	2	2	113	1	6	2	23	4	2	5	1	0.61101774	23	15615.632	15616.232	15616.232	15616.432	15616.843
1	10	2	2	114	1	6	2	24	6	1	7	1	0.67029545	24	15618.244	15618.444	15618.444	15618.644	15619.114
1	10	2	2	115	1	6	2	25	4	1	5	1	0.67736006	25	15620.457	15620.657	15620.657	15620.857	15621.334
1	10	2	2	116	1	6	2	26	2	2	3	1	0.8192653	26	15622.669	15623.269	15623.269	15623.469	15624.088
1	10	2	2	117	1	6	2	27	5	1	6	1	0.68182968	27	15625.282	15625.482	15625.482	15625.682	15626.164
1	10	2	2	118	1	6	2	28	3	2	4	1	0.74153493	28	15627.492	15628.092	15628.092	15628.292	15628.833
1	10	2	2	119	1	6	2	29	3	2	4	1	0.73678153	29	15630.104	15630.704	15630.704	15630.904	15631.441
1	10	2	2	120	1	6	2	30	2	2	3	1	0.69666101	30	15632.714	15633.314	15633.314	15633.514	15634.01
1	10	2	2	121	1	2	3	1	6	1	8	1	0.66316162	1	15646.707	15646.907	15646.907	15647.107	15647.57
1	10	2	2	122	1	2	3	2	5	1	8	1	0.45159652	2	15648.919	15649.119	15649.119	15649.319	15649.571
1	10	2	2	123	1	2	3	3	4	1	8	1	0.39803244	3	15651.132	15651.332	15651.332	15651.532	15651.73
1	10	2	2	124	1	2	3	4	6	1	8	1	0.43239889	4	15653.345	15653.545	15653.545	15653.745	15653.977
1	10	2	2	125	1	2	3	5	4	1	8	1	0.45392477	5	15655.555	15655.755	15655.755	15655.955	15656.209
1	10	2	2	126	1	2	3	6	1	2	1	1	0.53924723	6	15657.768	15658.368	15658.368	15658.568	15658.907
1	10	2	2	127	1	2	3	7	2	2	1	1	0.50107411	7	15660.381	15660.981	15660.981	15661.181	15661.482
1	10	2	2	128	1	2	3	8	1	2	1	1	0.35327548	8	15662.992	15663.592	15663.592	15663.792	15663.945
1	10	2	2	129	1	2	3	9	5	2	8	1	0.80583551	9	15665.602	15666.202	15666.202	15666.402	15667.008
1	10	2	2	130	1	2	3	10	2	1	1	1	0.55557503	10	15668.215	15668.415	15668.415	15668.615	15668.971
1	10	2	2	131	1	2	3	11	3	2	1	1	0.37425669	11	15670.429	15671.029	15671.029	15671.229	15671.403
1	10	2	2	132	1	2	3	12	6	1	8	1	0.49473828	12	15673.043	15673.243	15673.243	15673.443	15673.738
1	10	2	2	133	1	2	3	13	1	2	1	1	0.5060099	13	15675.257	15675.857	15675.857	15676.057	15676.363
1	10	2	2	134	1	2	3	14	5	1	8	1	0.4731041	14	15677.87	15678.07	15678.07	15678.27	15678.543
1	10	2	2	135	1	2	3	15	6	2	8	1	0.79275086	15	15680.082	15680.682	15680.682	15680.882	15681.474
1	10	2	2	136	1	2	3	16	5	1	8	1	0.45980734	16	15682.693	15682.893	15682.893	15683.093	15683.352
1	10	2	2	137	1	2	3	17	2	1	1	1	0.42688106	17	15684.907	15685.107	15685.107	15685.307	15685.534
1	10	2	2	138	1	2	3	18	5	2	8	1	0.40037518	18	15687.12	15687.72	15687.72	15687.92	15688.12
1	10	2	2	139	1	2	3	19	3	1	1	1	0.56539822	19	15689.732	15689.932	15689.932	15690.132	15690.498
1	10	2	2	140	1	2	3	20	2	2	1	1	0.3748079	20	15691.945	15692.545	15692.545	15692.745	15692.92
1	10	2	2	141	1	2	3	21	1	2	1	1	0.46941746	21	15694.558	15695.158	15695.158	15695.358	15695.628
1	10	2	2	142	1	2	3	22	3	1	1	1	0.58394991	22	15697.172	15697.372	15697.372	15697.572	15697.956
1	10	2	2	143	1	2	3	23	6	2	8	1	0.31993663	23	15699.386	15699.986	15699.986	15700.186	15700.306
1	10	2	2	144	1	2	3	24	4	1	8	1	0.4940454	24	15701.996	15702.196	15702.196	15702.396	15702.69
1	10	2	2	145	1	2	3	25	4	1	8	1	0.39228569	25	15704.21	15704.41	15704.41	15704.61	15704.802
1	10	2	2	146	1	2	3	26	3	2	1	1	0.37017876	26	15706.421	15707.021	15707.021	15707.221	15707.391
1	10	2	2	147	1	2	3	27	1	1	1	1	0.39734838	27	15709.035	15709.235	15709.235	15709.435	15709.633
1	10	2	2	148	1	2	3	28	4	2	8	1	0.39879702	28	15711.249	15711.849	15711.849	15712.049	15712.248
1	10	2	2	149	1	2	3	29	3	2	1	1	0.40502256	29	15713.861	15714.461	15714.461	15714.661	15714.866
1	10	2	2	150	1	2	3	30	2	2	1	1	0.42900259	30	15716.475	15717.075	15717.075	15717.275	15717.504
1	10	2	2	151	1	6	3	1	3	1	4	1	0.63824101	1	15732.965	15733.165	15733.165	15733.365	15733.803
1	10	2	2	152	1	6	3	2	4	1	5	1	0.55685106	2	15735.178	15735.378	15735.378	15735.578	15735.935
1	10	2	2	153	1	6	3	3	1	1	2	1	0.81781321	3	15737.392	15737.592	15737.592	15737.792	15738.41
1	10	2	2	154	1	6	3	4	6	1	7	1	0.97760192	4	15739.607	15739.807	15739.807	15740.007	15740.784
1	10	2	2	155	1	6	3	5	1	1	2	1	0.62632334	5	15741.821	15742.021	15742.021	15742.221	15742.647
1	10	2	2	156	1	6	3	6	6	2	7	1	0.9203037	6	15744.033	15744.633	15744.633	15744.833	15745.553
1	10	2	2	157	1	6	3	7	5	2	6	1	0.9465482	7	15746.646	15747.246	15747.246	15747.446	15748.193
1	10	2	2	158	1	6	3	8	6	2	7	1	0.90707069	8	15749.261	15749.861	15749.861	15750.061	15750.768
1	10	2	2	159	1	6	3	9	4	2	5	1	0.77316627	9	15751.876	15752.476	15752.476	15752.676	15753.249
1	10	2	2	160	1	6	3	10	3	1	4	1	0.7349264	10	15754.491	15754.691	15754.691	15754.891	15755.426
1	10	2	2	161	1	6	3	11	6	2	7	1	0.80918554	11	15756.705	15757.305	15757.305	15757.505	15758.114
1	10	2	2	162	1	6	3	12	5	1	6	1	0.91424915	12	15759.32	15759.52	15759.52	15759.72	15760.434
1	10	2	2	163	1	6	3	13	2	2	3	1	0.68347514	13	15761.535	15762.135	15762.135	15762.335	15762.818
1	10	2	2	164	1	6	3	14	6	1	7	1	1.2995901	14	15764.149	15764.349	15764.349	15764.549	15765.649
1	10	2	2	165	1	6	3	15	5	2	6	1	1.3749304	15	15766.364	15766.964	15766.964	15767.164	15768.339
1	10	2	2	166	1	6	3	16	4	1	5	1	0.70108054	16	15768.979	15769.179	15769.179	15769.379	15769.88
1	10	2	2	167	1	6	3	17	4	1	5	1	0.56830535	17	15771.194	15771.394	15771.394	15771.594	15771.962
1	10	2	2	168	1	6	3	18	3	2	4	1	1.4890601	18	15773.408	15774.008	15774.008	15774.208	15775.497
1	10	2	2	169	1	6	3	19	2	1	3	1	0.74575189	19	15776.023	15776.223	15776.223	15776.423	15776.969
1	10	2	2	170	1	6	3	20	4	2	5	1	0.87856468	20	15778.236	15778.836	15778.836	15779.036	15779.714
1	10	2	2	171	1	6	3	21	5	2	6	1	0.9035527	21	15780.851	15781.451	15781.451	15781.651	15782.355
1	10	2	2	172	1	6	3	22	2	1	3	1	0.73405828	22	15783.464	15783.664	15783.664	15783.864	15784.398
1	10	2	2	173	1	6	3	23	3	2	4	1	0.7775413	23	15785.679	15786.279	15786.279	15786.479	15787.056
1	10	2	2	174	1	6	3	24	1	1	2	1	0.87686378	24	15788.292	15788.492	15788.492	15788.692	15789.369
1	10	2	2	175	1	6	3	25	5	1	7	0	0.90421087	24	15790.507	15790.707	15790.707	15790.907	15791.611
1	10	2	2	176	1	6	3	26	2	2	3	1	1.4978735	25	15793.032	15793.632	15793.632	15793.832	15795.13
1	10	2	2	177	1	6	3	27	1	1	2	1	0.76260628	26	15795.648	15795.848	15795.848	15796.048	15796.61
1	10	2	2	178	1	6	3	28	2	2	3	1	0.7341849	27	15797.86	15798.46	15798.46	15798.66	15799.194
1	10	2	2	179	1	6	3	29	1	2	2	1	0.46147039	28	15800.477	15801.077	15801.077	15801.277	15801.538
1	10	2	2	180	1	6	3	30	3	2	4	1	1.2754167	29	15803.093	15803.693	15803.693	15803.893	15804.968
1	10	2	2	181	2	2	4	1	1	1	1	1	0.42629987	1	16363.449	16363.649	16363.649	16363.849	16364.075
1	10	2	2	182	2	2	4	2	4	1	8	1	0.36291014	2	16365.664	16365.864	16365.864	16366.064	16366.227
1	10	2	2	183	2	2	4	3	3	1	1	1	0.44399524	3	16367.88	16368.08	16368.08	16368.28	16368.524
1	10	2	2	184	2	2	4	4	4	1	8	1	0.44701895	4	16370.095	16370.295	16370.295	16370.495	16370.742
1	10	2	2	185	2	2	4	5	2	1	1	1	0.42430954	5	16372.311	16372.511	16372.511	16372.711	16372.935
1	10	2	2	186	2	2	4	6	2	2	1	1	0.47365916	6	16374.526	16375.126	16375.126	16375.326	16375.599
1	10	2	2	187	2	2	4	7	6	2	8	1	0.49882768	7	16377.142	16377.742	16377.742	16377.942	16378.241
1	10	2	2	188	2	2	4	8	5	2	8	1	0.97869619	8	16379.757	16380.357	16380.357	16380.557	16381.336
1	10	2	2	189	2	2	4	9	4	2	8	1	0.52433915	9	16382.373	16382.973	16382.973	16383.173	16383.498
1	10	2	2	190	2	2	4	10	2	1	1	1	0.54905122	10	16384.989	16385.189	16385.189	16385.389	16385.738
1	10	2	2	191	2	2	4	11	5	2	8	1	0.4922515	11	16387.205	16387.805	16387.805	16388.005	16388.297
1	10	2	2	192	2	2	4	12	3	1	1	1	0.47575444	12	16389.821	16390.021	16390.021	16390.221	16390.497
1	10	2	2	193	2	2	4	13	1	2	1	1	0.45440527	13	16392.037	16392.637	16392.637	16392.837	16393.091
1	10	2	2	194	2	2	4	14	1	1	1	1	0.55524886	14	16394.653	16394.853	16394.853	16395.053	16395.408
1	10	2	2	195	2	2	4	15	1	2	1	1	0.42575544	15	16396.869	16397.469	16397.469	16397.669	16397.895
1	10	2	2	196	2	2	4	16	4	1	8	1	0.40930154	16	16399.482	16399.682	16399.682	16399.882	16400.091
1	10	2	2	197	2	2	4	17	4	1	8	1	0.532891	17	16401.718	16401.918	16401.918	16402.118	16402.451
1	10	2	2	198	2	2	4	18	5	2	8	1	0.48485558	18	16403.935	16404.535	16404.535	16404.735	16405.02
1	10	2	2	199	2	2	4	19	6	1	8	1	0.48696756	19	16406.548	16406.748	16406.748	16406.948	16407.235
1	10	2	2	200	2	2	4	20	5	2	8	1	0.41442835	20	16408.765	16409.365	16409.365	16409.565	16409.78
1	10	2	2	201	2	2	4	21	3	2	1	1	0.47001775	21	16411.38	16411.98	16411.98	16412.18	16412.45
1	10	2	2	202	2	2	4	22	6	1	8	1	0.41344395	22	16413.997	16414.197	16414.197	16414.397	16414.61
1	10	2	2	203	2	2	4	23	5	2	8	1	0.37903577	23	16416.213	16416.814	16416.814	16417.014	16417.193
1	10	2	2	204	2	2	4	24	6	1	8	1	0.54004019	24	16418.83	16419.03	16419.03	16419.23	16419.57
1	10	2	2	205	2	2	4	25	6	1	8	1	0.45075855	25	16421.046	16421.246	16421.246	16421.446	16421.697
1	10	2	2	206	2	2	4	26	2	2	1	1	0.50844772	26	16423.263	16423.863	16423.863	16424.063	16424.371
1	10	2	2	207	2	2	4	27	2	1	1	1	0.94441028	27	16425.879	16426.079	16426.079	16426.279	16427.023
1	10	2	2	208	2	2	4	28	3	2	1	1	0.61870993	28	16428.096	16428.696	16428.696	16428.896	16429.314
1	10	2	2	209	2	2	4	29	1	2	1	1	0.35657757	29	16430.712	16431.312	16431.312	16431.512	16431.669
1	10	2	2	210	2	2	4	30	3	2	1	1	0.4314285	30	16433.329	16433.929	16433.929	16434.129	16434.36
1	10	2	2	211	2	6	4	1	1	1	2	1	0.64371736	1	16464.008	16464.208	16464.208	16464.408	16464.852
1	10	2	2	212	2	6	4	2	1	1	2	1	0.63819106	2	16466.225	16466.425	16466.425	16466.625	16467.064
1	10	2	2	213	2	6	4	3	1	1	2	1	0.51808143	3	16468.443	16468.643	16468.643	16468.843	16469.161
1	10	2	2	214	2	6	4	4	5	1	6	1	0.53394214	4	16470.66	16470.86	16470.86	16471.06	16471.394
1	10	2	2	215	2	6	4	5	2	1	3	1	0.74033978	5	16472.877	16473.077	16473.077	16473.277	16473.818
1	10	2	2	216	2	6	4	6	4	2	5	1	0.61146395	6	16475.092	16475.692	16475.692	16475.892	16476.304
1	10	2	2	217	2	6	4	7	5	2	6	1	0.76283802	7	16477.709	16478.309	16478.309	16478.509	16479.072
1	10	2	2	218	2	6	4	8	1	2	2	1	0.60598331	8	16480.323	16480.923	16480.923	16481.123	16481.529
1	10	2	2	219	2	6	4	9	5	2	6	1	0.67631605	9	16482.941	16483.541	16483.541	16483.741	16484.217
1	10	2	2	220	2	6	4	10	2	1	3	1	0.84238995	10	16485.558	16485.758	16485.758	16485.958	16486.6
1	10	2	2	221	2	6	4	11	3	2	4	1	0.47280103	11	16487.775	16488.375	16488.375	16488.575	16488.848
1	10	2	2	222	2	6	4	12	3	1	4	1	1.0549212	12	16490.393	16490.593	16490.593	16490.793	16491.648
1	10	2	2	223	2	6	4	13	4	2	5	1	0.72010072	13	16492.611	16493.211	16493.211	16493.411	16493.931
1	10	2	2	224	2	6	4	14	3	1	4	1	0.74318308	14	16495.225	16495.425	16495.425	16495.625	16496.169
1	10	2	2	225	2	6	4	15	5	2	6	1	0.84715782	15	16497.443	16498.043	16498.043	16498.243	16498.89
1	10	2	2	226	2	6	4	16	4	1	5	1	1.0465358	16	16500.061	16500.261	16500.261	16500.461	16501.307
1	10	2	2	227	2	6	4	17	4	1	5	1	0.55615395	17	16502.278	16502.478	16502.478	16502.678	16503.034
1	10	2	2	228	2	6	4	18	2	2	3	1	0.89913641	18	16504.496	16505.096	16505.096	16505.296	16505.995
1	10	2	2	229	2	6	4	19	2	1	3	1	0.56163135	19	16507.113	16507.313	16507.313	16507.513	16507.875
1	10	2	2	230	2	6	4	20	1	2	2	1	0.64593598	20	16509.331	16509.931	16509.931	16510.131	16510.577
1	10	2	2	231	2	6	4	21	5	2	6	1	0.6930726	21	16511.95	16512.55	16512.55	16512.75	16513.243
1	10	2	2	232	2	6	4	22	3	1	4	1	0.98768716	22	16514.568	16514.768	16514.768	16514.968	16515.756
1	10	2	2	233	2	6	4	23	2	2	3	1	0.95718188	23	16516.787	16517.387	16517.387	16517.587	16518.344
1	10	2	2	234	2	6	4	24	6	1	7	1	1.1830061	24	16519.405	16519.605	16519.605	16519.805	16520.788
1	10	2	2	235	2	6	4	25	6	1	7	1	0.56941945	25	16521.624	16521.824	16521.824	16522.024	16522.394
1	10	2	2	236	2	6	4	26	6	2	7	1	0.50071418	26	16523.844	16524.444	16524.444	16524.644	16524.945
1	10	2	2	237	2	6	4	27	6	1	7	1	0.42910088	27	16526.463	16526.663	16526.663	16526.863	16527.092
1	10	2	2	238	2	6	4	28	6	2	7	1	0.50380844	28	16528.681	16529.281	16529.281	16529.481	16529.785
1	10	2	2	239	2	6	4	29	4	2	5	1	0.63788585	29	16531.297	16531.897	16531.897	16532.097	16532.535
1	10	2	2	240	2	6	4	30	3	2	4	1	0.79429713	30	16533.915	16534.515	16534.515	16534.715	16535.31
1	10	2	2	241	2	2	5	1	3	1	1	1	0.44368355	1	16564.606	16564.806	16564.806	16565.006	16565.249
1	10	2	2	242	2	2	5	2	2	1	1	1	0.44269179	2	16566.824	16567.024	16567.024	16567.224	16567.466
1	10	2	2	243	2	2	5	3	4	1	8	1	0.4611701	3	16569.043	16569.243	16569.243	16569.443	16569.704
1	10	2	2	244	2	2	5	4	5	1	8	1	0.43659868	4	16571.262	16571.462	16571.462	16571.662	16571.899
1	10	2	2	245	2	2	5	5	4	1	8	1	0.43117041	5	16573.482	16573.682	16573.682	16573.882	16574.113
1	10	2	2	246	2	2	5	6	2	2	1	1	0.41130692	6	16575.701	16576.301	16576.301	16576.501	16576.712
1	10	2	2	247	2	2	5	7	5	2	8	1	0.33036768	7	16578.32	16578.92	16578.92	16579.12	16579.25
1	10	2	2	248	2	2	5	8	1	2	1	1	0.40886211	8	16580.939	16581.539	16581.539	16581.739	16581.947
1	10	2	2	249	2	2	5	9	3	2	1	1	0.38872948	9	16583.557	16584.157	16584.157	16584.357	16584.546
1	10	2	2	250	2	2	5	10	5	1	8	1	0.52734623	10	16586.176	16586.376	16586.376	16586.576	16586.903
1	10	2	2	251	2	2	5	11	6	2	8	1	0.36851176	11	16588.395	16588.995	16588.995	16589.195	16589.364
1	10	2	2	252	2	2	5	12	1	1	1	1	0.39381165	12	16591.014	16591.214	16591.214	16591.414	16591.608
1	10	2	2	253	2	2	5	13	4	2	8	1	0.43241379	13	16593.233	16593.833	16593.833	16594.033	16594.265
1	10	2	2	254	2	2	5	14	6	1	8	1	0.49600556	14	16595.852	16596.052	16596.052	16596.252	16596.548
1	10	2	2	255	2	2	5	15	4	2	8	1	0.43613914	15	16598.07	16598.67	16598.67	16598.87	16599.106
1	10	2	2	256	2	2	5	16	1	1	1	1	0.45534378	16	16600.689	16600.889	16600.889	16601.089	16601.344
1	10	2	2	257	2	2	5	17	2	1	1	1	0.6957702	17	16602.97	16603.17	16603.17	16603.37	16603.866
1	10	2	2	258	2	2	5	18	1	2	1	1	0.45819301	18	16605.189	16605.789	16605.789	16605.989	16606.248
1	10	2	2	259	2	2	5	19	5	1	8	1	0.46283706	19	16607.809	16608.009	16608.009	16608.209	16608.472
1	10	2	2	260	2	2	5	20	6	2	8	1	0.42969306	20	16610.029	16610.629	16610.629	16610.829	16611.058
1	10	2	2	261	2	2	5	21	3	2	1	1	0.48893015	21	16612.65	16613.25	16613.25	16613.45	16613.739
1	10	2	2	262	2	2	5	22	6	1	8	1	0.4365606	22	16615.27	16615.47	16615.47	16615.67	16615.907
1	10	2	2	263	2	2	5	23	2	2	1	1	0.43560342	23	16617.487	16618.087	16618.087	16618.287	16618.523
1	10	2	2	264	2	2	5	24	1	1	1	1	0.47858856	24	16620.106	16620.306	16620.306	16620.506	16620.784
1	10	2	2	265	2	2	5	25	6	1	8	1	0.4443265	25	16622.325	16622.525	16622.525	16622.725	16622.97
1	10	2	2	266	2	2	5	26	3	2	1	1	0.63991437	26	16624.545	16625.145	16625.145	16625.345	16625.785
1	10	2	2	267	2	2	5	27	2	1	0	0	-16627.362	26	16627.162	16627.362	16627.362	16627.562	0
1	10	2	2	268	2	2	5	28	4	2	8	1	0.4287274	27	16629.382	16629.982	16629.982	16630.182	16630.41
1	10	2	2	269	2	2	5	29	3	2	1	1	0.50989853	28	16632.002	16632.602	16632.602	16632.802	16633.112
1	10	2	2	270	2	2	5	30	5	2	8	1	0.36238537	29	16634.621	16635.221	16635.221	16635.421	16635.583
1	10	2	2	271	2	6	5	1	4	1	5	1	0.48036112	1	16665.306	16665.506	16665.506	16665.706	16665.986
1	10	2	2	272	2	6	5	2	6	1	7	1	0.4874195	2	16667.522	16667.722	16667.722	16667.922	16668.21
1	10	2	2	273	2	6	5	3	4	1	5	1	0.62623197	3	16669.743	16669.943	16669.943	16670.143	16670.569
1	10	2	2	274	2	6	5	4	3	1	4	1	0.61877267	4	16672.055	16672.255	16672.255	16672.455	16672.874
1	10	2	2	275	2	6	5	5	6	1	7	1	1.0624802	5	16674.275	16674.475	16674.475	16674.675	16675.537
1	10	2	2	276	2	6	5	6	1	2	2	1	0.6357221	6	16676.495	16677.095	16677.095	16677.295	16677.73
1	10	2	2	277	2	6	5	7	4	2	5	1	0.61432083	7	16679.114	16679.714	16679.714	16679.914	16680.329
1	10	2	2	278	2	6	5	8	2	2	3	1	1.0339133	8	16681.734	16682.334	16682.334	16682.534	16683.368
1	10	2	2	279	2	6	5	9	5	2	6	1	0.67127186	9	16684.353	16684.953	16684.953	16685.153	16685.624
1	10	2	2	280	2	6	5	10	4	1	5	1	0.64882518	10	16687.063	16687.263	16687.263	16687.463	16687.912
1	10	2	2	281	2	6	5	11	6	2	7	1	0.65335096	11	16689.284	16689.884	16689.884	16690.084	16690.537
1	10	2	2	282	2	6	5	12	6	1	7	1	0.81547657	12	16691.904	16692.104	16692.104	16692.304	16692.92
1	10	2	2	283	2	6	5	13	3	2	4	1	0.69422442	13	16694.124	16694.724	16694.724	16694.924	16695.418
1	10	2	2	284	2	6	5	14	1	1	2	1	0.62263497	14	16696.745	16696.945	16696.945	16697.145	16697.567
1	10	2	2	285	2	6	5	15	2	2	3	1	0.67791841	15	16698.965	16699.565	16699.565	16699.765	16700.243
1	10	2	2	286	2	6	5	16	3	1	4	1	0.51893283	16	16701.585	16701.785	16701.785	16701.985	16702.304
1	10	2	2	287	2	6	5	17	5	1	6	1	0.65094043	17	16703.806	16704.006	16704.006	16704.206	16704.657
1	10	2	2	288	2	6	5	18	5	2	6	1	0.48806351	18	16706.026	16706.626	16706.626	16706.826	16707.114
1	10	2	2	289	2	6	5	19	2	1	3	1	0.71572534	19	16708.647	16708.847	16708.847	16709.047	16709.563
1	10	2	2	290	2	6	5	20	3	2	4	1	0.6839937	20	16710.867	16711.467	16711.467	16711.667	16712.151
1	10	2	2	291	2	6	5	21	1	2	2	1	0.59545887	21	16713.489	16714.089	16714.089	16714.289	16714.684
1	10	2	2	292	2	6	5	22	3	1	4	1	0.60273452	22	16716.11	16716.31	16716.31	16716.51	16716.913
1	10	2	2	293	2	6	5	23	1	2	2	1	0.55352781	23	16718.331	16718.931	16718.931	16719.131	16719.484
1	10	2	2	294	2	6	5	24	4	1	5	1	1.0724645	24	16720.952	16721.152	16721.152	16721.352	16722.225
1	10	2	2	295	2	6	5	25	5	1	6	1	0.53335871	25	16723.17	16723.37	16723.37	16723.57	16723.903
1	10	2	2	296	2	6	5	26	6	2	0	0	-16725.99	25	16725.39	16725.99	16725.99	16726.19	0
1	10	2	2	297	2	6	5	27	5	1	6	1	0.59939988	26	16728.012	16728.212	16728.212	16728.412	16728.811
1	10	2	2	298	2	6	5	28	2	2	3	1	0.63074182	27	16730.236	16730.836	16730.836	16731.036	16731.466
1	10	2	2	299	2	6	5	29	2	2	3	1	0.78574909	28	16732.857	16733.457	16733.457	16733.657	16734.242
1	10	2	2	300	2	6	5	30	1	2	2	1	0.60050484	29	16735.475	16736.075	16736.075	16736.275	16736.675
1	10	2	2	301	2	2	6	1	1	1	1	1	0.48691709	1	16766.205	16766.405	16766.405	16766.605	16766.892
1	10	2	2	302	2	2	6	2	6	1	8	1	0.35299382	2	16768.425	16768.625	16768.625	16768.825	16768.978
1	10	2	2	303	2	2	6	3	3	1	1	1	0.43056702	3	16770.646	16770.846	16770.846	16771.046	16771.277
1	10	2	2	304	2	2	6	4	2	1	1	1	0.41349585	4	16772.867	16773.067	16773.067	16773.267	16773.48
1	10	2	2	305	2	2	6	5	5	1	8	1	0.65073147	5	16775.089	16775.289	16775.289	16775.489	16775.939
1	10	2	2	306	2	2	6	6	5	2	8	1	0.35490278	6	16777.31	16777.91	16777.91	16778.11	16778.265
1	10	2	2	307	2	2	6	7	6	2	8	1	0.39793689	7	16779.931	16780.531	16780.531	16780.731	16780.929
1	10	2	2	308	2	2	6	8	4	2	8	1	0.58452813	8	16782.553	16783.153	16783.153	16783.353	16783.738
1	10	2	2	309	2	2	6	9	2	2	1	1	0.31782944	9	16785.174	16785.774	16785.774	16785.974	16786.092
1	10	2	2	310	2	2	6	10	3	1	1	1	0.52121874	10	16787.792	16787.992	16787.992	16788.192	16788.514
1	10	2	2	311	2	2	6	11	1	2	1	1	0.557171	11	16790.011	16790.611	16790.611	16790.811	16791.169
1	10	2	2	312	2	2	6	12	1	1	1	1	0.47882978	12	16792.633	16792.833	16792.833	16793.033	16793.312
1	10	2	2	313	2	2	6	13	2	2	1	1	0.53672252	13	16794.855	16795.455	16795.455	16795.655	16795.992
1	10	2	2	314	2	2	6	14	1	1	1	1	0.79675371	14	16797.477	16797.677	16797.677	16797.877	16798.473
1	10	2	2	315	2	2	6	15	4	2	8	1	0.40524606	15	16799.699	16800.299	16800.299	16800.499	16800.704
1	10	2	2	316	2	2	6	16	6	1	8	1	0.35826569	16	16802.321	16802.521	16802.521	16802.722	16802.88
1	10	2	2	317	2	2	6	17	4	1	8	1	0.41132039	17	16804.544	16804.744	16804.744	16804.944	16805.155
1	10	2	2	318	2	2	6	18	5	2	8	1	0.46023839	18	16806.765	16807.365	16807.365	16807.565	16807.826
1	10	2	2	319	2	2	6	19	2	1	1	1	0.39688449	19	16809.387	16809.587	16809.587	16809.787	16809.984
1	10	2	2	320	2	2	6	20	2	2	1	1	0.4731907	20	16811.609	16812.209	16812.209	16812.409	16812.682
1	10	2	2	321	2	2	6	21	5	2	8	1	0.39529134	21	16814.232	16814.832	16814.832	16815.032	16815.227
1	10	2	2	322	2	2	6	22	4	1	8	1	0.52658578	22	16816.852	16817.052	16817.052	16817.252	16817.579
1	10	2	2	323	2	2	6	23	4	2	8	1	0.47293746	23	16819.074	16819.674	16819.674	16819.874	16820.147
1	10	2	2	324	2	2	6	24	6	1	8	1	0.43944527	24	16821.697	16821.897	16821.897	16822.097	16822.337
1	10	2	2	325	2	2	6	25	1	1	1	1	0.39344321	25	16823.919	16824.119	16824.119	16824.319	16824.513
1	10	2	2	326	2	2	6	26	3	2	1	1	0.44995157	26	16826.144	16826.744	16826.744	16826.944	16827.193
1	10	2	2	327	2	2	6	27	3	1	1	1	0.48399665	27	16828.766	16828.966	16828.966	16829.166	16829.45
1	10	2	2	328	2	2	6	28	5	2	8	1	0.30710742	28	16830.991	16831.591	16831.591	16831.791	16831.898
1	10	2	2	329	2	2	6	29	3	2	1	1	0.42038868	29	16833.611	16834.211	16834.211	16834.411	16834.632
1	10	2	2	330	2	2	6	30	6	2	8	1	0.30578891	30	16836.234	16836.834	16836.834	16837.034	16837.14
1	10	2	2	331	2	6	6	1	3	1	4	1	0.5985715	1	16866.925	16867.125	16867.125	16867.325	16867.723
1	10	2	2	332	2	6	6	2	6	1	7	1	0.65079833	2	16869.151	16869.351	16869.351	16869.551	16870.001
1	10	2	2	333	2	6	6	3	2	1	3	1	0.80344663	3	16871.373	16871.573	16871.573	16871.773	16872.376
1	10	2	2	334	2	6	6	4	3	1	4	1	0.6956005	4	16873.594	16873.794	16873.794	16873.994	16874.49
1	10	2	2	335	2	6	6	5	5	1	6	1	0.60132367	5	16875.817	16876.017	16876.017	16876.217	16876.618
1	10	2	2	336	2	6	6	6	4	2	5	1	0.50347396	6	16878.04	16878.64	16878.64	16878.84	16879.143
1	10	2	2	337	2	6	6	7	5	2	6	1	0.58627525	7	16880.663	16881.263	16881.263	16881.463	16881.849
1	10	2	2	338	2	6	6	8	6	2	7	1	0.40450311	8	16883.286	16883.886	16883.886	16884.086	16884.29
1	10	2	2	339	2	6	6	9	5	2	6	1	0.38151439	9	16885.909	16886.509	16886.509	16886.709	16886.89
1	10	2	2	340	2	6	6	10	4	1	5	1	0.60383895	10	16888.528	16888.728	16888.728	16888.928	16889.332
1	10	2	2	341	2	6	6	11	4	2	5	1	0.67205198	11	16890.751	16891.351	16891.351	16891.551	16892.023
1	10	2	2	342	2	6	6	12	6	1	7	1	0.61942794	12	16893.374	16893.574	16893.574	16893.774	16894.193
1	10	2	2	343	2	6	6	13	1	2	2	1	0.62406905	13	16895.594	16896.194	16896.194	16896.394	16896.818
1	10	2	2	344	2	6	6	14	2	1	3	1	0.47045252	14	16898.217	16898.417	16898.417	16898.617	16898.887
1	10	2	2	345	2	6	6	15	4	2	5	1	0.61075386	15	16900.437	16901.037	16901.037	16901.237	16901.648
1	10	2	2	346	2	6	6	16	1	1	2	1	0.56238164	16	16903.06	16903.26	16903.26	16903.46	16903.822
1	10	2	2	347	2	6	6	17	1	1	2	1	0.5750915	17	16905.284	16905.484	16905.484	16905.684	16906.059
1	10	2	2	348	2	6	6	18	4	2	5	1	0.62249615	18	16907.508	16908.108	16908.108	16908.308	16908.73
1	10	2	2	349	2	6	6	19	6	1	7	1	0.62829612	19	16910.131	16910.331	16910.331	16910.531	16910.96
1	10	2	2	350	2	6	6	20	3	2	4	1	0.71313258	20	16912.352	16912.952	16912.952	16913.152	16913.665
1	10	2	2	351	2	6	6	21	3	2	4	1	0.52074104	21	16914.975	16915.575	16915.575	16915.775	16916.096
1	10	2	2	352	2	6	6	22	5	1	6	1	0.61763813	22	16917.599	16917.799	16917.799	16917.999	16918.417
1	10	2	2	353	2	6	6	23	2	2	3	1	0.73678019	23	16919.822	16920.423	16920.423	16920.623	16921.159
1	10	2	2	354	2	6	6	24	5	1	6	1	0.66958744	24	16922.446	16922.646	16922.646	16922.846	16923.315
1	10	2	2	355	2	6	6	25	2	1	3	1	0.92306925	25	16924.67	16924.87	16924.87	16925.07	16925.793
1	10	2	2	356	2	6	6	26	2	2	3	1	0.46108529	26	16926.893	16927.493	16927.493	16927.693	16927.954
1	10	2	2	357	2	6	6	27	3	1	4	1	0.44165564	27	16929.518	16929.718	16929.718	16929.918	16930.159
1	10	2	2	358	2	6	6	28	1	2	2	1	0.61777355	28	16931.741	16932.341	16932.341	16932.541	16932.959
1	10	2	2	359	2	6	6	29	6	2	7	1	0.9622162	29	16934.365	16934.965	16934.965	16935.165	16935.927
1	10	2	2	360	2	6	6	30	1	2	2	1	0.62291498	30	16936.993	16937.593	16937.593	16937.793	16938.215
1	10	2	2	361	3	2	7	1	4	1	8	1	0.43215934	1	17897.888	17898.088	17898.088	17898.288	17898.52
1	10	2	2	362	3	2	7	2	4	1	8	1	0.34491154	2	17900.112	17900.312	17900.312	17900.512	17900.657
1	10	2	2	363	3	2	7	3	6	1	8	1	0.81648679	3	17902.336	17902.536	17902.536	17902.736	17903.353
1	10	2	2	364	3	2	7	4	3	1	1	1	0.53496161	4	17904.56	17904.761	17904.761	17904.961	17905.295
1	10	2	2	365	3	2	7	5	5	1	8	1	0.36673347	5	17906.867	17907.067	17907.067	17907.267	17907.434
1	10	2	2	366	3	2	7	6	2	2	1	1	0.41454337	6	17909.091	17909.691	17909.691	17909.891	17910.106
1	10	2	2	367	3	2	7	7	1	2	1	1	0.62365199	7	17911.716	17912.316	17912.316	17912.516	17912.939
1	10	2	2	368	3	2	7	8	5	2	8	1	0.38948596	8	17914.338	17914.938	17914.938	17915.138	17915.327
1	10	2	2	369	3	2	7	9	1	2	1	1	0.42694091	9	17916.959	17917.559	17917.559	17917.759	17917.986
1	10	2	2	370	3	2	7	10	6	1	8	1	0.38669437	10	17919.584	17919.784	17919.784	17919.984	17920.17
1	10	2	2	371	3	2	7	11	6	2	8	1	0.48299138	11	17921.885	17922.485	17922.485	17922.685	17922.968
1	10	2	2	372	3	2	7	12	5	1	8	1	0.35315599	12	17924.509	17924.709	17924.709	17924.909	17925.063
1	10	2	2	373	3	2	7	13	3	2	1	1	0.3529179	13	17926.734	17927.334	17927.334	17927.534	17927.687
1	10	2	2	374	3	2	7	14	3	1	1	1	0.56458924	14	17929.359	17929.559	17929.559	17929.759	17930.124
1	10	2	2	375	3	2	7	15	5	2	8	1	0.40394103	15	17931.584	17932.184	17932.184	17932.384	17932.588
1	10	2	2	376	3	2	7	16	6	1	0	0	-17934.409	15	17934.209	17934.409	17934.409	17934.609	0
1	10	2	2	377	3	2	7	17	3	1	1	1	0.4341045	16	17936.433	17936.633	17936.633	17936.833	17937.068
1	10	2	2	378	3	2	7	18	5	2	8	1	0.3678202	17	17938.658	17939.258	17939.258	17939.458	17939.626
1	10	2	2	379	3	2	7	19	2	1	1	1	0.49715624	18	17941.28	17941.48	17941.48	17941.68	17941.977
1	10	2	2	380	3	2	7	20	1	2	1	1	0.41798956	19	17943.506	17944.106	17944.106	17944.306	17944.524
1	10	2	2	381	3	2	7	21	2	2	1	1	0.44744978	20	17946.13	17946.73	17946.73	17946.93	17947.178
1	10	2	2	382	3	2	7	22	2	1	1	1	0.5016424	21	17948.755	17948.955	17948.955	17949.155	17949.457
1	10	2	2	383	3	2	7	23	4	2	8	1	0.33145359	22	17950.98	17951.58	17951.58	17951.78	17951.911
1	10	2	2	384	3	2	7	24	1	1	1	1	0.59541936	23	17953.605	17953.805	17953.805	17954.005	17954.401
1	10	2	2	385	3	2	7	25	4	1	8	1	0.40342843	24	17955.83	17956.03	17956.03	17956.23	17956.434
1	10	2	2	386	3	2	7	26	2	2	1	1	0.42720992	25	17958.055	17958.655	17958.655	17958.855	17959.083
1	10	2	2	387	3	2	7	27	3	1	1	1	0.40236968	26	17960.681	17960.881	17960.881	17961.081	17961.283
1	10	2	2	388	3	2	7	28	6	2	8	1	0.34155655	27	17962.902	17963.502	17963.502	17963.702	17963.844
1	10	2	2	389	3	2	7	29	1	2	1	1	0.3755902	28	17965.528	17966.128	17966.128	17966.328	17966.503
1	10	2	2	390	3	2	7	30	4	2	8	1	0.42597543	29	17968.153	17968.753	17968.753	17968.953	17969.179
1	10	2	2	391	3	6	7	1	5	1	6	1	0.93187433	1	17998.838	17999.038	17999.038	17999.238	17999.97
1	10	2	2	392	3	6	7	2	4	1	5	1	0.60152059	2	18001.063	18001.263	18001.263	18001.463	18001.865
1	10	2	2	393	3	6	7	3	4	1	5	1	0.56923644	3	18003.288	18003.488	18003.488	18003.688	18004.058
1	10	2	2	394	3	6	7	4	2	1	3	1	0.61538448	4	18005.514	18005.714	18005.714	18005.914	18006.33
1	10	2	2	395	3	6	7	5	2	1	3	1	0.65109792	5	18007.749	18007.949	18007.949	18008.149	18008.6
1	10	2	2	396	3	6	7	6	6	2	7	1	0.77834576	6	18009.975	18010.575	18010.575	18010.775	18011.353
1	10	2	2	397	3	6	7	7	3	2	4	1	0.69703243	7	18012.6	18013.2	18013.2	18013.4	18013.897
1	10	2	2	398	3	6	7	8	2	2	3	1	0.63064905	8	18015.225	18015.825	18015.825	18016.025	18016.456
1	10	2	2	399	3	6	7	9	2	2	3	1	0.61331642	9	18017.851	18018.451	18018.451	18018.651	18019.065
1	10	2	2	400	3	6	7	10	6	1	7	1	0.63662783	10	18020.477	18020.677	18020.677	18020.877	18021.314
1	10	2	2	401	3	6	7	11	6	2	7	1	0.86678677	11	18022.703	18023.303	18023.303	18023.503	18024.17
1	10	2	2	402	3	6	7	12	1	1	2	1	0.70487487	12	18025.329	18025.529	18025.529	18025.729	18026.234
1	10	2	2	403	3	6	7	13	1	2	2	1	0.51846427	13	18027.556	18028.156	18028.156	18028.356	18028.674
1	10	2	2	404	3	6	7	14	6	1	7	1	0.52778682	14	18030.178	18030.378	18030.378	18030.578	18030.906
1	10	2	2	405	3	6	7	15	3	2	4	1	0.60111232	15	18032.408	18033.008	18033.009	18033.209	18033.61
1	10	2	2	406	3	6	7	16	6	1	7	1	0.51036441	16	18035.034	18035.234	18035.234	18035.434	18035.744
1	10	2	2	407	3	6	7	17	4	1	5	1	0.63143631	17	18037.26	18037.46	18037.46	18037.66	18038.092
1	10	2	2	408	3	6	7	18	4	2	5	1	0.51010068	18	18039.482	18040.082	18040.082	18040.282	18040.593
1	10	2	2	409	3	6	7	19	1	1	2	1	0.59106076	19	18042.106	18042.306	18042.307	18042.507	18042.898
1	10	2	2	410	3	6	7	20	1	2	2	1	0.57124131	20	18044.333	18044.933	18044.933	18045.133	18045.504
1	10	2	2	411	3	6	7	21	5	2	6	1	0.83304104	21	18046.958	18047.558	18047.558	18047.758	18048.391
1	10	2	2	412	3	6	7	22	2	1	3	1	0.64022726	22	18049.585	18049.785	18049.785	18049.985	18050.425
1	10	2	2	413	3	6	7	23	5	2	6	1	1.1911005	23	18051.811	18052.411	18052.411	18052.611	18053.602
1	10	2	2	414	3	6	7	24	1	1	2	1	0.60509208	24	18054.437	18054.637	18054.637	18054.837	18055.242
1	10	2	2	415	3	6	7	25	4	1	5	1	0.65146817	25	18056.664	18056.864	18056.864	18057.064	18057.515
1	10	2	2	416	3	6	7	26	3	2	4	1	0.6317987	26	18058.89	18059.49	18059.49	18059.69	18060.122
1	10	2	2	417	3	6	7	27	3	1	4	1	0.75967805	27	18061.516	18061.716	18061.716	18061.916	18062.476
1	10	2	2	418	3	6	7	28	5	2	6	1	0.58928345	28	18063.747	18064.347	18064.347	18064.547	18064.936
1	10	2	2	419	3	6	7	29	5	2	6	1	0.97753779	29	18066.374	18066.974	18066.974	18067.174	18067.952
1	10	2	2	420	3	6	7	30	3	2	4	1	0.61174496	30	18069.055	18069.655	18069.655	18069.855	18070.267
1	10	2	2	421	3	2	8	1	4	1	8	1	0.42721988	1	18099.757	18099.957	18099.957	18100.157	18100.385
1	10	2	2	422	3	2	8	2	3	1	1	1	0.41367649	2	18101.989	18102.189	18102.189	18102.389	18102.603
1	10	2	2	423	3	2	8	3	1	1	1	1	0.47135008	3	18104.218	18104.418	18104.418	18104.618	18104.89
1	10	2	2	424	3	2	8	4	5	1	8	1	0.35725093	4	18106.446	18106.646	18106.646	18106.846	18107.003
1	10	2	2	425	3	2	8	5	5	1	8	1	0.42383616	5	18108.673	18108.873	18108.873	18109.073	18109.297
1	10	2	2	426	3	2	8	6	2	2	1	1	0.38909923	6	18110.9	18111.5	18111.5	18111.7	18111.889
1	10	2	2	427	3	2	8	7	6	2	8	1	0.38446073	7	18113.527	18114.127	18114.127	18114.327	18114.512
1	10	2	2	428	3	2	8	8	4	2	8	1	0.41687747	8	18116.155	18116.755	18116.755	18116.955	18117.172
1	10	2	2	429	3	2	8	9	1	2	1	1	0.54569847	9	18118.785	18119.385	18119.385	18119.585	18119.93
1	10	2	2	430	3	2	8	10	5	1	8	1	0.37721887	10	18121.408	18121.608	18121.608	18121.808	18121.985
1	10	2	2	431	3	2	8	11	4	2	8	1	0.37421919	11	18123.636	18124.236	18124.236	18124.436	18124.61
1	10	2	2	432	3	2	8	12	5	1	8	1	0.43849838	12	18126.261	18126.461	18126.461	18126.661	18126.9
1	10	2	2	433	3	2	8	13	1	2	1	1	0.34737452	13	18128.488	18129.088	18129.088	18129.288	18129.435
1	10	2	2	434	3	2	8	14	3	1	1	1	0.46353215	14	18131.115	18131.315	18131.315	18131.515	18131.778
1	10	2	2	435	3	2	8	15	3	2	1	1	0.42740787	15	18133.342	18133.942	18133.942	18134.142	18134.37
1	10	2	2	436	3	2	8	16	5	1	8	1	0.45040266	16	18135.969	18136.169	18136.169	18136.369	18136.619
1	10	2	2	437	3	2	8	17	3	1	1	1	0.69173282	17	18138.196	18138.396	18138.396	18138.596	18139.088
1	10	2	2	438	3	2	8	18	6	2	8	1	0.32038132	18	18140.424	18141.024	18141.024	18141.224	18141.344
1	10	2	2	439	3	2	8	19	2	1	1	1	0.45385208	19	18143.052	18143.252	18143.252	18143.452	18143.705
1	10	2	2	440	3	2	8	20	2	2	1	1	0.4777078	20	18145.278	18145.878	18145.878	18146.078	18146.356
1	10	2	2	441	3	2	8	21	2	2	1	1	0.47251784	21	18147.906	18148.506	18148.506	18148.706	18148.979
1	10	2	2	442	3	2	8	22	1	1	1	1	0.45978804	22	18150.534	18150.735	18150.735	18150.935	18151.194
1	10	2	2	443	3	2	8	23	6	2	8	1	0.46549817	23	18152.762	18153.362	18153.362	18153.562	18153.828
1	10	2	2	444	3	2	8	24	1	1	1	1	0.39498191	24	18155.39	18155.59	18155.59	18155.79	18155.985
1	10	2	2	445	3	2	8	25	6	1	8	1	0.35051061	25	18157.618	18157.818	18157.818	18158.018	18158.169
1	10	2	2	446	3	2	8	26	4	2	8	1	0.35605939	26	18159.846	18160.446	18160.446	18160.646	18160.802
1	10	2	2	447	3	2	8	27	4	1	8	1	0.55951823	27	18162.474	18162.674	18162.674	18162.874	18163.234
1	10	2	2	448	3	2	8	28	2	2	1	1	0.46366353	28	18164.702	18165.302	18165.302	18165.502	18165.766
1	10	2	2	449	3	2	8	29	3	2	1	1	0.49519877	29	18167.331	18167.931	18167.931	18168.131	18168.426
1	10	2	2	450	3	2	8	30	6	2	8	1	0.61959228	30	18169.958	18170.558	18170.558	18170.758	18171.178
1	10	2	2	451	3	6	8	1	4	1	5	1	0.70019794	1	18200.647	18200.847	18200.847	18201.047	18201.548
1	10	2	2	452	3	6	8	2	3	1	4	1	0.69398932	2	18202.878	18203.078	18203.078	18203.278	18203.772
1	10	2	2	453	3	6	8	3	5	1	6	1	0.5329738	3	18205.106	18205.306	18205.306	18205.506	18205.839
1	10	2	2	454	3	6	8	4	5	1	6	1	0.48025135	4	18207.335	18207.535	18207.535	18207.735	18208.015
1	10	2	2	455	3	6	8	5	1	1	2	1	0.93242124	5	18209.563	18209.763	18209.763	18209.963	18210.696
1	10	2	2	456	3	6	8	6	1	2	2	1	0.66345619	6	18211.791	18212.391	18212.391	18212.591	18213.055
1	10	2	2	457	3	6	8	7	3	2	4	1	0.59848867	7	18214.421	18215.021	18215.021	18215.221	18215.619
1	10	2	2	458	3	6	8	8	2	2	3	1	0.62618014	8	18217.049	18217.649	18217.649	18217.849	18218.276
1	10	2	2	459	3	6	8	9	6	2	7	1	1.3428095	9	18219.681	18220.281	18220.281	18220.481	18221.624
1	10	2	2	460	3	6	8	10	3	1	4	1	0.70763225	10	18222.309	18222.509	18222.509	18222.709	18223.217
1	10	2	2	461	3	6	8	11	3	2	4	1	0.6560078	11	18224.538	18225.138	18225.138	18225.338	18225.794
1	10	2	2	462	3	6	8	12	3	1	4	1	0.42914665	12	18227.166	18227.366	18227.366	18227.566	18227.795
1	10	2	2	463	3	6	8	13	6	2	7	1	0.60377764	13	18229.398	18229.998	18229.998	18230.198	18230.602
1	10	2	2	464	3	6	8	14	4	1	5	1	0.75040495	14	18232.029	18232.229	18232.229	18232.429	18232.979
1	10	2	2	465	3	6	8	15	1	2	2	1	0.60416811	15	18234.267	18234.867	18234.867	18235.067	18235.471
1	10	2	2	466	3	6	8	16	4	1	5	1	0.8030366	16	18236.901	18237.101	18237.101	18237.301	18237.904
1	10	2	2	467	3	6	8	17	4	1	5	1	0.80460947	17	18239.125	18239.325	18239.325	18239.525	18240.13
1	10	2	2	468	3	6	8	18	2	2	3	1	0.67882233	18	18241.354	18241.954	18241.954	18242.154	18242.633
1	10	2	2	469	3	6	8	19	5	1	6	1	0.61569099	19	18243.983	18244.183	18244.183	18244.383	18244.799
1	10	2	2	470	3	6	8	20	1	2	2	1	0.57487619	20	18246.274	18246.874	18246.874	18247.074	18247.448
1	10	2	2	471	3	6	8	21	6	2	7	1	0.85171011	21	18248.903	18249.503	18249.503	18249.703	18250.355
1	10	2	2	472	3	6	8	22	5	1	6	1	0.68882793	22	18251.528	18251.728	18251.728	18251.928	18252.417
1	10	2	2	473	3	6	8	23	1	2	2	1	0.61421097	23	18253.757	18254.357	18254.357	18254.557	18254.971
1	10	2	2	474	3	6	8	24	6	1	7	1	0.88072018	24	18256.386	18256.586	18256.586	18256.786	18257.467
1	10	2	2	475	3	6	8	25	2	1	3	1	0.61573822	25	18258.616	18258.816	18258.816	18259.016	18259.432
1	10	2	2	476	3	6	8	26	5	2	6	1	0.58157856	26	18260.845	18261.445	18261.445	18261.645	18262.027
1	10	2	2	477	3	6	8	27	6	1	7	1	0.64810599	27	18263.473	18263.673	18263.673	18263.873	18264.321
1	10	2	2	478	3	6	8	28	4	2	5	1	0.83565877	28	18265.702	18266.302	18266.302	18266.502	18267.138
1	10	2	2	479	3	6	8	29	2	2	3	1	0.6459834	29	18268.332	18268.932	18268.932	18269.132	18269.578
1	10	2	2	480	3	6	8	30	2	2	3	1	0.57080284	30	18270.961	18271.561	18271.561	18271.761	18272.131
1	10	2	2	481	3	2	9	1	6	1	8	1	0.39053977	1	18301.657	18301.857	18301.857	18302.057	18302.248
1	10	2	2	482	3	2	9	2	6	1	8	1	0.4268573	2	18303.885	18304.085	18304.085	18304.285	18304.512
1	10	2	2	483	3	2	9	3	5	1	8	1	0.3355908	3	18306.114	18306.314	18306.314	18306.514	18306.65
1	10	2	2	484	3	2	9	4	2	1	1	1	0.63909427	4	18308.344	18308.544	18308.544	18308.744	18309.183
1	10	2	2	485	3	2	9	5	1	1	1	1	0.39516177	5	18310.574	18310.774	18310.774	18310.974	18311.169
1	10	2	2	486	3	2	9	6	4	2	8	1	0.38737138	6	18312.805	18313.405	18313.405	18313.605	18313.792
1	10	2	2	487	3	2	9	7	2	2	1	1	0.46071448	7	18315.437	18316.037	18316.037	18316.237	18316.498
1	10	2	2	488	3	2	9	8	4	2	8	1	0.38968244	8	18318.066	18318.666	18318.666	18318.866	18319.056
1	10	2	2	489	3	2	9	9	2	2	1	1	0.37355758	9	18320.694	18321.294	18321.294	18321.494	18321.667
1	10	2	2	490	3	2	9	10	3	1	1	1	0.45540382	10	18323.324	18323.524	18323.524	18323.724	18323.979
1	10	2	2	491	3	2	9	11	1	2	1	1	0.45616177	11	18325.551	18326.151	18326.151	18326.351	18326.607
1	10	2	2	492	3	2	9	12	3	1	1	1	0.47641851	12	18328.181	18328.381	18328.381	18328.581	18328.858
1	10	2	2	493	3	2	9	13	2	2	1	1	0.37273959	13	18330.412	18331.012	18331.012	18331.212	18331.385
1	10	2	2	494	3	2	9	14	6	1	8	1	0.40820506	14	18333.042	18333.242	18333.242	18333.442	18333.65
1	10	2	2	495	3	2	9	15	1	2	1	1	0.38907359	15	18335.272	18335.872	18335.872	18336.072	18336.261
1	10	2	2	496	3	2	9	16	2	1	1	1	0.39285793	16	18337.898	18338.098	18338.098	18338.298	18338.491
1	10	2	2	497	3	2	9	17	1	1	1	1	0.42405295	17	18340.13	18340.33	18340.33	18340.53	18340.754
1	10	2	2	498	3	2	9	18	6	2	8	1	0.32844317	18	18342.391	18342.991	18342.991	18343.191	18343.32
1	10	2	2	499	3	2	9	19	4	1	8	1	0.42524392	19	18345.023	18345.223	18345.223	18345.423	18345.648
1	10	2	2	500	3	2	9	20	5	2	8	1	0.41295259	20	18347.252	18347.852	18347.852	18348.052	18348.265
1	10	2	2	501	3	2	9	21	4	2	8	1	0.44745368	21	18349.882	18350.482	18350.482	18350.682	18350.93
1	10	2	2	502	3	2	9	22	1	1	1	1	0.76651229	22	18352.513	18352.713	18352.713	18352.913	18353.48
1	10	2	2	503	3	2	9	23	3	2	1	1	0.47616849	23	18354.743	18355.343	18355.343	18355.543	18355.819
1	10	2	2	504	3	2	9	24	4	1	8	1	0.44664408	24	18357.411	18357.611	18357.611	18357.811	18358.058
1	10	2	2	505	3	2	9	25	5	1	8	1	0.41492916	25	18359.641	18359.841	18359.841	18360.041	18360.256
1	10	2	2	506	3	2	9	26	6	2	8	1	0.40660522	26	18361.873	18362.473	18362.473	18362.673	18362.88
1	10	2	2	507	3	2	9	27	5	1	8	1	0.42433432	27	18364.502	18364.702	18364.702	18364.902	18365.126
1	10	2	2	508	3	2	9	28	3	2	1	1	0.45216373	28	18366.733	18367.333	18367.333	18367.533	18367.785
1	10	2	2	509	3	2	9	29	3	2	1	1	0.4748867	29	18369.431	18370.031	18370.031	18370.231	18370.506
1	10	2	2	510	3	2	9	30	5	2	8	1	0.66072945	30	18372.059	18372.659	18372.659	18372.859	18373.32
1	10	2	2	511	3	6	9	1	1	1	2	1	0.57944992	1	18402.757	18402.957	18402.957	18403.157	18403.536
1	10	2	2	512	3	6	9	2	5	1	6	1	0.62072356	2	18404.987	18405.187	18405.187	18405.387	18405.808
1	10	2	2	513	3	6	9	3	2	1	3	1	0.622814	3	18407.218	18407.418	18407.418	18407.618	18408.041
1	10	2	2	514	3	6	9	4	1	1	2	1	0.620495	4	18409.445	18409.645	18409.645	18409.845	18410.266
1	10	2	2	515	3	6	9	5	2	1	3	1	0.55741405	5	18411.677	18411.877	18411.877	18412.077	18412.434
1	10	2	2	516	3	6	9	6	5	2	6	1	0.54958611	6	18413.907	18414.507	18414.507	18414.707	18415.057
1	10	2	2	517	3	6	9	7	6	2	7	1	0.57553234	7	18416.535	18417.136	18417.136	18417.336	18417.711
1	10	2	2	518	3	6	9	8	2	2	3	1	1.6173545	8	18419.167	18419.767	18419.767	18419.967	18421.384
1	10	2	2	519	3	6	9	9	3	2	4	1	0.69114071	9	18421.799	18422.399	18422.399	18422.599	18423.09
1	10	2	2	520	3	6	9	10	1	1	2	1	0.58515549	10	18424.431	18424.631	18424.631	18424.831	18425.216
1	10	2	2	521	3	6	9	11	4	2	5	1	0.68443006	11	18426.662	18427.262	18427.262	18427.462	18427.947
1	10	2	2	522	3	6	9	12	5	1	6	1	0.54920782	12	18429.294	18429.494	18429.494	18429.694	18430.044
1	10	2	2	523	3	6	9	13	3	2	4	1	0.5393128	13	18431.525	18432.125	18432.125	18432.325	18432.665
1	10	2	2	524	3	6	9	14	2	1	3	1	0.5282581	14	18434.16	18434.36	18434.36	18434.56	18434.888
1	10	2	2	525	3	6	9	15	4	2	5	1	0.56995739	15	18436.391	18436.991	18436.991	18437.191	18437.561
1	10	2	2	526	3	6	9	16	6	1	7	1	0.53829552	16	18439.022	18439.222	18439.222	18439.422	18439.76
1	10	2	2	527	3	6	9	17	6	1	7	1	0.53802073	17	18441.253	18441.453	18441.453	18441.653	18441.991
1	10	2	2	528	3	6	9	18	2	2	3	1	1.0116721	18	18443.484	18444.084	18444.084	18444.284	18445.096
1	10	2	2	529	3	6	9	19	4	1	5	1	0.87348209	19	18446.119	18446.319	18446.319	18446.519	18447.192
1	10	2	2	530	3	6	9	20	3	2	4	1	0.61663686	20	18448.35	18448.95	18448.95	18449.15	18449.567
1	10	2	2	531	3	6	9	21	1	2	2	1	0.53036059	21	18450.982	18451.582	18451.582	18451.782	18452.112
1	10	2	2	532	3	6	9	22	6	1	7	1	0.54625696	22	18453.615	18453.815	18453.815	18454.015	18454.361
1	10	2	2	533	3	6	9	23	5	2	6	1	0.56599964	23	18455.843	18456.443	18456.443	18456.643	18457.009
1	10	2	2	534	3	6	9	24	3	1	4	1	0.61358768	24	18458.478	18458.678	18458.678	18458.878	18459.291
1	10	2	2	535	3	6	9	25	5	1	6	1	0.57412022	25	18460.709	18460.909	18460.909	18461.109	18461.484
1	10	2	2	536	3	6	9	26	6	2	7	1	0.66825084	26	18462.941	18463.541	18463.541	18463.741	18464.21
1	10	2	2	537	3	6	9	27	1	1	2	1	0.67077427	27	18465.579	18465.779	18465.779	18465.979	18466.45
1	10	2	2	538	3	6	9	28	4	2	5	1	0.64441826	28	18467.811	18468.411	18468.411	18468.611	18469.055
1	10	2	2	539	3	6	9	29	4	2	5	1	0.62789759	29	18470.444	18471.044	18471.044	18471.244	18471.672
1	10	2	2	540	3	6	9	30	3	2	4	1	0.7523946	30	18473.082	18473.682	18473.682	18473.882	18474.435
1	10	2	2	541	4	2	10	1	1	1	1	1	0.46392617	1	19059.265	19059.465	19059.465	19059.665	19059.929
1	10	2	2	542	4	2	10	2	6	1	8	1	0.31411636	2	19061.501	19061.701	19061.701	19061.901	19062.016
1	10	2	2	543	4	2	10	3	4	1	8	1	0.41924503	3	19063.734	19063.934	19063.934	19064.134	19064.353
1	10	2	2	544	4	2	10	4	5	1	8	1	0.35536623	4	19065.963	19066.163	19066.163	19066.363	19066.518
1	10	2	2	545	4	2	10	5	6	1	8	1	0.42486411	5	19068.194	19068.394	19068.394	19068.594	19068.819
1	10	2	2	546	4	2	10	6	3	2	1	1	0.35825425	6	19070.428	19071.028	19071.028	19071.228	19071.386
1	10	2	2	547	4	2	10	7	5	2	8	1	0.31599018	7	19073.061	19073.661	19073.661	19073.861	19073.977
1	10	2	2	548	4	2	10	8	6	2	8	1	0.62234417	8	19075.691	19076.291	19076.291	19076.491	19076.914
1	10	2	2	549	4	2	10	9	6	2	8	1	0.42555771	9	19078.367	19078.967	19078.967	19079.167	19079.392
1	10	2	2	550	4	2	10	10	3	1	1	1	0.38748198	10	19080.998	19081.198	19081.198	19081.398	19081.586
1	10	2	2	551	4	2	10	11	5	2	0	0	-19083.831	10	19083.231	19083.831	19083.831	19084.031	0
1	10	2	2	552	4	2	10	12	2	1	1	1	0.76495109	11	19085.867	19086.067	19086.067	19086.267	19086.832
1	10	2	2	553	4	2	10	13	3	2	1	1	0.44717205	12	19088.096	19088.696	19088.696	19088.896	19089.144
1	10	2	2	554	4	2	10	14	1	1	1	1	0.45623763	13	19090.728	19090.928	19090.928	19091.128	19091.385
1	10	2	2	555	4	2	10	15	3	2	1	1	0.51963457	14	19092.961	19093.561	19093.561	19093.761	19094.08
1	10	2	2	556	4	2	10	16	2	1	1	1	0.46904978	15	19095.59	19095.79	19095.79	19095.99	19096.259
1	10	2	2	557	4	2	10	17	4	1	8	1	0.39558816	16	19097.823	19098.023	19098.023	19098.223	19098.418
1	10	2	2	558	4	2	10	18	2	2	1	1	0.46392766	17	19100.057	19100.657	19100.657	19100.857	19101.121
1	10	2	2	559	4	2	10	19	4	1	8	1	0.29647105	18	19102.69	19102.89	19102.89	19103.09	19103.186
1	10	2	2	560	4	2	10	20	2	2	1	1	0.38916903	19	19104.926	19105.526	19105.526	19105.726	19105.915
1	10	2	2	561	4	2	10	21	2	2	1	1	0.49830695	20	19107.559	19108.159	19108.159	19108.359	19108.657
1	10	2	2	562	4	2	10	22	1	1	1	1	0.43589464	21	19110.19	19110.39	19110.39	19110.59	19110.825
1	10	2	2	563	4	2	10	23	5	2	8	1	0.33324696	22	19112.422	19113.022	19113.022	19113.222	19113.355
1	10	2	2	564	4	2	10	24	4	1	8	1	0.40462596	23	19115.055	19115.255	19115.255	19115.455	19115.66
1	10	2	2	565	4	2	10	25	1	1	1	1	0.67327065	24	19117.289	19117.489	19117.489	19117.689	19118.162
1	10	2	2	566	4	2	10	26	5	2	8	1	0.36695979	25	19119.521	19120.121	19120.121	19120.321	19120.488
1	10	2	2	567	4	2	10	27	6	1	8	1	0.40580004	26	19122.155	19122.355	19122.355	19122.555	19122.76
1	10	2	2	568	4	2	10	28	4	2	8	1	0.39230895	27	19124.387	19124.987	19124.987	19125.187	19125.379
1	10	2	2	569	4	2	10	29	3	2	1	1	0.38978612	28	19127.02	19127.62	19127.62	19127.82	19128.01
1	10	2	2	570	4	2	10	30	1	2	1	1	0.44726553	29	19129.652	19130.252	19130.252	19130.452	19130.7
1	10	2	2	571	4	6	10	1	5	1	6	1	0.59997404	1	19160.346	19160.546	19160.546	19160.746	19161.146
1	10	2	2	572	4	6	10	2	3	1	4	1	0.62992557	2	19162.579	19162.779	19162.779	19162.979	19163.409
1	10	2	2	573	4	6	10	3	1	1	2	1	0.58962563	3	19164.812	19165.012	19165.012	19165.212	19165.602
1	10	2	2	574	4	6	10	4	2	1	3	1	0.6866665	4	19167.049	19167.249	19167.249	19167.449	19167.935
1	10	2	2	575	4	6	10	5	1	1	2	1	0.59299938	5	19169.282	19169.482	19169.482	19169.682	19170.075
1	10	2	2	576	4	6	10	6	4	2	5	1	0.63209127	6	19171.521	19172.121	19172.121	19172.321	19172.753
1	10	2	2	577	4	6	10	7	2	2	3	1	0.62361657	7	19174.152	19174.752	19174.752	19174.952	19175.376
1	10	2	2	578	4	6	10	8	4	2	5	1	0.65113981	8	19176.788	19177.388	19177.388	19177.588	19178.039
1	10	2	2	579	4	6	10	9	1	2	2	1	0.57024902	9	19179.422	19180.022	19180.022	19180.222	19180.592
1	10	2	2	580	4	6	10	10	6	1	7	1	0.71901325	10	19182.059	19182.259	19182.259	19182.459	19182.978
1	10	2	2	581	4	6	10	11	4	2	5	1	0.62124346	11	19184.293	19184.893	19184.893	19185.093	19185.514
1	10	2	2	582	4	6	10	12	3	1	4	1	0.71348515	12	19186.927	19187.127	19187.127	19187.327	19187.841
1	10	2	2	583	4	6	10	13	6	2	7	1	0.65065455	13	19189.165	19189.765	19189.765	19189.965	19190.415
1	10	2	2	584	4	6	10	14	1	1	2	1	0.60310771	14	19191.797	19191.997	19191.997	19192.197	19192.6
1	10	2	2	585	4	6	10	15	2	2	3	1	0.55501822	15	19194.028	19194.628	19194.628	19194.828	19195.183
1	10	2	2	586	4	6	10	16	6	1	7	1	0.58934267	16	19196.662	19196.862	19196.862	19197.062	19197.451
1	10	2	2	587	4	6	10	17	3	1	4	1	0.65582599	17	19198.896	19199.096	19199.096	19199.296	19199.752
1	10	2	2	588	4	6	10	18	4	2	5	1	0.61394282	18	19201.13	19201.73	19201.73	19201.93	19202.344
1	10	2	2	589	4	6	10	19	2	1	3	1	0.62915408	19	19203.764	19203.964	19203.964	19204.164	19204.594
1	10	2	2	590	4	6	10	20	5	2	6	1	0.7129648	20	19205.999	19206.599	19206.599	19206.799	19207.312
1	10	2	2	591	4	6	10	21	6	2	7	1	0.57634514	21	19208.633	19209.233	19209.233	19209.433	19209.81
1	10	2	2	592	4	6	10	22	3	1	4	1	0.72410032	22	19211.267	19211.467	19211.467	19211.667	19212.191
1	10	2	2	593	4	6	10	23	2	2	3	1	0.55145043	23	19213.513	19214.113	19214.113	19214.313	19214.664
1	10	2	2	594	4	6	10	24	1	1	2	1	0.64625286	24	19216.146	19216.346	19216.346	19216.546	19216.992
1	10	2	2	595	4	6	10	25	3	1	4	1	0.70334415	25	19218.378	19218.578	19218.578	19218.778	19219.281
1	10	2	2	596	4	6	10	26	6	2	7	1	0.63929054	26	19220.612	19221.212	19221.212	19221.412	19221.852
1	10	2	2	597	4	6	10	27	5	1	6	1	0.51546049	27	19223.246	19223.446	19223.446	19223.646	19223.961
1	10	2	2	598	4	6	10	28	5	2	6	1	0.53578806	28	19225.529	19226.129	19226.129	19226.329	19226.664
1	10	2	2	599	4	6	10	29	4	2	5	1	0.65653849	29	19228.167	19228.767	19228.767	19228.967	19229.424
1	10	2	2	600	4	6	10	30	5	2	6	1	0.66903348	30	19230.798	19231.398	19231.398	19231.598	19232.067
1	10	2	2	601	4	2	11	1	4	1	8	1	0.36824177	1	19261.496	19261.696	19261.696	19261.896	19262.064
1	10	2	2	602	4	2	11	2	1	1	1	1	0.53914969	2	19263.73	19263.93	19263.93	19264.13	19264.469
1	10	2	2	603	4	2	11	3	5	1	8	1	0.36433067	3	19265.964	19266.164	19266.164	19266.364	19266.529
1	10	2	2	604	4	2	11	4	3	1	1	1	0.44717551	4	19268.2	19268.4	19268.4	19268.6	19268.847
1	10	2	2	605	4	2	11	5	6	1	8	1	0.39223564	5	19270.439	19270.639	19270.639	19270.839	19271.032
1	10	2	2	606	4	2	11	6	5	2	8	1	0.41656887	6	19272.675	19273.275	19273.275	19273.475	19273.691
1	10	2	2	607	4	2	11	7	1	2	1	1	0.39448511	7	19275.31	19275.91	19275.91	19276.11	19276.304
1	10	2	2	608	4	2	11	8	3	2	0	0	-19278.548	7	19277.948	19278.548	19278.548	19278.748	0
1	10	2	2	609	4	2	11	9	4	2	8	1	0.46821266	8	19280.582	19281.182	19281.182	19281.382	19281.65
1	10	2	2	610	4	2	11	10	6	1	8	1	0.40690753	9	19283.216	19283.416	19283.416	19283.616	19283.823
1	10	2	2	611	4	2	11	11	2	2	1	1	0.33606425	10	19285.451	19286.051	19286.051	19286.251	19286.387
1	10	2	2	612	4	2	11	12	1	1	1	1	1.5291452	11	19288.087	19288.287	19288.287	19288.487	19289.816
1	10	2	2	613	4	2	11	13	5	2	8	1	0.31194687	12	19290.322	19290.922	19290.922	19291.122	19291.234
1	10	2	2	614	4	2	11	14	2	1	1	1	0.5228443	13	19292.956	19293.156	19293.156	19293.356	19293.679
1	10	2	2	615	4	2	11	15	2	2	1	1	0.39435726	14	19295.191	19295.791	19295.791	19295.991	19296.185
1	10	2	2	616	4	2	11	16	4	1	8	1	0.36262634	15	19297.825	19298.025	19298.025	19298.225	19298.387
1	10	2	2	617	4	2	11	17	2	1	1	1	0.67633203	16	19300.06	19300.26	19300.26	19300.46	19300.937
1	10	2	2	618	4	2	11	18	6	2	8	1	0.77965439	17	19302.295	19302.895	19302.895	19303.095	19303.675
1	10	2	2	619	4	2	11	19	4	1	8	1	0.39008554	18	19304.93	19305.13	19305.13	19305.33	19305.52
1	10	2	2	620	4	2	11	20	3	2	1	1	0.42762878	19	19307.164	19307.764	19307.764	19307.964	19308.192
1	10	2	2	621	4	2	11	21	5	2	0	0	-19310.403	19	19309.803	19310.403	19310.403	19310.603	0
1	10	2	2	622	4	2	11	22	6	1	8	1	0.42829308	20	19312.438	19312.638	19312.638	19312.838	19313.066
1	10	2	2	623	4	2	11	23	1	2	1	1	0.34541542	21	19314.671	19315.271	19315.271	19315.471	19315.616
1	10	2	2	624	4	2	11	24	2	1	1	1	0.40978908	22	19317.309	19317.509	19317.509	19317.709	19317.919
1	10	2	2	625	4	2	11	25	5	1	8	1	0.45546621	23	19319.544	19319.744	19319.744	19319.944	19320.199
1	10	2	2	626	4	2	11	26	3	2	1	1	0.34400191	24	19321.779	19322.379	19322.379	19322.579	19322.723
1	10	2	2	627	4	2	11	27	1	1	1	1	0.49160413	25	19324.415	19324.615	19324.615	19324.815	19325.107
1	10	2	2	628	4	2	11	28	3	2	1	1	0.54607506	26	19326.654	19327.254	19327.254	19327.454	19327.8
1	10	2	2	629	4	2	11	29	6	2	8	1	0.42462907	27	19329.29	19329.89	19329.89	19330.09	19330.314
1	10	2	2	630	4	2	11	30	4	2	8	1	0.4334607	28	19331.928	19332.528	19332.528	19332.728	19332.962
1	10	2	2	631	4	6	11	1	6	1	7	1	0.75812257	1	19362.627	19362.827	19362.827	19363.027	19363.585
1	10	2	2	632	4	6	11	2	6	1	7	1	0.47771083	2	19364.866	19365.066	19365.066	19365.266	19365.544
1	10	2	2	633	4	6	11	3	4	1	5	1	0.59143002	3	19367.101	19367.301	19367.301	19367.501	19367.893
1	10	2	2	634	4	6	11	4	2	1	3	1	0.43028414	4	19369.339	19369.539	19369.539	19369.739	19369.969
1	10	2	2	635	4	6	11	5	5	1	6	1	0.54832363	5	19371.574	19371.774	19371.774	19371.974	19372.323
1	10	2	2	636	4	6	11	6	2	2	3	1	0.56777538	6	19373.81	19374.41	19374.41	19374.61	19374.978
1	10	2	2	637	4	6	11	7	2	2	3	1	0.42658558	7	19376.445	19377.045	19377.045	19377.245	19377.472
1	10	2	2	638	4	6	11	8	1	2	2	1	0.6076915	8	19379.081	19379.681	19379.681	19379.881	19380.289
1	10	2	2	639	4	6	11	9	3	2	4	1	0.61963248	9	19381.716	19382.316	19382.316	19382.516	19382.935
1	10	2	2	640	4	6	11	10	3	1	4	1	0.5110282	10	19384.353	19384.553	19384.553	19384.753	19385.064
1	10	2	2	641	4	6	11	11	1	2	2	1	0.60529046	11	19386.588	19387.188	19387.188	19387.388	19387.794
1	10	2	2	642	4	6	11	12	5	1	6	1	0.76810626	12	19389.225	19389.425	19389.425	19389.625	19390.193
1	10	2	2	643	4	6	11	13	2	2	3	1	0.85983859	13	19391.461	19392.061	19392.061	19392.261	19392.921
1	10	2	2	644	4	6	11	14	1	1	2	1	0.73729803	14	19394.097	19394.297	19394.297	19394.497	19395.034
1	10	2	2	645	4	6	11	15	4	2	5	1	0.74179179	15	19396.334	19396.934	19396.934	19397.134	19397.675
1	10	2	2	646	4	6	11	16	6	1	7	1	0.7927656	16	19398.969	19399.169	19399.169	19399.369	19399.962
1	10	2	2	647	4	6	11	17	5	1	6	1	0.61228994	17	19401.205	19401.405	19401.405	19401.605	19402.017
1	10	2	2	648	4	6	11	18	3	2	4	1	0.58183402	18	19403.442	19404.042	19404.042	19404.242	19404.623
1	10	2	2	649	4	6	11	19	5	1	6	1	0.57047935	19	19406.078	19406.278	19406.278	19406.478	19406.848
1	10	2	2	650	4	6	11	20	5	2	6	1	1.9674821	20	19408.314	19408.914	19408.914	19409.114	19410.882
1	10	2	2	651	4	6	11	21	6	2	7	1	0.55755502	21	19410.95	19411.55	19411.55	19411.75	19412.108
1	10	2	2	652	4	6	11	22	4	1	5	1	0.66468654	22	19413.587	19413.787	19413.787	19413.987	19414.451
1	10	2	2	653	4	6	11	23	4	2	5	1	0.61878537	23	19415.823	19416.423	19416.423	19416.623	19417.042
1	10	2	2	654	4	6	11	24	1	1	2	1	0.64390155	24	19418.46	19418.66	19418.66	19418.86	19419.304
1	10	2	2	655	4	6	11	25	6	1	7	1	0.57997352	25	19420.759	19420.959	19420.959	19421.159	19421.539
1	10	2	2	656	4	6	11	26	1	2	2	1	0.62856613	26	19422.996	19423.596	19423.596	19423.796	19424.225
1	10	2	2	657	4	6	11	27	3	1	4	1	0.66292538	27	19425.633	19425.833	19425.833	19426.033	19426.496
1	10	2	2	658	4	6	11	28	4	2	5	1	0.70724056	28	19427.87	19428.47	19428.47	19428.67	19429.177
1	10	2	2	659	4	6	11	29	2	2	3	1	0.61306344	29	19430.506	19431.106	19431.106	19431.306	19431.719
1	10	2	2	660	4	6	11	30	3	2	4	1	0.59363627	30	19433.142	19433.742	19433.742	19433.942	19434.336
1	10	2	2	661	4	2	12	1	1	1	1	1	0.41779195	1	19463.856	19464.056	19464.056	19464.256	19464.474
1	10	2	2	662	4	2	12	2	5	1	8	1	0.33275846	2	19466.093	19466.293	19466.293	19466.493	19466.626
1	10	2	2	663	4	2	12	3	4	1	8	1	0.4348831	3	19468.333	19468.533	19468.533	19468.733	19468.968
1	10	2	2	664	4	2	12	4	4	1	8	1	0.39691564	4	19470.571	19470.771	19470.771	19470.971	19471.167
1	10	2	2	665	4	2	12	5	2	1	1	1	0.51503895	5	19472.808	19473.008	19473.008	19473.208	19473.523
1	10	2	2	666	4	2	12	6	1	2	1	1	0.3725807	6	19475.045	19475.645	19475.645	19475.845	19476.018
1	10	2	2	667	4	2	12	7	4	2	8	1	0.53545485	7	19477.683	19478.283	19478.283	19478.483	19478.818
1	10	2	2	668	4	2	12	8	3	2	1	1	0.41820358	8	19480.32	19480.92	19480.92	19481.12	19481.338
1	10	2	2	669	4	2	12	9	2	2	1	1	0.70053009	9	19482.958	19483.558	19483.558	19483.758	19484.258
1	10	2	2	670	4	2	12	10	1	1	1	1	0.51109093	10	19485.595	19485.795	19485.795	19485.995	19486.307
1	10	2	2	671	4	2	12	11	4	2	8	1	0.41867366	11	19487.833	19488.433	19488.433	19488.633	19488.852
1	10	2	2	672	4	2	12	12	3	1	1	1	0.47377573	12	19490.471	19490.671	19490.671	19490.871	19491.144
1	10	2	2	673	4	2	12	13	6	2	8	1	0.34298525	13	19492.708	19493.308	19493.308	19493.508	19493.651
1	10	2	2	674	4	2	12	14	6	1	8	1	0.47998337	14	19495.346	19495.546	19495.546	19495.746	19496.026
1	10	2	2	675	4	2	12	15	6	2	8	1	0.33656778	15	19497.584	19498.184	19498.184	19498.384	19498.52
1	10	2	2	676	4	2	12	16	1	1	1	1	0.44575966	16	19500.221	19500.421	19500.421	19500.621	19500.867
1	10	2	2	677	4	2	12	17	6	1	8	1	0.45717089	17	19502.456	19502.656	19502.656	19502.856	19503.113
1	10	2	2	678	4	2	12	18	5	2	8	1	0.43564181	18	19504.693	19505.293	19505.293	19505.493	19505.728
1	10	2	2	679	4	2	12	19	1	1	1	1	0.56016566	19	19507.331	19507.531	19507.531	19507.731	19508.091
1	10	2	2	680	4	2	12	20	3	2	1	1	0.47304166	20	19509.569	19510.169	19510.169	19510.369	19510.642
1	10	2	2	681	4	2	12	21	3	2	1	1	0.43157197	21	19512.203	19512.803	19512.803	19513.003	19513.235
1	10	2	2	682	4	2	12	22	2	1	1	1	0.53166987	22	19514.844	19515.044	19515.044	19515.244	19515.575
1	10	2	2	683	4	2	12	23	2	2	1	1	0.51746173	23	19517.086	19517.686	19517.686	19517.886	19518.204
1	10	2	2	684	4	2	12	24	5	1	8	1	0.53298794	24	19519.726	19519.926	19519.926	19520.126	19520.459
1	10	2	2	685	4	2	12	25	5	1	8	1	0.4114753	25	19521.964	19522.164	19522.164	19522.364	19522.575
1	10	2	2	686	4	2	12	26	4	2	8	1	0.44853064	26	19524.203	19524.803	19524.803	19525.003	19525.251
1	10	2	2	687	4	2	12	27	2	1	1	1	0.39404031	27	19526.841	19527.041	19527.041	19527.241	19527.435
1	10	2	2	688	4	2	12	28	6	2	8	1	0.38810946	28	19529.079	19529.679	19529.679	19529.879	19530.067
1	10	2	2	689	4	2	12	29	5	2	8	1	0.47376391	29	19531.717	19532.317	19532.317	19532.517	19532.791
1	10	2	2	690	4	2	12	30	3	2	1	1	0.45695273	30	19534.359	19534.959	19534.959	19535.159	19535.416
1	10	2	2	691	4	6	12	1	2	1	3	1	0.58595178	1	19565.057	19565.257	19565.257	19565.457	19565.843
1	10	2	2	692	4	6	12	2	2	1	3	1	0.44397041	2	19567.299	19567.499	19567.499	19567.699	19567.943
1	10	2	2	693	4	6	12	3	4	1	5	1	0.58175082	3	19569.539	19569.739	19569.739	19569.939	19570.32
1	10	2	2	694	4	6	12	4	2	1	3	1	0.56824128	4	19571.776	19571.976	19571.976	19572.176	19572.544
1	10	2	2	695	4	6	12	5	3	1	4	1	0.60543619	5	19574.014	19574.214	19574.214	19574.414	19574.819
1	10	2	2	696	4	6	12	6	2	2	3	1	0.53975002	6	19576.252	19576.852	19576.852	19577.052	19577.392
1	10	2	2	697	4	6	12	7	1	2	2	1	0.57268645	7	19578.891	19579.491	19579.491	19579.691	19580.064
1	10	2	2	698	4	6	12	8	5	2	6	1	0.53396747	8	19581.53	19582.13	19582.13	19582.33	19582.664
1	10	2	2	699	4	6	12	9	4	2	5	1	0.68565621	9	19584.166	19584.766	19584.766	19584.966	19585.451
1	10	2	2	700	4	6	12	10	6	1	7	1	0.59683781	10	19586.804	19587.004	19587.004	19587.204	19587.601
1	10	2	2	701	4	6	12	11	3	2	4	1	0.48481941	11	19589.043	19589.643	19589.643	19589.843	19590.128
1	10	2	2	702	4	6	12	12	1	1	2	1	0.61373366	12	19591.685	19591.885	19591.885	19592.085	19592.499
1	10	2	2	703	4	6	12	13	1	2	2	1	0.61388649	13	19593.924	19594.524	19594.524	19594.724	19595.138
1	10	2	2	704	4	6	12	14	4	1	5	1	0.60515372	14	19596.564	19596.764	19596.764	19596.964	19597.369
1	10	2	2	705	4	6	12	15	2	2	3	1	0.57547005	15	19598.803	19599.403	19599.403	19599.603	19599.979
1	10	2	2	706	4	6	12	16	6	1	7	1	0.60783901	16	19601.441	19601.641	19601.641	19601.841	19602.249
1	10	2	2	707	4	6	12	17	3	1	4	1	0.57141903	17	19603.68	19603.88	19603.88	19604.08	19604.451
1	10	2	2	708	4	6	12	18	3	2	4	1	0.58964529	18	19605.926	19606.526	19606.526	19606.726	19607.116
1	10	2	2	709	4	6	12	19	4	1	5	1	0.73927953	19	19608.565	19608.765	19608.765	19608.965	19609.504
1	10	2	2	710	4	6	12	20	6	2	7	1	0.54744899	20	19610.804	19611.404	19611.404	19611.604	19611.952
1	10	2	2	711	4	6	12	21	5	2	6	1	0.66126583	21	19613.444	19614.044	19614.044	19614.244	19614.705
1	10	2	2	712	4	6	12	22	5	1	6	1	0.87663581	22	19616.083	19616.283	19616.283	19616.483	19617.159
1	10	2	2	713	4	6	12	23	6	2	7	1	0.57662806	23	19618.328	19618.928	19618.928	19619.128	19619.504
1	10	2	2	714	4	6	12	24	1	1	2	1	0.65764792	24	19620.967	19621.167	19621.167	19621.367	19621.825
1	10	2	2	715	4	6	12	25	5	1	6	1	0.72138502	25	19623.206	19623.406	19623.406	19623.607	19624.128
1	10	2	2	716	4	6	12	26	5	2	6	1	0.43772636	26	19625.446	19626.046	19626.046	19626.246	19626.483
1	10	2	2	717	4	6	12	27	6	1	7	1	0.72553842	27	19628.09	19628.29	19628.29	19628.49	19629.015
1	10	2	2	718	4	6	12	28	4	2	5	1	0.75897528	28	19630.333	19630.933	19630.933	19631.133	19631.692
1	10	2	2	719	4	6	12	29	1	2	2	1	0.70773784	29	19632.972	19633.572	19633.572	19633.772	19634.279
1	10	2	2	720	4	6	12	30	3	2	4	1	0.60461894	30	19635.611	19636.211	19636.211	19636.411	19636.816
