30	220	255	48	119	65	36	151	0	0	0	0	0	0	0	0	0	0	0	0
1	39	2	1	1	1	6	1	1	3	1	4	1	1.5791907	1	20560.581	20560.781	20560.781	20560.981	20562.36
1	39	2	1	2	1	6	1	2	1	2	2	1	0.85349535	2	20562.798	20563.398	20563.398	20563.598	20564.251
1	39	2	1	3	1	6	1	3	4	1	5	1	0.70756595	3	20565.408	20565.608	20565.608	20565.808	20566.316
1	39	2	1	4	1	6	1	4	5	1	6	1	0.92351632	4	20567.616	20567.816	20567.816	20568.016	20568.74
1	39	2	1	5	1	6	1	5	4	2	5	1	0.68549127	5	20569.822	20570.422	20570.422	20570.622	20571.107
1	39	2	1	6	1	6	1	6	1	2	2	1	1.2581579	6	20572.428	20573.028	20573.028	20573.228	20574.286
1	39	2	1	7	1	6	1	7	4	2	5	1	0.78979865	7	20575.037	20575.637	20575.637	20575.837	20576.427
1	39	2	1	8	1	6	1	8	2	1	3	1	1.3928123	8	20577.643	20577.843	20577.843	20578.043	20579.236
1	39	2	1	9	1	6	1	9	1	1	2	1	0.95676242	9	20579.85	20580.05	20580.05	20580.25	20581.006
1	39	2	1	10	1	6	1	10	3	1	4	1	0.50422838	10	20582.055	20582.255	20582.255	20582.455	20582.76
1	39	2	1	11	1	6	1	11	2	2	3	1	0.9958526	11	20584.263	20584.863	20584.863	20585.063	20585.859
1	39	2	1	12	1	6	1	12	2	2	3	1	0.64477846	12	20586.871	20587.471	20587.471	20587.671	20588.115
1	39	2	1	13	1	6	1	13	3	2	4	1	1.3089871	13	20589.478	20590.078	20590.078	20590.278	20591.386
1	39	2	1	14	1	6	1	14	6	1	7	1	0.84681269	14	20592.085	20592.285	20592.285	20592.485	20593.132
1	39	2	1	15	1	6	1	15	5	2	6	1	0.67668607	15	20594.295	20594.895	20594.895	20595.096	20595.572
1	39	2	1	16	1	6	1	16	5	1	6	1	0.81292771	16	20596.902	20597.102	20597.102	20597.302	20597.915
1	39	2	1	17	1	6	1	17	5	2	6	1	0.66239234	17	20599.109	20599.709	20599.709	20599.909	20600.371
1	39	2	1	18	1	6	1	18	2	1	3	1	1.0297236	18	20601.716	20601.916	20601.916	20602.116	20602.946
1	39	2	1	19	1	6	1	19	5	1	6	1	0.87469521	19	20603.924	20604.124	20604.124	20604.324	20604.998
1	39	2	1	20	1	6	1	20	3	1	4	1	1.2386752	20	20606.131	20606.331	20606.331	20606.531	20607.57
1	39	2	1	21	1	6	1	21	6	1	7	1	1.2022765	21	20608.338	20608.538	20608.538	20608.738	20609.741
1	39	2	1	22	1	6	1	22	1	2	2	1	0.84438501	22	20610.546	20611.146	20611.146	20611.346	20611.99
1	39	2	1	23	1	6	1	23	4	2	5	1	0.68355092	23	20613.153	20613.753	20613.753	20613.953	20614.437
1	39	2	1	24	1	6	1	24	2	1	3	1	0.76825714	24	20615.761	20615.961	20615.961	20616.161	20616.73
1	39	2	1	25	1	6	1	25	6	1	7	1	1.4383164	25	20617.968	20618.168	20618.168	20618.368	20619.607
1	39	2	1	26	1	6	1	26	1	2	2	1	0.7788402	26	20620.176	20620.776	20620.776	20620.976	20621.555
1	39	2	1	27	1	6	1	27	3	2	4	1	0.79486444	27	20622.782	20623.382	20623.382	20623.582	20624.177
1	39	2	1	28	1	6	1	28	4	1	5	1	0.7558857	28	20625.391	20625.591	20625.591	20625.791	20626.346
1	39	2	1	29	1	6	1	29	6	2	7	1	0.68768565	29	20627.599	20628.199	20628.199	20628.399	20628.886
1	39	2	1	30	1	6	1	30	6	2	7	1	0.94873911	30	20630.207	20630.807	20630.807	20631.007	20631.755
1	39	2	1	31	1	2	1	1	6	1	8	1	0.60467309	1	20648.72	20648.92	20648.921	20649.121	20649.525
1	39	2	1	32	1	2	1	2	3	2	1	1	0.3628055	2	20650.931	20651.531	20651.531	20651.731	20651.894
1	39	2	1	33	1	2	1	3	6	1	8	1	0.71033112	3	20653.54	20653.74	20653.74	20653.94	20654.451
1	39	2	1	34	1	2	1	4	4	1	8	1	0.40013713	4	20655.749	20655.949	20655.949	20656.149	20656.349
1	39	2	1	35	1	2	1	5	3	2	1	1	0.50443322	5	20657.956	20658.556	20658.556	20658.756	20659.06
1	39	2	1	36	1	2	1	6	2	2	1	1	0.48450888	6	20660.564	20661.164	20661.164	20661.364	20661.649
1	39	2	1	37	1	2	1	7	1	2	1	1	0.47782428	7	20663.173	20663.773	20663.773	20663.973	20664.25
1	39	2	1	38	1	2	1	8	5	1	8	1	0.46730995	8	20665.781	20665.981	20665.981	20666.181	20666.449
1	39	2	1	39	1	2	1	9	5	1	8	1	0.6458928	9	20667.989	20668.189	20668.189	20668.389	20668.835
1	39	2	1	40	1	2	1	10	3	1	1	1	0.42888439	10	20670.198	20670.398	20670.398	20670.598	20670.827
1	39	2	1	41	1	2	1	11	2	2	1	1	0.62064565	11	20672.406	20673.006	20673.006	20673.206	20673.627
1	39	2	1	42	1	2	1	12	5	2	8	1	0.55231129	12	20675.018	20675.618	20675.618	20675.818	20676.17
1	39	2	1	43	1	2	1	13	3	2	1	1	0.58509067	13	20677.626	20678.226	20678.226	20678.426	20678.811
1	39	2	1	44	1	2	1	14	3	1	1	1	0.64924677	14	20680.234	20680.434	20680.434	20680.634	20681.083
1	39	2	1	45	1	2	1	15	4	2	8	1	0.45722712	15	20682.443	20683.043	20683.043	20683.243	20683.5
1	39	2	1	46	1	2	1	16	1	1	1	1	0.42510936	16	20685.052	20685.252	20685.252	20685.452	20685.677
1	39	2	1	47	1	2	1	17	4	2	8	1	0.40483468	17	20687.261	20687.861	20687.861	20688.061	20688.266
1	39	2	1	48	1	2	1	18	5	1	8	1	0.43195087	18	20689.87	20690.07	20690.07	20690.27	20690.502
1	39	2	1	49	1	2	1	19	2	1	1	1	0.3890918	19	20692.079	20692.279	20692.279	20692.479	20692.668
1	39	2	1	50	1	2	1	20	2	1	1	1	0.61172258	20	20694.286	20694.486	20694.486	20694.686	20695.098
1	39	2	1	51	1	2	1	21	5	1	8	1	0.56304419	21	20696.495	20696.695	20696.695	20696.895	20697.258
1	39	2	1	52	1	2	1	22	6	2	8	1	0.40188047	22	20698.705	20699.305	20699.305	20699.505	20699.707
1	39	2	1	53	1	2	1	23	1	2	1	1	0.46731169	23	20701.313	20701.913	20701.913	20702.113	20702.381
1	39	2	1	54	1	2	1	24	2	1	1	1	0.58716119	24	20703.923	20704.123	20704.123	20704.323	20704.71
1	39	2	1	55	1	2	1	25	1	1	1	1	0.42517935	25	20706.133	20706.333	20706.333	20706.533	20706.758
1	39	2	1	56	1	2	1	26	4	2	8	1	0.50175975	26	20708.343	20708.943	20708.943	20709.143	20709.444
1	39	2	1	57	1	2	1	27	1	2	1	1	0.53329292	27	20710.952	20711.552	20711.552	20711.752	20712.086
1	39	2	1	58	1	2	1	28	4	1	8	1	0.40250614	28	20713.56	20713.76	20713.76	20713.96	20714.162
1	39	2	1	59	1	2	1	29	6	2	8	1	0.41763891	29	20715.769	20716.369	20716.37	20716.57	20716.787
1	39	2	1	60	1	2	1	30	6	2	8	1	0.35283527	30	20718.379	20718.979	20718.979	20719.179	20719.332
1	39	2	1	61	1	6	2	1	6	1	7	1	0.84009514	31	20736.18	20736.38	20736.38	20736.58	20737.22
1	39	2	1	62	1	6	2	2	3	2	4	1	0.74314656	32	20738.39	20738.99	20738.99	20739.19	20739.733
1	39	2	1	63	1	6	2	3	6	1	7	1	0.71488939	33	20741	20741.2	20741.2	20741.4	20741.915
1	39	2	1	64	1	6	2	4	4	1	5	1	0.73001364	34	20743.21	20743.41	20743.41	20743.61	20744.14
1	39	2	1	65	1	6	2	5	3	2	4	1	0.98361547	35	20745.42	20746.02	20746.02	20746.22	20747.004
1	39	2	1	66	1	6	2	6	2	2	3	1	0.85252056	36	20748.03	20748.63	20748.63	20748.83	20749.483
1	39	2	1	67	1	6	2	7	1	2	2	1	0.51079423	37	20750.639	20751.239	20751.239	20751.439	20751.75
1	39	2	1	68	1	6	2	8	5	1	6	1	0.77188721	38	20753.249	20753.449	20753.449	20753.649	20754.221
1	39	2	1	69	1	6	2	9	5	1	6	1	0.54125242	39	20755.459	20755.659	20755.659	20755.859	20756.2
1	39	2	1	70	1	6	2	10	3	1	4	1	1.2577906	40	20757.669	20757.869	20757.869	20758.069	20759.126
1	39	2	1	71	1	6	2	11	2	2	3	1	0.81381538	41	20759.879	20760.479	20760.479	20760.679	20761.293
1	39	2	1	72	1	6	2	12	5	2	6	1	0.66891219	42	20762.489	20763.089	20763.089	20763.289	20763.758
1	39	2	1	73	1	6	2	13	3	2	4	1	1.1442054	43	20765.099	20765.699	20765.699	20765.899	20766.844
1	39	2	1	74	1	6	2	14	3	1	4	1	0.60173688	44	20767.711	20767.911	20767.911	20768.111	20768.512
1	39	2	1	75	1	6	2	15	4	2	5	1	0.70666304	45	20769.921	20770.521	20770.521	20770.721	20771.228
1	39	2	1	76	1	6	2	16	1	1	2	1	0.84096143	46	20772.531	20772.731	20772.731	20772.931	20773.572
1	39	2	1	77	1	6	2	17	4	2	5	1	0.68487716	47	20774.742	20775.342	20775.342	20775.542	20776.027
1	39	2	1	78	1	6	2	18	5	1	6	1	1.0839779	48	20777.352	20777.552	20777.552	20777.752	20778.636
1	39	2	1	79	1	6	2	19	2	1	3	1	0.7926125	49	20779.563	20779.763	20779.763	20779.963	20780.555
1	39	2	1	80	1	6	2	20	2	1	3	1	0.5863829	50	20781.772	20781.972	20781.972	20782.172	20782.558
1	39	2	1	81	1	6	2	21	5	1	6	1	0.72123096	51	20783.982	20784.182	20784.182	20784.382	20784.903
1	39	2	1	82	1	6	2	22	6	2	7	1	0.60130079	52	20786.192	20786.792	20786.792	20786.992	20787.394
1	39	2	1	83	1	6	2	23	1	2	2	1	0.6882897	53	20788.803	20789.403	20789.403	20789.603	20790.091
1	39	2	1	84	1	6	2	24	2	1	3	1	1.0290204	54	20791.414	20791.614	20791.614	20791.814	20792.643
1	39	2	1	85	1	6	2	25	1	1	2	1	1.2518296	55	20793.624	20793.824	20793.824	20794.024	20795.076
1	39	2	1	86	1	6	2	26	4	2	5	1	0.65576301	56	20795.835	20796.435	20796.435	20796.635	20797.091
1	39	2	1	87	1	6	2	27	1	2	2	1	1.2701194	57	20798.446	20799.046	20799.046	20799.246	20800.316
1	39	2	1	88	1	6	2	28	4	1	5	1	0.6492377	58	20801.057	20801.257	20801.257	20801.457	20801.906
1	39	2	1	89	1	6	2	29	6	2	7	1	0.69449384	59	20803.268	20803.868	20803.868	20804.068	20804.563
1	39	2	1	90	1	6	2	30	6	2	7	1	0.7333869	60	20805.877	20806.477	20806.477	20806.677	20807.21
1	39	2	1	91	1	2	2	1	6	1	8	1	0.61835823	1	20833.251	20833.451	20833.451	20833.651	20834.07
1	39	2	1	92	1	2	2	2	1	2	1	1	0.56237888	2	20835.463	20836.063	20836.063	20836.263	20836.625
1	39	2	1	93	1	2	2	3	1	1	1	1	0.55252543	3	20838.074	20838.274	20838.274	20838.474	20838.827
1	39	2	1	94	1	2	2	4	5	1	8	1	0.45576864	4	20840.286	20840.486	20840.486	20840.686	20840.942
1	39	2	1	95	1	2	2	5	1	2	1	1	0.5631843	5	20842.497	20843.097	20843.097	20843.297	20843.66
1	39	2	1	96	1	2	2	6	2	2	1	1	0.48031989	6	20845.108	20845.708	20845.708	20845.908	20846.189
1	39	2	1	97	1	2	2	7	6	2	8	1	0.53145459	7	20847.72	20848.32	20848.32	20848.52	20848.852
1	39	2	1	98	1	2	2	8	3	1	1	1	0.48895504	8	20850.332	20850.532	20850.532	20850.732	20851.021
1	39	2	1	99	1	2	2	9	5	1	8	1	0.53275955	9	20852.545	20852.745	20852.745	20852.945	20853.278
1	39	2	1	100	1	2	2	10	5	1	8	1	0.61703226	10	20854.757	20854.957	20854.957	20855.157	20855.574
1	39	2	1	101	1	2	2	11	4	2	8	1	0.3954036	11	20856.968	20857.568	20857.568	20857.768	20857.964
1	39	2	1	102	1	2	2	12	5	2	8	1	0.41790332	12	20859.58	20860.18	20860.18	20860.38	20860.598
1	39	2	1	103	1	2	2	13	2	2	1	1	0.52363806	13	20862.192	20862.792	20862.792	20862.992	20863.316
1	39	2	1	104	1	2	2	14	2	1	1	1	0.44699516	14	20864.803	20865.003	20865.003	20865.203	20865.45
1	39	2	1	105	1	2	2	15	5	2	8	1	0.38969709	15	20867.013	20867.613	20867.613	20867.813	20868.003
1	39	2	1	106	1	2	2	16	6	1	8	1	0.40315727	16	20869.625	20869.825	20869.825	20870.025	20870.228
1	39	2	1	107	1	2	2	17	3	2	1	1	0.5004619	17	20871.837	20872.437	20872.437	20872.637	20872.937
1	39	2	1	108	1	2	2	18	3	1	1	1	0.56133599	18	20874.449	20874.649	20874.649	20874.849	20875.21
1	39	2	1	109	1	2	2	19	3	1	1	1	0.47951864	19	20876.661	20876.861	20876.861	20877.061	20877.341
1	39	2	1	110	1	2	2	20	4	1	8	1	0.44997518	20	20878.873	20879.073	20879.073	20879.273	20879.523
1	39	2	1	111	1	2	2	21	4	1	8	1	0.48679931	21	20881.086	20881.286	20881.286	20881.486	20881.773
1	39	2	1	112	1	2	2	22	1	2	1	1	0.44287935	22	20883.298	20883.898	20883.898	20884.098	20884.341
1	39	2	1	113	1	2	2	23	6	2	8	1	0.37791597	23	20885.91	20886.51	20886.51	20886.71	20886.888
1	39	2	1	114	1	2	2	24	4	1	8	1	0.41051327	24	20888.52	20888.72	20888.72	20888.921	20889.131
1	39	2	1	115	1	2	2	25	2	1	1	1	0.52766196	25	20890.733	20890.933	20890.933	20891.133	20891.461
1	39	2	1	116	1	2	2	26	3	2	1	1	0.42762062	26	20892.962	20893.562	20893.562	20893.762	20893.99
1	39	2	1	117	1	2	2	27	4	2	8	1	0.50691484	27	20895.575	20896.175	20896.175	20896.375	20896.682
1	39	2	1	118	1	2	2	28	2	1	1	1	0.50979651	28	20898.188	20898.388	20898.388	20898.588	20898.898
1	39	2	1	119	1	2	2	29	1	2	1	1	0.5165921	29	20900.398	20900.998	20900.998	20901.198	20901.515
1	39	2	1	120	1	2	2	30	6	2	8	1	0.47419776	30	20903.011	20903.611	20903.611	20903.811	20904.085
1	39	2	1	121	1	6	3	1	6	1	7	1	0.93838031	31	20935.564	20935.764	20935.764	20935.964	20936.702
1	39	2	1	122	1	6	3	2	1	2	2	1	0.78200684	32	20937.777	20938.377	20938.377	20938.577	20939.159
1	39	2	1	123	1	6	3	3	1	1	2	1	0.67180947	33	20940.389	20940.589	20940.589	20940.789	20941.261
1	39	2	1	124	1	6	3	4	5	1	6	1	0.77857478	34	20942.602	20942.802	20942.802	20943.002	20943.58
1	39	2	1	125	1	6	3	5	1	2	2	1	0.82376795	35	20944.813	20945.413	20945.413	20945.613	20946.237
1	39	2	1	126	1	6	3	6	2	2	3	1	1.0345261	36	20947.426	20948.026	20948.026	20948.226	20949.061
1	39	2	1	127	1	6	3	7	6	2	7	1	0.71214105	37	20950.036	20950.636	20950.636	20950.836	20951.349
1	39	2	1	128	1	6	3	8	3	1	4	1	1.1801564	38	20952.647	20952.847	20952.847	20953.047	20954.027
1	39	2	1	129	1	6	3	9	5	1	6	1	0.72891527	39	20954.86	20955.06	20955.06	20955.26	20955.789
1	39	2	1	130	1	6	3	10	5	1	6	1	0.77013945	40	20957.073	20957.273	20957.273	20957.473	20958.043
1	39	2	1	131	1	6	3	11	4	2	5	1	0.6559161	41	20959.286	20959.886	20959.886	20960.086	20960.542
1	39	2	1	132	1	6	3	12	5	2	6	1	0.68556434	42	20961.9	20962.5	20962.5	20962.7	20963.186
1	39	2	1	133	1	6	3	13	2	2	3	1	0.81801647	43	20964.513	20965.113	20965.113	20965.313	20965.931
1	39	2	1	134	1	6	3	14	2	1	3	1	0.60782074	44	20967.126	20967.326	20967.326	20967.526	20967.934
1	39	2	1	135	1	6	3	15	5	2	6	1	0.80753791	45	20969.34	20969.94	20969.94	20970.14	20970.748
1	39	2	1	136	1	6	3	16	6	1	7	1	0.73081518	46	20971.954	20972.154	20972.154	20972.354	20972.884
1	39	2	1	137	1	6	3	17	3	2	4	1	0.91802311	47	20974.165	20974.765	20974.765	20974.965	20975.683
1	39	2	1	138	1	6	3	18	3	1	4	1	0.55455846	48	20976.778	20976.978	20976.978	20977.178	20977.533
1	39	2	1	139	1	6	3	19	3	1	4	1	0.77613228	49	20978.992	20979.192	20979.192	20979.392	20979.968
1	39	2	1	140	1	6	3	20	4	1	5	1	0.73568395	50	20981.205	20981.405	20981.405	20981.605	20982.141
1	39	2	1	141	1	6	3	21	4	1	5	1	0.71319612	51	20983.419	20983.619	20983.619	20983.819	20984.332
1	39	2	1	142	1	6	3	22	1	2	2	1	0.74732747	52	20985.632	20986.232	20986.232	20986.432	20986.979
1	39	2	1	143	1	6	3	23	6	2	7	1	0.73385906	53	20988.246	20988.846	20988.846	20989.046	20989.58
1	39	2	1	144	1	6	3	24	4	1	5	1	0.75236364	54	20990.86	20991.06	20991.06	20991.26	20991.812
1	39	2	1	145	1	6	3	25	2	1	3	1	0.93792569	55	20993.073	20993.273	20993.273	20993.473	20994.211
1	39	2	1	146	1	6	3	26	3	2	4	1	1.2933784	56	20995.287	20995.887	20995.887	20996.087	20997.181
1	39	2	1	147	1	6	3	27	4	2	5	1	0.64808278	57	20997.901	20998.501	20998.501	20998.701	20999.149
1	39	2	1	148	1	6	3	28	2	1	3	1	0.78673974	58	21000.515	21000.715	21000.715	21000.915	21001.501
1	39	2	1	149	1	6	3	29	1	2	2	1	0.74514245	59	21002.729	21003.329	21003.329	21003.529	21004.074
1	39	2	1	150	1	6	3	30	6	2	7	1	0.71045293	60	21005.343	21005.943	21005.943	21006.143	21006.653
1	39	2	1	151	1	2	3	1	6	1	8	1	0.68688804	1	21019.125	21019.325	21019.325	21019.525	21020.012
1	39	2	1	152	1	2	3	2	1	2	1	1	0.35334679	2	21021.339	21021.939	21021.939	21022.139	21022.293
1	39	2	1	153	1	2	3	3	4	1	8	1	0.34832058	3	21023.954	21024.154	21024.154	21024.354	21024.502
1	39	2	1	154	1	2	3	4	6	1	8	1	0.38729392	4	21026.168	21026.368	21026.368	21026.568	21026.755
1	39	2	1	155	1	2	3	5	4	2	8	1	0.41592593	5	21028.381	21028.981	21028.981	21029.181	21029.396
1	39	2	1	156	1	2	3	6	2	2	1	1	0.55992402	6	21030.995	21031.595	21031.595	21031.795	21032.155
1	39	2	1	157	1	2	3	7	4	2	8	1	0.48270966	7	21033.615	21034.215	21034.215	21034.415	21034.698
1	39	2	1	158	1	2	3	8	1	1	1	1	0.53734638	8	21036.227	21036.427	21036.427	21036.627	21036.964
1	39	2	1	159	1	2	3	9	4	1	8	1	0.5168233	9	21038.438	21038.638	21038.638	21038.839	21039.155
1	39	2	1	160	1	2	3	10	5	1	8	1	0.71392108	10	21040.652	21040.852	21040.852	21041.053	21041.566
1	39	2	1	161	1	2	3	11	2	2	1	1	0.48970261	11	21042.866	21043.466	21043.466	21043.667	21043.956
1	39	2	1	162	1	2	3	12	2	2	1	1	0.53169043	12	21045.481	21046.081	21046.081	21046.281	21046.613
1	39	2	1	163	1	2	3	13	3	2	1	1	0.49397455	13	21048.096	21048.696	21048.696	21048.896	21049.19
1	39	2	1	164	1	2	3	14	3	1	1	1	0.5326709	14	21050.711	21050.911	21050.911	21051.111	21051.443
1	39	2	1	165	1	2	3	15	5	2	8	1	0.62769106	15	21052.925	21053.525	21053.525	21053.725	21054.153
1	39	2	1	166	1	2	3	16	4	1	8	1	0.47699201	16	21055.537	21055.737	21055.737	21055.937	21056.214
1	39	2	1	167	1	2	3	17	5	2	8	1	0.45914008	17	21057.75	21058.35	21058.35	21058.55	21058.809
1	39	2	1	168	1	2	3	18	6	1	8	1	0.48116536	18	21060.365	21060.565	21060.565	21060.765	21061.046
1	39	2	1	169	1	2	3	19	6	1	8	1	0.39888791	19	21062.58	21062.78	21062.78	21062.98	21063.179
1	39	2	1	170	1	2	3	20	3	1	1	1	0.47260342	20	21064.795	21064.995	21064.995	21065.195	21065.467
1	39	2	1	171	1	2	3	21	3	1	1	1	0.61840628	21	21067.009	21067.209	21067.209	21067.409	21067.827
1	39	2	1	172	1	2	3	22	1	2	1	1	0.49130678	22	21069.224	21069.824	21069.824	21070.024	21070.315
1	39	2	1	173	1	2	3	23	2	2	1	1	0.42319647	23	21071.838	21072.438	21072.438	21072.638	21072.862
1	39	2	1	174	1	2	3	24	5	1	8	1	0.46306095	24	21074.454	21074.654	21074.654	21074.854	21075.117
1	39	2	1	175	1	2	3	25	3	1	1	1	0.68236594	25	21076.669	21076.869	21076.869	21077.069	21077.551
1	39	2	1	176	1	2	3	26	5	2	8	1	0.59255453	26	21078.881	21079.481	21079.481	21079.681	21080.074
1	39	2	1	177	1	2	3	27	1	2	8	0	0.38781348	26	21081.496	21082.096	21082.096	21082.296	21082.484
1	39	2	1	178	1	2	3	28	6	1	1	0	0.45563804	26	21084.412	21084.612	21084.612	21084.812	21085.068
1	39	2	1	179	1	2	3	29	1	2	1	1	0.57281496	27	21086.928	21087.528	21087.528	21087.728	21088.101
1	39	2	1	180	1	2	3	30	2	2	1	1	0.61574686	28	21089.543	21090.143	21090.143	21090.343	21090.759
1	39	2	1	181	2	6	4	1	6	1	7	1	0.89035575	29	21520.226	21520.426	21520.426	21520.626	21521.316
1	39	2	1	182	2	6	4	2	1	2	2	1	0.6261965	30	21522.442	21523.042	21523.042	21523.242	21523.668
1	39	2	1	183	2	6	4	3	4	1	5	1	0.61975713	31	21525.057	21525.257	21525.257	21525.457	21525.877
1	39	2	1	184	2	6	4	4	6	1	7	1	0.83483796	32	21527.273	21527.473	21527.473	21527.673	21528.308
1	39	2	1	185	2	6	4	5	4	2	5	1	0.63459823	33	21529.488	21530.088	21530.088	21530.288	21530.722
1	39	2	1	186	2	6	4	6	2	2	3	1	0.66827943	34	21532.103	21532.703	21532.703	21532.903	21533.371
1	39	2	1	187	2	6	4	7	4	2	5	1	0.65497233	35	21534.719	21535.319	21535.319	21535.519	21535.974
1	39	2	1	188	2	6	4	8	1	1	2	1	0.70804843	36	21537.335	21537.535	21537.535	21537.735	21538.243
1	39	2	1	189	2	6	4	9	4	1	5	1	0.87109224	37	21539.55	21539.75	21539.75	21539.95	21540.621
1	39	2	1	190	2	6	4	10	5	1	6	1	0.72751384	38	21541.766	21541.966	21541.966	21542.166	21542.694
1	39	2	1	191	2	6	4	11	2	2	3	1	0.8003549	39	21544.011	21544.611	21544.611	21544.811	21545.411
1	39	2	1	192	2	6	4	12	2	2	3	1	0.60714095	40	21546.627	21547.227	21547.227	21547.427	21547.834
1	39	2	1	193	2	6	4	13	3	2	4	1	0.81017003	41	21549.241	21549.841	21549.841	21550.041	21550.651
1	39	2	1	194	2	6	4	14	3	1	4	1	0.94602435	42	21551.857	21552.057	21552.057	21552.257	21553.003
1	39	2	1	195	2	6	4	15	5	2	6	1	0.74314857	43	21554.071	21554.671	21554.671	21554.871	21555.414
1	39	2	1	196	2	6	4	16	4	1	5	1	0.74717519	44	21556.686	21556.886	21556.886	21557.087	21557.634
1	39	2	1	197	2	6	4	17	5	2	6	1	0.63611256	45	21558.903	21559.503	21559.503	21559.703	21560.139
1	39	2	1	198	2	6	4	18	6	1	7	1	0.70714615	46	21561.519	21561.719	21561.719	21561.919	21562.426
1	39	2	1	199	2	6	4	19	6	1	7	1	0.67718738	47	21563.735	21563.935	21563.935	21564.135	21564.612
1	39	2	1	200	2	6	4	20	3	1	4	1	1.0570999	48	21565.956	21566.156	21566.156	21566.356	21567.213
1	39	2	1	201	2	6	4	21	3	1	4	1	0.79318327	49	21568.172	21568.372	21568.372	21568.572	21569.165
1	39	2	1	202	2	6	4	22	1	2	2	1	0.90966026	50	21570.388	21570.988	21570.988	21571.188	21571.898
1	39	2	1	203	2	6	4	23	2	2	3	1	0.9215755	51	21573.004	21573.604	21573.604	21573.804	21574.526
1	39	2	1	204	2	6	4	24	5	1	6	1	0.74290926	52	21575.621	21575.821	21575.821	21576.021	21576.564
1	39	2	1	205	2	6	4	25	3	1	4	1	0.88500473	53	21577.837	21578.037	21578.037	21578.237	21578.922
1	39	2	1	206	2	6	4	26	5	2	6	1	0.66123484	54	21580.054	21580.654	21580.654	21580.854	21581.315
1	39	2	1	207	2	6	4	27	1	2	2	1	0.63562636	55	21582.67	21583.27	21583.27	21583.47	21583.906
1	39	2	1	208	2	6	4	28	6	1	7	1	0.76523953	56	21585.286	21585.486	21585.486	21585.686	21586.251
1	39	2	1	209	2	6	4	29	1	2	2	1	0.82011679	57	21587.503	21588.103	21588.103	21588.303	21588.923
1	39	2	1	210	2	6	4	30	2	2	3	1	0.77502998	58	21590.119	21590.719	21590.719	21590.919	21591.494
1	39	2	1	211	2	2	4	1	1	1	1	1	0.84875946	1	21620.795	21620.995	21620.995	21621.195	21621.844
1	39	2	1	212	2	2	4	2	6	2	8	1	0.59537292	2	21623.013	21623.613	21623.613	21623.813	21624.208
1	39	2	1	213	2	2	4	3	4	1	8	1	0.50113212	3	21625.63	21625.83	21625.83	21626.03	21626.331
1	39	2	1	214	2	2	4	4	3	1	1	1	0.59826718	4	21627.846	21628.046	21628.046	21628.246	21628.645
1	39	2	1	215	2	2	4	5	6	2	8	1	0.46683264	5	21630.064	21630.664	21630.664	21630.864	21631.13
1	39	2	1	216	2	2	4	6	5	2	8	1	0.41275326	6	21632.68	21633.28	21633.28	21633.48	21633.693
1	39	2	1	217	2	2	4	7	3	2	1	1	0.51500225	7	21635.297	21635.897	21635.897	21636.097	21636.412
1	39	2	1	218	2	2	4	8	6	1	8	1	0.5284714	8	21637.914	21638.114	21638.114	21638.314	21638.643
1	39	2	1	219	2	2	4	9	5	1	8	1	1.1491025	9	21640.129	21640.329	21640.329	21640.529	21641.478
1	39	2	1	220	2	2	4	10	1	1	1	1	0.48212603	10	21642.347	21642.547	21642.547	21642.747	21643.029
1	39	2	1	221	2	2	4	11	5	2	8	1	0.69507118	11	21644.564	21645.164	21645.164	21645.364	21645.859
1	39	2	1	222	2	2	4	12	1	2	1	1	0.49967087	12	21647.182	21647.782	21647.782	21647.982	21648.282
1	39	2	1	223	2	2	4	13	3	2	1	1	0.55616911	13	21649.8	21650.4	21650.4	21650.6	21650.956
1	39	2	1	224	2	2	4	14	6	1	8	1	0.37929014	14	21652.417	21652.617	21652.617	21652.817	21652.997
1	39	2	1	225	2	2	4	15	3	2	1	1	0.68811253	15	21654.635	21655.235	21655.235	21655.435	21655.923
1	39	2	1	226	2	2	4	16	3	1	1	1	0.69005772	16	21657.252	21657.452	21657.452	21657.652	21658.142
1	39	2	1	227	2	2	4	17	4	2	8	1	0.45411618	17	21659.47	21660.07	21660.07	21660.27	21660.524
1	39	2	1	228	2	2	4	18	5	1	8	1	0.47144369	18	21662.084	21662.284	21662.284	21662.484	21662.756
1	39	2	1	229	2	2	4	19	2	1	1	1	0.39731981	19	21664.302	21664.502	21664.502	21664.702	21664.9
1	39	2	1	230	2	2	4	20	2	1	1	1	0.57248456	20	21666.52	21666.72	21666.72	21666.92	21667.293
1	39	2	1	231	2	2	4	21	1	1	1	1	0.65139969	21	21668.738	21668.938	21668.938	21669.138	21669.589
1	39	2	1	232	2	2	4	22	4	2	8	1	0.52612045	22	21670.956	21671.556	21671.556	21671.756	21672.082
1	39	2	1	233	2	2	4	23	5	2	8	1	0.51097961	23	21673.574	21674.174	21674.174	21674.374	21674.685
1	39	2	1	234	2	2	4	24	2	1	1	1	0.46584652	24	21676.192	21676.392	21676.392	21676.592	21676.858
1	39	2	1	235	2	2	4	25	4	1	8	1	0.6618618	25	21678.408	21678.608	21678.608	21678.808	21679.27
1	39	2	1	236	2	2	4	26	1	2	1	1	0.47624543	26	21680.625	21681.225	21681.225	21681.425	21681.702
1	39	2	1	237	2	2	4	27	2	2	1	1	0.5224315	27	21683.243	21683.843	21683.843	21684.043	21684.366
1	39	2	1	238	2	2	4	28	4	1	8	1	0.64361449	28	21685.861	21686.061	21686.061	21686.261	21686.705
1	39	2	1	239	2	2	4	29	6	2	8	1	0.586385	29	21688.08	21688.68	21688.68	21688.88	21689.267
1	39	2	1	240	2	2	4	30	2	2	1	1	0.51171198	30	21690.698	21691.298	21691.298	21691.498	21691.81
1	39	2	1	241	2	6	5	1	1	1	2	1	0.70315618	31	21721.404	21721.604	21721.604	21721.804	21722.307
1	39	2	1	242	2	6	5	2	6	2	7	1	0.90552609	32	21723.621	21724.221	21724.221	21724.421	21725.126
1	39	2	1	243	2	6	5	3	4	1	5	1	0.63056039	33	21726.236	21726.436	21726.436	21726.636	21727.066
1	39	2	1	244	2	6	5	4	3	1	4	1	0.92618214	34	21728.455	21728.655	21728.655	21728.855	21729.581
1	39	2	1	245	2	6	5	5	6	2	7	1	0.84265844	35	21730.674	21731.274	21731.274	21731.474	21732.117
1	39	2	1	246	2	6	5	6	5	2	6	1	0.6143524	36	21733.293	21733.893	21733.893	21734.093	21734.508
1	39	2	1	247	2	6	5	7	3	2	4	1	1.3921968	37	21735.912	21736.512	21736.512	21736.712	21737.904
1	39	2	1	248	2	6	5	8	6	1	7	1	0.77047141	38	21738.531	21738.731	21738.731	21738.931	21739.501
1	39	2	1	249	2	6	5	9	5	1	6	1	0.64493013	39	21740.749	21740.949	21740.949	21741.149	21741.594
1	39	2	1	250	2	6	5	10	1	1	2	1	1.0580379	40	21742.968	21743.168	21743.168	21743.368	21744.226
1	39	2	1	251	2	6	5	11	5	2	6	1	0.68335648	41	21745.187	21745.787	21745.787	21745.987	21746.47
1	39	2	1	252	2	6	5	12	1	2	2	1	1.316928	42	21747.806	21748.406	21748.406	21748.606	21749.723
1	39	2	1	253	2	6	5	13	3	2	4	1	0.92960757	43	21750.425	21751.025	21751.025	21751.225	21751.955
1	39	2	1	254	2	6	5	14	6	1	7	1	0.745294	44	21753.044	21753.244	21753.244	21753.444	21753.989
1	39	2	1	255	2	6	5	15	3	2	4	1	0.83671765	45	21755.263	21755.863	21755.863	21756.063	21756.7
1	39	2	1	256	2	6	5	16	3	1	4	1	0.69713002	46	21757.882	21758.082	21758.082	21758.282	21758.779
1	39	2	1	257	2	6	5	17	4	2	5	1	0.70838014	47	21760.103	21760.703	21760.703	21760.903	21761.411
1	39	2	1	258	2	6	5	18	5	1	6	1	0.64436668	48	21762.721	21762.921	21762.921	21763.121	21763.566
1	39	2	1	259	2	6	5	19	2	1	3	1	0.98788089	49	21764.937	21765.137	21765.137	21765.337	21766.125
1	39	2	1	260	2	6	5	20	2	1	3	1	0.58766007	50	21767.181	21767.381	21767.381	21767.581	21767.968
1	39	2	1	261	2	6	5	21	1	1	2	1	0.73752659	51	21769.4	21769.6	21769.6	21769.8	21770.338
1	39	2	1	262	2	6	5	22	4	2	5	1	0.69167175	52	21771.619	21772.219	21772.219	21772.419	21772.911
1	39	2	1	263	2	6	5	23	5	2	6	1	0.78907875	53	21774.238	21774.838	21774.838	21775.038	21775.627
1	39	2	1	264	2	6	5	24	2	1	3	1	1.1724856	54	21776.858	21777.058	21777.058	21777.258	21778.23
1	39	2	1	265	2	6	5	25	4	1	5	1	0.78361979	55	21779.077	21779.277	21779.277	21779.477	21780.06
1	39	2	1	266	2	6	5	26	1	2	2	1	0.6915604	56	21781.296	21781.896	21781.896	21782.096	21782.587
1	39	2	1	267	2	6	5	27	2	2	3	1	1.0357567	57	21783.916	21784.516	21784.516	21784.716	21785.552
1	39	2	1	268	2	6	5	28	4	1	5	1	0.70316886	58	21786.535	21786.735	21786.735	21786.935	21787.438
1	39	2	1	269	2	6	5	29	6	2	7	1	0.73274652	59	21788.751	21789.351	21789.351	21789.551	21790.084
1	39	2	1	270	2	6	5	30	2	2	3	1	0.95165427	60	21791.372	21791.972	21791.972	21792.172	21792.923
1	39	2	1	271	2	2	5	1	5	1	8	1	0.66375247	1	21822.053	21822.253	21822.253	21822.453	21822.917
1	39	2	1	272	2	2	5	2	4	2	8	1	0.47467129	2	21824.273	21824.873	21824.873	21825.073	21825.347
1	39	2	1	273	2	2	5	3	6	1	8	1	0.46350223	3	21826.895	21827.095	21827.095	21827.295	21827.558
1	39	2	1	274	2	2	5	4	3	1	1	1	0.48095188	4	21829.114	21829.314	21829.314	21829.514	21829.795
1	39	2	1	275	2	2	5	5	4	2	8	1	0.501286	5	21831.334	21831.934	21831.934	21832.134	21832.435
1	39	2	1	276	2	2	5	6	6	2	8	1	0.40064652	6	21833.954	21834.554	21834.554	21834.754	21834.955
1	39	2	1	277	2	2	5	7	3	2	1	1	0.55446292	7	21836.571	21837.171	21837.171	21837.371	21837.726
1	39	2	1	278	2	2	5	8	5	1	8	1	0.77037988	8	21839.191	21839.391	21839.391	21839.591	21840.162
1	39	2	1	279	2	2	5	9	1	1	1	1	0.52499058	9	21841.412	21841.612	21841.612	21841.812	21842.137
1	39	2	1	280	2	2	5	10	5	1	8	1	0.73850887	10	21843.634	21843.834	21843.834	21844.034	21844.572
1	39	2	1	281	2	2	5	11	6	2	8	1	0.56790443	11	21845.854	21846.454	21846.454	21846.654	21847.022
1	39	2	1	282	2	2	5	12	3	2	1	1	0.46605487	12	21848.475	21849.075	21849.075	21849.275	21849.541
1	39	2	1	283	2	2	5	13	4	2	8	1	0.46798336	13	21851.096	21851.696	21851.696	21851.896	21852.164
1	39	2	1	284	2	2	5	14	1	1	1	1	0.58128201	14	21853.718	21853.918	21853.918	21854.118	21854.5
1	39	2	1	285	2	2	5	15	2	2	1	1	0.49960695	15	21855.938	21856.538	21856.538	21856.738	21857.038
1	39	2	1	286	2	2	5	16	2	1	1	1	0.49941298	16	21858.559	21858.759	21858.759	21858.959	21859.258
1	39	2	1	287	2	2	5	17	4	2	8	1	0.44340286	17	21860.779	21861.379	21861.379	21861.579	21861.822
1	39	2	1	288	2	2	5	18	6	1	8	1	0.66564035	18	21863.4	21863.6	21863.6	21863.8	21864.266
1	39	2	1	289	2	2	5	19	2	1	1	1	0.69271698	19	21865.623	21865.823	21865.823	21866.023	21866.516
1	39	2	1	290	2	2	5	20	3	1	1	1	0.69456041	20	21867.843	21868.043	21868.043	21868.243	21868.738
1	39	2	1	291	2	2	5	21	5	1	8	1	0.52413617	21	21870.064	21870.264	21870.264	21870.464	21870.788
1	39	2	1	292	2	2	5	22	1	2	1	1	0.57565353	22	21872.308	21872.908	21872.908	21873.108	21873.484
1	39	2	1	293	2	2	5	23	2	2	1	1	0.44918838	23	21874.929	21875.529	21875.529	21875.729	21875.978
1	39	2	1	294	2	2	5	24	5	1	8	1	0.49057133	24	21877.55	21877.75	21877.75	21877.95	21878.24
1	39	2	1	295	2	2	5	25	2	1	1	1	0.53650767	25	21879.771	21879.971	21879.971	21880.171	21880.507
1	39	2	1	296	2	2	5	26	6	2	8	1	0.51006202	26	21881.99	21882.59	21882.59	21882.79	21883.1
1	39	2	1	297	2	2	5	27	1	2	1	1	0.44992494	27	21884.61	21885.21	21885.21	21885.41	21885.66
1	39	2	1	298	2	2	5	28	1	1	1	1	0.59138733	28	21887.23	21887.43	21887.43	21887.63	21888.022
1	39	2	1	299	2	2	5	29	3	2	1	1	0.53467104	29	21889.451	21890.051	21890.051	21890.251	21890.586
1	39	2	1	300	2	2	5	30	4	2	8	1	0.51725063	30	21892.07	21892.67	21892.67	21892.87	21893.188
1	39	2	1	301	2	6	6	1	5	1	6	1	0.77792366	31	21922.772	21922.972	21922.972	21923.172	21923.75
1	39	2	1	302	2	6	6	2	4	2	5	1	0.60484409	32	21924.993	21925.593	21925.593	21925.793	21926.198
1	39	2	1	303	2	6	6	3	6	1	7	1	0.70075287	33	21927.614	21927.814	21927.814	21928.014	21928.514
1	39	2	1	304	2	6	6	4	3	1	4	1	1.1042848	34	21929.834	21930.034	21930.034	21930.234	21931.138
1	39	2	1	305	2	6	6	5	4	2	5	1	0.83343902	35	21932.052	21932.652	21932.652	21932.852	21933.486
1	39	2	1	306	2	6	6	6	6	2	7	1	0.69025906	36	21934.673	21935.273	21935.273	21935.473	21935.963
1	39	2	1	307	2	6	6	7	3	2	4	1	0.99162517	37	21937.294	21937.894	21937.894	21938.094	21938.886
1	39	2	1	308	2	6	6	8	5	1	6	1	0.80925831	38	21939.915	21940.115	21940.115	21940.315	21940.924
1	39	2	1	309	2	6	6	9	1	1	2	1	0.56707736	39	21942.139	21942.339	21942.339	21942.539	21942.906
1	39	2	1	310	2	6	6	10	5	1	6	1	0.75590285	40	21944.383	21944.583	21944.583	21944.783	21945.338
1	39	2	1	311	2	6	6	11	6	2	7	1	0.4471924	41	21946.604	21947.204	21947.204	21947.404	21947.651
1	39	2	1	312	2	6	6	12	3	2	4	1	0.91692056	42	21949.225	21949.825	21949.825	21950.025	21950.742
1	39	2	1	313	2	6	6	13	4	2	5	1	0.61203533	43	21951.846	21952.446	21952.446	21952.646	21953.058
1	39	2	1	314	2	6	6	14	1	1	2	1	0.7529845	44	21954.468	21954.668	21954.668	21954.868	21955.421
1	39	2	1	315	2	6	6	15	2	2	3	1	0.71663097	45	21956.689	21957.289	21957.289	21957.489	21958.006
1	39	2	1	316	2	6	6	16	2	1	3	1	1.020571	46	21959.311	21959.511	21959.511	21959.711	21960.532
1	39	2	1	317	2	6	6	17	4	2	5	1	0.67811674	47	21961.533	21962.133	21962.133	21962.333	21962.811
1	39	2	1	318	2	6	6	18	6	1	7	1	0.71863698	48	21964.157	21964.357	21964.357	21964.557	21965.076
1	39	2	1	319	2	6	6	19	2	1	3	1	1.3285007	49	21966.377	21966.577	21966.577	21966.777	21967.906
1	39	2	1	320	2	6	6	20	3	1	4	1	0.76500044	50	21968.598	21968.798	21968.798	21968.998	21969.563
1	39	2	1	321	2	6	6	21	5	1	6	1	0.63289491	51	21970.819	21971.019	21971.019	21971.219	21971.652
1	39	2	1	322	2	6	6	22	1	2	2	1	0.69029866	52	21973.041	21973.641	21973.641	21973.841	21974.331
1	39	2	1	323	2	6	6	23	2	2	3	1	0.85252099	53	21975.663	21976.263	21976.263	21976.463	21977.115
1	39	2	1	324	2	6	6	24	5	1	6	1	0.84670443	54	21978.284	21978.484	21978.484	21978.684	21979.331
1	39	2	1	325	2	6	6	25	2	1	3	1	0.87701728	55	21980.503	21980.703	21980.703	21980.903	21981.58
1	39	2	1	326	2	6	6	26	6	2	7	1	0.70447805	56	21982.725	21983.325	21983.325	21983.525	21984.03
1	39	2	1	327	2	6	6	27	1	2	2	1	0.78446363	57	21985.346	21985.946	21985.946	21986.146	21986.73
1	39	2	1	328	2	6	6	28	1	1	2	1	0.80280011	58	21987.967	21988.167	21988.167	21988.367	21988.97
1	39	2	1	329	2	6	6	29	3	2	4	1	1.0151763	59	21990.189	21990.789	21990.789	21990.99	21991.805
1	39	2	1	330	2	6	6	30	4	2	5	1	1.0638836	60	21992.811	21993.411	21993.411	21993.611	21994.474
1	39	2	1	331	2	2	6	1	1	1	1	1	0.45471756	1	22023.491	22023.691	22023.691	22023.891	22024.146
1	39	2	1	332	2	2	6	2	2	2	1	1	0.52899379	2	22025.714	22026.314	22026.314	22026.514	22026.843
1	39	2	1	333	2	2	6	3	4	1	8	1	0.4374106	3	22028.333	22028.533	22028.533	22028.733	22028.97
1	39	2	1	334	2	2	6	4	2	1	1	1	0.52153542	4	22030.555	22030.755	22030.755	22030.955	22031.277
1	39	2	1	335	2	2	6	5	3	2	1	1	0.5398656	5	22032.777	22033.377	22033.377	22033.577	22033.917
1	39	2	1	336	2	2	6	6	3	2	1	1	0.49121461	6	22035.4	22036	22036	22036.2	22036.491
1	39	2	1	337	2	2	6	7	2	2	1	1	0.50046996	7	22038.022	22038.622	22038.622	22038.822	22039.123
1	39	2	1	338	2	2	6	8	5	1	8	1	0.48565059	8	22040.645	22040.845	22040.845	22041.045	22041.33
1	39	2	1	339	2	2	6	9	4	1	8	1	0.53811989	9	22042.864	22043.064	22043.064	22043.264	22043.603
1	39	2	1	340	2	2	6	10	1	1	1	1	0.66165354	10	22045.087	22045.287	22045.287	22045.487	22045.948
1	39	2	1	341	2	2	6	11	6	2	8	1	0.47197509	11	22047.309	22047.909	22047.909	22048.109	22048.381
1	39	2	1	342	2	2	6	12	6	2	8	1	0.44943322	12	22049.932	22050.532	22050.532	22050.732	22050.982
1	39	2	1	343	2	2	6	13	5	2	8	1	0.45962788	13	22052.552	22053.152	22053.152	22053.352	22053.611
1	39	2	1	344	2	2	6	14	3	1	1	1	0.55632541	14	22055.174	22055.374	22055.374	22055.574	22055.931
1	39	2	1	345	2	2	6	15	4	2	8	1	0.53634815	15	22057.394	22057.994	22057.994	22058.194	22058.53
1	39	2	1	346	2	2	6	16	1	1	1	1	0.45030664	16	22060.016	22060.216	22060.216	22060.416	22060.667
1	39	2	1	347	2	2	6	17	3	2	1	1	0.44618324	17	22062.239	22062.839	22062.839	22063.039	22063.285
1	39	2	1	348	2	2	6	18	5	1	8	1	0.44738607	18	22064.862	22065.062	22065.062	22065.262	22065.509
1	39	2	1	349	2	2	6	19	4	1	8	1	0.46462321	19	22067.085	22067.285	22067.285	22067.485	22067.75
1	39	2	1	350	2	2	6	20	2	1	1	1	0.60131008	20	22069.308	22069.508	22069.508	22069.708	22070.109
1	39	2	1	351	2	2	6	21	5	1	8	1	0.58010197	21	22071.528	22071.728	22071.728	22071.928	22072.309
1	39	2	1	352	2	2	6	22	1	2	1	1	0.50781924	22	22073.751	22074.351	22074.351	22074.551	22074.859
1	39	2	1	353	2	2	6	23	4	2	8	1	0.54122103	23	22076.374	22076.974	22076.974	22077.174	22077.515
1	39	2	1	354	2	2	6	24	3	1	1	1	0.54680956	24	22078.995	22079.195	22079.195	22079.395	22079.742
1	39	2	1	355	2	2	6	25	2	1	1	1	0.78526036	25	22081.219	22081.419	22081.42	22081.62	22082.205
1	39	2	1	356	2	2	6	26	1	2	1	1	0.68957264	26	22083.444	22084.044	22084.044	22084.244	22084.733
1	39	2	1	357	2	2	6	27	6	2	8	1	0.53036271	27	22086.065	22086.665	22086.665	22086.865	22087.196
1	39	2	1	358	2	2	6	28	5	1	8	1	0.50442263	28	22088.691	22088.891	22088.891	22089.091	22089.395
1	39	2	1	359	2	2	6	29	6	2	8	1	0.40857666	29	22090.914	22091.514	22091.514	22091.714	22091.923
1	39	2	1	360	2	2	6	30	6	2	8	1	0.44056459	30	22093.538	22094.138	22094.138	22094.338	22094.579
1	39	2	1	361	3	6	7	1	1	1	2	1	0.52892355	31	23181.402	23181.602	23181.602	23181.802	23182.131
1	39	2	1	362	3	6	7	2	2	2	3	1	0.84355182	32	23183.626	23184.226	23184.226	23184.426	23185.069
1	39	2	1	363	3	6	7	3	4	1	5	1	0.72283661	33	23186.25	23186.45	23186.45	23186.65	23187.173
1	39	2	1	364	3	6	7	4	2	1	3	1	0.77794414	34	23188.473	23188.673	23188.673	23188.873	23189.451
1	39	2	1	365	3	6	7	5	3	2	4	1	0.6666779	35	23190.697	23191.297	23191.297	23191.497	23191.963
1	39	2	1	366	3	6	7	6	3	2	4	1	0.77979992	36	23193.32	23193.92	23193.92	23194.12	23194.7
1	39	2	1	367	3	6	7	7	2	2	3	1	0.71400261	37	23195.944	23196.544	23196.544	23196.744	23197.258
1	39	2	1	368	3	6	7	8	5	1	6	1	0.7304905	38	23198.567	23198.767	23198.767	23198.967	23199.498
1	39	2	1	369	3	6	7	9	4	1	5	1	0.65206242	39	23200.791	23200.991	23200.991	23201.191	23201.643
1	39	2	1	370	3	6	7	10	1	1	2	1	0.61418302	40	23203.015	23203.215	23203.215	23203.415	23203.829
1	39	2	1	371	3	6	7	11	6	2	7	1	0.65815158	41	23205.236	23205.836	23205.836	23206.036	23206.494
1	39	2	1	372	3	6	7	12	6	2	7	1	0.72649671	42	23207.859	23208.459	23208.459	23208.659	23209.186
1	39	2	1	373	3	6	7	13	5	2	6	1	0.62363639	43	23210.484	23211.084	23211.084	23211.284	23211.708
1	39	2	1	374	3	6	7	14	3	1	4	1	0.99894128	44	23213.11	23213.31	23213.31	23213.51	23214.309
1	39	2	1	375	3	6	7	15	4	2	5	1	0.64624303	45	23215.333	23215.933	23215.933	23216.133	23216.58
1	39	2	1	376	3	6	7	16	1	1	2	1	0.72414593	46	23217.957	23218.157	23218.157	23218.357	23218.882
1	39	2	1	377	3	6	7	17	3	2	4	1	0.9400468	47	23220.182	23220.782	23220.782	23220.982	23221.722
1	39	2	1	378	3	6	7	18	5	1	6	1	0.82318403	48	23222.806	23223.006	23223.006	23223.206	23223.829
1	39	2	1	379	3	6	7	19	4	1	5	1	0.73312865	49	23225.03	23225.23	23225.23	23225.43	23225.963
1	39	2	1	380	3	6	7	20	2	1	3	1	0.77582734	50	23227.252	23227.452	23227.452	23227.652	23228.228
1	39	2	1	381	3	6	7	21	5	1	6	1	0.77646676	51	23229.476	23229.676	23229.676	23229.876	23230.453
1	39	2	1	382	3	6	7	22	1	2	2	1	0.7211901	52	23231.698	23232.298	23232.298	23232.498	23233.019
1	39	2	1	383	3	6	7	23	4	2	5	1	0.95454307	53	23234.322	23234.922	23234.922	23235.122	23235.876
1	39	2	1	384	3	6	7	24	3	1	4	1	0.88239825	54	23236.946	23237.146	23237.146	23237.346	23238.028
1	39	2	1	385	3	6	7	25	2	1	3	1	0.69677923	55	23239.17	23239.37	23239.37	23239.57	23240.067
1	39	2	1	386	3	6	7	26	1	2	2	1	0.76949549	56	23241.395	23241.995	23241.995	23242.195	23242.764
1	39	2	1	387	3	6	7	27	6	2	7	1	0.63514779	57	23244.02	23244.62	23244.62	23244.82	23245.255
1	39	2	1	388	3	6	7	28	5	1	6	1	0.64988059	58	23246.644	23246.844	23246.844	23247.044	23247.494
1	39	2	1	389	3	6	7	29	6	2	7	1	0.69558963	59	23248.87	23249.47	23249.47	23249.67	23250.165
1	39	2	1	390	3	6	7	30	6	2	7	1	0.55604329	60	23251.494	23252.094	23252.094	23252.294	23252.65
1	39	2	1	391	3	2	7	1	4	1	8	1	0.62091566	1	23282.181	23282.381	23282.381	23282.581	23283.002
1	39	2	1	392	3	2	7	2	5	2	8	1	0.46317961	2	23284.409	23285.009	23285.009	23285.209	23285.472
1	39	2	1	393	3	2	7	3	1	1	1	1	0.48419382	3	23287.033	23287.233	23287.233	23287.433	23287.717
1	39	2	1	394	3	2	7	4	2	1	1	1	0.64152994	4	23289.257	23289.457	23289.457	23289.657	23290.099
1	39	2	1	395	3	2	7	5	3	2	1	1	0.40255454	5	23291.483	23292.083	23292.083	23292.283	23292.485
1	39	2	1	396	3	2	7	6	3	2	1	1	0.35994325	6	23294.107	23294.707	23294.707	23294.907	23295.067
1	39	2	1	397	3	2	7	7	2	2	1	1	0.5657196	7	23296.732	23297.332	23297.332	23297.532	23297.898
1	39	2	1	398	3	2	7	8	2	1	1	1	0.45903558	8	23299.386	23299.586	23299.586	23299.786	23300.045
1	39	2	1	399	3	2	7	9	4	1	8	1	0.57393333	9	23301.615	23301.815	23301.815	23302.015	23302.389
1	39	2	1	400	3	2	7	10	3	1	1	1	0.48346268	10	23303.84	23304.04	23304.04	23304.24	23304.523
1	39	2	1	401	3	2	7	11	5	2	8	1	0.52478285	11	23306.064	23306.664	23306.664	23306.864	23307.189
1	39	2	1	402	3	2	7	12	6	2	8	1	0.39626952	12	23308.689	23309.289	23309.289	23309.489	23309.685
1	39	2	1	403	3	2	7	13	4	2	8	1	0.39315311	13	23311.315	23311.915	23311.915	23312.115	23312.308
1	39	2	1	404	3	2	7	14	6	1	8	1	0.46366172	14	23313.941	23314.141	23314.141	23314.341	23314.605
1	39	2	1	405	3	2	7	15	1	2	1	1	0.39558501	15	23316.167	23316.767	23316.767	23316.967	23317.162
1	39	2	1	406	3	2	7	16	6	1	8	1	0.47423315	16	23318.792	23318.992	23318.992	23319.192	23319.466
1	39	2	1	407	3	2	7	17	1	2	1	1	0.56840625	17	23321.018	23321.618	23321.618	23321.818	23322.187
1	39	2	1	408	3	2	7	18	3	1	1	1	0.51335935	18	23323.644	23323.844	23323.844	23324.044	23324.357
1	39	2	1	409	3	2	7	19	6	1	8	1	0.51090901	19	23325.869	23326.069	23326.069	23326.269	23326.58
1	39	2	1	410	3	2	7	20	5	1	8	1	0.44619911	20	23328.094	23328.294	23328.294	23328.494	23328.74
1	39	2	1	411	3	2	7	21	4	1	8	1	0.57109233	21	23330.32	23330.52	23330.52	23330.72	23331.091
1	39	2	1	412	3	2	7	22	2	2	1	1	0.42182479	22	23332.544	23333.144	23333.144	23333.344	23333.566
1	39	2	1	413	3	2	7	23	5	2	8	1	0.50806189	23	23335.17	23335.77	23335.77	23335.97	23336.278
1	39	2	1	414	3	2	7	24	1	1	1	1	0.51480159	24	23337.795	23337.995	23337.995	23338.195	23338.51
1	39	2	1	415	3	2	7	25	3	1	1	1	0.47314449	25	23340.021	23340.221	23340.221	23340.421	23340.694
1	39	2	1	416	3	2	7	26	5	2	8	1	0.46454153	26	23342.243	23342.843	23342.843	23343.043	23343.308
1	39	2	1	417	3	2	7	27	6	2	8	1	0.42728832	27	23344.867	23345.467	23345.467	23345.667	23345.894
1	39	2	1	418	3	2	7	28	2	1	1	1	0.58934169	28	23347.493	23347.693	23347.693	23347.893	23348.282
1	39	2	1	419	3	2	7	29	1	2	1	1	0.5229914	29	23349.718	23350.318	23350.318	23350.518	23350.841
1	39	2	1	420	3	2	7	30	4	2	8	1	0.47353451	30	23352.344	23352.944	23352.944	23353.144	23353.418
1	39	2	1	421	3	6	8	1	4	1	5	1	0.79877155	31	23383.061	23383.261	23383.261	23383.461	23384.06
1	39	2	1	422	3	6	8	2	5	2	6	1	0.64840211	32	23385.286	23385.886	23385.886	23386.086	23386.535
1	39	2	1	423	3	6	8	3	1	1	2	1	0.72486827	33	23387.912	23388.112	23388.112	23388.312	23388.837
1	39	2	1	424	3	6	8	4	2	1	3	1	0.50347084	34	23390.139	23390.339	23390.339	23390.539	23390.842
1	39	2	1	425	3	6	8	5	3	2	4	1	0.55685967	35	23392.362	23392.962	23392.962	23393.162	23393.518
1	39	2	1	426	3	6	8	6	3	2	4	1	0.48082189	36	23394.987	23395.587	23395.587	23395.787	23396.068
1	39	2	1	427	3	6	8	7	2	2	3	1	0.82207961	37	23397.613	23398.213	23398.213	23398.413	23399.035
1	39	2	1	428	3	6	8	8	2	1	3	1	0.59566076	38	23400.24	23400.44	23400.44	23400.64	23401.036
1	39	2	1	429	3	6	8	9	4	1	5	1	0.75559195	39	23402.467	23402.667	23402.667	23402.867	23403.422
1	39	2	1	430	3	6	8	10	3	1	4	1	0.85343375	40	23404.694	23404.894	23404.894	23405.094	23405.747
1	39	2	1	431	3	6	8	11	5	2	6	1	0.75490803	41	23406.92	23407.52	23407.52	23407.72	23408.275
1	39	2	1	432	3	6	8	12	6	2	7	1	0.69770559	42	23409.547	23410.147	23410.147	23410.347	23410.844
1	39	2	1	433	3	6	8	13	4	2	5	1	0.66024914	43	23412.173	23412.773	23412.773	23412.974	23413.434
1	39	2	1	434	3	6	8	14	6	1	7	1	0.83039351	44	23414.797	23414.997	23414.997	23415.197	23415.828
1	39	2	1	435	3	6	8	15	1	2	2	1	1.4387795	45	23417.024	23417.624	23417.624	23417.824	23419.062
1	39	2	1	436	3	6	8	16	6	1	7	1	0.67255797	46	23419.65	23419.85	23419.85	23420.05	23420.523
1	39	2	1	437	3	6	8	17	1	2	2	1	0.60571822	47	23421.877	23422.477	23422.477	23422.677	23423.083
1	39	2	1	438	3	6	8	18	3	1	4	1	1.2663987	48	23424.503	23424.703	23424.703	23424.903	23425.97
1	39	2	1	439	3	6	8	19	6	1	7	1	0.72030926	49	23426.73	23426.93	23426.93	23427.13	23427.65
1	39	2	1	440	3	6	8	20	5	1	6	1	0.68026313	50	23428.956	23429.156	23429.156	23429.356	23429.836
1	39	2	1	441	3	6	8	21	4	1	5	1	0.65217098	51	23431.182	23431.382	23431.382	23431.582	23432.034
1	39	2	1	442	3	6	8	22	2	2	3	1	0.69531602	52	23433.406	23434.006	23434.006	23434.206	23434.702
1	39	2	1	443	3	6	8	23	5	2	6	1	0.68403837	53	23436.035	23436.635	23436.635	23436.835	23437.319
1	39	2	1	444	3	6	8	24	1	1	2	1	0.72430671	54	23438.662	23438.862	23438.862	23439.062	23439.587
1	39	2	1	445	3	6	8	25	3	1	4	1	1.2039353	55	23440.888	23441.088	23441.088	23441.288	23442.292
1	39	2	1	446	3	6	8	26	5	2	6	1	0.65643961	56	23443.115	23443.715	23443.715	23443.915	23444.372
1	39	2	1	447	3	6	8	27	6	2	7	1	0.53986251	57	23445.742	23446.342	23446.342	23446.542	23446.882
1	39	2	1	448	3	6	8	28	2	1	3	1	0.81219801	58	23448.369	23448.569	23448.569	23448.769	23449.381
1	39	2	1	449	3	6	8	29	1	2	2	1	0.71991122	59	23450.597	23451.197	23451.197	23451.397	23451.917
1	39	2	1	450	3	6	8	30	4	2	5	1	0.71761258	60	23453.224	23453.824	23453.824	23454.024	23454.541
1	39	2	1	451	3	2	8	1	5	1	8	1	0.60023054	1	23483.89	23484.09	23484.09	23484.29	23484.69
1	39	2	1	452	3	2	8	2	6	2	8	1	0.40609839	2	23486.117	23486.717	23486.717	23486.917	23487.123
1	39	2	1	453	3	2	8	3	6	1	8	1	0.42665295	3	23488.744	23488.944	23488.944	23489.144	23489.37
1	39	2	1	454	3	2	8	4	2	1	1	1	0.46616821	4	23490.971	23491.171	23491.171	23491.371	23491.637
1	39	2	1	455	3	2	8	5	5	2	8	1	0.52230877	5	23493.201	23493.801	23493.801	23494.001	23494.324
1	39	2	1	456	3	2	8	6	2	2	1	1	0.52083179	6	23495.827	23496.427	23496.427	23496.627	23496.948
1	39	2	1	457	3	2	8	7	3	2	1	1	0.48570295	7	23498.455	23499.055	23499.055	23499.255	23499.54
1	39	2	1	458	3	2	8	8	1	1	1	1	0.43620349	8	23501.082	23501.282	23501.282	23501.482	23501.718
1	39	2	1	459	3	2	8	9	3	1	1	1	0.43428179	9	23503.31	23503.51	23503.51	23503.71	23503.944
1	39	2	1	460	3	2	8	10	6	1	8	1	0.45008782	10	23505.537	23505.737	23505.737	23505.937	23506.187
1	39	2	1	461	3	2	8	11	4	2	8	1	0.44530245	11	23507.764	23508.364	23508.364	23508.564	23508.81
1	39	2	1	462	3	2	8	12	3	2	1	1	0.54631856	12	23510.392	23510.992	23510.992	23511.192	23511.538
1	39	2	1	463	3	2	8	13	1	2	1	1	0.49777644	13	23513.018	23513.618	23513.618	23513.818	23514.116
1	39	2	1	464	3	2	8	14	6	1	8	1	0.53994263	14	23515.642	23515.842	23515.842	23516.042	23516.382
1	39	2	1	465	3	2	8	15	1	2	1	1	0.59894772	15	23517.87	23518.47	23518.47	23518.67	23519.069
1	39	2	1	466	3	2	8	16	6	1	8	1	0.56825954	16	23520.498	23520.698	23520.698	23520.898	23521.266
1	39	2	1	467	3	2	8	17	5	2	8	1	0.62231328	17	23522.726	23523.326	23523.326	23523.526	23523.948
1	39	2	1	468	3	2	8	18	2	1	1	1	0.55284078	18	23525.353	23525.553	23525.553	23525.753	23526.106
1	39	2	1	469	3	2	8	19	3	1	1	1	0.66170297	19	23527.58	23527.78	23527.78	23527.98	23528.442
1	39	2	1	470	3	2	8	20	4	1	8	1	0.46040218	20	23529.809	23530.009	23530.009	23530.209	23530.469
1	39	2	1	471	3	2	8	21	1	1	1	1	0.54389064	21	23532.037	23532.237	23532.237	23532.437	23532.781
1	39	2	1	472	3	2	8	22	3	2	1	1	0.45139498	22	23534.265	23534.865	23534.865	23535.065	23535.317
1	39	2	1	473	3	2	8	23	2	2	1	1	0.53671265	23	23536.891	23537.491	23537.491	23537.691	23538.028
1	39	2	1	474	3	2	8	24	1	1	1	1	0.58298703	24	23539.523	23539.723	23539.723	23539.923	23540.306
1	39	2	1	475	3	2	8	25	5	1	8	1	0.59736272	25	23541.752	23541.952	23541.952	23542.152	23542.549
1	39	2	1	476	3	2	8	26	2	2	1	1	0.47113508	26	23543.982	23544.582	23544.582	23544.782	23545.053
1	39	2	1	477	3	2	8	27	4	2	8	1	0.93893314	27	23546.609	23547.209	23547.209	23547.409	23548.148
1	39	2	1	478	3	2	8	28	4	1	8	1	0.50899674	28	23549.237	23549.437	23549.437	23549.637	23549.946
1	39	2	1	479	3	2	8	29	4	2	8	1	0.37961954	29	23551.465	23552.065	23552.065	23552.265	23552.445
1	39	2	1	480	3	2	8	30	5	2	8	1	0.3838395	30	23554.094	23554.694	23554.694	23554.894	23555.078
1	39	2	1	481	3	6	9	1	5	1	6	1	0.73657252	31	23584.81	23585.01	23585.01	23585.21	23585.746
1	39	2	1	482	3	6	9	2	6	2	7	1	0.71990819	32	23587.038	23587.638	23587.638	23587.838	23588.358
1	39	2	1	483	3	6	9	3	6	1	7	1	0.64837143	33	23589.666	23589.866	23589.866	23590.066	23590.515
1	39	2	1	484	3	6	9	4	2	1	3	1	0.90095815	34	23591.896	23592.096	23592.096	23592.296	23592.997
1	39	2	1	485	3	6	9	5	5	2	6	1	0.72696806	35	23594.125	23594.725	23594.725	23594.925	23595.452
1	39	2	1	486	3	6	9	6	2	2	3	1	0.82837094	36	23596.751	23597.351	23597.351	23597.551	23598.18
1	39	2	1	487	3	6	9	7	3	2	4	1	1.0384831	37	23599.381	23599.981	23599.981	23600.181	23601.02
1	39	2	1	488	3	6	9	8	1	1	2	1	0.80731116	38	23602.011	23602.211	23602.211	23602.411	23603.018
1	39	2	1	489	3	6	9	9	3	1	4	1	0.81031618	39	23604.24	23604.44	23604.44	23604.64	23605.25
1	39	2	1	490	3	6	9	10	6	1	7	1	0.80826145	40	23606.468	23606.668	23606.668	23606.868	23607.477
1	39	2	1	491	3	6	9	11	4	2	5	1	0.70004248	41	23608.737	23609.337	23609.337	23609.537	23610.037
1	39	2	1	492	3	6	9	12	3	2	4	1	0.99242301	42	23611.364	23611.964	23611.964	23612.164	23612.956
1	39	2	1	493	3	6	9	13	1	2	2	1	0.79865974	43	23613.995	23614.595	23614.595	23614.795	23615.394
1	39	2	1	494	3	6	9	14	6	1	7	1	0.76598695	44	23616.624	23616.824	23616.824	23617.024	23617.59
1	39	2	1	495	3	6	9	15	1	2	2	1	0.75866497	45	23618.853	23619.453	23619.453	23619.653	23620.212
1	39	2	1	496	3	6	9	16	6	1	7	1	0.74256469	46	23621.484	23621.684	23621.684	23621.884	23622.427
1	39	2	1	497	3	6	9	17	5	2	6	1	0.69317597	47	23623.753	23624.353	23624.353	23624.553	23625.046
1	39	2	1	498	3	6	9	18	2	1	3	1	0.86068133	48	23626.382	23626.582	23626.582	23626.782	23627.443
1	39	2	1	499	3	6	9	19	3	1	4	1	0.77921927	49	23628.611	23628.811	23628.811	23629.011	23629.59
1	39	2	1	500	3	6	9	20	4	1	5	1	0.59757158	50	23630.839	23631.039	23631.039	23631.239	23631.637
1	39	2	1	501	3	6	9	21	1	1	2	1	0.72857901	51	23633.068	23633.268	23633.268	23633.468	23633.997
1	39	2	1	502	3	6	9	22	3	2	4	1	1.0190923	52	23635.298	23635.898	23635.898	23636.098	23636.917
1	39	2	1	503	3	6	9	23	2	2	3	1	0.72366992	53	23637.927	23638.527	23638.527	23638.727	23639.251
1	39	2	1	504	3	6	9	24	1	1	2	1	0.67909566	54	23640.557	23640.757	23640.757	23640.957	23641.436
1	39	2	1	505	3	6	9	25	5	1	6	1	0.69103486	55	23642.784	23642.984	23642.984	23643.184	23643.675
1	39	2	1	506	3	6	9	26	2	2	3	1	0.71059569	56	23645.013	23645.613	23645.613	23645.813	23646.323
1	39	2	1	507	3	6	9	27	4	2	5	1	0.81173395	57	23647.643	23648.243	23648.243	23648.443	23649.054
1	39	2	1	508	3	6	9	28	4	1	5	1	0.85768479	58	23650.276	23650.476	23650.476	23650.676	23651.334
1	39	2	1	509	3	6	9	29	4	2	5	1	0.59429152	59	23652.502	23653.102	23653.102	23653.302	23653.697
1	39	2	1	510	3	6	9	30	5	2	6	1	0.73391606	60	23655.128	23655.728	23655.728	23655.928	23656.462
1	39	2	1	511	3	2	9	1	2	1	1	1	0.90989683	1	23685.82	23686.02	23686.02	23686.22	23686.93
1	39	2	1	512	3	2	9	2	1	2	1	1	0.57749335	2	23688.05	23688.65	23688.65	23688.85	23689.228
1	39	2	1	513	3	2	9	3	1	1	1	1	0.4922206	3	23690.68	23690.88	23690.88	23691.08	23691.372
1	39	2	1	514	3	2	9	4	6	1	8	1	0.46963035	4	23692.91	23693.11	23693.11	23693.31	23693.579
1	39	2	1	515	3	2	9	5	2	2	1	1	0.53799095	5	23695.139	23695.739	23695.739	23695.939	23696.277
1	39	2	1	516	3	2	9	6	6	2	8	1	0.48307494	6	23697.769	23698.369	23698.369	23698.569	23698.852
1	39	2	1	517	3	2	9	7	2	2	1	1	0.58133225	7	23700.399	23700.999	23700.999	23701.199	23701.58
1	39	2	1	518	3	2	9	8	3	1	1	1	0.79686407	8	23703.03	23703.23	23703.23	23703.43	23704.027
1	39	2	1	519	3	2	9	9	5	1	8	1	0.53138998	9	23705.264	23705.464	23705.464	23705.664	23705.996
1	39	2	1	520	3	2	9	10	5	1	8	1	0.57438611	10	23707.494	23707.694	23707.694	23707.894	23708.268
1	39	2	1	521	3	2	9	11	1	2	1	1	0.49651971	11	23709.73	23710.33	23710.33	23710.53	23710.827
1	39	2	1	522	3	2	9	12	6	2	8	1	0.60877055	12	23712.36	23712.96	23712.96	23713.16	23713.569
1	39	2	1	523	3	2	9	13	4	2	8	1	0.49890998	13	23714.994	23715.594	23715.594	23715.794	23716.093
1	39	2	1	524	3	2	9	14	5	1	8	1	0.43476868	14	23717.623	23717.823	23717.823	23718.023	23718.258
1	39	2	1	525	3	2	9	15	3	2	1	1	0.53481718	15	23719.856	23720.456	23720.456	23720.656	23720.99
1	39	2	1	526	3	2	9	16	3	1	1	1	0.64421664	16	23722.487	23722.687	23722.687	23722.887	23723.331
1	39	2	1	527	3	2	9	17	3	2	1	1	0.63499993	17	23724.714	23725.314	23725.314	23725.514	23725.949
1	39	2	1	528	3	2	9	18	1	1	1	1	0.4745997	18	23727.344	23727.544	23727.544	23727.744	23728.019
1	39	2	1	529	3	2	9	19	3	1	1	1	0.44826276	19	23729.574	23729.774	23729.774	23729.974	23730.222
1	39	2	1	530	3	2	9	20	4	1	8	1	0.52188562	20	23731.803	23732.003	23732.003	23732.203	23732.525
1	39	2	1	531	3	2	9	21	2	1	1	1	0.51398031	21	23734.04	23734.24	23734.24	23734.44	23734.754
1	39	2	1	532	3	2	9	22	6	2	8	1	0.51161679	22	23736.27	23736.87	23736.87	23737.07	23737.382
1	39	2	1	533	3	2	9	23	4	2	8	1	0.40486354	23	23738.901	23739.501	23739.501	23739.701	23739.906
1	39	2	1	534	3	2	9	24	4	1	8	1	0.41875417	24	23741.531	23741.731	23741.731	23741.931	23742.15
1	39	2	1	535	3	2	9	25	1	1	1	1	0.52995336	25	23743.762	23743.962	23743.962	23744.162	23744.492
1	39	2	1	536	3	2	9	26	5	2	8	1	0.79440723	26	23745.994	23746.594	23746.594	23746.794	23747.388
1	39	2	1	537	3	2	9	27	5	2	8	1	0.42040615	27	23748.625	23749.225	23749.225	23749.425	23749.645
1	39	2	1	538	3	2	9	28	4	1	8	1	0.60243455	28	23751.259	23751.459	23751.459	23751.659	23752.061
1	39	2	1	539	3	2	9	29	6	2	8	1	0.46701525	29	23753.489	23754.089	23754.089	23754.289	23754.556
1	39	2	1	540	3	2	9	30	2	2	1	1	0.48042626	30	23756.116	23756.716	23756.716	23756.916	23757.196
1	39	2	1	541	4	6	10	1	2	1	3	1	0.73496624	31	24327.717	24327.917	24327.917	24328.117	24328.652
1	39	2	1	542	4	6	10	2	1	2	2	1	0.6487446	32	24329.948	24330.548	24330.548	24330.748	24331.197
1	39	2	1	543	4	6	10	3	1	1	2	1	0.85613499	33	24332.579	24332.779	24332.779	24332.979	24333.635
1	39	2	1	544	4	6	10	4	6	1	7	1	0.65283077	34	24334.807	24335.007	24335.007	24335.207	24335.66
1	39	2	1	545	4	6	10	5	2	2	3	1	0.69480786	35	24337.038	24337.638	24337.638	24337.838	24338.333
1	39	2	1	546	4	6	10	6	6	2	7	1	0.81777668	36	24339.669	24340.269	24340.269	24340.469	24341.087
1	39	2	1	547	4	6	10	7	2	2	3	1	0.95884622	37	24342.303	24342.903	24342.903	24343.103	24343.862
1	39	2	1	548	4	6	10	8	3	1	4	1	0.83329127	38	24344.937	24345.137	24345.137	24345.337	24345.971
1	39	2	1	549	4	6	10	9	5	1	6	1	0.84085588	39	24347.169	24347.369	24347.369	24347.569	24348.21
1	39	2	1	550	4	6	10	10	5	1	6	1	0.62658194	40	24349.4	24349.6	24349.6	24349.8	24350.226
1	39	2	1	551	4	6	10	11	1	2	2	1	0.69831713	41	24351.632	24352.232	24352.232	24352.432	24352.93
1	39	2	1	552	4	6	10	12	6	2	7	1	0.77181511	42	24354.263	24354.863	24354.863	24355.063	24355.635
1	39	2	1	553	4	6	10	13	4	2	5	1	0.84452751	43	24356.895	24357.495	24357.495	24357.695	24358.339
1	39	2	1	554	4	6	10	14	5	1	6	1	0.95430678	44	24359.523	24359.723	24359.723	24359.923	24360.677
1	39	2	1	555	4	6	10	15	3	2	4	1	1.0638587	45	24361.754	24362.354	24362.354	24362.554	24363.418
1	39	2	1	556	4	6	10	16	3	1	4	1	0.61839333	46	24364.387	24364.587	24364.587	24364.787	24365.205
1	39	2	1	557	4	6	10	17	3	2	4	1	0.53898735	47	24366.616	24367.216	24367.216	24367.416	24367.755
1	39	2	1	558	4	6	10	18	1	1	2	1	0.73212724	48	24369.248	24369.448	24369.448	24369.648	24370.18
1	39	2	1	559	4	6	10	19	3	1	4	1	0.81911718	49	24371.48	24371.68	24371.68	24371.88	24372.499
1	39	2	1	560	4	6	10	20	4	1	5	1	0.6823918	50	24373.712	24373.912	24373.912	24374.112	24374.594
1	39	2	1	561	4	6	10	21	2	1	3	1	0.74780922	51	24375.944	24376.144	24376.144	24376.344	24376.891
1	39	2	1	562	4	6	10	22	6	2	7	1	0.70701061	52	24378.179	24378.779	24378.779	24378.979	24379.486
1	39	2	1	563	4	6	10	23	4	2	5	1	0.70393833	53	24380.811	24381.411	24381.411	24381.611	24382.115
1	39	2	1	564	4	6	10	24	4	1	5	1	0.79514854	54	24383.442	24383.642	24383.642	24383.842	24384.438
1	39	2	1	565	4	6	10	25	1	1	2	1	0.90444831	55	24385.678	24385.878	24385.878	24386.078	24386.782
1	39	2	1	566	4	6	10	26	5	2	6	1	0.69828932	56	24387.913	24388.513	24388.513	24388.713	24389.211
1	39	2	1	567	4	6	10	27	5	2	6	1	0.69544754	57	24390.545	24391.145	24391.145	24391.345	24391.841
1	39	2	1	568	4	6	10	28	4	1	5	1	0.66975697	58	24393.176	24393.376	24393.376	24393.576	24394.046
1	39	2	1	569	4	6	10	29	6	2	7	1	0.76483009	59	24395.409	24396.009	24396.009	24396.209	24396.774
1	39	2	1	570	4	6	10	30	2	2	3	1	0.91581125	60	24398.041	24398.641	24398.641	24398.841	24399.557
1	39	2	1	571	4	2	10	1	2	1	1	1	0.63477435	1	24428.737	24428.937	24428.937	24429.137	24429.572
1	39	2	1	572	4	2	10	2	6	2	8	1	0.53206867	2	24430.969	24431.569	24431.569	24431.769	24432.101
1	39	2	1	573	4	2	10	3	5	1	8	1	0.49004483	3	24433.602	24433.802	24433.802	24434.002	24434.292
1	39	2	1	574	4	2	10	4	1	1	1	1	0.64060888	4	24435.834	24436.034	24436.034	24436.234	24436.675
1	39	2	1	575	4	2	10	5	6	2	8	1	0.65539708	5	24438.066	24438.666	24438.666	24438.866	24439.321
1	39	2	1	576	4	2	10	6	3	2	1	1	0.46985911	6	24440.698	24441.298	24441.298	24441.498	24441.768
1	39	2	1	577	4	2	10	7	5	2	8	1	0.46492248	7	24443.331	24443.931	24443.931	24444.131	24444.395
1	39	2	1	578	4	2	10	8	2	1	1	1	0.59988461	8	24445.964	24446.164	24446.164	24446.364	24446.764
1	39	2	1	579	4	2	10	9	3	1	1	1	0.6213498	9	24448.197	24448.397	24448.397	24448.597	24449.018
1	39	2	1	580	4	2	10	10	4	1	8	1	0.686436	10	24450.429	24450.629	24450.629	24450.829	24451.315
1	39	2	1	581	4	2	10	11	3	2	1	1	0.58362273	11	24452.661	24453.261	24453.261	24453.461	24453.845
1	39	2	1	582	4	2	10	12	5	2	8	1	0.7319577	12	24455.295	24455.895	24455.895	24456.095	24456.627
1	39	2	1	583	4	2	10	13	6	2	8	1	0.66566423	13	24457.928	24458.528	24458.528	24458.728	24459.194
1	39	2	1	584	4	2	10	14	4	1	8	1	0.59726167	14	24460.561	24460.761	24460.761	24460.961	24461.358
1	39	2	1	585	4	2	10	15	4	2	8	1	0.50074764	15	24462.793	24463.393	24463.393	24463.593	24463.894
1	39	2	1	586	4	2	10	16	5	1	8	1	0.48802423	16	24465.426	24465.626	24465.626	24465.826	24466.114
1	39	2	1	587	4	2	10	17	3	2	1	1	0.5112993	17	24467.659	24468.259	24468.259	24468.459	24468.77
1	39	2	1	588	4	2	10	18	2	1	1	1	0.45570594	18	24470.292	24470.492	24470.492	24470.692	24470.947
1	39	2	1	589	4	2	10	19	6	1	8	1	0.54979613	19	24472.525	24472.725	24472.725	24472.925	24473.274
1	39	2	1	590	4	2	10	20	3	1	1	1	0.66191362	20	24474.757	24474.957	24474.957	24475.157	24475.619
1	39	2	1	591	4	2	10	21	1	1	1	1	0.49379517	21	24476.991	24477.191	24477.191	24477.391	24477.685
1	39	2	1	592	4	2	10	22	4	2	8	1	0.62704401	22	24479.224	24479.824	24479.824	24480.024	24480.451
1	39	2	1	593	4	2	10	23	4	2	8	1	0.49134536	23	24481.857	24482.457	24482.457	24482.657	24482.948
1	39	2	1	594	4	2	10	24	1	1	1	1	0.5114218	24	24484.494	24484.694	24484.694	24484.894	24485.205
1	39	2	1	595	4	2	10	25	6	1	8	1	0.60776394	25	24486.724	24486.924	24486.924	24487.124	24487.532
1	39	2	1	596	4	2	10	26	1	2	1	1	0.52731441	26	24488.956	24489.556	24489.556	24489.756	24490.083
1	39	2	1	597	4	2	10	27	2	2	1	1	0.60046336	27	24491.589	24492.189	24492.189	24492.389	24492.79
1	39	2	1	598	4	2	10	28	2	1	1	1	0.41236907	28	24494.222	24494.422	24494.422	24494.622	24494.834
1	39	2	1	599	4	2	10	29	1	2	1	1	0.54246989	29	24496.452	24497.052	24497.052	24497.252	24497.595
1	39	2	1	600	4	2	10	30	5	2	8	1	0.52165722	30	24499.086	24499.686	24499.686	24499.886	24500.207
1	39	2	1	601	4	6	11	1	2	1	3	1	0.74240111	31	24529.807	24530.007	24530.007	24530.207	24530.749
1	39	2	1	602	4	6	11	2	6	2	7	1	0.82878666	32	24532.04	24532.64	24532.64	24532.84	24533.469
1	39	2	1	603	4	6	11	3	5	1	6	1	0.69913538	33	24534.67	24534.87	24534.87	24535.07	24535.57
1	39	2	1	604	4	6	11	4	1	1	2	1	0.79390556	34	24536.902	24537.103	24537.103	24537.303	24537.896
1	39	2	1	605	4	6	11	5	6	2	7	1	0.73488477	35	24539.135	24539.735	24539.735	24539.935	24540.47
1	39	2	1	606	4	6	11	6	3	2	4	1	1.1087868	36	24541.768	24542.368	24542.368	24542.568	24543.477
1	39	2	1	607	4	6	11	7	5	2	6	1	0.63089599	37	24544.405	24545.005	24545.005	24545.205	24545.636
1	39	2	1	608	4	6	11	8	2	1	3	1	0.70223366	38	24547.038	24547.238	24547.238	24547.438	24547.941
1	39	2	1	609	4	6	11	9	3	1	4	1	0.86201662	39	24549.272	24549.472	24549.472	24549.672	24550.334
1	39	2	1	610	4	6	11	10	4	1	5	1	0.68884483	40	24551.506	24551.706	24551.706	24551.906	24552.395
1	39	2	1	611	4	6	11	11	3	2	4	1	0.9493016	41	24553.741	24554.341	24554.341	24554.541	24555.291
1	39	2	1	612	4	6	11	12	5	2	6	1	0.69630019	42	24556.379	24556.979	24556.979	24557.179	24557.676
1	39	2	1	613	4	6	11	13	6	2	7	1	0.79908349	43	24559.013	24559.613	24559.613	24559.813	24560.412
1	39	2	1	614	4	6	11	14	4	1	5	1	0.71120041	44	24561.647	24561.847	24561.847	24562.047	24562.558
1	39	2	1	615	4	6	11	15	4	2	5	1	0.68249212	45	24563.881	24564.481	24564.481	24564.681	24565.163
1	39	2	1	616	4	6	11	16	5	1	6	1	0.6887825	46	24566.515	24566.715	24566.715	24566.915	24567.404
1	39	2	1	617	4	6	11	17	3	2	4	1	0.8335314	47	24568.753	24569.354	24569.354	24569.554	24570.187
1	39	2	1	618	4	6	11	18	2	1	3	1	0.81712131	48	24571.385	24571.585	24571.585	24571.785	24572.402
1	39	2	1	619	4	6	11	19	6	1	7	1	0.72225659	49	24573.628	24573.828	24573.828	24574.028	24574.55
1	39	2	1	620	4	6	11	20	3	1	4	1	1.0389687	50	24575.863	24576.063	24576.063	24576.263	24577.102
1	39	2	1	621	4	6	11	21	1	1	2	1	0.64007452	51	24578.098	24578.298	24578.298	24578.498	24578.938
1	39	2	1	622	4	6	11	22	4	2	5	1	0.71181769	52	24580.332	24580.932	24580.932	24581.132	24581.644
1	39	2	1	623	4	6	11	23	4	2	5	1	0.6284546	53	24582.97	24583.57	24583.57	24583.77	24584.198
1	39	2	1	624	4	6	11	24	1	1	2	1	0.65399285	54	24585.604	24585.804	24585.804	24586.004	24586.458
1	39	2	1	625	4	6	11	25	6	1	7	1	0.83867298	55	24587.838	24588.038	24588.038	24588.238	24588.876
1	39	2	1	626	4	6	11	26	1	2	2	1	0.70799994	56	24590.073	24590.673	24590.673	24590.873	24591.381
1	39	2	1	627	4	6	11	27	2	2	3	1	0.84086339	57	24592.707	24593.307	24593.307	24593.507	24594.148
1	39	2	1	628	4	6	11	28	2	1	3	1	0.75794683	58	24595.341	24595.541	24595.541	24595.741	24596.299
1	39	2	1	629	4	6	11	29	1	2	2	1	0.67195122	59	24597.574	24598.174	24598.174	24598.374	24598.846
1	39	2	1	630	4	6	11	30	5	2	6	1	0.6439488	60	24600.209	24600.809	24600.809	24601.009	24601.453
1	39	2	1	631	4	2	11	1	6	1	8	1	0.56916518	1	24630.907	24631.107	24631.107	24631.307	24631.676
1	39	2	1	632	4	2	11	2	2	2	1	1	0.47192961	2	24633.141	24633.741	24633.741	24633.941	24634.213
1	39	2	1	633	4	2	11	3	2	1	1	1	0.60330787	3	24635.775	24635.975	24635.975	24636.175	24636.579
1	39	2	1	634	4	2	11	4	6	1	8	1	0.43879853	4	24638.01	24638.21	24638.21	24638.41	24638.649
1	39	2	1	635	4	2	11	5	4	2	8	1	0.44069591	5	24640.243	24640.843	24640.843	24641.043	24641.284
1	39	2	1	636	4	2	11	6	6	2	8	1	0.45728388	6	24642.874	24643.474	24643.474	24643.674	24643.931
1	39	2	1	637	4	2	11	7	4	2	8	1	0.50071219	7	24645.512	24646.112	24646.112	24646.312	24646.613
1	39	2	1	638	4	2	11	8	2	1	1	1	0.66349942	8	24648.148	24648.348	24648.348	24648.548	24649.011
1	39	2	1	639	4	2	11	9	1	1	1	1	0.41684646	9	24650.382	24650.582	24650.582	24650.782	24650.999
1	39	2	1	640	4	2	11	10	1	1	1	1	0.44166595	10	24652.618	24652.818	24652.818	24653.018	24653.259
1	39	2	1	641	4	2	11	11	1	2	1	1	0.47221436	11	24654.852	24655.452	24655.452	24655.652	24655.924
1	39	2	1	642	4	2	11	12	5	2	8	1	0.44493088	12	24657.487	24658.087	24658.087	24658.287	24658.532
1	39	2	1	643	4	2	11	13	5	2	8	1	0.48031039	13	24660.123	24660.723	24660.723	24660.923	24661.203
1	39	2	1	644	4	2	11	14	5	1	8	1	0.46838929	14	24662.759	24662.959	24662.959	24663.159	24663.427
1	39	2	1	645	4	2	11	15	3	2	1	1	0.5972036	15	24664.996	24665.597	24665.597	24665.797	24666.194
1	39	2	1	646	4	2	11	16	6	1	8	1	0.9399474	16	24667.632	24667.832	24667.832	24668.032	24668.772
1	39	2	1	647	4	2	11	17	3	2	1	1	0.44405528	17	24669.865	24670.465	24670.465	24670.665	24670.909
1	39	2	1	648	4	2	11	18	3	1	1	1	0.64994705	18	24672.5	24672.7	24672.7	24672.9	24673.35
1	39	2	1	649	4	2	11	19	3	1	1	1	0.52375932	19	24674.743	24674.943	24674.943	24675.143	24675.467
1	39	2	1	650	4	2	11	20	6	1	8	1	0.62253286	20	24676.98	24677.18	24677.18	24677.38	24677.803
1	39	2	1	651	4	2	11	21	2	1	1	1	0.55795503	21	24679.216	24679.416	24679.416	24679.616	24679.974
1	39	2	1	652	4	2	11	22	5	2	8	1	0.71798559	22	24681.455	24682.055	24682.055	24682.255	24682.773
1	39	2	1	653	4	2	11	23	4	2	8	1	0.42530296	23	24684.121	24684.721	24684.721	24684.921	24685.146
1	39	2	1	654	4	2	11	24	5	1	8	1	0.50519533	24	24686.756	24686.956	24686.956	24687.156	24687.461
1	39	2	1	655	4	2	11	25	2	1	1	1	0.48624501	25	24688.991	24689.191	24689.191	24689.391	24689.677
1	39	2	1	656	4	2	11	26	3	2	1	1	0.46347865	26	24691.227	24691.827	24691.827	24692.027	24692.29
1	39	2	1	657	4	2	11	27	4	2	8	1	0.60124338	27	24693.861	24694.461	24694.461	24694.661	24695.062
1	39	2	1	658	4	2	11	28	4	1	8	1	0.44168079	28	24696.497	24696.697	24696.697	24696.897	24697.139
1	39	2	1	659	4	2	11	29	1	2	1	1	0.66230252	29	24698.732	24699.332	24699.332	24699.532	24699.994
1	39	2	1	660	4	2	11	30	1	2	1	1	0.48388845	30	24701.369	24701.969	24701.969	24702.169	24702.452
1	39	2	1	661	4	6	12	1	6	1	7	1	0.78162337	31	24732.087	24732.287	24732.287	24732.487	24733.069
1	39	2	1	662	4	6	12	2	2	2	3	1	0.75570545	32	24734.327	24734.927	24734.927	24735.127	24735.682
1	39	2	1	663	4	6	12	3	2	1	3	1	0.76818001	33	24736.963	24737.163	24737.163	24737.363	24737.931
1	39	2	1	664	4	6	12	4	6	1	7	1	0.80403715	34	24739.198	24739.398	24739.398	24739.598	24740.202
1	39	2	1	665	4	6	12	5	4	2	5	1	0.65671198	35	24741.431	24742.031	24742.031	24742.231	24742.687
1	39	2	1	666	4	6	12	6	6	2	7	1	0.71140404	36	24744.067	24744.667	24744.667	24744.867	24745.378
1	39	2	1	667	4	6	12	7	4	2	5	1	0.85309496	37	24746.702	24747.302	24747.302	24747.502	24748.155
1	39	2	1	668	4	6	12	8	2	1	3	1	0.73120396	38	24749.339	24749.539	24749.539	24749.739	24750.27
1	39	2	1	669	4	6	12	9	1	1	2	1	1.1670316	39	24751.571	24751.771	24751.771	24751.971	24752.938
1	39	2	1	670	4	6	12	10	1	1	2	1	0.62778842	40	24753.809	24754.009	24754.009	24754.209	24754.636
1	39	2	1	671	4	6	12	11	1	2	2	1	0.58177605	41	24756.045	24756.645	24756.645	24756.845	24757.227
1	39	2	1	672	4	6	12	12	5	2	6	1	0.82493215	42	24758.681	24759.281	24759.281	24759.481	24760.106
1	39	2	1	673	4	6	12	13	5	2	6	1	0.75058024	43	24761.318	24761.918	24761.918	24762.118	24762.668
1	39	2	1	674	4	6	12	14	5	1	6	1	0.65341818	44	24763.951	24764.151	24764.151	24764.351	24764.804
1	39	2	1	675	4	6	12	15	3	2	4	1	0.85971131	45	24766.195	24766.795	24766.795	24766.995	24767.654
1	39	2	1	676	4	6	12	16	6	1	7	1	0.74287433	46	24768.828	24769.028	24769.028	24769.228	24769.771
1	39	2	1	677	4	6	12	17	3	2	4	1	0.90077017	47	24771.064	24771.664	24771.664	24771.864	24772.565
1	39	2	1	678	4	6	12	18	3	1	4	1	0.71029362	48	24773.702	24773.902	24773.902	24774.102	24774.612
1	39	2	1	679	4	6	12	19	3	1	4	1	0.61615735	49	24775.939	24776.139	24776.139	24776.339	24776.755
1	39	2	1	680	4	6	12	20	6	1	7	1	0.8039458	50	24778.175	24778.375	24778.375	24778.575	24779.179
1	39	2	1	681	4	6	12	21	2	1	3	1	0.7379347	51	24780.411	24780.611	24780.611	24780.811	24781.349
1	39	2	1	682	4	6	12	22	5	2	6	1	0.70779416	52	24782.647	24783.247	24783.247	24783.447	24783.955
1	39	2	1	683	4	6	12	23	4	2	5	1	0.66444466	53	24785.284	24785.884	24785.884	24786.084	24786.548
1	39	2	1	684	4	6	12	24	5	1	6	1	0.71528181	54	24787.923	24788.123	24788.123	24788.323	24788.838
1	39	2	1	685	4	6	12	25	2	1	3	1	0.89063813	55	24790.163	24790.363	24790.363	24790.563	24791.254
1	39	2	1	686	4	6	12	26	3	2	4	1	0.90947293	56	24792.4	24793	24793	24793.2	24793.909
1	39	2	1	687	4	6	12	27	4	2	5	1	0.62188611	57	24795.037	24795.637	24795.637	24795.837	24796.258
1	39	2	1	688	4	6	12	28	4	1	5	1	0.54214039	58	24797.678	24797.878	24797.878	24798.078	24798.42
1	39	2	1	689	4	6	12	29	1	2	2	1	0.77272155	59	24799.913	24800.513	24800.513	24800.713	24801.286
1	39	2	1	690	4	6	12	30	1	2	2	1	0.87767745	60	24802.551	24803.151	24803.151	24803.351	24804.029
1	39	2	1	691	4	2	12	1	6	1	8	1	0.76514495	1	24833.247	24833.447	24833.447	24833.647	24834.212
1	39	2	1	692	4	2	12	2	1	2	1	1	0.36699196	2	24835.484	24836.085	24836.085	24836.285	24836.451
1	39	2	1	693	4	2	12	3	4	1	8	1	0.37686577	3	24838.122	24838.322	24838.322	24838.522	24838.698
1	39	2	1	694	4	2	12	4	2	1	1	1	0.4904707	4	24840.359	24840.559	24840.559	24840.759	24841.05
1	39	2	1	695	4	2	12	5	1	2	1	1	0.37398941	5	24842.597	24843.197	24843.197	24843.397	24843.571
1	39	2	1	696	4	2	12	6	3	2	1	1	0.4758265	6	24845.239	24845.839	24845.839	24846.039	24846.315
1	39	2	1	697	4	2	12	7	5	2	8	1	0.43897225	7	24847.877	24848.477	24848.477	24848.677	24848.916
1	39	2	1	698	4	2	12	8	5	1	8	1	0.45143444	8	24850.515	24850.715	24850.715	24850.915	24851.166
1	39	2	1	699	4	2	12	9	6	1	8	1	0.40312724	9	24852.753	24852.953	24852.953	24853.153	24853.356
1	39	2	1	700	4	2	12	10	2	1	1	1	0.52658397	10	24854.988	24855.188	24855.188	24855.388	24855.714
1	39	2	1	701	4	2	12	11	4	2	8	1	0.4842663	11	24857.222	24857.822	24857.822	24858.022	24858.306
1	39	2	1	702	4	2	12	12	4	2	8	1	0.55915839	12	24859.859	24860.459	24860.459	24860.659	24861.018
1	39	2	1	703	4	2	12	13	5	2	8	1	0.4338281	13	24862.497	24863.097	24863.097	24863.297	24863.531
1	39	2	1	704	4	2	12	14	1	1	1	1	0.61530343	14	24865.133	24865.333	24865.333	24865.533	24865.949
1	39	2	1	705	4	2	12	15	4	2	8	1	0.67263844	15	24867.372	24867.972	24867.972	24868.172	24868.644
1	39	2	1	706	4	2	12	16	2	1	1	1	0.59580503	16	24870.008	24870.208	24870.208	24870.408	24870.803
1	39	2	1	707	4	2	12	17	3	2	1	1	0.62542478	17	24872.244	24872.844	24872.844	24873.044	24873.47
1	39	2	1	708	4	2	12	18	1	1	1	1	0.89481977	18	24874.886	24875.086	24875.086	24875.286	24875.981
1	39	2	1	709	4	2	12	19	4	1	8	1	0.43979197	19	24877.125	24877.325	24877.325	24877.525	24877.765
1	39	2	1	710	4	2	12	20	6	1	8	1	0.39010263	20	24879.36	24879.56	24879.56	24879.76	24879.95
1	39	2	1	711	4	2	12	21	2	1	1	1	0.45719348	21	24881.599	24881.799	24881.799	24881.999	24882.256
1	39	2	1	712	4	2	12	22	3	2	1	1	0.82727171	22	24883.836	24884.436	24884.436	24884.636	24885.264
1	39	2	1	713	4	2	12	23	6	2	8	1	0.84212333	23	24886.474	24887.074	24887.074	24887.274	24887.916
1	39	2	1	714	4	2	12	24	3	1	1	1	0.54720502	24	24889.112	24889.312	24889.312	24889.512	24889.859
1	39	2	1	715	4	2	12	25	6	1	8	1	0.5064282	25	24891.354	24891.554	24891.554	24891.754	24892.061
1	39	2	1	716	4	2	12	26	5	2	8	1	0.41801876	26	24893.593	24894.193	24894.193	24894.393	24894.611
1	39	2	1	717	4	2	12	27	1	2	8	0	0.44680734	26	24896.232	24896.832	24896.832	24897.032	24897.279
1	39	2	1	718	4	2	12	28	2	1	1	1	0.53941059	27	24898.871	24899.071	24899.071	24899.271	24899.61
1	39	2	1	719	4	2	12	29	3	2	1	1	0.45565621	28	24901.109	24901.709	24901.709	24901.909	24902.164
1	39	2	1	720	4	2	12	30	5	2	8	1	0.42344129	29	24903.744	24904.344	24904.344	24904.544	24904.768
