1	0	5	6	3	7	4	2	0	0	0	0	0	0	0	0	0	0	0	0
3	6	2	2	1	1	2	1	1	5	2	8	1	0.90680496	1	11397.106	11397.706	11397.706	11397.906	11398.613
3	6	2	2	2	1	2	1	2	1	2	1	1	0.65727922	2	11399.721	11400.321	11400.321	11400.521	11400.979
3	6	2	2	3	1	2	1	3	5	1	8	1	0.74707342	3	11402.33	11402.53	11402.531	11402.731	11403.278
3	6	2	2	4	1	2	1	4	4	2	1	0	0.44930581	3	11404.537	11405.137	11405.137	11405.337	11405.587
3	6	2	2	5	1	2	1	5	1	2	1	1	0.88371449	4	11407.455	11408.055	11408.055	11408.255	11408.938
3	6	2	2	6	1	2	1	6	5	2	8	1	0.65922959	5	11410.064	11410.664	11410.664	11410.865	11411.324
3	6	2	2	7	1	2	1	7	2	1	1	1	0.74207423	6	11412.671	11412.871	11412.871	11413.071	11413.613
3	6	2	2	8	1	2	1	8	3	1	1	1	0.63232692	7	11414.875	11415.075	11415.076	11415.276	11415.708
3	6	2	2	9	1	2	1	9	6	1	8	1	0.79646627	8	11417.081	11417.281	11417.281	11417.481	11418.077
3	6	2	2	10	1	2	1	10	6	1	8	1	0.97470866	9	11419.286	11419.486	11419.486	11419.686	11420.461
3	6	2	2	11	1	2	1	11	3	2	1	1	0.64607576	10	11421.492	11422.092	11422.092	11422.292	11422.738
3	6	2	2	12	1	2	1	12	5	1	8	1	0.68226929	11	11424.097	11424.297	11424.297	11424.497	11424.98
3	6	2	2	13	1	2	1	13	6	2	1	0	0.50848776	11	11426.303	11426.903	11426.903	11427.103	11427.412
3	6	2	2	14	1	2	1	14	1	2	1	1	0.74308127	12	11429.223	11429.823	11429.823	11430.023	11430.566
3	6	2	2	15	1	2	1	15	3	1	1	1	0.86287425	13	11431.829	11432.029	11432.029	11432.229	11432.892
3	6	2	2	16	1	2	1	16	3	1	1	1	0.54460709	14	11434.035	11434.235	11434.235	11434.435	11434.78
3	6	2	2	17	1	2	1	17	3	1	1	1	0.50952443	15	11436.241	11436.441	11436.441	11436.641	11436.95
3	6	2	2	18	1	2	1	18	4	2	8	1	0.60624719	16	11438.447	11439.047	11439.047	11439.247	11439.653
3	6	2	2	19	1	2	1	19	6	1	8	1	0.51875088	17	11441.052	11441.252	11441.252	11441.452	11441.771
3	6	2	2	20	1	2	1	20	1	1	1	1	0.54430469	18	11443.258	11443.458	11443.458	11443.658	11444.003
3	6	2	2	21	1	2	1	21	2	1	1	1	0.54662275	19	11445.465	11445.665	11445.665	11445.865	11446.211
3	6	2	2	22	1	2	1	22	2	1	1	1	0.5650004	20	11447.673	11447.873	11447.873	11448.073	11448.438
3	6	2	2	23	1	2	1	23	4	2	8	1	0.69330673	21	11449.88	11450.48	11450.48	11450.68	11451.173
3	6	2	2	24	1	2	1	24	5	2	8	1	0.7500805	22	11452.485	11453.085	11453.085	11453.285	11453.835
3	6	2	2	25	1	2	1	25	4	1	8	1	0.60022514	23	11455.091	11455.291	11455.291	11455.491	11455.892
3	6	2	2	26	1	2	1	26	4	2	8	1	0.61910041	24	11457.298	11457.898	11457.898	11458.098	11458.517
3	6	2	2	27	1	2	1	27	2	1	1	1	0.49031359	25	11459.904	11460.104	11460.104	11460.304	11460.594
3	6	2	2	28	1	2	1	28	6	2	8	1	0.64969985	26	11462.112	11462.712	11462.712	11462.912	11463.362
3	6	2	2	29	1	2	1	29	1	2	1	1	0.40213951	27	11464.719	11465.319	11465.319	11465.519	11465.721
3	6	2	2	30	1	2	1	30	2	2	1	1	0.55874889	28	11467.325	11467.925	11467.925	11468.125	11468.484
3	6	2	2	31	1	6	1	1	3	2	5	0	1.9291662	0	11587.141	11587.741	11587.741	11587.941	11589.67
3	6	2	2	32	1	6	1	2	5	2	6	1	1.9968164	1	11590.056	11590.656	11590.656	11590.856	11592.653
3	6	2	2	33	1	6	1	3	4	1	0	0	-11592.862	1	11592.662	11592.862	11592.862	11593.062	0
3	6	2	2	34	1	6	1	4	1	2	0	0	-11595.769	1	11595.169	11595.769	11595.769	11595.969	0
3	6	2	2	35	1	6	1	5	6	2	3	0	1.529452	1	11598.076	11598.676	11598.676	11598.876	11600.206
3	6	2	2	36	1	6	1	6	2	2	7	0	1.065384	1	11600.988	11601.588	11601.588	11601.788	11602.653
3	6	2	2	37	1	6	1	7	1	1	2	1	1.0347455	2	11603.907	11604.107	11604.107	11604.307	11605.142
3	6	2	2	38	1	6	1	8	6	1	4	0	1.7916635	2	11606.114	11606.314	11606.314	11606.514	11608.106
3	6	2	2	39	1	6	1	9	6	1	3	0	1.017164	2	11608.635	11608.835	11608.835	11609.035	11609.852
3	6	2	2	40	1	6	1	10	3	1	4	1	1.5067595	3	11611.149	11611.349	11611.349	11611.549	11612.856
3	6	2	2	41	1	6	1	11	2	2	7	0	1.9995897	3	11613.356	11613.956	11613.956	11614.156	11615.956
3	6	2	2	42	1	6	1	12	3	1	5	0	1.9267814	3	11616.271	11616.471	11616.471	11616.671	11618.398
3	6	2	2	43	1	6	1	13	1	2	2	1	1.2262656	4	11618.787	11619.387	11619.387	11619.587	11620.613
3	6	2	2	44	1	6	1	14	3	2	5	0	1.1224009	4	11621.393	11621.993	11621.993	11622.193	11623.116
3	6	2	2	45	1	6	1	15	5	1	6	1	1.1090437	5	11624.31	11624.51	11624.51	11624.71	11625.619
3	6	2	2	46	1	6	1	16	6	1	7	1	1.6132528	6	11626.518	11626.718	11626.718	11626.918	11628.331
3	6	2	2	47	1	6	1	17	4	1	0	0	-11628.924	6	11628.724	11628.924	11628.924	11629.124	0
3	6	2	2	48	1	6	1	18	5	2	2	0	1.3868115	6	11631.231	11631.831	11631.831	11632.032	11633.218
3	6	2	2	49	1	6	1	19	1	1	2	1	0.91027695	7	11634.151	11634.351	11634.351	11634.551	11635.261
3	6	2	2	50	1	6	1	20	2	1	3	1	1.2608027	8	11636.358	11636.558	11636.558	11636.758	11637.818
3	6	2	2	51	1	6	1	21	5	1	6	1	1.28499	9	11638.565	11638.765	11638.765	11638.965	11640.05
3	6	2	2	52	1	6	1	22	4	1	5	1	1.8322322	10	11640.772	11640.972	11640.972	11641.172	11642.805
3	6	2	2	53	1	6	1	23	2	2	3	1	1.9304927	11	11642.98	11643.58	11643.58	11643.78	11645.51
3	6	2	2	54	1	6	1	24	6	2	7	1	1.8738062	12	11645.587	11646.187	11646.187	11646.387	11648.061
3	6	2	2	55	1	6	1	25	4	1	5	1	1.5190694	13	11648.195	11648.395	11648.395	11648.595	11649.914
3	6	2	2	56	1	6	1	26	1	2	2	1	0.89005667	14	11650.402	11651.002	11651.002	11651.202	11651.892
3	6	2	2	57	1	6	1	27	5	1	6	1	1.0199605	15	11653.009	11653.209	11653.209	11653.409	11654.229
3	6	2	2	58	1	6	1	28	3	2	4	1	1.635362	16	11655.217	11655.817	11655.817	11656.017	11657.453
3	6	2	2	59	1	6	1	29	4	2	5	1	1.7448359	17	11657.825	11658.425	11658.425	11658.625	11660.17
3	6	2	2	60	1	6	1	30	2	2	3	1	1.6763196	18	11660.432	11661.032	11661.032	11661.232	11662.708
3	6	2	2	61	1	2	2	1	1	2	1	1	0.76091255	1	11682.266	11682.866	11682.866	11683.066	11683.627
3	6	2	2	62	1	2	2	2	6	2	8	1	0.80306117	2	11684.874	11685.474	11685.474	11685.674	11686.277
3	6	2	2	63	1	2	2	3	2	1	1	1	0.9287004	3	11687.481	11687.681	11687.681	11687.881	11688.61
3	6	2	2	64	1	2	2	4	6	2	8	1	0.89062337	4	11689.689	11690.289	11690.289	11690.489	11691.18
3	6	2	2	65	1	2	2	5	1	2	1	1	0.66501012	5	11692.297	11692.897	11692.898	11693.098	11693.563
3	6	2	2	66	1	2	2	6	4	2	8	1	0.52718138	6	11694.908	11695.508	11695.508	11695.708	11696.036
3	6	2	2	67	1	2	2	7	5	1	8	1	0.87269945	7	11697.516	11697.716	11697.716	11697.916	11698.589
3	6	2	2	68	1	2	2	8	3	1	1	1	0.58081496	8	11699.725	11699.925	11699.925	11700.125	11700.506
3	6	2	2	69	1	2	2	9	1	1	1	1	0.80002812	9	11701.932	11702.132	11702.132	11702.332	11702.932
3	6	2	2	70	1	2	2	10	6	1	1	0	0.70122724	9	11704.145	11704.345	11704.345	11704.545	11705.046
3	6	2	2	71	1	2	2	11	5	2	8	1	1.5224449	10	11706.659	11707.259	11707.259	11707.459	11708.781
3	6	2	2	72	1	2	2	12	5	1	8	1	0.6407743	11	11709.266	11709.466	11709.466	11709.666	11710.107
3	6	2	2	73	1	2	2	13	3	2	1	1	0.83448508	12	11711.475	11712.075	11712.075	11712.275	11712.909
3	6	2	2	74	1	2	2	14	3	2	1	1	1.4153763	13	11714.083	11714.683	11714.683	11714.883	11716.099
3	6	2	2	75	1	2	2	15	2	1	1	1	1.0717415	14	11716.692	11716.892	11716.892	11717.092	11717.963
3	6	2	2	76	1	2	2	16	4	1	8	1	1.1289318	15	11718.9	11719.1	11719.1	11719.3	11720.229
3	6	2	2	77	1	2	2	17	3	1	1	1	1.0873662	16	11721.108	11721.308	11721.308	11721.508	11722.396
3	6	2	2	78	1	2	2	18	2	2	1	1	1.36921	17	11723.317	11723.917	11723.917	11724.117	11725.286
3	6	2	2	79	1	2	2	19	6	1	8	1	0.9912549	18	11725.925	11726.125	11726.125	11726.325	11727.117
3	6	2	2	80	1	2	2	20	2	1	1	1	1.2282126	19	11728.134	11728.334	11728.334	11728.534	11729.563
3	6	2	2	81	1	2	2	21	1	1	1	1	1.1465948	20	11730.343	11730.543	11730.543	11730.743	11731.689
3	6	2	2	82	1	2	2	22	6	1	1	0	0.73281239	20	11732.551	11732.751	11732.751	11732.951	11733.484
3	6	2	2	83	1	2	2	23	2	2	1	1	0.7938808	21	11735.072	11735.672	11735.672	11735.872	11736.466
3	6	2	2	84	1	2	2	24	1	2	1	1	1.0830412	22	11737.681	11738.281	11738.281	11738.481	11739.364
3	6	2	2	85	1	2	2	25	5	1	8	1	1.09085	23	11740.29	11740.49	11740.49	11740.69	11741.58
3	6	2	2	86	1	2	2	26	4	2	8	1	1.3821115	24	11742.496	11743.096	11743.096	11743.296	11744.478
3	6	2	2	87	1	2	2	27	5	1	8	1	1.0995587	25	11745.105	11745.305	11745.305	11745.505	11746.405
3	6	2	2	88	1	2	2	28	4	2	8	1	1.2601082	26	11747.315	11747.915	11747.915	11748.115	11749.176
3	6	2	2	89	1	2	2	29	3	2	1	1	0.79311263	27	11749.925	11750.525	11750.525	11750.725	11751.318
3	6	2	2	90	1	2	2	30	4	2	8	1	1.0438667	28	11752.534	11753.134	11753.134	11753.334	11754.178
3	6	2	2	91	1	6	2	1	1	2	2	1	0.92856157	1	11820.035	11820.635	11820.635	11820.835	11821.563
3	6	2	2	92	1	6	2	2	5	2	6	1	1.0314326	2	11822.644	11823.244	11823.244	11823.444	11824.276
3	6	2	2	93	1	6	2	3	3	1	4	1	1.3102539	3	11825.254	11825.454	11825.454	11825.654	11826.764
3	6	2	2	94	1	6	2	4	3	2	4	1	1.0028315	4	11827.463	11828.063	11828.063	11828.263	11829.066
3	6	2	2	95	1	6	2	5	5	2	6	1	0.92513289	5	11830.072	11830.672	11830.672	11830.872	11831.598
3	6	2	2	96	1	6	2	6	6	2	3	0	1.8573138	5	11832.682	11833.282	11833.282	11833.482	11835.139
3	6	2	2	97	1	6	2	7	4	1	5	1	1.5505904	6	11835.604	11835.804	11835.804	11836.004	11837.355
3	6	2	2	98	1	6	2	8	6	1	0	0	-11838.014	6	11837.813	11838.014	11838.014	11838.214	0
3	6	2	2	99	1	6	2	9	1	1	2	1	0.99233315	7	11840.323	11840.523	11840.523	11840.723	11841.515
3	6	2	2	100	1	6	2	10	2	1	0	0	-11842.732	7	11842.532	11842.732	11842.732	11842.932	0
3	6	2	2	101	1	6	2	11	4	2	5	1	1.2885716	8	11845.042	11845.642	11845.642	11845.842	11846.931
3	6	2	2	102	1	6	2	12	5	1	6	1	1.0807029	9	11847.651	11847.851	11847.851	11848.051	11848.932
3	6	2	2	103	1	6	2	13	4	2	5	1	1.3740271	10	11849.861	11850.461	11850.461	11850.661	11851.835
3	6	2	2	104	1	6	2	14	4	2	5	1	0.76762822	11	11852.47	11853.071	11853.071	11853.271	11853.838
3	6	2	2	105	1	6	2	15	3	1	4	1	1.1538959	12	11855.081	11855.281	11855.281	11855.481	11856.435
3	6	2	2	106	1	6	2	16	1	1	2	1	0.90653594	13	11857.291	11857.491	11857.491	11857.691	11858.398
3	6	2	2	107	1	6	2	17	2	1	3	1	1.6632898	14	11859.501	11859.701	11859.701	11859.901	11861.365
3	6	2	2	108	1	6	2	18	6	2	7	1	1.1667146	15	11861.712	11862.312	11862.312	11862.512	11863.478
3	6	2	2	109	1	6	2	19	2	1	3	1	1.5368684	16	11864.322	11864.522	11864.522	11864.722	11866.059
3	6	2	2	110	1	6	2	20	2	1	3	1	0.67827188	17	11866.532	11866.732	11866.732	11866.932	11867.41
3	6	2	2	111	1	6	2	21	1	1	2	1	0.81333614	18	11868.742	11868.942	11868.942	11869.142	11869.755
3	6	2	2	112	1	6	2	22	5	1	6	1	1.1946323	19	11870.952	11871.152	11871.152	11871.352	11872.346
3	6	2	2	113	1	6	2	23	5	2	6	1	0.80293768	20	11873.162	11873.762	11873.762	11873.962	11874.565
3	6	2	2	114	1	6	2	24	4	2	5	1	1.2815808	21	11875.771	11876.371	11876.371	11876.571	11877.653
3	6	2	2	115	1	6	2	25	3	1	4	1	1.2151086	22	11878.382	11878.582	11878.582	11878.782	11879.797
3	6	2	2	116	1	6	2	26	6	2	3	0	1.3129237	22	11880.592	11881.192	11881.192	11881.392	11882.505
3	6	2	2	117	1	6	2	27	2	1	3	1	1.2869766	23	11883.518	11883.718	11883.718	11883.918	11885.005
3	6	2	2	118	1	6	2	28	6	2	7	1	0.62911948	24	11885.728	11886.328	11886.328	11886.528	11886.957
3	6	2	2	119	1	6	2	29	3	2	4	1	1.2524551	25	11888.338	11888.938	11888.938	11889.138	11890.19
3	6	2	2	120	1	6	2	30	1	2	2	1	1.6005893	26	11890.948	11891.548	11891.548	11891.748	11893.149
3	6	2	2	121	1	2	3	1	2	2	1	1	0.91317444	1	11905.993	11906.593	11906.593	11906.793	11907.506
3	6	2	2	122	1	2	3	2	3	2	1	1	0.63035982	2	11908.603	11909.203	11909.203	11909.403	11909.834
3	6	2	2	123	1	2	3	3	3	1	1	1	0.66948865	3	11911.214	11911.414	11911.414	11911.614	11912.084
3	6	2	2	124	1	2	3	4	4	2	8	1	0.71551149	4	11913.425	11914.025	11914.025	11914.225	11914.74
3	6	2	2	125	1	2	3	5	5	2	8	1	0.81557269	5	11916.035	11916.635	11916.635	11916.835	11917.45
3	6	2	2	126	1	2	3	6	2	2	1	1	0.90906002	6	11918.645	11919.245	11919.245	11919.445	11920.154
3	6	2	2	127	1	2	3	7	1	1	1	1	0.60475108	7	11921.255	11921.455	11921.455	11921.655	11922.06
3	6	2	2	128	1	2	3	8	1	1	1	1	0.61179451	8	11923.466	11923.666	11923.666	11923.866	11924.278
3	6	2	2	129	1	2	3	9	2	1	1	1	0.50953559	9	11925.676	11925.876	11925.876	11926.076	11926.386
3	6	2	2	130	1	2	3	10	6	1	8	1	0.56629829	10	11927.887	11928.087	11928.087	11928.287	11928.653
3	6	2	2	131	1	2	3	11	4	2	8	1	0.70026907	11	11930.098	11930.698	11930.698	11930.898	11931.398
3	6	2	2	132	1	2	3	12	2	1	1	1	0.62998029	12	11932.709	11932.909	11932.909	11933.109	11933.539
3	6	2	2	133	1	2	3	13	3	2	1	1	0.70643165	13	11934.921	11935.521	11935.521	11935.721	11936.227
3	6	2	2	134	1	2	3	14	3	2	1	1	0.69357642	14	11937.532	11938.132	11938.132	11938.332	11938.825
3	6	2	2	135	1	2	3	15	6	1	8	1	0.93909842	15	11940.145	11940.345	11940.345	11940.545	11941.284
3	6	2	2	136	1	2	3	16	1	1	8	0	0.7414634	15	11942.357	11942.557	11942.557	11942.757	11943.298
3	6	2	2	137	1	2	3	17	3	1	1	1	0.70692804	16	11944.882	11945.082	11945.082	11945.282	11945.789
3	6	2	2	138	1	2	3	18	5	2	8	1	0.76086471	17	11947.093	11947.693	11947.693	11947.893	11948.454
3	6	2	2	139	1	2	3	19	6	1	8	1	0.73511592	18	11949.707	11949.907	11949.907	11950.107	11950.642
3	6	2	2	140	1	2	3	20	4	1	8	1	0.51955083	19	11951.918	11952.118	11952.118	11952.318	11952.637
3	6	2	2	141	1	2	3	21	5	1	8	1	0.5178581	20	11954.128	11954.328	11954.328	11954.528	11954.846
3	6	2	2	142	1	2	3	22	4	1	8	1	0.45861024	21	11956.339	11956.539	11956.539	11956.739	11956.998
3	6	2	2	143	1	2	3	23	6	2	8	1	0.61153922	22	11958.551	11959.151	11959.151	11959.351	11959.762
3	6	2	2	144	1	2	3	24	1	2	1	1	0.82721822	23	11961.162	11961.762	11961.762	11961.962	11962.589
3	6	2	2	145	1	2	3	25	1	1	1	1	0.63788336	24	11963.773	11963.973	11963.973	11964.173	11964.611
3	6	2	2	146	1	2	3	26	6	2	8	1	0.70639022	25	11965.985	11966.585	11966.585	11966.785	11967.291
3	6	2	2	147	1	2	3	27	5	1	8	1	0.55214861	26	11968.596	11968.796	11968.796	11968.996	11969.348
3	6	2	2	148	1	2	3	28	2	2	1	1	0.82054098	27	11970.808	11971.408	11971.408	11971.608	11972.228
3	6	2	2	149	1	2	3	29	5	2	8	1	0.80869136	28	11973.419	11974.019	11974.019	11974.219	11974.828
3	6	2	2	150	1	2	3	30	4	2	8	1	0.8236068	29	11976.03	11976.63	11976.63	11976.83	11977.454
3	6	2	2	151	1	6	3	1	5	2	6	1	0.77443087	1	11986.707	11987.307	11987.307	11987.507	11988.082
3	6	2	2	152	1	6	3	2	2	2	3	1	1.3229569	2	11989.319	11989.919	11989.919	11990.119	11991.242
3	6	2	2	153	1	6	3	3	6	1	7	1	1.3223584	3	11991.931	11992.131	11992.131	11992.331	11993.453
3	6	2	2	154	1	6	3	4	5	2	6	1	0.80736582	4	11994.142	11994.742	11994.742	11994.942	11995.55
3	6	2	2	155	1	6	3	5	4	2	5	1	1.3374567	5	11996.754	11997.354	11997.354	11997.554	11998.691
3	6	2	2	156	1	6	3	6	3	2	4	1	1.1330343	6	11999.366	11999.966	11999.966	12000.166	12001.099
3	6	2	2	157	1	6	3	7	4	1	5	1	0.94578523	7	12001.978	12002.178	12002.178	12002.378	12003.124
3	6	2	2	158	1	6	3	8	1	1	2	1	1.0258814	8	12004.19	12004.39	12004.39	12004.59	12005.416
3	6	2	2	159	1	6	3	9	6	1	3	0	0.66546767	8	12006.402	12006.602	12006.602	12006.802	12007.268
3	6	2	2	160	1	6	3	10	5	1	6	1	0.9698856	9	12008.921	12009.121	12009.121	12009.321	12010.091
3	6	2	2	161	1	6	3	11	2	2	3	1	1.0811861	10	12011.133	12011.733	12011.733	12011.933	12012.814
3	6	2	2	162	1	6	3	12	2	1	3	1	0.60975119	11	12013.745	12013.945	12013.945	12014.145	12014.554
3	6	2	2	163	1	6	3	13	5	2	6	1	0.69071411	12	12015.957	12016.557	12016.557	12016.757	12017.248
3	6	2	2	164	1	6	3	14	1	2	2	1	1.3458831	13	12018.569	12019.169	12019.169	12019.369	12020.515
3	6	2	2	165	1	6	3	15	6	1	7	1	1.108503	14	12021.182	12021.382	12021.382	12021.582	12022.49
3	6	2	2	166	1	6	3	16	3	1	4	1	1.9385935	15	12023.394	12023.594	12023.594	12023.794	12025.533
3	6	2	2	167	1	6	3	17	6	1	7	1	1.3733316	16	12025.607	12025.807	12025.807	12026.007	12027.181
3	6	2	2	168	1	6	3	18	2	2	3	1	1.4491747	17	12027.82	12028.42	12028.42	12028.62	12029.869
3	6	2	2	169	1	6	3	19	2	1	3	1	0.60579136	18	12030.432	12030.632	12030.632	12030.832	12031.238
3	6	2	2	170	1	6	3	20	1	1	2	1	1.1368339	19	12032.644	12032.844	12032.844	12033.044	12033.981
3	6	2	2	171	1	6	3	21	6	1	7	1	1.1784703	20	12034.857	12035.057	12035.057	12035.257	12036.235
3	6	2	2	172	1	6	3	22	1	1	7	0	0.67971084	20	12037.069	12037.269	12037.269	12037.469	12037.949
3	6	2	2	173	1	6	3	23	5	2	6	1	0.81004497	21	12039.587	12040.187	12040.187	12040.387	12040.997
3	6	2	2	174	1	6	3	24	1	2	2	1	0.98003142	22	12042.199	12042.799	12042.799	12042.999	12043.779
3	6	2	2	175	1	6	3	25	4	1	5	1	1.5015399	23	12044.812	12045.012	12045.012	12045.212	12046.514
3	6	2	2	176	1	6	3	26	3	2	4	1	0.91285751	24	12047.025	12047.625	12047.625	12047.825	12048.538
3	6	2	2	177	1	6	3	27	4	1	5	1	0.96500565	25	12049.638	12049.838	12049.838	12050.038	12050.803
3	6	2	2	178	1	6	3	28	3	2	5	0	0.92090122	25	12051.851	12052.451	12052.451	12052.651	12053.371
3	6	2	2	179	1	6	3	29	4	2	5	1	0.82427719	26	12054.77	12055.37	12055.37	12055.57	12056.194
3	6	2	2	180	1	6	3	30	3	2	4	1	1.0588355	27	12057.383	12057.983	12057.983	12058.183	12059.042
3	6	2	2	181	2	2	4	1	2	2	1	1	0.89669231	1	12614.785	12615.385	12615.385	12615.585	12616.282
3	6	2	2	182	2	2	4	2	3	2	1	1	0.61492633	2	12617.398	12617.998	12617.998	12618.198	12618.613
3	6	2	2	183	2	2	4	3	1	1	1	1	0.56157321	3	12620.011	12620.211	12620.211	12620.411	12620.773
3	6	2	2	184	2	2	4	4	5	2	8	1	0.65797415	4	12622.224	12622.824	12622.824	12623.024	12623.482
3	6	2	2	185	2	2	4	5	3	2	1	1	0.62089138	5	12624.837	12625.437	12625.437	12625.637	12626.058
3	6	2	2	186	2	2	4	6	6	2	8	1	0.52465767	6	12627.45	12628.05	12628.05	12628.25	12628.574
3	6	2	2	187	2	2	4	7	2	1	1	1	0.83783902	7	12630.063	12630.263	12630.263	12630.463	12631.1
3	6	2	2	188	2	2	4	8	1	1	1	1	0.57278533	8	12632.276	12632.476	12632.476	12632.676	12633.049
3	6	2	2	189	2	2	4	9	3	1	1	1	1.1076602	9	12634.49	12634.69	12634.69	12634.89	12635.797
3	6	2	2	190	2	2	4	10	6	1	8	1	0.63797754	10	12636.703	12636.903	12636.903	12637.103	12637.541
3	6	2	2	191	2	2	4	11	2	2	1	1	0.77656926	11	12638.917	12639.517	12639.517	12639.717	12640.294
3	6	2	2	192	2	2	4	12	5	1	8	1	0.60049145	12	12641.53	12641.73	12641.73	12641.93	12642.331
3	6	2	2	193	2	2	4	13	4	2	8	1	0.68015746	13	12643.744	12644.344	12644.344	12644.544	12645.024
3	6	2	2	194	2	2	4	14	4	2	8	1	0.70743881	14	12646.408	12647.008	12647.008	12647.208	12647.716
3	6	2	2	195	2	2	4	15	6	1	8	1	0.59667329	15	12649.022	12649.222	12649.222	12649.422	12649.819
3	6	2	2	196	2	2	4	16	2	1	1	1	0.89578012	16	12651.236	12651.436	12651.436	12651.636	12652.332
3	6	2	2	197	2	2	4	17	2	1	1	1	0.6837506	17	12653.45	12653.65	12653.65	12653.85	12654.334
3	6	2	2	198	2	2	4	18	4	2	8	1	0.5746095	18	12655.663	12656.263	12656.263	12656.463	12656.838
3	6	2	2	199	2	2	4	19	3	1	1	1	0.85132035	19	12658.278	12658.478	12658.478	12658.678	12659.329
3	6	2	2	200	2	2	4	20	4	1	8	1	0.58183678	20	12660.492	12660.692	12660.692	12660.892	12661.274
3	6	2	2	201	2	2	4	21	5	1	8	1	0.65519279	21	12662.707	12662.907	12662.907	12663.107	12663.562
3	6	2	2	202	2	2	4	22	5	1	8	1	0.73158276	22	12664.922	12665.122	12665.122	12665.322	12665.854
3	6	2	2	203	2	2	4	23	4	2	8	1	0.62637823	23	12667.136	12667.736	12667.736	12667.936	12668.362
3	6	2	2	204	2	2	4	24	3	2	1	1	0.60860462	24	12669.749	12670.349	12670.349	12670.549	12670.958
3	6	2	2	205	2	2	4	25	1	1	1	1	0.53820985	25	12672.363	12672.563	12672.563	12672.763	12673.101
3	6	2	2	206	2	2	4	26	6	2	8	1	0.71510297	26	12674.576	12675.176	12675.176	12675.376	12675.892
3	6	2	2	207	2	2	4	27	1	1	1	1	0.62881249	27	12677.191	12677.391	12677.391	12677.591	12678.02
3	6	2	2	208	2	2	4	28	6	2	8	1	0.65338359	28	12679.447	12680.047	12680.047	12680.247	12680.7
3	6	2	2	209	2	2	4	29	1	2	1	1	0.57541043	29	12682.06	12682.66	12682.66	12682.86	12683.236
3	6	2	2	210	2	2	4	30	5	2	8	1	0.57862978	30	12684.674	12685.274	12685.274	12685.474	12685.853
3	6	2	2	211	2	6	4	1	6	2	3	0	1.8896772	0	12715.354	12715.954	12715.954	12716.154	12717.844
3	6	2	2	212	2	6	4	2	3	2	0	0	-12718.568	0	12717.968	12718.568	12718.568	12718.768	0
3	6	2	2	213	2	6	4	3	2	1	3	1	1.6329348	1	12720.585	12720.785	12720.785	12720.985	12722.418
3	6	2	2	214	2	6	4	4	1	2	2	1	1.0229856	2	12722.799	12723.399	12723.399	12723.599	12724.422
3	6	2	2	215	2	6	4	5	4	2	5	1	1.2323601	3	12725.414	12726.014	12726.014	12726.214	12727.246
3	6	2	2	216	2	6	4	6	1	2	2	1	1.2891138	4	12728.028	12728.628	12728.628	12728.828	12729.918
3	6	2	2	217	2	6	4	7	1	1	2	1	0.77654931	5	12730.643	12730.843	12730.843	12731.043	12731.619
3	6	2	2	218	2	6	4	8	4	1	5	1	1.0634644	6	12732.863	12733.063	12733.063	12733.263	12734.126
3	6	2	2	219	2	6	4	9	3	1	4	1	0.85548797	7	12735.077	12735.277	12735.277	12735.477	12736.132
3	6	2	2	220	2	6	4	10	6	1	7	1	1.2864212	8	12737.294	12737.494	12737.494	12737.694	12738.78
3	6	2	2	221	2	6	4	11	5	2	6	1	0.97376807	9	12739.512	12740.112	12740.112	12740.312	12741.086
3	6	2	2	222	2	6	4	12	4	1	5	1	0.60655305	10	12742.126	12742.326	12742.326	12742.526	12742.933
3	6	2	2	223	2	6	4	13	2	2	3	1	1.6541988	11	12744.341	12744.941	12744.941	12745.141	12746.595
3	6	2	2	224	2	6	4	14	5	2	6	1	1.4548064	12	12746.957	12747.557	12747.557	12747.757	12749.012
3	6	2	2	225	2	6	4	15	5	1	6	1	0.93845452	13	12749.571	12749.771	12749.771	12749.972	12750.71
3	6	2	2	226	2	6	4	16	1	1	2	1	1.0826066	14	12751.786	12751.986	12751.986	12752.186	12753.069
3	6	2	2	227	2	6	4	17	1	1	2	1	0.8101905	15	12754.002	12754.202	12754.202	12754.402	12755.012
3	6	2	2	228	2	6	4	18	4	2	5	1	0.94079618	16	12756.216	12756.816	12756.816	12757.016	12757.757
3	6	2	2	229	2	6	4	19	6	1	7	1	1.1896889	17	12758.831	12759.031	12759.031	12759.231	12760.221
3	6	2	2	230	2	6	4	20	6	1	7	1	0.80477843	18	12761.046	12761.246	12761.246	12761.446	12762.051
3	6	2	2	231	2	6	4	21	5	1	6	1	0.80839915	19	12763.262	12763.462	12763.462	12763.662	12764.27
3	6	2	2	232	2	6	4	22	2	1	3	1	1.0643233	20	12765.478	12765.678	12765.678	12765.878	12766.742
3	6	2	2	233	2	6	4	23	2	2	3	1	0.69259526	21	12767.693	12768.293	12768.293	12768.493	12768.986
3	6	2	2	234	2	6	4	24	3	2	4	1	1.9981657	22	12770.309	12770.909	12770.909	12771.109	12772.907
3	6	2	2	235	2	6	4	25	5	1	6	1	1.1425132	23	12772.924	12773.124	12773.124	12773.324	12774.267
3	6	2	2	236	2	6	4	26	3	2	4	1	1.0743211	24	12775.139	12775.739	12775.739	12775.939	12776.814
3	6	2	2	237	2	6	4	27	4	1	5	1	0.67412336	25	12777.755	12777.955	12777.955	12778.155	12778.629
3	6	2	2	238	2	6	4	28	6	2	3	0	1.0601475	25	12779.97	12780.57	12780.57	12780.77	12781.63
3	6	2	2	239	2	6	4	29	3	2	4	1	1.7144333	26	12782.585	12783.185	12783.185	12783.385	12784.899
3	6	2	2	240	2	6	4	30	2	2	3	1	0.96964775	27	12785.201	12785.801	12785.801	12786.001	12786.771
3	6	2	2	241	2	2	5	1	4	2	8	1	0.78213323	1	12816.244	12816.844	12816.844	12817.044	12817.626
3	6	2	2	242	2	2	5	2	5	2	8	1	0.57375714	2	12818.86	12819.46	12819.46	12819.66	12820.034
3	6	2	2	243	2	2	5	3	2	1	1	1	0.59220075	3	12821.475	12821.675	12821.675	12821.875	12822.268
3	6	2	2	244	2	2	5	4	1	2	1	1	0.72647606	4	12823.691	12824.291	12824.291	12824.491	12825.018
3	6	2	2	245	2	2	5	5	1	2	1	1	0.99155284	5	12826.311	12826.911	12826.911	12827.111	12827.902
3	6	2	2	246	2	2	5	6	5	2	8	1	0.58282617	6	12828.93	12829.53	12829.53	12829.73	12830.112
3	6	2	2	247	2	2	5	7	6	1	8	1	0.45960528	7	12831.545	12831.745	12831.745	12831.945	12832.205
3	6	2	2	248	2	2	5	8	3	1	1	1	0.58754184	8	12833.761	12833.961	12833.961	12834.161	12834.548
3	6	2	2	249	2	2	5	9	5	1	1	0	0.82924576	8	12835.977	12836.177	12836.177	12836.377	12837.006
3	6	2	2	250	2	2	5	10	5	1	8	1	0.51515308	9	12838.193	12838.393	12838.393	12838.593	12838.908
3	6	2	2	251	2	2	5	11	4	2	8	1	0.55016525	10	12840.413	12841.013	12841.013	12841.213	12841.564
3	6	2	2	252	2	2	5	12	3	1	1	1	0.49399853	11	12843.029	12843.229	12843.229	12843.429	12843.723
3	6	2	2	253	2	2	5	13	2	2	1	1	0.54994346	12	12845.245	12845.845	12845.845	12846.045	12846.395
3	6	2	2	254	2	2	5	14	6	2	8	1	0.61469321	13	12847.861	12848.461	12848.461	12848.661	12849.076
3	6	2	2	255	2	2	5	15	4	1	8	1	0.4872092	14	12850.478	12850.678	12850.678	12850.878	12851.165
3	6	2	2	256	2	2	5	16	1	1	1	1	0.52018144	15	12852.694	12852.894	12852.894	12853.094	12853.414
3	6	2	2	257	2	2	5	17	6	1	1	0	0.5719692	15	12854.911	12855.111	12855.111	12855.311	12855.683
3	6	2	2	258	2	2	5	18	6	2	8	1	0.57560417	16	12857.127	12857.727	12857.727	12857.927	12858.302
3	6	2	2	259	2	2	5	19	1	1	1	1	0.53745046	17	12859.746	12859.946	12859.946	12860.146	12860.484
3	6	2	2	260	2	2	5	20	2	1	8	0	0.74577239	17	12861.962	12862.162	12862.162	12862.362	12862.908
3	6	2	2	261	2	2	5	21	1	1	1	1	0.62682342	18	12864.179	12864.379	12864.379	12864.579	12865.006
3	6	2	2	262	2	2	5	22	3	1	1	1	0.65546817	19	12866.396	12866.596	12866.596	12866.796	12867.252
3	6	2	2	263	2	2	5	23	3	2	1	1	0.54672691	20	12868.665	12869.265	12869.265	12869.465	12869.812
3	6	2	2	264	2	2	5	24	3	2	1	1	0.72208556	21	12871.283	12871.883	12871.883	12872.083	12872.605
3	6	2	2	265	2	2	5	25	6	1	8	1	0.57600723	22	12873.899	12874.099	12874.099	12874.299	12874.675
3	6	2	2	266	2	2	5	26	2	2	1	1	1.2467256	23	12876.116	12876.716	12876.716	12876.916	12877.963
3	6	2	2	267	2	2	5	27	2	1	1	1	0.54365981	24	12878.732	12878.932	12878.932	12879.132	12879.476
3	6	2	2	268	2	2	5	28	4	2	8	1	1.1096426	25	12880.949	12881.549	12881.549	12881.749	12882.658
3	6	2	2	269	2	2	5	29	5	2	8	1	0.98102082	26	12883.565	12884.165	12884.165	12884.365	12885.147
3	6	2	2	270	2	2	5	30	4	2	8	1	0.5317119	27	12886.182	12886.782	12886.782	12886.982	12887.314
3	6	2	2	271	2	6	5	1	3	2	4	1	1.2781267	1	12916.862	12917.462	12917.462	12917.662	12918.74
3	6	2	2	272	2	6	5	2	5	2	6	1	0.96752442	2	12919.48	12920.08	12920.08	12920.28	12921.047
3	6	2	2	273	2	6	5	3	5	1	6	1	0.60765991	3	12922.098	12922.298	12922.298	12922.498	12922.906
3	6	2	2	274	2	6	5	4	1	2	2	1	1.1101398	4	12924.32	12924.92	12924.92	12925.12	12926.03
3	6	2	2	275	2	6	5	5	2	2	3	1	1.1918087	5	12926.937	12927.537	12927.537	12927.737	12928.729
3	6	2	2	276	2	6	5	6	4	2	5	1	1.1777159	6	12929.554	12930.154	12930.154	12930.354	12931.332
3	6	2	2	277	2	6	5	7	3	1	4	1	0.78582388	7	12932.172	12932.372	12932.372	12932.572	12933.158
3	6	2	2	278	2	6	5	8	2	1	3	1	1.3925847	8	12934.389	12934.589	12934.589	12934.789	12935.982
3	6	2	2	279	2	6	5	9	3	1	4	1	1.2380267	9	12936.606	12936.806	12936.806	12937.006	12938.044
3	6	2	2	280	2	6	5	10	6	1	7	1	1.2109472	10	12938.824	12939.024	12939.024	12939.224	12940.235
3	6	2	2	281	2	6	5	11	6	2	7	1	0.67532052	11	12941.041	12941.641	12941.641	12941.841	12942.317
3	6	2	2	282	2	6	5	12	5	1	6	1	1.187356	12	12943.659	12943.859	12943.859	12944.059	12945.047
3	6	2	2	283	2	6	5	13	4	2	5	1	1.013835	13	12945.879	12946.479	12946.479	12946.679	12947.493
3	6	2	2	284	2	6	5	14	2	2	3	1	1.3700968	14	12948.496	12949.096	12949.096	12949.296	12950.466
3	6	2	2	285	2	6	5	15	1	1	2	1	1.3730616	15	12951.114	12951.314	12951.314	12951.514	12952.687
3	6	2	2	286	2	6	5	16	1	1	2	1	0.83046986	16	12953.332	12953.532	12953.532	12953.732	12954.362
3	6	2	2	287	2	6	5	17	2	1	3	1	1.6942553	17	12955.549	12955.749	12955.749	12955.949	12957.444
3	6	2	2	288	2	6	5	18	6	2	7	1	1.2468333	18	12957.767	12958.367	12958.367	12958.567	12959.614
3	6	2	2	289	2	6	5	19	6	1	7	1	1.1058641	19	12960.385	12960.585	12960.585	12960.785	12961.691
3	6	2	2	290	2	6	5	20	1	1	2	1	1.9999521	20	12962.603	12962.803	12962.803	12963.003	12964.803
3	6	2	2	291	2	6	5	21	4	1	5	1	1.9965821	21	12964.826	12965.026	12965.026	12965.226	12967.023
3	6	2	2	292	2	6	5	22	4	1	5	1	0.83959008	22	12967.045	12967.245	12967.245	12967.445	12968.085
3	6	2	2	293	2	6	5	23	1	2	5	0	1.1633924	22	12969.263	12969.863	12969.863	12970.063	12971.027
3	6	2	2	294	2	6	5	24	3	2	4	1	0.99260839	23	12971.881	12972.481	12972.481	12972.681	12973.474
3	6	2	2	295	2	6	5	25	2	1	3	1	0.87312854	24	12974.499	12974.699	12974.699	12974.899	12975.573
3	6	2	2	296	2	6	5	26	6	2	7	1	1.3504237	25	12976.718	12977.318	12977.318	12977.518	12978.669
3	6	2	2	297	2	6	5	27	3	1	4	1	1.3084828	26	12979.336	12979.536	12979.536	12979.736	12980.845
3	6	2	2	298	2	6	5	28	5	2	6	1	1.545659	27	12981.555	12982.155	12982.155	12982.355	12983.7
3	6	2	2	299	2	6	5	29	4	2	0	0	-12984.773	27	12984.173	12984.773	12984.773	12984.973	0
3	6	2	2	300	2	6	5	30	5	2	6	1	1.0529448	28	12986.791	12987.391	12987.391	12987.591	12988.444
3	6	2	2	301	2	2	6	1	6	2	8	1	1.4485036	1	13017.481	13018.081	13018.081	13018.281	13019.53
3	6	2	2	302	2	2	6	2	4	2	8	1	0.6860172	2	13020.1	13020.7	13020.7	13020.9	13021.386
3	6	2	2	303	2	2	6	3	3	1	1	1	0.69092836	3	13022.718	13022.918	13022.918	13023.118	13023.609
3	6	2	2	304	2	2	6	4	2	2	1	1	0.66501913	4	13024.937	13025.537	13025.537	13025.737	13026.202
3	6	2	2	305	2	2	6	5	5	2	8	1	0.69667255	5	13027.555	13028.155	13028.155	13028.355	13028.852
3	6	2	2	306	2	2	6	6	6	2	8	1	0.5970183	6	13030.173	13030.773	13030.773	13030.973	13031.37
3	6	2	2	307	2	2	6	7	2	1	8	0	0.57191786	6	13032.791	13032.991	13032.991	13033.191	13033.563
3	6	2	2	308	2	2	6	8	1	1	1	1	1.0001009	7	13035.01	13035.21	13035.21	13035.41	13036.21
3	6	2	2	309	2	2	6	9	1	1	1	1	0.68710059	8	13037.229	13037.429	13037.429	13037.629	13038.116
3	6	2	2	310	2	2	6	10	5	1	8	1	0.60422461	9	13039.45	13039.65	13039.65	13039.85	13040.254
3	6	2	2	311	2	2	6	11	4	2	8	1	0.66307078	10	13041.669	13042.269	13042.269	13042.469	13042.932
3	6	2	2	312	2	2	6	12	6	1	8	1	0.65207171	11	13044.29	13044.49	13044.49	13044.69	13045.142
3	6	2	2	313	2	2	6	13	1	2	1	1	0.68544845	12	13046.511	13047.111	13047.111	13047.311	13047.796
3	6	2	2	314	2	2	6	14	5	2	8	1	0.82513134	13	13049.13	13049.73	13049.73	13049.93	13050.555
3	6	2	2	315	2	2	6	15	6	1	8	1	0.74248509	14	13051.749	13051.949	13051.949	13052.149	13052.692
3	6	2	2	316	2	2	6	16	4	1	8	1	0.81134476	15	13053.968	13054.168	13054.168	13054.368	13054.98
3	6	2	2	317	2	2	6	17	2	1	1	1	0.6319607	16	13056.187	13056.387	13056.387	13056.587	13057.019
3	6	2	2	318	2	2	6	18	3	2	1	1	0.7331867	17	13058.406	13059.006	13059.006	13059.206	13059.74
3	6	2	2	319	2	2	6	19	2	1	1	1	0.86135679	18	13061.026	13061.226	13061.226	13061.426	13062.087
3	6	2	2	320	2	2	6	20	1	1	1	1	0.83743691	19	13063.245	13063.445	13063.445	13063.645	13064.282
3	6	2	2	321	2	2	6	21	5	1	8	1	0.72317117	20	13065.464	13065.664	13065.664	13065.864	13066.387
3	6	2	2	322	2	2	6	22	6	1	8	1	0.64026728	21	13067.683	13067.883	13067.883	13068.083	13068.523
3	6	2	2	323	2	2	6	23	5	2	8	1	0.70996909	22	13069.902	13070.502	13070.502	13070.702	13071.212
3	6	2	2	324	2	2	6	24	4	2	8	1	0.77976539	23	13072.522	13073.122	13073.122	13073.322	13073.902
3	6	2	2	325	2	2	6	25	3	1	1	1	0.69645409	24	13075.141	13075.341	13075.341	13075.541	13076.037
3	6	2	2	326	2	2	6	26	3	2	1	1	0.95296791	25	13077.362	13077.962	13077.962	13078.162	13078.915
3	6	2	2	327	2	2	6	27	4	1	8	1	0.86885351	26	13079.981	13080.181	13080.181	13080.381	13081.05
3	6	2	2	328	2	2	6	28	3	2	1	1	0.98095293	27	13082.2	13082.8	13082.8	13083	13083.781
3	6	2	2	329	2	2	6	29	1	2	1	1	0.77639798	28	13084.82	13085.42	13085.42	13085.62	13086.196
3	6	2	2	330	2	2	6	30	2	2	1	1	0.62802069	29	13087.439	13088.039	13088.039	13088.239	13088.667
3	6	2	2	331	2	6	6	1	1	2	2	1	1.1088439	1	13118.121	13118.721	13118.721	13118.921	13119.83
3	6	2	2	332	2	6	6	2	5	2	6	1	1.7363189	2	13120.742	13121.342	13121.342	13121.542	13123.078
3	6	2	2	333	2	6	6	3	6	1	7	1	1.5783529	3	13123.362	13123.562	13123.562	13123.762	13125.141
3	6	2	2	334	2	6	6	4	1	2	2	1	0.88528423	4	13125.582	13126.182	13126.182	13126.382	13127.067
3	6	2	2	335	2	6	6	5	4	2	5	1	1.8906646	5	13128.202	13128.802	13128.802	13129.002	13130.692
3	6	2	2	336	2	6	6	6	2	2	3	1	0.94968708	6	13130.822	13131.422	13131.422	13131.622	13132.372
3	6	2	2	337	2	6	6	7	1	1	2	1	1.098482	7	13133.442	13133.642	13133.642	13133.842	13134.74
3	6	2	2	338	2	6	6	8	2	1	3	1	1.8714337	8	13135.661	13135.861	13135.861	13136.061	13137.733
3	6	2	2	339	2	6	6	9	1	1	2	1	1.0599213	9	13137.881	13138.081	13138.081	13138.281	13139.141
3	6	2	2	340	2	6	6	10	5	1	6	1	1.1113516	10	13140.101	13140.301	13140.301	13140.501	13141.412
3	6	2	2	341	2	6	6	11	5	2	6	1	0.81176123	11	13142.321	13142.921	13142.921	13143.121	13143.732
3	6	2	2	342	2	6	6	12	5	1	6	1	0.78954833	12	13144.967	13145.167	13145.167	13145.367	13145.957
3	6	2	2	343	2	6	6	13	4	2	5	1	1.744395	13	13147.188	13147.788	13147.788	13147.988	13149.533
3	6	2	2	344	2	6	6	14	6	2	3	0	1.6442754	13	13149.809	13150.409	13150.409	13150.609	13152.053
3	6	2	2	345	2	6	6	15	3	1	4	1	1.708474	14	13152.434	13152.634	13152.634	13152.834	13154.342
3	6	2	2	346	2	6	6	16	4	1	5	1	1.4201179	15	13154.654	13154.854	13154.854	13155.054	13156.274
3	6	2	2	347	2	6	6	17	3	1	4	1	1.6238155	16	13156.876	13157.076	13157.076	13157.276	13158.7
3	6	2	2	348	2	6	6	18	4	2	5	1	1.0509357	17	13159.095	13159.695	13159.695	13159.895	13160.746
3	6	2	2	349	2	6	6	19	3	1	4	1	1.5514364	18	13161.715	13161.915	13161.915	13162.115	13163.466
3	6	2	2	350	2	6	6	20	1	1	2	1	0.80744017	19	13163.935	13164.135	13164.135	13164.335	13164.942
3	6	2	2	351	2	6	6	21	2	1	3	1	1.8233231	20	13166.156	13166.356	13166.356	13166.556	13168.179
3	6	2	2	352	2	6	6	22	5	1	7	0	1.7620346	20	13168.376	13168.576	13168.576	13168.776	13170.338
3	6	2	2	353	2	6	6	23	2	2	3	1	1.4004087	21	13170.598	13171.198	13171.198	13171.398	13172.598
3	6	2	2	354	2	6	6	24	6	2	7	1	1.7558906	22	13173.218	13173.818	13173.818	13174.018	13175.574
3	6	2	2	355	2	6	6	25	2	1	3	1	1.3559132	23	13175.839	13176.039	13176.039	13176.239	13177.395
3	6	2	2	356	2	6	6	26	6	2	7	1	0.83867012	24	13178.06	13178.66	13178.66	13178.86	13179.499
3	6	2	2	357	2	6	6	27	4	1	5	1	1.5038062	25	13180.683	13180.883	13180.883	13181.083	13182.387
3	6	2	2	358	2	6	6	28	6	2	7	1	1.8660809	26	13182.904	13183.504	13183.504	13183.704	13185.37
3	6	2	2	359	2	6	6	29	3	2	4	1	1.2719469	27	13185.525	13186.125	13186.125	13186.325	13187.397
3	6	2	2	360	2	6	6	30	3	2	4	1	0.84488542	28	13188.145	13188.745	13188.745	13188.945	13189.59
3	6	2	2	361	3	2	7	1	2	2	1	1	0.89237988	1	14504.397	14504.997	14504.997	14505.197	14505.89
3	6	2	2	362	3	2	7	2	1	2	1	1	0.63648118	2	14507.024	14507.624	14507.624	14507.824	14508.26
3	6	2	2	363	3	2	7	3	3	1	1	1	0.54364003	3	14509.644	14509.844	14509.844	14510.044	14510.388
3	6	2	2	364	3	2	7	4	5	2	8	1	0.58910795	4	14511.865	14512.465	14512.465	14512.665	14513.054
3	6	2	2	365	3	2	7	5	6	2	8	1	0.65314934	5	14514.487	14515.087	14515.087	14515.287	14515.74
3	6	2	2	366	3	2	7	6	1	2	1	1	0.9197078	6	14517.108	14517.708	14517.708	14517.908	14518.627
3	6	2	2	367	3	2	7	7	5	1	8	1	0.70989886	7	14519.728	14519.928	14519.928	14520.128	14520.638
3	6	2	2	368	3	2	7	8	2	1	1	1	0.644153	8	14521.951	14522.151	14522.151	14522.351	14522.795
3	6	2	2	369	3	2	7	9	3	1	1	1	0.56874376	9	14524.174	14524.374	14524.374	14524.574	14524.942
3	6	2	2	370	3	2	7	10	4	1	8	1	0.63121731	10	14526.395	14526.595	14526.595	14526.795	14527.226
3	6	2	2	371	3	2	7	11	6	2	8	1	0.77942629	11	14528.615	14529.215	14529.215	14529.415	14529.995
3	6	2	2	372	3	2	7	12	4	1	8	1	0.67935083	12	14531.237	14531.437	14531.437	14531.637	14532.117
3	6	2	2	373	3	2	7	13	4	2	8	1	0.65649819	13	14533.46	14534.06	14534.06	14534.26	14534.716
3	6	2	2	374	3	2	7	14	6	2	8	1	0.57833416	14	14536.081	14536.681	14536.681	14536.881	14537.26
3	6	2	2	375	3	2	7	15	3	1	1	1	0.45457377	15	14538.707	14538.907	14538.907	14539.107	14539.361
3	6	2	2	376	3	2	7	16	1	1	1	1	0.69924735	16	14540.928	14541.128	14541.128	14541.328	14541.828
3	6	2	2	377	3	2	7	17	5	1	8	1	0.64615728	17	14543.15	14543.35	14543.35	14543.55	14543.997
3	6	2	2	378	3	2	7	18	1	2	1	1	0.80787666	18	14545.372	14545.972	14545.972	14546.172	14546.78
3	6	2	2	379	3	2	7	19	2	1	1	1	0.84307408	19	14547.994	14548.194	14548.194	14548.394	14549.037
3	6	2	2	380	3	2	7	20	2	1	1	1	0.59859246	20	14550.216	14550.416	14550.416	14550.616	14551.014
3	6	2	2	381	3	2	7	21	6	1	8	1	0.56799055	21	14552.438	14552.638	14552.638	14552.838	14553.206
3	6	2	2	382	3	2	7	22	1	1	1	1	0.68147778	22	14554.664	14554.864	14554.864	14555.064	14555.546
3	6	2	2	383	3	2	7	23	4	2	8	1	0.67557785	23	14556.887	14557.487	14557.487	14557.687	14558.162
3	6	2	2	384	3	2	7	24	3	2	1	1	0.46550064	24	14559.508	14560.108	14560.108	14560.308	14560.573
3	6	2	2	385	3	2	7	25	4	1	8	1	0.63545491	25	14562.13	14562.33	14562.33	14562.53	14562.965
3	6	2	2	386	3	2	7	26	6	2	1	0	0.6927201	25	14564.352	14564.952	14564.952	14565.152	14565.645
3	6	2	2	387	3	2	7	27	3	1	1	1	0.88592049	26	14566.974	14567.174	14567.174	14567.374	14568.059
3	6	2	2	388	3	2	7	28	5	2	8	1	0.65077784	27	14569.195	14569.795	14569.795	14569.995	14570.446
3	6	2	2	389	3	2	7	29	5	2	8	1	1.2044888	28	14571.818	14572.418	14572.418	14572.618	14573.622
3	6	2	2	390	3	2	7	30	2	2	1	1	0.81813871	29	14574.44	14575.04	14575.04	14575.24	14575.858
3	6	2	2	391	3	6	7	1	1	2	2	1	1.0528739	1	14605.417	14606.017	14606.017	14606.217	14607.07
3	6	2	2	392	3	6	7	2	5	2	6	1	1.0420808	2	14608.04	14608.64	14608.64	14608.84	14609.682
3	6	2	2	393	3	6	7	3	1	1	2	1	0.96874665	3	14610.661	14610.861	14610.861	14611.061	14611.83
3	6	2	2	394	3	6	7	4	1	2	2	1	0.87384514	4	14612.884	14613.484	14613.484	14613.684	14614.358
3	6	2	2	395	3	6	7	5	3	2	4	1	0.90775843	5	14615.506	14616.106	14616.106	14616.306	14617.014
3	6	2	2	396	3	6	7	6	3	2	4	1	0.73747057	6	14618.129	14618.729	14618.729	14618.929	14619.466
3	6	2	2	397	3	6	7	7	6	1	7	1	1.8746718	7	14620.751	14620.951	14620.951	14621.151	14622.826
3	6	2	2	398	3	6	7	8	5	1	6	1	0.97291461	8	14622.974	14623.174	14623.174	14623.374	14624.147
3	6	2	2	399	3	6	7	9	4	1	5	1	1.1354293	9	14625.197	14625.397	14625.397	14625.597	14626.533
3	6	2	2	400	3	6	7	10	5	1	6	1	0.76574511	10	14627.421	14627.621	14627.621	14627.821	14628.387
3	6	2	2	401	3	6	7	11	2	2	3	1	1.1215286	11	14629.644	14630.244	14630.244	14630.444	14631.365
3	6	2	2	402	3	6	7	12	1	1	2	1	0.90379107	12	14632.267	14632.467	14632.467	14632.667	14633.371
3	6	2	2	403	3	6	7	13	2	2	3	1	1.3453895	13	14634.489	14635.089	14635.089	14635.289	14636.435
3	6	2	2	404	3	6	7	14	4	2	5	1	1.2602552	14	14637.113	14637.713	14637.713	14637.913	14638.973
3	6	2	2	405	3	6	7	15	2	1	3	1	1.5813076	15	14639.735	14639.935	14639.935	14640.135	14641.516
3	6	2	2	406	3	6	7	16	2	1	3	1	0.65744473	16	14641.961	14642.161	14642.161	14642.361	14642.818
3	6	2	2	407	3	6	7	17	4	1	5	1	1.3814027	17	14644.183	14644.383	14644.383	14644.583	14645.765
3	6	2	2	408	3	6	7	18	6	2	7	1	0.97470219	18	14646.407	14647.007	14647.007	14647.207	14647.982
3	6	2	2	409	3	6	7	19	1	1	2	1	1.1680207	19	14649.034	14649.234	14649.234	14649.434	14650.402
3	6	2	2	410	3	6	7	20	6	1	7	1	1.1134913	20	14651.257	14651.457	14651.457	14651.657	14652.571
3	6	2	2	411	3	6	7	21	6	1	7	1	0.92216763	21	14653.481	14653.681	14653.681	14653.881	14654.603
3	6	2	2	412	3	6	7	22	5	1	6	1	0.72472898	22	14655.704	14655.904	14655.904	14656.104	14656.628
3	6	2	2	413	3	6	7	23	5	2	6	1	0.64776509	23	14657.926	14658.526	14658.526	14658.726	14659.174
3	6	2	2	414	3	6	7	24	3	2	4	1	1.4306056	24	14660.549	14661.149	14661.149	14661.349	14662.58
3	6	2	2	415	3	6	7	25	4	1	5	1	0.90967118	25	14663.173	14663.373	14663.373	14663.573	14664.282
3	6	2	2	416	3	6	7	26	6	2	7	1	1.9275174	26	14665.396	14665.996	14665.996	14666.196	14667.924
3	6	2	2	417	3	6	7	27	2	1	3	1	1.9435643	27	14668.02	14668.22	14668.22	14668.42	14670.164
3	6	2	2	418	3	6	7	28	4	2	5	1	1.0733736	28	14670.244	14670.844	14670.844	14671.044	14671.917
3	6	2	2	419	3	6	7	29	3	2	4	1	1.0647568	29	14672.867	14673.467	14673.467	14673.667	14674.532
3	6	2	2	420	3	6	7	30	3	2	4	1	1.0993579	30	14675.49	14676.09	14676.09	14676.29	14677.19
3	6	2	2	421	3	2	8	1	1	2	1	1	0.68965004	1	14706.186	14706.786	14706.786	14706.986	14707.475
3	6	2	2	422	3	2	8	2	4	2	8	1	0.67589595	2	14708.807	14709.407	14709.407	14709.607	14710.083
3	6	2	2	423	3	2	8	3	6	1	8	1	0.76612902	3	14711.43	14711.63	14711.63	14711.83	14712.396
3	6	2	2	424	3	2	8	4	5	2	8	1	0.57409542	4	14713.654	14714.254	14714.254	14714.454	14714.828
3	6	2	2	425	3	2	8	5	2	2	1	1	0.70157465	5	14716.277	14716.877	14716.877	14717.077	14717.579
3	6	2	2	426	3	2	8	6	5	2	8	1	1.1740897	6	14718.901	14719.501	14719.501	14719.701	14720.675
3	6	2	2	427	3	2	8	7	5	1	8	1	0.62853364	7	14721.525	14721.725	14721.725	14721.925	14722.353
3	6	2	2	428	3	2	8	8	2	1	1	1	0.58389054	8	14723.749	14723.949	14723.949	14724.149	14724.532
3	6	2	2	429	3	2	8	9	2	1	1	1	0.65730988	9	14725.972	14726.172	14726.172	14726.372	14726.829
3	6	2	2	430	3	2	8	10	5	1	8	1	0.75873706	10	14728.196	14728.396	14728.396	14728.596	14729.155
3	6	2	2	431	3	2	8	11	4	2	8	1	0.59465711	11	14730.42	14731.02	14731.02	14731.22	14731.614
3	6	2	2	432	3	2	8	12	6	1	8	1	0.56283429	12	14733.043	14733.243	14733.243	14733.443	14733.806
3	6	2	2	433	3	2	8	13	3	2	8	0	0.52112382	12	14735.268	14735.868	14735.868	14736.068	14736.389
3	6	2	2	434	3	2	8	14	2	2	1	1	1.2800314	13	14737.892	14738.492	14738.492	14738.692	14739.772
3	6	2	2	435	3	2	8	15	3	1	1	1	0.65624745	14	14740.516	14740.716	14740.716	14740.916	14741.372
3	6	2	2	436	3	2	8	16	1	1	8	0	0.71451342	14	14742.74	14742.94	14742.94	14743.14	14743.654
3	6	2	2	437	3	2	8	17	1	1	1	1	0.63228853	15	14744.964	14745.164	14745.164	14745.364	14745.796
3	6	2	2	438	3	2	8	18	4	2	8	1	0.52911225	16	14747.188	14747.788	14747.788	14747.988	14748.318
3	6	2	2	439	3	2	8	19	6	1	1	0	1.0437098	16	14749.815	14750.015	14750.015	14750.215	14751.058
3	6	2	2	440	3	2	8	20	4	1	1	0	0.58798172	16	14752.042	14752.242	14752.242	14752.442	14752.83
3	6	2	2	441	3	2	8	21	3	1	1	1	0.95258828	17	14754.267	14754.467	14754.467	14754.667	14755.419
3	6	2	2	442	3	2	8	22	3	1	1	1	0.72046776	18	14756.493	14756.693	14756.693	14756.893	14757.413
3	6	2	2	443	3	2	8	23	2	2	1	1	0.69329882	19	14758.72	14759.32	14759.32	14759.52	14760.014
3	6	2	2	444	3	2	8	24	6	2	8	1	0.79495604	20	14761.345	14761.945	14761.945	14762.145	14762.74
3	6	2	2	445	3	2	8	25	5	1	8	1	0.7293525	21	14763.97	14764.17	14764.17	14764.37	14764.899
3	6	2	2	446	3	2	8	26	1	2	1	1	0.65772018	22	14766.194	14766.794	14766.794	14766.994	14767.452
3	6	2	2	447	3	2	8	27	4	1	8	1	0.67565184	23	14768.819	14769.019	14769.019	14769.219	14769.694
3	6	2	2	448	3	2	8	28	1	2	1	1	0.50528256	24	14771.043	14771.643	14771.643	14771.843	14772.148
3	6	2	2	449	3	2	8	29	6	2	8	1	0.69305115	25	14773.671	14774.271	14774.271	14774.471	14774.964
3	6	2	2	450	3	2	8	30	3	2	1	1	0.53310358	26	14776.296	14776.896	14776.896	14777.096	14777.429
3	6	2	2	451	3	6	8	1	1	2	2	1	0.84921493	1	14806.986	14807.586	14807.586	14807.786	14808.435
3	6	2	2	452	3	6	8	2	3	2	4	1	0.98317678	2	14809.611	14810.211	14810.211	14810.411	14811.195
3	6	2	2	453	3	6	8	3	4	1	5	1	0.80558587	3	14812.236	14812.436	14812.436	14812.636	14813.242
3	6	2	2	454	3	6	8	4	3	2	4	1	0.84130963	4	14814.461	14815.061	14815.061	14815.261	14815.902
3	6	2	2	455	3	6	8	5	4	2	5	1	0.82473116	5	14817.09	14817.69	14817.69	14817.89	14818.515
3	6	2	2	456	3	6	8	6	2	2	3	1	1.0883307	6	14819.716	14820.316	14820.316	14820.516	14821.404
3	6	2	2	457	3	6	8	7	5	1	6	1	0.70865843	7	14822.342	14822.542	14822.542	14822.742	14823.25
3	6	2	2	458	3	6	8	8	2	1	3	1	0.85130489	8	14824.568	14824.768	14824.768	14824.968	14825.619
3	6	2	2	459	3	6	8	9	3	1	4	1	1.2421274	9	14826.793	14826.993	14826.993	14827.193	14828.235
3	6	2	2	460	3	6	8	10	1	1	2	1	1.3766589	10	14829.018	14829.218	14829.218	14829.418	14830.595
3	6	2	2	461	3	6	8	11	2	2	3	1	1.4335399	11	14831.244	14831.844	14831.844	14832.044	14833.277
3	6	2	2	462	3	6	8	12	6	1	3	0	1.9001542	11	14833.873	14834.073	14834.073	14834.273	14835.973
3	6	2	2	463	3	6	8	13	3	2	4	1	1.105702	12	14836.098	14836.698	14836.698	14836.898	14837.804
3	6	2	2	464	3	6	8	14	4	2	5	1	1.3039134	13	14838.724	14839.324	14839.324	14839.524	14840.628
3	6	2	2	465	3	6	8	15	5	1	6	1	0.91296289	14	14841.349	14841.549	14841.549	14841.749	14842.462
3	6	2	2	466	3	6	8	16	6	1	7	1	1.4766163	15	14843.574	14843.774	14843.774	14843.974	14845.251
3	6	2	2	467	3	6	8	17	1	1	2	1	1.1476524	16	14845.799	14845.999	14845.999	14846.199	14847.147
3	6	2	2	468	3	6	8	18	1	2	2	1	0.78003428	17	14848.024	14848.624	14848.624	14848.824	14849.404
3	6	2	2	469	3	6	8	19	4	1	5	1	0.78100292	18	14850.653	14850.853	14850.853	14851.053	14851.634
3	6	2	2	470	3	6	8	20	6	1	7	1	1.2220176	19	14852.879	14853.079	14853.079	14853.279	14854.301
3	6	2	2	471	3	6	8	21	5	1	6	1	0.78179774	20	14855.109	14855.309	14855.309	14855.509	14856.091
3	6	2	2	472	3	6	8	22	2	1	3	1	1.0431615	21	14857.335	14857.535	14857.535	14857.735	14858.578
3	6	2	2	473	3	6	8	23	5	2	5	0	0.89876963	21	14859.561	14860.161	14860.161	14860.361	14861.06
3	6	2	2	474	3	6	8	24	5	2	6	1	0.81407329	22	14862.191	14862.791	14862.791	14862.991	14863.605
3	6	2	2	475	3	6	8	25	1	1	2	1	1.0087364	23	14864.816	14865.016	14865.016	14865.216	14866.025
3	6	2	2	476	3	6	8	26	2	2	3	1	0.92151694	24	14867.042	14867.642	14867.642	14867.842	14868.564
3	6	2	2	477	3	6	8	27	6	1	7	1	0.57599278	25	14869.669	14869.869	14869.869	14870.069	14870.445
3	6	2	2	478	3	6	8	28	6	2	7	1	0.63167055	26	14871.895	14872.495	14872.495	14872.695	14873.126
3	6	2	2	479	3	6	8	29	3	2	4	1	1.1872328	27	14874.52	14875.12	14875.12	14875.32	14876.308
3	6	2	2	480	3	6	8	30	4	2	5	1	1.9983607	28	14877.146	14877.746	14877.746	14877.946	14879.745
3	6	2	2	481	3	2	9	1	5	2	8	1	1.1858861	1	14908.137	14908.737	14908.737	14908.937	14909.923
3	6	2	2	482	3	2	9	2	1	2	1	1	0.74888852	2	14910.766	14911.366	14911.366	14911.566	14912.115
3	6	2	2	483	3	2	9	3	6	1	8	1	0.71610167	3	14913.392	14913.592	14913.592	14913.792	14914.308
3	6	2	2	484	3	2	9	4	6	2	8	1	0.95943045	4	14915.619	14916.219	14916.219	14916.419	14917.178
3	6	2	2	485	3	2	9	5	5	2	8	1	0.85771636	5	14918.245	14918.845	14918.845	14919.045	14919.702
3	6	2	2	486	3	2	9	6	6	2	8	1	0.66910481	6	14920.871	14921.471	14921.471	14921.671	14922.14
3	6	2	2	487	3	2	9	7	2	1	1	1	0.76456701	7	14923.497	14923.697	14923.697	14923.897	14924.462
3	6	2	2	488	3	2	9	8	2	1	1	1	0.93555853	8	14925.723	14925.923	14925.923	14926.123	14926.859
3	6	2	2	489	3	2	9	9	2	1	1	1	1.0161701	9	14927.95	14928.15	14928.15	14928.35	14929.166
3	6	2	2	490	3	2	9	10	3	1	1	1	0.76463896	10	14930.176	14930.376	14930.376	14930.576	14931.141
3	6	2	2	491	3	2	9	11	4	2	8	1	0.80215209	11	14932.403	14933.003	14933.003	14933.203	14933.805
3	6	2	2	492	3	2	9	12	2	1	1	1	1.015266	12	14935.034	14935.234	14935.234	14935.434	14936.249
3	6	2	2	493	3	2	9	13	1	2	1	1	0.79256255	13	14937.261	14937.861	14937.861	14938.061	14938.653
3	6	2	2	494	3	2	9	14	4	2	8	1	0.76151253	14	14939.891	14940.491	14940.491	14940.691	14941.253
3	6	2	2	495	3	2	9	15	6	1	8	1	0.74676291	15	14942.518	14942.718	14942.718	14942.918	14943.465
3	6	2	2	496	3	2	9	16	3	1	1	1	0.64114108	16	14944.745	14944.945	14944.945	14945.145	14945.586
3	6	2	2	497	3	2	9	17	3	1	1	1	0.69568631	17	14946.972	14947.172	14947.172	14947.372	14947.867
3	6	2	2	498	3	2	9	18	4	2	8	1	0.82954713	18	14949.198	14949.798	14949.798	14949.998	14950.628
3	6	2	2	499	3	2	9	19	5	1	8	1	0.73754012	19	14951.825	14952.025	14952.025	14952.225	14952.762
3	6	2	2	500	3	2	9	20	2	1	1	1	0.98389982	20	14954.055	14954.255	14954.255	14954.455	14955.239
3	6	2	2	501	3	2	9	21	3	1	1	1	0.65812939	21	14956.284	14956.484	14956.484	14956.684	14957.143
3	6	2	2	502	3	2	9	22	4	1	8	1	0.69253277	22	14958.511	14958.711	14958.711	14958.911	14959.404
3	6	2	2	503	3	2	9	23	1	2	1	1	1.1762043	23	14960.738	14961.338	14961.338	14961.538	14962.514
3	6	2	2	504	3	2	9	24	6	2	8	1	0.65573635	24	14963.365	14963.965	14963.965	14964.165	14964.621
3	6	2	2	505	3	2	9	25	4	1	8	1	0.49933512	25	14965.993	14966.193	14966.193	14966.393	14966.692
3	6	2	2	506	3	2	9	26	3	2	1	1	0.55010175	26	14968.22	14968.82	14968.82	14969.02	14969.37
3	6	2	2	507	3	2	9	27	5	1	8	1	0.67553887	27	14970.847	14971.047	14971.047	14971.247	14971.722
3	6	2	2	508	3	2	9	28	5	2	8	1	1.1453927	28	14973.074	14973.674	14973.674	14973.874	14974.82
3	6	2	2	509	3	2	9	29	1	2	1	1	0.4603905	29	14975.701	14976.301	14976.301	14976.501	14976.762
3	6	2	2	510	3	2	9	30	1	2	1	1	0.67549946	30	14978.33	14978.93	14978.93	14979.13	14979.606
3	6	2	2	511	3	6	9	1	1	2	2	1	0.99400834	1	15009.416	15010.016	15010.016	15010.216	15011.01
3	6	2	2	512	3	6	9	2	2	2	3	1	0.94455673	2	15012.044	15012.644	15012.644	15012.844	15013.589
3	6	2	2	513	3	6	9	3	2	1	3	1	0.66087878	3	15014.671	15014.871	15014.871	15015.071	15015.532
3	6	2	2	514	3	6	9	4	3	2	4	1	1.2233219	4	15016.898	15017.498	15017.498	15017.698	15018.722
3	6	2	2	515	3	6	9	5	3	2	4	1	0.84454253	5	15019.526	15020.126	15020.126	15020.326	15020.971
3	6	2	2	516	3	6	9	6	6	2	7	1	1.0038825	6	15022.154	15022.754	15022.754	15022.954	15023.758
3	6	2	2	517	3	6	9	7	3	1	4	1	0.86952885	7	15024.782	15024.982	15024.982	15025.182	15025.851
3	6	2	2	518	3	6	9	8	4	1	5	1	1.5558955	8	15027.009	15027.209	15027.209	15027.409	15028.765
3	6	2	2	519	3	6	9	9	4	1	5	1	0.66285697	9	15029.237	15029.437	15029.437	15029.637	15030.1
3	6	2	2	520	3	6	9	10	4	1	5	1	0.74627444	10	15031.465	15031.665	15031.665	15031.865	15032.411
3	6	2	2	521	3	6	9	11	6	2	7	1	0.95277711	11	15033.693	15034.293	15034.293	15034.493	15035.246
3	6	2	2	522	3	6	9	12	3	1	4	1	0.84504868	12	15036.321	15036.521	15036.521	15036.721	15037.366
3	6	2	2	523	3	6	9	13	5	2	6	1	0.75827497	13	15038.548	15039.148	15039.148	15039.348	15039.906
3	6	2	2	524	3	6	9	14	2	2	3	1	0.89877345	14	15041.176	15041.776	15041.776	15041.976	15042.674
3	6	2	2	525	3	6	9	15	5	1	6	1	1.8623048	15	15043.803	15044.003	15044.004	15044.204	15045.866
3	6	2	2	526	3	6	9	16	6	1	7	1	0.87881644	16	15046.031	15046.231	15046.231	15046.431	15047.11
3	6	2	2	527	3	6	9	17	3	1	4	1	1.1056604	17	15048.259	15048.459	15048.459	15048.659	15049.565
3	6	2	2	528	3	6	9	18	6	2	7	1	1.4475001	18	15050.49	15051.09	15051.09	15051.29	15052.537
3	6	2	2	529	3	6	9	19	1	1	2	1	1.0361924	19	15053.118	15053.318	15053.318	15053.518	15054.354
3	6	2	2	530	3	6	9	20	2	1	3	1	1.0394523	20	15055.346	15055.546	15055.546	15055.746	15056.585
3	6	2	2	531	3	6	9	21	5	1	6	1	0.87077217	21	15057.574	15057.774	15057.774	15057.974	15058.645
3	6	2	2	532	3	6	9	22	2	1	3	1	1.2339704	22	15059.802	15060.002	15060.002	15060.202	15061.236
3	6	2	2	533	3	6	9	23	1	2	2	1	0.90021165	23	15062.03	15062.63	15062.63	15062.83	15063.53
3	6	2	2	534	3	6	9	24	5	2	6	1	0.92898959	24	15064.659	15065.259	15065.259	15065.459	15066.188
3	6	2	2	535	3	6	9	25	1	1	2	1	1.2698846	25	15067.288	15067.488	15067.488	15067.688	15068.758
3	6	2	2	536	3	6	9	26	6	2	7	1	1.0260085	26	15069.516	15070.116	15070.116	15070.316	15071.142
3	6	2	2	537	3	6	9	27	4	1	5	1	1.1001338	27	15072.145	15072.345	15072.345	15072.545	15073.445
3	6	2	2	538	3	6	9	28	4	2	5	1	1.3913254	28	15074.372	15074.972	15074.972	15075.172	15076.364
3	6	2	2	539	3	6	9	29	1	2	2	1	1.0244843	29	15077.005	15077.605	15077.605	15077.805	15078.629
3	6	2	2	540	3	6	9	30	5	2	6	1	0.84786999	30	15079.634	15080.234	15080.234	15080.434	15081.082
3	6	2	2	541	4	2	10	1	2	2	1	1	0.55147295	1	15614.103	15614.703	15614.703	15614.903	15615.254
3	6	2	2	542	4	2	10	2	3	2	1	1	0.9125634	2	15616.731	15617.331	15617.331	15617.531	15618.244
3	6	2	2	543	4	2	10	3	4	1	8	1	0.7876524	3	15619.359	15619.559	15619.559	15619.759	15620.347
3	6	2	2	544	4	2	10	4	5	2	8	1	0.64204654	4	15621.588	15622.188	15622.188	15622.388	15622.83
3	6	2	2	545	4	2	10	5	6	2	8	1	0.77884242	5	15624.219	15624.819	15624.819	15625.019	15625.598
3	6	2	2	546	4	2	10	6	1	2	1	1	0.52498996	6	15626.848	15627.448	15627.448	15627.648	15627.973
3	6	2	2	547	4	2	10	7	2	1	1	1	0.77792357	7	15629.477	15629.677	15629.677	15629.877	15630.455
3	6	2	2	548	4	2	10	8	5	1	8	1	0.78031836	8	15631.706	15631.906	15631.906	15632.106	15632.686
3	6	2	2	549	4	2	10	9	2	1	1	1	0.86903728	9	15633.935	15634.135	15634.135	15634.335	15635.004
3	6	2	2	550	4	2	10	10	5	1	8	1	0.73591314	10	15636.164	15636.364	15636.364	15636.564	15637.1
3	6	2	2	551	4	2	10	11	6	2	8	1	1.2407766	11	15638.394	15638.994	15638.994	15639.194	15640.235
3	6	2	2	552	4	2	10	12	5	1	1	0	0.97954185	11	15641.023	15641.223	15641.223	15641.423	15642.202
3	6	2	2	553	4	2	10	13	3	2	1	1	0.93444081	12	15643.252	15643.852	15643.852	15644.052	15644.787
3	6	2	2	554	4	2	10	14	4	2	8	1	0.8938016	13	15645.883	15646.483	15646.483	15646.683	15647.377
3	6	2	2	555	4	2	10	15	3	1	1	1	1.0758372	14	15648.558	15648.758	15648.758	15648.958	15649.834
3	6	2	2	556	4	2	10	16	3	1	1	1	0.89663298	15	15650.787	15650.987	15650.987	15651.187	15651.884
3	6	2	2	557	4	2	10	17	2	1	1	1	0.57796801	16	15653.022	15653.222	15653.222	15653.422	15653.8
3	6	2	2	558	4	2	10	18	6	2	8	1	0.60204173	17	15655.252	15655.852	15655.852	15656.052	15656.454
3	6	2	2	559	4	2	10	19	1	1	1	1	1.0517455	18	15657.882	15658.082	15658.082	15658.282	15659.134
3	6	2	2	560	4	2	10	20	1	1	8	0	0.92748253	18	15660.111	15660.311	15660.311	15660.511	15661.238
3	6	2	2	561	4	2	10	21	6	1	8	1	0.95691066	19	15662.34	15662.54	15662.54	15662.74	15663.497
3	6	2	2	562	4	2	10	22	5	1	1	0	0.96972518	19	15664.57	15664.77	15664.77	15664.97	15665.739
3	6	2	2	563	4	2	10	23	4	2	8	1	1.2417684	20	15666.799	15667.399	15667.399	15667.599	15668.641
3	6	2	2	564	4	2	10	24	3	2	1	1	0.62920077	21	15669.429	15670.029	15670.029	15670.229	15670.658
3	6	2	2	565	4	2	10	25	1	1	1	1	0.75582902	22	15672.058	15672.258	15672.258	15672.458	15673.013
3	6	2	2	566	4	2	10	26	4	2	8	1	1.0036954	23	15674.287	15674.887	15674.887	15675.087	15675.891
3	6	2	2	567	4	2	10	27	4	1	8	1	0.85433712	24	15676.917	15677.117	15677.117	15677.317	15677.971
3	6	2	2	568	4	2	10	28	6	2	8	1	0.84842072	25	15679.146	15679.746	15679.746	15679.946	15680.595
3	6	2	2	569	4	2	10	29	1	2	1	1	0.61497504	26	15681.775	15682.375	15682.375	15682.575	15682.99
3	6	2	2	570	4	2	10	30	2	2	1	1	0.62761197	27	15684.406	15685.006	15685.006	15685.206	15685.633
3	6	2	2	571	4	6	10	1	6	2	7	1	1.2721878	1	15715.563	15716.163	15716.163	15716.363	15717.435
3	6	2	2	572	4	6	10	2	4	2	5	1	1.1689882	2	15718.193	15718.793	15718.793	15718.993	15719.962
3	6	2	2	573	4	6	10	3	5	1	6	1	1.1274124	3	15720.828	15721.028	15721.028	15721.228	15722.155
3	6	2	2	574	4	6	10	4	4	2	5	1	1.2078084	4	15723.058	15723.658	15723.658	15723.858	15724.866
3	6	2	2	575	4	6	10	5	4	2	5	1	0.98917421	5	15725.689	15726.289	15726.289	15726.489	15727.278
3	6	2	2	576	4	6	10	6	1	2	2	1	1.5349677	6	15728.319	15728.919	15728.919	15729.119	15730.454
3	6	2	2	577	4	6	10	7	3	1	4	1	1.1031201	7	15730.949	15731.149	15731.149	15731.349	15732.253
3	6	2	2	578	4	6	10	8	1	1	2	1	1.2112962	8	15733.178	15733.378	15733.378	15733.578	15734.589
3	6	2	2	579	4	6	10	9	5	1	6	1	0.92253371	9	15735.409	15735.609	15735.609	15735.809	15736.532
3	6	2	2	580	4	6	10	10	3	1	4	1	1.6262037	10	15737.642	15737.842	15737.842	15738.042	15739.468
3	6	2	2	581	4	6	10	11	2	2	3	1	0.83657743	11	15739.872	15740.472	15740.472	15740.672	15741.308
3	6	2	2	582	4	6	10	12	1	1	2	1	1.1666769	12	15742.503	15742.703	15742.703	15742.903	15743.87
3	6	2	2	583	4	6	10	13	6	2	7	1	1.3186547	13	15744.735	15745.335	15745.335	15745.535	15746.654
3	6	2	2	584	4	6	10	14	3	2	4	1	1.2082113	14	15747.366	15747.966	15747.966	15748.166	15749.174
3	6	2	2	585	4	6	10	15	5	1	6	1	1.0934699	15	15749.996	15750.196	15750.196	15750.396	15751.29
3	6	2	2	586	4	6	10	16	3	1	4	1	1.2649502	16	15752.226	15752.426	15752.426	15752.626	15753.691
3	6	2	2	587	4	6	10	17	2	1	3	1	1.9148583	17	15754.461	15754.661	15754.661	15754.861	15756.575
3	6	2	2	588	4	6	10	18	1	2	2	1	0.81227242	18	15756.695	15757.295	15757.295	15757.495	15758.107
3	6	2	2	589	4	6	10	19	3	1	4	1	1.0812414	19	15759.327	15759.527	15759.527	15759.727	15760.608
3	6	2	2	590	4	6	10	20	1	1	0	0	-15761.758	19	15761.558	15761.758	15761.758	15761.958	0
3	6	2	2	591	4	6	10	21	5	1	6	1	1.085747	20	15763.791	15763.991	15763.991	15764.191	15765.077
3	6	2	2	592	4	6	10	22	6	1	7	1	1.4312117	21	15766.022	15766.222	15766.222	15766.422	15767.653
3	6	2	2	593	4	6	10	23	2	2	3	1	1.1237607	22	15768.258	15768.858	15768.858	15769.058	15769.982
3	6	2	2	594	4	6	10	24	5	2	6	1	0.97835532	23	15770.889	15771.489	15771.489	15771.689	15772.467
3	6	2	2	595	4	6	10	25	6	1	6	0	1.0172292	23	15773.523	15773.723	15773.723	15773.923	15774.74
3	6	2	2	596	4	6	10	26	2	2	3	1	1.2407551	24	15775.754	15776.354	15776.354	15776.554	15777.595
3	6	2	2	597	4	6	10	27	2	1	3	1	0.64283482	25	15778.385	15778.585	15778.585	15778.785	15779.228
3	6	2	2	598	4	6	10	28	4	2	5	1	1.2762499	26	15780.618	15781.218	15781.218	15781.418	15782.494
3	6	2	2	599	4	6	10	29	4	2	5	1	1.0102069	27	15783.249	15783.849	15783.849	15784.049	15784.859
3	6	2	2	600	4	6	10	30	6	2	7	1	1.1230917	28	15785.88	15786.48	15786.48	15786.68	15787.603
3	6	2	2	601	4	2	11	1	5	2	8	1	0.70937858	1	15816.985	15817.585	15817.585	15817.785	15818.294
3	6	2	2	602	4	2	11	2	5	2	8	1	0.64969896	2	15819.617	15820.217	15820.217	15820.417	15820.867
3	6	2	2	603	4	2	11	3	1	1	1	1	0.78711569	3	15822.248	15822.448	15822.448	15822.648	15823.235
3	6	2	2	604	4	2	11	4	4	2	8	1	1.3021736	4	15824.48	15825.08	15825.08	15825.28	15826.382
3	6	2	2	605	4	2	11	5	1	2	1	1	0.6694803	5	15827.111	15827.711	15827.711	15827.911	15828.381
3	6	2	2	606	4	2	11	6	1	2	1	1	0.60818598	6	15829.747	15830.347	15830.347	15830.547	15830.955
3	6	2	2	607	4	2	11	7	2	1	1	1	0.83453089	7	15832.378	15832.578	15832.578	15832.778	15833.412
3	6	2	2	608	4	2	11	8	3	1	1	1	0.64933841	8	15834.609	15834.809	15834.809	15835.009	15835.458
3	6	2	2	609	4	2	11	9	6	1	8	1	0.83572095	9	15836.841	15837.041	15837.041	15837.241	15837.877
3	6	2	2	610	4	2	11	10	4	1	8	1	0.8917176	10	15839.073	15839.273	15839.273	15839.473	15840.165
3	6	2	2	611	4	2	11	11	3	2	1	1	0.88149657	11	15841.306	15841.906	15841.906	15842.106	15842.788
3	6	2	2	612	4	2	11	12	2	1	1	1	0.66883878	12	15844.112	15844.312	15844.312	15844.512	15844.981
3	6	2	2	613	4	2	11	13	6	2	8	1	0.70724871	13	15846.344	15846.944	15846.944	15847.144	15847.651
3	6	2	2	614	4	2	11	14	2	2	1	1	0.79672203	14	15848.975	15849.575	15849.575	15849.775	15850.372
3	6	2	2	615	4	2	11	15	5	1	8	1	0.45017752	15	15851.608	15851.808	15851.808	15852.008	15852.258
3	6	2	2	616	4	2	11	16	3	1	1	1	0.73825236	16	15853.844	15854.044	15854.044	15854.244	15854.782
3	6	2	2	617	4	2	11	17	5	1	8	1	0.6837311	17	15856.079	15856.279	15856.279	15856.479	15856.963
3	6	2	2	618	4	2	11	18	6	2	8	1	0.75503628	18	15858.311	15858.911	15858.911	15859.111	15859.666
3	6	2	2	619	4	2	11	19	3	1	1	1	0.64782594	19	15860.943	15861.143	15861.143	15861.343	15861.791
3	6	2	2	620	4	2	11	20	2	1	1	1	0.9717966	20	15863.175	15863.375	15863.375	15863.575	15864.347
3	6	2	2	621	4	2	11	21	1	1	1	1	0.87697029	21	15865.407	15865.607	15865.607	15865.807	15866.484
3	6	2	2	622	4	2	11	22	4	1	8	1	0.65930109	22	15867.639	15867.839	15867.839	15868.039	15868.498
3	6	2	2	623	4	2	11	23	1	2	1	1	0.87023867	23	15869.871	15870.471	15870.471	15870.671	15871.341
3	6	2	2	624	4	2	11	24	4	2	8	1	0.67065308	24	15872.502	15873.102	15873.102	15873.302	15873.773
3	6	2	2	625	4	2	11	25	6	1	8	1	0.99491617	25	15875.135	15875.335	15875.335	15875.535	15876.33
3	6	2	2	626	4	2	11	26	5	2	8	1	0.95942572	26	15877.372	15877.972	15877.972	15878.172	15878.931
3	6	2	2	627	4	2	11	27	2	1	1	1	0.95510137	27	15880.008	15880.208	15880.208	15880.408	15881.163
3	6	2	2	628	4	2	11	28	6	2	8	1	0.75974299	28	15882.243	15882.843	15882.843	15883.043	15883.603
3	6	2	2	629	4	2	11	29	4	2	8	1	0.7660608	29	15884.877	15885.477	15885.477	15885.677	15886.243
3	6	2	2	630	4	2	11	30	3	2	1	1	0.64480651	30	15887.509	15888.109	15888.109	15888.309	15888.754
3	6	2	2	631	4	6	11	1	3	2	4	1	1.0568273	1	15918.635	15919.235	15919.235	15919.435	15920.292
3	6	2	2	632	4	6	11	2	5	2	6	1	0.80115034	2	15921.267	15921.867	15921.867	15922.067	15922.669
3	6	2	2	633	4	6	11	3	1	1	2	1	1.8004186	3	15923.9	15924.1	15924.1	15924.3	15925.9
3	6	2	2	634	4	6	11	4	5	2	6	1	0.92586055	4	15926.133	15926.733	15926.733	15926.933	15927.658
3	6	2	2	635	4	6	11	5	1	2	2	1	1.3580612	5	15928.765	15929.365	15929.365	15929.565	15930.723
3	6	2	2	636	4	6	11	6	4	2	4	0	1.2261035	5	15931.4	15932	15932	15932.2	15933.227
3	6	2	2	637	4	6	11	7	2	1	3	1	0.78049887	6	15934.033	15934.233	15934.233	15934.433	15935.014
3	6	2	2	638	4	6	11	8	6	1	7	1	1.2409183	7	15936.266	15936.466	15936.466	15936.666	15937.707
3	6	2	2	639	4	6	11	9	4	1	5	1	1.3001813	8	15938.502	15938.702	15938.702	15938.902	15940.002
3	6	2	2	640	4	6	11	10	6	1	7	1	0.90255981	9	15940.735	15940.935	15940.935	15941.135	15941.837
3	6	2	2	641	4	6	11	11	1	2	2	1	0.84424189	10	15942.967	15943.567	15943.567	15943.767	15944.412
3	6	2	2	642	4	6	11	12	4	1	7	0	1.5722465	10	15945.6	15945.8	15945.8	15946	15947.372
3	6	2	2	643	4	6	11	13	2	2	3	1	1.1313279	11	15947.833	15948.433	15948.433	15948.633	15949.565
3	6	2	2	644	4	6	11	14	4	2	5	1	0.68937144	12	15950.466	15951.066	15951.066	15951.266	15951.755
3	6	2	2	645	4	6	11	15	3	1	4	1	1.042666	13	15953.105	15953.305	15953.305	15953.505	15954.348
3	6	2	2	646	4	6	11	16	2	1	3	1	1.2934292	14	15955.343	15955.543	15955.543	15955.743	15956.837
3	6	2	2	647	4	6	11	17	1	1	2	1	1.5819768	15	15957.58	15957.78	15957.78	15957.98	15959.362
3	6	2	2	648	4	6	11	18	3	2	4	1	0.86509465	16	15959.813	15960.413	15960.413	15960.613	15961.278
3	6	2	2	649	4	6	11	19	3	1	4	1	0.89088536	17	15962.447	15962.647	15962.647	15962.847	15963.538
3	6	2	2	650	4	6	11	20	6	1	7	1	1.4029695	18	15964.68	15964.88	15964.88	15965.08	15966.283
3	6	2	2	651	4	6	11	21	5	1	6	1	0.98515576	19	15966.914	15967.114	15967.114	15967.314	15968.099
3	6	2	2	652	4	6	11	22	2	1	3	1	1.5303418	20	15969.147	15969.347	15969.347	15969.547	15970.877
3	6	2	2	653	4	6	11	23	5	2	6	1	1.4486807	21	15971.38	15971.98	15971.98	15972.18	15973.428
3	6	2	2	654	4	6	11	24	6	2	7	1	0.87158203	22	15974.014	15974.614	15974.614	15974.814	15975.486
3	6	2	2	655	4	6	11	25	6	1	7	1	1.9292463	23	15976.648	15976.848	15976.848	15977.048	15978.777
3	6	2	2	656	4	6	11	26	5	2	6	1	1.0038835	24	15978.881	15979.481	15979.481	15979.681	15980.485
3	6	2	2	657	4	6	11	27	1	1	2	1	0.8238974	25	15981.516	15981.716	15981.716	15981.916	15982.54
3	6	2	2	658	4	6	11	28	4	2	5	1	1.5339178	26	15983.75	15984.35	15984.35	15984.55	15985.883
3	6	2	2	659	4	6	11	29	3	2	4	1	1.4658119	27	15986.386	15986.986	15986.986	15987.186	15988.452
3	6	2	2	660	4	6	11	30	2	2	3	1	1.6632843	28	15989.02	15989.62	15989.62	15989.82	15991.284
3	6	2	2	661	4	2	12	1	2	2	1	1	0.88594312	1	16019.726	16020.326	16020.326	16020.526	16021.212
3	6	2	2	662	4	2	12	2	6	2	8	1	0.6205419	2	16022.36	16022.96	16022.96	16023.16	16023.58
3	6	2	2	663	4	2	12	3	2	1	1	1	0.70369451	3	16024.994	16025.194	16025.194	16025.394	16025.898
3	6	2	2	664	4	2	12	4	6	2	8	1	0.91036113	4	16027.228	16027.828	16027.828	16028.028	16028.739
3	6	2	2	665	4	2	12	5	1	2	1	1	0.84422364	5	16029.866	16030.466	16030.466	16030.666	16031.31
3	6	2	2	666	4	2	12	6	6	2	8	1	0.89442088	6	16032.5	16033.1	16033.1	16033.3	16033.994
3	6	2	2	667	4	2	12	7	5	1	8	1	0.78322059	7	16035.133	16035.333	16035.333	16035.533	16036.117
3	6	2	2	668	4	2	12	8	3	1	1	1	0.60711849	8	16037.367	16037.567	16037.567	16037.767	16038.174
3	6	2	2	669	4	2	12	9	2	1	1	1	0.69703765	9	16039.601	16039.801	16039.801	16040.001	16040.498
3	6	2	2	670	4	2	12	10	3	1	1	1	0.59904265	10	16041.834	16042.034	16042.034	16042.234	16042.633
3	6	2	2	671	4	2	12	11	5	2	8	1	0.7293453	11	16044.068	16044.668	16044.668	16044.868	16045.397
3	6	2	2	672	4	2	12	12	5	1	8	1	0.64857512	12	16046.705	16046.905	16046.905	16047.105	16047.554
3	6	2	2	673	4	2	12	13	4	2	8	1	0.78281697	13	16048.94	16049.54	16049.54	16049.74	16050.323
3	6	2	2	674	4	2	12	14	4	2	8	1	0.61280604	14	16051.585	16052.185	16052.185	16052.385	16052.798
3	6	2	2	675	4	2	12	15	1	1	1	1	0.60630029	15	16054.22	16054.42	16054.42	16054.62	16055.027
3	6	2	2	676	4	2	12	16	3	1	1	1	0.60442733	16	16056.454	16056.654	16056.654	16056.854	16057.259
3	6	2	2	677	4	2	12	17	1	1	1	1	0.60715668	17	16058.693	16058.893	16058.893	16059.093	16059.5
3	6	2	2	678	4	2	12	18	6	2	8	1	0.64667204	18	16060.932	16061.532	16061.532	16061.732	16062.179
3	6	2	2	679	4	2	12	19	4	1	8	1	0.66727554	19	16063.569	16063.769	16063.769	16063.969	16064.437
3	6	2	2	680	4	2	12	20	5	1	8	1	0.85416226	20	16065.804	16066.004	16066.004	16066.204	16066.858
3	6	2	2	681	4	2	12	21	4	1	1	0	1.3506572	20	16068.038	16068.238	16068.238	16068.438	16069.589
3	6	2	2	682	4	2	12	22	2	1	1	1	0.97275892	21	16070.272	16070.472	16070.472	16070.672	16071.445
3	6	2	2	683	4	2	12	23	3	2	1	1	1.1913355	22	16072.508	16073.108	16073.108	16073.308	16074.3
3	6	2	2	684	4	2	12	24	3	2	1	1	0.51796848	23	16075.144	16075.744	16075.744	16075.944	16076.262
3	6	2	2	685	4	2	12	25	1	1	1	1	0.68043175	24	16077.779	16077.979	16077.979	16078.179	16078.659
3	6	2	2	686	4	2	12	26	4	2	8	1	0.68414946	25	16080.015	16080.615	16080.615	16080.815	16081.299
3	6	2	2	687	4	2	12	27	5	1	8	1	0.78724486	26	16082.65	16082.85	16082.85	16083.05	16083.637
3	6	2	2	688	4	2	12	28	2	2	1	1	0.61847771	27	16084.884	16085.484	16085.484	16085.684	16086.103
3	6	2	2	689	4	2	12	29	1	2	1	1	0.58983151	28	16087.519	16088.119	16088.119	16088.319	16088.709
3	6	2	2	690	4	2	12	30	6	2	8	1	1.4838374	29	16090.182	16090.782	16090.782	16090.982	16092.266
3	6	2	2	691	4	6	12	1	5	2	6	1	0.75060247	1	16121.307	16121.907	16121.907	16122.107	16122.658
3	6	2	2	692	4	6	12	2	5	2	6	1	0.73298353	2	16123.944	16124.544	16124.544	16124.744	16125.277
3	6	2	2	693	4	6	12	3	5	1	6	1	0.56997394	3	16126.579	16126.779	16126.779	16126.979	16127.349
3	6	2	2	694	4	6	12	4	4	2	5	1	0.79606357	4	16128.814	16129.414	16129.414	16129.614	16130.21
3	6	2	2	695	4	6	12	5	1	2	2	1	1.0423431	5	16131.449	16132.049	16132.049	16132.249	16133.091
3	6	2	2	696	4	6	12	6	4	2	5	1	1.2066737	6	16134.084	16134.684	16134.684	16134.884	16135.89
3	6	2	2	697	4	6	12	7	1	1	2	1	1.3105601	7	16136.719	16136.919	16136.919	16137.119	16138.23
3	6	2	2	698	4	6	12	8	3	1	4	1	1.2996006	8	16138.954	16139.154	16139.154	16139.354	16140.453
3	6	2	2	699	4	6	12	9	3	1	4	1	0.71741323	9	16141.189	16141.389	16141.389	16141.589	16142.107
3	6	2	2	700	4	6	12	10	6	1	7	1	1.1616352	10	16143.425	16143.625	16143.625	16143.825	16144.787
3	6	2	2	701	4	6	12	11	3	2	4	1	1.2876254	11	16145.661	16146.261	16146.261	16146.461	16147.548
3	6	2	2	702	4	6	12	12	2	1	3	1	1.9949199	12	16148.296	16148.496	16148.496	16148.696	16150.491
3	6	2	2	703	4	6	12	13	1	2	2	1	0.93244459	13	16150.533	16151.133	16151.133	16151.333	16152.066
3	6	2	2	704	4	6	12	14	3	2	4	1	1.0359635	14	16153.169	16153.769	16153.769	16153.969	16154.805
3	6	2	2	705	4	6	12	15	3	1	4	1	0.72046019	15	16155.804	16156.004	16156.004	16156.204	16156.724
3	6	2	2	706	4	6	12	16	5	1	0	0	-16158.243	15	16158.043	16158.243	16158.243	16158.443	0
3	6	2	2	707	4	6	12	17	2	1	3	1	1.1144562	16	16160.28	16160.48	16160.48	16160.68	16161.595
3	6	2	2	708	4	6	12	18	6	2	7	1	1.6328806	17	16162.516	16163.116	16163.116	16163.316	16164.749
3	6	2	2	709	4	6	12	19	1	1	2	1	1.4746642	18	16165.151	16165.351	16165.351	16165.551	16166.826
3	6	2	2	710	4	6	12	20	1	1	2	1	0.90511515	19	16167.386	16167.586	16167.586	16167.786	16168.491
3	6	2	2	711	4	6	12	21	2	1	3	1	0.82116673	20	16169.622	16169.822	16169.822	16170.022	16170.643
3	6	2	2	712	4	6	12	22	4	1	5	1	1.1252404	21	16171.858	16172.058	16172.058	16172.258	16173.183
3	6	2	2	713	4	6	12	23	6	2	7	1	0.82180113	22	16174.095	16174.695	16174.695	16174.895	16175.516
3	6	2	2	714	4	6	12	24	6	2	7	1	1.0757688	23	16176.73	16177.33	16177.33	16177.53	16178.406
3	6	2	2	715	4	6	12	25	4	1	5	1	1.2222206	24	16179.366	16179.566	16179.566	16179.766	16180.788
3	6	2	2	716	4	6	12	26	4	2	5	1	0.66502246	25	16181.601	16182.201	16182.201	16182.401	16182.866
3	6	2	2	717	4	6	12	27	5	1	6	1	0.80858932	26	16184.237	16184.437	16184.437	16184.637	16185.246
3	6	2	2	718	4	6	12	28	2	2	3	1	0.90543706	27	16186.473	16187.073	16187.073	16187.273	16187.979
3	6	2	2	719	4	6	12	29	6	2	7	1	0.97569261	28	16189.109	16189.709	16189.709	16189.909	16190.685
3	6	2	2	720	4	6	12	30	2	2	3	1	1.1211611	29	16191.745	16192.345	16192.345	16192.545	16193.466
