124	35	37	64	43	42	126	94	0	0	0	0	0	0	0	0	0	0	0	0
2	48	1	2	1	1	2	1	1	2	2	4	1	0.64871069	1	16476.392	16476.992	16476.992	16477.193	16477.641
2	48	1	2	2	1	2	1	2	6	2	5	1	0.61496419	2	16479.007	16479.607	16479.607	16479.807	16480.222
2	48	1	2	3	1	2	1	3	3	1	4	1	0.97047295	3	16481.616	16481.816	16481.816	16482.016	16482.786
2	48	1	2	4	1	2	1	4	3	2	4	1	0.6389996	4	16483.823	16484.423	16484.423	16484.623	16485.062
2	48	1	2	5	1	2	1	5	3	1	4	1	0.45022825	5	16486.429	16486.629	16486.629	16486.829	16487.079
2	48	1	2	6	1	2	1	6	1	2	4	1	0.51675372	6	16488.635	16489.235	16489.235	16489.435	16489.751
2	48	1	2	7	1	2	1	7	6	1	5	1	0.55142421	7	16491.24	16491.44	16491.44	16491.64	16491.992
2	48	1	2	8	1	2	1	8	2	1	4	1	0.5309506	8	16493.447	16493.647	16493.647	16493.847	16494.177
2	48	1	2	9	1	2	1	9	2	1	4	1	0.46903968	9	16495.652	16495.852	16495.852	16496.052	16496.321
2	48	1	2	10	1	2	1	10	2	1	4	1	0.4224122	10	16497.858	16498.058	16498.058	16498.258	16498.481
2	48	1	2	11	1	2	1	11	1	2	4	1	0.41650718	11	16500.064	16500.664	16500.664	16500.864	16501.08
2	48	1	2	12	1	2	1	12	5	1	5	1	0.46631528	12	16502.67	16502.87	16502.87	16503.07	16503.336
2	48	1	2	13	1	2	1	13	1	2	4	1	0.52351324	13	16504.876	16505.476	16505.476	16505.676	16505.999
2	48	1	2	14	1	2	1	14	6	1	5	1	0.51081602	14	16507.481	16507.681	16507.681	16507.881	16508.192
2	48	1	2	15	1	2	1	15	6	1	5	1	0.47998644	15	16509.687	16509.887	16509.887	16510.087	16510.367
2	48	1	2	16	1	2	1	16	4	1	5	1	0.50647314	16	16511.893	16512.093	16512.093	16512.293	16512.599
2	48	1	2	17	1	2	1	17	5	2	5	1	0.46399124	17	16514.099	16514.699	16514.699	16514.899	16515.163
2	48	1	2	18	1	2	1	18	4	1	5	1	0.47141938	18	16516.704	16516.904	16516.904	16517.104	16517.376
2	48	1	2	19	1	2	1	19	3	2	4	1	0.55681984	19	16518.91	16519.51	16519.51	16519.71	16520.067
2	48	1	2	20	1	2	1	20	2	1	4	1	0.42721128	20	16521.516	16521.716	16521.716	16521.916	16522.143
2	48	1	2	21	1	2	1	21	4	2	5	1	0.56437645	21	16523.757	16524.357	16524.357	16524.557	16524.922
2	48	1	2	22	1	2	1	22	1	2	4	1	0.50969848	22	16526.363	16526.963	16526.963	16527.163	16527.473
2	48	1	2	23	1	2	1	23	3	1	4	1	0.45515587	23	16528.969	16529.169	16529.169	16529.369	16529.624
2	48	1	2	24	1	2	1	24	5	1	5	1	0.80075963	24	16531.175	16531.375	16531.375	16531.575	16532.176
2	48	1	2	25	1	2	1	25	6	2	5	1	0.47392675	25	16533.382	16533.982	16533.982	16534.182	16534.456
2	48	1	2	26	1	2	1	26	1	1	4	1	0.62973187	26	16535.987	16536.187	16536.187	16536.387	16536.817
2	48	1	2	27	1	2	1	27	5	2	5	1	0.51830178	27	16538.194	16538.794	16538.794	16538.994	16539.312
2	48	1	2	28	1	2	1	28	4	2	5	1	0.50278557	28	16540.8	16541.4	16541.4	16541.6	16541.903
2	48	1	2	29	1	2	1	29	4	2	5	1	0.53690949	29	16543.406	16544.006	16544.006	16544.206	16544.543
2	48	1	2	30	1	2	1	30	5	2	5	1	0.39473373	30	16546.013	16546.613	16546.613	16546.813	16547.007
2	48	1	2	31	1	6	1	1	1	2	1	1	0.68178616	1	16580.639	16581.239	16581.239	16581.439	16581.921
2	48	1	2	32	1	6	1	2	5	2	7	1	1.4154497	2	16583.25	16583.85	16583.85	16584.05	16585.265
2	48	1	2	33	1	6	1	3	4	1	6	1	0.70556502	3	16585.856	16586.056	16586.056	16586.256	16586.762
2	48	1	2	34	1	6	1	4	5	2	7	1	0.95428778	4	16588.063	16588.663	16588.663	16588.863	16589.617
2	48	1	2	35	1	6	1	5	2	1	2	1	0.70597299	5	16590.669	16590.869	16590.869	16591.069	16591.575
2	48	1	2	36	1	6	1	6	5	2	7	1	0.70062105	6	16592.876	16593.476	16593.476	16593.676	16594.177
2	48	1	2	37	1	6	1	7	4	1	6	1	0.60419478	7	16595.484	16595.684	16595.684	16595.884	16596.288
2	48	1	2	38	1	6	1	8	4	1	6	1	0.65623687	8	16597.69	16597.89	16597.89	16598.09	16598.547
2	48	1	2	39	1	6	1	9	3	1	3	1	1.2940404	9	16599.897	16600.097	16600.097	16600.297	16601.391
2	48	1	2	40	1	6	1	10	1	1	1	1	0.69540398	10	16602.104	16602.304	16602.304	16602.504	16602.999
2	48	1	2	41	1	6	1	11	6	2	8	1	0.78723753	11	16604.31	16604.91	16604.91	16605.11	16605.698
2	48	1	2	42	1	6	1	12	1	1	1	1	0.66727307	12	16606.919	16607.119	16607.119	16607.319	16607.786
2	48	1	2	43	1	6	1	13	3	2	3	1	1.7257898	13	16609.125	16609.725	16609.725	16609.925	16611.451
2	48	1	2	44	1	6	1	14	1	1	1	1	0.666717	14	16611.733	16611.933	16611.933	16612.133	16612.599
2	48	1	2	45	1	6	1	15	3	1	3	1	0.86987952	15	16613.941	16614.141	16614.141	16614.341	16615.011
2	48	1	2	46	1	6	1	16	4	1	6	1	0.71557409	16	16616.148	16616.348	16616.348	16616.548	16617.064
2	48	1	2	47	1	6	1	17	6	2	8	1	0.72371245	17	16618.357	16618.957	16618.957	16619.157	16619.681
2	48	1	2	48	1	6	1	18	4	1	6	1	0.6540924	18	16620.964	16621.164	16621.164	16621.364	16621.818
2	48	1	2	49	1	6	1	19	5	2	7	1	0.81171479	19	16623.171	16623.771	16623.771	16623.971	16624.583
2	48	1	2	50	1	6	1	20	2	1	2	1	0.9174423	20	16625.778	16625.978	16625.978	16626.178	16626.896
2	48	1	2	51	1	6	1	21	6	2	8	1	0.70220441	21	16627.985	16628.585	16628.585	16628.785	16629.287
2	48	1	2	52	1	6	1	22	2	2	2	1	0.80934692	22	16630.593	16631.193	16631.193	16631.393	16632.002
2	48	1	2	53	1	6	1	23	3	1	3	1	0.6349417	23	16633.2	16633.4	16633.4	16633.6	16634.035
2	48	1	2	54	1	6	1	24	6	1	8	1	0.66480869	24	16635.407	16635.607	16635.607	16635.807	16636.272
2	48	1	2	55	1	6	1	25	2	2	2	1	0.81512626	25	16637.616	16638.216	16638.216	16638.416	16639.031
2	48	1	2	56	1	6	1	26	2	1	2	1	0.63973176	26	16640.223	16640.423	16640.423	16640.623	16641.063
2	48	1	2	57	1	6	1	27	3	2	3	1	0.63369719	27	16642.43	16643.03	16643.03	16643.23	16643.664
2	48	1	2	58	1	6	1	28	5	2	7	1	0.7406391	28	16645.038	16645.638	16645.638	16645.838	16646.379
2	48	1	2	59	1	6	1	29	6	2	8	1	0.63492799	29	16647.646	16648.246	16648.246	16648.446	16648.881
2	48	1	2	60	1	6	1	30	1	2	1	1	0.65340636	30	16650.253	16650.853	16650.853	16651.053	16651.506
2	48	1	2	61	1	2	2	1	5	2	5	1	0.59075784	1	16661.914	16662.514	16662.514	16662.714	16663.105
2	48	1	2	62	1	2	2	2	5	2	5	1	0.58942309	2	16664.521	16665.121	16665.121	16665.321	16665.711
2	48	1	2	63	1	2	2	3	3	1	4	1	0.58567023	3	16667.13	16667.33	16667.33	16667.53	16667.915
2	48	1	2	64	1	2	2	4	3	2	4	1	0.50900959	4	16669.337	16669.938	16669.938	16670.138	16670.447
2	48	1	2	65	1	2	2	5	6	1	5	1	0.62211837	5	16671.945	16672.145	16672.145	16672.345	16672.767
2	48	1	2	66	1	2	2	6	2	2	4	1	0.50438599	6	16674.153	16674.753	16674.753	16674.953	16675.258
2	48	1	2	67	1	2	2	7	2	1	4	1	0.62793081	7	16676.761	16676.961	16676.961	16677.161	16677.589
2	48	1	2	68	1	2	2	8	6	1	5	1	0.55094825	8	16678.968	16679.168	16679.168	16679.368	16679.719
2	48	1	2	69	1	2	2	9	6	1	5	1	0.46408615	9	16681.176	16681.376	16681.376	16681.576	16681.84
2	48	1	2	70	1	2	2	10	1	1	4	1	0.58264551	10	16683.384	16683.584	16683.584	16683.784	16684.167
2	48	1	2	71	1	2	2	11	4	2	5	1	0.56865069	11	16685.592	16686.192	16686.192	16686.392	16686.761
2	48	1	2	72	1	2	2	12	4	1	5	1	0.44270053	12	16688.2	16688.4	16688.4	16688.6	16688.843
2	48	1	2	73	1	2	2	13	1	2	4	1	0.55838119	13	16690.409	16691.009	16691.009	16691.209	16691.567
2	48	1	2	74	1	2	2	14	6	1	5	1	0.55103241	14	16693.018	16693.218	16693.218	16693.418	16693.769
2	48	1	2	75	1	2	2	15	4	1	5	1	0.57320063	15	16695.226	16695.426	16695.426	16695.626	16696
2	48	1	2	76	1	2	2	16	1	1	4	1	0.62297588	16	16697.435	16697.635	16697.635	16697.835	16698.258
2	48	1	2	77	1	2	2	17	5	2	5	1	0.98046936	17	16699.643	16700.243	16700.243	16700.443	16701.224
2	48	1	2	78	1	2	2	18	4	1	5	1	1.2122095	18	16702.251	16702.451	16702.451	16702.652	16703.664
2	48	1	2	79	1	2	2	19	6	2	5	1	0.54649625	19	16704.461	16705.061	16705.061	16705.261	16705.608
2	48	1	2	80	1	2	2	20	2	1	4	1	0.53675149	20	16707.071	16707.271	16707.271	16707.471	16707.807
2	48	1	2	81	1	2	2	21	2	2	4	1	0.54346331	21	16709.279	16709.879	16709.879	16710.079	16710.423
2	48	1	2	82	1	2	2	22	5	2	5	1	0.58583324	22	16711.888	16712.488	16712.488	16712.688	16713.074
2	48	1	2	83	1	2	2	23	5	1	5	1	0.63927034	23	16714.497	16714.697	16714.697	16714.897	16715.336
2	48	1	2	84	1	2	2	24	2	1	4	1	0.47953622	24	16716.705	16716.905	16716.905	16717.105	16717.385
2	48	1	2	85	1	2	2	25	4	2	5	1	0.51174366	25	16718.962	16719.562	16719.562	16719.762	16720.074
2	48	1	2	86	1	2	2	26	1	1	4	1	0.54959104	26	16721.571	16721.771	16721.771	16721.971	16722.321
2	48	1	2	87	1	2	2	27	1	2	4	1	0.52967149	27	16723.78	16724.38	16724.38	16724.58	16724.91
2	48	1	2	88	1	2	2	28	3	2	4	1	0.55749654	28	16726.389	16726.989	16726.989	16727.189	16727.546
2	48	1	2	89	1	2	2	29	3	2	4	1	0.49253612	29	16728.997	16729.597	16729.597	16729.797	16730.09
2	48	1	2	90	1	2	2	30	3	2	4	1	0.49231905	30	16731.606	16732.206	16732.206	16732.406	16732.699
2	48	1	2	91	1	6	2	1	1	2	1	1	0.651987	1	16746.126	16746.726	16746.726	16746.926	16747.378
2	48	1	2	92	1	6	2	2	3	2	3	1	0.8806393	2	16748.735	16749.335	16749.335	16749.535	16750.216
2	48	1	2	93	1	6	2	3	1	1	1	1	0.66325388	3	16751.344	16751.544	16751.544	16751.744	16752.207
2	48	1	2	94	1	6	2	4	4	2	6	1	0.70444761	4	16753.553	16754.153	16754.153	16754.353	16754.858
2	48	1	2	95	1	6	2	5	5	1	7	1	0.56017588	5	16756.162	16756.362	16756.362	16756.562	16756.923
2	48	1	2	96	1	6	2	6	4	2	6	1	0.69137662	6	16758.371	16758.971	16758.971	16759.171	16759.663
2	48	1	2	97	1	6	2	7	2	1	2	1	0.67881775	7	16761.011	16761.211	16761.211	16761.411	16761.89
2	48	1	2	98	1	6	2	8	5	1	7	1	0.67635094	8	16763.219	16763.419	16763.419	16763.619	16764.096
2	48	1	2	99	1	6	2	9	2	1	2	1	0.78840008	9	16765.428	16765.628	16765.629	16765.829	16766.417
2	48	1	2	100	1	6	2	10	5	1	7	1	0.69984692	10	16767.638	16767.838	16767.838	16768.038	16768.537
2	48	1	2	101	1	6	2	11	3	2	3	1	0.79955795	11	16769.847	16770.447	16770.447	16770.647	16771.247
2	48	1	2	102	1	6	2	12	1	1	1	1	0.62397335	12	16772.457	16772.657	16772.657	16772.857	16773.281
2	48	1	2	103	1	6	2	13	3	2	3	1	1.2960372	13	16774.666	16775.266	16775.266	16775.466	16776.562
2	48	1	2	104	1	6	2	14	1	1	1	1	0.64649701	14	16777.275	16777.475	16777.475	16777.675	16778.121
2	48	1	2	105	1	6	2	15	6	1	8	1	0.73224077	15	16779.484	16779.684	16779.684	16779.884	16780.416
2	48	1	2	106	1	6	2	16	5	1	7	1	0.51310197	16	16781.695	16781.895	16781.895	16782.095	16782.408
2	48	1	2	107	1	6	2	17	1	2	1	1	0.64894084	17	16783.905	16784.505	16784.505	16784.705	16785.154
2	48	1	2	108	1	6	2	18	4	1	6	1	0.70218199	18	16786.514	16786.714	16786.714	16786.914	16787.417
2	48	1	2	109	1	6	2	19	4	2	6	1	0.60788041	19	16788.723	16789.323	16789.323	16789.523	16789.931
2	48	1	2	110	1	6	2	20	4	1	6	1	0.50753011	20	16791.333	16791.533	16791.533	16791.733	16792.041
2	48	1	2	111	1	6	2	21	6	2	8	1	0.63933585	21	16793.544	16794.144	16794.144	16794.344	16794.783
2	48	1	2	112	1	6	2	22	2	2	2	1	0.86930695	22	16796.153	16796.753	16796.753	16796.953	16797.623
2	48	1	2	113	1	6	2	23	5	1	7	1	0.64489651	23	16798.763	16798.963	16798.963	16799.163	16799.608
2	48	1	2	114	1	6	2	24	6	1	8	1	0.68865774	24	16800.975	16801.175	16801.175	16801.375	16801.863
2	48	1	2	115	1	6	2	25	6	2	8	1	0.63933407	25	16803.185	16803.785	16803.785	16803.985	16804.424
2	48	1	2	116	1	6	2	26	2	1	2	1	0.82394535	26	16805.794	16805.994	16805.994	16806.194	16806.818
2	48	1	2	117	1	6	2	27	2	2	2	1	0.57485122	27	16808.004	16808.604	16808.604	16808.804	16809.179
2	48	1	2	118	1	6	2	28	3	2	3	1	0.70769084	28	16810.613	16811.213	16811.213	16811.413	16811.921
2	48	1	2	119	1	6	2	29	3	2	3	1	0.65638518	29	16813.223	16813.823	16813.823	16814.023	16814.48
2	48	1	2	120	1	6	2	30	6	2	8	1	0.61089475	30	16815.836	16816.436	16816.436	16816.636	16817.047
2	48	1	2	121	1	2	3	1	5	2	5	1	0.51565809	1	16827.523	16828.123	16828.123	16828.323	16828.638
2	48	1	2	122	1	2	3	2	4	2	5	1	0.51862303	2	16830.132	16830.732	16830.732	16830.932	16831.251
2	48	1	2	123	1	2	3	3	4	1	5	1	0.50835976	3	16832.742	16832.942	16832.942	16833.142	16833.45
2	48	1	2	124	1	2	3	4	4	2	5	1	0.47991485	4	16834.953	16835.553	16835.553	16835.753	16836.033
2	48	1	2	125	1	2	3	5	3	1	4	1	0.6780034	5	16837.563	16837.763	16837.763	16837.963	16838.441
2	48	1	2	126	1	2	3	6	5	2	5	1	0.55757426	6	16839.773	16840.373	16840.373	16840.573	16840.931
2	48	1	2	127	1	2	3	7	5	1	5	1	0.49095089	7	16842.384	16842.584	16842.584	16842.784	16843.075
2	48	1	2	128	1	2	3	8	4	1	5	1	0.47937946	8	16844.594	16844.794	16844.794	16844.994	16845.273
2	48	1	2	129	1	2	3	9	2	1	4	1	0.57099021	9	16846.804	16847.004	16847.004	16847.204	16847.575
2	48	1	2	130	1	2	3	10	5	1	5	1	0.84932076	10	16849.014	16849.214	16849.214	16849.414	16850.064
2	48	1	2	131	1	2	3	11	6	2	5	1	0.65578746	11	16851.226	16851.826	16851.826	16852.026	16852.481
2	48	1	2	132	1	2	3	12	2	1	4	1	0.64353119	12	16853.836	16854.036	16854.036	16854.236	16854.679
2	48	1	2	133	1	2	3	13	1	2	4	1	0.65744766	13	16856.047	16856.647	16856.647	16856.847	16857.304
2	48	1	2	134	1	2	3	14	1	1	4	1	0.6650174	14	16858.657	16858.857	16858.857	16859.057	16859.522
2	48	1	2	135	1	2	3	15	1	1	4	1	0.63802718	15	16860.868	16861.068	16861.068	16861.268	16861.706
2	48	1	2	136	1	2	3	16	4	1	5	1	0.57866833	16	16863.126	16863.326	16863.327	16863.527	16863.905
2	48	1	2	137	1	2	3	17	6	2	5	1	0.40912375	17	16865.336	16865.936	16865.936	16866.136	16866.345
2	48	1	2	138	1	2	3	18	6	1	5	1	0.46783293	18	16867.946	16868.146	16868.146	16868.346	16868.614
2	48	1	2	139	1	2	3	19	6	2	5	1	0.44251359	19	16870.157	16870.757	16870.757	16870.957	16871.199
2	48	1	2	140	1	2	3	20	3	1	4	1	0.7770125	20	16872.768	16872.968	16872.968	16873.168	16873.745
2	48	1	2	141	1	2	3	21	1	2	4	1	0.53371276	21	16874.978	16875.578	16875.578	16875.778	16876.112
2	48	1	2	142	1	2	3	22	2	2	4	1	0.58791262	22	16877.59	16878.19	16878.19	16878.39	16878.777
2	48	1	2	143	1	2	3	23	1	1	4	1	0.50357802	23	16880.2	16880.4	16880.4	16880.6	16880.904
2	48	1	2	144	1	2	3	24	3	1	4	1	0.47659302	24	16882.411	16882.611	16882.611	16882.811	16883.088
2	48	1	2	145	1	2	3	25	2	2	4	1	0.4751851	25	16884.622	16885.222	16885.222	16885.422	16885.697
2	48	1	2	146	1	2	3	26	5	1	5	1	0.49588003	26	16887.233	16887.433	16887.433	16887.633	16887.929
2	48	1	2	147	1	2	3	27	3	2	4	1	0.48308428	27	16889.444	16890.044	16890.044	16890.244	16890.527
2	48	1	2	148	1	2	3	28	3	2	4	1	0.45252375	28	16892.057	16892.657	16892.657	16892.857	16893.11
2	48	1	2	149	1	2	3	29	2	2	4	1	0.48501697	29	16894.669	16895.269	16895.269	16895.469	16895.754
2	48	1	2	150	1	2	3	30	6	2	5	1	0.51122873	30	16897.28	16897.88	16897.88	16898.08	16898.391
2	48	1	2	151	1	6	3	1	2	2	2	1	0.82500908	1	16909.102	16909.702	16909.702	16909.902	16910.527
2	48	1	2	152	1	6	3	2	1	2	1	1	0.57481948	2	16911.713	16912.313	16912.313	16912.513	16912.888
2	48	1	2	153	1	6	3	3	2	1	2	1	0.65279644	3	16914.324	16914.524	16914.524	16914.724	16915.177
2	48	1	2	154	1	6	3	4	5	2	7	1	1.0818147	4	16916.536	16917.136	16917.136	16917.336	16918.218
2	48	1	2	155	1	6	3	5	5	1	7	1	0.88635326	5	16919.147	16919.347	16919.347	16919.547	16920.233
2	48	1	2	156	1	6	3	6	3	2	3	1	0.75609555	6	16921.358	16921.958	16921.958	16922.158	16922.714
2	48	1	2	157	1	6	3	7	6	1	8	1	0.72020873	7	16923.97	16924.17	16924.17	16924.37	16924.89
2	48	1	2	158	1	6	3	8	3	1	3	1	0.73975412	8	16926.195	16926.395	16926.395	16926.595	16927.135
2	48	1	2	159	1	6	3	9	1	1	1	1	0.61823231	9	16928.409	16928.609	16928.609	16928.809	16929.227
2	48	1	2	160	1	6	3	10	1	1	1	1	0.63457398	10	16930.62	16930.82	16930.82	16931.02	16931.455
2	48	1	2	161	1	6	3	11	2	2	2	1	0.81505658	11	16932.832	16933.432	16933.432	16933.632	16934.247
2	48	1	2	162	1	6	3	12	6	1	8	1	0.67762234	12	16935.444	16935.644	16935.644	16935.844	16936.322
2	48	1	2	163	1	6	3	13	6	2	8	1	0.65667917	13	16937.655	16938.255	16938.255	16938.455	16938.912
2	48	1	2	164	1	6	3	14	1	1	1	1	0.65459678	14	16940.267	16940.467	16940.467	16940.667	16941.122
2	48	1	2	165	1	6	3	15	5	1	7	1	0.66504573	15	16942.479	16942.679	16942.679	16942.879	16943.344
2	48	1	2	166	1	6	3	16	4	1	6	1	0.74859154	16	16944.691	16944.891	16944.891	16945.091	16945.64
2	48	1	2	167	1	6	3	17	4	2	6	1	0.61082283	17	16946.903	16947.503	16947.503	16947.703	16948.114
2	48	1	2	168	1	6	3	18	4	1	6	1	0.54319471	18	16949.515	16949.715	16949.715	16949.915	16950.258
2	48	1	2	169	1	6	3	19	6	2	8	1	0.66628421	19	16951.727	16952.327	16952.327	16952.527	16952.994
2	48	1	2	170	1	6	3	20	5	1	7	1	0.5885019	20	16954.339	16954.539	16954.539	16954.739	16955.128
2	48	1	2	171	1	6	3	21	2	2	2	1	0.84111039	21	16956.551	16957.151	16957.151	16957.351	16957.992
2	48	1	2	172	1	6	3	22	6	2	8	1	0.6225978	22	16959.164	16959.764	16959.764	16959.964	16960.387
2	48	1	2	173	1	6	3	23	3	1	3	1	0.65839178	23	16961.776	16961.976	16961.976	16962.176	16962.635
2	48	1	2	174	1	6	3	24	1	1	1	1	0.5890254	24	16963.988	16964.188	16964.188	16964.388	16964.777
2	48	1	2	175	1	6	3	25	3	2	3	1	1.1598079	25	16966.2	16966.8	16966.8	16967	16967.96
2	48	1	2	176	1	6	3	26	2	1	2	1	0.50143445	26	16968.812	16969.012	16969.012	16969.212	16969.514
2	48	1	2	177	1	6	3	27	4	2	6	1	0.72256719	27	16971.024	16971.624	16971.624	16971.824	16972.347
2	48	1	2	178	1	6	3	28	4	2	6	1	0.48445037	28	16973.636	16974.236	16974.236	16974.436	16974.721
2	48	1	2	179	1	6	3	29	3	2	3	1	0.68702965	29	16976.248	16976.848	16976.848	16977.048	16977.536
2	48	1	2	180	1	6	3	30	5	2	7	1	0.90647399	30	16978.862	16979.462	16979.462	16979.662	16980.368
2	48	1	2	181	2	2	4	1	4	2	5	1	0.48293456	1	17281.222	17281.822	17281.822	17282.022	17282.305
2	48	1	2	182	2	2	4	2	5	2	5	1	0.46150672	2	17283.835	17284.435	17284.435	17284.635	17284.896
2	48	1	2	183	2	2	4	3	4	1	5	1	0.42448132	3	17286.451	17286.651	17286.651	17286.851	17287.075
2	48	1	2	184	2	2	4	4	5	2	5	1	0.39535986	4	17288.663	17289.263	17289.263	17289.463	17289.659
2	48	1	2	185	2	2	4	5	2	1	4	1	0.59123782	5	17291.276	17291.476	17291.476	17291.676	17292.067
2	48	1	2	186	2	2	4	6	3	2	4	1	0.37769397	6	17293.494	17294.094	17294.094	17294.294	17294.472
2	48	1	2	187	2	2	4	7	1	1	4	1	0.42409024	7	17296.107	17296.307	17296.307	17296.507	17296.731
2	48	1	2	188	2	2	4	8	4	1	5	1	0.40055146	8	17298.319	17298.519	17298.519	17298.719	17298.92
2	48	1	2	189	2	2	4	9	5	1	5	1	0.41953557	9	17300.532	17300.732	17300.732	17300.932	17301.152
2	48	1	2	190	2	2	4	10	5	1	5	1	0.40628877	10	17302.745	17302.945	17302.945	17303.145	17303.351
2	48	1	2	191	2	2	4	11	6	2	5	1	0.37100226	11	17304.958	17305.558	17305.558	17305.758	17305.929
2	48	1	2	192	2	2	4	12	4	1	5	1	0.47046539	12	17307.618	17307.818	17307.818	17308.018	17308.289
2	48	1	2	193	2	2	4	13	3	2	4	1	0.66754831	13	17309.832	17310.432	17310.432	17310.632	17311.099
2	48	1	2	194	2	2	4	14	4	1	5	1	0.52261489	14	17312.445	17312.645	17312.645	17312.845	17313.168
2	48	1	2	195	2	2	4	15	3	1	4	1	0.55980594	15	17314.658	17314.858	17314.859	17315.059	17315.418
2	48	1	2	196	2	2	4	16	1	1	4	1	0.40938364	16	17316.872	17317.072	17317.072	17317.272	17317.481
2	48	1	2	197	2	2	4	17	2	2	4	1	0.48448494	17	17319.085	17319.685	17319.685	17319.885	17320.17
2	48	1	2	198	2	2	4	18	2	1	4	1	0.43239924	18	17321.698	17321.898	17321.898	17322.098	17322.331
2	48	1	2	199	2	2	4	19	6	2	5	1	1.2195503	19	17323.911	17324.511	17324.511	17324.711	17325.731
2	48	1	2	200	2	2	4	20	1	1	4	1	0.51630484	20	17326.524	17326.724	17326.724	17326.924	17327.24
2	48	1	2	201	2	2	4	21	2	2	4	1	0.44635393	21	17328.738	17329.338	17329.338	17329.538	17329.784
2	48	1	2	202	2	2	4	22	1	2	4	1	0.52123699	22	17331.35	17331.95	17331.95	17332.15	17332.472
2	48	1	2	203	2	2	4	23	6	1	5	1	0.55615844	23	17333.964	17334.164	17334.164	17334.364	17334.72
2	48	1	2	204	2	2	4	24	2	1	4	1	0.96820716	24	17336.177	17336.377	17336.377	17336.577	17337.345
2	48	1	2	205	2	2	4	25	3	2	4	1	0.48507233	25	17338.39	17338.99	17338.99	17339.19	17339.475
2	48	1	2	206	2	2	4	26	6	1	5	1	0.45368605	26	17341.004	17341.204	17341.204	17341.404	17341.657
2	48	1	2	207	2	2	4	27	5	2	5	1	0.39902451	27	17343.218	17343.818	17343.818	17344.018	17344.217
2	48	1	2	208	2	2	4	28	6	2	5	1	0.38420741	28	17345.831	17346.431	17346.431	17346.631	17346.816
2	48	1	2	209	2	2	4	29	3	2	4	1	0.54679346	29	17348.445	17349.045	17349.045	17349.245	17349.592
2	48	1	2	210	2	2	4	30	1	2	4	1	0.5013578	30	17351.058	17351.658	17351.658	17351.858	17352.159
2	48	1	2	211	2	6	4	1	3	2	3	1	0.87080134	1	17381.74	17382.34	17382.34	17382.54	17383.211
2	48	1	2	212	2	6	4	2	6	2	8	1	0.57326707	2	17384.354	17384.954	17384.954	17385.154	17385.527
2	48	1	2	213	2	6	4	3	2	1	2	1	0.69772214	3	17386.967	17387.167	17387.167	17387.367	17387.865
2	48	1	2	214	2	6	4	4	5	2	7	1	0.69985238	4	17389.181	17389.781	17389.781	17389.981	17390.481
2	48	1	2	215	2	6	4	5	5	1	7	1	0.54359531	5	17391.795	17391.995	17391.995	17392.195	17392.538
2	48	1	2	216	2	6	4	6	1	2	1	1	0.67837368	6	17394.009	17394.609	17394.609	17394.809	17395.287
2	48	1	2	217	2	6	4	7	3	1	3	1	0.72122914	7	17396.626	17396.826	17396.826	17397.026	17397.547
2	48	1	2	218	2	6	4	8	2	1	2	1	0.76228383	8	17398.84	17399.04	17399.04	17399.24	17399.802
2	48	1	2	219	2	6	4	9	6	1	8	1	0.79565898	9	17401.053	17401.253	17401.253	17401.453	17402.049
2	48	1	2	220	2	6	4	10	5	1	7	1	0.62235488	10	17403.267	17403.467	17403.467	17403.667	17404.09
2	48	1	2	221	2	6	4	11	2	2	2	1	0.71746517	11	17405.482	17406.082	17406.082	17406.282	17406.799
2	48	1	2	222	2	6	4	12	1	1	1	1	0.64742078	12	17408.096	17408.296	17408.296	17408.496	17408.943
2	48	1	2	223	2	6	4	13	1	2	1	1	0.62058993	13	17410.31	17410.91	17410.91	17411.11	17411.53
2	48	1	2	224	2	6	4	14	1	1	1	1	0.5235489	14	17412.924	17413.124	17413.124	17413.324	17413.647
2	48	1	2	225	2	6	4	15	4	1	6	1	0.95640006	15	17415.139	17415.339	17415.339	17415.539	17416.295
2	48	1	2	226	2	6	4	16	4	1	6	1	1.7597135	16	17417.352	17417.553	17417.553	17417.753	17419.312
2	48	1	2	227	2	6	4	17	4	2	6	1	0.55667554	17	17419.567	17420.167	17420.167	17420.367	17420.723
2	48	1	2	228	2	6	4	18	2	1	2	1	0.6689228	18	17422.182	17422.382	17422.382	17422.582	17423.051
2	48	1	2	229	2	6	4	19	6	2	8	1	0.6406813	19	17424.4	17425	17425	17425.2	17425.64
2	48	1	2	230	2	6	4	20	6	1	8	1	0.53779271	20	17427.014	17427.214	17427.214	17427.414	17427.751
2	48	1	2	231	2	6	4	21	1	2	1	1	0.85565209	21	17429.228	17429.828	17429.828	17430.028	17430.684
2	48	1	2	232	2	6	4	22	5	2	7	1	0.70049511	22	17431.843	17432.443	17432.443	17432.643	17433.143
2	48	1	2	233	2	6	4	23	3	1	3	1	0.70164717	23	17434.458	17434.658	17434.658	17434.858	17435.359
2	48	1	2	234	2	6	4	24	2	1	2	1	0.70250133	24	17436.676	17436.876	17436.876	17437.076	17437.579
2	48	1	2	235	2	6	4	25	3	2	3	1	0.74850346	25	17438.891	17439.491	17439.491	17439.691	17440.239
2	48	1	2	236	2	6	4	26	4	1	6	1	0.70480935	26	17441.505	17441.705	17441.705	17441.905	17442.41
2	48	1	2	237	2	6	4	27	5	2	7	1	1.04232	27	17443.719	17444.319	17444.319	17444.519	17445.362
2	48	1	2	238	2	6	4	28	3	2	3	1	1.0345309	28	17446.334	17446.934	17446.934	17447.134	17447.968
2	48	1	2	239	2	6	4	29	6	2	8	1	1.8044516	29	17448.949	17449.549	17449.549	17449.749	17451.354
2	48	1	2	240	2	6	4	30	4	2	6	1	0.692765	30	17451.564	17452.164	17452.164	17452.364	17452.857
2	48	1	2	241	2	2	5	1	3	2	4	1	0.61798844	1	17482.249	17482.849	17482.849	17483.049	17483.467
2	48	1	2	242	2	2	5	2	1	2	4	1	0.48039951	2	17484.865	17485.465	17485.465	17485.665	17485.945
2	48	1	2	243	2	2	5	3	2	1	4	1	0.45776808	3	17487.48	17487.68	17487.68	17487.88	17488.137
2	48	1	2	244	2	2	5	4	6	2	5	1	0.53700242	4	17489.694	17490.294	17490.294	17490.494	17490.831
2	48	1	2	245	2	2	5	5	2	1	4	1	0.53808396	5	17492.309	17492.509	17492.509	17492.709	17493.047
2	48	1	2	246	2	2	5	6	1	2	4	1	0.50550242	6	17494.526	17495.126	17495.126	17495.326	17495.631
2	48	1	2	247	2	2	5	7	2	1	4	1	0.45302723	7	17497.141	17497.341	17497.341	17497.541	17497.794
2	48	1	2	248	2	2	5	8	1	1	4	1	0.44250825	8	17499.356	17499.556	17499.556	17499.756	17499.999
2	48	1	2	249	2	2	5	9	5	1	5	1	0.4468028	9	17501.571	17501.771	17501.771	17501.971	17502.218
2	48	1	2	250	2	2	5	10	2	1	4	1	0.47946536	10	17503.787	17503.987	17503.987	17504.187	17504.466
2	48	1	2	251	2	2	5	11	6	2	5	1	0.53620227	11	17506.002	17506.602	17506.602	17506.802	17507.138
2	48	1	2	252	2	2	5	12	5	1	5	1	0.48765847	12	17508.617	17508.817	17508.817	17509.017	17509.305
2	48	1	2	253	2	2	5	13	5	2	5	1	0.4309038	13	17510.833	17511.433	17511.433	17511.633	17511.864
2	48	1	2	254	2	2	5	14	4	1	5	1	0.43170064	14	17513.451	17513.651	17513.651	17513.851	17514.082
2	48	1	2	255	2	2	5	15	6	1	5	1	0.39918931	15	17515.666	17515.866	17515.866	17516.066	17516.265
2	48	1	2	256	2	2	5	16	2	1	4	1	0.46870787	16	17517.884	17518.084	17518.084	17518.284	17518.553
2	48	1	2	257	2	2	5	17	5	2	5	1	0.61244603	17	17520.099	17520.699	17520.699	17520.899	17521.312
2	48	1	2	258	2	2	5	18	4	1	5	1	0.47712268	18	17522.715	17522.915	17522.915	17523.115	17523.392
2	48	1	2	259	2	2	5	19	5	2	5	1	0.532838	19	17524.93	17525.53	17525.53	17525.73	17526.063
2	48	1	2	260	2	2	5	20	6	1	5	1	0.54463236	20	17527.546	17527.746	17527.746	17527.946	17528.29
2	48	1	2	261	2	2	5	21	1	2	4	1	0.48865659	21	17529.761	17530.361	17530.361	17530.561	17530.85
2	48	1	2	262	2	2	5	22	4	2	5	1	0.78951015	22	17532.376	17532.976	17532.976	17533.176	17533.766
2	48	1	2	263	2	2	5	23	3	1	6	1	0.90227371	23	17534.992	17535.192	17535.192	17535.392	17536.094
2	48	1	2	264	2	2	5	24	3	1	4	1	0.75168139	24	17537.208	17537.408	17537.408	17537.608	17538.159
2	48	1	2	265	2	2	5	25	3	2	4	1	0.56871563	25	17539.423	17540.023	17540.023	17540.223	17540.592
2	48	1	2	266	2	2	5	26	1	1	4	1	0.48213678	26	17542.039	17542.239	17542.239	17542.439	17542.721
2	48	1	2	267	2	2	5	27	4	2	5	1	0.51301958	27	17544.257	17544.857	17544.857	17545.057	17545.37
2	48	1	2	268	2	2	5	28	4	2	5	1	0.4727438	28	17546.873	17547.473	17547.473	17547.673	17547.945
2	48	1	2	269	2	2	5	29	6	2	5	1	0.4774233	29	17549.489	17550.089	17550.089	17550.289	17550.567
2	48	1	2	270	2	2	5	30	3	2	4	1	0.52792134	30	17552.105	17552.705	17552.705	17552.905	17553.233
2	48	1	2	271	2	6	5	1	6	2	7	1	0.65052123	1	17582.799	17583.399	17583.399	17583.599	17584.049
2	48	1	2	272	2	6	5	2	4	2	6	1	0.61566574	2	17585.416	17586.016	17586.016	17586.216	17586.632
2	48	1	2	273	2	6	5	3	3	1	3	1	0.72674496	3	17588.032	17588.232	17588.232	17588.432	17588.959
2	48	1	2	274	2	6	5	4	2	2	2	1	0.6189663	4	17590.248	17590.848	17590.848	17591.048	17591.467
2	48	1	2	275	2	6	5	5	6	1	8	1	0.68242244	5	17592.865	17593.065	17593.065	17593.265	17593.747
2	48	1	2	276	2	6	5	6	3	2	3	1	0.72663742	6	17595.082	17595.682	17595.682	17595.882	17596.409
2	48	1	2	277	2	6	5	7	4	1	6	1	0.71120109	7	17597.698	17597.898	17597.898	17598.098	17598.61
2	48	1	2	278	2	6	5	8	4	1	6	1	0.92551441	8	17599.915	17600.115	17600.115	17600.315	17601.04
2	48	1	2	279	2	6	5	9	1	1	1	1	1.2036646	9	17602.133	17602.333	17602.333	17602.533	17603.536
2	48	1	2	280	2	6	5	10	1	1	1	1	0.78456711	10	17604.351	17604.551	17604.551	17604.751	17605.336
2	48	1	2	281	2	6	5	11	2	2	2	1	0.90548526	11	17606.568	17607.168	17607.168	17607.368	17608.073
2	48	1	2	282	2	6	5	12	1	1	1	1	0.83264655	12	17609.186	17609.386	17609.386	17609.586	17610.218
2	48	1	2	283	2	6	5	13	3	2	3	1	0.56500616	13	17611.402	17612.002	17612.002	17612.202	17612.567
2	48	1	2	284	2	6	5	14	2	1	2	1	0.74205897	14	17614.02	17614.22	17614.22	17614.42	17614.962
2	48	1	2	285	2	6	5	15	4	1	6	1	0.61335347	15	17616.238	17616.438	17616.438	17616.638	17617.051
2	48	1	2	286	2	6	5	16	1	1	1	1	0.64095755	16	17618.455	17618.655	17618.655	17618.855	17619.296
2	48	1	2	287	2	6	5	17	4	2	6	1	0.59707833	17	17620.675	17621.275	17621.275	17621.475	17621.872
2	48	1	2	288	2	6	5	18	5	1	6	0	1.3717618	17	17623.293	17623.493	17623.493	17623.693	17624.865
2	48	1	2	289	2	6	5	19	1	2	1	1	0.62844338	18	17625.511	17626.111	17626.111	17626.311	17626.739
2	48	1	2	290	2	6	5	20	5	1	7	1	1.0326891	19	17628.129	17628.329	17628.329	17628.529	17629.362
2	48	1	2	291	2	6	5	21	6	2	8	1	0.75780472	20	17630.347	17630.947	17630.947	17631.147	17631.705
2	48	1	2	292	2	6	5	22	2	2	0	0	-17633.565	20	17632.965	17633.565	17633.565	17633.765	0
2	48	1	2	293	2	6	5	23	6	1	8	1	0.66822813	21	17635.582	17635.782	17635.782	17635.982	17636.45
2	48	1	2	294	2	6	5	24	3	1	4	0	1.0916278	21	17637.799	17637.999	17637.999	17638.199	17639.091
2	48	1	2	295	2	6	5	25	5	2	7	1	1.0790286	22	17640.016	17640.616	17640.616	17640.816	17641.695
2	48	1	2	296	2	6	5	26	5	1	7	1	0.53344631	23	17642.634	17642.834	17642.834	17643.034	17643.367
2	48	1	2	297	2	6	5	27	3	2	3	1	0.65931189	24	17644.851	17645.451	17645.451	17645.651	17646.111
2	48	1	2	298	2	6	5	28	6	2	8	1	0.6211256	25	17647.469	17648.069	17648.069	17648.269	17648.69
2	48	1	2	299	2	6	5	29	5	2	7	1	0.68779643	26	17650.088	17650.688	17650.688	17650.888	17651.376
2	48	1	2	300	2	6	5	30	2	2	2	1	0.62314145	27	17652.707	17653.307	17653.307	17653.507	17653.93
2	48	1	2	301	2	2	6	1	3	2	4	1	0.5943147	1	17683.397	17683.997	17683.997	17684.197	17684.591
2	48	1	2	302	2	2	6	2	4	2	5	1	0.41480888	2	17686.016	17686.616	17686.616	17686.816	17687.031
2	48	1	2	303	2	2	6	3	3	1	4	1	0.49242836	3	17688.635	17688.835	17688.835	17689.035	17689.328
2	48	1	2	304	2	2	6	4	6	2	5	1	0.58801805	4	17690.853	17691.453	17691.453	17691.653	17692.041
2	48	1	2	305	2	2	6	5	5	1	5	1	0.56274242	5	17693.47	17693.67	17693.67	17693.87	17694.233
2	48	1	2	306	2	2	6	6	5	2	5	1	0.45108163	6	17695.688	17696.288	17696.288	17696.488	17696.739
2	48	1	2	307	2	2	6	7	5	1	5	1	0.42309033	7	17698.307	17698.507	17698.507	17698.707	17698.93
2	48	1	2	308	2	2	6	8	4	1	5	1	0.36387767	8	17700.525	17700.725	17700.725	17700.925	17701.089
2	48	1	2	309	2	2	6	9	4	1	5	1	0.35474248	9	17702.743	17702.943	17702.943	17703.143	17703.297
2	48	1	2	310	2	2	6	10	5	1	5	1	0.37436611	10	17704.961	17705.161	17705.161	17705.361	17705.536
2	48	1	2	311	2	2	6	11	4	2	5	1	0.43384524	11	17707.182	17707.782	17707.782	17707.982	17708.216
2	48	1	2	312	2	2	6	12	6	1	5	1	0.42962549	12	17709.802	17710.002	17710.002	17710.202	17710.432
2	48	1	2	313	2	2	6	13	1	2	4	1	0.71649295	13	17712.02	17712.62	17712.62	17712.82	17713.337
2	48	1	2	314	2	2	6	14	2	1	4	1	0.5958294	14	17714.638	17714.838	17714.838	17715.038	17715.434
2	48	1	2	315	2	2	6	15	3	1	4	1	1.7749975	15	17716.858	17717.058	17717.058	17717.258	17718.833
2	48	1	2	316	2	2	6	16	6	1	5	1	0.60952964	16	17719.088	17719.288	17719.288	17719.488	17719.897
2	48	1	2	317	2	2	6	17	3	2	4	1	1.1695404	17	17721.306	17721.906	17721.906	17722.106	17723.075
2	48	1	2	318	2	2	6	18	1	1	4	1	0.53317551	18	17723.925	17724.125	17724.125	17724.325	17724.659
2	48	1	2	319	2	2	6	19	2	2	4	1	0.48221294	19	17726.143	17726.743	17726.743	17726.943	17727.226
2	48	1	2	320	2	2	6	20	2	1	4	1	0.49575316	20	17728.762	17728.962	17728.962	17729.162	17729.458
2	48	1	2	321	2	2	6	21	1	2	4	1	0.52466662	21	17730.98	17731.58	17731.58	17731.78	17732.105
2	48	1	2	322	2	2	6	22	5	2	5	1	0.65647677	22	17733.599	17734.199	17734.199	17734.399	17734.855
2	48	1	2	323	2	2	6	23	4	1	4	0	1.6259382	22	17736.217	17736.417	17736.417	17736.617	17738.043
2	48	1	2	324	2	2	6	24	6	1	5	1	0.59574201	23	17738.436	17738.636	17738.636	17738.836	17739.232
2	48	1	2	325	2	2	6	25	1	2	4	1	0.57568179	24	17740.655	17741.255	17741.255	17741.455	17741.831
2	48	1	2	326	2	2	6	26	2	1	4	1	0.52109294	25	17743.274	17743.474	17743.474	17743.674	17743.995
2	48	1	2	327	2	2	6	27	1	2	4	1	0.49863311	26	17745.492	17746.092	17746.092	17746.292	17746.591
2	48	1	2	328	2	2	6	28	2	2	4	1	0.48477368	27	17748.11	17748.711	17748.711	17748.911	17749.195
2	48	1	2	329	2	2	6	29	6	2	5	1	0.6275493	28	17750.732	17751.332	17751.332	17751.532	17751.96
2	48	1	2	330	2	2	6	30	3	2	4	1	1.031122	29	17753.352	17753.952	17753.952	17754.152	17754.984
2	48	1	2	331	2	6	6	1	2	2	2	1	0.72204792	1	17784.047	17784.647	17784.647	17784.847	17785.369
2	48	1	2	332	2	6	6	2	6	2	8	1	0.67637687	2	17786.668	17787.268	17787.268	17787.468	17787.945
2	48	1	2	333	2	6	6	3	2	1	2	1	0.61835958	3	17789.287	17789.487	17789.487	17789.687	17790.105
2	48	1	2	334	2	6	6	4	4	2	6	1	0.68303286	4	17791.506	17792.106	17792.106	17792.306	17792.789
2	48	1	2	335	2	6	6	5	1	1	1	1	0.69030466	5	17794.129	17794.329	17794.329	17794.529	17795.019
2	48	1	2	336	2	6	6	6	6	2	8	1	0.66095503	6	17796.35	17796.95	17796.95	17797.15	17797.611
2	48	1	2	337	2	6	6	7	5	1	7	1	0.66502791	7	17798.97	17799.17	17799.17	17799.37	17799.835
2	48	1	2	338	2	6	6	8	6	1	8	1	0.66801993	8	17801.19	17801.39	17801.39	17801.59	17802.058
2	48	1	2	339	2	6	6	9	6	1	8	1	0.53603948	9	17803.41	17803.61	17803.61	17803.81	17804.146
2	48	1	2	340	2	6	6	10	3	1	3	1	0.98764212	10	17805.632	17805.832	17805.832	17806.032	17806.819
2	48	1	2	341	2	6	6	11	3	2	3	1	0.66036	11	17807.851	17808.451	17808.451	17808.651	17809.111
2	48	1	2	342	2	6	6	12	5	1	0	0	-17810.673	11	17810.473	17810.673	17810.673	17810.873	0
2	48	1	2	343	2	6	6	13	3	2	3	1	0.70520738	12	17812.695	17813.295	17813.295	17813.495	17814
2	48	1	2	344	2	6	6	14	1	1	1	1	0.82884151	13	17815.315	17815.515	17815.515	17815.715	17816.344
2	48	1	2	345	2	6	6	15	4	1	6	1	0.72640305	14	17817.538	17817.738	17817.738	17817.938	17818.464
2	48	1	2	346	2	6	6	16	4	1	6	1	0.74508713	15	17819.758	17819.958	17819.958	17820.158	17820.703
2	48	1	2	347	2	6	6	17	1	2	1	1	0.77512359	16	17821.977	17822.577	17822.577	17822.777	17823.352
2	48	1	2	348	2	6	6	18	6	1	0	0	-17824.797	16	17824.597	17824.797	17824.797	17824.997	0
2	48	1	2	349	2	6	6	19	3	2	3	1	0.87030076	17	17826.817	17827.417	17827.417	17827.617	17828.287
2	48	1	2	350	2	6	6	20	1	1	1	1	0.74213894	18	17829.437	17829.637	17829.637	17829.837	17830.379
2	48	1	2	351	2	6	6	21	5	2	0	0	-17832.256	18	17831.656	17832.256	17832.256	17832.456	0
2	48	1	2	352	2	6	6	22	4	2	6	1	0.61111446	19	17834.278	17834.878	17834.878	17835.078	17835.489
2	48	1	2	353	2	6	6	23	2	1	2	1	1.1282313	20	17836.898	17837.098	17837.098	17837.298	17838.226
2	48	1	2	354	2	6	6	24	1	1	1	1	1.4995823	21	17839.118	17839.318	17839.318	17839.518	17840.817
2	48	1	2	355	2	6	6	25	5	2	7	1	1.2770362	22	17841.341	17841.941	17841.941	17842.141	17843.218
2	48	1	2	356	2	6	6	26	2	1	2	1	1.5660671	23	17843.962	17844.162	17844.162	17844.362	17845.728
2	48	1	2	357	2	6	6	27	2	2	2	1	0.72158553	24	17846.182	17846.782	17846.782	17846.982	17847.503
2	48	1	2	358	2	6	6	28	4	2	6	1	0.93124876	25	17848.804	17849.404	17849.404	17849.604	17850.336
2	48	1	2	359	2	6	6	29	3	2	3	1	1.0158813	26	17851.424	17852.024	17852.024	17852.224	17853.04
2	48	1	2	360	2	6	6	30	5	2	7	1	0.97582739	27	17854.047	17854.647	17854.647	17854.847	17855.623
2	48	1	2	361	3	2	7	1	1	2	4	1	0.59064307	1	18762.354	18762.954	18762.954	18763.154	18763.545
2	48	1	2	362	3	2	7	2	6	2	5	1	0.44184882	2	18764.975	18765.575	18765.575	18765.775	18766.017
2	48	1	2	363	3	2	7	3	5	1	5	1	0.5097281	3	18767.597	18767.797	18767.797	18767.997	18768.307
2	48	1	2	364	3	2	7	4	1	2	4	1	0.52353278	4	18769.82	18770.42	18770.42	18770.62	18770.944
2	48	1	2	365	3	2	7	5	2	1	4	1	0.58904171	5	18772.44	18772.64	18772.64	18772.84	18773.229
2	48	1	2	366	3	2	7	6	5	2	5	1	0.47333022	6	18774.661	18775.261	18775.261	18775.461	18775.734
2	48	1	2	367	3	2	7	7	2	1	4	1	0.52111011	7	18777.286	18777.486	18777.486	18777.686	18778.007
2	48	1	2	368	3	2	7	8	6	1	5	1	0.56977728	8	18779.506	18779.706	18779.706	18779.906	18780.276
2	48	1	2	369	3	2	7	9	5	1	5	1	0.50086902	9	18781.726	18781.926	18781.926	18782.126	18782.427
2	48	1	2	370	3	2	7	10	6	1	5	1	0.43555369	10	18783.948	18784.148	18784.148	18784.348	18784.584
2	48	1	2	371	3	2	7	11	6	2	5	1	0.599461	11	18786.169	18786.769	18786.769	18786.969	18787.369
2	48	1	2	372	3	2	7	12	2	1	4	1	0.67019554	12	18788.793	18788.993	18788.993	18789.193	18789.664
2	48	1	2	373	3	2	7	13	4	2	5	1	0.59253558	13	18791.015	18791.615	18791.615	18791.815	18792.207
2	48	1	2	374	3	2	7	14	5	1	5	1	0.60366068	14	18793.638	18793.838	18793.838	18794.038	18794.442
2	48	1	2	375	3	2	7	15	1	1	4	1	0.4802637	15	18795.858	18796.058	18796.058	18796.258	18796.539
2	48	1	2	376	3	2	7	16	4	1	5	1	0.68062253	16	18798.081	18798.281	18798.281	18798.481	18798.962
2	48	1	2	377	3	2	7	17	2	2	4	1	0.47381658	17	18800.302	18800.902	18800.902	18801.102	18801.376
2	48	1	2	378	3	2	7	18	1	1	4	1	0.5486333	18	18802.923	18803.123	18803.123	18803.323	18803.672
2	48	1	2	379	3	2	7	19	6	2	5	1	0.49273917	19	18805.146	18805.746	18805.746	18805.946	18806.239
2	48	1	2	380	3	2	7	20	3	1	4	1	0.64172724	20	18807.767	18807.967	18807.967	18808.167	18808.609
2	48	1	2	381	3	2	7	21	3	2	4	1	0.40325923	21	18809.989	18810.589	18810.589	18810.789	18810.992
2	48	1	2	382	3	2	7	22	5	2	5	1	0.41904927	22	18812.632	18813.232	18813.232	18813.432	18813.651
2	48	1	2	383	3	2	7	23	1	1	4	1	0.62172523	23	18815.253	18815.453	18815.453	18815.653	18816.075
2	48	1	2	384	3	2	7	24	3	1	4	1	0.59712901	24	18817.474	18817.674	18817.674	18817.874	18818.271
2	48	1	2	385	3	2	7	25	4	2	5	1	0.43969686	25	18819.695	18820.295	18820.295	18820.495	18820.735
2	48	1	2	386	3	2	7	26	4	1	5	1	0.48420174	26	18822.316	18822.516	18822.516	18822.716	18823
2	48	1	2	387	3	2	7	27	3	2	4	1	0.40679531	27	18824.537	18825.137	18825.137	18825.337	18825.544
2	48	1	2	388	3	2	7	28	2	2	4	1	0.36013079	28	18827.162	18827.762	18827.762	18827.962	18828.122
2	48	1	2	389	3	2	7	29	3	2	4	1	0.44404161	29	18829.783	18830.383	18830.383	18830.583	18830.827
2	48	1	2	390	3	2	7	30	4	2	5	1	0.53819584	30	18832.407	18833.007	18833.007	18833.207	18833.546
2	48	1	2	391	3	6	7	1	6	2	8	1	0.6854432	1	18863.105	18863.706	18863.706	18863.906	18864.391
2	48	1	2	392	3	6	7	2	1	2	1	1	0.56099852	2	18865.73	18866.33	18866.33	18866.53	18866.891
2	48	1	2	393	3	6	7	3	5	1	7	1	0.59101606	3	18868.352	18868.552	18868.552	18868.752	18869.143
2	48	1	2	394	3	6	7	4	4	2	6	1	0.57935662	4	18870.576	18871.176	18871.176	18871.376	18871.755
2	48	1	2	395	3	6	7	5	1	1	1	1	0.58688206	5	18873.197	18873.397	18873.397	18873.597	18873.984
2	48	1	2	396	3	6	7	6	3	2	3	1	0.59810049	6	18875.419	18876.019	18876.019	18876.219	18876.617
2	48	1	2	397	3	6	7	7	4	1	6	1	0.62741222	7	18878.04	18878.24	18878.24	18878.44	18878.868
2	48	1	2	398	3	6	7	8	5	1	7	1	0.62750788	8	18880.262	18880.462	18880.462	18880.662	18881.09
2	48	1	2	399	3	6	7	9	6	1	8	1	0.75891534	9	18882.484	18882.684	18882.684	18882.884	18883.443
2	48	1	2	400	3	6	7	10	1	1	1	1	0.60033223	10	18884.72	18884.92	18884.92	18885.12	18885.521
2	48	1	2	401	3	6	7	11	2	2	2	1	0.61410216	11	18886.945	18887.545	18887.545	18887.745	18888.159
2	48	1	2	402	3	6	7	12	6	1	8	1	0.69848394	12	18889.567	18889.767	18889.767	18889.967	18890.466
2	48	1	2	403	3	6	7	13	2	2	2	1	0.92223399	13	18891.789	18892.389	18892.389	18892.589	18893.311
2	48	1	2	404	3	6	7	14	4	1	6	1	0.79121497	14	18894.411	18894.611	18894.611	18894.811	18895.403
2	48	1	2	405	3	6	7	15	3	1	3	1	0.64618235	15	18896.637	18896.837	18896.837	18897.037	18897.483
2	48	1	2	406	3	6	7	16	3	1	3	1	0.6756983	16	18898.859	18899.059	18899.059	18899.259	18899.734
2	48	1	2	407	3	6	7	17	3	2	3	1	0.57102955	17	18901.084	18901.684	18901.684	18901.884	18902.255
2	48	1	2	408	3	6	7	18	2	1	2	1	0.71164027	18	18903.713	18903.913	18903.913	18904.113	18904.625
2	48	1	2	409	3	6	7	19	5	2	7	1	1.564667	19	18905.938	18906.538	18906.538	18906.738	18908.103
2	48	1	2	410	3	6	7	20	4	1	6	1	0.70281774	20	18908.563	18908.763	18908.763	18908.963	18909.466
2	48	1	2	411	3	6	7	21	4	2	6	1	0.63106656	21	18910.785	18911.385	18911.385	18911.585	18912.017
2	48	1	2	412	3	6	7	22	5	2	7	1	1.001587	22	18913.408	18914.008	18914.008	18914.208	18915.01
2	48	1	2	413	3	6	7	23	6	1	8	1	0.69217559	23	18916.031	18916.231	18916.231	18916.431	18916.923
2	48	1	2	414	3	6	7	24	6	1	8	1	0.78695786	24	18918.256	18918.456	18918.456	18918.656	18919.243
2	48	1	2	415	3	6	7	25	3	2	3	1	0.69989117	25	18920.478	18921.078	18921.078	18921.278	18921.778
2	48	1	2	416	3	6	7	26	1	1	1	1	0.60177629	26	18923.103	18923.303	18923.303	18923.503	18923.905
2	48	1	2	417	3	6	7	27	2	2	2	1	0.70334035	27	18925.33	18925.93	18925.93	18926.13	18926.633
2	48	1	2	418	3	6	7	28	1	2	1	1	0.96262912	28	18927.952	18928.552	18928.552	18928.752	18929.515
2	48	1	2	419	3	6	7	29	2	2	2	1	0.97776495	29	18930.577	18931.177	18931.177	18931.377	18932.155
2	48	1	2	420	3	6	7	30	5	2	7	1	0.67865531	30	18933.2	18933.8	18933.8	18934	18934.479
2	48	1	2	421	3	2	8	1	3	2	4	1	0.51586272	1	18963.895	18964.495	18964.495	18964.695	18965.011
2	48	1	2	422	3	2	8	2	5	2	5	1	0.80317171	2	18966.518	18967.118	18967.118	18967.318	18967.921
2	48	1	2	423	3	2	8	3	6	1	5	1	0.56690832	3	18969.14	18969.34	18969.34	18969.54	18969.907
2	48	1	2	424	3	2	8	4	4	2	5	1	0.48696124	4	18971.363	18971.963	18971.963	18972.163	18972.45
2	48	1	2	425	3	2	8	5	6	1	5	1	0.48799784	5	18973.986	18974.186	18974.186	18974.386	18974.674
2	48	1	2	426	3	2	8	6	5	2	5	1	0.41015176	6	18976.209	18976.809	18976.809	18977.009	18977.219
2	48	1	2	427	3	2	8	7	6	1	5	1	0.43992191	7	18978.832	18979.032	18979.032	18979.232	18979.472
2	48	1	2	428	3	2	8	8	4	1	5	1	0.43505916	8	18981.055	18981.255	18981.255	18981.455	18981.69
2	48	1	2	429	3	2	8	9	5	1	5	1	0.38681039	9	18983.278	18983.478	18983.478	18983.678	18983.864
2	48	1	2	430	3	2	8	10	1	1	4	1	0.47306799	10	18985.504	18985.704	18985.704	18985.904	18986.177
2	48	1	2	431	3	2	8	11	3	2	4	1	0.48153016	11	18987.727	18988.327	18988.327	18988.527	18988.808
2	48	1	2	432	3	2	8	12	5	1	5	1	0.56188175	12	18990.353	18990.553	18990.553	18990.753	18991.115
2	48	1	2	433	3	2	8	13	2	2	4	1	0.50603521	13	18992.577	18993.177	18993.177	18993.377	18993.683
2	48	1	2	434	3	2	8	14	4	1	5	1	0.36503757	14	18995.2	18995.4	18995.4	18995.6	18995.765
2	48	1	2	435	3	2	8	15	4	1	5	1	0.46021112	15	18997.423	18997.623	18997.623	18997.823	18998.083
2	48	1	2	436	3	2	8	16	2	1	4	1	0.50820506	16	18999.646	18999.846	18999.846	19000.046	19000.354
2	48	1	2	437	3	2	8	17	1	2	4	1	0.51730399	17	19001.87	19002.47	19002.47	19002.67	19002.987
2	48	1	2	438	3	2	8	18	1	1	4	1	0.51974603	18	19004.498	19004.698	19004.698	19004.898	19005.218
2	48	1	2	439	3	2	8	19	2	2	4	1	0.44066757	19	19006.722	19007.322	19007.322	19007.522	19007.763
2	48	1	2	440	3	2	8	20	2	1	4	1	0.41844443	20	19009.348	19009.548	19009.548	19009.748	19009.967
2	48	1	2	441	3	2	8	21	4	2	5	1	0.60676539	21	19011.575	19012.175	19012.175	19012.375	19012.782
2	48	1	2	442	3	2	8	22	3	2	4	1	0.54912451	22	19014.206	19014.806	19014.806	19015.006	19015.355
2	48	1	2	443	3	2	8	23	6	1	5	1	0.47129747	23	19016.852	19017.052	19017.052	19017.252	19017.523
2	48	1	2	444	3	2	8	24	5	1	5	1	0.49714546	24	19019.079	19019.279	19019.279	19019.479	19019.776
2	48	1	2	445	3	2	8	25	2	2	4	1	0.81972713	25	19021.303	19021.903	19021.903	19022.103	19022.723
2	48	1	2	446	3	2	8	26	3	1	4	1	0.59608091	26	19023.927	19024.127	19024.127	19024.327	19024.723
2	48	1	2	447	3	2	8	27	6	2	5	1	1.6183267	27	19026.151	19026.751	19026.751	19026.951	19028.369
2	48	1	2	448	3	2	8	28	3	2	0	0	-19029.384	27	19028.784	19029.384	19029.384	19029.584	0
2	48	1	2	449	3	2	8	29	1	2	4	1	0.68477762	28	19031.411	19032.011	19032.011	19032.211	19032.696
2	48	1	2	450	3	2	8	30	1	2	0	0	-19034.635	28	19034.035	19034.635	19034.635	19034.835	0
2	48	1	2	451	3	6	8	1	6	2	8	1	0.72923356	1	19064.734	19065.334	19065.334	19065.534	19066.063
2	48	1	2	452	3	6	8	2	3	2	3	1	1.2367285	2	19067.358	19067.958	19067.958	19068.158	19069.195
2	48	1	2	453	3	6	8	3	6	1	8	1	0.63926704	3	19069.985	19070.185	19070.185	19070.385	19070.824
2	48	1	2	454	3	6	8	4	4	2	6	1	1.0744612	4	19072.212	19072.812	19072.812	19073.012	19073.887
2	48	1	2	455	3	6	8	5	4	1	6	1	0.45588211	5	19074.839	19075.039	19075.039	19075.239	19075.495
2	48	1	2	456	3	6	8	6	3	2	3	1	0.62685987	6	19077.063	19077.663	19077.663	19077.863	19078.29
2	48	1	2	457	3	6	8	7	2	1	2	1	0.62628863	7	19079.688	19079.888	19079.888	19080.088	19080.514
2	48	1	2	458	3	6	8	8	6	1	8	1	0.63956523	8	19081.915	19082.115	19082.115	19082.315	19082.755
2	48	1	2	459	3	6	8	9	2	1	2	1	0.62650315	9	19084.14	19084.34	19084.34	19084.54	19084.967
2	48	1	2	460	3	6	8	10	5	1	7	1	0.63471238	10	19086.364	19086.564	19086.564	19086.764	19087.199
2	48	1	2	461	3	6	8	11	5	2	7	1	0.65084016	11	19088.591	19089.191	19089.191	19089.391	19089.842
2	48	1	2	462	3	6	8	12	1	1	1	1	0.98110682	12	19091.218	19091.418	19091.418	19091.618	19092.399
2	48	1	2	463	3	6	8	13	6	2	8	1	0.61221238	13	19093.446	19094.046	19094.046	19094.246	19094.658
2	48	1	2	464	3	6	8	14	6	1	8	1	0.52069106	14	19096.07	19096.27	19096.27	19096.47	19096.791
2	48	1	2	465	3	6	8	15	4	1	6	1	0.65983271	15	19098.295	19098.495	19098.495	19098.695	19099.155
2	48	1	2	466	3	6	8	16	3	1	3	1	0.56084094	16	19100.521	19100.721	19100.721	19100.921	19101.282
2	48	1	2	467	3	6	8	17	1	2	1	1	0.64138356	17	19102.749	19103.349	19103.349	19103.549	19103.99
2	48	1	2	468	3	6	8	18	2	1	2	1	0.64883671	18	19105.377	19105.577	19105.577	19105.777	19106.226
2	48	1	2	469	3	6	8	19	5	2	7	1	0.597252	19	19107.602	19108.202	19108.202	19108.402	19108.799
2	48	1	2	470	3	6	8	20	2	1	2	1	1.3173868	20	19110.227	19110.427	19110.427	19110.627	19111.744
2	48	1	2	471	3	6	8	21	3	2	3	1	0.59000924	21	19112.452	19113.052	19113.052	19113.252	19113.642
2	48	1	2	472	3	6	8	22	2	2	2	1	0.80522691	22	19115.077	19115.677	19115.677	19115.877	19116.482
2	48	1	2	473	3	6	8	23	1	1	1	1	0.62360289	23	19117.705	19117.905	19117.905	19118.105	19118.529
2	48	1	2	474	3	6	8	24	1	1	1	1	0.65838123	24	19119.933	19120.133	19120.133	19120.333	19120.791
2	48	1	2	475	3	6	8	25	1	2	1	1	0.47615767	25	19122.157	19122.757	19122.757	19122.957	19123.233
2	48	1	2	476	3	6	8	26	5	1	7	1	0.75528274	26	19124.782	19124.982	19124.982	19125.182	19125.737
2	48	1	2	477	3	6	8	27	3	2	3	1	0.69608163	27	19127.011	19127.611	19127.611	19127.811	19128.307
2	48	1	2	478	3	6	8	28	5	2	7	1	0.6122381	28	19129.636	19130.236	19130.236	19130.436	19130.848
2	48	1	2	479	3	6	8	29	4	2	6	1	0.60636224	29	19132.261	19132.861	19132.861	19133.061	19133.467
2	48	1	2	480	3	6	8	30	4	2	6	1	0.50823365	30	19134.885	19135.485	19135.485	19135.685	19135.993
2	48	1	2	481	3	2	9	1	1	2	4	1	0.48967184	1	19165.583	19166.183	19166.183	19166.383	19166.673
2	48	1	2	482	3	2	9	2	5	2	5	1	0.60210129	2	19168.208	19168.808	19168.808	19169.008	19169.41
2	48	1	2	483	3	2	9	3	4	1	5	1	0.42925496	3	19170.834	19171.034	19171.034	19171.234	19171.464
2	48	1	2	484	3	2	9	4	1	2	4	1	0.51774768	4	19173.061	19173.661	19173.661	19173.861	19174.179
2	48	1	2	485	3	2	9	5	5	1	5	1	0.54443666	5	19175.687	19175.887	19175.887	19176.087	19176.432
2	48	1	2	486	3	2	9	6	6	2	5	1	0.39380112	6	19177.912	19178.512	19178.512	19178.712	19178.906
2	48	1	2	487	3	2	9	7	5	1	5	1	0.44967436	7	19180.538	19180.738	19180.738	19180.938	19181.187
2	48	1	2	488	3	2	9	8	4	1	5	1	0.41359997	8	19182.771	19182.971	19182.971	19183.171	19183.384
2	48	1	2	489	3	2	9	9	1	1	4	1	0.60409688	9	19185.027	19185.227	19185.227	19185.427	19185.831
2	48	1	2	490	3	2	9	10	2	1	4	1	0.49000891	10	19187.253	19187.453	19187.453	19187.653	19187.943
2	48	1	2	491	3	2	9	11	3	2	4	1	0.43239118	11	19189.479	19190.079	19190.079	19190.279	19190.511
2	48	1	2	492	3	2	9	12	1	1	4	1	0.42253144	12	19192.105	19192.305	19192.305	19192.505	19192.727
2	48	1	2	493	3	2	9	13	5	2	5	1	0.50357459	13	19194.331	19194.931	19194.931	19195.131	19195.435
2	48	1	2	494	3	2	9	14	4	1	5	1	0.44466731	14	19196.963	19197.163	19197.163	19197.363	19197.607
2	48	1	2	495	3	2	9	15	5	1	5	1	0.48456757	15	19199.188	19199.388	19199.388	19199.588	19199.873
2	48	1	2	496	3	2	9	16	4	1	5	1	0.39439351	16	19201.414	19201.614	19201.614	19201.814	19202.009
2	48	1	2	497	3	2	9	17	2	2	4	1	0.52082883	17	19203.641	19204.241	19204.241	19204.441	19204.762
2	48	1	2	498	3	2	9	18	2	1	4	1	0.50358594	18	19206.267	19206.467	19206.467	19206.667	19206.971
2	48	1	2	499	3	2	9	19	3	2	4	1	0.44799374	19	19208.496	19209.096	19209.096	19209.296	19209.544
2	48	1	2	500	3	2	9	20	6	1	5	1	0.47008648	20	19211.123	19211.323	19211.323	19211.523	19211.793
2	48	1	2	501	3	2	9	21	2	2	4	1	0.45125308	21	19213.349	19213.949	19213.949	19214.149	19214.4
2	48	1	2	502	3	2	9	22	1	2	4	1	0.52123233	22	19215.976	19216.576	19216.576	19216.776	19217.097
2	48	1	2	503	3	2	9	23	3	1	4	1	0.71431975	23	19218.606	19218.806	19218.806	19219.006	19219.521
2	48	1	2	504	3	2	9	24	3	1	4	1	0.43795567	24	19220.836	19221.036	19221.036	19221.236	19221.474
2	48	1	2	505	3	2	9	25	6	2	5	1	0.40963204	25	19223.064	19223.664	19223.664	19223.864	19224.074
2	48	1	2	506	3	2	9	26	6	1	5	1	0.42183177	26	19225.693	19225.893	19225.893	19226.093	19226.315
2	48	1	2	507	3	2	9	27	6	2	6	1	0.69374394	27	19227.923	19228.523	19228.523	19228.723	19229.217
2	48	1	2	508	3	2	9	28	2	2	4	1	0.56274043	28	19230.552	19231.152	19231.152	19231.352	19231.715
2	48	1	2	509	3	2	9	29	4	2	5	1	0.50830736	29	19233.188	19233.788	19233.788	19233.988	19234.296
2	48	1	2	510	3	2	9	30	3	2	4	1	0.53850752	30	19235.815	19236.415	19236.415	19236.615	19236.953
2	48	1	2	511	3	6	9	1	4	2	6	1	1.0246462	1	19266.514	19267.114	19267.114	19267.314	19268.138
2	48	1	2	512	3	6	9	2	3	2	3	1	0.66050581	2	19269.141	19269.741	19269.741	19269.941	19270.402
2	48	1	2	513	3	6	9	3	2	1	2	1	0.67174649	3	19271.768	19271.968	19271.968	19272.168	19272.64
2	48	1	2	514	3	6	9	4	6	2	8	1	0.62084039	4	19273.998	19274.598	19274.598	19274.798	19275.219
2	48	1	2	515	3	6	9	5	2	1	2	1	0.70753021	5	19276.629	19276.829	19276.829	19277.029	19277.536
2	48	1	2	516	3	6	9	6	4	2	6	1	0.5890645	6	19278.859	19279.459	19279.459	19279.66	19280.049
2	48	1	2	517	3	6	9	7	1	1	1	1	0.64228798	7	19281.493	19281.693	19281.693	19281.893	19282.335
2	48	1	2	518	3	6	9	8	1	1	1	1	0.59498645	8	19283.72	19283.92	19283.92	19284.12	19284.515
2	48	1	2	519	3	6	9	9	4	1	6	1	0.65225926	9	19285.949	19286.149	19286.149	19286.349	19286.801
2	48	1	2	520	3	6	9	10	3	1	3	1	0.81321428	10	19288.179	19288.379	19288.379	19288.579	19289.192
2	48	1	2	521	3	6	9	11	1	2	1	1	0.62496531	11	19290.407	19291.007	19291.007	19291.207	19291.632
2	48	1	2	522	3	6	9	12	2	1	2	1	0.61868254	12	19293.037	19293.237	19293.237	19293.437	19293.855
2	48	1	2	523	3	6	9	13	5	2	7	1	0.89527563	13	19295.265	19295.865	19295.865	19296.065	19296.76
2	48	1	2	524	3	6	9	14	1	1	1	1	0.65332086	14	19297.892	19298.092	19298.092	19298.292	19298.745
2	48	1	2	525	3	6	9	15	5	1	7	1	0.77197486	15	19300.124	19300.324	19300.324	19300.524	19301.096
2	48	1	2	526	3	6	9	16	6	1	8	1	0.65036454	16	19302.352	19302.552	19302.552	19302.752	19303.202
2	48	1	2	527	3	6	9	17	2	2	2	1	0.62845692	17	19304.582	19305.182	19305.182	19305.382	19305.811
2	48	1	2	528	3	6	9	18	3	1	3	1	0.68501799	18	19307.21	19307.41	19307.41	19307.61	19308.095
2	48	1	2	529	3	6	9	19	1	2	1	1	0.5869078	19	19309.442	19310.042	19310.042	19310.242	19310.629
2	48	1	2	530	3	6	9	20	5	1	7	1	0.70235397	20	19312.074	19312.274	19312.274	19312.474	19312.976
2	48	1	2	531	3	6	9	21	3	2	3	1	0.84241506	21	19314.301	19314.901	19314.901	19315.101	19315.743
2	48	1	2	532	3	6	9	22	6	2	8	1	0.91171365	22	19316.928	19317.528	19317.528	19317.728	19318.44
2	48	1	2	533	3	6	9	23	5	1	8	0	1.5561617	22	19319.556	19319.756	19319.756	19319.956	19321.313
2	48	1	2	534	3	6	9	24	6	1	8	1	0.63678216	23	19321.79	19321.99	19321.99	19322.19	19322.627
2	48	1	2	535	3	6	9	25	5	2	7	1	0.60100843	24	19324.023	19324.623	19324.623	19324.823	19325.224
2	48	1	2	536	3	6	9	26	4	1	6	1	0.60073909	25	19326.654	19326.854	19326.855	19327.055	19327.455
2	48	1	2	537	3	6	9	27	6	2	8	1	0.61768689	26	19328.886	19329.486	19329.486	19329.686	19330.104
2	48	1	2	538	3	6	9	28	3	2	3	1	0.76471597	27	19331.514	19332.114	19332.114	19332.314	19332.879
2	48	1	2	539	3	6	9	29	2	2	2	1	0.65037022	28	19334.142	19334.742	19334.742	19334.942	19335.392
2	48	1	2	540	3	6	9	30	4	2	6	1	0.6087591	29	19336.773	19337.373	19337.373	19337.573	19337.982
2	48	1	2	541	4	2	10	1	5	2	5	1	0.5672254	1	19909.092	19909.692	19909.692	19909.892	19910.259
2	48	1	2	542	4	2	10	2	1	2	4	1	0.50544094	2	19911.721	19912.321	19912.321	19912.521	19912.826
2	48	1	2	543	4	2	10	3	5	1	5	1	0.45993549	3	19914.349	19914.549	19914.549	19914.749	19915.009
2	48	1	2	544	4	2	10	4	1	2	4	1	0.47579792	4	19916.581	19917.181	19917.181	19917.381	19917.657
2	48	1	2	545	4	2	10	5	4	1	5	1	0.52590371	5	19919.212	19919.412	19919.412	19919.612	19919.938
2	48	1	2	546	4	2	10	6	2	2	4	1	0.45647771	6	19921.442	19922.042	19922.042	19922.242	19922.498
2	48	1	2	547	4	2	10	7	5	1	5	1	1.2272707	7	19924.078	19924.278	19924.278	19924.478	19925.506
2	48	1	2	548	4	2	10	8	2	1	4	1	0.40294344	8	19926.31	19926.51	19926.51	19926.71	19926.912
2	48	1	2	549	4	2	10	9	1	1	4	1	0.51207311	9	19928.539	19928.739	19928.739	19928.939	19929.251
2	48	1	2	550	4	2	10	10	6	1	5	1	0.46752869	10	19930.774	19930.974	19930.974	19931.174	19931.442
2	48	1	2	551	4	2	10	11	6	2	5	1	0.48455634	11	19933.027	19933.627	19933.627	19933.827	19934.112
2	48	1	2	552	4	2	10	12	3	1	4	1	0.56163926	12	19935.656	19935.856	19935.856	19936.056	19936.417
2	48	1	2	553	4	2	10	13	3	2	4	1	0.36237787	13	19937.884	19938.484	19938.484	19938.684	19938.847
2	48	1	2	554	4	2	10	14	1	1	4	1	0.45709057	14	19940.512	19940.712	19940.712	19940.912	19941.17
2	48	1	2	555	4	2	10	15	6	1	5	1	0.41773299	15	19942.741	19942.941	19942.941	19943.141	19943.359
2	48	1	2	556	4	2	10	16	5	1	5	1	0.47845836	16	19944.972	19945.172	19945.172	19945.372	19945.651
2	48	1	2	557	4	2	10	17	6	2	5	1	0.45210136	17	19947.201	19947.801	19947.801	19948.001	19948.253
2	48	1	2	558	4	2	10	18	1	1	4	1	0.51567065	18	19949.83	19950.03	19950.03	19950.23	19950.546
2	48	1	2	559	4	2	10	19	3	2	4	1	0.58123152	19	19952.067	19952.667	19952.667	19952.867	19953.248
2	48	1	2	560	4	2	10	20	4	1	5	1	0.41871898	20	19954.696	19954.896	19954.897	19955.097	19955.315
2	48	1	2	561	4	2	10	21	4	2	5	1	0.39375169	21	19956.925	19957.525	19957.525	19957.725	19957.919
2	48	1	2	562	4	2	10	22	3	2	4	1	0.48750583	22	19959.554	19960.155	19960.155	19960.355	19960.642
2	48	1	2	563	4	2	10	23	3	1	4	1	0.58723926	23	19962.184	19962.384	19962.384	19962.584	19962.971
2	48	1	2	564	4	2	10	24	2	1	4	1	0.49419902	24	19964.413	19964.613	19964.613	19964.813	19965.107
2	48	1	2	565	4	2	10	25	2	2	4	1	0.47532014	25	19966.644	19967.244	19967.244	19967.444	19967.719
2	48	1	2	566	4	2	10	26	5	1	5	1	0.56568905	26	19969.276	19969.476	19969.476	19969.676	19970.042
2	48	1	2	567	4	2	10	27	4	2	5	1	0.44783743	27	19971.505	19972.105	19972.105	19972.305	19972.553
2	48	1	2	568	4	2	10	28	2	2	4	1	0.71659821	28	19974.135	19974.735	19974.735	19974.935	19975.451
2	48	1	2	569	4	2	10	29	4	2	5	1	0.60897938	29	19976.767	19977.367	19977.367	19977.567	19977.976
2	48	1	2	570	4	2	10	30	6	2	5	1	0.48107426	30	19979.396	19979.996	19979.996	19980.196	19980.477
2	48	1	2	571	4	6	10	1	5	2	7	1	0.68576102	1	20010.101	20010.701	20010.701	20010.901	20011.387
2	48	1	2	572	4	6	10	2	3	2	3	1	0.83652718	2	20012.73	20013.33	20013.33	20013.53	20014.167
2	48	1	2	573	4	6	10	3	1	1	1	1	0.64285129	3	20015.367	20015.567	20015.567	20015.767	20016.21
2	48	1	2	574	4	6	10	4	4	2	6	1	0.62716743	4	20017.6	20018.2	20018.2	20018.4	20018.827
2	48	1	2	575	4	6	10	5	3	1	3	1	0.65748712	5	20020.233	20020.433	20020.433	20020.633	20021.091
2	48	1	2	576	4	6	10	6	2	2	2	1	0.65651828	6	20022.462	20023.062	20023.062	20023.262	20023.719
2	48	1	2	577	4	6	10	7	6	1	8	1	0.63062536	7	20025.092	20025.292	20025.292	20025.492	20025.923
2	48	1	2	578	4	6	10	8	2	1	2	1	0.9739868	8	20027.322	20027.522	20027.522	20027.722	20028.496
2	48	1	2	579	4	6	10	9	2	1	2	1	0.54134971	9	20029.554	20029.754	20029.754	20029.954	20030.295
2	48	1	2	580	4	6	10	10	6	1	8	1	0.59525013	10	20031.784	20031.984	20031.984	20032.184	20032.579
2	48	1	2	581	4	6	10	11	4	2	6	1	0.57748936	11	20034.013	20034.613	20034.613	20034.813	20035.191
2	48	1	2	582	4	6	10	12	4	1	6	1	0.50658756	12	20036.646	20036.846	20036.846	20037.046	20037.353
2	48	1	2	583	4	6	10	13	2	2	2	1	0.59729196	13	20038.875	20039.475	20039.475	20039.675	20040.073
2	48	1	2	584	4	6	10	14	4	1	6	1	0.48601193	14	20041.508	20041.708	20041.708	20041.908	20042.194
2	48	1	2	585	4	6	10	15	5	1	7	1	0.69000796	15	20043.744	20043.944	20043.944	20044.144	20044.634
2	48	1	2	586	4	6	10	16	3	1	3	1	0.72896175	16	20045.974	20046.174	20046.174	20046.374	20046.903
2	48	1	2	587	4	6	10	17	1	2	1	1	0.64362879	17	20048.203	20048.803	20048.804	20049.004	20049.447
2	48	1	2	588	4	6	10	18	6	1	7	1	1.0629552	18	20050.84	20051.04	20051.04	20051.24	20052.103
2	48	1	2	589	4	6	10	19	1	2	1	1	0.63249879	19	20053.071	20053.671	20053.671	20053.871	20054.303
2	48	1	2	590	4	6	10	20	3	1	3	1	0.68365108	20	20055.709	20055.909	20055.909	20056.109	20056.592
2	48	1	2	591	4	6	10	21	5	2	7	1	0.70180402	21	20057.939	20058.539	20058.539	20058.739	20059.241
2	48	1	2	592	4	6	10	22	1	2	1	1	0.63320562	22	20060.57	20061.17	20061.17	20061.37	20061.803
2	48	1	2	593	4	6	10	23	3	1	3	1	0.67856994	23	20063.203	20063.403	20063.403	20063.603	20064.082
2	48	1	2	594	4	6	10	24	5	1	7	1	0.61778342	24	20065.433	20065.633	20065.633	20065.833	20066.251
2	48	1	2	595	4	6	10	25	2	2	2	1	0.70148417	25	20067.667	20068.267	20068.267	20068.467	20068.968
2	48	1	2	596	4	6	10	26	5	1	7	1	0.61495546	26	20070.297	20070.497	20070.497	20070.697	20071.112
2	48	1	2	597	4	6	10	27	1	2	1	1	0.58832209	27	20072.532	20073.132	20073.132	20073.332	20073.72
2	48	1	2	598	4	6	10	28	6	2	8	1	0.65398659	28	20075.161	20075.761	20075.761	20075.961	20076.415
2	48	1	2	599	4	6	10	29	4	2	6	1	0.63683115	29	20077.795	20078.395	20078.395	20078.595	20079.032
2	48	1	2	600	4	6	10	30	6	2	8	1	0.66034146	30	20080.428	20081.028	20081.028	20081.228	20081.688
2	48	1	2	601	4	2	11	1	5	2	5	1	0.54717678	1	20111.132	20111.732	20111.732	20111.932	20112.279
2	48	1	2	602	4	2	11	2	1	2	4	1	0.45640161	2	20113.762	20114.362	20114.362	20114.562	20114.819
2	48	1	2	603	4	2	11	3	3	1	4	1	0.55643105	3	20116.397	20116.597	20116.597	20116.797	20117.153
2	48	1	2	604	4	2	11	4	3	2	3	1	0.75217184	4	20118.631	20119.231	20119.231	20119.431	20119.983
2	48	1	2	605	4	2	11	5	5	1	5	1	0.62738076	5	20121.262	20121.462	20121.462	20121.662	20122.09
2	48	1	2	606	4	2	11	6	2	2	4	1	0.44187834	6	20123.493	20124.093	20124.093	20124.293	20124.535
2	48	1	2	607	4	2	11	7	2	1	4	1	0.85276169	7	20126.132	20126.332	20126.332	20126.532	20127.184
2	48	1	2	608	4	2	11	8	4	1	5	1	0.6342624	8	20128.365	20128.565	20128.565	20128.765	20129.2
2	48	1	2	609	4	2	11	9	6	1	5	1	0.38076896	9	20130.597	20130.797	20130.797	20130.997	20131.178
2	48	1	2	610	4	2	11	10	3	1	4	1	0.53924052	10	20132.832	20133.032	20133.032	20133.232	20133.571
2	48	1	2	611	4	2	11	11	3	2	4	1	0.42088017	11	20135.068	20135.668	20135.668	20135.868	20136.089
2	48	1	2	612	4	2	11	12	1	1	4	1	0.50860635	12	20137.704	20137.904	20137.904	20138.104	20138.413
2	48	1	2	613	4	2	11	13	3	2	4	1	0.70535298	13	20139.936	20140.536	20140.536	20140.736	20141.242
2	48	1	2	614	4	2	11	14	4	1	5	1	0.5223962	14	20142.568	20142.768	20142.768	20142.968	20143.29
2	48	1	2	615	4	2	11	15	6	1	5	1	0.46907623	15	20144.802	20145.002	20145.002	20145.202	20145.471
2	48	1	2	616	4	2	11	16	4	1	5	1	0.67554185	16	20147.036	20147.236	20147.236	20147.436	20147.911
2	48	1	2	617	4	2	11	17	1	2	4	1	0.51914021	17	20149.288	20149.888	20149.888	20150.088	20150.407
2	48	1	2	618	4	2	11	18	4	1	5	1	0.93394892	18	20151.923	20152.123	20152.123	20152.323	20153.056
2	48	1	2	619	4	2	11	19	5	2	5	1	1.0001959	19	20154.154	20154.754	20154.754	20154.954	20155.754
2	48	1	2	620	4	2	11	20	5	1	5	1	0.53568188	20	20156.785	20156.985	20156.985	20157.185	20157.521
2	48	1	2	621	4	2	11	21	6	2	5	1	0.45695552	21	20159.022	20159.622	20159.622	20159.822	20160.079
2	48	1	2	622	4	2	11	22	2	2	4	1	0.63530316	22	20161.655	20162.255	20162.255	20162.455	20162.89
2	48	1	2	623	4	2	11	23	5	1	5	1	0.5016012	23	20164.308	20164.508	20164.508	20164.708	20165.01
2	48	1	2	624	4	2	11	24	2	1	4	1	0.47888176	24	20166.543	20166.743	20166.743	20166.943	20167.222
2	48	1	2	625	4	2	11	25	1	2	4	1	0.45244353	25	20168.774	20169.374	20169.374	20169.574	20169.826
2	48	1	2	626	4	2	11	26	6	1	5	1	0.58877657	26	20171.406	20171.606	20171.606	20171.806	20172.195
2	48	1	2	627	4	2	11	27	6	2	5	1	0.44827755	27	20173.641	20174.241	20174.241	20174.441	20174.69
2	48	1	2	628	4	2	11	28	4	2	5	1	0.4538841	28	20176.317	20176.917	20176.917	20177.117	20177.37
2	48	1	2	629	4	2	11	29	1	2	4	1	1.2469646	29	20178.952	20179.552	20179.552	20179.752	20180.799
2	48	1	2	630	4	2	11	30	2	2	4	1	0.44985249	30	20181.583	20182.183	20182.183	20182.383	20182.633
2	48	1	2	631	4	6	11	1	2	2	2	1	0.67054402	1	20212.291	20212.891	20212.891	20213.091	20213.562
2	48	1	2	632	4	6	11	2	3	2	3	1	0.60781386	2	20214.922	20215.522	20215.522	20215.722	20216.13
2	48	1	2	633	4	6	11	3	2	1	2	1	0.72219516	3	20217.557	20217.757	20217.757	20217.957	20218.479
2	48	1	2	634	4	6	11	4	3	2	3	1	0.84226949	4	20219.792	20220.392	20220.392	20220.592	20221.234
2	48	1	2	635	4	6	11	5	2	1	2	1	1.0166557	5	20222.423	20222.623	20222.623	20222.823	20223.639
2	48	1	2	636	4	6	11	6	6	2	8	1	0.66097982	6	20224.658	20225.258	20225.258	20225.458	20225.919
2	48	1	2	637	4	6	11	7	1	1	1	1	0.62260278	7	20227.296	20227.496	20227.496	20227.696	20228.119
2	48	1	2	638	4	6	11	8	1	1	1	1	0.64693623	8	20229.528	20229.728	20229.728	20229.928	20230.375
2	48	1	2	639	4	6	11	9	1	1	1	1	0.55154866	9	20231.76	20231.96	20231.96	20232.16	20232.512
2	48	1	2	640	4	6	11	10	6	1	8	1	0.62934996	10	20233.996	20234.196	20234.196	20234.396	20234.825
2	48	1	2	641	4	6	11	11	3	2	3	1	0.77762053	11	20236.232	20236.832	20236.832	20237.032	20237.61
2	48	1	2	642	4	6	11	12	4	1	6	1	0.68407161	12	20238.868	20239.068	20239.068	20239.268	20239.752
2	48	1	2	643	4	6	11	13	2	2	2	1	0.60413046	13	20241.101	20241.701	20241.701	20241.901	20242.305
2	48	1	2	644	4	6	11	14	6	1	8	1	0.63644059	14	20243.734	20243.934	20243.934	20244.134	20244.57
2	48	1	2	645	4	6	11	15	4	1	6	1	0.62690121	15	20245.966	20246.166	20246.166	20246.366	20246.793
2	48	1	2	646	4	6	11	16	5	1	7	1	0.74013494	16	20248.199	20248.399	20248.399	20248.599	20249.139
2	48	1	2	647	4	6	11	17	5	2	7	1	0.68223134	17	20250.432	20251.032	20251.032	20251.232	20251.714
2	48	1	2	648	4	6	11	18	5	1	7	1	0.64326206	18	20253.068	20253.268	20253.268	20253.468	20253.911
2	48	1	2	649	4	6	11	19	6	2	8	1	1.1774643	19	20255.304	20255.904	20255.904	20256.104	20257.082
2	48	1	2	650	4	6	11	20	5	1	7	1	0.66147471	20	20257.941	20258.141	20258.141	20258.341	20258.803
2	48	1	2	651	4	6	11	21	1	2	1	1	0.64459291	21	20260.174	20260.774	20260.774	20260.974	20261.419
2	48	1	2	652	4	6	11	22	4	2	6	1	0.66297966	22	20262.81	20263.41	20263.41	20263.61	20264.072
2	48	1	2	653	4	6	11	23	4	1	6	1	0.63365544	23	20265.445	20265.645	20265.645	20265.845	20266.279
2	48	1	2	654	4	6	11	24	1	1	1	1	0.7447892	24	20267.681	20267.881	20267.881	20268.081	20268.626
2	48	1	2	655	4	6	11	25	3	2	3	1	0.63886565	25	20269.914	20270.514	20270.514	20270.714	20271.153
2	48	1	2	656	4	6	11	26	3	1	3	1	0.8341182	26	20272.551	20272.751	20272.751	20272.951	20273.585
2	48	1	2	657	4	6	11	27	4	2	6	1	0.67525605	27	20274.784	20275.384	20275.384	20275.584	20276.059
2	48	1	2	658	4	6	11	28	5	2	7	1	1.1403375	28	20277.421	20278.021	20278.021	20278.221	20279.161
2	48	1	2	659	4	6	11	29	2	2	2	1	0.59388178	29	20280.057	20280.657	20280.657	20280.857	20281.251
2	48	1	2	660	4	6	11	30	6	2	8	1	0.6461312	30	20282.691	20283.291	20283.291	20283.491	20283.937
2	48	1	2	661	4	2	12	1	3	2	4	1	0.57152274	1	20313.51	20314.11	20314.11	20314.31	20314.682
2	48	1	2	662	4	2	12	2	3	2	4	1	0.50370767	2	20316.146	20316.746	20316.746	20316.946	20317.25
2	48	1	2	663	4	2	12	3	5	1	5	1	0.61373405	3	20318.779	20318.979	20318.979	20319.179	20319.593
2	48	1	2	664	4	2	12	4	1	2	4	1	0.49094541	4	20321.015	20321.615	20321.615	20321.815	20322.106
2	48	1	2	665	4	2	12	5	4	1	5	1	0.42219223	5	20323.651	20323.851	20323.851	20324.051	20324.273
2	48	1	2	666	4	2	12	6	5	2	5	1	0.46978711	6	20325.884	20326.484	20326.484	20326.684	20326.954
2	48	1	2	667	4	2	12	7	6	1	5	1	0.5161022	7	20328.517	20328.717	20328.717	20328.917	20329.233
2	48	1	2	668	4	2	12	8	3	1	4	1	0.48428059	8	20330.755	20330.955	20330.955	20331.155	20331.439
2	48	1	2	669	4	2	12	9	6	1	5	1	0.58321652	9	20332.992	20333.192	20333.192	20333.392	20333.775
2	48	1	2	670	4	2	12	10	4	1	5	1	0.49686408	10	20335.226	20335.426	20335.426	20335.626	20335.923
2	48	1	2	671	4	2	12	11	6	2	5	1	0.4079205	11	20337.467	20338.067	20338.067	20338.267	20338.475
2	48	1	2	672	4	2	12	12	4	1	5	1	0.42700813	12	20340.1	20340.3	20340.3	20340.5	20340.727
2	48	1	2	673	4	2	12	13	2	2	4	1	0.499575	13	20342.334	20342.934	20342.934	20343.134	20343.434
2	48	1	2	674	4	2	12	14	6	1	5	1	0.47388044	14	20344.968	20345.168	20345.168	20345.368	20345.642
2	48	1	2	675	4	2	12	15	5	1	5	1	0.40711329	15	20347.202	20347.402	20347.402	20347.602	20347.809
2	48	1	2	676	4	2	12	16	6	1	5	1	0.38829521	16	20349.436	20349.636	20349.636	20349.836	20350.024
2	48	1	2	677	4	2	12	17	1	2	4	1	0.47083964	17	20351.673	20352.273	20352.273	20352.473	20352.743
2	48	1	2	678	4	2	12	18	5	1	5	1	0.70379049	18	20354.307	20354.507	20354.507	20354.707	20355.211
2	48	1	2	679	4	2	12	19	2	2	4	1	0.40194481	19	20356.541	20357.141	20357.141	20357.341	20357.543
2	48	1	2	680	4	2	12	20	5	1	5	1	0.54814497	20	20359.179	20359.379	20359.379	20359.579	20359.927
2	48	1	2	681	4	2	12	21	4	2	5	1	0.40035283	21	20361.416	20362.016	20362.016	20362.216	20362.416
2	48	1	2	682	4	2	12	22	1	2	4	1	0.46642831	22	20364.054	20364.654	20364.654	20364.854	20365.12
2	48	1	2	683	4	2	12	23	4	1	5	1	0.42367241	23	20366.691	20366.891	20366.891	20367.091	20367.315
2	48	1	2	684	4	2	12	24	2	1	4	1	0.51205808	24	20368.928	20369.128	20369.128	20369.328	20369.64
2	48	1	2	685	4	2	12	25	2	2	4	1	0.66772145	25	20371.167	20371.767	20371.767	20371.967	20372.435
2	48	1	2	686	4	2	12	26	2	1	4	1	0.44671639	26	20373.803	20374.003	20374.003	20374.203	20374.45
2	48	1	2	687	4	2	12	27	1	2	4	1	0.42189534	27	20376.04	20376.64	20376.64	20376.84	20377.062
2	48	1	2	688	4	2	12	28	3	2	4	1	0.43016393	28	20378.674	20379.274	20379.274	20379.474	20379.704
2	48	1	2	689	4	2	12	29	3	2	4	1	0.46933418	29	20381.314	20381.914	20381.914	20382.114	20382.383
2	48	1	2	690	4	2	12	30	1	2	4	1	0.43277564	30	20383.954	20384.554	20384.554	20384.754	20384.987
2	48	1	2	691	4	6	12	1	6	2	0	0	-20415.273	0	20414.673	20415.273	20415.273	20415.473	0
2	48	1	2	692	4	6	12	2	1	2	1	1	0.69258386	1	20417.311	20417.911	20417.911	20418.111	20418.603
2	48	1	2	693	4	6	12	3	5	1	7	1	0.90056354	2	20419.949	20420.149	20420.149	20420.349	20421.049
2	48	1	2	694	4	6	12	4	3	2	3	1	0.72935888	3	20422.183	20422.783	20422.783	20422.983	20423.512
2	48	1	2	695	4	6	12	5	4	1	6	1	0.62325274	4	20424.817	20425.017	20425.017	20425.217	20425.641
2	48	1	2	696	4	6	12	6	5	2	7	1	0.95758431	5	20427.052	20427.652	20427.652	20427.852	20428.609
2	48	1	2	697	4	6	12	7	5	1	7	1	0.6972	6	20429.689	20429.889	20429.889	20430.089	20430.586
2	48	1	2	698	4	6	12	8	1	1	1	1	0.68406589	7	20431.924	20432.124	20432.124	20432.324	20432.808
2	48	1	2	699	4	6	12	9	4	1	6	1	0.61249294	8	20434.159	20434.359	20434.359	20434.559	20434.971
2	48	1	2	700	4	6	12	10	1	1	1	1	0.66986929	9	20436.397	20436.597	20436.597	20436.797	20437.267
2	48	1	2	701	4	6	12	11	2	2	2	1	0.68865292	10	20438.632	20439.232	20439.232	20439.432	20439.92
2	48	1	2	702	4	6	12	12	3	1	3	1	0.61597186	11	20441.267	20441.467	20441.467	20441.667	20442.083
2	48	1	2	703	4	6	12	13	4	2	6	1	0.54971158	12	20443.508	20444.108	20444.108	20444.308	20444.657
2	48	1	2	704	4	6	12	14	3	1	3	1	0.64035929	13	20446.142	20446.342	20446.342	20446.542	20446.983
2	48	1	2	705	4	6	12	15	1	1	1	1	0.60913841	14	20448.377	20448.577	20448.577	20448.777	20449.186
2	48	1	2	706	4	6	12	16	1	1	1	1	0.59339857	15	20450.615	20450.815	20450.815	20451.015	20451.408
2	48	1	2	707	4	6	12	17	6	2	8	1	0.60645936	16	20452.85	20453.45	20453.45	20453.65	20454.057
2	48	1	2	708	4	6	12	18	2	1	2	1	0.63620733	17	20455.491	20455.691	20455.691	20455.891	20456.328
2	48	1	2	709	4	6	12	19	3	2	3	1	0.55832756	18	20457.727	20458.327	20458.327	20458.527	20458.885
2	48	1	2	710	4	6	12	20	2	1	2	1	0.61797769	19	20460.365	20460.565	20460.565	20460.765	20461.183
2	48	1	2	711	4	6	12	21	5	2	7	1	0.62400813	20	20462.6	20463.2	20463.2	20463.4	20463.824
2	48	1	2	712	4	6	12	22	6	2	8	1	0.63962968	21	20465.242	20465.842	20465.842	20466.042	20466.481
2	48	1	2	713	4	6	12	23	4	1	6	1	0.64961378	22	20467.88	20468.08	20468.08	20468.28	20468.73
2	48	1	2	714	4	6	12	24	3	1	3	1	0.68937173	23	20470.119	20470.319	20470.319	20470.519	20471.008
2	48	1	2	715	4	6	12	25	4	2	6	1	0.60308689	24	20472.357	20472.957	20472.957	20473.157	20473.56
2	48	1	2	716	4	6	12	26	6	1	8	1	0.69902558	25	20474.996	20475.196	20475.196	20475.396	20475.895
2	48	1	2	717	4	6	12	27	2	2	2	1	0.62192891	26	20477.235	20477.835	20477.835	20478.035	20478.457
2	48	1	2	718	4	6	12	28	6	2	8	1	0.68279042	27	20479.871	20480.471	20480.471	20480.671	20481.153
2	48	1	2	719	4	6	12	29	2	2	2	1	1.5767125	28	20482.506	20483.106	20483.106	20483.306	20484.683
2	48	1	2	720	4	6	12	30	5	2	7	1	1.2238208	29	20485.147	20485.747	20485.747	20485.947	20486.97
