37	35	94	124	64	42	126	43	0	0	0	0	0	0	0	0	0	0	0	0
2	13	1	1	1	1	6	1	1	4	2	6	1	1.0536782	1	7150.2409	7150.841	7150.8412	7151.0415	7151.8949
2	13	1	1	2	1	6	1	2	5	1	7	1	0.98961727	2	7152.8574	7153.0575	7153.0576	7153.2579	7154.0472
2	13	1	1	3	1	6	1	3	3	2	3	1	1.9302424	3	7155.0679	7155.668	7155.668	7155.868	7157.5982
2	13	1	1	4	1	6	1	4	2	2	2	1	1.1649579	4	7157.674	7158.2741	7158.2741	7158.4741	7159.439
2	13	1	1	5	1	6	1	5	1	1	1	1	0.62359609	5	7160.2803	7160.4804	7160.4804	7160.6804	7161.104
2	13	1	1	6	1	6	1	6	5	1	7	1	1.087235	6	7162.4873	7162.6873	7162.6873	7162.8874	7163.7746
2	13	1	1	7	1	6	1	7	5	2	7	1	0.73604889	7	7164.6941	7165.2941	7165.2941	7165.4941	7166.0301
2	13	1	1	8	1	6	1	8	6	1	8	1	0.79645005	8	7167.3008	7167.5008	7167.5008	7167.7008	7168.2972
2	13	1	1	9	1	6	1	9	2	2	2	1	1.0441254	9	7169.5076	7170.1076	7170.1076	7170.3076	7171.1517
2	13	1	1	10	1	6	1	10	4	1	6	1	1.0855157	10	7172.1144	7172.3145	7172.3145	7172.5145	7173.4
2	13	1	1	11	1	6	1	11	1	2	1	1	0.80383184	11	7174.3222	7174.9223	7174.9223	7175.1223	7175.7261
2	13	1	1	12	1	6	1	12	1	2	1	1	0.89580718	12	7176.9293	7177.5293	7177.5293	7177.7293	7178.4251
2	13	1	1	13	1	6	1	13	3	2	3	1	0.95902581	13	7179.5354	7180.1354	7180.1354	7180.3355	7181.0944
2	13	1	1	14	1	6	1	14	1	1	1	1	0.91410591	14	7182.1426	7182.3427	7182.3427	7182.5427	7183.2568
2	13	1	1	15	1	6	1	15	3	1	3	1	1.0333317	15	7184.3498	7184.5498	7184.5498	7184.7499	7185.5832
2	13	1	1	16	1	6	1	16	5	1	7	1	1.1059493	16	7186.5568	7186.7568	7186.7568	7186.9568	7187.8627
2	13	1	1	17	1	6	1	17	2	1	1	0	1.2666388	16	7188.7637	7188.9637	7188.9637	7189.1637	7190.2303
2	13	1	1	18	1	6	1	18	3	2	3	1	0.98614601	17	7191.278	7191.878	7191.878	7192.078	7192.8641
2	13	1	1	19	1	6	1	19	6	2	8	1	0.81190377	18	7193.8849	7194.4849	7194.4849	7194.6849	7195.2968
2	13	1	1	20	1	6	1	20	4	1	6	1	0.83795399	19	7196.4921	7196.6921	7196.6921	7196.8922	7197.5301
2	13	1	1	21	1	6	1	21	3	2	3	1	1.1011888	20	7198.6999	7199.2999	7199.2999	7199.4999	7200.4011
2	13	1	1	22	1	6	1	22	6	1	8	1	0.97946239	21	7201.3077	7201.5077	7201.5077	7201.7078	7202.4872
2	13	1	1	23	1	6	1	23	4	1	6	1	1.0474488	22	7203.5148	7203.7148	7203.7149	7203.9149	7204.7624
2	13	1	1	24	1	6	1	24	2	2	1	0	0.79844893	22	7205.7222	7206.3223	7206.3223	7206.5223	7207.1207
2	13	1	1	25	1	6	1	25	6	1	8	1	0.90249305	23	7208.6338	7208.8338	7208.8338	7209.0338	7209.7363
2	13	1	1	26	1	6	1	26	6	2	8	1	0.99215008	24	7210.8414	7211.4414	7211.4414	7211.6414	7212.4336
2	13	1	1	27	1	6	1	27	1	2	1	1	0.94105133	25	7213.4494	7214.0494	7214.0494	7214.2494	7214.9904
2	13	1	1	28	1	6	1	28	2	2	2	1	1.3820064	26	7216.0565	7216.6565	7216.6565	7216.8565	7218.0385
2	13	1	1	29	1	6	1	29	4	1	6	1	1.0333323	27	7218.6629	7218.8629	7218.863	7219.063	7219.8963
2	13	1	1	30	1	6	1	30	5	1	7	1	1.4189047	28	7220.8691	7221.0691	7221.0691	7221.2691	7222.488
2	13	1	1	31	1	2	1	1	3	2	4	1	0.53873864	1	7234.4138	7235.0139	7235.014	7235.2141	7235.5527
2	13	1	1	32	1	2	1	2	2	1	4	1	0.55802349	2	7237.0263	7237.2264	7237.2264	7237.4264	7237.7844
2	13	1	1	33	1	2	1	3	1	2	4	1	0.53957079	3	7239.238	7239.838	7239.838	7240.038	7240.3776
2	13	1	1	34	1	2	1	4	3	2	4	1	0.53053834	4	7241.846	7242.446	7242.446	7242.646	7242.9765
2	13	1	1	35	1	2	1	5	6	1	5	1	0.83220346	5	7244.4546	7244.6546	7244.6546	7244.8547	7245.4868
2	13	1	1	36	1	2	1	6	1	1	4	1	0.6311169	6	7246.6643	7246.8643	7246.8643	7247.0643	7247.4954
2	13	1	1	37	1	2	1	7	3	2	4	1	0.69534231	7	7248.8725	7249.4725	7249.4725	7249.6725	7250.1678
2	13	1	1	38	1	2	1	8	6	1	5	1	0.75524192	8	7251.4789	7251.6789	7251.6789	7251.8789	7252.4341
2	13	1	1	39	1	2	1	9	3	2	4	1	0.71229057	9	7253.6877	7254.2877	7254.2877	7254.4877	7255
2	13	1	1	40	1	2	1	10	4	1	5	1	0.64914587	10	7256.2961	7256.4961	7256.4961	7256.6961	7257.1452
2	13	1	1	41	1	2	1	11	5	2	5	1	0.63035064	11	7258.5047	7259.1047	7259.1047	7259.3047	7259.735
2	13	1	1	42	1	2	1	12	5	2	5	1	0.45603413	12	7261.1132	7261.7132	7261.7132	7261.9132	7262.1692
2	13	1	1	43	1	2	1	13	2	2	4	1	0.4580961	13	7263.7198	7264.3198	7264.3198	7264.5199	7264.7779
2	13	1	1	44	1	2	1	14	5	1	5	1	0.57505315	14	7266.3289	7266.5289	7266.5289	7266.7289	7267.1039
2	13	1	1	45	1	2	1	15	1	1	4	1	0.69625738	15	7268.5375	7268.7375	7268.7375	7268.9375	7269.4337
2	13	1	1	46	1	2	1	16	5	1	5	1	0.59794391	16	7270.7458	7270.9458	7270.9458	7271.1458	7271.5438
2	13	1	1	47	1	2	1	17	2	1	4	1	0.59827705	17	7272.9544	7273.1544	7273.1544	7273.3544	7273.7527
2	13	1	1	48	1	2	1	18	6	2	5	1	0.42837786	18	7275.1631	7275.7631	7275.7632	7275.9632	7276.1916
2	13	1	1	49	1	2	1	19	4	2	5	1	0.56411937	19	7277.7718	7278.3719	7278.3719	7278.5719	7278.936
2	13	1	1	50	1	2	1	20	2	1	4	1	0.5377374	20	7280.3807	7280.5807	7280.5807	7280.7807	7281.1184
2	13	1	1	51	1	2	1	21	2	2	4	1	0.55503671	21	7282.5899	7283.1899	7283.1899	7283.3899	7283.7449
2	13	1	1	52	1	2	1	22	4	1	5	1	0.55342744	22	7285.1986	7285.3986	7285.3986	7285.5986	7285.9521
2	13	1	1	53	1	2	1	23	1	1	4	1	0.587236	23	7287.4057	7287.6057	7287.6057	7287.8058	7288.193
2	13	1	1	54	1	2	1	24	3	2	4	1	0.5453436	24	7289.615	7290.215	7290.215	7290.415	7290.7603
2	13	1	1	55	1	2	1	25	1	1	4	1	0.87083202	25	7292.2241	7292.4241	7292.4242	7292.6242	7293.295
2	13	1	1	56	1	2	1	26	6	2	5	1	0.50874189	26	7294.4343	7295.0343	7295.0343	7295.2343	7295.5431
2	13	1	1	57	1	2	1	27	4	2	5	1	0.47066141	27	7297.0439	7297.6439	7297.6439	7297.8439	7298.1146
2	13	1	1	58	1	2	1	28	4	2	5	1	0.55614105	28	7299.6532	7300.2532	7300.2532	7300.4532	7300.8093
2	13	1	1	59	1	2	1	29	6	1	5	1	0.5612413	29	7302.2632	7302.4633	7302.4633	7302.6633	7303.0245
2	13	1	1	60	1	2	1	30	5	1	5	1	0.43853496	30	7304.4724	7304.6724	7304.6724	7304.8724	7305.111
2	13	1	1	61	1	6	2	1	3	2	3	1	0.5576112	31	7316.0105	7316.6105	7316.6105	7316.8105	7317.1681
2	13	1	1	62	1	6	2	2	2	1	2	1	1.2904361	32	7318.6201	7318.8201	7318.8201	7319.0201	7320.1106
2	13	1	1	63	1	6	2	3	1	2	1	1	0.64304796	33	7320.8298	7321.4298	7321.4298	7321.6298	7322.0728
2	13	1	1	64	1	6	2	4	3	2	8	1	1.4964476	34	7323.4395	7324.0395	7324.0395	7324.2396	7325.536
2	13	1	1	65	1	6	2	5	6	1	7	0	1.5522421	34	7326.0498	7326.2498	7326.2498	7326.4498	7327.802
2	13	1	1	66	1	6	2	6	1	1	1	1	1.1349628	35	7328.5688	7328.7688	7328.7688	7328.9688	7329.9038
2	13	1	1	67	1	6	2	7	3	2	3	1	1.3715751	36	7330.7787	7331.3787	7331.3788	7331.5788	7332.7503
2	13	1	1	68	1	6	2	8	6	1	8	1	0.95804415	37	7333.3882	7333.5883	7333.5883	7333.7883	7334.5463
2	13	1	1	69	1	6	2	9	3	2	3	1	1.0249076	38	7335.5983	7336.1983	7336.1983	7336.3983	7337.2232
2	13	1	1	70	1	6	2	10	4	1	6	1	0.88174674	39	7338.2067	7338.4067	7338.4068	7338.6068	7339.2885
2	13	1	1	71	1	6	2	11	5	2	7	1	1.0780472	40	7340.4171	7341.0172	7341.0172	7341.2172	7342.0953
2	13	1	1	72	1	6	2	12	5	2	7	1	0.66191193	41	7343.0249	7343.6249	7343.6249	7343.8249	7344.2868
2	13	1	1	73	1	6	2	13	2	2	2	1	1.3739469	42	7345.6351	7346.2351	7346.2351	7346.4351	7347.609
2	13	1	1	74	1	6	2	14	5	1	7	1	1.1735027	43	7348.2449	7348.4449	7348.4449	7348.6449	7349.6184
2	13	1	1	75	1	6	2	15	1	1	1	1	0.88974025	44	7350.453	7350.653	7350.653	7350.8531	7351.5428
2	13	1	1	76	1	6	2	16	5	1	7	1	1.0787067	45	7352.6635	7352.8635	7352.8635	7353.0635	7353.9422
2	13	1	1	77	1	6	2	17	2	1	2	1	1.6001879	46	7354.8737	7355.0737	7355.0737	7355.2737	7356.6739
2	13	1	1	78	1	6	2	18	6	2	8	1	1.4019065	47	7357.0844	7357.6844	7357.6844	7357.8844	7359.0863
2	13	1	1	79	1	6	2	19	4	2	6	1	1.005866	48	7359.6925	7360.2925	7360.2925	7360.4925	7361.2984
2	13	1	1	80	1	6	2	20	2	1	2	1	1.7797742	49	7362.3009	7362.5009	7362.5009	7362.701	7364.2807
2	13	1	1	81	1	6	2	21	2	2	2	1	0.87536418	50	7364.5097	7365.1097	7365.1097	7365.3097	7365.9851
2	13	1	1	82	1	6	2	22	4	1	6	1	0.8550572	51	7367.1207	7367.3207	7367.3207	7367.5207	7368.1758
2	13	1	1	83	1	6	2	23	1	1	1	1	0.87542514	52	7369.3318	7369.5318	7369.5318	7369.7318	7370.4072
2	13	1	1	84	1	6	2	24	3	2	8	0	1.9798074	52	7371.5425	7372.1425	7372.1425	7372.3425	7374.1223
2	13	1	1	85	1	6	2	25	1	1	1	1	0.86117272	53	7374.4586	7374.6586	7374.6586	7374.8586	7375.5198
2	13	1	1	86	1	6	2	26	6	2	8	1	1.0130386	54	7376.6695	7377.2695	7377.2695	7377.4695	7378.2825
2	13	1	1	87	1	6	2	27	4	2	6	1	0.82480221	55	7379.2807	7379.8807	7379.8807	7380.0807	7380.7055
2	13	1	1	88	1	6	2	28	4	2	6	1	0.64570995	56	7381.8892	7382.4892	7382.4892	7382.6892	7383.1349
2	13	1	1	89	1	6	2	29	6	1	8	1	1.3238714	57	7384.4984	7384.6984	7384.6984	7384.8984	7386.0223
2	13	1	1	90	1	6	2	30	5	1	1	0	1.1615644	57	7386.7098	7386.9098	7386.9098	7387.1098	7388.0713
2	13	1	1	91	1	2	2	1	3	2	4	1	0.71839875	1	7398.7291	7399.3291	7399.3291	7399.5291	7400.0475
2	13	1	1	92	1	2	2	2	3	1	4	1	0.53430811	2	7401.3401	7401.5401	7401.5401	7401.7401	7402.0745
2	13	1	1	93	1	2	2	3	6	2	5	1	0.51954757	3	7403.5511	7404.1511	7404.1511	7404.3511	7404.6707
2	13	1	1	94	1	2	2	4	3	2	4	1	0.58428745	4	7406.1623	7406.7623	7406.7623	7406.9623	7407.3466
2	13	1	1	95	1	2	2	5	5	1	5	1	0.4896933	5	7408.7736	7408.9736	7408.9736	7409.1736	7409.4633
2	13	1	1	96	1	2	2	6	3	1	4	1	0.48548154	6	7410.9843	7411.1843	7411.1843	7411.3843	7411.6698
2	13	1	1	97	1	2	2	7	4	2	5	1	0.49044456	7	7413.1957	7413.7957	7413.7957	7413.9957	7414.2862
2	13	1	1	98	1	2	2	8	2	1	4	1	0.51216759	8	7415.8071	7416.0071	7416.0071	7416.2071	7416.5193
2	13	1	1	99	1	2	2	9	4	2	5	1	0.39025256	9	7418.0188	7418.6188	7418.6188	7418.8188	7419.009
2	13	1	1	100	1	2	2	10	4	1	5	1	0.96042015	10	7420.6307	7420.8307	7420.8307	7421.0307	7421.7911
2	13	1	1	101	1	2	2	11	6	2	5	1	0.55754954	11	7422.8395	7423.4395	7423.4395	7423.6395	7423.997
2	13	1	1	102	1	2	2	12	5	2	5	1	0.56442977	12	7425.4515	7426.0515	7426.0515	7426.2515	7426.6159
2	13	1	1	103	1	2	2	13	1	2	4	1	0.49525314	13	7428.063	7428.663	7428.663	7428.863	7429.1583
2	13	1	1	104	1	2	2	14	5	1	5	1	0.46966939	14	7430.6749	7430.8749	7430.8749	7431.0749	7431.3445
2	13	1	1	105	1	2	2	15	6	1	5	1	0.5466213	15	7432.8867	7433.0867	7433.0867	7433.2867	7433.6334
2	13	1	1	106	1	2	2	16	6	1	5	1	0.44388955	16	7435.0991	7435.2991	7435.2991	7435.4992	7435.743
2	13	1	1	107	1	2	2	17	6	1	5	1	0.53879818	17	7437.3112	7437.5112	7437.5112	7437.7112	7438.05
2	13	1	1	108	1	2	2	18	5	2	5	1	0.52503994	18	7439.5235	7440.1235	7440.1235	7440.3235	7440.6485
2	13	1	1	109	1	2	2	19	2	2	4	1	0.64857729	19	7442.1356	7442.7356	7442.7356	7442.9356	7443.3842
2	13	1	1	110	1	2	2	20	2	1	4	1	0.58061903	20	7444.7485	7444.9485	7444.9485	7445.1485	7445.5291
2	13	1	1	111	1	2	2	21	1	2	4	1	0.60930476	21	7446.9606	7447.5606	7447.5606	7447.7606	7448.1699
2	13	1	1	112	1	2	2	22	1	1	4	1	0.75583878	22	7449.5732	7449.7732	7449.7732	7449.9732	7450.529
2	13	1	1	113	1	2	2	23	2	1	4	1	0.50499677	23	7451.7851	7451.9851	7451.9851	7452.1851	7452.4901
2	13	1	1	114	1	2	2	24	5	2	5	1	0.52347971	24	7453.995	7454.595	7454.595	7454.795	7455.1184
2	13	1	1	115	1	2	2	25	2	1	4	1	0.92259255	25	7456.6074	7456.8074	7456.8074	7457.0074	7457.73
2	13	1	1	116	1	2	2	26	1	2	4	1	0.70840011	26	7458.8197	7459.4197	7459.4197	7459.6197	7460.1281
2	13	1	1	117	1	2	2	27	4	2	5	1	0.41633622	27	7461.4323	7462.0323	7462.0323	7462.2323	7462.4486
2	13	1	1	118	1	2	2	28	3	2	4	1	0.53790078	28	7464.0447	7464.6447	7464.6447	7464.8447	7465.1826
2	13	1	1	119	1	2	2	29	1	1	4	1	0.57399812	29	7466.6566	7466.8566	7466.8566	7467.0566	7467.4306
2	13	1	1	120	1	2	2	30	4	1	5	1	0.53895702	30	7468.8686	7469.0686	7469.0686	7469.2686	7469.6075
2	13	1	1	121	1	6	3	1	3	2	3	1	0.93317131	31	7490.6608	7491.2608	7491.2608	7491.4608	7492.194
2	13	1	1	122	1	6	3	2	3	1	3	1	0.68774796	32	7493.2728	7493.4728	7493.4728	7493.6728	7494.1606
2	13	1	1	123	1	6	3	3	6	2	8	1	0.91396527	33	7495.4854	7496.0854	7496.0854	7496.2854	7496.9993
2	13	1	1	124	1	6	3	4	3	2	3	1	1.2677452	34	7498.0982	7498.6982	7498.6982	7498.8982	7499.9659
2	13	1	1	125	1	6	3	5	5	1	7	1	1.5775126	35	7500.7104	7500.9104	7500.9104	7501.1104	7502.488
2	13	1	1	126	1	6	3	6	3	1	3	1	0.91658065	36	7502.9231	7503.1231	7503.1231	7503.3231	7504.0396
2	13	1	1	127	1	6	3	7	4	2	6	1	0.82406604	37	7505.1361	7505.7361	7505.7361	7505.9361	7506.5602
2	13	1	1	128	1	6	3	8	2	1	2	1	1.2428478	38	7507.7489	7507.9489	7507.949	7508.149	7509.1918
2	13	1	1	129	1	6	3	9	4	2	6	1	0.90537326	39	7509.9589	7510.559	7510.559	7510.759	7511.4643
2	13	1	1	130	1	6	3	10	4	1	6	1	0.59720741	40	7512.572	7512.772	7512.772	7512.972	7513.3692
2	13	1	1	131	1	6	3	11	6	2	8	1	1.9969306	41	7514.7849	7515.3849	7515.3849	7515.5849	7517.3818
2	13	1	1	132	1	6	3	12	5	2	7	1	1.3628437	42	7517.396	7517.996	7517.996	7518.196	7519.3588
2	13	1	1	133	1	6	3	13	1	2	1	1	0.9128125	43	7520.0091	7520.6091	7520.6091	7520.8091	7521.5219
2	13	1	1	134	1	6	3	14	5	1	7	1	0.96255639	44	7522.6224	7522.8224	7522.8225	7523.0225	7523.785
2	13	1	1	135	1	6	3	15	6	1	8	1	1.5942262	45	7524.8364	7525.0364	7525.0364	7525.2364	7526.6306
2	13	1	1	136	1	6	3	16	6	1	8	1	0.70359809	46	7527.05	7527.25	7527.25	7527.45	7527.9536
2	13	1	1	137	1	6	3	17	6	1	8	1	0.72806132	47	7529.2631	7529.4631	7529.4631	7529.6631	7530.1912
2	13	1	1	138	1	6	3	18	5	2	7	1	0.866561	48	7531.4767	7532.0767	7532.0767	7532.2767	7532.9433
2	13	1	1	139	1	6	3	19	2	2	2	1	1.4796194	49	7534.0901	7534.6901	7534.6901	7534.8901	7536.1697
2	13	1	1	140	1	6	3	20	2	1	2	1	1.5747092	50	7536.7033	7536.9033	7536.9033	7537.1033	7538.478
2	13	1	1	141	1	6	3	21	1	2	1	1	1.444329	51	7538.9169	7539.5169	7539.5169	7539.7169	7540.9613
2	13	1	1	142	1	6	3	22	1	1	1	1	0.78052383	52	7541.5308	7541.7308	7541.7308	7541.9308	7542.5113
2	13	1	1	143	1	6	3	23	2	1	2	1	0.98514723	53	7543.7441	7543.9441	7543.9441	7544.1441	7544.9293
2	13	1	1	144	1	6	3	24	5	2	7	1	0.99804021	54	7545.9558	7546.5558	7546.5558	7546.7558	7547.5539
2	13	1	1	145	1	6	3	25	2	1	2	1	1.3599605	55	7548.5692	7548.7692	7548.7692	7548.9692	7550.1291
2	13	1	1	146	1	6	3	26	1	2	1	1	1.3036486	56	7550.7829	7551.3829	7551.3829	7551.5829	7552.6865
2	13	1	1	147	1	6	3	27	4	2	6	1	0.86027841	57	7553.3962	7553.9962	7553.9962	7554.1962	7554.8565
2	13	1	1	148	1	6	3	28	3	2	3	1	0.90255137	58	7556.0098	7556.6098	7556.6098	7556.8098	7557.5124
2	13	1	1	149	1	6	3	29	1	1	1	1	1.0666835	59	7558.6235	7558.8235	7558.8235	7559.0235	7559.8902
2	13	1	1	150	1	6	3	30	4	1	6	1	0.76882949	60	7560.8372	7561.0372	7561.0372	7561.2372	7561.806
2	13	1	1	151	1	2	3	1	1	2	4	1	0.64527762	1	7572.3065	7572.9065	7572.9065	7573.1065	7573.5518
2	13	1	1	152	1	2	3	2	3	1	4	1	0.5975391	2	7574.922	7575.1221	7575.1221	7575.3221	7575.7196
2	13	1	1	153	1	2	3	3	2	2	4	1	0.57762302	3	7577.1357	7577.7357	7577.7357	7577.9357	7578.3133
2	13	1	1	154	1	2	3	4	6	2	5	1	0.4899121	4	7579.7501	7580.3501	7580.3501	7580.5501	7580.84
2	13	1	1	155	1	2	3	5	1	1	4	1	0.57965054	5	7582.3645	7582.5645	7582.5645	7582.7645	7583.1442
2	13	1	1	156	1	2	3	6	3	1	4	1	0.54711533	6	7584.5789	7584.7789	7584.7789	7584.9789	7585.3261
2	13	1	1	157	1	2	3	7	6	2	5	1	0.55870808	7	7586.7933	7587.3933	7587.3933	7587.5933	7587.952
2	13	1	1	158	1	2	3	8	5	1	5	1	0.73074913	8	7589.4075	7589.6075	7589.6075	7589.8075	7590.3383
2	13	1	1	159	1	2	3	9	4	2	5	1	0.54428302	9	7591.6218	7592.2218	7592.2218	7592.4218	7592.766
2	13	1	1	160	1	2	3	10	2	1	4	1	0.65049214	10	7594.2382	7594.4382	7594.4382	7594.6382	7595.0887
2	13	1	1	161	1	2	3	11	4	2	5	1	0.55758438	11	7596.4524	7597.0524	7597.0524	7597.2524	7597.61
2	13	1	1	162	1	2	3	12	1	2	4	1	0.61246632	12	7599.0672	7599.6672	7599.6672	7599.8672	7600.2796
2	13	1	1	163	1	2	3	13	5	2	5	1	0.47040166	13	7601.6822	7602.2822	7602.2822	7602.4822	7602.7526
2	13	1	1	164	1	2	3	14	5	1	5	1	0.58141618	14	7604.2964	7604.4964	7604.4964	7604.6964	7605.0778
2	13	1	1	165	1	2	3	15	6	1	5	1	0.46575321	15	7606.5106	7606.7106	7606.7106	7606.9106	7607.1764
2	13	1	1	166	1	2	3	16	6	1	5	1	0.48329014	16	7608.7248	7608.9248	7608.9248	7609.1248	7609.4081
2	13	1	1	167	1	2	3	17	3	1	4	1	0.69068719	17	7610.9392	7611.1392	7611.1392	7611.3392	7611.8299
2	13	1	1	168	1	2	3	18	4	2	5	1	0.50890677	18	7613.1543	7613.7543	7613.7543	7613.9543	7614.2632
2	13	1	1	169	1	2	3	19	1	2	4	1	0.59077624	19	7615.7687	7616.3687	7616.3687	7616.5687	7616.9595
2	13	1	1	170	1	2	3	20	4	1	5	1	0.60895529	20	7618.3809	7618.5809	7618.5809	7618.7809	7619.1899
2	13	1	1	171	1	2	3	21	4	2	5	1	0.56444005	21	7620.5954	7621.1954	7621.1954	7621.3954	7621.7598
2	13	1	1	172	1	2	3	22	2	1	4	1	0.60363307	22	7623.2106	7623.4106	7623.4106	7623.6106	7624.0142
2	13	1	1	173	1	2	3	23	5	1	5	1	0.43761011	23	7625.4247	7625.6247	7625.6247	7625.8247	7626.0623
2	13	1	1	174	1	2	3	24	2	2	4	1	0.59818117	24	7627.6399	7628.2399	7628.2399	7628.4399	7628.8381
2	13	1	1	175	1	2	3	25	3	1	4	1	0.58546276	25	7630.2548	7630.4548	7630.4548	7630.6548	7631.0402
2	13	1	1	176	1	2	3	26	5	2	5	1	0.60886311	26	7632.4695	7633.0695	7633.0695	7633.2696	7633.6784
2	13	1	1	177	1	2	3	27	3	2	4	1	0.75739491	27	7635.0842	7635.6842	7635.6842	7635.8842	7636.4416
2	13	1	1	178	1	2	3	28	2	2	4	1	0.56355188	28	7637.6997	7638.2997	7638.2997	7638.4997	7638.8633
2	13	1	1	179	1	2	3	29	6	1	5	1	0.51029457	29	7640.3155	7640.5156	7640.5156	7640.7156	7641.0258
2	13	1	1	180	1	2	3	30	1	1	4	1	0.60624704	30	7642.5279	7642.7279	7642.7279	7642.9279	7643.3342
2	13	1	1	181	2	6	4	1	1	2	1	1	1.0586426	31	8044.5355	8045.1355	8045.1355	8045.3355	8046.1942
2	13	1	1	182	2	6	4	2	3	1	3	1	0.92189764	32	8047.1512	8047.3512	8047.3512	8047.5512	8048.2731
2	13	1	1	183	2	6	4	3	2	2	2	1	0.81817084	33	8049.3667	8049.9667	8049.9667	8050.1667	8050.7849
2	13	1	1	184	2	6	4	4	6	2	8	1	0.72478653	34	8051.9803	8052.5803	8052.5803	8052.7803	8053.3051
2	13	1	1	185	2	6	4	5	1	1	1	1	0.78112205	35	8054.5957	8054.7957	8054.7957	8054.9957	8055.5769
2	13	1	1	186	2	6	4	6	3	1	3	1	0.79743775	36	8056.8113	8057.0113	8057.0113	8057.2113	8057.8088
2	13	1	1	187	2	6	4	7	6	2	8	1	0.95826442	37	8059.0268	8059.6268	8059.6268	8059.8268	8060.5851
2	13	1	1	188	2	6	4	8	5	1	7	1	0.97567382	38	8061.6424	8061.8424	8061.8424	8062.0424	8062.818
2	13	1	1	189	2	6	4	9	4	2	6	1	0.6538184	39	8063.8577	8064.4578	8064.4578	8064.6578	8065.1116
2	13	1	1	190	2	6	4	10	2	1	2	1	1.2495143	40	8066.4769	8066.6769	8066.6769	8066.8769	8067.9265
2	13	1	1	191	2	6	4	11	4	2	6	1	0.77299544	41	8068.691	8069.291	8069.291	8069.491	8070.064
2	13	1	1	192	2	6	4	12	1	2	1	1	0.85541437	42	8071.3068	8071.9068	8071.9068	8072.1068	8072.7622
2	13	1	1	193	2	6	4	13	5	2	7	1	1.0203276	43	8073.9234	8074.5234	8074.5234	8074.7234	8075.5437
2	13	1	1	194	2	6	4	14	5	1	7	1	0.68685588	44	8076.5392	8076.7392	8076.7392	8076.9392	8077.4261
2	13	1	1	195	2	6	4	15	6	1	8	1	0.76391272	45	8078.7556	8078.9556	8078.9556	8079.1556	8079.7195
2	13	1	1	196	2	6	4	16	6	1	8	1	0.65267373	46	8080.9714	8081.1714	8081.1714	8081.3714	8081.8241
2	13	1	1	197	2	6	4	17	3	1	3	1	0.79869077	47	8083.187	8083.387	8083.387	8083.587	8084.1857
2	13	1	1	198	2	6	4	18	4	2	6	1	0.68720244	48	8085.4028	8086.0028	8086.0028	8086.2028	8086.69
2	13	1	1	199	2	6	4	19	1	2	1	1	0.89407932	49	8088.0189	8088.6189	8088.6189	8088.8189	8089.513
2	13	1	1	200	2	6	4	20	4	1	6	1	0.70914986	50	8090.6348	8090.8348	8090.8348	8091.0348	8091.544
2	13	1	1	201	2	6	4	21	4	2	6	1	0.55977391	51	8092.8505	8093.4506	8093.4506	8093.6506	8094.0103
2	13	1	1	202	2	6	4	22	2	1	2	1	0.90385975	52	8095.4645	8095.6645	8095.6645	8095.8645	8096.5684
2	13	1	1	203	2	6	4	23	5	1	7	1	0.83109808	53	8097.6807	8097.8807	8097.8807	8098.0807	8098.7118
2	13	1	1	204	2	6	4	24	2	2	2	1	0.85420063	54	8099.8967	8100.4967	8100.4967	8100.6967	8101.3509
2	13	1	1	205	2	6	4	25	3	1	3	1	0.91275851	55	8102.5101	8102.7101	8102.7102	8102.9102	8103.6229
2	13	1	1	206	2	6	4	26	5	2	7	1	1.0305148	56	8104.7235	8105.3235	8105.3235	8105.5235	8106.354
2	13	1	1	207	2	6	4	27	3	2	3	1	0.91336246	57	8107.3365	8107.9365	8107.9365	8108.1365	8108.8499
2	13	1	1	208	2	6	4	28	2	2	2	1	0.91759079	58	8109.9528	8110.5528	8110.5528	8110.7528	8111.4704
2	13	1	1	209	2	6	4	29	6	1	8	1	0.85388533	59	8112.5694	8112.7694	8112.7694	8112.9694	8113.6233
2	13	1	1	210	2	6	4	30	1	1	1	1	0.87545898	60	8114.7831	8114.9831	8114.9831	8115.1831	8115.8585
2	13	1	1	211	2	2	4	1	2	2	4	1	1.1540824	1	8145.0642	8145.6642	8145.6642	8145.8642	8146.8183
2	13	1	1	212	2	2	4	2	3	1	4	1	0.71237841	2	8147.6804	8147.8804	8147.8804	8148.0804	8148.5928
2	13	1	1	213	2	2	4	3	4	2	5	1	0.76146068	3	8149.897	8150.497	8150.497	8150.697	8151.2585
2	13	1	1	214	2	2	4	4	3	2	4	1	0.73539694	4	8152.5111	8153.1111	8153.1111	8153.3111	8153.8465
2	13	1	1	215	2	2	4	5	6	1	5	1	0.57708479	5	8155.1282	8155.3282	8155.3282	8155.5282	8155.9053
2	13	1	1	216	2	2	4	6	4	1	5	1	0.48117837	6	8157.3453	8157.5453	8157.5453	8157.7453	8158.0265
2	13	1	1	217	2	2	4	7	4	2	5	1	0.57628899	7	8159.5594	8160.1594	8160.1594	8160.3594	8160.7357
2	13	1	1	218	2	2	4	8	6	1	5	1	0.40049135	8	8162.1766	8162.3766	8162.3766	8162.5766	8162.7771
2	13	1	1	219	2	2	4	9	3	2	4	1	0.60604027	9	8164.3937	8164.9937	8164.9937	8165.1937	8165.5997
2	13	1	1	220	2	2	4	10	4	1	5	1	0.55798125	10	8167.0113	8167.2114	8167.2114	8167.4114	8167.7693
2	13	1	1	221	2	2	4	11	6	2	5	1	0.4576635	11	8169.229	8169.829	8169.829	8170.029	8170.2867
2	13	1	1	222	2	2	4	12	5	2	5	1	0.45782709	12	8171.8459	8172.4459	8172.4459	8172.6459	8172.9037
2	13	1	1	223	2	2	4	13	5	2	5	1	0.42290161	13	8174.4634	8175.0634	8175.0634	8175.2634	8175.4863
2	13	1	1	224	2	2	4	14	1	1	4	1	0.56660351	14	8177.0808	8177.2808	8177.2808	8177.4808	8177.8474
2	13	1	1	225	2	2	4	15	3	1	4	1	0.54170956	15	8179.2983	8179.4983	8179.4983	8179.6983	8180.04
2	13	1	1	226	2	2	4	16	2	1	4	1	0.56252478	16	8181.5159	8181.7159	8181.7159	8181.9159	8182.2785
2	13	1	1	227	2	2	4	17	1	1	4	1	0.55734393	17	8183.7303	8183.9303	8183.9303	8184.1303	8184.4876
2	13	1	1	228	2	2	4	18	5	2	5	1	0.51925195	18	8185.9471	8186.5471	8186.5471	8186.7471	8187.0664
2	13	1	1	229	2	2	4	19	5	2	5	1	0.55592744	19	8188.5644	8189.1644	8189.1644	8189.3644	8189.7203
2	13	1	1	230	2	2	4	20	2	1	4	1	0.59740823	20	8191.179	8191.379	8191.379	8191.579	8191.9764
2	13	1	1	231	2	2	4	21	4	2	5	1	0.47407336	21	8193.3965	8193.9965	8193.9965	8194.1965	8194.4706
2	13	1	1	232	2	2	4	22	3	1	4	1	0.5608467	22	8196.0139	8196.2139	8196.2139	8196.4139	8196.7747
2	13	1	1	233	2	2	4	23	1	1	4	1	0.53575865	23	8198.2316	8198.4316	8198.4317	8198.6317	8198.9674
2	13	1	1	234	2	2	4	24	2	2	4	1	0.52130336	24	8200.4469	8201.0469	8201.0469	8201.2469	8201.5682
2	13	1	1	235	2	2	4	25	6	1	5	1	0.43849008	25	8203.0649	8203.2649	8203.2649	8203.4649	8203.7034
2	13	1	1	236	2	2	4	26	1	2	4	1	0.49128967	26	8205.2831	8205.8831	8205.8831	8206.0831	8206.3744
2	13	1	1	237	2	2	4	27	2	2	4	1	0.50086978	27	8207.9005	8208.5005	8208.5005	8208.7005	8209.0014
2	13	1	1	238	2	2	4	28	1	2	4	1	0.48524495	28	8210.5157	8211.1157	8211.1157	8211.3157	8211.6009
2	13	1	1	239	2	2	4	29	6	1	5	1	0.51506854	29	8213.1318	8213.3318	8213.3318	8213.5318	8213.8469
2	13	1	1	240	2	2	4	30	5	1	5	1	0.46807334	30	8215.3473	8215.5473	8215.5473	8215.7473	8216.0154
2	13	1	1	241	2	6	5	1	2	2	2	1	0.79078671	31	8245.6432	8246.2432	8246.2432	8246.4432	8247.034
2	13	1	1	242	2	6	5	2	3	1	3	1	0.93569728	32	8248.2617	8248.4617	8248.4617	8248.6617	8249.3974
2	13	1	1	243	2	6	5	3	4	2	6	1	0.58319577	33	8250.4797	8251.0797	8251.0797	8251.2797	8251.6629
2	13	1	1	244	2	6	5	4	3	2	3	1	0.9021233	34	8253.0985	8253.6985	8253.6985	8253.8985	8254.6006
2	13	1	1	245	2	6	5	5	6	1	8	1	1.122003	35	8255.7171	8255.9171	8255.9171	8256.1171	8257.0391
2	13	1	1	246	2	6	5	6	4	1	6	1	0.58459154	36	8257.9341	8258.1341	8258.1341	8258.3341	8258.7187
2	13	1	1	247	2	6	5	7	4	2	6	1	0.68649593	37	8260.1529	8260.7529	8260.7529	8260.9529	8261.4394
2	13	1	1	248	2	6	5	8	6	1	8	1	0.83621314	38	8262.7721	8262.9721	8262.9721	8263.1721	8263.8083
2	13	1	1	249	2	6	5	9	3	2	3	1	0.89876511	39	8264.9904	8265.5904	8265.5904	8265.7904	8266.4892
2	13	1	1	250	2	6	5	10	4	1	6	1	0.77718325	40	8267.6089	8267.8089	8267.8089	8268.0089	8268.5861
2	13	1	1	251	2	6	5	11	6	2	8	1	0.73133012	41	8269.8274	8270.4274	8270.4274	8270.6274	8271.1587
2	13	1	1	252	2	6	5	12	5	2	2	0	0.84952017	41	8272.4463	8273.0463	8273.0463	8273.2463	8273.8958
2	13	1	1	253	2	6	5	13	5	2	7	1	1.3607492	42	8275.0651	8275.6651	8275.6651	8275.8651	8277.0258
2	13	1	1	254	2	6	5	14	1	1	1	1	0.87577459	43	8277.6836	8277.8836	8277.8836	8278.0836	8278.7594
2	13	1	1	255	2	6	5	15	3	1	3	1	0.86651173	44	8279.9021	8280.1021	8280.1021	8280.3021	8280.9686
2	13	1	1	256	2	6	5	16	2	1	2	1	0.8940493	45	8282.1208	8282.3208	8282.3208	8282.5209	8283.2149
2	13	1	1	257	2	6	5	17	1	1	1	1	0.79003542	46	8284.3398	8284.5398	8284.5398	8284.7398	8285.3299
2	13	1	1	258	2	6	5	18	5	2	7	1	1.0964423	47	8286.5597	8287.1597	8287.1597	8287.3597	8288.2562
2	13	1	1	259	2	6	5	19	5	2	7	1	1.1905783	48	8289.179	8289.779	8289.779	8289.979	8290.9696
2	13	1	1	260	2	6	5	20	2	1	2	1	0.94169134	49	8291.7947	8291.9947	8291.9947	8292.1947	8292.9364
2	13	1	1	261	2	6	5	21	4	2	6	1	0.70631082	50	8294.014	8294.614	8294.614	8294.814	8295.3203
2	13	1	1	262	2	6	5	22	3	1	3	1	0.78547205	51	8296.6331	8296.8331	8296.8331	8297.0331	8297.6186
2	13	1	1	263	2	6	5	23	1	1	1	1	0.74130942	52	8298.8524	8299.0524	8299.0524	8299.2524	8299.7937
2	13	1	1	264	2	6	5	24	2	2	2	1	0.88899502	53	8301.0715	8301.6715	8301.6715	8301.8715	8302.5605
2	13	1	1	265	2	6	5	25	6	1	8	1	1.0126216	54	8303.6906	8303.8906	8303.8906	8304.0906	8304.9032
2	13	1	1	266	2	6	5	26	1	2	1	1	0.82017315	55	8305.908	8306.508	8306.5081	8306.7081	8307.3282
2	13	1	1	267	2	6	5	27	2	2	2	1	1.1989998	56	8308.5274	8309.1274	8309.1274	8309.3274	8310.3264
2	13	1	1	268	2	6	5	28	1	2	1	1	0.79090454	57	8311.1467	8311.7467	8311.7467	8311.9467	8312.5376
2	13	1	1	269	2	6	5	29	6	1	8	1	0.72071572	58	8313.7665	8313.9665	8313.9665	8314.1665	8314.6872
2	13	1	1	270	2	6	5	30	5	1	7	1	0.8180053	59	8315.983	8316.183	8316.183	8316.383	8317.001
2	13	1	1	271	2	2	5	1	3	2	4	1	0.48071542	1	8346.2621	8346.8621	8346.8621	8347.0621	8347.3428
2	13	1	1	272	2	2	5	2	2	1	4	1	0.64088774	2	8348.8816	8349.0816	8349.0816	8349.2816	8349.7225
2	13	1	1	273	2	2	5	3	5	2	5	1	0.54886913	3	8351.1013	8351.7013	8351.7013	8351.9013	8352.2501
2	13	1	1	274	2	2	5	4	1	2	4	1	0.50287419	4	8353.7208	8354.3208	8354.3208	8354.5208	8354.8236
2	13	1	1	275	2	2	5	5	6	1	5	1	0.45987691	5	8356.3404	8356.5404	8356.5404	8356.7404	8357.0003
2	13	1	1	276	2	2	5	6	3	1	4	1	0.50995117	6	8358.5603	8358.7603	8358.7603	8358.9603	8359.2702
2	13	1	1	277	2	2	5	7	3	2	4	1	0.54873679	7	8360.7799	8361.3799	8361.3799	8361.5799	8361.9287
2	13	1	1	278	2	2	5	8	1	1	4	1	0.59324231	8	8363.3999	8363.5999	8363.5999	8363.7999	8364.1931
2	13	1	1	279	2	2	5	9	3	2	4	1	0.52452804	9	8365.6193	8366.2193	8366.2193	8366.4193	8366.7438
2	13	1	1	280	2	2	5	10	4	1	5	1	0.48690738	10	8368.2396	8368.4397	8368.4397	8368.6397	8368.9266
2	13	1	1	281	2	2	5	11	5	2	5	1	0.37953962	11	8370.4603	8371.0603	8371.0603	8371.2603	8371.4398
2	13	1	1	282	2	2	5	12	5	2	5	1	0.46211248	12	8373.0807	8373.6807	8373.6807	8373.8807	8374.1428
2	13	1	1	283	2	2	5	13	6	2	5	1	0.47558258	13	8375.6986	8376.2986	8376.2986	8376.4986	8376.7742
2	13	1	1	284	2	2	5	14	6	1	5	1	0.46646055	14	8378.318	8378.518	8378.518	8378.718	8378.9845
2	13	1	1	285	2	2	5	15	2	1	4	1	0.54389451	15	8380.5377	8380.7377	8380.7377	8380.9377	8381.2816
2	13	1	1	286	2	2	5	16	5	1	5	1	0.55703692	16	8382.7553	8382.9553	8382.9553	8383.1553	8383.5124
2	13	1	1	287	2	2	5	17	4	1	5	1	0.48191813	17	8384.9753	8385.1753	8385.1753	8385.3753	8385.6572
2	13	1	1	288	2	2	5	18	2	2	4	1	0.50060387	18	8387.1958	8387.7958	8387.7958	8387.9958	8388.2964
2	13	1	1	289	2	2	5	19	2	2	4	1	0.47380271	19	8389.8132	8390.4132	8390.4132	8390.6132	8390.887
2	13	1	1	290	2	2	5	20	6	1	5	1	0.55418547	20	8392.4316	8392.6316	8392.6316	8392.8316	8393.1858
2	13	1	1	291	2	2	5	21	1	2	4	1	0.57404148	21	8394.6517	8395.2517	8395.2517	8395.4517	8395.8257
2	13	1	1	292	2	2	5	22	4	1	5	1	0.49083298	22	8397.2717	8397.4717	8397.4717	8397.6717	8397.9625
2	13	1	1	293	2	2	5	23	2	1	4	1	0.53074753	23	8399.4929	8399.6929	8399.6929	8399.8929	8400.2236
2	13	1	1	294	2	2	5	24	5	2	5	1	0.50443457	24	8401.7117	8402.3117	8402.3117	8402.5117	8402.8162
2	13	1	1	295	2	2	5	25	6	1	5	1	0.58592377	25	8404.3322	8404.5322	8404.5322	8404.7322	8405.1181
2	13	1	1	296	2	2	5	26	3	2	4	1	0.73536825	26	8406.5533	8407.1533	8407.1533	8407.3533	8407.8887
2	13	1	1	297	2	2	5	27	4	2	5	1	0.55357611	27	8409.1742	8409.7742	8409.7742	8409.9742	8410.3278
2	13	1	1	298	2	2	5	28	1	2	4	1	0.54134642	28	8411.7949	8412.3949	8412.3949	8412.5949	8412.9363
2	13	1	1	299	2	2	5	29	4	1	5	1	0.59378323	29	8414.413	8414.613	8414.613	8414.813	8415.2067
2	13	1	1	300	2	2	5	30	1	1	4	1	0.55042172	30	8416.6339	8416.8339	8416.8339	8417.0339	8417.3843
2	13	1	1	301	2	6	6	1	3	2	3	1	0.86261582	31	8446.9311	8447.5311	8447.5311	8447.7311	8448.3937
2	13	1	1	302	2	6	6	2	2	1	2	1	0.75497438	32	8449.5512	8449.7512	8449.7512	8449.9512	8450.5062
2	13	1	1	303	2	6	6	3	5	2	7	1	1.2049899	33	8451.7719	8452.3719	8452.3719	8452.5719	8453.5769
2	13	1	1	304	2	6	6	4	1	2	1	1	0.74320779	34	8454.393	8454.993	8454.993	8455.193	8455.7362
2	13	1	1	305	2	6	6	5	6	1	8	1	1.3051089	35	8457.0137	8457.2137	8457.2137	8457.4137	8458.5188
2	13	1	1	306	2	6	6	6	3	1	3	1	0.89263071	36	8459.2344	8459.4344	8459.4345	8459.6345	8460.3271
2	13	1	1	307	2	6	6	7	3	2	3	1	0.72090346	37	8461.4554	8462.0555	8462.0555	8462.2555	8462.7764
2	13	1	1	308	2	6	6	8	1	1	1	1	0.8378904	38	8464.0761	8464.2761	8464.2761	8464.4761	8465.114
2	13	1	1	309	2	6	6	9	3	2	3	1	1.4151512	39	8466.297	8466.897	8466.897	8467.097	8468.3121
2	13	1	1	310	2	6	6	10	4	1	6	1	0.8587495	40	8468.9178	8469.1179	8469.1179	8469.3179	8469.9766
2	13	1	1	311	2	6	6	11	5	2	7	1	1.0336057	41	8471.1358	8471.7358	8471.7358	8471.9358	8472.7694
2	13	1	1	312	2	6	6	12	5	2	7	1	0.81241136	42	8473.7563	8474.3563	8474.3563	8474.5563	8475.1687
2	13	1	1	313	2	6	6	13	6	2	8	1	1.2045174	43	8476.3779	8476.9779	8476.9779	8477.1779	8478.1824
2	13	1	1	314	2	6	6	14	6	1	8	1	0.71118635	44	8478.9992	8479.1992	8479.1992	8479.3992	8479.9104
2	13	1	1	315	2	6	6	15	2	1	2	1	1.6922764	45	8481.2206	8481.4206	8481.4206	8481.6206	8483.1129
2	13	1	1	316	2	6	6	16	5	1	7	1	0.92703085	46	8483.4418	8483.6418	8483.6418	8483.8418	8484.5689
2	13	1	1	317	2	6	6	17	4	1	6	1	0.7436686	47	8485.6628	8485.8628	8485.8628	8486.0628	8486.6064
2	13	1	1	318	2	6	6	18	2	2	2	1	0.82672122	48	8487.8841	8488.4841	8488.4841	8488.6841	8489.3108
2	13	1	1	319	2	6	6	19	2	2	2	1	1.5447523	49	8490.5026	8491.1026	8491.1026	8491.3027	8492.6474
2	13	1	1	320	2	6	6	20	6	1	8	1	1.1173802	50	8493.1242	8493.3242	8493.3242	8493.5242	8494.4416
2	13	1	1	321	2	6	6	21	1	2	1	1	0.70672052	51	8495.3426	8495.9426	8495.9426	8496.1426	8496.6493
2	13	1	1	322	2	6	6	22	4	1	6	1	0.78624178	52	8497.9643	8498.1643	8498.1643	8498.3643	8498.9505
2	13	1	1	323	2	6	6	23	2	1	2	1	1.4234515	53	8500.183	8500.383	8500.383	8500.583	8501.8064
2	13	1	1	324	2	6	6	24	5	2	7	1	0.88570161	54	8502.4046	8503.0046	8503.0046	8503.2046	8503.8903
2	13	1	1	325	2	6	6	25	6	1	8	1	0.78294594	55	8505.0262	8505.2262	8505.2262	8505.4262	8506.0092
2	13	1	1	326	2	6	6	26	3	2	3	1	0.84935557	56	8507.245	8507.845	8507.845	8508.045	8508.6943
2	13	1	1	327	2	6	6	27	4	2	6	1	0.68576796	57	8509.8647	8510.4647	8510.4647	8510.6647	8511.1504
2	13	1	1	328	2	6	6	28	1	2	1	1	0.85713765	58	8512.4864	8513.0864	8513.0864	8513.2864	8513.9435
2	13	1	1	329	2	6	6	29	4	1	6	1	0.76435905	59	8515.1078	8515.3078	8515.3078	8515.5078	8516.0722
2	13	1	1	330	2	6	6	30	1	1	2	0	1.2163616	59	8517.3298	8517.5298	8517.5298	8517.7298	8518.7462
2	13	1	1	331	2	2	6	1	2	2	4	1	0.61108772	1	8547.6212	8548.2212	8548.2212	8548.4212	8548.8323
2	13	1	1	332	2	2	6	2	2	1	4	1	0.58238376	2	8550.2439	8550.4439	8550.4439	8550.6439	8551.0263
2	13	1	1	333	2	2	6	3	1	2	4	1	0.51092713	3	8552.4659	8553.0659	8553.0659	8553.2659	8553.5768
2	13	1	1	334	2	2	6	4	2	2	4	1	0.48935255	4	8555.0877	8555.6878	8555.6878	8555.8878	8556.1771
2	13	1	1	335	2	2	6	5	5	1	5	1	0.50395974	5	8557.7103	8557.9103	8557.9103	8558.1103	8558.4143
2	13	1	1	336	2	2	6	6	2	1	4	1	0.53899788	6	8559.9324	8560.1324	8560.1324	8560.3324	8560.6714
2	13	1	1	337	2	2	6	7	4	2	5	1	0.46337344	7	8562.1545	8562.7545	8562.7545	8562.9545	8563.2179
2	13	1	1	338	2	2	6	8	6	1	5	1	0.52236222	8	8564.7737	8564.9737	8564.9737	8565.1737	8565.4961
2	13	1	1	339	2	2	6	9	4	2	5	1	0.50820147	9	8566.9953	8567.5953	8567.5953	8567.7953	8568.1035
2	13	1	1	340	2	2	6	10	3	1	4	1	0.70446325	10	8569.6177	8569.8177	8569.8177	8570.0177	8570.5221
2	13	1	1	341	2	2	6	11	5	2	5	1	0.68738445	11	8571.8393	8572.4393	8572.4393	8572.6393	8573.1267
2	13	1	1	342	2	2	6	12	2	2	4	1	0.54682271	12	8574.4613	8575.0613	8575.0613	8575.2613	8575.6081
2	13	1	1	343	2	2	6	13	1	2	4	1	0.68636128	13	8577.0825	8577.6825	8577.6825	8577.8825	8578.3689
2	13	1	1	344	2	2	6	14	1	1	4	1	0.59663594	14	8579.7056	8579.9056	8579.9056	8580.1056	8580.5022
2	13	1	1	345	2	2	6	15	3	1	4	1	0.4863085	15	8581.928	8582.128	8582.128	8582.328	8582.6143
2	13	1	1	346	2	2	6	16	5	1	5	1	0.8600465	16	8584.1502	8584.3502	8584.3502	8584.5502	8585.2103
2	13	1	1	347	2	2	6	17	6	1	5	1	0.55714473	17	8586.3728	8586.5728	8586.5728	8586.7729	8587.13
2	13	1	1	348	2	2	6	18	6	2	5	1	0.53828396	18	8588.5962	8589.1962	8589.1962	8589.3962	8589.7345
2	13	1	1	349	2	2	6	19	3	2	4	1	0.65690063	19	8591.2189	8591.8189	8591.8189	8592.0189	8592.4758
2	13	1	1	350	2	2	6	20	4	1	5	1	0.47747828	20	8593.8416	8594.0416	8594.0416	8594.2416	8594.519
2	13	1	1	351	2	2	6	21	3	2	4	1	0.60993087	21	8596.0643	8596.6643	8596.6643	8596.8643	8597.2742
2	13	1	1	352	2	2	6	22	1	1	4	1	0.71255936	22	8598.6874	8598.8874	8598.8875	8599.0875	8599.6
2	13	1	1	353	2	2	6	23	6	1	5	1	0.45455858	23	8600.9131	8601.1131	8601.1131	8601.3132	8601.5677
2	13	1	1	354	2	2	6	24	1	2	4	1	0.62279847	24	8603.1365	8603.7366	8603.7366	8603.9366	8604.3594
2	13	1	1	355	2	2	6	25	5	1	5	1	0.41581391	25	8605.7626	8605.9627	8605.9627	8606.1627	8606.3785
2	13	1	1	356	2	2	6	26	4	2	5	1	0.48797031	26	8607.9854	8608.5854	8608.5854	8608.7854	8609.0734
2	13	1	1	357	2	2	6	27	3	2	4	1	0.56331783	27	8610.6055	8611.2055	8611.2055	8611.4055	8611.7688
2	13	1	1	358	2	2	6	28	5	2	5	1	0.46793215	28	8613.2274	8613.8275	8613.8275	8614.0275	8614.2954
2	13	1	1	359	2	2	6	29	4	1	5	1	0.57567629	29	8615.8481	8616.0481	8616.0481	8616.2481	8616.6237
2	13	1	1	360	2	2	6	30	6	1	5	1	0.47885559	30	8618.072	8618.272	8618.272	8618.472	8618.7509
2	13	1	1	361	3	6	7	1	2	2	2	1	1.0900253	31	9689.2464	9689.8464	9689.8464	9690.0464	9690.9364
2	13	1	1	362	3	6	7	2	2	1	2	1	1.0219538	32	9691.8694	9692.0694	9692.0694	9692.2694	9693.0913
2	13	1	1	363	3	6	7	3	1	2	1	1	0.82747455	33	9694.0931	9694.6931	9694.6931	9694.8931	9695.5206
2	13	1	1	364	3	6	7	4	2	2	2	1	0.75584743	34	9696.7159	9697.3159	9697.3159	9697.5159	9698.0717
2	13	1	1	365	3	6	7	5	5	1	6	0	0.87894969	34	9699.3396	9699.5396	9699.5396	9699.7396	9700.4185
2	13	1	1	366	3	6	7	6	2	1	7	0	1.0078496	34	9701.5625	9701.7625	9701.7625	9701.9625	9702.7703
2	13	1	1	367	3	6	7	7	4	2	6	1	0.85392807	35	9703.7861	9704.3861	9704.3861	9704.5861	9705.2401
2	13	1	1	368	3	6	7	8	6	1	8	1	0.8883633	36	9706.4065	9706.6065	9706.6065	9706.8065	9707.4948
2	13	1	1	369	3	6	7	9	4	2	6	1	0.59496579	37	9708.6296	9709.2296	9709.2296	9709.4296	9709.8246
2	13	1	1	370	3	6	7	10	3	1	3	1	0.96186724	38	9711.2563	9711.4563	9711.4563	9711.6563	9712.4181
2	13	1	1	371	3	6	7	11	5	2	7	1	1.0791153	39	9713.4802	9714.0802	9714.0802	9714.2802	9715.1593
2	13	1	1	372	3	6	7	12	2	2	2	1	0.96747834	40	9716.1038	9716.7038	9716.7038	9716.9038	9717.6713
2	13	1	1	373	3	6	7	13	1	2	1	1	0.9132959	41	9718.7282	9719.3282	9719.3282	9719.5282	9720.2415
2	13	1	1	374	3	6	7	14	1	1	1	1	0.87910597	42	9721.3528	9721.5528	9721.5528	9721.7528	9722.4319
2	13	1	1	375	3	6	7	15	3	1	3	1	0.9447326	43	9723.5779	9723.7779	9723.7779	9723.9779	9724.7226
2	13	1	1	376	3	6	7	16	5	1	7	1	0.75875078	44	9725.803	9726.003	9726.003	9726.203	9726.7617
2	13	1	1	377	3	6	7	17	6	1	8	1	1.1326842	45	9728.0266	9728.2266	9728.2266	9728.4266	9729.3593
2	13	1	1	378	3	6	7	18	6	2	8	1	0.75059046	46	9730.2508	9730.8508	9730.8508	9731.0508	9731.6014
2	13	1	1	379	3	6	7	19	3	2	3	1	0.96487644	47	9732.8755	9733.4755	9733.4755	9733.6755	9734.4404
2	13	1	1	380	3	6	7	20	4	1	6	1	0.93256273	48	9735.4992	9735.6992	9735.6992	9735.8992	9736.6317
2	13	1	1	381	3	6	7	21	3	2	3	1	1.0470171	49	9737.7235	9738.3235	9738.3235	9738.5235	9739.3705
2	13	1	1	382	3	6	7	22	1	1	1	1	1.1102645	50	9740.3478	9740.5478	9740.5478	9740.7478	9741.658
2	13	1	1	383	3	6	7	23	6	1	8	1	0.87346101	51	9742.5717	9742.7717	9742.7717	9742.9717	9743.6451
2	13	1	1	384	3	6	7	24	1	2	1	1	0.87502872	52	9744.7951	9745.3951	9745.3951	9745.5951	9746.2701
2	13	1	1	385	3	6	7	25	5	1	7	1	0.83808028	53	9747.4193	9747.6193	9747.6194	9747.8194	9748.4574
2	13	1	1	386	3	6	7	26	4	2	6	1	0.6345089	54	9749.6442	9750.2442	9750.2442	9750.4442	9750.8787
2	13	1	1	387	3	6	7	27	3	2	3	1	1.1742663	55	9752.2679	9752.8679	9752.8679	9753.0679	9754.0421
2	13	1	1	388	3	6	7	28	5	2	7	1	0.94983538	56	9754.8899	9755.4899	9755.4899	9755.6899	9756.4398
2	13	1	1	389	3	6	7	29	4	1	6	1	0.56628366	57	9757.5144	9757.7144	9757.7144	9757.9144	9758.2807
2	13	1	1	390	3	6	7	30	6	1	8	1	1.0110282	58	9759.7395	9759.9395	9759.9395	9760.1395	9760.9505
2	13	1	1	391	3	2	7	1	4	2	5	1	0.61514248	1	9790.0249	9790.6249	9790.6249	9790.8249	9791.2401
2	13	1	1	392	3	2	7	2	1	1	4	1	0.45612844	2	9792.649	9792.849	9792.849	9793.049	9793.3051
2	13	1	1	393	3	2	7	3	4	2	5	1	0.3732361	3	9794.8737	9795.4737	9795.4738	9795.6738	9795.847
2	13	1	1	394	3	2	7	4	1	2	4	1	0.63558915	4	9797.4994	9798.0994	9798.0994	9798.2994	9798.735
2	13	1	1	395	3	2	7	5	3	1	4	1	0.65018414	5	9800.124	9800.324	9800.324	9800.524	9800.9742
2	13	1	1	396	3	2	7	6	5	1	5	1	0.6619477	6	9802.3483	9802.5483	9802.5483	9802.7483	9803.2102
2	13	1	1	397	3	2	7	7	3	2	4	1	0.66025484	7	9804.5727	9805.1727	9805.1727	9805.3727	9805.833
2	13	1	1	398	3	2	7	8	1	1	4	1	1.1468092	8	9807.1973	9807.3973	9807.3973	9807.5973	9808.5441
2	13	1	1	399	3	2	7	9	2	2	4	1	0.53727121	9	9809.422	9810.022	9810.022	9810.2221	9810.5593
2	13	1	1	400	3	2	7	10	6	1	5	1	0.47182772	10	9812.0488	9812.2489	9812.2489	9812.4489	9812.7207
2	13	1	1	401	3	2	7	11	5	2	5	1	0.64734368	11	9814.2742	9814.8742	9814.8742	9815.0742	9815.5215
2	13	1	1	402	3	2	7	12	3	2	4	1	0.93856498	12	9816.9026	9817.5026	9817.5026	9817.7026	9818.4412
2	13	1	1	403	3	2	7	13	6	2	5	1	0.3842024	13	9819.5281	9820.1281	9820.1281	9820.3281	9820.5123
2	13	1	1	404	3	2	7	14	2	1	4	1	0.57309481	14	9822.1531	9822.3531	9822.3531	9822.5531	9822.9262
2	13	1	1	405	3	2	7	15	2	1	4	1	0.63268105	15	9824.3777	9824.5777	9824.5777	9824.7777	9825.2104
2	13	1	1	406	3	2	7	16	5	1	5	1	0.48647699	16	9826.6035	9826.8035	9826.8035	9827.0035	9827.2899
2	13	1	1	407	3	2	7	17	2	1	4	1	0.59464015	17	9828.8292	9829.0292	9829.0292	9829.2292	9829.6238
2	13	1	1	408	3	2	7	18	1	2	4	1	0.55270712	18	9831.0536	9831.6536	9831.6536	9831.8536	9832.2063
2	13	1	1	409	3	2	7	19	3	2	4	1	0.73096508	19	9833.6784	9834.2784	9834.2784	9834.4784	9835.0094
2	13	1	1	410	3	2	7	20	3	1	4	1	0.5920276	20	9836.3032	9836.5032	9836.5032	9836.7032	9837.0953
2	13	1	1	411	3	2	7	21	6	2	5	1	0.47157809	21	9838.5288	9839.1288	9839.1288	9839.3288	9839.6004
2	13	1	1	412	3	2	7	22	6	1	5	1	0.56854989	22	9841.1523	9841.3523	9841.3523	9841.5523	9841.9209
2	13	1	1	413	3	2	7	23	1	1	4	1	0.62874858	23	9843.3771	9843.5771	9843.5771	9843.7771	9844.2059
2	13	1	1	414	3	2	7	24	4	2	5	1	0.5109957	24	9845.6023	9846.2023	9846.2023	9846.4023	9846.7133
2	13	1	1	415	3	2	7	25	4	1	5	1	0.51696435	25	9848.2281	9848.4281	9848.4281	9848.6281	9848.9451
2	13	1	1	416	3	2	7	26	5	2	5	1	0.52468246	26	9850.4537	9851.0537	9851.0537	9851.2537	9851.5784
2	13	1	1	417	3	2	7	27	6	2	5	1	0.40284538	27	9853.0784	9853.6784	9853.6784	9853.8784	9854.0813
2	13	1	1	418	3	2	7	28	4	2	5	1	0.44861562	28	9855.7038	9856.3038	9856.3038	9856.5038	9856.7524
2	13	1	1	419	3	2	7	29	5	1	5	1	0.49265931	29	9858.3297	9858.5297	9858.5297	9858.7297	9859.0223
2	13	1	1	420	3	2	7	30	2	1	4	1	0.74595342	30	9860.5564	9860.7564	9860.7564	9860.9564	9861.5023
2	13	1	1	421	3	6	8	1	4	2	7	1	0.86399708	31	9890.8645	9891.4645	9891.4645	9891.6645	9892.3285
2	13	1	1	422	3	6	8	2	1	1	1	1	0.92526529	32	9893.4907	9893.6907	9893.6907	9893.8907	9894.616
2	13	1	1	423	3	6	8	3	4	2	6	1	0.55665111	33	9895.7161	9896.3161	9896.3161	9896.5161	9896.8727
2	13	1	1	424	3	6	8	4	1	2	1	1	1.2158224	34	9898.3423	9898.9423	9898.9423	9899.1423	9900.1581
2	13	1	1	425	3	6	8	5	3	1	3	1	0.92745892	35	9900.9681	9901.1681	9901.1681	9901.3681	9902.0955
2	13	1	1	426	3	6	8	6	5	1	7	1	0.79640198	36	9903.1953	9903.3954	9903.3954	9903.5954	9904.1918
2	13	1	1	427	3	6	8	7	3	2	3	1	0.81386109	37	9905.4273	9906.0273	9906.0273	9906.2273	9906.8411
2	13	1	1	428	3	6	8	8	1	1	1	1	0.8173974	38	9908.0537	9908.2537	9908.2537	9908.4537	9909.0711
2	13	1	1	429	3	6	8	9	2	2	2	1	1.090512	39	9910.2761	9910.8761	9910.8761	9911.0761	9911.9666
2	13	1	1	430	3	6	8	10	6	1	8	1	1.202299	40	9912.902	9913.102	9913.102	9913.302	9914.3043
2	13	1	1	431	3	6	8	11	5	2	7	1	0.75316078	41	9915.1262	9915.7262	9915.7262	9915.9262	9916.4794
2	13	1	1	432	3	6	8	12	3	2	3	1	0.74469925	42	9917.7525	9918.3525	9918.3525	9918.5525	9919.0972
2	13	1	1	433	3	6	8	13	6	2	8	1	0.82294657	43	9920.3792	9920.9792	9920.9792	9921.1792	9921.8021
2	13	1	1	434	3	6	8	14	2	1	2	1	0.92125106	44	9923.0063	9923.2063	9923.2063	9923.4063	9924.1275
2	13	1	1	435	3	6	8	15	2	1	2	1	0.91083542	45	9925.2352	9925.4352	9925.4352	9925.6352	9926.3461
2	13	1	1	436	3	6	8	16	5	1	7	1	0.78046199	46	9927.458	9927.658	9927.658	9927.858	9928.4384
2	13	1	1	437	3	6	8	17	2	1	2	1	1.0180425	47	9929.6846	9929.8846	9929.8846	9930.0846	9930.9026
2	13	1	1	438	3	6	8	18	1	2	1	1	0.78000829	48	9931.9146	9932.5146	9932.5146	9932.7146	9933.2946
2	13	1	1	439	3	6	8	19	3	2	3	1	0.82561947	49	9934.5424	9935.1424	9935.1424	9935.3424	9935.968
2	13	1	1	440	3	6	8	20	3	1	3	1	1.0495822	50	9937.1672	9937.3672	9937.3672	9937.5672	9938.4168
2	13	1	1	441	3	6	8	21	6	2	8	1	0.88712639	51	9939.3937	9939.9937	9939.9937	9940.1937	9940.8809
2	13	1	1	442	3	6	8	22	6	1	8	1	0.73370965	52	9942.0205	9942.2205	9942.2205	9942.4205	9942.9542
2	13	1	1	443	3	6	8	23	1	1	1	1	0.92952961	53	9944.2466	9944.4466	9944.4466	9944.6466	9945.3762
2	13	1	1	444	3	6	8	24	4	2	6	1	0.67727742	54	9946.4734	9947.0734	9947.0734	9947.2734	9947.7507
2	13	1	1	445	3	6	8	25	4	1	6	1	0.58392087	55	9949.098	9949.298	9949.298	9949.498	9949.8819
2	13	1	1	446	3	6	8	26	5	2	7	1	0.72174688	56	9951.3248	9951.9248	9951.9248	9952.1248	9952.6466
2	13	1	1	447	3	6	8	27	6	2	8	1	0.95274922	57	9953.9516	9954.5516	9954.5516	9954.7516	9955.5043
2	13	1	1	448	3	6	8	28	4	2	6	1	0.50306565	58	9956.5785	9957.1785	9957.1785	9957.3785	9957.6816
2	13	1	1	449	3	6	8	29	5	1	7	1	0.95792427	59	9959.2031	9959.4031	9959.4031	9959.6031	9960.361
2	13	1	1	450	3	6	8	30	2	1	2	1	0.89076201	60	9961.4308	9961.6308	9961.6308	9961.8308	9962.5215
2	13	1	1	451	3	2	8	1	6	2	5	1	0.54023563	1	9991.7241	9992.3241	9992.3241	9992.5241	9992.8643
2	13	1	1	452	3	2	8	2	2	1	4	1	0.47363412	2	9994.3513	9994.5513	9994.5514	9994.7514	9995.025
2	13	1	1	453	3	2	8	3	3	2	4	1	0.52431554	3	9996.5782	9997.1782	9997.1782	9997.3782	9997.7025
2	13	1	1	454	3	2	8	4	4	2	5	1	0.53937012	4	9999.2056	9999.8056	9999.8056	10000.006	10000.345
2	13	1	1	455	3	2	8	5	3	1	4	1	0.55119853	5	10001.833	10002.033	10002.033	10002.233	10002.584
2	13	1	1	456	3	2	8	6	2	1	4	1	0.56442717	6	10004.06	10004.26	10004.26	10004.46	10004.824
2	13	1	1	457	3	2	8	7	2	2	4	1	0.57661413	7	10006.287	10006.887	10006.887	10007.087	10007.463
2	13	1	1	458	3	2	8	8	6	1	5	1	0.43019779	8	10008.914	10009.114	10009.114	10009.314	10009.544
2	13	1	1	459	3	2	8	9	1	2	4	1	0.46801735	9	10011.142	10011.742	10011.742	10011.942	10012.21
2	13	1	1	460	3	2	8	10	6	1	5	1	0.44694502	10	10013.769	10013.969	10013.969	10014.169	10014.416
2	13	1	1	461	3	2	8	11	5	2	5	1	0.57903508	11	10015.996	10016.596	10016.596	10016.796	10017.175
2	13	1	1	462	3	2	8	12	3	2	4	1	0.54347487	12	10018.623	10019.223	10019.223	10019.423	10019.766
2	13	1	1	463	3	2	8	13	4	2	5	1	0.45938791	13	10021.251	10021.851	10021.851	10022.051	10022.31
2	13	1	1	464	3	2	8	14	4	1	5	1	0.45252891	14	10023.876	10024.076	10024.076	10024.276	10024.528
2	13	1	1	465	3	2	8	15	3	1	4	1	0.55385535	15	10026.103	10026.303	10026.303	10026.503	10026.857
2	13	1	1	466	3	2	8	16	1	1	4	1	0.53171757	16	10028.33	10028.53	10028.531	10028.731	10029.062
2	13	1	1	467	3	2	8	17	6	1	5	1	0.42861668	17	10030.556	10030.756	10030.756	10030.956	10031.185
2	13	1	1	468	3	2	8	18	6	2	5	1	0.5095323	18	10032.78	10033.38	10033.381	10033.581	10033.89
2	13	1	1	469	3	2	8	19	5	2	5	1	0.4905231	19	10035.408	10036.008	10036.008	10036.208	10036.498
2	13	1	1	470	3	2	8	20	1	1	4	1	0.5302518	20	10038.036	10038.236	10038.236	10038.436	10038.767
2	13	1	1	471	3	2	8	21	1	2	4	1	0.55068612	21	10040.264	10040.864	10040.864	10041.064	10041.414
2	13	1	1	472	3	2	8	22	5	1	5	1	0.69238569	22	10042.892	10043.092	10043.092	10043.292	10043.784
2	13	1	1	473	3	2	8	23	4	1	5	1	0.57497414	23	10045.12	10045.32	10045.32	10045.52	10045.895
2	13	1	1	474	3	2	8	24	5	2	5	1	0.58852944	24	10047.349	10047.949	10047.949	10048.149	10048.537
2	13	1	1	475	3	2	8	25	1	1	4	1	0.52456207	25	10049.977	10050.177	10050.177	10050.377	10050.701
2	13	1	1	476	3	2	8	26	2	2	4	1	0.5777536	26	10052.205	10052.805	10052.805	10053.005	10053.383
2	13	1	1	477	3	2	8	27	3	2	4	1	0.58037572	27	10054.828	10055.428	10055.428	10055.628	10056.009
2	13	1	1	478	3	2	8	28	4	2	5	1	0.57112368	28	10057.453	10058.053	10058.053	10058.253	10058.624
2	13	1	1	479	3	2	8	29	2	1	4	1	0.61492517	29	10060.081	10060.281	10060.281	10060.481	10060.896
2	13	1	1	480	3	2	8	30	5	1	5	1	0.54646482	30	10062.309	10062.509	10062.509	10062.709	10063.056
2	13	1	1	481	3	6	9	1	6	2	8	1	1.064383	31	10092.614	10093.214	10093.214	10093.414	10094.278
2	13	1	1	482	3	6	9	2	2	1	2	1	0.84719142	32	10095.242	10095.442	10095.442	10095.642	10096.289
2	13	1	1	483	3	6	9	3	3	2	3	1	0.92277221	33	10097.47	10098.07	10098.07	10098.27	10098.993
2	13	1	1	484	3	6	9	4	4	2	6	1	0.74862796	34	10100.098	10100.698	10100.698	10100.898	10101.447
2	13	1	1	485	3	6	9	5	3	1	3	1	0.95249455	35	10102.727	10102.927	10102.927	10103.127	10103.879
2	13	1	1	486	3	6	9	6	2	1	2	1	0.89453359	36	10104.955	10105.155	10105.155	10105.355	10106.05
2	13	1	1	487	3	6	9	7	2	2	2	1	0.58603273	37	10107.184	10107.784	10107.784	10107.984	10108.37
2	13	1	1	488	3	6	9	8	6	1	8	1	0.86117122	38	10109.812	10110.012	10110.012	10110.212	10110.873
2	13	1	1	489	3	6	9	9	1	2	1	1	0.90475116	39	10112.04	10112.64	10112.64	10112.84	10113.545
2	13	1	1	490	3	6	9	10	6	1	8	1	0.88969111	40	10114.669	10114.869	10114.869	10115.069	10115.758
2	13	1	1	491	3	6	9	11	5	2	7	1	0.65385217	41	10116.898	10117.498	10117.498	10117.698	10118.151
2	13	1	1	492	3	6	9	12	3	2	3	1	0.96350799	42	10119.527	10120.127	10120.127	10120.327	10121.09
2	13	1	1	493	3	6	9	13	4	2	6	1	0.61280299	43	10122.194	10122.794	10122.794	10122.994	10123.406
2	13	1	1	494	3	6	9	14	4	1	6	1	0.60617943	44	10124.819	10125.019	10125.019	10125.219	10125.625
2	13	1	1	495	3	6	9	15	3	1	3	1	0.85558475	45	10127.047	10127.247	10127.247	10127.447	10128.103
2	13	1	1	496	3	6	9	16	1	1	1	1	0.79633039	46	10129.276	10129.476	10129.476	10129.676	10130.273
2	13	1	1	497	3	6	9	17	6	1	8	1	0.94115901	47	10131.505	10131.705	10131.705	10131.905	10132.647
2	13	1	1	498	3	6	9	18	6	2	8	1	0.90046417	48	10133.731	10134.331	10134.331	10134.531	10135.232
2	13	1	1	499	3	6	9	19	5	2	7	1	0.91242188	49	10136.359	10136.959	10136.959	10137.159	10137.872
2	13	1	1	500	3	6	9	20	1	1	1	1	0.85943746	50	10138.989	10139.189	10139.189	10139.389	10140.049
2	13	1	1	501	3	6	9	21	1	2	1	1	1.0135709	51	10141.219	10141.819	10141.819	10142.019	10142.832
2	13	1	1	502	3	6	9	22	5	1	7	1	0.87102833	52	10143.848	10144.048	10144.048	10144.248	10144.919
2	13	1	1	503	3	6	9	23	4	1	6	1	0.66549408	53	10146.077	10146.277	10146.277	10146.477	10146.943
2	13	1	1	504	3	6	9	24	5	2	7	1	0.61306202	54	10148.306	10148.906	10148.906	10149.106	10149.519
2	13	1	1	505	3	6	9	25	1	1	1	1	0.78458036	55	10150.933	10151.133	10151.133	10151.333	10151.918
2	13	1	1	506	3	6	9	26	2	2	2	1	0.86234302	56	10153.163	10153.763	10153.763	10153.963	10154.626
2	13	1	1	507	3	6	9	27	3	2	3	1	0.88150878	57	10155.792	10156.392	10156.392	10156.592	10157.273
2	13	1	1	508	3	6	9	28	4	2	6	1	0.64026616	58	10158.422	10159.022	10159.022	10159.222	10159.662
2	13	1	1	509	3	6	9	29	2	1	2	1	1.1838115	59	10161.05	10161.25	10161.25	10161.45	10162.434
2	13	1	1	510	3	6	9	30	5	1	7	1	0.83255469	60	10163.28	10163.48	10163.48	10163.68	10164.312
2	13	1	1	511	3	2	9	1	2	2	4	1	0.52278694	1	10193.574	10194.174	10194.174	10194.374	10194.697
2	13	1	1	512	3	2	9	2	2	1	4	1	0.84702746	2	10196.202	10196.402	10196.402	10196.602	10197.249
2	13	1	1	513	3	2	9	3	6	2	5	1	0.42211691	3	10198.435	10199.035	10199.035	10199.235	10199.457
2	13	1	1	514	3	2	9	4	4	2	5	1	0.41499914	4	10201.064	10201.664	10201.664	10201.864	10202.079
2	13	1	1	515	3	2	9	5	3	1	4	1	0.5603169	5	10203.905	10204.105	10204.105	10204.305	10204.665
2	13	1	1	516	3	2	9	6	5	1	5	1	0.40247979	6	10206.134	10206.334	10206.334	10206.534	10206.736
2	13	1	1	517	3	2	9	7	3	2	4	1	0.41319344	7	10208.363	10208.963	10208.963	10209.163	10209.377
2	13	1	1	518	3	2	9	8	1	1	4	1	0.6064828	8	10210.993	10211.193	10211.193	10211.393	10211.8
2	13	1	1	519	3	2	9	9	4	2	5	1	0.52983485	9	10213.224	10213.824	10213.824	10214.024	10214.354
2	13	1	1	520	3	2	9	10	6	1	5	1	0.48332832	10	10215.854	10216.054	10216.054	10216.254	10216.537
2	13	1	1	521	3	2	9	11	5	2	5	1	0.43648965	11	10218.09	10218.69	10218.69	10218.89	10219.126
2	13	1	1	522	3	2	9	12	6	2	5	1	0.49722115	12	10220.72	10221.32	10221.32	10221.52	10221.817
2	13	1	1	523	3	2	9	13	3	2	4	1	0.60423439	13	10223.349	10223.949	10223.949	10224.149	10224.554
2	13	1	1	524	3	2	9	14	3	1	4	1	0.61953778	14	10225.979	10226.179	10226.179	10226.379	10226.798
2	13	1	1	525	3	2	9	15	6	1	5	1	0.55018871	15	10228.209	10228.409	10228.409	10228.609	10228.959
2	13	1	1	526	3	2	9	16	3	1	4	1	0.52818867	16	10230.439	10230.639	10230.639	10230.839	10231.167
2	13	1	1	527	3	2	9	17	1	1	4	1	0.49896854	17	10232.669	10232.869	10232.869	10233.069	10233.368
2	13	1	1	528	3	2	9	18	6	2	5	1	0.3595727	18	10234.899	10235.499	10235.499	10235.699	10235.858
2	13	1	1	529	3	2	9	19	1	2	4	1	0.54264409	19	10237.529	10238.129	10238.129	10238.329	10238.672
2	13	1	1	530	3	2	9	20	4	1	5	1	0.7037861	20	10240.159	10240.359	10240.359	10240.559	10241.063
2	13	1	1	531	3	2	9	21	5	2	5	1	0.54722579	21	10242.39	10242.99	10242.99	10243.19	10243.538
2	13	1	1	532	3	2	9	22	1	1	4	1	0.62085221	22	10245.02	10245.22	10245.22	10245.42	10245.841
2	13	1	1	533	3	2	9	23	4	1	5	1	0.67817539	23	10247.251	10247.451	10247.451	10247.651	10248.129
2	13	1	1	534	3	2	9	24	5	2	5	1	0.55242968	24	10249.481	10250.081	10250.082	10250.282	10250.634
2	13	1	1	535	3	2	9	25	5	1	5	1	0.60825753	25	10252.112	10252.312	10252.312	10252.512	10252.92
2	13	1	1	536	3	2	9	26	2	2	4	1	0.49140535	26	10254.341	10254.941	10254.941	10255.141	10255.433
2	13	1	1	537	3	2	9	27	2	2	4	1	0.56358865	27	10256.973	10257.573	10257.573	10257.773	10258.137
2	13	1	1	538	3	2	9	28	4	2	5	1	0.60290697	28	10259.605	10260.205	10260.205	10260.405	10260.808
2	13	1	1	539	3	2	9	29	2	1	4	1	0.55650471	29	10262.235	10262.435	10262.435	10262.635	10262.992
2	13	1	1	540	3	2	9	30	1	1	4	1	0.64381312	30	10264.466	10264.666	10264.666	10264.866	10265.31
2	13	1	1	541	4	6	10	1	2	2	2	1	0.75320298	31	10832.113	10832.713	10832.713	10832.913	10833.466
2	13	1	1	542	4	6	10	2	2	1	2	1	0.86321658	32	10834.744	10834.944	10834.944	10835.144	10835.807
2	13	1	1	543	4	6	10	3	6	2	8	1	0.7756043	33	10836.974	10837.574	10837.574	10837.774	10838.35
2	13	1	1	544	4	6	10	4	4	2	6	1	0.58002138	34	10839.605	10840.205	10840.205	10840.405	10840.785
2	13	1	1	545	4	6	10	5	3	1	3	1	0.90904422	35	10842.235	10842.435	10842.435	10842.635	10843.345
2	13	1	1	546	4	6	10	6	5	1	7	1	0.68472933	36	10844.468	10844.668	10844.668	10844.868	10845.353
2	13	1	1	547	4	6	10	7	3	2	3	1	0.82987423	37	10846.699	10847.299	10847.299	10847.499	10848.129
2	13	1	1	548	4	6	10	8	1	1	1	1	0.90232963	38	10849.33	10849.53	10849.53	10849.73	10850.433
2	13	1	1	549	4	6	10	9	4	2	6	1	0.67288178	39	10851.561	10852.161	10852.161	10852.361	10852.834
2	13	1	1	550	4	6	10	10	6	1	8	1	0.77693801	40	10854.193	10854.393	10854.393	10854.593	10855.17
2	13	1	1	551	4	6	10	11	5	2	7	1	0.76179982	41	10856.424	10857.024	10857.024	10857.224	10857.786
2	13	1	1	552	4	6	10	12	6	2	8	1	0.83355356	42	10859.056	10859.656	10859.656	10859.856	10860.49
2	13	1	1	553	4	6	10	13	3	2	3	1	1.0791242	43	10861.687	10862.287	10862.287	10862.487	10863.367
2	13	1	1	554	4	6	10	14	3	1	8	0	1.3060929	43	10864.319	10864.519	10864.519	10864.719	10865.825
2	13	1	1	555	4	6	10	15	6	1	8	1	1.6126162	44	10866.55	10866.75	10866.75	10866.95	10868.362
2	13	1	1	556	4	6	10	16	3	1	3	1	1.3869549	45	10868.78	10868.98	10868.98	10869.18	10870.367
2	13	1	1	557	4	6	10	17	1	1	1	1	0.91801635	46	10871.011	10871.211	10871.211	10871.411	10872.129
2	13	1	1	558	4	6	10	18	6	2	8	1	0.96040026	47	10873.242	10873.842	10873.842	10874.042	10874.803
2	13	1	1	559	4	6	10	19	1	2	1	1	1.7893227	48	10875.873	10876.473	10876.473	10876.673	10878.263
2	13	1	1	560	4	6	10	20	4	1	6	1	0.74279972	49	10878.504	10878.704	10878.704	10878.904	10879.447
2	13	1	1	561	4	6	10	21	5	2	7	1	1.0156504	50	10880.736	10881.336	10881.336	10881.536	10882.351
2	13	1	1	562	4	6	10	22	1	1	1	1	0.99426406	51	10883.367	10883.567	10883.567	10883.767	10884.561
2	13	1	1	563	4	6	10	23	4	1	6	1	0.68483366	52	10885.595	10885.795	10885.795	10885.995	10886.48
2	13	1	1	564	4	6	10	24	5	2	7	1	0.76665603	53	10887.824	10888.424	10888.424	10888.624	10889.191
2	13	1	1	565	4	6	10	25	5	1	7	1	0.7633053	54	10890.455	10890.655	10890.655	10890.855	10891.419
2	13	1	1	566	4	6	10	26	2	2	2	1	1.2317903	55	10892.687	10893.287	10893.287	10893.487	10894.519
2	13	1	1	567	4	6	10	27	2	2	2	1	1.0014938	56	10895.319	10895.919	10895.919	10896.119	10896.92
2	13	1	1	568	4	6	10	28	4	2	6	1	0.71067896	57	10897.954	10898.554	10898.554	10898.754	10899.264
2	13	1	1	569	4	6	10	29	2	1	2	1	0.85258863	58	10900.587	10900.787	10900.787	10900.987	10901.64
2	13	1	1	570	4	6	10	30	1	1	1	1	1.1680809	59	10902.817	10903.017	10903.017	10903.217	10904.185
2	13	1	1	571	4	2	10	1	5	2	5	1	0.5048883	1	10933.114	10933.714	10933.714	10933.914	10934.219
2	13	1	1	572	4	2	10	2	2	1	4	1	0.56039965	2	10935.745	10935.945	10935.945	10936.145	10936.506
2	13	1	1	573	4	2	10	3	2	2	4	1	0.54393089	3	10937.977	10938.577	10938.577	10938.777	10939.121
2	13	1	1	574	4	2	10	4	4	2	5	1	0.4427863	4	10940.605	10941.205	10941.205	10941.405	10941.648
2	13	1	1	575	4	2	10	5	5	1	5	1	0.54537466	5	10943.237	10943.437	10943.437	10943.637	10943.982
2	13	1	1	576	4	2	10	6	5	1	5	1	0.47291783	6	10945.469	10945.669	10945.669	10945.869	10946.142
2	13	1	1	577	4	2	10	7	6	2	5	1	0.40454505	7	10947.702	10948.302	10948.302	10948.502	10948.706
2	13	1	1	578	4	2	10	8	5	1	5	1	0.47184622	8	10950.335	10950.535	10950.535	10950.735	10951.007
2	13	1	1	579	4	2	10	9	4	2	5	1	0.46405538	9	10952.568	10953.168	10953.168	10953.368	10953.632
2	13	1	1	580	4	2	10	10	3	1	4	1	0.62794492	10	10955.205	10955.405	10955.405	10955.605	10956.033
2	13	1	1	581	4	2	10	11	5	2	5	1	0.36410754	11	10957.438	10958.038	10958.038	10958.238	10958.402
2	13	1	1	582	4	2	10	12	3	2	4	1	0.60796635	12	10960.074	10960.674	10960.674	10960.874	10961.282
2	13	1	1	583	4	2	10	13	3	2	4	1	0.61966216	13	10962.707	10963.307	10963.307	10963.507	10963.926
2	13	1	1	584	4	2	10	14	6	1	5	1	0.51823081	14	10965.339	10965.539	10965.539	10965.739	10966.057
2	13	1	1	585	4	2	10	15	2	1	4	1	0.59529868	15	10967.572	10967.772	10967.772	10967.972	10968.367
2	13	1	1	586	4	2	10	16	4	1	5	1	0.58784719	16	10969.804	10970.004	10970.004	10970.204	10970.592
2	13	1	1	587	4	2	10	17	4	1	5	1	0.48524593	17	10972.034	10972.234	10972.234	10972.434	10972.719
2	13	1	1	588	4	2	10	18	2	2	4	1	0.73285686	18	10974.267	10974.867	10974.867	10975.067	10975.6
2	13	1	1	589	4	2	10	19	2	2	4	1	1.3472319	19	10976.901	10977.501	10977.501	10977.701	10978.848
2	13	1	1	590	4	2	10	20	6	1	5	1	0.53220134	20	10979.533	10979.733	10979.733	10979.933	10980.265
2	13	1	1	591	4	2	10	21	1	2	4	1	0.61770487	21	10981.766	10982.366	10982.366	10982.566	10982.984
2	13	1	1	592	4	2	10	22	3	1	4	1	0.68971054	22	10984.4	10984.6	10984.6	10984.8	10985.289
2	13	1	1	593	4	2	10	23	1	1	4	1	0.68818418	23	10986.633	10986.833	10986.833	10987.033	10987.521
2	13	1	1	594	4	2	10	24	1	2	4	1	0.58123411	24	10988.866	10989.466	10989.466	10989.666	10990.047
2	13	1	1	595	4	2	10	25	1	1	4	1	0.81522575	25	10991.499	10991.699	10991.699	10991.899	10992.514
2	13	1	1	596	4	2	10	26	3	2	4	1	0.61067876	26	10993.732	10994.332	10994.332	10994.532	10994.942
2	13	1	1	597	4	2	10	27	6	2	5	1	0.7390636	27	10996.365	10996.965	10996.965	10997.165	10997.704
2	13	1	1	598	4	2	10	28	6	2	5	1	0.81842593	28	10998.999	10999.599	10999.599	10999.799	11000.417
2	13	1	1	599	4	2	10	29	4	1	5	1	0.91210815	29	11001.632	11001.832	11001.832	11002.032	11002.744
2	13	1	1	600	4	2	10	30	1	1	4	1	0.50432076	30	11003.865	11004.065	11004.065	11004.265	11004.569
2	13	1	1	601	4	6	11	1	5	2	7	1	1.0557212	31	11034.184	11034.784	11034.784	11034.984	11035.84
2	13	1	1	602	4	6	11	2	2	1	2	1	0.88867785	32	11036.817	11037.017	11037.017	11037.217	11037.906
2	13	1	1	603	4	6	11	3	2	2	2	1	0.71066921	33	11039.05	11039.65	11039.65	11039.85	11040.361
2	13	1	1	604	4	6	11	4	4	2	6	1	0.66825266	34	11041.683	11042.283	11042.283	11042.483	11042.952
2	13	1	1	605	4	6	11	5	5	1	7	1	0.85315202	35	11044.315	11044.515	11044.515	11044.715	11045.368
2	13	1	1	606	4	6	11	6	5	1	7	1	0.8440019	36	11046.549	11046.749	11046.749	11046.949	11047.593
2	13	1	1	607	4	6	11	7	6	2	8	1	0.73152708	37	11048.78	11049.38	11049.38	11049.58	11050.111
2	13	1	1	608	4	6	11	8	5	1	7	1	0.67439118	38	11051.414	11051.614	11051.614	11051.814	11052.288
2	13	1	1	609	4	6	11	9	4	2	6	1	0.68601278	39	11053.644	11054.244	11054.244	11054.444	11054.93
2	13	1	1	610	4	6	11	10	3	1	3	1	0.8587033	40	11056.277	11056.477	11056.477	11056.677	11057.336
2	13	1	1	611	4	6	11	11	5	2	7	1	0.78567038	41	11058.511	11059.111	11059.111	11059.311	11059.897
2	13	1	1	612	4	6	11	12	3	2	3	1	0.87481417	42	11061.152	11061.752	11061.752	11061.952	11062.626
2	13	1	1	613	4	6	11	13	3	2	3	1	0.83386094	43	11063.783	11064.383	11064.383	11064.583	11065.217
2	13	1	1	614	4	6	11	14	6	1	8	1	1.1449919	44	11066.416	11066.616	11066.616	11066.816	11067.761
2	13	1	1	615	4	6	11	15	2	1	2	1	1.4521491	45	11068.65	11068.85	11068.85	11069.05	11070.302
2	13	1	1	616	4	6	11	16	4	1	6	1	0.59904695	46	11070.883	11071.083	11071.083	11071.283	11071.682
2	13	1	1	617	4	6	11	17	4	1	6	1	0.64362877	47	11073.118	11073.318	11073.318	11073.518	11073.962
2	13	1	1	618	4	6	11	18	2	2	2	1	0.83204975	48	11075.359	11075.959	11075.959	11076.159	11076.791
2	13	1	1	619	4	6	11	19	2	2	2	1	0.90255958	49	11077.994	11078.594	11078.594	11078.794	11079.496
2	13	1	1	620	4	6	11	20	6	1	8	1	1.2537834	50	11080.627	11080.827	11080.827	11081.027	11082.081
2	13	1	1	621	4	6	11	21	1	2	1	1	0.84209435	51	11082.86	11083.46	11083.46	11083.66	11084.303
2	13	1	1	622	4	6	11	22	3	1	3	1	1.0737278	52	11085.494	11085.694	11085.694	11085.894	11086.768
2	13	1	1	623	4	6	11	23	1	1	1	1	0.89649342	53	11087.73	11087.93	11087.93	11088.13	11088.826
2	13	1	1	624	4	6	11	24	1	2	1	1	0.68452782	54	11089.965	11090.565	11090.565	11090.765	11091.249
2	13	1	1	625	4	6	11	25	1	1	1	1	0.64446742	55	11092.602	11092.802	11092.802	11093.003	11093.447
2	13	1	1	626	4	6	11	26	3	2	3	1	0.86136041	56	11094.837	11095.437	11095.437	11095.637	11096.298
2	13	1	1	627	4	6	11	27	6	2	8	1	0.87800614	57	11097.473	11098.073	11098.073	11098.273	11098.951
2	13	1	1	628	4	6	11	28	6	2	8	1	0.75347207	58	11100.104	11100.704	11100.704	11100.904	11101.458
2	13	1	1	629	4	6	11	29	4	1	6	1	0.73862777	59	11102.741	11102.941	11102.941	11103.141	11103.679
2	13	1	1	630	4	6	11	30	1	1	1	1	0.78166599	60	11104.978	11105.178	11105.178	11105.378	11105.96
2	13	1	1	631	4	2	11	1	2	2	4	1	0.5343618	1	11135.273	11135.873	11135.873	11136.073	11136.408
2	13	1	1	632	4	2	11	2	4	1	5	1	0.62670854	2	11137.909	11138.109	11138.109	11138.309	11138.736
2	13	1	1	633	4	2	11	3	5	2	5	1	0.65713686	3	11140.143	11140.743	11140.743	11140.943	11141.4
2	13	1	1	634	4	2	11	4	1	2	4	1	0.56720968	4	11142.779	11143.379	11143.379	11143.579	11143.946
2	13	1	1	635	4	2	11	5	6	1	5	1	0.54682777	5	11145.413	11145.613	11145.613	11145.814	11146.16
2	13	1	1	636	4	2	11	6	4	1	5	1	0.48672379	6	11147.648	11147.848	11147.848	11148.048	11148.335
2	13	1	1	637	4	2	11	7	6	2	5	1	0.53252595	7	11149.883	11150.483	11150.483	11150.683	11151.016
2	13	1	1	638	4	2	11	8	1	1	4	1	0.63582323	8	11152.515	11152.715	11152.715	11152.915	11153.35
2	13	1	1	639	4	2	11	9	3	2	4	1	0.61783647	9	11154.749	11155.349	11155.349	11155.549	11155.966
2	13	1	1	640	4	2	11	10	4	1	5	1	0.49143625	10	11157.38	11157.58	11157.58	11157.78	11158.071
2	13	1	1	641	4	2	11	11	3	2	4	1	0.59044254	11	11159.616	11160.216	11160.216	11160.416	11160.807
2	13	1	1	642	4	2	11	12	5	2	5	1	0.51439402	12	11162.251	11162.851	11162.851	11163.051	11163.366
2	13	1	1	643	4	2	11	13	6	2	5	1	0.59891963	13	11164.887	11165.487	11165.487	11165.687	11166.086
2	13	1	1	644	4	2	11	14	1	1	4	1	0.59800998	14	11167.521	11167.721	11167.722	11167.922	11168.32
2	13	1	1	645	4	2	11	15	5	1	5	1	0.55672124	15	11169.757	11169.957	11169.957	11170.157	11170.513
2	13	1	1	646	4	2	11	16	3	1	4	1	0.6031015	16	11171.996	11172.196	11172.196	11172.396	11172.799
2	13	1	1	647	4	2	11	17	4	1	5	1	0.58466727	17	11174.233	11174.433	11174.433	11174.633	11175.018
2	13	1	1	648	4	2	11	18	2	2	4	1	0.67765255	18	11176.468	11177.068	11177.068	11177.268	11177.745
2	13	1	1	649	4	2	11	19	6	2	5	1	0.46548369	19	11179.101	11179.701	11179.701	11179.901	11180.166
2	13	1	1	650	4	2	11	20	5	1	5	1	0.55690469	20	11181.738	11181.938	11181.938	11182.138	11182.495
2	13	1	1	651	4	2	11	21	5	2	5	1	0.69714405	21	11183.977	11184.577	11184.577	11184.777	11185.274
2	13	1	1	652	4	2	11	22	1	1	4	1	0.55669511	22	11186.612	11186.813	11186.813	11187.013	11187.369
2	13	1	1	653	4	2	11	23	3	1	4	1	0.65053052	23	11188.847	11189.047	11189.047	11189.247	11189.698
2	13	1	1	654	4	2	11	24	1	2	4	1	0.68120202	24	11191.097	11191.697	11191.697	11191.897	11192.379
2	13	1	1	655	4	2	11	25	2	1	4	1	0.73837641	25	11193.733	11193.933	11193.933	11194.133	11194.671
2	13	1	1	656	4	2	11	26	6	2	5	1	0.67150575	26	11195.967	11196.567	11196.567	11196.767	11197.239
2	13	1	1	657	4	2	11	27	4	2	5	1	0.81495406	27	11198.607	11199.207	11199.207	11199.407	11200.022
2	13	1	1	658	4	2	11	28	3	2	4	1	0.65247239	28	11201.242	11201.842	11201.842	11202.042	11202.495
2	13	1	1	659	4	2	11	29	2	1	6	1	1.2912721	29	11203.877	11204.077	11204.077	11204.277	11205.368
2	13	1	1	660	4	2	11	30	2	1	4	1	0.53714006	30	11206.117	11206.317	11206.317	11206.517	11206.854
2	13	1	1	661	4	6	12	1	2	2	2	1	0.79315982	31	11236.433	11237.033	11237.033	11237.233	11237.826
2	13	1	1	662	4	6	12	2	4	1	6	1	0.5571113	32	11239.076	11239.276	11239.276	11239.476	11239.833
2	13	1	1	663	4	6	12	3	5	2	7	1	0.68227197	33	11241.312	11241.912	11241.912	11242.112	11242.594
2	13	1	1	664	4	6	12	4	1	2	1	1	0.84227551	34	11243.944	11244.544	11244.544	11244.744	11245.386
2	13	1	1	665	4	6	12	5	6	1	8	1	0.836555	35	11246.58	11246.78	11246.78	11246.98	11247.616
2	13	1	1	666	4	6	12	6	4	1	6	1	0.671754	36	11248.816	11249.016	11249.016	11249.216	11249.687
2	13	1	1	667	4	6	12	7	6	2	8	1	0.8780029	37	11251.052	11251.652	11251.652	11251.852	11252.53
2	13	1	1	668	4	6	12	8	1	1	1	1	0.87156204	38	11253.689	11253.889	11253.889	11254.089	11254.76
2	13	1	1	669	4	6	12	9	3	2	3	1	0.85030687	39	11255.928	11256.528	11256.528	11256.728	11257.378
2	13	1	1	670	4	6	12	10	4	1	6	1	0.57281633	40	11258.567	11258.767	11258.767	11258.967	11259.34
2	13	1	1	671	4	6	12	11	3	2	3	1	0.78056151	41	11260.803	11261.403	11261.403	11261.603	11262.183
2	13	1	1	672	4	6	12	12	5	2	7	1	1.0400602	42	11263.439	11264.039	11264.039	11264.239	11265.079
2	13	1	1	673	4	6	12	13	6	2	3	0	1.5577016	42	11266.074	11266.674	11266.674	11266.874	11268.232
2	13	1	1	674	4	6	12	14	1	1	1	1	1.5072034	43	11268.71	11268.91	11268.91	11269.11	11270.417
2	13	1	1	675	4	6	12	15	5	1	7	1	1.0454403	44	11270.946	11271.146	11271.146	11271.346	11272.191
2	13	1	1	676	4	6	12	16	3	1	3	1	1.2162121	45	11273.191	11273.391	11273.391	11273.591	11274.607
2	13	1	1	677	4	6	12	17	4	1	6	1	0.72240573	46	11275.428	11275.628	11275.628	11275.828	11276.351
2	13	1	1	678	4	6	12	18	2	2	2	1	1.0425394	47	11277.661	11278.261	11278.261	11278.461	11279.304
2	13	1	1	679	4	6	12	19	6	2	8	1	0.79741678	48	11280.297	11280.897	11280.897	11281.097	11281.695
2	13	1	1	680	4	6	12	20	5	1	7	1	1.1688197	49	11282.936	11283.136	11283.136	11283.336	11284.305
2	13	1	1	681	4	6	12	21	5	2	7	1	0.64373214	50	11285.172	11285.772	11285.772	11285.972	11286.416
2	13	1	1	682	4	6	12	22	1	1	1	1	1.3163517	51	11287.81	11288.01	11288.01	11288.21	11289.326
2	13	1	1	683	4	6	12	23	3	1	3	1	0.97897577	52	11290.046	11290.246	11290.246	11290.446	11291.225
2	13	1	1	684	4	6	12	24	1	2	1	1	0.88828323	53	11292.282	11292.882	11292.882	11293.082	11293.771
2	13	1	1	685	4	6	12	25	2	1	2	1	1.7933883	54	11294.918	11295.118	11295.118	11295.318	11296.912
2	13	1	1	686	4	6	12	26	6	2	8	1	1.7862579	55	11297.157	11297.757	11297.757	11297.957	11299.544
2	13	1	1	687	4	6	12	27	4	2	6	1	0.82824592	56	11299.795	11300.395	11300.395	11300.595	11301.224
2	13	1	1	688	4	6	12	28	3	2	3	1	1.3515348	57	11302.433	11303.033	11303.033	11303.233	11304.385
2	13	1	1	689	4	6	12	29	2	1	2	1	1.2842752	58	11305.074	11305.274	11305.274	11305.474	11306.559
2	13	1	1	690	4	6	12	30	2	1	2	1	0.80251177	59	11307.31	11307.51	11307.51	11307.71	11308.313
2	13	1	1	691	4	2	12	1	2	2	4	1	0.68256039	1	11337.613	11338.213	11338.213	11338.413	11338.896
2	13	1	1	692	4	2	12	2	4	1	5	1	0.54381736	2	11340.25	11340.45	11340.45	11340.65	11340.994
2	13	1	1	693	4	2	12	3	5	2	5	1	0.42684477	3	11342.486	11343.086	11343.086	11343.286	11343.513
2	13	1	1	694	4	2	12	4	3	2	4	1	0.49685081	4	11345.127	11345.727	11345.727	11345.927	11346.224
2	13	1	1	695	4	2	12	5	1	1	4	1	0.47350712	5	11347.765	11347.965	11347.965	11348.165	11348.439
2	13	1	1	696	4	2	12	6	4	1	5	1	0.42009596	6	11350.002	11350.202	11350.202	11350.402	11350.622
2	13	1	1	697	4	2	12	7	6	2	5	1	0.50546104	7	11352.24	11352.84	11352.84	11353.04	11353.346
2	13	1	1	698	4	2	12	8	6	1	5	1	0.42502507	8	11354.877	11355.077	11355.077	11355.277	11355.502
2	13	1	1	699	4	2	12	9	2	2	4	1	0.4940399	9	11357.115	11357.715	11357.715	11357.915	11358.209
2	13	1	1	700	4	2	12	10	5	1	5	1	0.41072796	10	11359.752	11359.952	11359.952	11360.152	11360.363
2	13	1	1	701	4	2	12	11	4	2	5	1	0.39577555	11	11361.989	11362.589	11362.589	11362.789	11362.985
2	13	1	1	702	4	2	12	12	3	2	4	1	0.61251913	12	11364.626	11365.226	11365.226	11365.426	11365.838
2	13	1	1	703	4	2	12	13	3	2	4	1	0.57892043	13	11367.263	11367.863	11367.863	11368.063	11368.442
2	13	1	1	704	4	2	12	14	5	1	5	1	0.74701527	14	11369.901	11370.101	11370.101	11370.301	11370.848
2	13	1	1	705	4	2	12	15	2	1	4	1	0.62314022	15	11372.139	11372.339	11372.339	11372.539	11372.962
2	13	1	1	706	4	2	12	16	6	1	5	1	0.59799707	16	11374.379	11374.579	11374.579	11374.779	11375.177
2	13	1	1	707	4	2	12	17	3	1	4	1	0.58480111	17	11376.618	11376.818	11376.818	11377.018	11377.402
2	13	1	1	708	4	2	12	18	3	2	4	1	0.47921749	18	11378.859	11379.459	11379.459	11379.659	11379.938
2	13	1	1	709	4	2	12	19	1	2	4	1	0.56624077	19	11381.497	11382.097	11382.097	11382.297	11382.663
2	13	1	1	710	4	2	12	20	4	1	5	1	0.56972098	20	11384.134	11384.334	11384.334	11384.534	11384.904
2	13	1	1	711	4	2	12	21	5	2	5	1	0.59684128	21	11386.372	11386.972	11386.972	11387.172	11387.568
2	13	1	1	712	4	2	12	22	6	1	5	1	0.61225085	22	11389.011	11389.211	11389.211	11389.411	11389.823
2	13	1	1	713	4	2	12	23	2	1	4	1	0.60941233	23	11391.248	11391.448	11391.448	11391.648	11392.057
2	13	1	1	714	4	2	12	24	5	2	5	1	0.51351866	24	11393.485	11394.085	11394.085	11394.285	11394.599
2	13	1	1	715	4	2	12	25	1	1	4	1	0.51913466	25	11396.127	11396.327	11396.327	11396.527	11396.846
2	13	1	1	716	4	2	12	26	1	2	4	1	0.58608431	26	11398.365	11398.965	11398.965	11399.165	11399.551
2	13	1	1	717	4	2	12	27	6	2	5	1	0.54763149	27	11401.003	11401.603	11401.603	11401.803	11402.151
2	13	1	1	718	4	2	12	28	4	2	5	1	0.49662405	28	11403.639	11404.239	11404.239	11404.439	11404.735
2	13	1	1	719	4	2	12	29	1	1	4	1	0.64173388	29	11406.277	11406.477	11406.477	11406.677	11407.119
2	13	1	1	720	4	2	12	30	2	1	4	1	0.58252012	30	11408.522	11408.722	11408.722	11408.922	11409.304
