48	255	65	30	151	119	220	36	0	0	0	0	0	0	0	0	0	0	0	0
1	17	1	1	1	1	6	1	1	4	2	6	1	0.65098329	1	6153.9125	6154.5126	6154.5128	6154.713	6155.1638
1	17	1	1	2	1	6	1	2	1	2	1	1	0.75588101	2	6156.5291	6157.1292	6157.1293	6157.3296	6157.8852
1	17	1	1	3	1	6	1	3	5	1	7	1	0.61972964	3	6159.1371	6159.3372	6159.3372	6159.5372	6159.9569
1	17	1	1	4	1	6	1	4	3	1	3	1	0.58610521	4	6161.3446	6161.5446	6161.5446	6161.7447	6162.1307
1	17	1	1	5	1	6	1	5	6	2	8	1	0.46065401	5	6163.5521	6164.1522	6164.1522	6164.3522	6164.6129
1	17	1	1	6	1	6	1	6	4	2	1	0	0.6274983	5	6166.1592	6166.7592	6166.7592	6166.9592	6167.3867
1	17	1	1	7	1	6	1	7	5	2	7	1	0.79254201	6	6169.0724	6169.6724	6169.6724	6169.8724	6170.4649
1	17	1	1	8	1	6	1	8	3	2	3	1	0.95481714	7	6171.6797	6172.2797	6172.2797	6172.4797	6173.2345
1	17	1	1	9	1	6	1	9	2	2	2	1	0.83483823	8	6174.2867	6174.8867	6174.8867	6175.0867	6175.7215
1	17	1	1	10	1	6	1	10	5	2	7	1	1.0262633	9	6176.8973	6177.4973	6177.4973	6177.6974	6178.5236
1	17	1	1	11	1	6	1	11	6	2	8	1	0.521229	10	6179.5042	6180.1042	6180.1042	6180.3043	6180.6254
1	17	1	1	12	1	6	1	12	2	2	2	1	1.8185947	11	6182.111	6182.711	6182.711	6182.911	6184.5296
1	17	1	1	13	1	6	1	13	6	1	8	1	1.1798864	12	6184.7183	6184.9183	6184.9183	6185.1184	6186.0982
1	17	1	1	14	1	6	1	14	1	2	1	1	0.68460439	13	6186.9256	6187.5256	6187.5256	6187.7256	6188.2102
1	17	1	1	15	1	6	1	15	3	2	6	0	1.8691093	13	6189.5327	6190.1327	6190.1328	6190.3328	6192.0019
1	17	1	1	16	1	6	1	16	1	1	1	1	0.92613165	14	6192.4538	6192.6538	6192.6538	6192.8538	6193.5799
1	17	1	1	17	1	6	1	17	4	1	6	1	0.60380572	15	6194.6612	6194.8612	6194.8612	6195.0612	6195.465
1	17	1	1	18	1	6	1	18	1	1	6	0	0.72472267	15	6196.8707	6197.0707	6197.0707	6197.2707	6197.7954
1	17	1	1	19	1	6	1	19	1	1	1	1	0.6757427	16	6199.3895	6199.5895	6199.5895	6199.7896	6200.2652
1	17	1	1	20	1	6	1	20	5	1	2	0	1.1428781	16	6201.5971	6201.7971	6201.7972	6201.9972	6202.94
1	17	1	1	21	1	6	1	21	2	1	2	1	0.97135247	17	6204.1194	6204.3195	6204.3195	6204.5195	6205.2909
1	17	1	1	22	1	6	1	22	6	1	3	0	1.1548327	17	6206.327	6206.5271	6206.5271	6206.7271	6207.6819
1	17	1	1	23	1	6	1	23	4	1	1	0	1.0135638	17	6208.8381	6209.0381	6209.0381	6209.2381	6210.0517
1	17	1	1	24	1	6	1	24	6	2	8	1	1.2474316	18	6211.355	6211.955	6211.955	6212.155	6213.2024
1	17	1	1	25	1	6	1	25	2	1	2	1	1.0093129	19	6213.9628	6214.1628	6214.1628	6214.3628	6215.1721
1	17	1	1	26	1	6	1	26	3	1	2	0	0.68840477	19	6216.169	6216.369	6216.369	6216.569	6217.0574
1	17	1	1	27	1	6	1	27	2	1	2	1	0.66491987	20	6218.6911	6218.8911	6218.8911	6219.0911	6219.556
1	17	1	1	28	1	6	1	28	5	1	7	1	0.86455775	21	6220.8987	6221.0987	6221.0987	6221.2987	6221.9632
1	17	1	1	29	1	6	1	29	4	2	6	1	0.65764283	22	6223.1068	6223.7068	6223.7069	6223.9069	6224.3646
1	17	1	1	30	1	6	1	30	3	2	3	1	0.79672889	23	6225.7164	6226.3164	6226.3164	6226.5164	6227.1132
1	17	1	1	31	1	2	1	1	1	2	4	1	0.51809522	1	6241.9632	6242.5633	6242.5634	6242.7635	6243.0815
1	17	1	1	32	1	2	1	2	3	2	4	1	0.49910287	2	6244.5755	6245.1755	6245.1755	6245.3756	6245.6747
1	17	1	1	33	1	2	1	3	4	1	5	1	0.45107771	3	6247.1854	6247.3854	6247.3855	6247.5855	6247.8366
1	17	1	1	34	1	2	1	4	2	1	4	1	0.40200985	4	6249.3941	6249.5941	6249.5941	6249.7941	6249.9961
1	17	1	1	35	1	2	1	5	1	2	4	1	0.49861608	5	6251.6019	6252.2019	6252.2019	6252.402	6252.7005
1	17	1	1	36	1	2	1	6	3	2	4	1	0.36971147	6	6254.2101	6254.8101	6254.8101	6255.0101	6255.1798
1	17	1	1	37	1	2	1	7	2	2	4	1	0.33513361	7	6256.8189	6257.4189	6257.4189	6257.6189	6257.754
1	17	1	1	38	1	2	1	8	2	2	4	1	0.39012384	8	6259.4273	6260.0273	6260.0273	6260.2273	6260.4174
1	17	1	1	39	1	2	1	9	2	2	4	1	0.33510422	9	6262.0357	6262.6357	6262.6357	6262.8357	6262.9708
1	17	1	1	40	1	2	1	10	1	2	4	1	0.52629557	10	6264.6438	6265.2438	6265.2438	6265.4438	6265.7701
1	17	1	1	41	1	2	1	11	1	2	4	1	0.44147705	11	6267.2518	6267.8518	6267.8519	6268.0519	6268.2934
1	17	1	1	42	1	2	1	12	6	2	5	1	0.42266231	12	6269.8604	6270.4605	6270.4605	6270.6605	6270.8831
1	17	1	1	43	1	2	1	13	5	1	5	1	0.38733117	13	6272.4696	6272.6696	6272.6696	6272.8696	6273.0569
1	17	1	1	44	1	2	1	14	4	2	5	1	0.37225481	14	6274.6773	6275.2773	6275.2773	6275.4774	6275.6495
1	17	1	1	45	1	2	1	15	3	2	5	0	0.30292609	14	6277.2851	6277.8851	6277.8851	6278.0851	6278.188
1	17	1	1	46	1	2	1	16	6	1	5	1	0.38015842	15	6280.2065	6280.4065	6280.4065	6280.6065	6280.7867
1	17	1	1	47	1	2	1	17	6	1	5	1	0.39029703	16	6282.4142	6282.6142	6282.6142	6282.8142	6283.0045
1	17	1	1	48	1	2	1	18	1	1	4	1	0.48314588	17	6284.6226	6284.8226	6284.8226	6285.0227	6285.3058
1	17	1	1	49	1	2	1	19	5	1	5	1	0.48385908	18	6286.8316	6287.0316	6287.0317	6287.2317	6287.5156
1	17	1	1	50	1	2	1	20	4	1	5	1	0.45932757	19	6289.0391	6289.2392	6289.2392	6289.4392	6289.6985
1	17	1	1	51	1	2	1	21	3	1	4	1	0.38115615	20	6291.2476	6291.4476	6291.4476	6291.6477	6291.8288
1	17	1	1	52	1	2	1	22	5	1	5	1	0.46464739	21	6293.4566	6293.6566	6293.6567	6293.8567	6294.1213
1	17	1	1	53	1	2	1	23	4	1	5	1	0.49734932	22	6295.6638	6295.8638	6295.8638	6296.0638	6296.3611
1	17	1	1	54	1	2	1	24	4	2	5	1	0.37619448	23	6297.8731	6298.4731	6298.4731	6298.6731	6298.8493
1	17	1	1	55	1	2	1	25	5	1	5	1	0.35509525	24	6300.4798	6300.6798	6300.6799	6300.8799	6301.035
1	17	1	1	56	1	2	1	26	6	1	5	1	0.42451214	25	6302.6892	6302.8893	6302.8893	6303.0893	6303.3138
1	17	1	1	57	1	2	1	27	3	1	4	1	0.4561264	26	6304.8993	6305.0993	6305.0993	6305.2993	6305.5554
1	17	1	1	58	1	2	1	28	5	1	5	1	0.50929564	27	6307.1092	6307.3092	6307.3092	6307.5092	6307.8185
1	17	1	1	59	1	2	1	29	6	2	5	1	0.51556616	28	6309.3188	6309.9188	6309.9188	6310.1188	6310.4344
1	17	1	1	60	1	2	1	30	2	2	4	1	0.48111875	29	6311.9283	6312.5283	6312.5284	6312.7284	6313.0095
1	17	1	1	61	1	6	2	1	1	2	1	1	0.56398586	30	6327.1678	6327.7678	6327.7678	6327.9679	6328.3318
1	17	1	1	62	1	6	2	2	3	2	3	1	0.76993352	31	6329.7775	6330.3775	6330.3775	6330.5775	6331.1474
1	17	1	1	63	1	6	2	3	4	1	2	0	1.0138398	31	6332.3869	6332.5869	6332.5869	6332.787	6333.6007
1	17	1	1	64	1	6	2	4	2	1	2	1	0.51067227	32	6334.9063	6335.1063	6335.1064	6335.3064	6335.6171
1	17	1	1	65	1	6	2	5	1	2	1	1	0.7828047	33	6337.1161	6337.7162	6337.7162	6337.9162	6338.499
1	17	1	1	66	1	6	2	6	3	2	3	1	0.67647257	34	6339.7256	6340.3256	6340.3256	6340.5256	6341.0021
1	17	1	1	67	1	6	2	7	2	2	2	1	1.1309653	35	6342.3358	6342.9358	6342.9358	6343.1358	6344.0668
1	17	1	1	68	1	6	2	8	2	2	2	1	0.62349263	36	6344.9462	6345.5462	6345.5462	6345.7462	6346.1697
1	17	1	1	69	1	6	2	9	2	2	2	1	0.46933263	37	6347.5559	6348.1559	6348.1559	6348.3559	6348.6252
1	17	1	1	70	1	6	2	10	1	2	1	1	0.96538734	38	6350.1662	6350.7662	6350.7662	6350.9662	6351.7316
1	17	1	1	71	1	6	2	11	1	2	1	1	1.0166896	39	6352.7762	6353.3762	6353.3762	6353.5762	6354.3929
1	17	1	1	72	1	6	2	12	6	2	8	1	0.89641715	40	6355.3867	6355.9867	6355.9867	6356.1867	6356.8831
1	17	1	1	73	1	6	2	13	5	1	7	1	0.75144951	41	6357.997	6358.197	6358.197	6358.397	6358.9484
1	17	1	1	74	1	6	2	14	4	2	6	1	0.59683185	42	6360.2052	6360.8052	6360.8052	6361.0052	6361.402
1	17	1	1	75	1	6	2	15	3	2	3	1	0.59276083	43	6362.8168	6363.4168	6363.4168	6363.6168	6364.0096
1	17	1	1	76	1	6	2	16	6	1	8	1	0.83353124	44	6365.4275	6365.6275	6365.6275	6365.8275	6366.461
1	17	1	1	77	1	6	2	17	6	1	8	1	0.65499277	45	6367.6382	6367.8382	6367.8382	6368.0382	6368.4932
1	17	1	1	78	1	6	2	18	1	1	1	1	0.72276454	46	6369.8486	6370.0486	6370.0487	6370.2487	6370.7714
1	17	1	1	79	1	6	2	19	5	1	7	1	1.3489923	47	6372.0595	6372.2595	6372.2595	6372.4596	6373.6085
1	17	1	1	80	1	6	2	20	4	1	6	1	0.62946341	48	6374.27	6374.4701	6374.4701	6374.6701	6375.0996
1	17	1	1	81	1	6	2	21	3	1	3	1	0.54926745	49	6376.4808	6376.6808	6376.6808	6376.8808	6377.23
1	17	1	1	82	1	6	2	22	5	1	7	1	1.4237328	50	6378.6891	6378.8891	6378.8891	6379.0891	6380.3128
1	17	1	1	83	1	6	2	23	4	1	6	1	1.5703591	51	6380.8971	6381.0971	6381.0971	6381.2972	6382.6675
1	17	1	1	84	1	6	2	24	4	2	6	1	0.60103157	52	6383.1058	6383.7058	6383.7058	6383.9058	6384.3069
1	17	1	1	85	1	6	2	25	5	1	3	0	0.7585068	52	6385.7164	6385.9164	6385.9164	6386.1164	6386.6749
1	17	1	1	86	1	6	2	26	6	1	8	1	0.90010439	53	6388.2331	6388.4331	6388.4331	6388.6331	6389.3332
1	17	1	1	87	1	6	2	27	3	1	3	1	0.66515032	54	6390.444	6390.644	6390.644	6390.844	6391.3091
1	17	1	1	88	1	6	2	28	5	1	7	1	0.57732369	55	6392.6546	6392.8546	6392.8546	6393.0546	6393.4319
1	17	1	1	89	1	6	2	29	6	2	8	1	1.0828898	56	6394.8658	6395.4658	6395.4658	6395.6658	6396.5487
1	17	1	1	90	1	6	2	30	2	2	2	1	0.74034702	57	6397.4765	6398.0765	6398.0765	6398.2765	6398.8169
1	17	1	1	91	1	2	2	1	1	2	4	1	0.46783675	1	6409.095	6409.695	6409.695	6409.8951	6410.1629
1	17	1	1	92	1	2	2	2	3	2	4	1	0.37000508	2	6411.7038	6412.3038	6412.3039	6412.5039	6412.6739
1	17	1	1	93	1	2	2	3	1	1	4	1	0.37639706	3	6414.315	6414.515	6414.515	6414.715	6414.8914
1	17	1	1	94	1	2	2	4	6	1	5	1	0.46859521	4	6416.5267	6416.7267	6416.7267	6416.9267	6417.1953
1	17	1	1	95	1	2	2	5	2	2	4	1	0.46364741	5	6418.7387	6419.3387	6419.3387	6419.5387	6419.8023
1	17	1	1	96	1	2	2	6	4	2	5	1	0.41956907	6	6421.3503	6421.9503	6421.9503	6422.1503	6422.3699
1	17	1	1	97	1	2	2	7	5	2	5	1	0.38369347	7	6423.9621	6424.5621	6424.5621	6424.7621	6424.9458
1	17	1	1	98	1	2	2	8	3	2	4	1	0.51675209	8	6426.5746	6427.1746	6427.1746	6427.3746	6427.6913
1	17	1	1	99	1	2	2	9	6	2	5	1	0.42463511	9	6429.1868	6429.7869	6429.7869	6429.9869	6430.2115
1	17	1	1	100	1	2	2	10	5	2	5	1	0.34613137	10	6431.7988	6432.3988	6432.3988	6432.5988	6432.7449
1	17	1	1	101	1	2	2	11	2	2	4	1	0.49735377	11	6434.4111	6435.0111	6435.0111	6435.2111	6435.5084
1	17	1	1	102	1	2	2	12	5	2	5	1	0.46833783	12	6437.023	6437.623	6437.623	6437.823	6438.0914
1	17	1	1	103	1	2	2	13	3	1	4	1	0.44717248	13	6439.6352	6439.8352	6439.8352	6440.0352	6440.2824
1	17	1	1	104	1	2	2	14	6	2	5	1	0.4181211	14	6441.8489	6442.4489	6442.4489	6442.6489	6442.867
1	17	1	1	105	1	2	2	15	2	2	4	1	0.42158681	15	6444.4607	6445.0607	6445.0607	6445.2607	6445.4823
1	17	1	1	106	1	2	2	16	4	1	5	1	0.47476439	16	6447.0706	6447.2706	6447.2706	6447.4706	6447.7454
1	17	1	1	107	1	2	2	17	4	1	5	1	0.44850475	17	6449.2826	6449.4826	6449.4826	6449.6826	6449.9311
1	17	1	1	108	1	2	2	18	4	1	5	1	0.38843368	18	6451.4948	6451.6948	6451.6949	6451.8949	6452.0833
1	17	1	1	109	1	2	2	19	6	1	5	1	0.3468451	19	6453.7045	6453.9045	6453.9045	6454.1045	6454.2513
1	17	1	1	110	1	2	2	20	3	1	4	1	0.51162987	20	6455.9176	6456.1176	6456.1176	6456.3176	6456.6292
1	17	1	1	111	1	2	2	21	2	1	4	1	0.37675292	21	6458.1292	6458.3292	6458.3292	6458.5292	6458.706
1	17	1	1	112	1	2	2	22	4	1	5	1	0.42472801	22	6460.3378	6460.5378	6460.5378	6460.7378	6460.9625
1	17	1	1	113	1	2	2	23	2	1	4	1	0.39544838	23	6462.5499	6462.7499	6462.7499	6462.9499	6463.1454
1	17	1	1	114	1	2	2	24	5	2	5	1	0.45614454	24	6464.762	6465.362	6465.362	6465.562	6465.8181
1	17	1	1	115	1	2	2	25	1	1	4	1	0.53281466	25	6467.3738	6467.5738	6467.5738	6467.7738	6468.1066
1	17	1	1	116	1	2	2	26	3	1	4	1	0.56934062	26	6469.5861	6469.7862	6469.7862	6469.9862	6470.3555
1	17	1	1	117	1	2	2	27	6	1	5	1	0.49089801	27	6471.7987	6471.9987	6471.9987	6472.1987	6472.4896
1	17	1	1	118	1	2	2	28	1	1	4	1	0.43819262	28	6474.0112	6474.2112	6474.2112	6474.4112	6474.6494
1	17	1	1	119	1	2	2	29	5	2	4	0	0.38111617	28	6476.2236	6476.8236	6476.8236	6477.0236	6477.2047
1	17	1	1	120	1	2	2	30	1	2	4	1	0.42986167	29	6479.1404	6479.7404	6479.7404	6479.9404	6480.1702
1	17	1	1	121	1	6	3	1	1	2	1	1	0.497345	30	6490.7122	6491.3122	6491.3122	6491.5122	6491.8096
1	17	1	1	122	1	6	3	2	3	2	3	1	0.54761302	31	6493.3255	6493.9255	6493.9256	6494.1256	6494.4732
1	17	1	1	123	1	6	3	3	1	1	1	1	0.81641243	32	6495.9379	6496.1379	6496.1379	6496.3379	6496.9543
1	17	1	1	124	1	6	3	4	6	1	8	1	0.85193234	33	6498.1504	6498.3504	6498.3504	6498.5504	6499.2024
1	17	1	1	125	1	6	3	5	2	2	2	1	1.0160613	34	6500.3631	6500.9631	6500.9631	6501.1631	6501.9792
1	17	1	1	126	1	6	3	6	4	2	6	1	0.38691712	35	6502.9754	6503.5754	6503.5754	6503.7754	6503.9623
1	17	1	1	127	1	6	3	7	5	2	7	1	0.98255355	36	6505.5881	6506.1881	6506.1881	6506.3881	6507.1706
1	17	1	1	128	1	6	3	8	3	2	3	1	0.81362553	37	6508.1985	6508.7985	6508.7985	6508.9985	6509.6121
1	17	1	1	129	1	6	3	9	6	2	8	1	0.60567985	38	6510.8117	6511.4117	6511.4117	6511.6117	6512.0174
1	17	1	1	130	1	6	3	10	5	2	7	1	0.70609097	39	6513.4246	6514.0246	6514.0246	6514.2246	6514.7307
1	17	1	1	131	1	6	3	11	2	2	2	1	0.81972138	40	6516.038	6516.638	6516.638	6516.838	6517.4578
1	17	1	1	132	1	6	3	12	5	2	7	1	0.61541073	41	6518.6509	6519.2509	6519.251	6519.451	6519.8664
1	17	1	1	133	1	6	3	13	3	1	3	1	0.73933443	42	6521.2635	6521.4636	6521.4636	6521.6636	6522.2029
1	17	1	1	134	1	6	3	14	6	2	8	1	0.75378478	43	6523.4743	6524.0743	6524.0743	6524.2743	6524.8281
1	17	1	1	135	1	6	3	15	2	2	2	1	0.82402393	44	6526.0851	6526.6851	6526.6851	6526.8851	6527.5091
1	17	1	1	136	1	6	3	16	4	1	1	0	1.994411	44	6528.697	6528.897	6528.897	6529.097	6530.8914
1	17	1	1	137	1	6	3	17	4	1	3	0	0.89222151	44	6531.2132	6531.4132	6531.4132	6531.6132	6532.3054
1	17	1	1	138	1	6	3	18	4	1	2	0	0.65484922	44	6533.7314	6533.9314	6533.9314	6534.1314	6534.5863
1	17	1	1	139	1	6	3	19	6	1	3	0	0.65009471	44	6536.2561	6536.4561	6536.4561	6536.6561	6537.1062
1	17	1	1	140	1	6	3	20	3	1	3	1	0.57098276	45	6538.7829	6538.9829	6538.9829	6539.1829	6539.5539
1	17	1	1	141	1	6	3	21	2	1	2	1	1.3994664	46	6540.9961	6541.1961	6541.1961	6541.3961	6542.5956
1	17	1	1	142	1	6	3	22	4	1	7	0	0.51903066	46	6543.2106	6543.4106	6543.4106	6543.6106	6543.9297
1	17	1	1	143	1	6	3	23	2	1	2	1	0.73353676	47	6545.7251	6545.9251	6545.9251	6546.1251	6546.6586
1	17	1	1	144	1	6	3	24	5	2	7	1	0.69940335	48	6547.9357	6548.5357	6548.5358	6548.7358	6549.2352
1	17	1	1	145	1	6	3	25	1	1	1	1	0.79157946	49	6550.5488	6550.7488	6550.7488	6550.9488	6551.5404
1	17	1	1	146	1	6	3	26	3	1	3	1	0.689831	50	6552.7597	6552.9597	6552.9597	6553.1597	6553.6496
1	17	1	1	147	1	6	3	27	6	1	8	1	0.70921668	51	6554.9734	6555.1734	6555.1734	6555.3734	6555.8826
1	17	1	1	148	1	6	3	28	1	1	1	1	0.91121618	52	6557.187	6557.387	6557.387	6557.587	6558.2982
1	17	1	1	149	1	6	3	29	5	2	7	1	0.65052036	53	6559.3986	6559.9986	6559.9986	6560.1986	6560.6491
1	17	1	1	150	1	6	3	30	1	2	1	1	0.74866863	54	6562.012	6562.612	6562.612	6562.812	6563.3606
1	17	1	1	151	1	2	3	1	6	2	5	1	0.48490564	1	6573.3521	6573.9522	6573.9522	6574.1522	6574.4371
1	17	1	1	152	1	2	3	2	5	2	5	1	0.35030885	2	6575.9654	6576.5654	6576.5654	6576.7654	6576.9157
1	17	1	1	153	1	2	3	3	4	1	5	1	0.34043402	3	6578.5765	6578.7765	6578.7765	6578.9765	6579.1169
1	17	1	1	154	1	2	3	4	5	1	5	1	0.33146098	4	6580.7907	6580.9907	6580.9907	6581.1907	6581.3222
1	17	1	1	155	1	2	3	5	1	2	5	0	0.37226795	4	6583.0047	6583.6047	6583.6047	6583.8047	6583.977
1	17	1	1	156	1	2	3	6	3	2	4	1	0.46330833	5	6585.9237	6586.5237	6586.5237	6586.7237	6586.987
1	17	1	1	157	1	2	3	7	2	2	4	1	0.41882671	6	6588.5382	6589.1382	6589.1382	6589.3382	6589.557
1	17	1	1	158	1	2	3	8	6	2	5	1	0.41758655	7	6591.1523	6591.7523	6591.7523	6591.9523	6592.1699
1	17	1	1	159	1	2	3	9	2	2	4	1	0.49987327	8	6593.7663	6594.3663	6594.3663	6594.5663	6594.8662
1	17	1	1	160	1	2	3	10	5	2	5	1	0.49373612	9	6596.3804	6596.9804	6596.9804	6597.1804	6597.4742
1	17	1	1	161	1	2	3	11	5	2	5	1	0.56894264	10	6598.9942	6599.5942	6599.5942	6599.7942	6600.1632
1	17	1	1	162	1	2	3	12	3	2	4	1	0.472614	11	6601.6084	6602.2084	6602.2084	6602.4084	6602.681
1	17	1	1	163	1	2	3	13	2	1	4	1	0.45296683	12	6604.2231	6604.4231	6604.4231	6604.6231	6604.876
1	17	1	1	164	1	2	3	14	3	2	4	1	0.39005503	13	6606.4375	6607.0375	6607.0375	6607.2376	6607.4276
1	17	1	1	165	1	2	3	15	6	2	5	1	0.43923497	14	6609.052	6609.652	6609.652	6609.852	6610.0912
1	17	1	1	166	1	2	3	16	4	1	5	1	0.41084701	15	6611.6639	6611.8639	6611.8639	6612.064	6612.2748
1	17	1	1	167	1	2	3	17	1	1	4	1	0.51778146	16	6613.8762	6614.0762	6614.0762	6614.2762	6614.5939
1	17	1	1	168	1	2	3	18	6	1	5	1	0.44845087	17	6616.0916	6616.2916	6616.2916	6616.4916	6616.7401
1	17	1	1	169	1	2	3	19	6	1	5	1	0.39406715	18	6618.3064	6618.5064	6618.5064	6618.7064	6618.9005
1	17	1	1	170	1	2	3	20	1	1	4	1	0.46130516	19	6620.5181	6620.7181	6620.7181	6620.9181	6621.1794
1	17	1	1	171	1	2	3	21	2	1	4	1	0.35784743	20	6622.7325	6622.9326	6622.9326	6623.1326	6623.2904
1	17	1	1	172	1	2	3	22	3	1	4	1	0.42407572	21	6624.9473	6625.1473	6625.1473	6625.3473	6625.5714
1	17	1	1	173	1	2	3	23	4	1	5	1	0.44345328	22	6627.1591	6627.3591	6627.3591	6627.5591	6627.8025
1	17	1	1	174	1	2	3	24	4	2	5	1	0.38165487	23	6629.3741	6629.9741	6629.9741	6630.1741	6630.3558
1	17	1	1	175	1	2	3	25	3	1	4	1	0.44700398	24	6631.9891	6632.1891	6632.1891	6632.3891	6632.6361
1	17	1	1	176	1	2	3	26	5	1	5	1	0.4311004	25	6634.2042	6634.4042	6634.4042	6634.6042	6634.8353
1	17	1	1	177	1	2	3	27	1	1	4	1	0.43869484	26	6636.4191	6636.6191	6636.6191	6636.8191	6637.0578
1	17	1	1	178	1	2	3	28	2	1	4	1	0.47325629	27	6638.6338	6638.8338	6638.8338	6639.0338	6639.3071
1	17	1	1	179	1	2	3	29	4	2	5	1	0.58784882	28	6640.8491	6641.4491	6641.4491	6641.6492	6642.037
1	17	1	1	180	1	2	3	30	1	2	4	1	0.47399677	29	6643.4642	6644.0642	6644.0642	6644.2642	6644.5382
1	17	1	1	181	2	6	4	1	6	2	3	0	0.68013106	29	6974.9374	6975.5374	6975.5374	6975.7374	6976.2175
1	17	1	1	182	2	6	4	2	5	2	7	1	0.64697762	30	6977.5535	6978.1535	6978.1535	6978.3535	6978.8005
1	17	1	1	183	2	6	4	3	4	1	6	1	1.6166187	31	6980.1699	6980.3699	6980.3699	6980.5699	6981.9865
1	17	1	1	184	2	6	4	4	5	1	3	0	0.6849607	31	6982.3821	6982.5821	6982.5821	6982.7821	6983.2671
1	17	1	1	185	2	6	4	5	1	2	1	1	0.77502768	32	6984.5976	6985.1977	6985.1977	6985.3977	6985.9727
1	17	1	1	186	2	6	4	6	3	2	3	1	0.59574666	33	6987.2102	6987.8102	6987.8102	6988.0102	6988.406
1	17	1	1	187	2	6	4	7	2	2	2	1	0.60143102	34	6989.8256	6990.4256	6990.4256	6990.6256	6991.0271
1	17	1	1	188	2	6	4	8	6	2	8	1	0.68805477	35	6992.4407	6993.0407	6993.0407	6993.2407	6993.7288
1	17	1	1	189	2	6	4	9	2	2	2	1	1.5607505	36	6995.0564	6995.6564	6995.6564	6995.8564	6997.2172
1	17	1	1	190	2	6	4	10	5	2	7	1	1.6221247	37	6997.6697	6998.2697	6998.2697	6998.4697	6999.8918
1	17	1	1	191	2	6	4	11	5	2	7	1	0.60154747	38	7000.2835	7000.8835	7000.8835	7001.0835	7001.485
1	17	1	1	192	2	6	4	12	3	2	3	1	0.62284532	39	7002.8995	7003.4995	7003.4995	7003.6995	7004.1224
1	17	1	1	193	2	6	4	13	2	1	2	1	0.88022803	40	7005.5149	7005.7149	7005.7149	7005.9149	7006.5951
1	17	1	1	194	2	6	4	14	3	2	3	1	0.59072021	41	7007.7321	7008.3321	7008.3322	7008.5322	7008.9229
1	17	1	1	195	2	6	4	15	6	2	8	1	0.51160803	42	7010.3484	7010.9484	7010.9484	7011.1484	7011.46
1	17	1	1	196	2	6	4	16	4	1	1	0	0.62280844	42	7012.9646	7013.1646	7013.1646	7013.3646	7013.7874
1	17	1	1	197	2	6	4	17	1	1	1	1	0.44682045	43	7015.1805	7015.3805	7015.3805	7015.5805	7015.8273
1	17	1	1	198	2	6	4	18	6	1	8	1	0.88074464	44	7017.3963	7017.5963	7017.5963	7017.7963	7018.4771
1	17	1	1	199	2	6	4	19	6	1	8	1	0.88616848	45	7019.6125	7019.8125	7019.8125	7020.0125	7020.6987
1	17	1	1	200	2	6	4	20	1	1	1	1	0.74964876	46	7021.829	7022.029	7022.029	7022.229	7022.7786
1	17	1	1	201	2	6	4	21	2	1	2	1	0.81506137	47	7024.046	7024.246	7024.246	7024.446	7025.0611
1	17	1	1	202	2	6	4	22	3	1	3	1	1.0615561	48	7026.2618	7026.4618	7026.4618	7026.6618	7027.5233
1	17	1	1	203	2	6	4	23	4	1	6	1	1.6783553	49	7028.4783	7028.6783	7028.6783	7028.8783	7030.3566
1	17	1	1	204	2	6	4	24	4	2	6	1	0.52378157	50	7030.6944	7031.2944	7031.2944	7031.4944	7031.8182
1	17	1	1	205	2	6	4	25	3	1	3	1	0.66324368	51	7033.3077	7033.5077	7033.5077	7033.7077	7034.171
1	17	1	1	206	2	6	4	26	5	1	7	1	0.67065168	52	7035.5244	7035.7245	7035.7245	7035.9245	7036.3951
1	17	1	1	207	2	6	4	27	1	1	1	1	0.74066989	53	7037.7409	7037.9409	7037.9409	7038.1409	7038.6816
1	17	1	1	208	2	6	4	28	2	1	2	1	1.6209306	54	7039.957	7040.157	7040.157	7040.357	7041.7779
1	17	1	1	209	2	6	4	29	4	2	6	1	0.87149046	55	7042.1736	7042.7736	7042.7736	7042.9737	7043.6451
1	17	1	1	210	2	6	4	30	1	2	1	1	0.85141794	56	7044.7905	7045.3905	7045.3905	7045.5906	7046.242
1	17	1	1	211	2	2	4	1	1	2	4	1	0.5419192	1	7075.467	7076.067	7076.067	7076.2671	7076.609
1	17	1	1	212	2	2	4	2	2	2	4	1	0.52533213	2	7078.0837	7078.6838	7078.6838	7078.8838	7079.2091
1	17	1	1	213	2	2	4	3	1	1	4	1	0.35606648	3	7080.7007	7080.9008	7080.9008	7081.1008	7081.2568
1	17	1	1	214	2	2	4	4	3	1	4	1	0.3244516	4	7082.917	7083.117	7083.117	7083.317	7083.4415
1	17	1	1	215	2	2	4	5	4	2	5	1	0.39647468	5	7085.1336	7085.7336	7085.7336	7085.9336	7086.1301
1	17	1	1	216	2	2	4	6	1	2	4	1	0.41903236	6	7087.7508	7088.3508	7088.3508	7088.5508	7088.7699
1	17	1	1	217	2	2	4	7	6	2	5	1	0.42233017	7	7090.3649	7090.9649	7090.9649	7091.1649	7091.3872
1	17	1	1	218	2	2	4	8	6	2	5	1	0.40041752	8	7092.9793	7093.5793	7093.5793	7093.7793	7093.9797
1	17	1	1	219	2	2	4	9	3	2	5	0	0.36915526	8	7095.596	7096.196	7096.196	7096.396	7096.5652
1	17	1	1	220	2	2	4	10	2	2	4	1	0.45542653	9	7098.2134	7098.8134	7098.8134	7099.0134	7099.2688
1	17	1	1	221	2	2	4	11	4	2	5	1	0.46986517	10	7100.831	7101.431	7101.431	7101.631	7101.9008
1	17	1	1	222	2	2	4	12	6	2	5	1	0.45961964	11	7103.4481	7104.0481	7104.0481	7104.2481	7104.5077
1	17	1	1	223	2	2	4	13	3	1	4	1	0.48886115	12	7106.0657	7106.2657	7106.2657	7106.4657	7106.7546
1	17	1	1	224	2	2	4	14	2	2	4	1	0.47792084	13	7108.2831	7108.8832	7108.8832	7109.0832	7109.3611
1	17	1	1	225	2	2	4	15	5	2	5	1	0.45586314	14	7110.9002	7111.5002	7111.5002	7111.7002	7111.9561
1	17	1	1	226	2	2	4	16	3	1	4	1	0.52836241	15	7113.5177	7113.7177	7113.7177	7113.9177	7114.2461
1	17	1	1	227	2	2	4	17	1	1	4	1	0.45176377	16	7115.7358	7115.9358	7115.9358	7116.1358	7116.3876
1	17	1	1	228	2	2	4	18	6	1	5	1	0.49775677	17	7117.9536	7118.1536	7118.1536	7118.3536	7118.6514
1	17	1	1	229	2	2	4	19	2	1	4	1	0.36660774	18	7120.1717	7120.3717	7120.3717	7120.5717	7120.7383
1	17	1	1	230	2	2	4	20	4	1	5	1	0.31839902	19	7122.3893	7122.5893	7122.5893	7122.7893	7122.9077
1	17	1	1	231	2	2	4	21	5	1	5	1	0.46090678	20	7124.6068	7124.8068	7124.8068	7125.0068	7125.2677
1	17	1	1	232	2	2	4	22	5	1	5	1	0.36830532	21	7126.8246	7127.0246	7127.0246	7127.2246	7127.3929
1	17	1	1	233	2	2	4	23	2	1	4	1	0.39820274	22	7129.0428	7129.2428	7129.2428	7129.4428	7129.641
1	17	1	1	234	2	2	4	24	4	2	5	1	0.54031637	23	7131.2612	7131.8612	7131.8612	7132.0612	7132.4015
1	17	1	1	235	2	2	4	25	1	1	4	1	0.48123677	24	7133.8749	7134.0749	7134.0749	7134.2749	7134.5562
1	17	1	1	236	2	2	4	26	3	1	4	1	0.47889971	25	7136.0934	7136.2934	7136.2934	7136.4934	7136.7723
1	17	1	1	237	2	2	4	27	5	1	5	1	0.38206079	26	7138.3112	7138.5112	7138.5112	7138.7112	7138.8932
1	17	1	1	238	2	2	4	28	6	1	5	1	0.38782239	27	7140.5293	7140.7293	7140.7293	7140.9293	7141.1171
1	17	1	1	239	2	2	4	29	5	2	4	0	0.31338993	27	7142.7477	7143.3477	7143.3477	7143.5477	7143.6611
1	17	1	1	240	2	2	4	30	4	2	5	1	0.45111716	28	7145.3678	7145.9678	7145.9678	7146.1678	7146.4189
1	17	1	1	241	2	6	5	1	1	2	1	1	0.65332125	29	7176.085	7176.685	7176.685	7176.885	7177.3384
1	17	1	1	242	2	6	5	2	2	2	2	1	0.78075786	30	7178.704	7179.304	7179.304	7179.504	7180.0848
1	17	1	1	243	2	6	5	3	1	1	1	1	0.62600193	31	7181.3226	7181.5226	7181.5226	7181.7226	7182.1486
1	17	1	1	244	2	6	5	4	3	1	2	0	0.65608508	31	7183.5408	7183.7408	7183.7408	7183.9408	7184.3969
1	17	1	1	245	2	6	5	5	4	2	7	0	0.79471112	31	7185.7597	7186.3597	7186.3597	7186.5597	7187.1544
1	17	1	1	246	2	6	5	6	1	2	1	1	0.67559705	32	7188.3776	7188.9776	7188.9776	7189.1776	7189.6532
1	17	1	1	247	2	6	5	7	6	2	8	1	0.78188256	33	7190.996	7191.596	7191.596	7191.796	7192.3778
1	17	1	1	248	2	6	5	8	6	2	8	1	0.70432354	34	7193.6112	7194.2112	7194.2112	7194.4112	7194.9155
1	17	1	1	249	2	6	5	9	3	2	3	1	0.62294973	35	7196.2298	7196.8298	7196.8298	7197.0298	7197.4528
1	17	1	1	250	2	6	5	10	2	2	7	0	1.8015278	35	7198.8483	7199.4483	7199.4483	7199.6483	7201.2499
1	17	1	1	251	2	6	5	11	4	2	6	1	0.74601544	36	7201.4635	7202.0635	7202.0635	7202.2635	7202.8095
1	17	1	1	252	2	6	5	12	6	2	8	1	0.78674247	37	7204.0807	7204.6807	7204.6807	7204.8807	7205.4675
1	17	1	1	253	2	6	5	13	3	1	3	1	0.80086103	38	7206.6967	7206.8967	7206.8967	7207.0967	7207.6976
1	17	1	1	254	2	6	5	14	2	2	2	1	0.80455741	39	7208.9172	7209.5172	7209.5172	7209.7172	7210.3218
1	17	1	1	255	2	6	5	15	5	2	6	1	1.2366925	40	7211.5341	7212.1341	7212.1341	7212.3341	7213.3708
1	17	1	1	256	2	6	5	16	3	1	3	1	0.84731394	41	7214.1554	7214.3554	7214.3555	7214.5555	7215.2028
1	17	1	1	257	2	6	5	17	1	1	1	1	0.78983192	42	7216.3744	7216.5744	7216.5744	7216.7744	7217.3642
1	17	1	1	258	2	6	5	18	6	1	8	1	0.6830622	43	7218.593	7218.793	7218.793	7218.993	7219.476
1	17	1	1	259	2	6	5	19	2	1	2	1	0.68822519	44	7220.8121	7221.0121	7221.0121	7221.2121	7221.7003
1	17	1	1	260	2	6	5	20	4	1	6	1	0.46037461	45	7223.031	7223.231	7223.231	7223.431	7223.6914
1	17	1	1	261	2	6	5	21	5	1	7	1	0.53662867	46	7225.2499	7225.4499	7225.4499	7225.6499	7225.9865
1	17	1	1	262	2	6	5	22	5	1	7	1	0.62799574	47	7227.4694	7227.6694	7227.6694	7227.8694	7228.2974
1	17	1	1	263	2	6	5	23	2	1	2	1	0.68963689	48	7229.6886	7229.8886	7229.8886	7230.0886	7230.5782
1	17	1	1	264	2	6	5	24	4	2	7	0	0.60948498	48	7231.9073	7232.5073	7232.5073	7232.7073	7233.1168
1	17	1	1	265	2	6	5	25	1	1	1	1	0.63196052	49	7234.5238	7234.7238	7234.7238	7234.9238	7235.3558
1	17	1	1	266	2	6	5	26	3	1	3	1	0.8568263	50	7236.7402	7236.9402	7236.9402	7237.1402	7237.797
1	17	1	1	267	2	6	5	27	5	1	7	1	0.92372852	51	7238.9598	7239.1598	7239.1598	7239.3598	7240.0835
1	17	1	1	268	2	6	5	28	6	1	8	1	0.72126711	52	7241.1791	7241.3791	7241.3791	7241.5791	7242.1003
1	17	1	1	269	2	6	5	29	5	2	7	1	1.4034234	53	7243.3984	7243.9984	7243.9985	7244.1985	7245.4019
1	17	1	1	270	2	6	5	30	4	2	2	0	1.2599593	53	7246.0147	7246.6148	7246.6148	7246.8148	7247.8748
1	17	1	1	271	2	2	5	1	5	2	5	1	0.48257969	1	7276.695	7277.295	7277.295	7277.495	7277.7776
1	17	1	1	272	2	2	5	2	6	2	5	1	0.44393709	2	7279.3166	7279.9166	7279.9166	7280.1166	7280.3606
1	17	1	1	273	2	2	5	3	4	1	5	1	0.42815581	3	7281.9365	7282.1365	7282.1365	7282.3365	7282.5646
1	17	1	1	274	2	2	5	4	6	1	5	1	0.39052636	4	7284.1558	7284.3558	7284.3558	7284.5558	7284.7463
1	17	1	1	275	2	2	5	5	1	2	4	1	0.3975633	5	7286.3727	7286.9727	7286.9727	7287.1727	7287.3702
1	17	1	1	276	2	2	5	6	5	2	5	1	0.41782218	6	7288.993	7289.593	7289.593	7289.793	7290.0108
1	17	1	1	277	2	2	5	7	3	2	4	1	0.44936002	7	7291.6097	7292.2097	7292.2097	7292.4097	7292.6591
1	17	1	1	278	2	2	5	8	1	2	4	1	0.39006593	8	7294.2296	7294.8296	7294.8296	7295.0296	7295.2197
1	17	1	1	279	2	2	5	9	6	2	5	1	0.44108515	9	7296.8494	7297.4494	7297.4494	7297.6494	7297.8905
1	17	1	1	280	2	2	5	10	4	2	5	1	0.40604218	10	7299.4697	7300.0697	7300.0697	7300.2697	7300.4757
1	17	1	1	281	2	2	5	11	6	2	5	1	0.39498288	11	7302.0887	7302.6887	7302.6887	7302.8887	7303.0837
1	17	1	1	282	2	2	5	12	4	2	5	1	0.41148147	12	7304.7096	7305.3096	7305.3096	7305.5096	7305.7211
1	17	1	1	283	2	2	5	13	6	1	5	1	0.42560301	13	7307.3301	7307.5301	7307.5301	7307.7301	7307.9557
1	17	1	1	284	2	2	5	14	2	2	4	1	0.42768612	14	7309.5506	7310.1507	7310.1507	7310.3507	7310.5783
1	17	1	1	285	2	2	5	15	4	2	5	1	0.43431514	15	7312.1693	7312.7693	7312.7693	7312.9693	7313.2036
1	17	1	1	286	2	2	5	16	3	1	4	1	0.46441419	16	7314.7868	7314.9868	7314.9868	7315.1868	7315.4512
1	17	1	1	287	2	2	5	17	1	1	4	1	0.39987866	17	7317.0036	7317.2036	7317.2036	7317.4036	7317.6035
1	17	1	1	288	2	2	5	18	3	1	4	1	0.40174371	18	7319.2241	7319.4241	7319.4241	7319.6241	7319.8258
1	17	1	1	289	2	2	5	19	3	1	4	1	0.46170226	19	7321.4446	7321.6446	7321.6446	7321.8446	7322.1063
1	17	1	1	290	2	2	5	20	2	1	4	1	0.33035628	20	7323.664	7323.864	7323.864	7324.0641	7324.1944
1	17	1	1	291	2	2	5	21	2	1	4	1	0.39949178	21	7325.8844	7326.0844	7326.0844	7326.2844	7326.4839
1	17	1	1	292	2	2	5	22	3	1	4	1	0.32787724	22	7328.1052	7328.3052	7328.3052	7328.5052	7328.6331
1	17	1	1	293	2	2	5	23	1	1	4	1	0.35177729	23	7330.3246	7330.5246	7330.5246	7330.7246	7330.8764
1	17	1	1	294	2	2	5	24	5	2	5	1	0.36277996	24	7332.5438	7333.1438	7333.1438	7333.3438	7333.5065
1	17	1	1	295	2	2	5	25	4	1	5	1	0.4143594	25	7335.1662	7335.3662	7335.3662	7335.5662	7335.7806
1	17	1	1	296	2	2	5	26	2	1	4	1	0.45295153	26	7337.3869	7337.5869	7337.5869	7337.7869	7338.0399
1	17	1	1	297	2	2	5	27	1	1	4	1	0.40323197	27	7339.6065	7339.8065	7339.8065	7340.0065	7340.2097
1	17	1	1	298	2	2	5	28	2	1	4	1	0.31222126	28	7341.827	7342.027	7342.027	7342.227	7342.3392
1	17	1	1	299	2	2	5	29	5	2	0	0	-7344.6477	28	7344.0477	7344.6477	7344.6477	7344.8477	0
1	17	1	1	300	2	2	5	30	5	2	5	1	0.37527694	29	7346.6681	7347.2681	7347.2681	7347.4681	7347.6434
1	17	1	1	301	2	6	6	1	5	2	7	1	0.67400146	30	7377.3934	7377.9934	7377.9934	7378.1934	7378.6674
1	17	1	1	302	2	6	6	2	6	2	8	1	0.87392815	31	7380.015	7380.615	7380.615	7380.815	7381.4889
1	17	1	1	303	2	6	6	3	4	1	2	0	0.57356258	31	7382.6358	7382.8358	7382.8358	7383.0358	7383.4094
1	17	1	1	304	2	6	6	4	6	1	3	0	1.2982141	31	7384.8576	7385.0576	7385.0576	7385.2576	7386.3558
1	17	1	1	305	2	6	6	5	1	2	1	1	0.74006539	32	7387.078	7387.678	7387.678	7387.878	7388.4181
1	17	1	1	306	2	6	6	6	5	2	7	1	0.63432836	33	7389.6959	7390.2959	7390.2959	7390.4959	7390.9303
1	17	1	1	307	2	6	6	7	3	2	3	1	0.61260551	34	7392.3166	7392.9166	7392.9166	7393.1166	7393.5292
1	17	1	1	308	2	6	6	8	1	2	1	1	0.7058358	35	7394.9381	7395.5381	7395.5381	7395.7381	7396.2439
1	17	1	1	309	2	6	6	9	6	2	8	1	1.0687968	36	7397.5562	7398.1562	7398.1562	7398.3562	7399.225
1	17	1	1	310	2	6	6	10	4	2	6	1	1.7561406	37	7400.1768	7400.7768	7400.7768	7400.9768	7402.533
1	17	1	1	311	2	6	6	11	6	2	8	1	0.76328024	38	7402.7981	7403.3981	7403.3981	7403.5981	7404.1614
1	17	1	1	312	2	6	6	12	4	2	6	1	0.53590858	39	7405.4199	7406.0199	7406.0199	7406.2199	7406.5558
1	17	1	1	313	2	6	6	13	6	1	2	0	0.55399704	39	7408.0412	7408.2412	7408.2412	7408.4412	7408.7952
1	17	1	1	314	2	6	6	14	2	2	2	1	0.40382671	40	7410.2628	7410.8628	7410.8628	7411.0628	7411.2666
1	17	1	1	315	2	6	6	15	4	2	6	1	0.50275956	41	7412.8841	7413.4841	7413.4841	7413.6841	7413.9868
1	17	1	1	316	2	6	6	16	3	1	3	1	0.64614379	42	7415.5083	7415.7083	7415.7083	7415.9083	7416.3545
1	17	1	1	317	2	6	6	17	1	1	1	1	0.81859776	43	7417.7289	7417.9289	7417.9289	7418.1289	7418.7475
1	17	1	1	318	2	6	6	18	3	1	3	1	0.65882232	44	7419.9506	7420.1506	7420.1507	7420.3507	7420.8095
1	17	1	1	319	2	6	6	19	3	1	3	1	0.71885395	45	7422.172	7422.372	7422.3721	7422.5721	7423.0909
1	17	1	1	320	2	6	6	20	2	1	2	1	0.97974002	46	7424.393	7424.593	7424.593	7424.793	7425.5727
1	17	1	1	321	2	6	6	21	2	1	2	1	0.54915773	47	7426.6148	7426.8148	7426.8148	7427.0148	7427.3639
1	17	1	1	322	2	6	6	22	3	1	3	1	0.64710072	48	7428.8349	7429.0349	7429.0349	7429.2349	7429.682
1	17	1	1	323	2	6	6	23	1	1	1	1	0.73231929	49	7431.0544	7431.2544	7431.2544	7431.4544	7431.9867
1	17	1	1	324	2	6	6	24	5	2	7	1	0.63217187	50	7433.2756	7433.8756	7433.8756	7434.0756	7434.5078
1	17	1	1	325	2	6	6	25	4	1	6	1	0.41780684	51	7435.8982	7436.0982	7436.0982	7436.2982	7436.516
1	17	1	1	326	2	6	6	26	2	1	2	1	0.56633434	52	7438.117	7438.317	7438.317	7438.517	7438.8833
1	17	1	1	327	2	6	6	27	1	1	1	1	0.70768627	53	7440.3367	7440.5367	7440.5367	7440.7367	7441.2444
1	17	1	1	328	2	6	6	28	2	1	2	1	1.2990915	54	7442.558	7442.758	7442.758	7442.958	7444.0571
1	17	1	1	329	2	6	6	29	5	2	3	0	0.76816393	54	7444.7789	7445.3789	7445.3789	7445.5789	7446.1471
1	17	1	1	330	2	6	6	30	5	2	7	1	0.57120266	55	7447.4006	7448.0006	7448.0006	7448.2006	7448.5718
1	17	1	1	331	2	2	6	1	5	2	5	1	0.59098125	1	7478.0833	7478.6833	7478.6833	7478.8833	7479.2743
1	17	1	1	332	2	2	6	2	1	2	4	1	0.66314082	2	7480.7086	7481.3086	7481.3086	7481.5086	7481.9717
1	17	1	1	333	2	2	6	3	3	1	4	1	0.38556848	3	7483.3277	7483.5277	7483.5277	7483.7277	7483.9133
1	17	1	1	334	2	2	6	4	3	1	4	1	0.40432302	4	7485.5502	7485.7502	7485.7502	7485.9502	7486.1545
1	17	1	1	335	2	2	6	5	2	2	4	1	0.35862031	5	7487.7724	7488.3725	7488.3725	7488.5725	7488.7311
1	17	1	1	336	2	2	6	6	5	2	4	0	0.26270942	5	7490.3949	7490.9949	7490.9949	7491.1949	7491.2576
1	17	1	1	337	2	2	6	7	2	2	4	1	0.3559245	6	7493.0172	7493.6172	7493.6172	7493.8172	7493.9732
1	17	1	1	338	2	2	6	8	2	2	4	1	0.33307312	7	7495.6393	7496.2393	7496.2393	7496.4393	7496.5724
1	17	1	1	339	2	2	6	9	6	2	5	1	0.41403367	8	7498.2625	7498.8626	7498.8626	7499.0626	7499.2766
1	17	1	1	340	2	2	6	10	4	2	5	1	0.38124284	9	7500.885	7501.485	7501.485	7501.685	7501.8663
1	17	1	1	341	2	2	6	11	3	2	4	1	0.36773846	10	7503.5073	7504.1073	7504.1073	7504.3073	7504.475
1	17	1	1	342	2	2	6	12	3	2	4	1	0.33930787	11	7506.1299	7506.7299	7506.7299	7506.9299	7507.0692
1	17	1	1	343	2	2	6	13	4	1	5	1	0.48967822	12	7508.7523	7508.9523	7508.9523	7509.1523	7509.442
1	17	1	1	344	2	2	6	14	2	2	4	1	0.49427668	13	7510.9748	7511.5748	7511.5748	7511.7748	7512.0691
1	17	1	1	345	2	2	6	15	6	2	5	1	0.48605233	14	7513.5973	7514.1973	7514.1973	7514.3973	7514.6834
1	17	1	1	346	2	2	6	16	1	1	4	1	0.46393793	15	7516.2194	7516.4194	7516.4194	7516.6194	7516.8833
1	17	1	1	347	2	2	6	17	4	1	5	1	0.49515688	16	7518.4421	7518.6421	7518.6421	7518.8421	7519.1372
1	17	1	1	348	2	2	6	18	3	1	4	1	0.46020469	17	7520.6633	7520.8633	7520.8633	7521.0634	7521.3236
1	17	1	1	349	2	2	6	19	6	1	5	1	0.4650095	18	7522.883	7523.083	7523.083	7523.283	7523.5481
1	17	1	1	350	2	2	6	20	1	1	4	1	0.38335508	19	7525.1059	7525.3059	7525.3059	7525.5059	7525.6893
1	17	1	1	351	2	2	6	21	6	1	5	1	0.53144138	20	7527.326	7527.526	7527.526	7527.726	7528.0575
1	17	1	1	352	2	2	6	22	5	1	5	1	0.38871792	21	7529.5489	7529.7489	7529.7489	7529.9489	7530.1376
1	17	1	1	353	2	2	6	23	4	1	5	1	0.38178699	22	7531.772	7531.972	7531.972	7532.172	7532.3538
1	17	1	1	354	2	2	6	24	2	2	4	1	0.51024616	23	7533.9951	7534.5951	7534.5951	7534.7951	7535.1054
1	17	1	1	355	2	2	6	25	1	1	4	1	0.35508761	24	7536.6175	7536.8175	7536.8175	7537.0175	7537.1726
1	17	1	1	356	2	2	6	26	5	1	4	0	0.28282446	24	7538.8408	7539.0408	7539.0408	7539.2408	7539.3236
1	17	1	1	357	2	2	6	27	5	1	5	1	0.47543261	25	7541.0635	7541.2635	7541.2635	7541.4635	7541.7389
1	17	1	1	358	2	2	6	28	6	1	5	1	0.5848097	26	7543.2836	7543.4836	7543.4836	7543.6836	7544.0684
1	17	1	1	359	2	2	6	29	1	2	5	0	0.39958217	26	7545.5064	7546.1064	7546.1064	7546.3064	7546.506
1	17	1	1	360	2	2	6	30	4	2	5	1	0.42331424	27	7548.1296	7548.7296	7548.7296	7548.9296	7549.1529
1	17	1	1	361	3	6	7	1	5	2	7	1	0.74850823	28	8644.7822	8645.3822	8645.3822	8645.5822	8646.1307
1	17	1	1	362	3	6	7	2	1	2	1	1	0.64249968	29	8647.4064	8648.0064	8648.0064	8648.2064	8648.6489
1	17	1	1	363	3	6	7	3	3	1	3	1	0.39060472	30	8650.0297	8650.2297	8650.2297	8650.4297	8650.6203
1	17	1	1	364	3	6	7	4	3	1	3	1	0.57238492	31	8652.2533	8652.4533	8652.4533	8652.6533	8653.0257
1	17	1	1	365	3	6	7	5	2	2	2	1	0.58027441	32	8654.4766	8655.0766	8655.0766	8655.2766	8655.6568
1	17	1	1	366	3	6	7	6	5	2	7	1	0.56708484	33	8657.0977	8657.6977	8657.6977	8657.8977	8658.2648
1	17	1	1	367	3	6	7	7	2	2	2	1	0.64756636	34	8659.7216	8660.3216	8660.3216	8660.5216	8660.9692
1	17	1	1	368	3	6	7	8	2	2	2	1	0.88921257	35	8662.3448	8662.9448	8662.9448	8663.1448	8663.834
1	17	1	1	369	3	6	7	9	6	2	8	1	0.78559345	36	8664.9689	8665.5689	8665.5689	8665.7689	8666.3545
1	17	1	1	370	3	6	7	10	4	2	6	1	0.83046002	37	8667.5892	8668.1892	8668.1892	8668.3892	8669.0197
1	17	1	1	371	3	6	7	11	3	2	3	1	0.74208262	38	8670.2136	8670.8136	8670.8136	8671.0136	8671.5557
1	17	1	1	372	3	6	7	12	3	2	3	1	0.51428845	39	8672.8405	8673.4405	8673.4405	8673.6405	8673.9548
1	17	1	1	373	3	6	7	13	4	1	2	0	0.84905384	39	8675.4647	8675.6647	8675.6647	8675.8647	8676.5138
1	17	1	1	374	3	6	7	14	2	2	2	1	0.65193049	40	8677.688	8678.288	8678.288	8678.488	8678.9399
1	17	1	1	375	3	6	7	15	6	2	7	0	0.6354923	40	8680.3125	8680.9125	8680.9125	8681.1125	8681.548
1	17	1	1	376	3	6	7	16	1	1	1	1	0.67615528	41	8682.9366	8683.1366	8683.1366	8683.3366	8683.8128
1	17	1	1	377	3	6	7	17	4	1	6	1	1.4572804	42	8685.1602	8685.3602	8685.3602	8685.5602	8686.8174
1	17	1	1	378	3	6	7	18	3	1	3	1	0.91718359	43	8687.3817	8687.5817	8687.5817	8687.7817	8688.4989
1	17	1	1	379	3	6	7	19	6	1	8	1	0.64141782	44	8689.6037	8689.8037	8689.8037	8690.0037	8690.4451
1	17	1	1	380	3	6	7	20	1	1	1	1	1.1253975	45	8691.8314	8692.0314	8692.0314	8692.2314	8693.1568
1	17	1	1	381	3	6	7	21	6	1	8	1	0.93328226	46	8694.0531	8694.2531	8694.2531	8694.4531	8695.1864
1	17	1	1	382	3	6	7	22	5	1	7	1	0.67616074	47	8696.2777	8696.4777	8696.4777	8696.6777	8697.1539
1	17	1	1	383	3	6	7	23	4	1	6	1	1.5637743	48	8698.5011	8698.7011	8698.7011	8698.9011	8700.2649
1	17	1	1	384	3	6	7	24	2	2	2	1	0.48479121	49	8700.7249	8701.3249	8701.3249	8701.5249	8701.8097
1	17	1	1	385	3	6	7	25	1	1	1	1	0.75095082	50	8703.3492	8703.5492	8703.5492	8703.7492	8704.3001
1	17	1	1	386	3	6	7	26	5	1	7	1	0.63922192	51	8705.5735	8705.7735	8705.7735	8705.9735	8706.4127
1	17	1	1	387	3	6	7	27	5	1	7	1	0.57167194	52	8707.7976	8707.9976	8707.9976	8708.1976	8708.5692
1	17	1	1	388	3	6	7	28	6	1	8	1	0.67708955	53	8710.0218	8710.2218	8710.2218	8710.4218	8710.8989
1	17	1	1	389	3	6	7	29	1	2	1	1	0.73276885	54	8712.2458	8712.8458	8712.8458	8713.0458	8713.5785
1	17	1	1	390	3	6	7	30	4	2	2	0	0.96663193	54	8714.8673	8715.4673	8715.4673	8715.6673	8716.434
1	17	1	1	391	3	2	7	1	2	2	4	1	0.48944157	1	8745.5615	8746.1615	8746.1615	8746.3615	8746.6509
1	17	1	1	392	3	2	7	2	1	2	4	1	0.45881537	2	8748.186	8748.786	8748.786	8748.986	8749.2448
1	17	1	1	393	3	2	7	3	1	1	4	1	0.39883033	3	8750.8106	8751.0106	8751.0106	8751.2106	8751.4094
1	17	1	1	394	3	2	7	4	2	1	4	1	0.40018004	4	8753.0346	8753.2346	8753.2346	8753.4346	8753.6348
1	17	1	1	395	3	2	7	5	5	2	5	1	0.52461795	5	8755.2592	8755.8592	8755.8593	8756.0593	8756.3839
1	17	1	1	396	3	2	7	6	4	2	5	1	0.32755345	6	8757.8831	8758.4831	8758.4831	8758.6832	8758.8107
1	17	1	1	397	3	2	7	7	3	2	4	1	0.4689496	7	8760.5086	8761.1086	8761.1086	8761.3086	8761.5775
1	17	1	1	398	3	2	7	8	4	2	4	0	0.28772995	7	8763.1332	8763.7332	8763.7332	8763.9332	8764.0209
1	17	1	1	399	3	2	7	9	4	2	5	1	0.4415246	8	8765.762	8766.362	8766.362	8766.562	8766.8035
1	17	1	1	400	3	2	7	10	6	2	5	1	0.41541597	9	8768.3867	8768.9867	8768.9867	8769.1867	8769.4021
1	17	1	1	401	3	2	7	11	5	2	5	1	0.3911463	10	8771.0112	8771.6112	8771.6112	8771.8112	8772.0023
1	17	1	1	402	3	2	7	12	1	2	4	1	0.4882351	11	8773.6367	8774.2368	8774.2368	8774.4368	8774.725
1	17	1	1	403	3	2	7	13	5	1	5	1	0.5081983	12	8776.2626	8776.4626	8776.4626	8776.6626	8776.9708
1	17	1	1	404	3	2	7	14	3	2	4	1	0.40255245	13	8778.4871	8779.0871	8779.0871	8779.2871	8779.4897
1	17	1	1	405	3	2	7	15	1	2	4	1	0.44439479	14	8781.1119	8781.7119	8781.7119	8781.9119	8782.1563
1	17	1	1	406	3	2	7	16	4	1	5	1	0.42468899	15	8783.7372	8783.9372	8783.9372	8784.1372	8784.3619
1	17	1	1	407	3	2	7	17	2	1	4	1	0.42693078	16	8785.9621	8786.1621	8786.1621	8786.3621	8786.589
1	17	1	1	408	3	2	7	18	6	1	5	1	0.42918988	17	8788.1874	8788.3874	8788.3874	8788.5874	8788.8165
1	17	1	1	409	3	2	7	19	1	1	4	1	0.3980055	18	8790.4128	8790.6128	8790.6128	8790.8128	8791.0108
1	17	1	1	410	3	2	7	20	5	1	5	1	0.45606105	19	8792.6414	8792.8414	8792.8414	8793.0414	8793.2975
1	17	1	1	411	3	2	7	21	6	1	5	1	0.40202009	20	8794.8643	8795.0643	8795.0643	8795.2643	8795.4664
1	17	1	1	412	3	2	7	22	3	1	4	1	0.39271551	21	8797.09	8797.29	8797.29	8797.49	8797.6827
1	17	1	1	413	3	2	7	23	4	1	5	1	0.39203597	22	8799.3156	8799.5156	8799.5156	8799.7156	8799.9077
1	17	1	1	414	3	2	7	24	3	2	4	1	0.33496583	23	8801.5407	8802.1407	8802.1407	8802.3407	8802.4756
1	17	1	1	415	3	2	7	25	2	1	5	0	0.31556916	23	8804.1658	8804.3658	8804.3658	8804.5658	8804.6814
1	17	1	1	416	3	2	7	26	5	1	5	1	0.36278228	24	8806.3913	8806.5913	8806.5913	8806.7913	8806.9541
1	17	1	1	417	3	2	7	27	6	1	5	1	0.35325548	25	8808.6162	8808.8162	8808.8162	8809.0162	8809.1695
1	17	1	1	418	3	2	7	28	3	1	4	1	0.47194842	26	8810.8418	8811.0418	8811.0418	8811.2418	8811.5137
1	17	1	1	419	3	2	7	29	2	2	4	1	0.32120072	27	8813.0682	8813.6682	8813.6682	8813.8682	8813.9894
1	17	1	1	420	3	2	7	30	6	2	5	1	0.49465497	28	8815.6936	8816.2936	8816.2937	8816.4937	8816.7883
1	17	1	1	421	3	6	8	1	2	2	2	1	0.78186035	29	8846.422	8847.022	8847.022	8847.222	8847.8039
1	17	1	1	422	3	6	8	2	1	2	1	1	0.74626979	30	8849.0482	8849.6482	8849.6482	8849.8482	8850.3945
1	17	1	1	423	3	6	8	3	1	1	1	1	0.70118182	31	8851.6707	8851.8707	8851.8707	8852.0707	8852.5719
1	17	1	1	424	3	6	8	4	2	1	2	1	0.67440064	32	8853.8964	8854.0964	8854.0964	8854.2964	8854.7708
1	17	1	1	425	3	6	8	5	5	2	7	1	0.65801536	33	8856.1225	8856.7225	8856.7225	8856.9225	8857.3806
1	17	1	1	426	3	6	8	6	4	2	6	1	0.72676178	34	8858.7494	8859.3494	8859.3494	8859.5494	8860.0762
1	17	1	1	427	3	6	8	7	3	2	3	1	0.8124485	35	8861.3748	8861.9748	8861.9748	8862.1748	8862.7873
1	17	1	1	428	3	6	8	8	4	2	6	1	0.72817145	36	8864.0006	8864.6006	8864.6006	8864.8007	8865.3288
1	17	1	1	429	3	6	8	9	4	2	3	0	0.47155829	36	8866.6268	8867.2268	8867.2268	8867.4268	8867.6983
1	17	1	1	430	3	6	8	10	6	2	8	1	0.62302346	37	8869.253	8869.853	8869.853	8870.053	8870.476
1	17	1	1	431	3	6	8	11	5	2	7	1	0.59904005	38	8871.8761	8872.4761	8872.4761	8872.6761	8873.0752
1	17	1	1	432	3	6	8	12	1	2	1	1	0.78941532	39	8874.5036	8875.1036	8875.1036	8875.3036	8875.893
1	17	1	1	433	3	6	8	13	5	1	7	1	1.5985043	40	8877.1306	8877.3306	8877.3306	8877.5306	8878.9291
1	17	1	1	434	3	6	8	14	3	2	3	1	1.3572373	41	8879.3575	8879.9575	8879.9575	8880.1575	8881.3148
1	17	1	1	435	3	6	8	15	1	2	1	1	0.65021569	42	8881.9835	8882.5835	8882.5835	8882.7835	8883.2337
1	17	1	1	436	3	6	8	16	4	1	6	1	0.63912433	43	8884.61	8884.81	8884.81	8885.01	8885.4491
1	17	1	1	437	3	6	8	17	2	1	2	1	0.52637655	44	8886.8367	8887.0367	8887.0367	8887.2367	8887.5631
1	17	1	1	438	3	6	8	18	6	1	8	1	0.68388607	45	8889.0637	8889.2637	8889.2637	8889.4637	8889.9476
1	17	1	1	439	3	6	8	19	1	1	1	1	0.7874095	46	8891.2941	8891.4941	8891.4941	8891.6941	8892.2815
1	17	1	1	440	3	6	8	20	5	1	7	1	0.6910536	47	8893.5206	8893.7206	8893.7206	8893.9206	8894.4116
1	17	1	1	441	3	6	8	21	6	1	8	1	0.628985	48	8895.7442	8895.9443	8895.9443	8896.1443	8896.5732
1	17	1	1	442	3	6	8	22	3	1	3	1	0.39821879	49	8897.9708	8898.1708	8898.1708	8898.3708	8898.569
1	17	1	1	443	3	6	8	23	4	1	2	0	0.75753722	49	8900.198	8900.398	8900.398	8900.598	8901.1555
1	17	1	1	444	3	6	8	24	3	2	3	1	0.69709857	50	8902.425	8903.025	8903.025	8903.225	8903.7221
1	17	1	1	445	3	6	8	25	2	1	6	0	0.42766373	50	8905.0494	8905.2494	8905.2494	8905.4494	8905.6771
1	17	1	1	446	3	6	8	26	5	1	7	1	0.65596046	51	8907.276	8907.476	8907.476	8907.676	8908.132
1	17	1	1	447	3	6	8	27	6	1	8	1	0.84451625	52	8909.5024	8909.7024	8909.7024	8909.9024	8910.547
1	17	1	1	448	3	6	8	28	3	1	7	0	0.67480874	52	8911.7289	8911.929	8911.929	8912.129	8912.6038
1	17	1	1	449	3	6	8	29	2	2	2	1	0.85854412	53	8913.9564	8914.5564	8914.5564	8914.7565	8915.415
1	17	1	1	450	3	6	8	30	6	2	8	1	1.0253983	54	8916.5839	8917.1839	8917.1839	8917.3839	8918.2093
1	17	1	1	451	3	2	8	1	4	2	5	1	0.47387535	1	8947.2715	8947.8715	8947.8715	8948.0715	8948.3453
1	17	1	1	452	3	2	8	2	2	2	4	1	0.49003804	2	8949.8991	8950.4991	8950.4991	8950.6991	8950.9891
1	17	1	1	453	3	2	8	3	5	1	5	1	0.45163297	3	8952.5281	8952.7281	8952.7281	8952.9281	8953.1797
1	17	1	1	454	3	2	8	4	2	1	4	1	0.40659258	4	8954.7559	8954.9559	8954.9559	8955.1559	8955.3625
1	17	1	1	455	3	2	8	5	6	2	5	1	0.40251374	5	8956.9835	8957.5835	8957.5835	8957.7835	8957.986
1	17	1	1	456	3	2	8	6	3	2	4	1	0.50796919	6	8959.6145	8960.2145	8960.2145	8960.4145	8960.7224
1	17	1	1	457	3	2	8	7	6	2	5	1	0.40845683	7	8962.2417	8962.8417	8962.8417	8963.0417	8963.2501
1	17	1	1	458	3	2	8	8	1	2	4	1	0.66866262	8	8964.8685	8965.4685	8965.4685	8965.6685	8966.1372
1	17	1	1	459	3	2	8	9	2	2	4	1	0.48386982	9	8967.4971	8968.0971	8968.0971	8968.2971	8968.581
1	17	1	1	460	3	2	8	10	4	2	5	1	0.35202763	10	8970.125	8970.725	8970.725	8970.925	8971.077
1	17	1	1	461	3	2	8	11	2	2	4	1	0.40385358	11	8972.7525	8973.3525	8973.3525	8973.5525	8973.7563
1	17	1	1	462	3	2	8	12	3	2	4	1	0.40897811	12	8975.3802	8975.9802	8975.9802	8976.1802	8976.3892
1	17	1	1	463	3	2	8	13	2	1	4	1	0.47728762	13	8978.0075	8978.2075	8978.2075	8978.4075	8978.6848
1	17	1	1	464	3	2	8	14	1	2	4	1	0.40671121	14	8980.2357	8980.8357	8980.8357	8981.0357	8981.2424
1	17	1	1	465	3	2	8	15	5	2	5	1	0.41319325	15	8982.8625	8983.4625	8983.4625	8983.6625	8983.8757
1	17	1	1	466	3	2	8	16	4	1	4	0	0.46912119	15	8985.4898	8985.6898	8985.6898	8985.8898	8986.159
1	17	1	1	467	3	2	8	17	6	1	5	1	0.46798594	16	8987.7169	8987.9169	8987.9169	8988.1169	8988.3849
1	17	1	1	468	3	2	8	18	4	1	5	1	0.40373215	17	8989.9441	8990.1441	8990.1441	8990.3441	8990.5478
1	17	1	1	469	3	2	8	19	1	1	4	1	0.33563691	18	8992.1716	8992.3716	8992.3716	8992.5716	8992.7073
1	17	1	1	470	3	2	8	20	5	1	5	1	0.44591636	19	8994.3991	8994.5991	8994.5991	8994.7991	8995.0451
1	17	1	1	471	3	2	8	21	3	1	5	0	0.37579483	19	8996.6262	8996.8262	8996.8262	8997.0262	8997.202
1	17	1	1	472	3	2	8	22	1	1	4	1	0.46067857	20	8998.8541	8999.0541	8999.0541	8999.2541	8999.5147
1	17	1	1	473	3	2	8	23	6	1	5	1	0.44238405	21	9001.0814	9001.2814	9001.2814	9001.4814	9001.7238
1	17	1	1	474	3	2	8	24	1	2	4	1	0.41343909	22	9003.31	9003.91	9003.91	9004.11	9004.3235
1	17	1	1	475	3	2	8	25	3	1	4	1	0.58567045	23	9005.938	9006.138	9006.138	9006.338	9006.7237
1	17	1	1	476	3	2	8	26	3	1	4	1	0.3801708	24	9008.1674	9008.3674	9008.3674	9008.5674	9008.7476
1	17	1	1	477	3	2	8	27	5	1	5	1	0.42863166	25	9010.3966	9010.5966	9010.5966	9010.7966	9011.0252
1	17	1	1	478	3	2	8	28	4	1	5	1	0.45555861	26	9012.6267	9012.8267	9012.8267	9013.0267	9013.2823
1	17	1	1	479	3	2	8	29	5	2	5	1	0.42053132	27	9014.856	9015.456	9015.456	9015.656	9015.8766
1	17	1	1	480	3	2	8	30	6	2	5	1	0.41078406	28	9017.4874	9018.0874	9018.0874	9018.2874	9018.4982
1	17	1	1	481	3	6	9	1	4	2	6	1	1.5053425	29	9048.2101	9048.8101	9048.8101	9049.0101	9050.3154
1	17	1	1	482	3	6	9	2	2	2	2	1	0.501805	30	9050.8393	9051.4393	9051.4393	9051.6393	9051.9411
1	17	1	1	483	3	6	9	3	5	1	7	1	0.48923809	31	9053.4675	9053.6676	9053.6676	9053.8676	9054.1568
1	17	1	1	484	3	6	9	4	2	1	2	1	0.56870698	32	9055.6956	9055.8956	9055.8956	9056.0956	9056.4643
1	17	1	1	485	3	6	9	5	6	2	8	1	0.74473795	33	9057.9233	9058.5233	9058.5233	9058.7233	9059.2681
1	17	1	1	486	3	6	9	6	3	2	3	1	0.46736799	34	9060.5512	9061.1512	9061.1512	9061.3512	9061.6186
1	17	1	1	487	3	6	9	7	6	2	8	1	0.69211224	35	9063.1807	9063.7807	9063.7807	9063.9807	9064.4728
1	17	1	1	488	3	6	9	8	1	2	1	1	0.71934085	36	9065.8099	9066.4099	9066.4099	9066.6099	9067.1292
1	17	1	1	489	3	6	9	9	2	2	2	1	0.66853962	37	9068.4386	9069.0386	9069.0386	9069.2386	9069.7071
1	17	1	1	490	3	6	9	10	4	2	6	1	0.44546489	38	9071.0672	9071.6672	9071.6672	9071.8672	9072.1126
1	17	1	1	491	3	6	9	11	2	2	2	1	0.67497242	39	9073.6961	9074.2961	9074.2961	9074.4961	9074.9711
1	17	1	1	492	3	6	9	12	3	2	3	1	0.58365603	40	9076.3253	9076.9253	9076.9253	9077.1253	9077.509
1	17	1	1	493	3	6	9	13	2	1	2	1	0.68126559	41	9078.9538	9079.1538	9079.1538	9079.3538	9079.8351
1	17	1	1	494	3	6	9	14	1	2	1	1	0.78858434	42	9081.183	9081.783	9081.783	9081.983	9082.5716
1	17	1	1	495	3	6	9	15	5	2	7	1	0.72024369	43	9083.8126	9084.4126	9084.4126	9084.6126	9085.1329
1	17	1	1	496	3	6	9	16	4	1	6	1	1.5115029	44	9086.4415	9086.6415	9086.6416	9086.8416	9088.1531
1	17	1	1	497	3	6	9	17	6	1	8	1	0.69116345	45	9088.6703	9088.8703	9088.8703	9089.0703	9089.5614
1	17	1	1	498	3	6	9	18	4	1	6	1	0.60411971	46	9090.9021	9091.1021	9091.1021	9091.3021	9091.7062
1	17	1	1	499	3	6	9	19	1	1	1	1	0.92699354	47	9093.1312	9093.3312	9093.3312	9093.5312	9094.2582
1	17	1	1	500	3	6	9	20	5	1	7	1	0.65939452	48	9095.3603	9095.5603	9095.5603	9095.7603	9096.2197
1	17	1	1	501	3	6	9	21	3	1	3	1	0.63911005	49	9097.5894	9097.7895	9097.7895	9097.9895	9098.4286
1	17	1	1	502	3	6	9	22	1	1	1	1	0.66586815	50	9099.819	9100.019	9100.019	9100.219	9100.6849
1	17	1	1	503	3	6	9	23	6	1	8	1	0.8044277	51	9102.0488	9102.2488	9102.2488	9102.4488	9103.0532
1	17	1	1	504	3	6	9	24	1	2	1	1	0.71694105	52	9104.2785	9104.8785	9104.8785	9105.0785	9105.5955
1	17	1	1	505	3	6	9	25	3	1	3	1	1.4230929	53	9106.9117	9107.1117	9107.1117	9107.3117	9108.5348
1	17	1	1	506	3	6	9	26	3	1	3	1	0.53249802	54	9109.1392	9109.3392	9109.3392	9109.5392	9109.8717
1	17	1	1	507	3	6	9	27	5	1	7	1	0.59484093	55	9111.3688	9111.5688	9111.5688	9111.7688	9112.1636
1	17	1	1	508	3	6	9	28	4	1	6	1	0.67795997	56	9113.5979	9113.7979	9113.7979	9113.998	9114.4759
1	17	1	1	509	3	6	9	29	5	2	3	0	0.61081911	56	9115.8332	9116.4332	9116.4332	9116.6332	9117.044
1	17	1	1	510	3	6	9	30	6	2	8	1	0.71335312	57	9118.4634	9119.0634	9119.0634	9119.2634	9119.7767
1	17	1	1	511	3	2	9	1	2	2	4	1	0.48336422	1	9149.15	9149.75	9149.75	9149.95	9150.2333
1	17	1	1	512	3	2	9	2	3	2	4	1	0.35729737	2	9151.7806	9152.3806	9152.3806	9152.5806	9152.7379
1	17	1	1	513	3	2	9	3	1	1	4	1	0.35899672	3	9154.4108	9154.6108	9154.6108	9154.8108	9154.9698
1	17	1	1	514	3	2	9	4	6	1	4	0	0.2967355	3	9156.6402	9156.8402	9156.8402	9157.0402	9157.1369
1	17	1	1	515	3	2	9	5	4	2	5	1	0.37368697	4	9158.8706	9159.4706	9159.4706	9159.6706	9159.8443
1	17	1	1	516	3	2	9	6	6	2	5	1	0.57416477	5	9161.5003	9162.1003	9162.1003	9162.3003	9162.6745
1	17	1	1	517	3	2	9	7	5	2	5	1	0.4285628	6	9164.1336	9164.7336	9164.7336	9164.9336	9165.1621
1	17	1	1	518	3	2	9	8	5	2	5	1	0.40775959	7	9166.7634	9167.3634	9167.3634	9167.5634	9167.7711
1	17	1	1	519	3	2	9	9	3	2	4	1	0.43307394	8	9169.3935	9169.9935	9169.9935	9170.1935	9170.4266
1	17	1	1	520	3	2	9	10	3	2	4	1	0.4421334	9	9172.0255	9172.6255	9172.6255	9172.8255	9173.0677
1	17	1	1	521	3	2	9	11	5	2	5	1	0.45617056	10	9174.6596	9175.2597	9175.2597	9175.4597	9175.7158
1	17	1	1	522	3	2	9	12	4	2	5	1	0.39947676	11	9177.2893	9177.8893	9177.8893	9178.0893	9178.2888
1	17	1	1	523	3	2	9	13	2	1	4	1	0.68190159	12	9179.919	9180.119	9180.119	9180.319	9180.8009
1	17	1	1	524	3	2	9	14	1	2	4	1	0.42323772	13	9182.1497	9182.7497	9182.7497	9182.9497	9183.1729
1	17	1	1	525	3	2	9	15	6	2	5	1	0.4448394	14	9184.7801	9185.3801	9185.3801	9185.5801	9185.8249
1	17	1	1	526	3	2	9	16	1	1	5	0	0.415517	14	9187.4107	9187.6107	9187.6107	9187.8108	9188.0263
1	17	1	1	527	3	2	9	17	1	1	4	1	0.52339544	15	9189.6401	9189.8401	9189.8401	9190.0402	9190.3635
1	17	1	1	528	3	2	9	18	4	1	5	1	0.47624223	16	9191.8713	9192.0713	9192.0713	9192.2713	9192.5475
1	17	1	1	529	3	2	9	19	2	1	4	1	0.51988304	17	9194.1014	9194.3014	9194.3014	9194.5014	9194.8213
1	17	1	1	530	3	2	9	20	6	1	5	1	0.47930734	18	9196.3311	9196.5311	9196.5311	9196.7311	9197.0104
1	17	1	1	531	3	2	9	21	6	1	5	1	0.44993472	19	9198.5609	9198.7609	9198.7609	9198.9609	9199.2108
1	17	1	1	532	3	2	9	22	5	1	5	1	0.36166325	20	9200.792	9200.992	9200.9921	9201.1921	9201.3537
1	17	1	1	533	3	2	9	23	1	1	4	1	0.51899864	21	9203.0222	9203.2222	9203.2222	9203.4222	9203.7412
1	17	1	1	534	3	2	9	24	5	2	5	1	0.46236864	22	9205.2498	9205.8498	9205.8498	9206.0498	9206.3121
1	17	1	1	535	3	2	9	25	3	1	4	1	0.48323083	23	9207.8812	9208.0812	9208.0812	9208.2812	9208.5645
1	17	1	1	536	3	2	9	26	4	1	5	1	0.47430213	24	9210.1117	9210.3117	9210.3117	9210.5117	9210.786
1	17	1	1	537	3	2	9	27	4	1	5	1	0.38581282	25	9212.3442	9212.5442	9212.5442	9212.7442	9212.93
1	17	1	1	538	3	2	9	28	2	1	4	1	0.66710483	26	9214.5747	9214.7747	9214.7747	9214.9747	9215.4418
1	17	1	1	539	3	2	9	29	3	2	4	1	0.46994665	27	9216.8099	9217.4099	9217.4099	9217.61	9217.8799
1	17	1	1	540	3	2	9	30	2	2	4	1	0.54883806	28	9219.4465	9220.0465	9220.0465	9220.2465	9220.5953
1	17	1	1	541	4	6	10	1	2	2	2	1	0.746897	29	9780.8549	9781.4549	9781.4549	9781.6549	9782.2018
1	17	1	1	542	4	6	10	2	3	2	3	1	0.65362072	30	9783.4859	9784.0859	9784.0859	9784.2859	9784.7395
1	17	1	1	543	4	6	10	3	1	1	1	1	0.64077088	31	9786.1139	9786.3139	9786.3139	9786.5139	9786.9546
1	17	1	1	544	4	6	10	4	6	1	8	1	0.70875087	32	9788.3444	9788.5444	9788.5444	9788.7444	9789.2531
1	17	1	1	545	4	6	10	5	4	2	6	1	0.56121218	33	9790.5756	9791.1756	9791.1756	9791.3756	9791.7368
1	17	1	1	546	4	6	10	6	6	2	8	1	0.72547622	34	9793.2059	9793.8059	9793.8059	9794.0059	9794.5314
1	17	1	1	547	4	6	10	7	5	2	7	1	0.46996034	35	9795.8377	9796.4377	9796.4377	9796.6377	9796.9077
1	17	1	1	548	4	6	10	8	5	2	7	1	0.48896741	36	9798.4669	9799.0669	9799.0669	9799.267	9799.5559
1	17	1	1	549	4	6	10	9	3	2	3	1	0.56406923	37	9801.1022	9801.7022	9801.7022	9801.9022	9802.2662
1	17	1	1	550	4	6	10	10	3	2	3	1	0.65665069	38	9803.7305	9804.3305	9804.3305	9804.5305	9804.9872
1	17	1	1	551	4	6	10	11	5	2	7	1	0.93249377	39	9806.3598	9806.9598	9806.9598	9807.1599	9807.8923
1	17	1	1	552	4	6	10	12	4	2	6	1	0.59199296	40	9808.9977	9809.5978	9809.5978	9809.7978	9810.1897
1	17	1	1	553	4	6	10	13	2	1	3	0	0.84375076	40	9811.6296	9811.8296	9811.8296	9812.0296	9812.6733
1	17	1	1	554	4	6	10	14	1	2	1	1	0.68523459	41	9813.8607	9814.4607	9814.4607	9814.6607	9815.1459
1	17	1	1	555	4	6	10	15	6	2	8	1	0.61129532	42	9816.4981	9817.0981	9817.0981	9817.2982	9817.7094
1	17	1	1	556	4	6	10	16	1	1	1	1	0.70707244	43	9819.129	9819.329	9819.329	9819.5291	9820.0361
1	17	1	1	557	4	6	10	17	1	1	1	1	0.9320585	44	9821.3648	9821.5648	9821.5648	9821.7648	9822.4969
1	17	1	1	558	4	6	10	18	4	1	6	1	1.3160216	45	9823.6004	9823.8005	9823.8005	9824.0005	9825.1165
1	17	1	1	559	4	6	10	19	2	1	2	1	1.1245523	46	9825.8325	9826.0325	9826.0325	9826.2325	9827.157
1	17	1	1	560	4	6	10	20	6	1	8	1	0.69846647	47	9828.064	9828.264	9828.264	9828.464	9828.9625
1	17	1	1	561	4	6	10	21	6	1	3	0	0.85430789	47	9830.2922	9830.4922	9830.4922	9830.6922	9831.3465
1	17	1	1	562	4	6	10	22	5	1	7	1	0.67901723	48	9832.5243	9832.7243	9832.7243	9832.9243	9833.4033
1	17	1	1	563	4	6	10	23	1	1	1	1	0.78423489	49	9834.7554	9834.9554	9834.9554	9835.1554	9835.7397
1	17	1	1	564	4	6	10	24	5	2	1	0	0.77508007	49	9836.9937	9837.5937	9837.5937	9837.7937	9838.3688
1	17	1	1	565	4	6	10	25	3	1	3	1	0.625314	50	9839.6258	9839.8258	9839.8258	9840.0258	9840.4511
1	17	1	1	566	4	6	10	26	4	1	6	1	0.99953911	51	9841.8573	9842.0573	9842.0573	9842.2573	9843.0569
1	17	1	1	567	4	6	10	27	4	1	6	1	0.53908144	52	9844.0894	9844.2894	9844.2894	9844.4894	9844.8285
1	17	1	1	568	4	6	10	28	2	1	2	1	0.47417436	53	9846.3219	9846.5219	9846.5219	9846.7219	9846.996
1	17	1	1	569	4	6	10	29	3	2	3	1	0.60860137	54	9848.5539	9849.1539	9849.1539	9849.3539	9849.7625
1	17	1	1	570	4	6	10	30	2	2	2	1	0.57497319	55	9851.1892	9851.7892	9851.7892	9851.9892	9852.3642
1	17	1	1	571	4	2	10	1	6	2	5	1	0.50900227	1	9881.8849	9882.4849	9882.4849	9882.6849	9882.9939
1	17	1	1	572	4	2	10	2	2	2	4	1	0.3562601	2	9884.5177	9885.1177	9885.1177	9885.3177	9885.474
1	17	1	1	573	4	2	10	3	1	1	4	1	0.34772296	3	9887.1502	9887.3502	9887.3502	9887.5502	9887.698
1	17	1	1	574	4	2	10	4	5	1	5	1	0.33326224	4	9889.38	9889.58	9889.5801	9889.7801	9889.9134
1	17	1	1	575	4	2	10	5	4	2	5	1	0.30068754	5	9891.6126	9892.2127	9892.2127	9892.4127	9892.5134
1	17	1	1	576	4	2	10	6	2	2	5	0	0.40634264	5	9894.245	9894.845	9894.845	9895.045	9895.2514
1	17	1	1	577	4	2	10	7	3	2	4	1	0.45311323	6	9896.8763	9897.4763	9897.4764	9897.6764	9897.9295
1	17	1	1	578	4	2	10	8	3	2	4	1	0.46282373	7	9899.5082	9900.1082	9900.1082	9900.3082	9900.571
1	17	1	1	579	4	2	10	9	2	2	4	1	0.40470503	8	9902.1434	9902.7434	9902.7434	9902.9434	9903.1482
1	17	1	1	580	4	2	10	10	4	2	5	1	0.45668656	9	9904.7762	9905.3762	9905.3762	9905.5762	9905.8329
1	17	1	1	581	4	2	10	11	6	2	5	1	0.44345227	10	9907.4056	9908.0056	9908.0056	9908.2056	9908.4491
1	17	1	1	582	4	2	10	12	1	2	4	1	0.54985172	11	9910.0381	9910.6381	9910.6381	9910.8382	9911.188
1	17	1	1	583	4	2	10	13	1	1	4	1	0.51575552	12	9912.6698	9912.8698	9912.8698	9913.0698	9913.3856
1	17	1	1	584	4	2	10	14	3	2	4	1	0.40310937	13	9914.9017	9915.5017	9915.5017	9915.7017	9915.9048
1	17	1	1	585	4	2	10	15	3	2	4	1	0.48501432	14	9917.534	9918.134	9918.134	9918.334	9918.6191
1	17	1	1	586	4	2	10	16	2	1	4	1	0.39660792	15	9920.1671	9920.3671	9920.3671	9920.5671	9920.7637
1	17	1	1	587	4	2	10	17	5	1	5	1	0.31266727	16	9922.3997	9922.5997	9922.5997	9922.7997	9922.9124
1	17	1	1	588	4	2	10	18	4	1	5	1	0.28518056	17	9924.6318	9924.8318	9924.8318	9925.0318	9925.117
1	17	1	1	589	4	2	10	19	4	1	5	1	0.39589193	18	9926.8644	9927.0644	9927.0644	9927.2645	9927.4603
1	17	1	1	590	4	2	10	20	5	1	5	1	0.34366807	19	9929.0982	9929.2982	9929.2982	9929.4982	9929.6418
1	17	1	1	591	4	2	10	21	3	1	5	0	0.31942538	19	9931.3315	9931.5315	9931.5315	9931.7315	9931.8509
1	17	1	1	592	4	2	10	22	1	1	4	1	0.50349089	20	9933.5948	9933.7949	9933.7949	9933.9949	9934.2983
1	17	1	1	593	4	2	10	23	5	1	5	1	0.44135761	21	9935.8278	9936.0278	9936.0278	9936.2278	9936.4692
1	17	1	1	594	4	2	10	24	6	2	5	1	0.3884105	22	9938.0612	9938.6612	9938.6612	9938.8613	9939.0497
1	17	1	1	595	4	2	10	25	2	1	4	1	0.39827348	23	9940.701	9940.901	9940.901	9941.101	9941.2993
1	17	1	1	596	4	2	10	26	1	1	4	1	0.45103768	24	9942.9346	9943.1346	9943.1346	9943.3346	9943.5856
1	17	1	1	597	4	2	10	27	4	1	5	1	0.42808614	25	9945.168	9945.368	9945.368	9945.568	9945.7961
1	17	1	1	598	4	2	10	28	6	1	5	1	0.3614073	26	9947.4007	9947.6007	9947.6007	9947.8007	9947.9621
1	17	1	1	599	4	2	10	29	5	2	5	1	0.4893245	27	9949.6336	9950.2336	9950.2336	9950.4336	9950.7229
1	17	1	1	600	4	2	10	30	6	2	5	1	0.36398755	28	9952.2664	9952.8664	9952.8664	9953.0664	9953.2304
1	17	1	1	601	4	6	11	1	6	2	8	1	0.75050821	29	9982.9948	9983.5948	9983.5948	9983.7949	9984.3454
1	17	1	1	602	4	6	11	2	2	2	2	1	1.6289784	30	9985.6281	9986.2281	9986.2281	9986.4281	9987.8571
1	17	1	1	603	4	6	11	3	1	1	1	1	0.7996666	31	9988.2615	9988.4615	9988.4615	9988.6615	9989.2611
1	17	1	1	604	4	6	11	4	5	1	7	1	0.57237969	32	9990.4918	9990.6918	9990.6918	9990.8918	9991.2642
1	17	1	1	605	4	6	11	5	4	2	6	1	0.5187743	33	9992.725	9993.325	9993.325	9993.525	9993.8438
1	17	1	1	606	4	6	11	6	2	2	3	0	0.47165657	33	9995.3586	9995.9586	9995.9586	9996.1586	9996.4302
1	17	1	1	607	4	6	11	7	3	2	3	1	0.48510655	34	9997.9919	9998.5919	9998.5919	9998.7919	9999.077
1	17	1	1	608	4	6	11	8	3	2	3	1	0.48627218	35	10000.622	10001.222	10001.222	10001.422	10001.708
1	17	1	1	609	4	6	11	9	2	2	2	1	0.93062755	36	10003.255	10003.855	10003.855	10004.055	10004.785
1	17	1	1	610	4	6	11	10	4	2	6	1	0.60234985	37	10005.889	10006.489	10006.489	10006.689	10007.091
1	17	1	1	611	4	6	11	11	6	2	8	1	0.78547086	38	10008.522	10009.122	10009.122	10009.322	10009.908
1	17	1	1	612	4	6	11	12	1	2	1	1	0.73552567	39	10011.161	10011.761	10011.761	10011.961	10012.497
1	17	1	1	613	4	6	11	13	1	1	1	1	0.68120815	40	10013.796	10013.996	10013.996	10014.196	10014.677
1	17	1	1	614	4	6	11	14	3	2	3	1	0.69232865	41	10016.029	10016.629	10016.629	10016.829	10017.321
1	17	1	1	615	4	6	11	15	3	2	3	1	0.41396837	42	10018.663	10019.263	10019.263	10019.463	10019.677
1	17	1	1	616	4	6	11	16	2	1	6	0	0.50843883	42	10021.296	10021.496	10021.496	10021.696	10022.005
1	17	1	1	617	4	6	11	17	5	1	7	1	0.67806402	43	10023.531	10023.731	10023.731	10023.931	10024.409
1	17	1	1	618	4	6	11	18	4	1	6	1	0.38782942	44	10025.765	10025.965	10025.965	10026.165	10026.353
1	17	1	1	619	4	6	11	19	4	1	6	1	0.414019	45	10028.006	10028.206	10028.206	10028.406	10028.62
1	17	1	1	620	4	6	11	20	5	1	7	1	0.61175427	46	10030.24	10030.44	10030.44	10030.64	10031.051
1	17	1	1	621	4	6	11	21	3	1	6	0	0.55841704	46	10032.475	10032.675	10032.675	10032.875	10033.233
1	17	1	1	622	4	6	11	22	1	1	1	1	0.70140858	47	10034.71	10034.91	10034.91	10035.11	10035.611
1	17	1	1	623	4	6	11	23	5	1	7	1	0.76479831	48	10036.944	10037.144	10037.144	10037.344	10037.909
1	17	1	1	624	4	6	11	24	6	2	8	1	0.69091398	49	10039.178	10039.778	10039.778	10039.978	10040.469
1	17	1	1	625	4	6	11	25	2	1	2	1	0.89618834	50	10041.809	10042.009	10042.009	10042.209	10042.905
1	17	1	1	626	4	6	11	26	1	1	1	1	1.0314239	51	10044.044	10044.244	10044.244	10044.444	10045.276
1	17	1	1	627	4	6	11	27	4	1	6	1	1.8146194	52	10046.278	10046.478	10046.478	10046.678	10048.293
1	17	1	1	628	4	6	11	28	6	1	8	1	0.52146189	53	10048.512	10048.712	10048.712	10048.912	10049.234
1	17	1	1	629	4	6	11	29	5	2	7	1	0.52560953	54	10050.748	10051.348	10051.348	10051.548	10051.874
1	17	1	1	630	4	6	11	30	6	2	8	1	0.70301855	55	10053.383	10053.983	10053.983	10054.183	10054.686
1	17	1	1	631	4	2	11	1	4	2	5	1	0.50374148	1	10084.075	10084.675	10084.675	10084.875	10085.179
1	17	1	1	632	4	2	11	2	1	2	4	1	0.46917613	2	10086.71	10087.31	10087.31	10087.51	10087.779
1	17	1	1	633	4	2	11	3	6	1	5	1	0.33985939	3	10089.344	10089.544	10089.544	10089.744	10089.884
1	17	1	1	634	4	2	11	4	2	1	5	0	0.28721649	3	10091.581	10091.781	10091.781	10091.981	10092.068
1	17	1	1	635	4	2	11	5	6	2	5	1	0.34827942	4	10093.815	10094.415	10094.415	10094.615	10094.763
1	17	1	1	636	4	2	11	6	2	2	4	1	0.45872609	5	10096.45	10097.05	10097.05	10097.25	10097.509
1	17	1	1	637	4	2	11	7	6	2	5	1	0.36491913	6	10099.086	10099.686	10099.686	10099.886	10100.051
1	17	1	1	638	4	2	11	8	3	2	4	1	0.39384015	7	10101.721	10102.321	10102.321	10102.521	10102.715
1	17	1	1	639	4	2	11	9	3	2	4	1	0.43768432	8	10104.357	10104.957	10104.957	10105.157	10105.394
1	17	1	1	640	4	2	11	10	6	2	5	1	0.46974472	9	10106.991	10107.591	10107.591	10107.791	10108.061
1	17	1	1	641	4	2	11	11	5	2	5	1	0.6302894	10	10109.627	10110.227	10110.227	10110.427	10110.857
1	17	1	1	642	4	2	11	12	5	2	5	1	0.34263653	11	10112.262	10112.862	10112.862	10113.062	10113.204
1	17	1	1	643	4	2	11	13	3	1	4	1	0.49828196	12	10114.897	10115.097	10115.097	10115.297	10115.596
1	17	1	1	644	4	2	11	14	1	2	4	1	0.42166736	13	10117.132	10117.732	10117.732	10117.932	10118.154
1	17	1	1	645	4	2	11	15	1	2	4	1	0.34796091	14	10119.767	10120.367	10120.367	10120.567	10120.715
1	17	1	1	646	4	2	11	16	5	1	5	1	0.3842089	15	10122.402	10122.602	10122.602	10122.802	10122.987
1	17	1	1	647	4	2	11	17	5	1	4	0	0.4402882	15	10124.635	10124.835	10124.835	10125.035	10125.276
1	17	1	1	648	4	2	11	18	1	1	4	1	0.40298179	16	10126.873	10127.073	10127.073	10127.273	10127.476
1	17	1	1	649	4	2	11	19	2	1	4	1	0.42044468	17	10129.108	10129.308	10129.308	10129.508	10129.729
1	17	1	1	650	4	2	11	20	2	1	4	1	0.34807257	18	10131.342	10131.542	10131.542	10131.742	10131.89
1	17	1	1	651	4	2	11	21	4	1	5	1	0.45129357	19	10133.578	10133.778	10133.778	10133.978	10134.229
1	17	1	1	652	4	2	11	22	3	1	4	1	0.43751572	20	10135.813	10136.013	10136.013	10136.213	10136.451
1	17	1	1	653	4	2	11	23	5	1	5	1	0.44294951	21	10138.05	10138.25	10138.25	10138.45	10138.693
1	17	1	1	654	4	2	11	24	4	2	5	1	0.32179642	22	10140.286	10140.886	10140.886	10141.086	10141.208
1	17	1	1	655	4	2	11	25	2	1	4	1	0.41496657	23	10142.922	10143.122	10143.122	10143.322	10143.536
1	17	1	1	656	4	2	11	26	6	1	5	1	0.38745754	24	10145.158	10145.358	10145.358	10145.558	10145.745
1	17	1	1	657	4	2	11	27	1	1	4	1	0.40415575	25	10147.4	10147.6	10147.6	10147.8	10148.004
1	17	1	1	658	4	2	11	28	4	1	5	1	0.5984325	26	10149.637	10149.837	10149.837	10150.037	10150.435
1	17	1	1	659	4	2	11	29	3	2	4	1	0.60563551	27	10151.876	10152.476	10152.476	10152.676	10153.082
1	17	1	1	660	4	2	11	30	4	2	5	1	0.33728259	28	10154.512	10155.112	10155.112	10155.312	10155.449
1	17	1	1	661	4	6	12	1	4	2	6	1	0.69435271	29	10185.235	10185.835	10185.835	10186.035	10186.529
1	17	1	1	662	4	6	12	2	1	2	1	1	0.85316537	30	10187.878	10188.478	10188.478	10188.678	10189.331
1	17	1	1	663	4	6	12	3	6	1	8	1	0.68284418	31	10190.513	10190.713	10190.713	10190.913	10191.396
1	17	1	1	664	4	6	12	4	2	1	2	1	0.6764197	32	10192.751	10192.951	10192.951	10193.151	10193.627
1	17	1	1	665	4	6	12	5	6	2	8	1	0.68103153	33	10194.987	10195.587	10195.587	10195.787	10196.268
1	17	1	1	666	4	6	12	6	2	2	2	1	0.64349538	34	10197.623	10198.223	10198.223	10198.423	10198.866
1	17	1	1	667	4	6	12	7	6	2	8	1	0.67898085	35	10200.259	10200.859	10200.859	10201.059	10201.538
1	17	1	1	668	4	6	12	8	3	2	3	1	0.49249905	36	10202.894	10203.494	10203.494	10203.694	10203.986
1	17	1	1	669	4	6	12	9	3	2	3	1	0.65541688	37	10205.531	10206.131	10206.131	10206.331	10206.786
1	17	1	1	670	4	6	12	10	6	2	8	1	0.61059488	38	10208.167	10208.767	10208.767	10208.967	10209.378
1	17	1	1	671	4	6	12	11	5	2	7	1	0.66571541	39	10210.803	10211.403	10211.403	10211.603	10212.069
1	17	1	1	672	4	6	12	12	5	2	7	1	0.52534665	40	10213.436	10214.036	10214.036	10214.236	10214.561
1	17	1	1	673	4	6	12	13	3	1	3	1	0.68314327	41	10216.073	10216.273	10216.273	10216.473	10216.956
1	17	1	1	674	4	6	12	14	1	2	1	1	0.66952733	42	10218.31	10218.91	10218.91	10219.11	10219.579
1	17	1	1	675	4	6	12	15	1	2	1	1	0.69187622	43	10220.945	10221.545	10221.545	10221.745	10222.237
1	17	1	1	676	4	6	12	16	5	1	7	1	0.64209486	44	10223.578	10223.778	10223.778	10223.978	10224.42
1	17	1	1	677	4	6	12	17	5	1	7	1	0.50634926	45	10225.814	10226.014	10226.014	10226.214	10226.521
1	17	1	1	678	4	6	12	18	1	1	1	1	0.73040604	46	10228.051	10228.251	10228.251	10228.451	10228.981
1	17	1	1	679	4	6	12	19	2	1	2	1	0.97537579	47	10230.284	10230.484	10230.484	10230.684	10231.459
1	17	1	1	680	4	6	12	20	2	1	2	1	0.55412733	48	10232.517	10232.717	10232.717	10232.917	10233.272
1	17	1	1	681	4	6	12	21	4	1	6	1	0.39413662	49	10234.755	10234.955	10234.955	10235.155	10235.349
1	17	1	1	682	4	6	12	22	3	1	7	0	0.56156192	49	10236.995	10237.195	10237.195	10237.395	10237.757
1	17	1	1	683	4	6	12	23	5	1	7	1	0.45202442	50	10239.232	10239.432	10239.432	10239.632	10239.884
1	17	1	1	684	4	6	12	24	4	2	6	1	0.5456824	51	10241.468	10242.068	10242.068	10242.268	10242.613
1	17	1	1	685	4	6	12	25	2	1	2	1	0.74206683	52	10244.107	10244.307	10244.307	10244.507	10245.049
1	17	1	1	686	4	6	12	26	6	1	8	1	0.71670941	53	10246.344	10246.544	10246.544	10246.744	10247.261
1	17	1	1	687	4	6	12	27	1	1	1	1	0.82082939	54	10248.582	10248.782	10248.782	10248.982	10249.603
1	17	1	1	688	4	6	12	28	4	1	6	1	0.57611812	55	10250.819	10251.019	10251.019	10251.219	10251.595
1	17	1	1	689	4	6	12	29	3	2	3	1	0.84174853	56	10253.056	10253.656	10253.656	10253.856	10254.498
1	17	1	1	690	4	6	12	30	4	2	6	1	0.5818454	57	10255.693	10256.293	10256.293	10256.493	10256.875
1	17	1	1	691	4	2	12	1	2	2	4	1	0.48749799	1	10286.395	10286.995	10286.995	10287.195	10287.483
1	17	1	1	692	4	2	12	2	6	2	5	1	0.36327619	2	10289.032	10289.632	10289.632	10289.832	10289.996
1	17	1	1	693	4	2	12	3	1	1	4	1	0.3596981	3	10291.667	10291.867	10291.867	10292.067	10292.226
1	17	1	1	694	4	2	12	4	1	1	4	1	0.51790809	4	10293.904	10294.104	10294.104	10294.304	10294.621
1	17	1	1	695	4	2	12	5	5	2	5	1	0.40405998	5	10296.144	10296.744	10296.744	10296.944	10297.148
1	17	1	1	696	4	2	12	6	3	2	4	1	0.37444311	6	10298.781	10299.381	10299.381	10299.581	10299.755
1	17	1	1	697	4	2	12	7	4	2	4	0	0.3641254	6	10301.423	10302.023	10302.023	10302.223	10302.387
1	17	1	1	698	4	2	12	8	6	2	5	1	0.48625552	7	10304.06	10304.66	10304.66	10304.86	10305.146
1	17	1	1	699	4	2	12	9	5	2	5	1	0.40312839	8	10306.698	10307.298	10307.298	10307.498	10307.701
1	17	1	1	700	4	2	12	10	4	2	5	1	0.36589674	9	10309.335	10309.935	10309.935	10310.135	10310.301
1	17	1	1	701	4	2	12	11	5	2	5	1	0.3497312	10	10311.972	10312.572	10312.572	10312.772	10312.922
1	17	1	1	702	4	2	12	12	1	2	4	1	0.51138607	11	10314.609	10315.209	10315.209	10315.409	10315.721
1	17	1	1	703	4	2	12	13	5	1	5	1	0.37323966	12	10317.247	10317.447	10317.447	10317.647	10317.82
1	17	1	1	704	4	2	12	14	4	2	5	1	0.33549635	13	10319.484	10320.084	10320.084	10320.284	10320.419
1	17	1	1	705	4	2	12	15	2	2	4	1	0.49744482	14	10322.122	10322.722	10322.722	10322.922	10323.22
1	17	1	1	706	4	2	12	16	5	1	5	1	0.56426591	15	10324.761	10324.961	10324.961	10325.161	10325.525
1	17	1	1	707	4	2	12	17	2	1	4	1	0.55037754	16	10326.995	10327.195	10327.195	10327.395	10327.746
1	17	1	1	708	4	2	12	18	6	1	5	1	0.38461073	17	10329.233	10329.433	10329.433	10329.633	10329.818
1	17	1	1	709	4	2	12	19	2	1	5	0	0.37056592	17	10331.472	10331.672	10331.672	10331.872	10332.042
1	17	1	1	710	4	2	12	20	3	1	4	1	0.48016714	18	10333.706	10333.906	10333.906	10334.106	10334.386
1	17	1	1	711	4	2	12	21	6	1	5	1	0.40190683	19	10335.945	10336.145	10336.145	10336.345	10336.547
1	17	1	1	712	4	2	12	22	6	1	5	1	0.7217417	20	10338.182	10338.382	10338.382	10338.582	10339.104
1	17	1	1	713	4	2	12	23	4	1	5	1	0.44813363	21	10340.42	10340.62	10340.62	10340.82	10341.069
1	17	1	1	714	4	2	12	24	1	2	4	1	0.398889	22	10342.658	10343.258	10343.258	10343.458	10343.657
1	17	1	1	715	4	2	12	25	2	1	4	1	0.40931247	23	10345.297	10345.497	10345.497	10345.697	10345.906
1	17	1	1	716	4	2	12	26	3	1	5	0	0.48632291	23	10347.533	10347.733	10347.733	10347.933	10348.219
1	17	1	1	717	4	2	12	27	1	1	4	1	0.53143752	24	10349.768	10349.968	10349.968	10350.168	10350.5
1	17	1	1	718	4	2	12	28	3	1	4	1	0.42026069	25	10352.007	10352.207	10352.207	10352.407	10352.627
1	17	1	1	719	4	2	12	29	4	2	5	1	0.47977527	26	10354.245	10354.845	10354.845	10355.045	10355.325
1	17	1	1	720	4	2	12	30	3	2	4	1	0.47129812	27	10356.883	10357.483	10357.483	10357.683	10357.954
