126	64	42	35	37	94	43	124	0	0	0	0	0	0	0	0	0	0	0	0
2	50	2	2	1	1	2	1	1	4	1	8	1	0.81331004	1	5968.3419	5968.542	5968.5422	5968.7423	5969.3555
2	50	2	2	2	1	2	1	2	2	2	1	1	0.83359542	2	5970.5599	5971.1601	5971.1602	5971.3605	5971.9938
2	50	2	2	3	1	2	1	3	1	1	1	1	0.64824598	3	5973.171	5973.3711	5973.3711	5973.5711	5974.0193
2	50	2	2	4	1	2	1	4	6	2	8	1	0.60675671	4	5975.3784	5975.9785	5975.9785	5976.1785	5976.5852
2	50	2	2	5	1	2	1	5	3	1	1	1	0.67857039	5	5977.9866	5978.1866	5978.1866	5978.3866	5978.8652
2	50	2	2	6	1	2	1	6	4	1	8	1	0.63854932	6	5980.1938	5980.3938	5980.3938	5980.5939	5981.0324
2	50	2	2	7	1	2	1	7	1	1	1	1	0.61008373	7	5982.3997	5982.5997	5982.5997	5982.7997	5983.2098
2	50	2	2	8	1	2	1	8	4	1	8	1	0.47992328	8	5984.6071	5984.8071	5984.8071	5985.0071	5985.287
2	50	2	2	9	1	2	1	9	3	2	1	1	0.62970543	9	5986.8135	5987.4135	5987.4135	5987.6135	5988.0432
2	50	2	2	10	1	2	1	10	1	2	1	1	0.65446637	10	5989.4188	5990.0188	5990.0188	5990.2189	5990.6733
2	50	2	2	11	1	2	1	11	1	1	1	1	0.60970526	11	5992.0259	5992.2259	5992.2259	5992.426	5992.8356
2	50	2	2	12	1	2	1	12	5	2	8	1	0.60984677	12	5994.2334	5994.8335	5994.8335	5995.0335	5995.4433
2	50	2	2	13	1	2	1	13	5	2	8	1	0.58567233	13	5996.8389	5997.4389	5997.4389	5997.639	5998.0246
2	50	2	2	14	1	2	1	14	3	1	1	1	0.63619297	14	5999.446	5999.646	5999.646	5999.846	6000.2822
2	50	2	2	15	1	2	1	15	3	2	1	1	0.5674574	15	6001.6513	6002.2513	6002.2513	6002.4514	6002.8188
2	50	2	2	16	1	2	1	16	3	1	1	1	0.63215693	16	6004.2578	6004.4578	6004.4578	6004.6578	6005.09
2	50	2	2	17	1	2	1	17	5	2	8	1	0.55443171	17	6006.4653	6007.0653	6007.0653	6007.2653	6007.6198
2	50	2	2	18	1	2	1	18	6	2	8	1	0.54688619	18	6009.0722	6009.6722	6009.6723	6009.8723	6010.2191
2	50	2	2	19	1	2	1	19	4	1	8	1	0.55411317	19	6011.6797	6011.8797	6011.8797	6012.0798	6012.4338
2	50	2	2	20	1	2	1	20	6	2	8	1	0.52369337	20	6013.887	6014.487	6014.487	6014.6871	6015.0107
2	50	2	2	21	1	2	1	21	2	2	1	1	0.5735093	21	6016.4944	6017.0944	6017.0944	6017.2944	6017.6679
2	50	2	2	22	1	2	1	22	2	2	1	1	0.57064847	22	6019.1015	6019.7015	6019.7015	6019.9016	6020.2722
2	50	2	2	23	1	2	1	23	2	2	1	1	0.56378696	23	6021.7087	6022.3087	6022.3087	6022.5087	6022.8725
2	50	2	2	24	1	2	1	24	1	1	1	1	0.55829424	24	6024.3161	6024.5161	6024.5161	6024.7161	6025.0744
2	50	2	2	25	1	2	1	25	2	1	1	1	0.51792781	25	6026.5225	6026.7225	6026.7225	6026.9225	6027.2404
2	50	2	2	26	1	2	1	26	5	1	8	1	0.56652614	26	6028.7297	6028.9297	6028.9297	6029.1297	6029.4962
2	50	2	2	27	1	2	1	27	4	1	8	1	0.50728129	27	6030.937	6031.137	6031.1371	6031.3371	6031.6443
2	50	2	2	28	1	2	1	28	6	2	8	1	0.56034948	28	6033.1447	6033.7448	6033.7448	6033.9448	6034.3052
2	50	2	2	29	1	2	1	29	5	2	8	1	0.4835255	29	6035.7524	6036.3524	6036.3524	6036.5524	6036.8359
2	50	2	2	30	1	2	1	30	6	1	8	1	0.49016064	30	6038.36	6038.56	6038.56	6038.76	6039.0502
2	50	2	2	31	1	6	1	1	3	1	4	1	1.246251	1	6174.0198	6174.2199	6174.22	6174.4202	6175.4662
2	50	2	2	32	1	6	1	2	5	2	6	1	1.9070949	2	6176.2307	6176.8307	6176.8307	6177.0307	6178.7378
2	50	2	2	33	1	6	1	3	6	1	7	1	1.6426314	3	6178.8382	6179.0382	6179.0382	6179.2382	6180.6809
2	50	2	2	34	1	6	1	4	6	2	7	1	0.67530722	4	6181.0463	6181.6464	6181.6464	6181.8464	6182.3217
2	50	2	2	35	1	6	1	5	3	1	4	1	0.92422407	5	6183.6541	6183.8541	6183.8541	6184.0541	6184.7783
2	50	2	2	36	1	6	1	6	2	1	3	1	1.0458257	6	6185.8623	6186.0623	6186.0623	6186.2623	6187.1081
2	50	2	2	37	1	6	1	7	4	1	5	1	1.4694066	7	6188.071	6188.271	6188.271	6188.471	6189.7404
2	50	2	2	38	1	6	1	8	5	1	6	1	1.1148117	8	6190.2795	6190.4795	6190.4795	6190.6795	6191.5943
2	50	2	2	39	1	6	1	9	4	2	5	1	0.78082463	9	6192.4863	6193.0863	6193.0863	6193.2863	6193.8671
2	50	2	2	40	1	6	1	10	1	2	2	1	1.4127187	10	6195.0945	6195.6945	6195.6946	6195.8946	6197.1073
2	50	2	2	41	1	6	1	11	2	1	3	1	1.0301324	11	6197.7016	6197.9016	6197.9016	6198.1016	6198.9317
2	50	2	2	42	1	6	1	12	6	2	7	1	1.2107926	12	6199.9097	6200.5097	6200.5097	6200.7097	6201.7205
2	50	2	2	43	1	6	1	13	3	2	4	1	1.9962092	13	6202.5183	6203.1183	6203.1183	6203.3183	6205.1145
2	50	2	2	44	1	6	1	14	4	1	7	0	1.0262232	13	6205.1261	6205.3261	6205.3261	6205.5261	6206.3523
2	50	2	2	45	1	6	1	15	1	2	2	1	1.2074265	14	6207.6426	6208.2426	6208.2426	6208.4426	6209.45
2	50	2	2	46	1	6	1	16	3	1	4	1	1.7035001	15	6210.2514	6210.4514	6210.4514	6210.6514	6212.1549
2	50	2	2	47	1	6	1	17	5	2	6	1	1.364246	16	6212.4597	6213.0597	6213.0597	6213.2597	6214.424
2	50	2	2	48	1	6	1	18	1	2	2	1	1.0942247	17	6215.0688	6215.6688	6215.6688	6215.8688	6216.763
2	50	2	2	49	1	6	1	19	6	1	4	0	1.4512859	17	6217.6779	6217.8779	6217.8779	6218.078	6219.3292
2	50	2	2	50	1	6	1	20	4	2	5	1	1.62205	18	6220.1885	6220.7885	6220.7885	6220.9885	6222.4106
2	50	2	2	51	1	6	1	21	2	2	3	1	1.0271372	19	6222.7972	6223.3972	6223.3972	6223.5972	6224.4243
2	50	2	2	52	1	6	1	22	4	2	6	0	1.5966437	19	6225.4063	6226.0063	6226.0063	6226.2063	6227.603
2	50	2	2	53	1	6	1	23	5	2	6	1	1.0248107	20	6228.3156	6228.9156	6228.9156	6229.1156	6229.9404
2	50	2	2	54	1	6	1	24	2	1	3	1	1.3360449	21	6230.9237	6231.1237	6231.1238	6231.3238	6232.4598
2	50	2	2	55	1	6	1	25	5	1	5	0	1.750729	21	6233.1325	6233.3325	6233.3325	6233.5325	6235.0832
2	50	2	2	56	1	6	1	26	3	1	4	1	1.6885834	22	6235.6424	6235.8424	6235.8424	6236.0424	6237.531
2	50	2	2	57	1	6	1	27	1	1	2	1	0.91018949	23	6237.8519	6238.0519	6238.0519	6238.2519	6238.9621
2	50	2	2	58	1	6	1	28	2	2	3	1	0.87773693	24	6240.0608	6240.6609	6240.6609	6240.8609	6241.5386
2	50	2	2	59	1	6	1	29	6	2	7	1	1.7171697	25	6242.669	6243.269	6243.269	6243.469	6244.9862
2	50	2	2	60	1	6	1	30	1	1	2	1	0.9018574	26	6245.2785	6245.4785	6245.4785	6245.6785	6246.3804
2	50	2	2	61	1	2	2	1	2	1	1	1	0.68965129	1	6257.7208	6257.9208	6257.9208	6258.1208	6258.6105
2	50	2	2	62	1	2	2	2	3	2	1	1	0.7588151	2	6259.9307	6260.5307	6260.5307	6260.7307	6261.2896
2	50	2	2	63	1	2	2	3	2	1	1	1	0.59116648	3	6262.5407	6262.7407	6262.7407	6262.9407	6263.3319
2	50	2	2	64	1	2	2	4	1	2	1	1	0.53876074	4	6264.7503	6265.3503	6265.3503	6265.5504	6265.8891
2	50	2	2	65	1	2	2	5	6	1	8	1	0.64253165	5	6267.3597	6267.5598	6267.5598	6267.7598	6268.2024
2	50	2	2	66	1	2	2	6	2	1	1	1	0.68832907	6	6269.5693	6269.7693	6269.7693	6269.9693	6270.4577
2	50	2	2	67	1	2	2	7	4	1	8	1	0.59129526	7	6271.7793	6271.9793	6271.9793	6272.1793	6272.5706
2	50	2	2	68	1	2	2	8	4	1	8	1	0.49308268	8	6273.989	6274.189	6274.1891	6274.3891	6274.6822
2	50	2	2	69	1	2	2	9	5	2	8	1	0.46873425	9	6276.1987	6276.7988	6276.7988	6276.9988	6277.2675
2	50	2	2	70	1	2	2	10	3	2	1	1	0.61664925	10	6278.8088	6279.4088	6279.4088	6279.6088	6280.0255
2	50	2	2	71	1	2	2	11	5	1	8	1	0.64954728	11	6281.4188	6281.6188	6281.6188	6281.8188	6282.2683
2	50	2	2	72	1	2	2	12	5	2	8	1	0.55039857	12	6283.6271	6284.2271	6284.2271	6284.4272	6284.7775
2	50	2	2	73	1	2	2	13	6	2	8	1	0.51502867	13	6286.2376	6286.8376	6286.8376	6287.0376	6287.3527
2	50	2	2	74	1	2	2	14	4	1	8	1	0.53640945	14	6288.848	6289.0481	6289.0481	6289.2481	6289.5845
2	50	2	2	75	1	2	2	15	3	2	1	1	0.68896341	15	6291.0583	6291.6583	6291.6583	6291.8583	6292.3472
2	50	2	2	76	1	2	2	16	2	1	1	1	0.59275767	16	6293.6662	6293.8662	6293.8662	6294.0662	6294.459
2	50	2	2	77	1	2	2	17	3	2	1	1	0.57398647	17	6295.8772	6296.4772	6296.4772	6296.6772	6297.0512
2	50	2	2	78	1	2	2	18	5	2	8	1	0.55642826	18	6298.485	6299.085	6299.085	6299.285	6299.6414
2	50	2	2	79	1	2	2	19	6	1	8	1	0.50857671	19	6301.0927	6301.2928	6301.2928	6301.4928	6301.8013
2	50	2	2	80	1	2	2	20	3	2	1	1	0.63538596	20	6303.301	6303.901	6303.901	6304.101	6304.5364
2	50	2	2	81	1	2	2	21	5	2	8	1	0.55245972	21	6305.9123	6306.5123	6306.5123	6306.7123	6307.0648
2	50	2	2	82	1	2	2	22	1	2	1	1	0.60820168	22	6308.5229	6309.1229	6309.1229	6309.3229	6309.7311
2	50	2	2	83	1	2	2	23	1	2	1	1	0.56105403	23	6311.1309	6311.7309	6311.7309	6311.9309	6312.2919
2	50	2	2	84	1	2	2	24	6	1	8	1	0.72657935	24	6313.7404	6313.9404	6313.9404	6314.1404	6314.667
2	50	2	2	85	1	2	2	25	1	1	1	1	0.63474181	25	6315.9515	6316.1515	6316.1515	6316.3515	6316.7863
2	50	2	2	86	1	2	2	26	2	1	1	1	0.64914476	26	6318.1621	6318.3621	6318.3621	6318.5621	6319.0112
2	50	2	2	87	1	2	2	27	4	1	8	1	0.58169935	27	6320.371	6320.571	6320.571	6320.771	6321.1527
2	50	2	2	88	1	2	2	28	4	2	8	1	0.59381406	28	6322.5817	6323.1817	6323.1817	6323.3817	6323.7755
2	50	2	2	89	1	2	2	29	1	2	1	1	0.57985547	29	6325.1923	6325.7923	6325.7923	6325.9923	6326.3722
2	50	2	2	90	1	2	2	30	6	1	8	1	0.63123678	30	6327.803	6328.003	6328.003	6328.203	6328.6343
2	50	2	2	91	1	6	2	1	2	1	3	1	0.88830668	1	6362.2989	6362.4989	6362.4989	6362.6989	6363.3872
2	50	2	2	92	1	6	2	2	3	2	4	1	0.87585483	2	6364.5106	6365.1106	6365.1107	6365.3107	6365.9866
2	50	2	2	93	1	6	2	3	3	1	4	1	0.6960667	3	6367.1222	6367.3222	6367.3223	6367.5223	6368.0183
2	50	2	2	94	1	6	2	4	6	2	0	0	-6369.9335	3	6369.3334	6369.9334	6369.9335	6370.1335	0
2	50	2	2	95	1	6	2	5	2	1	3	1	1.1972112	4	6372.2453	6372.4453	6372.4453	6372.6453	6373.6425
2	50	2	2	96	1	6	2	6	5	1	5	0	1.6724523	4	6374.4564	6374.6565	6374.6565	6374.8565	6376.3289
2	50	2	2	97	1	6	2	7	4	1	5	1	0.71990029	5	6376.9711	6377.1711	6377.1712	6377.3712	6377.8911
2	50	2	2	98	1	6	2	8	2	1	3	1	1.0574192	6	6379.1825	6379.3826	6379.3826	6379.5826	6380.44
2	50	2	2	99	1	6	2	9	5	2	6	1	1.7851162	7	6381.3941	6381.9941	6381.9941	6382.1941	6383.7793
2	50	2	2	100	1	6	2	10	1	2	2	1	1.3192544	8	6384.0035	6384.6035	6384.6035	6384.8035	6385.9228
2	50	2	2	101	1	6	2	11	5	1	5	0	1.8252248	8	6386.6152	6386.8152	6386.8152	6387.0152	6388.6404
2	50	2	2	102	1	6	2	12	6	2	7	1	0.94413222	9	6389.1286	6389.7286	6389.7286	6389.9286	6390.6727
2	50	2	2	103	1	6	2	13	4	2	3	0	1.5959731	9	6391.7403	6392.3403	6392.3403	6392.5403	6393.9363
2	50	2	2	104	1	6	2	14	5	1	6	1	1.7706568	10	6394.6629	6394.8629	6394.8629	6395.0629	6396.6336
2	50	2	2	105	1	6	2	15	2	2	3	1	1.2434748	11	6396.8722	6397.4722	6397.4722	6397.6723	6398.7157
2	50	2	2	106	1	6	2	16	1	1	2	1	1.2676766	12	6399.4845	6399.6845	6399.6845	6399.8845	6400.9522
2	50	2	2	107	1	6	2	17	1	2	2	1	0.75531021	13	6401.6966	6402.2966	6402.2966	6402.4966	6403.0519
2	50	2	2	108	1	6	2	18	3	2	4	1	1.0231759	14	6404.3082	6404.9082	6404.9082	6405.1082	6405.9314
2	50	2	2	109	1	6	2	19	4	1	3	0	1.7557206	14	6406.9197	6407.1197	6407.1197	6407.3197	6408.8755
2	50	2	2	110	1	6	2	20	1	2	2	1	1.5140682	15	6409.433	6410.033	6410.033	6410.233	6411.5471
2	50	2	2	111	1	6	2	21	4	2	6	0	1.8948515	15	6412.0447	6412.6448	6412.6448	6412.8448	6414.5396
2	50	2	2	112	1	6	2	22	3	2	0	0	-6415.5668	15	6414.9668	6415.5668	6415.5668	6415.7668	0
2	50	2	2	113	1	6	2	23	6	2	7	1	1.0195771	16	6417.879	6418.479	6418.479	6418.679	6419.4986
2	50	2	2	114	1	6	2	24	6	1	7	1	0.61523138	17	6420.4914	6420.6915	6420.6915	6420.8915	6421.3067
2	50	2	2	115	1	6	2	25	3	1	4	1	0.97176939	18	6422.7017	6422.9017	6422.9017	6423.1018	6423.8735
2	50	2	2	116	1	6	2	26	6	1	7	1	0.74530952	19	6424.9135	6425.1135	6425.1135	6425.3135	6425.8588
2	50	2	2	117	1	6	2	27	4	1	5	1	1.4411464	20	6427.1265	6427.3265	6427.3265	6427.5265	6428.7676
2	50	2	2	118	1	6	2	28	1	2	2	1	1.1895924	21	6429.3386	6429.9386	6429.9386	6430.1386	6431.1282
2	50	2	2	119	1	6	2	29	5	2	6	1	1.4196153	22	6431.9509	6432.551	6432.551	6432.751	6433.9706
2	50	2	2	120	1	6	2	30	2	1	3	1	1.0023597	23	6434.5609	6434.7609	6434.7609	6434.9609	6435.7633
2	50	2	2	121	1	2	3	1	2	1	1	1	0.84159067	1	6445.8906	6446.0906	6446.0906	6446.2906	6446.9322
2	50	2	2	122	1	2	3	2	2	2	1	1	0.75701548	2	6448.1029	6448.7029	6448.7029	6448.9029	6449.4599
2	50	2	2	123	1	2	3	3	5	1	8	1	0.69602746	3	6450.7158	6450.9158	6450.9158	6451.1158	6451.6118
2	50	2	2	124	1	2	3	4	4	2	8	1	0.49691944	4	6452.9288	6453.5288	6453.5288	6453.7288	6454.0257
2	50	2	2	125	1	2	3	5	2	1	1	1	0.63631268	5	6455.5418	6455.7418	6455.7418	6455.9418	6456.3781
2	50	2	2	126	1	2	3	6	1	1	1	1	0.57630021	6	6457.7538	6457.9538	6457.9538	6458.1538	6458.5301
2	50	2	2	127	1	2	3	7	5	1	8	1	0.66842294	7	6459.9664	6460.1664	6460.1664	6460.3664	6460.8348
2	50	2	2	128	1	2	3	8	6	1	8	1	0.46404014	8	6462.1793	6462.3793	6462.3793	6462.5793	6462.8434
2	50	2	2	129	1	2	3	9	2	2	1	1	0.61732855	9	6464.3915	6464.9915	6464.9915	6465.1915	6465.6088
2	50	2	2	130	1	2	3	10	3	2	1	1	0.56830416	10	6467.0038	6467.6038	6467.6038	6467.8038	6468.1721
2	50	2	2	131	1	2	3	11	6	1	8	1	0.60546916	11	6469.6135	6469.8136	6469.8136	6470.0136	6470.419
2	50	2	2	132	1	2	3	12	3	2	1	1	0.67899725	12	6471.8264	6472.4265	6472.4265	6472.6265	6473.1055
2	50	2	2	133	1	2	3	13	5	2	8	1	0.62151888	13	6474.4372	6475.0372	6475.0372	6475.2372	6475.6587
2	50	2	2	134	1	2	3	14	1	1	1	1	0.68884715	14	6477.0501	6477.2501	6477.2501	6477.4502	6477.939
2	50	2	2	135	1	2	3	15	3	2	1	1	0.51606183	15	6479.2627	6479.8627	6479.8627	6480.0627	6480.3788
2	50	2	2	136	1	2	3	16	1	1	1	1	0.57388537	16	6481.8756	6482.0756	6482.0756	6482.2756	6482.6495
2	50	2	2	137	1	2	3	17	1	2	1	1	0.51423357	17	6484.0891	6484.6891	6484.6891	6484.8891	6485.2033
2	50	2	2	138	1	2	3	18	4	2	8	1	0.55156149	18	6486.6993	6487.2993	6487.2993	6487.4994	6487.8509
2	50	2	2	139	1	2	3	19	6	1	8	1	0.5222609	19	6489.3127	6489.5127	6489.5127	6489.7127	6490.035
2	50	2	2	140	1	2	3	20	5	2	8	1	0.60080648	20	6491.523	6492.123	6492.123	6492.323	6492.7238
2	50	2	2	141	1	2	3	21	6	2	8	1	0.50646266	21	6494.1358	6494.7359	6494.7359	6494.9359	6495.2423
2	50	2	2	142	1	2	3	22	2	2	1	1	0.62709228	22	6496.7493	6497.3493	6497.3493	6497.5493	6497.9764
2	50	2	2	143	1	2	3	23	4	2	8	1	0.59836953	23	6499.3621	6499.9621	6499.9621	6500.1621	6500.5604
2	50	2	2	144	1	2	3	24	4	1	8	1	0.52494205	24	6501.9753	6502.1753	6502.1753	6502.3753	6502.7003
2	50	2	2	145	1	2	3	25	3	1	1	1	0.65294491	25	6504.1888	6504.3888	6504.3888	6504.5889	6505.0418
2	50	2	2	146	1	2	3	26	4	1	8	1	0.55278453	26	6506.4023	6506.6023	6506.6023	6506.8023	6507.1551
2	50	2	2	147	1	2	3	27	3	1	1	1	0.61894652	27	6508.614	6508.814	6508.814	6509.014	6509.4329
2	50	2	2	148	1	2	3	28	1	2	1	1	0.6305844	28	6510.8255	6511.4255	6511.4255	6511.6255	6512.0561
2	50	2	2	149	1	2	3	29	5	2	8	1	0.70824246	29	6513.4392	6514.0392	6514.0392	6514.2392	6514.7475
2	50	2	2	150	1	2	3	30	6	1	8	1	0.55008637	30	6516.0527	6516.2527	6516.2527	6516.4527	6516.8028
2	50	2	2	151	1	6	3	1	3	1	4	1	1.2733872	1	6531.4966	6531.6966	6531.6966	6531.8966	6532.97
2	50	2	2	152	1	6	3	2	2	2	3	1	1.0692886	2	6533.7099	6534.3099	6534.3099	6534.5099	6535.3792
2	50	2	2	153	1	6	3	3	4	1	5	1	1.166601	3	6536.3233	6536.5233	6536.5233	6536.7233	6537.6899
2	50	2	2	154	1	6	3	4	2	2	3	1	1.0405182	4	6538.5366	6539.1366	6539.1366	6539.3366	6540.1771
2	50	2	2	155	1	6	3	5	5	1	6	1	0.81190492	5	6541.151	6541.351	6541.351	6541.551	6542.1629
2	50	2	2	156	1	6	3	6	2	1	3	1	0.98529898	6	6543.3618	6543.5618	6543.5618	6543.7618	6544.5471
2	50	2	2	157	1	6	3	7	6	1	7	1	0.91260092	7	6545.5766	6545.7766	6545.7766	6545.9766	6546.6892
2	50	2	2	158	1	6	3	8	2	1	3	1	0.88445954	8	6547.7896	6547.9897	6547.9897	6548.1897	6548.8741
2	50	2	2	159	1	6	3	9	5	2	6	1	1.2641548	9	6550.0042	6550.6042	6550.6042	6550.8042	6551.8684
2	50	2	2	160	1	6	3	10	1	2	2	1	1.3666091	10	6552.6164	6553.2164	6553.2164	6553.4164	6554.583
2	50	2	2	161	1	6	3	11	4	1	5	1	1.2748403	11	6555.2305	6555.4305	6555.4305	6555.6305	6556.7053
2	50	2	2	162	1	6	3	12	4	2	5	1	0.65418197	12	6557.4445	6558.0445	6558.0445	6558.2445	6558.6986
2	50	2	2	163	1	6	3	13	6	2	7	1	1.1830449	13	6560.0585	6560.6585	6560.6585	6560.8585	6561.8415
2	50	2	2	164	1	6	3	14	6	1	7	1	0.67746193	14	6562.6702	6562.8702	6562.8702	6563.0702	6563.5477
2	50	2	2	165	1	6	3	15	6	2	7	1	0.82997733	15	6564.8843	6565.4843	6565.4843	6565.6843	6566.3142
2	50	2	2	166	1	6	3	16	3	1	4	1	1.2249063	16	6567.497	6567.697	6567.697	6567.897	6568.9219
2	50	2	2	167	1	6	3	17	5	2	6	1	1.0952389	17	6569.709	6570.309	6570.309	6570.509	6571.4042
2	50	2	2	168	1	6	3	18	6	2	7	1	0.93189913	18	6572.3202	6572.9202	6572.9202	6573.1202	6573.8521
2	50	2	2	169	1	6	3	19	4	1	5	1	1.20476	19	6574.9356	6575.1356	6575.1356	6575.3356	6576.3403
2	50	2	2	170	1	6	3	20	3	2	4	1	0.91627405	20	6577.15	6577.75	6577.75	6577.95	6578.6663
2	50	2	2	171	1	6	3	21	2	2	3	1	0.81519071	21	6579.765	6580.365	6580.365	6580.565	6581.1802
2	50	2	2	172	1	6	3	22	1	2	2	1	1.0407327	22	6582.3795	6582.9795	6582.9795	6583.1795	6584.0202
2	50	2	2	173	1	6	3	23	1	2	2	1	0.64959945	23	6584.9943	6585.5943	6585.5943	6585.7943	6586.2439
2	50	2	2	174	1	6	3	24	5	1	6	1	1.6477114	24	6587.6088	6587.8088	6587.8088	6588.0088	6589.4565
2	50	2	2	175	1	6	3	25	3	1	4	1	1.0894893	25	6589.8231	6590.0231	6590.0231	6590.2231	6591.1125
2	50	2	2	176	1	6	3	26	4	1	5	1	0.62009758	26	6592.0378	6592.2378	6592.2378	6592.4379	6592.8579
2	50	2	2	177	1	6	3	27	1	1	2	1	1.0530121	27	6594.2528	6594.4528	6594.4528	6594.6528	6595.5058
2	50	2	2	178	1	6	3	28	5	2	6	1	1.4714318	28	6596.4674	6597.0674	6597.0674	6597.2674	6598.5389
2	50	2	2	179	1	6	3	29	3	2	4	1	1.031351	29	6599.0819	6599.6819	6599.6819	6599.882	6600.7133
2	50	2	2	180	1	6	3	30	1	1	2	1	1.3389512	30	6601.6974	6601.8974	6601.8974	6602.0974	6603.2363
2	50	2	2	181	2	2	4	1	5	1	8	1	0.8095367	1	7038.7908	7038.9908	7038.9908	7039.1908	7039.8004
2	50	2	2	182	2	2	4	2	1	2	1	1	0.75592988	2	7041.0062	7041.6062	7041.6062	7041.8062	7042.3622
2	50	2	2	183	2	2	4	3	3	1	1	1	0.74978228	3	7043.6196	7043.8196	7043.8196	7044.0196	7044.5694
2	50	2	2	184	2	2	4	4	2	2	1	1	0.59009108	4	7045.835	7046.435	7046.435	7046.635	7047.0251
2	50	2	2	185	2	2	4	5	2	1	1	1	0.59314077	5	7048.45	7048.65	7048.65	7048.85	7049.2431
2	50	2	2	186	2	2	4	6	6	1	8	1	0.56592679	6	7050.6621	7050.8621	7050.8622	7051.0622	7051.4281
2	50	2	2	187	2	2	4	7	4	1	8	1	0.47864002	7	7052.8778	7053.0778	7053.0778	7053.2778	7053.5564
2	50	2	2	188	2	2	4	8	6	1	8	1	0.5228223	8	7055.0935	7055.2935	7055.2935	7055.4935	7055.8163
2	50	2	2	189	2	2	4	9	3	2	1	1	0.58413908	9	7057.3062	7057.9062	7057.9062	7058.1062	7058.4904
2	50	2	2	190	2	2	4	10	4	2	8	1	0.64880797	10	7059.9217	7060.5217	7060.5217	7060.7217	7061.1705
2	50	2	2	191	2	2	4	11	3	1	1	1	0.65703007	11	7062.5375	7062.7375	7062.7375	7062.9375	7063.3945
2	50	2	2	192	2	2	4	12	3	2	1	1	0.51353465	12	7064.7534	7065.3534	7065.3534	7065.5534	7065.867
2	50	2	2	193	2	2	4	13	6	2	8	1	0.54627746	13	7067.3662	7067.9662	7067.9662	7068.1662	7068.5125
2	50	2	2	194	2	2	4	14	2	1	1	1	0.6763073	14	7069.9817	7070.1817	7070.1817	7070.3817	7070.858
2	50	2	2	195	2	2	4	15	5	2	8	1	0.62258827	15	7072.1972	7072.7972	7072.7972	7072.9972	7073.4198
2	50	2	2	196	2	2	4	16	4	1	8	1	0.97171029	16	7074.8125	7075.0125	7075.0125	7075.2125	7075.9842
2	50	2	2	197	2	2	4	17	2	2	1	1	0.84738343	17	7077.0279	7077.6279	7077.6279	7077.8279	7078.4753
2	50	2	2	198	2	2	4	18	5	2	8	1	0.56626796	18	7079.6461	7080.2461	7080.2461	7080.4461	7080.8124
2	50	2	2	199	2	2	4	19	4	1	8	1	0.87421507	19	7082.2621	7082.4621	7082.4621	7082.6621	7083.3363
2	50	2	2	200	2	2	4	20	3	2	1	1	0.78183964	20	7084.4784	7085.0784	7085.0784	7085.2784	7085.8603
2	50	2	2	201	2	2	4	21	1	2	1	1	0.66124053	21	7087.0943	7087.6943	7087.6943	7087.8943	7088.3556
2	50	2	2	202	2	2	4	22	6	2	8	1	0.53891177	22	7089.7103	7090.3103	7090.3103	7090.5103	7090.8493
2	50	2	2	203	2	2	4	23	2	2	1	1	0.65142696	23	7092.3267	7092.9267	7092.9267	7093.1267	7093.5781
2	50	2	2	204	2	2	4	24	4	1	8	1	0.59043494	24	7094.9395	7095.1395	7095.1395	7095.3395	7095.7299
2	50	2	2	205	2	2	4	25	1	1	1	1	0.71603259	25	7097.156	7097.356	7097.356	7097.556	7098.0721
2	50	2	2	206	2	2	4	26	5	1	8	1	0.48871339	26	7099.3717	7099.5717	7099.5717	7099.7717	7100.0604
2	50	2	2	207	2	2	4	27	1	1	1	1	0.65603602	27	7101.5874	7101.7874	7101.7874	7101.9874	7102.4434
2	50	2	2	208	2	2	4	28	5	2	8	1	0.52871474	28	7103.8036	7104.4036	7104.4036	7104.6037	7104.9324
2	50	2	2	209	2	2	4	29	6	2	8	1	0.53328878	29	7106.418	7107.018	7107.018	7107.218	7107.5513
2	50	2	2	210	2	2	4	30	1	1	1	1	0.69482031	30	7109.0341	7109.2341	7109.2342	7109.4342	7109.929
2	50	2	2	211	2	6	4	1	1	1	2	1	0.95436835	1	7139.3197	7139.5197	7139.5197	7139.7197	7140.4741
2	50	2	2	212	2	6	4	2	6	2	7	1	1.1935705	2	7141.5366	7142.1366	7142.1366	7142.3366	7143.3302
2	50	2	2	213	2	6	4	3	5	1	6	1	1.3268168	3	7144.1537	7144.3537	7144.3537	7144.5537	7145.6805
2	50	2	2	214	2	6	4	4	5	2	6	1	0.62519604	4	7146.3671	7146.9671	7146.9671	7147.1671	7147.5923
2	50	2	2	215	2	6	4	5	4	1	5	1	0.73736629	5	7148.9839	7149.1839	7149.1839	7149.384	7149.9213
2	50	2	2	216	2	6	4	6	6	1	7	1	1.0808839	6	7151.2003	7151.4003	7151.4003	7151.6003	7152.4812
2	50	2	2	217	2	6	4	7	6	1	7	1	0.68124383	7	7153.4164	7153.6164	7153.6164	7153.8164	7154.2976
2	50	2	2	218	2	6	4	8	2	1	3	1	1.0971438	8	7155.6331	7155.8331	7155.8331	7156.0331	7156.9303
2	50	2	2	219	2	6	4	9	1	2	2	1	1.0316858	9	7157.8499	7158.4499	7158.4499	7158.6499	7159.4816
2	50	2	2	220	2	6	4	10	5	2	6	1	1.0416581	10	7160.4632	7161.0632	7161.0632	7161.2632	7162.1049
2	50	2	2	221	2	6	4	11	3	1	4	1	1.9135027	11	7163.0802	7163.2802	7163.2802	7163.4802	7165.1937
2	50	2	2	222	2	6	4	12	3	2	4	1	0.66546968	12	7165.2971	7165.8971	7165.8971	7166.0971	7166.5625
2	50	2	2	223	2	6	4	13	4	2	5	1	0.78392645	13	7167.9144	7168.5144	7168.5144	7168.7144	7169.2984
2	50	2	2	224	2	6	4	14	6	1	7	1	1.3438432	14	7170.5312	7170.7312	7170.7312	7170.9312	7172.075
2	50	2	2	225	2	6	4	15	4	2	5	1	1.1597041	15	7172.7485	7173.3485	7173.3485	7173.5485	7174.5082
2	50	2	2	226	2	6	4	16	5	1	6	1	0.76486034	16	7175.3661	7175.5661	7175.5661	7175.7662	7176.331
2	50	2	2	227	2	6	4	17	2	2	3	1	0.98107234	17	7177.5832	7178.1832	7178.1832	7178.3832	7179.1643
2	50	2	2	228	2	6	4	18	5	2	6	1	1.2260353	18	7180.2004	7180.8004	7180.8004	7181.0004	7182.0265
2	50	2	2	229	2	6	4	19	2	1	3	1	0.99178098	19	7182.8182	7183.0182	7183.0182	7183.2183	7184.01
2	50	2	2	230	2	6	4	20	3	2	4	1	1.2609493	20	7185.0361	7185.6361	7185.6361	7185.8361	7186.897
2	50	2	2	231	2	6	4	21	6	2	7	1	0.97988499	21	7187.6531	7188.2531	7188.2531	7188.4531	7189.233
2	50	2	2	232	2	6	4	22	1	2	2	1	0.82750283	22	7190.2708	7190.8708	7190.8708	7191.0708	7191.6983
2	50	2	2	233	2	6	4	23	4	2	5	1	0.74530211	23	7192.8883	7193.4884	7193.4884	7193.6884	7194.2337
2	50	2	2	234	2	6	4	24	2	1	3	1	1.0730779	24	7195.5053	7195.7053	7195.7053	7195.9053	7196.7784
2	50	2	2	235	2	6	4	25	4	1	5	1	1.0772655	25	7197.7231	7197.9231	7197.9231	7198.1231	7199.0004
2	50	2	2	236	2	6	4	26	3	1	4	1	1.3960349	26	7199.9405	7200.1405	7200.1405	7200.3405	7201.5365
2	50	2	2	237	2	6	4	27	3	1	4	1	0.69936064	27	7202.1581	7202.3581	7202.3581	7202.5581	7203.0575
2	50	2	2	238	2	6	4	28	1	2	2	1	0.93874734	28	7204.3756	7204.9756	7204.9756	7205.1756	7205.9144
2	50	2	2	239	2	6	4	29	1	2	2	1	0.86439541	29	7206.9941	7207.5941	7207.5941	7207.7941	7208.4585
2	50	2	2	240	2	6	4	30	2	1	3	1	1.0354559	30	7209.6117	7209.8117	7209.8117	7210.0117	7210.8472
2	50	2	2	241	2	2	5	1	2	1	1	1	0.73599544	1	7239.8885	7240.0885	7240.0885	7240.2885	7240.8245
2	50	2	2	242	2	2	5	2	3	2	1	1	0.72814583	2	7242.1068	7242.7068	7242.7068	7242.9068	7243.4349
2	50	2	2	243	2	2	5	3	6	1	8	1	0.60069068	3	7244.7214	7244.9214	7244.9214	7245.1214	7245.5221
2	50	2	2	244	2	2	5	4	4	2	8	1	0.52764178	4	7246.9393	7247.5393	7247.5393	7247.7393	7248.0669
2	50	2	2	245	2	2	5	5	4	1	8	1	0.54768475	5	7249.5567	7249.7568	7249.7568	7249.9568	7250.3044
2	50	2	2	246	2	2	5	6	4	1	8	1	0.49872137	6	7251.7752	7251.9752	7251.9752	7252.1752	7252.474
2	50	2	2	247	2	2	5	7	2	1	1	1	0.65590203	7	7253.9934	7254.1934	7254.1934	7254.3934	7254.8493
2	50	2	2	248	2	2	5	8	2	1	1	1	0.55221368	8	7256.212	7256.412	7256.412	7256.612	7256.9643
2	50	2	2	249	2	2	5	9	2	2	1	1	0.61226335	9	7258.4309	7259.0309	7259.0309	7259.2309	7259.6431
2	50	2	2	250	2	2	5	10	3	2	1	1	0.62701205	10	7261.0492	7261.6492	7261.6492	7261.8492	7262.2763
2	50	2	2	251	2	2	5	11	1	1	1	1	0.54194494	11	7263.6679	7263.8679	7263.8679	7264.0679	7264.4098
2	50	2	2	252	2	2	5	12	1	2	1	1	0.53601584	12	7265.8882	7266.4882	7266.4882	7266.6882	7267.0242
2	50	2	2	253	2	2	5	13	1	2	1	1	0.53469435	13	7268.5068	7269.1068	7269.1068	7269.3068	7269.6415
2	50	2	2	254	2	2	5	14	3	1	1	1	0.49357618	14	7271.1253	7271.3253	7271.3253	7271.5253	7271.8189
2	50	2	2	255	2	2	5	15	5	2	8	1	0.6451935	15	7273.3432	7273.9432	7273.9432	7274.1432	7274.5884
2	50	2	2	256	2	2	5	16	2	1	1	1	0.77651438	16	7275.9616	7276.1616	7276.1616	7276.3616	7276.9381
2	50	2	2	257	2	2	5	17	1	2	1	1	0.59045764	17	7278.1803	7278.7803	7278.7803	7278.9803	7279.3707
2	50	2	2	258	2	2	5	18	6	2	8	1	0.54678434	18	7280.7988	7281.3988	7281.3988	7281.5988	7281.9456
2	50	2	2	259	2	2	5	19	5	1	8	1	0.52971882	19	7283.4172	7283.6172	7283.6172	7283.8172	7284.1469
2	50	2	2	260	2	2	5	20	4	2	8	1	0.61034579	20	7285.6327	7286.2327	7286.2327	7286.4327	7286.843
2	50	2	2	261	2	2	5	21	5	2	8	1	0.5574729	21	7288.2524	7288.8524	7288.8524	7289.0524	7289.4098
2	50	2	2	262	2	2	5	22	4	2	8	1	0.55484464	22	7290.8712	7291.4712	7291.4712	7291.6712	7292.026
2	50	2	2	263	2	2	5	23	6	2	8	1	0.59068369	23	7293.4901	7294.0901	7294.0901	7294.2901	7294.6808
2	50	2	2	264	2	2	5	24	3	1	1	1	0.73646538	24	7296.1053	7296.3053	7296.3053	7296.5053	7297.0418
2	50	2	2	265	2	2	5	25	5	1	8	1	0.66070965	25	7298.3246	7298.5246	7298.5246	7298.7246	7299.1853
2	50	2	2	266	2	2	5	26	3	1	1	1	0.70026496	26	7300.5422	7300.7422	7300.7422	7300.9423	7301.4425
2	50	2	2	267	2	2	5	27	6	1	8	1	0.60156416	27	7302.7611	7302.9611	7302.9611	7303.1611	7303.5626
2	50	2	2	268	2	2	5	28	5	2	8	1	0.57889875	28	7304.9771	7305.5771	7305.5771	7305.7771	7306.156
2	50	2	2	269	2	2	5	29	1	2	1	1	0.70311009	29	7307.5958	7308.1958	7308.1958	7308.3958	7308.8989
2	50	2	2	270	2	2	5	30	6	1	8	1	0.65955884	30	7310.2143	7310.4143	7310.4144	7310.6144	7311.0739
2	50	2	2	271	2	6	5	1	6	1	4	0	1.4645195	0	7340.5075	7340.7075	7340.7075	7340.9075	7342.172
2	50	2	2	272	2	6	5	2	2	2	3	1	1.4767779	1	7342.7269	7343.3269	7343.3269	7343.5269	7344.8037
2	50	2	2	273	2	6	5	3	2	1	3	1	1.0340955	2	7345.345	7345.545	7345.545	7345.745	7346.5791
2	50	2	2	274	2	6	5	4	3	2	4	1	1.4337823	3	7347.5618	7348.1618	7348.1618	7348.3618	7349.5956
2	50	2	2	275	2	6	5	5	6	1	7	1	0.73666979	4	7350.1779	7350.3779	7350.378	7350.578	7351.1147
2	50	2	2	276	2	6	5	6	3	1	4	1	0.86998665	5	7352.397	7352.597	7352.597	7352.797	7353.467
2	50	2	2	277	2	6	5	7	3	1	4	1	0.85673272	6	7354.6171	7354.8171	7354.8171	7355.0171	7355.6739
2	50	2	2	278	2	6	5	8	2	1	3	1	0.89376256	7	7356.8369	7357.0369	7357.0369	7357.2369	7357.9306
2	50	2	2	279	2	6	5	9	5	2	6	1	1.2776845	8	7359.0546	7359.6546	7359.6546	7359.8546	7360.9323
2	50	2	2	280	2	6	5	10	5	2	6	1	0.65793969	9	7361.6726	7362.2726	7362.2726	7362.4726	7362.9305
2	50	2	2	281	2	6	5	11	4	1	5	1	0.68494143	10	7364.2926	7364.4926	7364.4926	7364.6926	7365.1775
2	50	2	2	282	2	6	5	12	1	2	2	1	0.94681994	11	7366.5122	7367.1122	7367.1122	7367.3122	7368.059
2	50	2	2	283	2	6	5	13	4	2	5	1	1.5746419	12	7369.1318	7369.7318	7369.7318	7369.9318	7371.3065
2	50	2	2	284	2	6	5	14	1	1	4	0	1.9494061	12	7371.751	7371.951	7371.951	7372.151	7373.9004
2	50	2	2	285	2	6	5	15	3	2	4	1	1.7398993	13	7373.9672	7374.5672	7374.5672	7374.7672	7376.3071
2	50	2	2	286	2	6	5	16	6	1	7	1	0.85740399	14	7376.585	7376.785	7376.785	7376.985	7377.6424
2	50	2	2	287	2	6	5	17	4	2	5	1	1.1174596	15	7378.8046	7379.4046	7379.4046	7379.6047	7380.5221
2	50	2	2	288	2	6	5	18	3	2	4	1	1.31374	16	7381.4244	7382.0244	7382.0244	7382.2244	7383.3382
2	50	2	2	289	2	6	5	19	1	1	2	1	1.5796445	17	7384.0446	7384.2446	7384.2446	7384.4446	7385.8242
2	50	2	2	290	2	6	5	20	2	2	3	1	0.84020169	18	7386.2645	7386.8645	7386.8646	7387.0646	7387.7048
2	50	2	2	291	2	6	5	21	4	2	5	1	1.0387884	19	7388.8844	7389.4844	7389.4844	7389.6844	7390.5232
2	50	2	2	292	2	6	5	22	5	2	6	1	0.75379352	20	7391.5043	7392.1043	7392.1043	7392.3043	7392.8581
2	50	2	2	293	2	6	5	23	5	2	6	1	0.58914886	21	7394.1233	7394.7233	7394.7233	7394.9233	7395.3125
2	50	2	2	294	2	6	5	24	6	1	7	1	1.9931999	22	7396.7436	7396.9436	7396.9436	7397.1436	7398.9368
2	50	2	2	295	2	6	5	25	1	1	2	1	1.5431876	23	7398.9615	7399.1615	7399.1616	7399.3616	7400.7047
2	50	2	2	296	2	6	5	26	5	1	6	1	1.2144082	24	7401.1819	7401.3819	7401.3819	7401.5819	7402.5963
2	50	2	2	297	2	6	5	27	1	1	2	1	1.3023399	25	7403.4026	7403.6026	7403.6026	7403.8026	7404.905
2	50	2	2	298	2	6	5	28	6	2	7	1	1.4754106	26	7405.6229	7406.2229	7406.2229	7406.4229	7407.6983
2	50	2	2	299	2	6	5	29	4	2	5	1	1.3898486	27	7408.2431	7408.8431	7408.8431	7409.0431	7410.233
2	50	2	2	300	2	6	5	30	2	1	3	1	1.1533643	28	7410.8641	7411.0641	7411.0641	7411.2641	7412.2174
2	50	2	2	301	2	2	6	1	3	1	1	1	0.61564479	1	7441.1566	7441.3566	7441.3566	7441.5566	7441.9722
2	50	2	2	302	2	2	6	2	5	2	8	1	0.55510317	2	7443.3772	7443.9772	7443.9772	7444.1772	7444.5323
2	50	2	2	303	2	2	6	3	2	1	1	1	0.94121117	3	7445.9989	7446.1989	7446.1989	7446.3989	7447.1401
2	50	2	2	304	2	2	6	4	1	2	1	1	0.65674095	4	7448.2195	7448.8195	7448.8195	7449.0195	7449.4762
2	50	2	2	305	2	2	6	5	1	1	1	1	0.82016422	5	7450.8397	7451.0397	7451.0397	7451.2397	7451.8598
2	50	2	2	306	2	2	6	6	2	1	1	1	0.5430672	6	7453.0606	7453.2606	7453.2606	7453.4606	7453.8037
2	50	2	2	307	2	2	6	7	6	1	8	1	0.53441091	7	7455.2819	7455.4819	7455.4819	7455.6819	7456.0163
2	50	2	2	308	2	2	6	8	5	1	8	1	0.50264115	8	7457.4994	7457.6994	7457.6994	7457.8995	7458.2021
2	50	2	2	309	2	2	6	9	3	2	1	1	0.60894363	9	7459.7208	7460.3208	7460.3208	7460.5208	7460.9297
2	50	2	2	310	2	2	6	10	1	2	1	1	0.54219886	10	7462.3416	7462.9416	7462.9416	7463.1416	7463.4838
2	50	2	2	311	2	2	6	11	1	1	1	1	0.56784904	11	7464.9624	7465.1624	7465.1624	7465.3624	7465.7302
2	50	2	2	312	2	2	6	12	6	2	8	1	0.57861584	12	7467.1837	7467.7837	7467.7837	7467.9837	7468.3623
2	50	2	2	313	2	2	6	13	2	2	1	1	0.67130078	13	7469.8017	7470.4017	7470.4017	7470.6017	7471.073
2	50	2	2	314	2	2	6	14	5	1	8	1	0.64311779	14	7472.4226	7472.6226	7472.6226	7472.8227	7473.2658
2	50	2	2	315	2	2	6	15	2	2	1	1	0.53861614	15	7474.6463	7475.2463	7475.2463	7475.4463	7475.7849
2	50	2	2	316	2	2	6	16	4	1	8	1	0.64488488	16	7477.2671	7477.4671	7477.4672	7477.6672	7478.112
2	50	2	2	317	2	2	6	17	3	2	1	1	0.60478212	17	7479.4856	7480.0856	7480.0856	7480.2856	7480.6904
2	50	2	2	318	2	2	6	18	2	2	1	1	0.55209459	18	7482.1056	7482.7056	7482.7056	7482.9056	7483.2577
2	50	2	2	319	2	2	6	19	1	1	1	1	0.68210845	19	7484.7266	7484.9266	7484.9266	7485.1266	7485.6087
2	50	2	2	320	2	2	6	20	3	2	1	1	0.60838069	20	7486.9477	7487.5477	7487.5477	7487.7477	7488.1561
2	50	2	2	321	2	2	6	21	6	2	8	1	0.55984852	21	7489.5685	7490.1685	7490.1685	7490.3685	7490.7284
2	50	2	2	322	2	2	6	22	5	2	8	1	0.54820183	22	7492.19	7492.79	7492.79	7492.99	7493.3382
2	50	2	2	323	2	2	6	23	6	2	8	1	0.55228114	23	7494.8114	7495.4114	7495.4114	7495.6114	7495.9636
2	50	2	2	324	2	2	6	24	4	1	8	1	0.51506028	24	7497.4331	7497.6331	7497.6331	7497.8331	7498.1481
2	50	2	2	325	2	2	6	25	3	1	1	1	0.80140422	25	7499.6552	7499.8552	7499.8552	7500.0553	7500.6567
2	50	2	2	326	2	2	6	26	4	1	8	1	0.70730977	26	7501.8773	7502.0773	7502.0773	7502.2773	7502.7846
2	50	2	2	327	2	2	6	27	6	1	8	1	0.55018292	27	7504.0988	7504.2988	7504.2988	7504.4988	7504.8489
2	50	2	2	328	2	2	6	28	4	2	8	1	0.50347534	28	7506.3206	7506.9206	7506.9206	7507.1206	7507.424
2	50	2	2	329	2	2	6	29	4	2	8	1	0.48586847	29	7508.9412	7509.5412	7509.5412	7509.7412	7510.027
2	50	2	2	330	2	2	6	30	5	1	8	1	0.53981041	30	7511.5658	7511.7658	7511.7658	7511.9658	7512.3056
2	50	2	2	331	2	6	6	1	3	1	4	1	1.2545501	1	7541.8457	7542.0457	7542.0457	7542.2457	7543.3003
2	50	2	2	332	2	6	6	2	1	2	2	1	1.1507893	2	7544.068	7544.668	7544.668	7544.868	7545.8188
2	50	2	2	333	2	6	6	3	2	1	3	1	0.88750132	3	7546.6902	7546.8902	7546.8902	7547.0902	7547.7777
2	50	2	2	334	2	6	6	4	6	2	7	1	1.3649839	4	7548.9113	7549.5113	7549.5113	7549.7113	7550.8763
2	50	2	2	335	2	6	6	5	4	1	5	1	1.1437934	5	7551.5299	7551.7299	7551.7299	7551.9299	7552.8736
2	50	2	2	336	2	6	6	6	2	1	3	1	0.95401938	6	7553.7514	7553.9514	7553.9514	7554.1514	7554.9054
2	50	2	2	337	2	6	6	7	1	1	2	1	1.284038	7	7555.9735	7556.1735	7556.1735	7556.3735	7557.4576
2	50	2	2	338	2	6	6	8	3	1	4	1	1.1520735	8	7558.1953	7558.3953	7558.3953	7558.5953	7559.5474
2	50	2	2	339	2	6	6	9	5	2	6	1	1.3710762	9	7560.4173	7561.0173	7561.0173	7561.2173	7562.3883
2	50	2	2	340	2	6	6	10	3	2	4	1	1.5878709	10	7563.0386	7563.6386	7563.6386	7563.8386	7565.2265
2	50	2	2	341	2	6	6	11	2	1	3	1	0.89436445	11	7565.6612	7565.8612	7565.8612	7566.0612	7566.7556
2	50	2	2	342	2	6	6	12	3	2	4	1	0.8886096	12	7567.8825	7568.4825	7568.4825	7568.6825	7569.3711
2	50	2	2	343	2	6	6	13	4	2	5	1	1.1870941	13	7570.5053	7571.1053	7571.1053	7571.3053	7572.2924
2	50	2	2	344	2	6	6	14	5	1	6	1	0.85186413	14	7573.1267	7573.3267	7573.3267	7573.5267	7574.1786
2	50	2	2	345	2	6	6	15	2	2	3	1	0.83648959	15	7575.3495	7575.9495	7575.9495	7576.1495	7576.786
2	50	2	2	346	2	6	6	16	4	1	5	1	1.2192038	16	7577.9684	7578.1684	7578.1684	7578.3684	7579.3876
2	50	2	2	347	2	6	6	17	6	2	7	1	1.0736045	17	7580.1908	7580.7908	7580.7908	7580.9908	7581.8644
2	50	2	2	348	2	6	6	18	6	2	7	1	0.59536555	18	7582.8137	7583.4137	7583.4137	7583.6137	7584.0091
2	50	2	2	349	2	6	6	19	1	1	2	1	1.8512837	19	7585.4381	7585.6381	7585.6381	7585.8381	7587.4894
2	50	2	2	350	2	6	6	20	1	2	2	1	0.74820132	20	7587.6604	7588.2604	7588.2605	7588.4605	7589.0087
2	50	2	2	351	2	6	6	21	6	2	7	1	1.1038772	21	7590.2832	7590.8832	7590.8832	7591.0832	7591.987
2	50	2	2	352	2	6	6	22	2	2	3	1	0.84037681	22	7592.9059	7593.5059	7593.5059	7593.7059	7594.3463
2	50	2	2	353	2	6	6	23	3	2	0	0	-7596.1285	22	7595.5285	7596.1285	7596.1285	7596.3285	0
2	50	2	2	354	2	6	6	24	5	1	6	1	1.3162325	23	7598.1521	7598.3521	7598.3521	7598.5521	7599.6683
2	50	2	2	355	2	6	6	25	5	1	6	1	0.73888712	24	7600.3745	7600.5746	7600.5746	7600.7746	7601.3135
2	50	2	2	356	2	6	6	26	5	1	6	1	0.63836196	25	7602.5978	7602.7978	7602.7978	7602.9979	7603.4362
2	50	2	2	357	2	6	6	27	4	1	5	1	0.78326118	26	7604.8205	7605.0205	7605.0205	7605.2205	7605.8038
2	50	2	2	358	2	6	6	28	6	2	7	1	1.6229735	27	7607.0429	7607.6429	7607.6429	7607.8429	7609.2659
2	50	2	2	359	2	6	6	29	4	2	5	1	1.0319386	28	7609.6652	7610.2652	7610.2652	7610.4653	7611.2972
2	50	2	2	360	2	6	6	30	1	1	2	1	1.9975534	29	7612.2879	7612.488	7612.488	7612.688	7614.4855
2	50	2	2	361	3	2	7	1	5	1	8	1	0.66674551	1	8505.824	8506.024	8506.024	8506.224	8506.6907
2	50	2	2	362	3	2	7	2	2	2	1	1	0.65752209	2	8508.0463	8508.6463	8508.6463	8508.8464	8509.3039
2	50	2	2	363	3	2	7	3	4	1	8	1	0.50713943	3	8510.6694	8510.8694	8510.8694	8511.0694	8511.3765
2	50	2	2	364	3	2	7	4	4	2	8	1	0.54056583	4	8512.8925	8513.4925	8513.4925	8513.6925	8514.0331
2	50	2	2	365	3	2	7	5	2	1	1	1	0.5351771	5	8515.5157	8515.7157	8515.7157	8515.9157	8516.2509
2	50	2	2	366	3	2	7	6	4	1	8	1	0.59287102	6	8517.739	8517.939	8517.939	8518.139	8518.5319
2	50	2	2	367	3	2	7	7	1	1	1	1	0.52763415	7	8519.9623	8520.1623	8520.1623	8520.3623	8520.69
2	50	2	2	368	3	2	7	8	6	1	8	1	0.46427601	8	8522.1848	8522.3848	8522.3848	8522.5848	8522.8491
2	50	2	2	369	3	2	7	9	1	2	1	1	0.60368301	9	8524.4062	8525.0062	8525.0062	8525.2062	8525.6099
2	50	2	2	370	3	2	7	10	1	2	1	1	0.61918466	10	8527.0291	8527.6291	8527.6291	8527.8291	8528.2483
2	50	2	2	371	3	2	7	11	4	1	8	1	0.57261649	11	8529.6525	8529.8525	8529.8525	8530.0525	8530.4251
2	50	2	2	372	3	2	7	12	6	2	8	1	0.57521541	12	8531.8758	8532.4758	8532.4758	8532.6758	8533.051
2	50	2	2	373	3	2	7	13	3	2	1	1	0.77713776	13	8534.4988	8535.0988	8535.0988	8535.2988	8535.876
2	50	2	2	374	3	2	7	14	3	1	1	1	0.62452396	14	8537.122	8537.322	8537.322	8537.522	8537.9465
2	50	2	2	375	3	2	7	15	5	2	8	1	0.50629988	15	8539.3429	8539.9429	8539.9429	8540.1429	8540.4492
2	50	2	2	376	3	2	7	16	2	1	1	1	0.61266681	16	8541.9665	8542.1666	8542.1666	8542.3666	8542.7792
2	50	2	2	377	3	2	7	17	6	2	8	1	0.51533467	17	8544.19	8544.79	8544.79	8544.99	8545.3054
2	50	2	2	378	3	2	7	18	5	2	8	1	0.54122184	18	8546.8137	8547.4137	8547.4137	8547.6137	8547.9549
2	50	2	2	379	3	2	7	19	4	1	8	1	0.66105471	19	8549.4378	8549.6378	8549.6378	8549.8378	8550.2988
2	50	2	2	380	3	2	7	20	5	2	8	1	0.62915555	20	8551.6617	8552.2617	8552.2617	8552.4617	8552.8908
2	50	2	2	381	3	2	7	21	1	2	1	1	0.63693055	21	8554.2863	8554.8863	8554.8863	8555.0864	8555.5233
2	50	2	2	382	3	2	7	22	1	2	1	1	0.51846451	22	8556.9099	8557.5099	8557.5099	8557.7099	8558.0284
2	50	2	2	383	3	2	7	23	6	2	8	1	0.61347535	23	8559.5338	8560.1338	8560.1338	8560.3338	8560.7472
2	50	2	2	384	3	2	7	24	2	1	1	1	0.72639224	24	8562.1577	8562.3577	8562.3577	8562.5577	8563.0841
2	50	2	2	385	3	2	7	25	6	1	8	1	0.53338333	25	8564.3816	8564.5816	8564.5816	8564.7816	8565.115
2	50	2	2	386	3	2	7	26	5	1	8	1	0.58876458	26	8566.6058	8566.8058	8566.8058	8567.0058	8567.3945
2	50	2	2	387	3	2	7	27	3	1	1	1	0.60990124	27	8568.8304	8569.0304	8569.0304	8569.2304	8569.6403
2	50	2	2	388	3	2	7	28	3	2	1	1	0.62872773	28	8571.0544	8571.6544	8571.6544	8571.8544	8572.2831
2	50	2	2	389	3	2	7	29	3	2	1	1	0.58867557	29	8573.6779	8574.2779	8574.2779	8574.4779	8574.8666
2	50	2	2	390	3	2	7	30	2	1	1	1	0.55318915	30	8576.2988	8576.4988	8576.4988	8576.6989	8577.052
2	50	2	2	391	3	6	7	1	2	1	3	1	0.90892664	1	8606.5832	8606.7832	8606.7832	8606.9832	8607.6922
2	50	2	2	392	3	6	7	2	6	2	7	1	1.0747887	2	8608.808	8609.408	8609.408	8609.608	8610.4828
2	50	2	2	393	3	6	7	3	3	1	4	1	1.4068124	3	8611.4284	8611.6284	8611.6284	8611.8284	8613.0352
2	50	2	2	394	3	6	7	4	3	2	4	1	1.4160095	4	8613.6522	8614.2522	8614.2522	8614.4522	8615.6682
2	50	2	2	395	3	6	7	5	6	1	7	1	1.1261846	5	8616.2769	8616.4769	8616.4769	8616.6769	8617.6031
2	50	2	2	396	3	6	7	6	1	1	2	1	0.96736697	6	8618.5006	8618.7006	8618.7006	8618.9007	8619.668
2	50	2	2	397	3	6	7	7	6	1	7	1	0.94215632	7	8620.7242	8620.9242	8620.9242	8621.1242	8621.8664
2	50	2	2	398	3	6	7	8	5	1	6	1	1.2052409	8	8622.9462	8623.1462	8623.1462	8623.3462	8624.3515
2	50	2	2	399	3	6	7	9	2	2	3	1	0.89647728	9	8625.1682	8625.7682	8625.7682	8625.9682	8626.6646
2	50	2	2	400	3	6	7	10	1	2	2	1	0.91362469	10	8627.7918	8628.3918	8628.3918	8628.5918	8629.3054
2	50	2	2	401	3	6	7	11	1	1	2	1	0.65727742	11	8630.4159	8630.6159	8630.6159	8630.8159	8631.2732
2	50	2	2	402	3	6	7	12	4	2	5	1	1.9991522	12	8632.6399	8633.2399	8633.2399	8633.4399	8635.2391
2	50	2	2	403	3	6	7	13	2	2	3	1	0.85542301	13	8635.2675	8635.8675	8635.8675	8636.0675	8636.7229
2	50	2	2	404	3	6	7	14	5	1	6	1	0.74906419	14	8637.8925	8638.0925	8638.0925	8638.2925	8638.8416
2	50	2	2	405	3	6	7	15	6	2	7	1	0.92458644	15	8640.1169	8640.717	8640.717	8640.917	8641.6415
2	50	2	2	406	3	6	7	16	1	1	2	1	0.82177513	16	8642.7422	8642.9422	8642.9422	8643.1422	8643.764
2	50	2	2	407	3	6	7	17	4	2	3	0	1.1768155	16	8644.9714	8645.5714	8645.5714	8645.7715	8646.7483
2	50	2	2	408	3	6	7	18	6	2	7	1	1.7417423	17	8647.5966	8648.1966	8648.1966	8648.3966	8649.9384
2	50	2	2	409	3	6	7	19	1	1	2	1	1.1471678	18	8650.222	8650.422	8650.422	8650.622	8651.5692
2	50	2	2	410	3	6	7	20	3	2	4	1	1.1809257	19	8652.4467	8653.0467	8653.0467	8653.2467	8654.2276
2	50	2	2	411	3	6	7	21	3	2	4	1	1.5007788	20	8655.071	8655.671	8655.671	8655.871	8657.1718
2	50	2	2	412	3	6	7	22	4	2	5	1	0.82664443	21	8657.696	8658.296	8658.296	8658.496	8659.1227
2	50	2	2	413	3	6	7	23	3	2	4	1	1.0313937	22	8660.3208	8660.9208	8660.9208	8661.1208	8661.9522
2	50	2	2	414	3	6	7	24	2	1	3	1	0.88783094	23	8662.9457	8663.1457	8663.1457	8663.3457	8664.0335
2	50	2	2	415	3	6	7	25	5	1	6	1	0.89167784	24	8665.1711	8665.3711	8665.3711	8665.5711	8666.2628
2	50	2	2	416	3	6	7	26	4	1	5	1	0.70088228	25	8667.3958	8667.5958	8667.5958	8667.7958	8668.2966
2	50	2	2	417	3	6	7	27	4	1	5	1	0.63129534	26	8669.6211	8669.8211	8669.8211	8670.0211	8670.4524
2	50	2	2	418	3	6	7	28	5	2	6	1	0.70060539	27	8671.847	8672.447	8672.447	8672.647	8673.1476
2	50	2	2	419	3	6	7	29	5	2	6	1	0.61950853	28	8674.4707	8675.0707	8675.0707	8675.2707	8675.6902
2	50	2	2	420	3	6	7	30	2	1	3	1	0.85612264	29	8677.0961	8677.2961	8677.2961	8677.4961	8678.1522
2	50	2	2	421	3	2	8	1	1	1	1	1	0.71972505	1	8707.3925	8707.5925	8707.5925	8707.7925	8708.3123
2	50	2	2	422	3	2	8	2	2	2	1	1	0.60808131	2	8709.6185	8710.2185	8710.2185	8710.4185	8710.8266
2	50	2	2	423	3	2	8	3	3	1	1	1	0.65210674	3	8712.2442	8712.4442	8712.4442	8712.6442	8713.0963
2	50	2	2	424	3	2	8	4	4	2	8	1	0.57462335	4	8714.4692	8715.0692	8715.0692	8715.2692	8715.6439
2	50	2	2	425	3	2	8	5	4	1	8	1	0.5309428	5	8717.0946	8717.2946	8717.2946	8717.4946	8717.8256
2	50	2	2	426	3	2	8	6	2	1	1	1	0.59374542	6	8719.3194	8719.5194	8719.5194	8719.7194	8720.1132
2	50	2	2	427	3	2	8	7	2	1	1	1	0.48748891	7	8721.5453	8721.7453	8721.7453	8721.9453	8722.2328
2	50	2	2	428	3	2	8	8	1	1	1	1	0.49341267	8	8723.7713	8723.9713	8723.9713	8724.1713	8724.4647
2	50	2	2	429	3	2	8	9	1	2	1	1	0.47032687	9	8726.0018	8726.6019	8726.6019	8726.8019	8727.0722
2	50	2	2	430	3	2	8	10	4	2	8	1	0.54848012	10	8728.63	8729.23	8729.23	8729.43	8729.7785
2	50	2	2	431	3	2	8	11	5	1	8	1	0.51321818	11	8731.2558	8731.4558	8731.4558	8731.6558	8731.969
2	50	2	2	432	3	2	8	12	5	2	8	1	0.57009523	12	8733.4821	8734.0821	8734.0821	8734.2821	8734.6522
2	50	2	2	433	3	2	8	13	3	2	1	1	0.67628033	13	8736.1089	8736.7089	8736.7089	8736.9089	8737.3852
2	50	2	2	434	3	2	8	14	6	1	8	1	0.65319391	14	8738.7347	8738.9347	8738.9347	8739.1347	8739.5879
2	50	2	2	435	3	2	8	15	2	2	1	1	0.65140354	15	8740.9607	8741.5607	8741.5607	8741.7607	8742.2121
2	50	2	2	436	3	2	8	16	6	1	8	1	0.58643953	16	8743.5831	8743.7831	8743.7831	8743.9831	8744.3696
2	50	2	2	437	3	2	8	17	5	2	8	1	0.51402373	17	8745.8092	8746.4092	8746.4092	8746.6093	8746.9233
2	50	2	2	438	3	2	8	18	6	2	8	1	0.48889101	18	8748.4349	8749.0349	8749.0349	8749.2349	8749.5238
2	50	2	2	439	3	2	8	19	4	1	8	1	0.51890822	19	8751.0609	8751.2609	8751.2609	8751.4609	8751.7798
2	50	2	2	440	3	2	8	20	1	2	1	1	0.6040942	20	8753.2869	8753.8869	8753.8869	8754.0869	8754.491
2	50	2	2	441	3	2	8	21	5	2	8	1	0.58574733	21	8755.9133	8756.5133	8756.5133	8756.7133	8757.099
2	50	2	2	442	3	2	8	22	3	2	1	1	0.6626341	22	8758.5402	8759.1402	8759.1402	8759.3403	8759.8029
2	50	2	2	443	3	2	8	23	3	2	1	1	0.66856159	23	8761.1674	8761.7674	8761.7674	8761.9674	8762.436
2	50	2	2	444	3	2	8	24	1	1	1	1	0.57617178	24	8763.7922	8763.9922	8763.9922	8764.1922	8764.5684
2	50	2	2	445	3	2	8	25	3	1	1	1	0.59326684	25	8766.0164	8766.2164	8766.2164	8766.4164	8766.8097
2	50	2	2	446	3	2	8	26	4	1	8	1	0.55137333	26	8768.243	8768.443	8768.443	8768.643	8768.9944
2	50	2	2	447	3	2	8	27	5	1	8	1	0.57913723	27	8770.4694	8770.6694	8770.6694	8770.8694	8771.2486
2	50	2	2	448	3	2	8	28	6	2	8	1	0.56724923	28	8772.701	8773.301	8773.301	8773.501	8773.8682
2	50	2	2	449	3	2	8	29	2	2	1	1	0.64074268	29	8775.3273	8775.9273	8775.9273	8776.1273	8776.5681
2	50	2	2	450	3	2	8	30	6	1	8	1	0.55837123	30	8777.9541	8778.1541	8778.1541	8778.3541	8778.7125
2	50	2	2	451	3	6	8	1	3	1	4	1	1.1926317	1	8808.2422	8808.4422	8808.4422	8808.6422	8809.6348
2	50	2	2	452	3	6	8	2	2	2	3	1	0.73766113	2	8810.4721	8811.0721	8811.0721	8811.2721	8811.8098
2	50	2	2	453	3	6	8	3	2	1	3	1	0.60162414	3	8813.0986	8813.2986	8813.2986	8813.4986	8813.9002
2	50	2	2	454	3	6	8	4	3	2	4	1	0.51603542	4	8815.3251	8815.9251	8815.9251	8816.1251	8816.4412
2	50	2	2	455	3	6	8	5	5	1	6	1	1.3219591	5	8817.9523	8818.1523	8818.1523	8818.3523	8819.4743
2	50	2	2	456	3	6	8	6	2	1	3	1	0.97279429	6	8820.1793	8820.3793	8820.3793	8820.5793	8821.3521
2	50	2	2	457	3	6	8	7	2	1	3	1	0.64416593	7	8822.4071	8822.6071	8822.6071	8822.8071	8823.2512
2	50	2	2	458	3	6	8	8	1	1	2	1	0.82688182	8	8824.6313	8824.8313	8824.8313	8825.0313	8825.6582
2	50	2	2	459	3	6	8	9	6	2	7	1	0.99995202	9	8826.8586	8827.4586	8827.4586	8827.6586	8828.4586
2	50	2	2	460	3	6	8	10	6	2	7	1	0.63687685	10	8829.4853	8830.0853	8830.0853	8830.2853	8830.7222
2	50	2	2	461	3	6	8	11	1	1	2	1	1.0259792	11	8832.1137	8832.3137	8832.3137	8832.5137	8833.3396
2	50	2	2	462	3	6	8	12	6	2	7	1	0.98284409	12	8834.3416	8834.9416	8834.9416	8835.1416	8835.9245
2	50	2	2	463	3	6	8	13	5	2	6	1	0.98382557	13	8836.9685	8837.5685	8837.5685	8837.7685	8838.5523
2	50	2	2	464	3	6	8	14	4	1	5	1	0.60529584	14	8839.5953	8839.7954	8839.7954	8839.9954	8840.4007
2	50	2	2	465	3	6	8	15	4	2	5	1	0.57637015	15	8841.8197	8842.4197	8842.4197	8842.6197	8842.9961
2	50	2	2	466	3	6	8	16	3	1	4	1	1.0037024	16	8844.4462	8844.6462	8844.6462	8844.8462	8845.6499
2	50	2	2	467	3	6	8	17	4	2	5	1	1.0608924	17	8846.677	8847.277	8847.277	8847.477	8848.3379
2	50	2	2	468	3	6	8	18	5	2	6	1	0.59509425	18	8849.3043	8849.9043	8849.9043	8850.1043	8850.4994
2	50	2	2	469	3	6	8	19	5	1	6	1	0.60680189	19	8851.9322	8852.1322	8852.1322	8852.3322	8852.739
2	50	2	2	470	3	6	8	20	6	2	7	1	1.0674045	20	8854.1599	8854.7599	8854.7599	8854.9599	8855.8273
2	50	2	2	471	3	6	8	21	4	2	5	1	1.040699	21	8856.7838	8857.3838	8857.3838	8857.5838	8858.4245
2	50	2	2	472	3	6	8	22	2	2	3	1	0.85753472	22	8859.4086	8860.0086	8860.0086	8860.2086	8860.8661
2	50	2	2	473	3	6	8	23	1	2	2	1	0.84570693	23	8862.0355	8862.6355	8862.6355	8862.8355	8863.4812
2	50	2	2	474	3	6	8	24	3	1	4	1	1.0029333	24	8864.6653	8864.8653	8864.8653	8865.0653	8865.8683
2	50	2	2	475	3	6	8	25	3	1	4	1	0.71803429	25	8866.893	8867.093	8867.093	8867.293	8867.811
2	50	2	2	476	3	6	8	26	1	1	2	1	0.9478686	26	8869.12	8869.32	8869.32	8869.52	8870.2679
2	50	2	2	477	3	6	8	27	4	1	5	1	1.5682101	27	8871.3473	8871.5473	8871.5473	8871.7473	8873.1155
2	50	2	2	478	3	6	8	28	5	2	6	1	0.61844204	28	8873.5743	8874.1743	8874.1743	8874.3743	8874.7928
2	50	2	2	479	3	6	8	29	6	2	7	1	0.77505792	29	8876.2015	8876.8015	8876.8015	8877.0016	8877.5766
2	50	2	2	480	3	6	8	30	1	1	2	1	0.7977095	30	8878.8298	8879.0298	8879.0298	8879.2298	8879.8275
2	50	2	2	481	3	2	9	1	6	1	8	1	0.72059273	1	8909.1215	8909.3215	8909.3215	8909.5215	8910.0421
2	50	2	2	482	3	2	9	2	2	2	1	1	0.67316874	2	8911.3509	8911.9509	8911.951	8912.151	8912.6241
2	50	2	2	483	3	2	9	3	4	1	8	1	0.65697986	3	8913.9794	8914.1794	8914.1794	8914.3794	8914.8363
2	50	2	2	484	3	2	9	4	3	2	1	1	0.62476171	4	8916.2042	8916.8042	8916.8042	8917.0042	8917.4289
2	50	2	2	485	3	2	9	5	5	1	8	1	0.61053551	5	8918.8375	8919.0375	8919.0375	8919.2375	8919.6481
2	50	2	2	486	3	2	9	6	1	1	1	1	0.64194838	6	8921.0662	8921.2662	8921.2662	8921.4662	8921.9081
2	50	2	2	487	3	2	9	7	3	1	1	1	0.67817375	7	8923.2939	8923.4939	8923.4939	8923.6939	8924.1721
2	50	2	2	488	3	2	9	8	1	1	1	1	0.56013644	8	8925.5218	8925.7218	8925.7218	8925.9218	8926.2819
2	50	2	2	489	3	2	9	9	6	2	8	1	0.58857024	9	8927.7519	8928.3519	8928.3519	8928.5519	8928.9404
2	50	2	2	490	3	2	9	10	4	2	8	1	0.53915728	10	8930.3807	8930.9807	8930.9807	8931.1807	8931.5198
2	50	2	2	491	3	2	9	11	2	1	1	1	0.65791098	11	8933.0068	8933.2068	8933.2068	8933.4068	8933.8647
2	50	2	2	492	3	2	9	12	3	2	1	1	0.59239786	12	8935.2347	8935.8347	8935.8347	8936.0347	8936.4271
2	50	2	2	493	3	2	9	13	5	2	8	1	0.58763426	13	8937.8637	8938.4637	8938.4637	8938.6637	8939.0514
2	50	2	2	494	3	2	9	14	5	1	8	1	0.52698497	14	8940.4917	8940.6917	8940.6917	8940.8917	8941.2187
2	50	2	2	495	3	2	9	15	3	2	1	1	0.79608118	15	8942.7203	8943.3203	8943.3203	8943.5203	8944.1164
2	50	2	2	496	3	2	9	16	6	1	8	1	0.92607213	16	8945.3529	8945.5529	8945.5529	8945.7529	8946.4789
2	50	2	2	497	3	2	9	17	4	2	8	1	0.71574205	17	8947.5814	8948.1814	8948.1814	8948.3814	8948.8972
2	50	2	2	498	3	2	9	18	2	2	1	1	1.0892017	18	8950.2097	8950.8097	8950.8097	8951.0098	8951.899
2	50	2	2	499	3	2	9	19	1	1	1	1	0.79548397	19	8952.8379	8953.0379	8953.0379	8953.2379	8953.8333
2	50	2	2	500	3	2	9	20	2	2	1	1	0.73758081	20	8955.0662	8955.6662	8955.6662	8955.8662	8956.4037
2	50	2	2	501	3	2	9	21	1	2	1	1	0.69718766	21	8957.695	8958.295	8958.295	8958.495	8958.9922
2	50	2	2	502	3	2	9	22	4	2	8	1	0.58870921	22	8960.3234	8960.9234	8960.9234	8961.1234	8961.5121
2	50	2	2	503	3	2	9	23	1	2	1	1	0.65873097	23	8962.9518	8963.5518	8963.5518	8963.7518	8964.2106
2	50	2	2	504	3	2	9	24	2	1	1	1	0.60967657	24	8965.5809	8965.7809	8965.7809	8965.9809	8966.3905
2	50	2	2	505	3	2	9	25	5	1	8	1	0.71995874	25	8967.8102	8968.0102	8968.0102	8968.2103	8968.7302
2	50	2	2	506	3	2	9	26	6	1	8	1	0.68152022	26	8970.0389	8970.2389	8970.2389	8970.4389	8970.9204
2	50	2	2	507	3	2	9	27	4	1	8	1	0.71764909	27	8972.2674	8972.4674	8972.4674	8972.6674	8973.185
2	50	2	2	508	3	2	9	28	3	2	1	1	0.70675518	28	8974.4958	8975.0958	8975.0958	8975.2958	8975.8026
2	50	2	2	509	3	2	9	29	5	2	8	1	0.57599909	29	8977.1241	8977.7241	8977.7241	8977.9241	8978.3001
2	50	2	2	510	3	2	9	30	6	1	8	1	0.59163276	30	8979.7536	8979.9536	8979.9536	8980.1536	8980.5453
2	50	2	2	511	3	6	9	1	5	1	6	1	1.5609024	1	9010.0414	9010.2414	9010.2414	9010.4414	9011.8023
2	50	2	2	512	3	6	9	2	6	2	7	1	1.9999056	2	9012.2704	9012.8704	9012.8704	9013.0704	9014.8703
2	50	2	2	513	3	6	9	3	4	1	5	1	1.0061957	3	9014.9021	9015.1021	9015.1021	9015.3022	9016.1083
2	50	2	2	514	3	6	9	4	6	2	7	1	0.91909874	4	9017.1314	9017.7314	9017.7314	9017.9314	9018.6505
2	50	2	2	515	3	6	9	5	3	1	4	1	1.1738552	5	9019.7573	9019.9573	9019.9573	9020.1573	9021.1312
2	50	2	2	516	3	6	9	6	5	1	6	1	0.88896849	6	9021.9871	9022.1871	9022.1871	9022.3871	9023.0761
2	50	2	2	517	3	6	9	7	6	1	7	1	0.89747487	7	9024.2164	9024.4164	9024.4164	9024.6164	9025.3139
2	50	2	2	518	3	6	9	8	1	1	2	1	0.87969716	8	9026.4457	9026.6457	9026.6457	9026.8457	9027.5254
2	50	2	2	519	3	6	9	9	2	2	3	1	0.57547701	9	9028.675	9029.275	9029.275	9029.475	9029.8505
2	50	2	2	520	3	6	9	10	4	2	5	1	0.99959098	10	9031.3046	9031.9046	9031.9046	9032.1046	9032.9042
2	50	2	2	521	3	6	9	11	2	1	3	1	0.88347745	11	9033.9336	9034.1336	9034.1336	9034.3336	9035.0171
2	50	2	2	522	3	6	9	12	4	2	5	1	0.98176868	12	9036.1631	9036.7631	9036.7631	9036.9631	9037.7448
2	50	2	2	523	3	6	9	13	6	2	7	1	0.8519046	13	9038.7919	9039.3919	9039.3919	9039.5919	9040.2438
2	50	2	2	524	3	6	9	14	1	1	2	1	0.89245985	14	9041.4213	9041.6213	9041.6213	9041.8213	9042.5138
2	50	2	2	525	3	6	9	15	3	2	4	1	0.84615911	15	9043.6509	9044.2509	9044.2509	9044.451	9045.0971
2	50	2	2	526	3	6	9	16	4	1	5	1	0.83947921	16	9046.2767	9046.4767	9046.4767	9046.6767	9047.3162
2	50	2	2	527	3	6	9	17	1	2	2	1	0.98385053	17	9048.5061	9049.1061	9049.1061	9049.3061	9050.09
2	50	2	2	528	3	6	9	18	6	2	7	1	0.99411157	18	9051.1359	9051.7359	9051.7359	9051.9359	9052.73
2	50	2	2	529	3	6	9	19	3	1	4	1	1.1232805	19	9053.7682	9053.9682	9053.9682	9054.1682	9055.0915
2	50	2	2	530	3	6	9	20	1	2	2	1	0.8577038	20	9055.9983	9056.5983	9056.5983	9056.7983	9057.456
2	50	2	2	531	3	6	9	21	2	2	3	1	0.73837023	21	9058.632	9059.232	9059.232	9059.432	9059.9704
2	50	2	2	532	3	6	9	22	1	2	2	1	1.1795022	22	9061.2615	9061.8615	9061.8615	9062.0615	9063.041
2	50	2	2	533	3	6	9	23	2	2	3	1	0.80862371	23	9063.8914	9064.4914	9064.4914	9064.6914	9065.3
2	50	2	2	534	3	6	9	24	5	1	6	1	1.3447281	24	9066.5214	9066.7214	9066.7214	9066.9214	9068.0661
2	50	2	2	535	3	6	9	25	5	1	6	1	0.71611203	25	9068.7521	9068.9521	9068.9521	9069.1521	9069.6683
2	50	2	2	536	3	6	9	26	2	1	3	1	0.94703693	26	9070.9807	9071.1807	9071.1807	9071.3807	9072.1277
2	50	2	2	537	3	6	9	27	5	1	6	1	0.9667423	27	9073.2104	9073.4104	9073.4104	9073.6104	9074.3772
2	50	2	2	538	3	6	9	28	3	2	4	1	1.6857154	28	9075.4369	9076.0369	9076.0369	9076.2369	9077.7226
2	50	2	2	539	3	6	9	29	3	2	4	1	0.68830437	29	9078.068	9078.668	9078.6681	9078.8681	9079.3564
2	50	2	2	540	3	6	9	30	4	1	5	1	0.85454748	30	9080.7015	9080.9016	9080.9016	9081.1016	9081.7561
2	50	2	2	541	4	2	10	1	4	1	8	1	0.64356487	1	9667.1816	9667.3816	9667.3816	9667.5816	9668.0251
2	50	2	2	542	4	2	10	2	1	2	1	1	0.57391677	2	9669.4128	9670.0128	9670.0128	9670.2128	9670.5867
2	50	2	2	543	4	2	10	3	3	1	1	1	0.68138077	3	9672.0425	9672.2425	9672.2425	9672.4425	9672.9239
2	50	2	2	544	4	2	10	4	2	2	1	1	0.57763279	4	9674.2705	9674.8705	9674.8706	9675.0706	9675.4482
2	50	2	2	545	4	2	10	5	5	1	8	1	0.56757866	5	9676.905	9677.105	9677.105	9677.305	9677.6726
2	50	2	2	546	4	2	10	6	6	1	8	1	0.60489903	6	9679.1355	9679.3355	9679.3355	9679.5355	9679.9404
2	50	2	2	547	4	2	10	7	1	1	1	1	0.62245027	7	9681.3624	9681.5624	9681.5624	9681.7624	9682.1849
2	50	2	2	548	4	2	10	8	2	1	1	1	0.57779133	8	9683.5923	9683.7923	9683.7924	9683.9924	9684.3701
2	50	2	2	549	4	2	10	9	3	2	1	1	0.51657202	9	9685.8196	9686.4196	9686.4196	9686.6196	9686.9362
2	50	2	2	550	4	2	10	10	2	2	1	1	0.61570314	10	9688.4509	9689.0509	9689.0509	9689.2509	9689.6666
2	50	2	2	551	4	2	10	11	4	1	8	1	0.59227755	11	9691.082	9691.282	9691.282	9691.482	9691.8743
2	50	2	2	552	4	2	10	12	6	2	8	1	0.5352651	12	9693.3134	9693.9134	9693.9134	9694.1134	9694.4487
2	50	2	2	553	4	2	10	13	5	2	8	1	0.50530463	13	9695.9447	9696.5447	9696.5447	9696.7447	9697.05
2	50	2	2	554	4	2	10	14	5	1	8	1	0.53801109	14	9698.5752	9698.7752	9698.7752	9698.9752	9699.3132
2	50	2	2	555	4	2	10	15	3	2	1	1	0.64466983	15	9700.8123	9701.4123	9701.4123	9701.6124	9702.057
2	50	2	2	556	4	2	10	16	6	1	8	1	0.60758346	16	9703.4427	9703.6427	9703.6427	9703.8427	9704.2503
2	50	2	2	557	4	2	10	17	3	2	1	1	0.61878656	17	9705.6735	9706.2735	9706.2735	9706.4735	9706.8923
2	50	2	2	558	4	2	10	18	1	2	1	1	0.55546292	18	9708.3038	9708.9038	9708.9038	9709.1038	9709.4593
2	50	2	2	559	4	2	10	19	3	1	1	1	0.60514585	19	9710.9325	9711.1325	9711.1325	9711.3325	9711.7377
2	50	2	2	560	4	2	10	20	5	2	8	1	0.58864708	20	9713.1636	9713.7636	9713.7636	9713.9636	9714.3522
2	50	2	2	561	4	2	10	21	1	2	1	1	0.60488255	21	9715.7961	9716.3961	9716.3961	9716.5962	9717.001
2	50	2	2	562	4	2	10	22	6	2	8	1	0.57533893	22	9718.428	9719.028	9719.028	9719.228	9719.6033
2	50	2	2	563	4	2	10	23	2	2	1	1	0.59240298	23	9721.0582	9721.6582	9721.6582	9721.8582	9722.2506
2	50	2	2	564	4	2	10	24	5	1	8	1	0.57671826	24	9723.6892	9723.8892	9723.8892	9724.0892	9724.4659
2	50	2	2	565	4	2	10	25	4	1	8	1	0.45776417	25	9725.9184	9726.1184	9726.1184	9726.3184	9726.5762
2	50	2	2	566	4	2	10	26	6	1	8	1	0.51773445	26	9728.1494	9728.3494	9728.3494	9728.5494	9728.8672
2	50	2	2	567	4	2	10	27	4	1	8	1	0.51860528	27	9730.381	9730.581	9730.581	9730.781	9731.0996
2	50	2	2	568	4	2	10	28	2	2	1	1	0.54167739	28	9732.6131	9733.2131	9733.2131	9733.4131	9733.7548
2	50	2	2	569	4	2	10	29	1	2	1	1	0.46536797	29	9735.2452	9735.8452	9735.8452	9736.0452	9736.3106
2	50	2	2	570	4	2	10	30	4	1	8	1	0.48404891	30	9737.8766	9738.0766	9738.0766	9738.2766	9738.5606
2	50	2	2	571	4	6	10	1	4	1	5	1	1.3580498	1	9768.1715	9768.3715	9768.3715	9768.5715	9769.7296
2	50	2	2	572	4	6	10	2	6	2	7	1	0.93414061	2	9770.4028	9771.0028	9771.0028	9771.2028	9771.9369
2	50	2	2	573	4	6	10	3	4	1	5	1	0.86669944	3	9773.0334	9773.2335	9773.2335	9773.4335	9774.1002
2	50	2	2	574	4	6	10	4	4	2	5	1	0.64762531	4	9775.2651	9775.8651	9775.8651	9776.0651	9776.5127
2	50	2	2	575	4	6	10	5	2	1	3	1	0.82450036	5	9777.8958	9778.0958	9778.0958	9778.2958	9778.9203
2	50	2	2	576	4	6	10	6	5	1	6	1	0.64534715	6	9780.1263	9780.3263	9780.3263	9780.5263	9780.9716
2	50	2	2	577	4	6	10	7	3	1	4	1	1.3974548	7	9782.356	9782.556	9782.556	9782.756	9783.9535
2	50	2	2	578	4	6	10	8	5	1	6	1	0.9705053	8	9784.5916	9784.7916	9784.7916	9784.9916	9785.7621
2	50	2	2	579	4	6	10	9	4	2	5	1	0.59292231	9	9786.8234	9787.4234	9787.4234	9787.6234	9788.0163
2	50	2	2	580	4	6	10	10	2	2	3	1	0.87645104	10	9789.4542	9790.0542	9790.0542	9790.2542	9790.9307
2	50	2	2	581	4	6	10	11	3	1	4	1	0.85993588	11	9792.0864	9792.2864	9792.2864	9792.4864	9793.1463
2	50	2	2	582	4	6	10	12	5	2	6	1	0.93102667	12	9794.3175	9794.9175	9794.9175	9795.1175	9795.8485
2	50	2	2	583	4	6	10	13	4	2	5	1	0.56275015	13	9796.9506	9797.5506	9797.5506	9797.7506	9798.1133
2	50	2	2	584	4	6	10	14	6	1	7	1	0.90846089	14	9799.5829	9799.7829	9799.7829	9799.9829	9800.6913
2	50	2	2	585	4	6	10	15	2	2	3	1	0.72977872	15	9801.8152	9802.4153	9802.4153	9802.6153	9803.145
2	50	2	2	586	4	6	10	16	3	1	4	1	0.8583927	16	9804.4474	9804.6474	9804.6474	9804.8474	9805.5058
2	50	2	2	587	4	6	10	17	5	2	6	1	1.0837043	17	9806.6764	9807.2764	9807.2764	9807.4764	9808.3601
2	50	2	2	588	4	6	10	18	1	2	2	1	1.0183497	18	9809.3118	9809.9118	9809.9118	9810.1118	9810.9301
2	50	2	2	589	4	6	10	19	5	1	6	1	0.8269896	19	9811.9438	9812.1438	9812.1438	9812.3438	9812.9708
2	50	2	2	590	4	6	10	20	1	2	2	1	1.0668166	20	9814.1765	9814.7765	9814.7765	9814.9765	9815.8433
2	50	2	2	591	4	6	10	21	6	2	7	1	0.88882148	21	9816.8086	9817.4086	9817.4086	9817.6086	9818.2974
2	50	2	2	592	4	6	10	22	1	2	2	1	0.86508523	22	9819.4398	9820.0398	9820.0398	9820.2398	9820.9049
2	50	2	2	593	4	6	10	23	1	2	2	1	0.77185549	23	9822.0717	9822.6717	9822.6717	9822.8717	9823.4435
2	50	2	2	594	4	6	10	24	3	1	4	1	0.91267089	24	9824.7046	9824.9046	9824.9046	9825.1046	9825.8172
2	50	2	2	595	4	6	10	25	2	1	3	1	0.80093451	25	9826.9369	9827.1369	9827.1369	9827.3369	9827.9379
2	50	2	2	596	4	6	10	26	6	1	7	1	1.0550418	26	9829.1689	9829.3689	9829.3689	9829.5689	9830.424
2	50	2	2	597	4	6	10	27	2	1	3	1	0.84687009	27	9831.4012	9831.6012	9831.6012	9831.8012	9832.4481
2	50	2	2	598	4	6	10	28	1	2	2	1	0.89576849	28	9833.6339	9834.2339	9834.2339	9834.4339	9835.1297
2	50	2	2	599	4	6	10	29	6	2	7	1	0.83936282	29	9836.2666	9836.8666	9836.8666	9837.0666	9837.7059
2	50	2	2	600	4	6	10	30	3	1	4	1	0.92113344	30	9838.8962	9839.0962	9839.0962	9839.2962	9840.0173
2	50	2	2	601	4	2	11	1	2	1	1	1	0.61692392	1	9869.1912	9869.3913	9869.3913	9869.5913	9870.0082
2	50	2	2	602	4	2	11	2	1	2	1	1	0.63424532	2	9871.4244	9872.0244	9872.0244	9872.2244	9872.6586
2	50	2	2	603	4	2	11	3	4	1	8	1	0.71527156	3	9874.0547	9874.2547	9874.2547	9874.4547	9874.9699
2	50	2	2	604	4	2	11	4	3	2	1	1	0.63255007	4	9876.2881	9876.8881	9876.8881	9877.0881	9877.5206
2	50	2	2	605	4	2	11	5	3	1	1	1	0.67371992	5	9878.9213	9879.1213	9879.1213	9879.3213	9879.795
2	50	2	2	606	4	2	11	6	4	1	8	1	0.64225581	6	9881.1535	9881.3535	9881.3535	9881.5535	9881.9958
2	50	2	2	607	4	2	11	7	2	1	1	1	0.67431257	7	9883.393	9883.593	9883.593	9883.793	9884.2673
2	50	2	2	608	4	2	11	8	5	1	8	1	0.58267667	8	9885.6256	9885.8256	9885.8256	9886.0256	9886.4083
2	50	2	2	609	4	2	11	9	6	2	8	1	0.5844838	9	9887.8588	9888.4588	9888.4588	9888.6588	9889.0433
2	50	2	2	610	4	2	11	10	6	2	8	1	0.59099651	10	9890.492	9891.092	9891.092	9891.292	9891.683
2	50	2	2	611	4	2	11	11	6	1	8	1	0.57126774	11	9893.1257	9893.3257	9893.3257	9893.5257	9893.897
2	50	2	2	612	4	2	11	12	2	2	1	1	0.66694737	12	9895.3595	9895.9595	9895.9595	9896.1595	9896.6265
2	50	2	2	613	4	2	11	13	1	2	1	1	0.53893077	13	9897.9927	9898.5927	9898.5927	9898.7927	9899.1316
2	50	2	2	614	4	2	11	14	4	1	8	1	0.56210557	14	9900.6231	9900.8231	9900.8231	9901.0231	9901.3852
2	50	2	2	615	4	2	11	15	3	2	1	1	0.64287039	15	9902.8563	9903.4563	9903.4563	9903.6563	9904.0991
2	50	2	2	616	4	2	11	16	6	1	8	1	0.72077218	16	9905.4896	9905.6896	9905.6896	9905.8896	9906.4104
2	50	2	2	617	4	2	11	17	4	2	8	1	0.4531987	17	9907.7233	9908.3233	9908.3233	9908.5233	9908.7765
2	50	2	2	618	4	2	11	18	6	2	8	1	0.45591819	18	9910.3541	9910.9541	9910.9541	9911.1541	9911.41
2	50	2	2	619	4	2	11	19	2	1	1	1	0.63258866	19	9912.9877	9913.1877	9913.1877	9913.3877	9913.8203
2	50	2	2	620	4	2	11	20	4	2	8	1	0.57229102	20	9915.2213	9915.8213	9915.8213	9916.0213	9916.3936
2	50	2	2	621	4	2	11	21	5	2	8	1	0.51742044	21	9917.8547	9918.4547	9918.4547	9918.6547	9918.9721
2	50	2	2	622	4	2	11	22	1	2	1	1	0.63591665	22	9920.4879	9921.0879	9921.0879	9921.2879	9921.7238
2	50	2	2	623	4	2	11	23	5	2	8	1	0.5951471	23	9923.1212	9923.7212	9923.7212	9923.9212	9924.3163
2	50	2	2	624	4	2	11	24	3	1	1	1	0.67058363	24	9925.7551	9925.9552	9925.9552	9926.1552	9926.6257
2	50	2	2	625	4	2	11	25	5	1	8	1	0.62157728	25	9927.9954	9928.1954	9928.1954	9928.3954	9928.8169
2	50	2	2	626	4	2	11	26	3	1	1	1	0.68722921	26	9930.2285	9930.4285	9930.4285	9930.6285	9931.1157
2	50	2	2	627	4	2	11	27	5	1	8	1	0.50868321	27	9932.4616	9932.6616	9932.6616	9932.8616	9933.1703
2	50	2	2	628	4	2	11	28	2	2	1	1	0.59564683	28	9934.6956	9935.2956	9935.2956	9935.4956	9935.8912
2	50	2	2	629	4	2	11	29	1	2	1	1	0.56242016	29	9937.3297	9937.9297	9937.9298	9938.1298	9938.4922
2	50	2	2	630	4	2	11	30	1	1	1	1	0.59928722	30	9939.9632	9940.1633	9940.1633	9940.3633	9940.7626
2	50	2	2	631	4	6	11	1	4	1	5	1	1.2693338	1	9970.2613	9970.4613	9970.4613	9970.6613	9971.7307
2	50	2	2	632	4	6	11	2	1	2	2	1	1.0978232	2	9972.4961	9973.0961	9973.0961	9973.2961	9974.194
2	50	2	2	633	4	6	11	3	1	1	2	1	0.78696771	3	9975.1268	9975.3268	9975.3268	9975.5268	9976.1138
2	50	2	2	634	4	6	11	4	5	2	6	1	0.9996758	4	9977.3608	9977.9608	9977.9608	9978.1608	9978.9605
2	50	2	2	635	4	6	11	5	2	1	3	1	0.81755569	5	9979.9944	9980.1944	9980.1944	9980.3944	9981.0119
2	50	2	2	636	4	6	11	6	4	1	5	1	1.0478555	6	9982.2282	9982.4282	9982.4282	9982.6282	9983.476
2	50	2	2	637	4	6	11	7	5	1	6	1	0.71535032	7	9984.4645	9984.6645	9984.6645	9984.8645	9985.3799
2	50	2	2	638	4	6	11	8	1	1	2	1	0.90125153	8	9986.699	9986.8991	9986.8991	9987.0991	9987.8004
2	50	2	2	639	4	6	11	9	5	2	6	1	0.81441261	9	9988.9326	9989.5327	9989.5327	9989.7327	9990.3471
2	50	2	2	640	4	6	11	10	3	2	4	1	1.1127705	10	9991.5676	9992.1676	9992.1676	9992.3676	9993.2803
2	50	2	2	641	4	6	11	11	6	1	7	1	0.95779549	11	9994.2056	9994.4056	9994.4056	9994.6056	9995.3634
2	50	2	2	642	4	6	11	12	2	2	3	1	0.8414655	12	9996.4405	9997.0405	9997.0405	9997.2405	9997.882
2	50	2	2	643	4	6	11	13	2	2	3	1	0.68664977	13	9999.0752	9999.6752	9999.6752	9999.8752	10000.362
2	50	2	2	644	4	6	11	14	3	1	4	1	1.0942992	14	10001.709	10001.909	10001.909	10002.109	10003.003
2	50	2	2	645	4	6	11	15	3	2	4	1	0.64231004	15	10003.943	10004.543	10004.543	10004.743	10005.186
2	50	2	2	646	4	6	11	16	1	1	2	1	1.0561383	16	10006.578	10006.778	10006.778	10006.978	10007.834
2	50	2	2	647	4	6	11	17	4	2	5	1	1.2616178	17	10008.813	10009.413	10009.413	10009.613	10010.674
2	50	2	2	648	4	6	11	18	4	2	5	1	0.69154468	18	10011.448	10012.048	10012.048	10012.248	10012.739
2	50	2	2	649	4	6	11	19	2	1	3	1	0.8868224	19	10014.082	10014.282	10014.282	10014.482	10015.169
2	50	2	2	650	4	6	11	20	5	2	6	1	0.95414564	20	10016.32	10016.92	10016.92	10017.12	10017.875
2	50	2	2	651	4	6	11	21	6	2	7	1	0.99877753	21	10018.955	10019.555	10019.555	10019.755	10020.554
2	50	2	2	652	4	6	11	22	6	2	7	1	0.65500695	22	10021.589	10022.189	10022.189	10022.389	10022.844
2	50	2	2	653	4	6	11	23	3	2	4	1	0.9075469	23	10024.221	10024.821	10024.821	10025.021	10025.729
2	50	2	2	654	4	6	11	24	5	1	6	1	1.442998	24	10026.856	10027.056	10027.056	10027.256	10028.499
2	50	2	2	655	4	6	11	25	1	1	2	1	1.1173372	25	10029.091	10029.291	10029.291	10029.491	10030.408
2	50	2	2	656	4	6	11	26	2	1	3	1	0.91747941	26	10031.323	10031.523	10031.523	10031.723	10032.44
2	50	2	2	657	4	6	11	27	4	1	5	1	1.0073108	27	10033.557	10033.757	10033.757	10033.957	10034.764
2	50	2	2	658	4	6	11	28	6	2	7	1	1.0511346	28	10035.792	10036.392	10036.392	10036.592	10037.443
2	50	2	2	659	4	6	11	29	6	2	7	1	0.7027016	29	10038.426	10039.026	10039.026	10039.226	10039.729
2	50	2	2	660	4	6	11	30	3	1	4	1	0.89322713	30	10041.061	10041.261	10041.261	10041.461	10042.154
2	50	2	2	661	4	2	12	1	5	1	8	1	0.76002746	1	10071.361	10071.561	10071.561	10071.761	10072.321
2	50	2	2	662	4	2	12	2	4	2	8	1	0.65140479	2	10073.597	10074.197	10074.197	10074.397	10074.849
2	50	2	2	663	4	2	12	3	3	1	1	1	0.67593175	3	10076.232	10076.432	10076.432	10076.632	10077.108
2	50	2	2	664	4	2	12	4	3	2	1	1	0.61502434	4	10078.467	10079.067	10079.067	10079.267	10079.682
2	50	2	2	665	4	2	12	5	4	1	8	1	0.5663275	5	10081.102	10081.302	10081.302	10081.502	10081.868
2	50	2	2	666	4	2	12	6	6	1	8	1	0.55148393	6	10083.338	10083.538	10083.538	10083.738	10084.089
2	50	2	2	667	4	2	12	7	2	1	1	1	0.63482732	7	10085.573	10085.773	10085.773	10085.973	10086.408
2	50	2	2	668	4	2	12	8	1	1	1	1	0.62027687	8	10087.808	10088.008	10088.008	10088.208	10088.628
2	50	2	2	669	4	2	12	9	6	2	8	1	0.62313054	9	10090.043	10090.643	10090.643	10090.843	10091.267
2	50	2	2	670	4	2	12	10	5	2	8	1	0.53132504	10	10092.679	10093.279	10093.279	10093.479	10093.81
2	50	2	2	671	4	2	12	11	1	1	1	1	0.66833123	11	10095.318	10095.518	10095.518	10095.718	10096.186
2	50	2	2	672	4	2	12	12	6	2	8	1	0.44560406	12	10097.553	10098.153	10098.153	10098.353	10098.599
2	50	2	2	673	4	2	12	13	2	2	1	1	0.51921157	13	10100.187	10100.787	10100.787	10100.987	10101.306
2	50	2	2	674	4	2	12	14	3	1	1	1	0.7162431	14	10102.82	10103.02	10103.02	10103.22	10103.736
2	50	2	2	675	4	2	12	15	6	2	8	1	0.51311379	15	10105.055	10105.655	10105.655	10105.855	10106.169
2	50	2	2	676	4	2	12	16	2	1	1	1	0.8287395	16	10107.692	10107.892	10107.892	10108.092	10108.721
2	50	2	2	677	4	2	12	17	5	2	8	1	0.57586	17	10109.928	10110.528	10110.528	10110.728	10111.104
2	50	2	2	678	4	2	12	18	4	2	8	1	0.55578857	18	10112.564	10113.164	10113.164	10113.364	10113.72
2	50	2	2	679	4	2	12	19	3	1	1	1	0.71598182	19	10115.2	10115.4	10115.4	10115.6	10116.116
2	50	2	2	680	4	2	12	20	4	2	8	1	0.58843838	20	10117.436	10118.036	10118.036	10118.236	10118.625
2	50	2	2	681	4	2	12	21	2	2	1	1	0.64257619	21	10120.072	10120.672	10120.672	10120.872	10121.314
2	50	2	2	682	4	2	12	22	4	2	8	1	0.58523562	22	10122.704	10123.304	10123.304	10123.504	10123.889
2	50	2	2	683	4	2	12	23	5	2	8	1	0.64642924	23	10125.346	10125.946	10125.946	10126.146	10126.593
2	50	2	2	684	4	2	12	24	1	1	1	1	0.6759327	24	10127.982	10128.182	10128.182	10128.382	10128.858
2	50	2	2	685	4	2	12	25	3	1	1	1	0.59084544	25	10130.218	10130.418	10130.418	10130.618	10131.009
2	50	2	2	686	4	2	12	26	6	1	8	1	0.53333021	26	10132.455	10132.655	10132.655	10132.855	10133.188
2	50	2	2	687	4	2	12	27	1	1	1	1	0.58146326	27	10134.691	10134.891	10134.891	10135.091	10135.473
2	50	2	2	688	4	2	12	28	5	2	8	1	0.63023765	28	10136.924	10137.524	10137.524	10137.724	10138.154
2	50	2	2	689	4	2	12	29	2	2	1	1	0.57977252	29	10139.56	10140.16	10140.16	10140.36	10140.74
2	50	2	2	690	4	2	12	30	1	1	1	1	0.7200594	30	10142.195	10142.395	10142.395	10142.595	10143.115
2	50	2	2	691	4	6	12	1	4	1	5	1	1.4127035	1	10172.492	10172.692	10172.692	10172.892	10174.104
2	50	2	2	692	4	6	12	2	1	2	2	1	0.98095137	2	10174.732	10175.332	10175.332	10175.532	10176.313
2	50	2	2	693	4	6	12	3	6	1	7	1	0.96993698	3	10177.368	10177.568	10177.568	10177.768	10178.538
2	50	2	2	694	4	6	12	4	5	2	6	1	0.88541752	4	10179.604	10180.204	10180.204	10180.404	10181.09
2	50	2	2	695	4	6	12	5	4	1	5	1	0.7215256	5	10182.241	10182.441	10182.441	10182.641	10183.163
2	50	2	2	696	4	6	12	6	5	1	6	1	0.74838787	6	10184.477	10184.677	10184.677	10184.877	10185.426
2	50	2	2	697	4	6	12	7	2	1	3	1	0.88520378	7	10186.715	10186.915	10186.915	10187.115	10187.8
2	50	2	2	698	4	6	12	8	3	1	4	1	0.84211667	8	10188.952	10189.152	10189.152	10189.352	10189.994
2	50	2	2	699	4	6	12	9	4	2	5	1	1.0597529	9	10191.189	10191.789	10191.789	10191.989	10192.848
2	50	2	2	700	4	6	12	10	5	2	6	1	0.63308313	10	10193.824	10194.424	10194.425	10194.625	10195.058
2	50	2	2	701	4	6	12	11	3	1	4	1	0.84315634	11	10196.46	10196.66	10196.66	10196.86	10197.504
2	50	2	2	702	4	6	12	12	4	2	5	1	0.84736775	12	10198.697	10199.298	10199.298	10199.498	10200.145
2	50	2	2	703	4	6	12	13	4	2	5	1	0.6538868	13	10201.334	10201.934	10201.934	10202.134	10202.588
2	50	2	2	704	4	6	12	14	6	1	7	1	1.7569304	14	10203.971	10204.171	10204.171	10204.371	10205.928
2	50	2	2	705	4	6	12	15	1	2	2	1	0.86561488	15	10206.208	10206.808	10206.808	10207.008	10207.673
2	50	2	2	706	4	6	12	16	2	1	3	1	0.79835157	16	10208.844	10209.044	10209.044	10209.244	10209.843
2	50	2	2	707	4	6	12	17	5	2	6	1	1.1381945	17	10211.08	10211.68	10211.68	10211.88	10212.818
2	50	2	2	708	4	6	12	18	1	2	2	1	0.94601445	18	10213.721	10214.321	10214.321	10214.521	10215.267
2	50	2	2	709	4	6	12	19	1	1	2	1	0.76384715	19	10216.357	10216.557	10216.557	10216.757	10217.321
2	50	2	2	710	4	6	12	20	2	2	3	1	0.8557356	20	10218.594	10219.194	10219.194	10219.394	10220.05
2	50	2	2	711	4	6	12	21	1	2	2	1	0.98118482	21	10221.231	10221.831	10221.831	10222.031	10222.812
2	50	2	2	712	4	6	12	22	2	2	3	1	0.75950195	22	10223.865	10224.465	10224.465	10224.665	10225.225
2	50	2	2	713	4	6	12	23	6	2	7	1	0.98165151	23	10226.502	10227.102	10227.102	10227.302	10228.083
2	50	2	2	714	4	6	12	24	6	1	7	1	0.71809876	24	10229.138	10229.338	10229.338	10229.538	10230.056
2	50	2	2	715	4	6	12	25	3	1	4	1	0.86829148	25	10231.376	10231.576	10231.576	10231.776	10232.444
2	50	2	2	716	4	6	12	26	6	1	7	1	0.98734189	26	10233.613	10233.813	10233.813	10234.013	10234.801
2	50	2	2	717	4	6	12	27	3	1	4	1	0.82255458	27	10235.85	10236.05	10236.05	10236.25	10236.873
2	50	2	2	718	4	6	12	28	5	2	6	1	1.0173611	28	10238.087	10238.687	10238.687	10238.887	10239.704
2	50	2	2	719	4	6	12	29	3	2	4	1	1.1103978	29	10240.724	10241.324	10241.324	10241.524	10242.435
2	50	2	2	720	4	6	12	30	2	1	3	1	0.76472251	30	10243.358	10243.558	10243.558	10243.758	10244.323
