119	255	48	151	30	220	36	65	0	0	0	0	0	0	0	0	0	0	0	0
1	25	1	1	1	1	6	1	1	4	2	6	1	0.84190271	1	11800.96	11801.56	11801.56	11801.761	11802.402
1	25	1	1	2	1	6	1	2	4	1	6	1	0.64646635	2	11803.577	11803.777	11803.777	11803.977	11804.423
1	25	1	1	3	1	6	1	3	5	2	7	1	0.74710355	3	11805.785	11806.385	11806.385	11806.585	11807.132
1	25	1	1	4	1	6	1	4	4	1	6	1	0.66673579	4	11808.392	11808.592	11808.592	11808.792	11809.259
1	25	1	1	5	1	6	1	5	3	2	3	1	0.80624192	5	11810.599	11811.199	11811.199	11811.399	11812.005
1	25	1	1	6	1	6	1	6	6	1	8	1	0.97993006	6	11813.206	11813.406	11813.406	11813.606	11814.386
1	25	1	1	7	1	6	1	7	3	2	8	0	0.68059486	6	11815.413	11816.013	11816.013	11816.213	11816.693
1	25	1	1	8	1	6	1	8	5	2	7	1	0.84726535	7	11818.323	11818.923	11818.923	11819.123	11819.77
1	25	1	1	9	1	6	1	9	1	2	2	0	1.1480468	7	11820.929	11821.529	11821.529	11821.729	11822.677
1	25	1	1	10	1	6	1	10	3	2	3	1	1.3829567	8	11823.847	11824.447	11824.447	11824.647	11825.83
1	25	1	1	11	1	6	1	11	4	2	6	1	0.93630801	9	11826.455	11827.055	11827.055	11827.255	11827.991
1	25	1	1	12	1	6	1	12	1	1	1	1	2.0008799	10	11829.06	11829.26	11829.26	11829.46	11831.261
1	25	1	1	13	1	6	1	13	1	2	1	1	0.69603473	11	11831.269	11831.869	11831.869	11832.069	11832.565
1	25	1	1	14	1	6	1	14	2	1	2	1	0.67227171	12	11833.876	11834.076	11834.076	11834.276	11834.749
1	25	1	1	15	1	6	1	15	2	2	2	1	1.5535879	13	11836.083	11836.683	11836.684	11836.884	11838.237
1	25	1	1	16	1	6	1	16	1	1	1	1	0.84503988	14	11838.691	11838.891	11838.891	11839.091	11839.736
1	25	1	1	17	1	6	1	17	1	2	1	1	0.67449508	15	11840.899	11841.499	11841.499	11841.699	11842.173
1	25	1	1	18	1	6	1	18	3	1	3	1	1.5485799	16	11843.505	11843.705	11843.706	11843.906	11845.254
1	25	1	1	19	1	6	1	19	2	1	2	1	1.6182603	17	11845.713	11845.913	11845.913	11846.113	11847.531
1	25	1	1	20	1	6	1	20	5	1	7	1	0.886711	18	11847.92	11848.12	11848.12	11848.32	11849.007
1	25	1	1	21	1	6	1	21	5	2	7	1	0.77330378	19	11850.128	11850.728	11850.728	11850.928	11851.501
1	25	1	1	22	1	6	1	22	2	2	2	1	1.2707523	20	11852.735	11853.335	11853.335	11853.535	11854.606
1	25	1	1	23	1	6	1	23	5	2	7	1	1.2936308	21	11855.343	11855.943	11855.943	11856.143	11857.237
1	25	1	1	24	1	6	1	24	4	1	6	1	1.0715607	22	11857.951	11858.151	11858.151	11858.351	11859.223
1	25	1	1	25	1	6	1	25	6	2	8	1	0.61767629	23	11860.158	11860.758	11860.758	11860.958	11861.376
1	25	1	1	26	1	6	1	26	6	1	8	1	0.61474977	24	11862.765	11862.965	11862.965	11863.165	11863.58
1	25	1	1	27	1	6	1	27	2	1	2	1	0.78416519	25	11864.972	11865.172	11865.172	11865.372	11865.956
1	25	1	1	28	1	6	1	28	3	1	3	1	0.70593854	26	11867.179	11867.379	11867.379	11867.579	11868.084
1	25	1	1	29	1	6	1	29	6	1	8	1	0.77844209	27	11869.387	11869.587	11869.587	11869.787	11870.365
1	25	1	1	30	1	6	1	30	6	1	8	1	0.61660429	28	11871.595	11871.795	11871.795	11871.995	11872.411
1	25	1	1	31	1	2	1	1	1	2	4	1	0.39462606	1	11887.898	11888.498	11888.499	11888.699	11888.893
1	25	1	1	32	1	2	1	2	3	1	4	1	0.45265105	2	11890.511	11890.711	11890.711	11890.911	11891.163
1	25	1	1	33	1	2	1	3	4	2	5	1	0.45817704	3	11892.72	11893.32	11893.321	11893.521	11893.779
1	25	1	1	34	1	2	1	4	5	1	5	1	0.44457854	4	11895.329	11895.529	11895.529	11895.729	11895.973
1	25	1	1	35	1	2	1	5	5	2	5	1	0.34817018	5	11897.536	11898.136	11898.136	11898.336	11898.484
1	25	1	1	36	1	2	1	6	3	1	4	1	0.56729079	6	11900.142	11900.342	11900.342	11900.542	11900.91
1	25	1	1	37	1	2	1	7	3	2	4	1	0.45089709	7	11902.349	11902.949	11902.949	11903.149	11903.4
1	25	1	1	38	1	2	1	8	6	2	5	1	0.42316603	8	11904.957	11905.557	11905.557	11905.757	11905.981
1	25	1	1	39	1	2	1	9	1	2	5	0	0.52600554	8	11907.564	11908.164	11908.164	11908.365	11908.691
1	25	1	1	40	1	2	1	10	4	2	5	1	0.44038252	9	11910.475	11911.075	11911.075	11911.275	11911.515
1	25	1	1	41	1	2	1	11	5	2	4	0	1.2246521	9	11913.084	11913.684	11913.684	11913.884	11914.908
1	25	1	1	42	1	2	1	12	2	1	4	1	0.57343763	10	11915.999	11916.199	11916.199	11916.399	11916.772
1	25	1	1	43	1	2	1	13	2	2	4	1	0.54056467	11	11918.207	11918.807	11918.807	11919.007	11919.348
1	25	1	1	44	1	2	1	14	1	1	4	1	0.62039922	12	11920.816	11921.016	11921.016	11921.216	11921.636
1	25	1	1	45	1	2	1	15	6	2	5	1	0.46813319	13	11923.025	11923.625	11923.625	11923.825	11924.093
1	25	1	1	46	1	2	1	16	3	1	4	1	1.0504273	14	11925.634	11925.834	11925.834	11926.034	11926.884
1	25	1	1	47	1	2	1	17	4	2	5	1	0.53227423	15	11927.842	11928.442	11928.442	11928.642	11928.975
1	25	1	1	48	1	2	1	18	5	1	5	1	1.2969783	16	11930.451	11930.651	11930.651	11930.851	11931.948
1	25	1	1	49	1	2	1	19	1	1	4	1	0.80136257	17	11932.66	11932.86	11932.86	11933.06	11933.661
1	25	1	1	50	1	2	1	20	1	1	4	1	0.52012614	18	11934.868	11935.068	11935.068	11935.268	11935.589
1	25	1	1	51	1	2	1	21	2	2	4	1	0.51312112	19	11937.077	11937.677	11937.677	11937.877	11938.19
1	25	1	1	52	1	2	1	22	2	2	4	1	0.55898782	20	11939.687	11940.287	11940.287	11940.487	11940.846
1	25	1	1	53	1	2	1	23	6	2	5	1	0.60632159	21	11942.294	11942.894	11942.894	11943.094	11943.501
1	25	1	1	54	1	2	1	24	2	1	4	1	0.77231274	22	11944.904	11945.104	11945.104	11945.304	11945.876
1	25	1	1	55	1	2	1	25	4	2	5	1	0.60094532	23	11947.115	11947.715	11947.715	11947.915	11948.316
1	25	1	1	56	1	2	1	26	3	1	4	1	0.70674741	24	11949.724	11949.924	11949.924	11950.124	11950.63
1	25	1	1	57	1	2	1	27	5	1	5	1	0.88785907	25	11951.933	11952.133	11952.133	11952.333	11953.021
1	25	1	1	58	1	2	1	28	4	1	5	1	0.63745621	26	11954.181	11954.381	11954.381	11954.581	11955.019
1	25	1	1	59	1	2	1	29	6	1	5	1	0.50934034	27	11956.391	11956.591	11956.591	11956.791	11957.101
1	25	1	1	60	1	2	1	30	6	1	5	1	0.54973503	28	11958.6	11958.8	11958.8	11959	11959.35
1	25	1	1	61	1	6	2	1	1	2	1	1	0.76556554	29	11973.534	11974.134	11974.134	11974.334	11974.899
1	25	1	1	62	1	6	2	2	3	1	3	1	0.91753325	30	11976.142	11976.342	11976.342	11976.542	11977.26
1	25	1	1	63	1	6	2	3	4	2	6	1	0.88595633	31	11978.35	11978.95	11978.95	11979.15	11979.836
1	25	1	1	64	1	6	2	4	5	1	7	1	0.64463913	32	11980.96	11981.16	11981.16	11981.36	11981.805
1	25	1	1	65	1	6	2	5	5	2	7	1	0.79475561	33	11983.17	11983.77	11983.77	11983.97	11984.564
1	25	1	1	66	1	6	2	6	3	1	3	1	1.1007485	34	11985.777	11985.977	11985.977	11986.177	11987.078
1	25	1	1	67	1	6	2	7	3	2	3	1	0.60215354	35	11987.985	11988.585	11988.585	11988.785	11989.187
1	25	1	1	68	1	6	2	8	6	2	8	1	0.8994486	36	11990.594	11991.194	11991.194	11991.394	11992.093
1	25	1	1	69	1	6	2	9	1	2	2	0	0.91957734	36	11993.22	11993.82	11993.82	11994.02	11994.74
1	25	1	1	70	1	6	2	10	4	2	6	1	0.81729567	37	11996.132	11996.732	11996.732	11996.932	11997.55
1	25	1	1	71	1	6	2	11	5	2	7	1	0.84046957	38	11998.741	11999.341	11999.341	11999.541	12000.182
1	25	1	1	72	1	6	2	12	2	1	2	1	0.93197994	39	12001.351	12001.551	12001.551	12001.751	12002.483
1	25	1	1	73	1	6	2	13	2	2	2	1	0.64659762	40	12003.56	12004.16	12004.16	12004.36	12004.806
1	25	1	1	74	1	6	2	14	1	1	1	1	0.84825302	41	12006.17	12006.37	12006.37	12006.57	12007.218
1	25	1	1	75	1	6	2	15	6	2	8	1	0.90579811	42	12008.38	12008.98	12008.98	12009.18	12009.886
1	25	1	1	76	1	6	2	16	3	1	3	1	1.0768573	43	12010.991	12011.191	12011.191	12011.391	12012.268
1	25	1	1	77	1	6	2	17	4	2	6	1	0.83475358	44	12013.202	12013.802	12013.802	12014.002	12014.636
1	25	1	1	78	1	6	2	18	5	1	7	1	0.79227824	45	12015.812	12016.012	12016.012	12016.212	12016.804
1	25	1	1	79	1	6	2	19	1	1	2	0	1.1655245	45	12018.024	12018.224	12018.224	12018.424	12019.389
1	25	1	1	80	1	6	2	20	1	1	1	1	0.8705258	46	12020.536	12020.736	12020.736	12020.936	12021.606
1	25	1	1	81	1	6	2	21	2	2	2	1	0.8755071	47	12022.744	12023.344	12023.344	12023.544	12024.22
1	25	1	1	82	1	6	2	22	2	2	2	1	0.74420441	48	12025.354	12025.954	12025.954	12026.154	12026.699
1	25	1	1	83	1	6	2	23	6	2	8	1	0.80841094	49	12027.964	12028.564	12028.564	12028.764	12029.373
1	25	1	1	84	1	6	2	24	2	1	2	1	0.82821969	50	12030.575	12030.775	12030.775	12030.975	12031.604
1	25	1	1	85	1	6	2	25	4	2	6	1	1.6415237	51	12032.786	12033.386	12033.386	12033.586	12035.028
1	25	1	1	86	1	6	2	26	3	1	3	1	1.95084	52	12035.398	12035.598	12035.598	12035.798	12037.549
1	25	1	1	87	1	6	2	27	5	1	7	1	0.94350052	53	12037.606	12037.806	12037.806	12038.006	12038.749
1	25	1	1	88	1	6	2	28	4	1	6	1	1.6914536	54	12039.817	12040.017	12040.017	12040.217	12041.708
1	25	1	1	89	1	6	2	29	6	1	8	1	0.68987829	55	12042.027	12042.227	12042.227	12042.427	12042.917
1	25	1	1	90	1	6	2	30	6	1	8	1	1.1717619	56	12044.276	12044.476	12044.476	12044.676	12045.648
1	25	1	1	91	1	2	2	1	6	2	5	1	0.65363064	1	12059.1	12059.7	12059.7	12059.9	12060.354
1	25	1	1	92	1	2	2	2	4	1	5	1	0.47637539	2	12061.712	12061.912	12061.912	12062.112	12062.388
1	25	1	1	93	1	2	2	3	6	2	5	1	0.62142463	3	12063.923	12064.523	12064.523	12064.723	12065.145
1	25	1	1	94	1	2	2	4	3	1	4	1	0.61007923	4	12066.535	12066.735	12066.735	12066.935	12067.345
1	25	1	1	95	1	2	2	5	2	2	4	1	0.43463912	5	12068.747	12069.347	12069.347	12069.547	12069.781
1	25	1	1	96	1	2	2	6	1	1	4	1	0.57775114	6	12071.356	12071.556	12071.556	12071.756	12072.133
1	25	1	1	97	1	2	2	7	6	2	5	1	0.52738036	7	12073.567	12074.167	12074.167	12074.367	12074.695
1	25	1	1	98	1	2	2	8	4	2	5	1	0.46777717	8	12076.178	12076.778	12076.778	12076.978	12077.246
1	25	1	1	99	1	2	2	9	3	2	4	1	0.78180839	9	12078.79	12079.39	12079.39	12079.59	12080.172
1	25	1	1	100	1	2	2	10	5	2	5	1	0.58066375	10	12081.402	12082.002	12082.002	12082.202	12082.583
1	25	1	1	101	1	2	2	11	4	2	5	1	0.45694076	11	12084.012	12084.612	12084.612	12084.812	12085.069
1	25	1	1	102	1	2	2	12	5	1	5	1	0.71726853	12	12086.623	12086.823	12086.823	12087.023	12087.541
1	25	1	1	103	1	2	2	13	2	2	4	1	0.59189946	13	12088.835	12089.435	12089.435	12089.635	12090.027
1	25	1	1	104	1	2	2	14	1	1	4	1	0.59804753	14	12091.446	12091.646	12091.646	12091.846	12092.244
1	25	1	1	105	1	2	2	15	2	2	4	1	0.5293272	15	12093.659	12094.259	12094.259	12094.459	12094.788
1	25	1	1	106	1	2	2	16	3	1	4	1	0.45452422	16	12096.27	12096.47	12096.47	12096.67	12096.925
1	25	1	1	107	1	2	2	17	1	2	4	1	0.45633616	17	12098.482	12099.082	12099.082	12099.282	12099.538
1	25	1	1	108	1	2	2	18	1	1	4	1	0.47924407	18	12101.094	12101.294	12101.294	12101.494	12101.773
1	25	1	1	109	1	2	2	19	5	1	5	1	0.46150899	19	12103.305	12103.505	12103.505	12103.705	12103.967
1	25	1	1	110	1	2	2	20	1	1	4	1	0.69614529	20	12105.517	12105.717	12105.717	12105.917	12106.414
1	25	1	1	111	1	2	2	21	6	2	5	1	0.60306472	21	12107.729	12108.329	12108.329	12108.529	12108.932
1	25	1	1	112	1	2	2	22	3	2	4	1	0.36072509	22	12110.341	12110.941	12110.941	12111.141	12111.302
1	25	1	1	113	1	2	2	23	3	2	4	1	0.51617789	23	12112.953	12113.553	12113.553	12113.753	12114.07
1	25	1	1	114	1	2	2	24	2	1	4	1	0.60286362	24	12115.565	12115.765	12115.765	12115.965	12116.368
1	25	1	1	115	1	2	2	25	2	2	4	1	0.45692569	25	12117.778	12118.378	12118.378	12118.578	12118.834
1	25	1	1	116	1	2	2	26	6	1	5	1	0.66169863	26	12120.389	12120.59	12120.59	12120.79	12121.251
1	25	1	1	117	1	2	2	27	4	1	5	1	0.54103017	27	12122.6	12122.8	12122.8	12123	12123.341
1	25	1	1	118	1	2	2	28	5	1	5	1	0.55326404	28	12124.812	12125.012	12125.012	12125.212	12125.565
1	25	1	1	119	1	2	2	29	4	1	5	1	0.60531653	29	12127.024	12127.224	12127.224	12127.424	12127.83
1	25	1	1	120	1	2	2	30	5	1	5	1	0.42283873	30	12129.237	12129.437	12129.437	12129.637	12129.86
1	25	1	1	121	1	6	3	1	6	2	8	1	1.0601038	31	12143.383	12143.983	12143.983	12144.183	12145.043
1	25	1	1	122	1	6	3	2	4	1	6	1	0.69344125	32	12145.996	12146.196	12146.196	12146.396	12146.889
1	25	1	1	123	1	6	3	3	6	2	8	1	0.62062631	33	12148.208	12148.808	12148.808	12149.008	12149.429
1	25	1	1	124	1	6	3	4	3	1	3	1	0.75055504	34	12150.821	12151.021	12151.021	12151.221	12151.771
1	25	1	1	125	1	6	3	5	2	2	2	1	0.69732435	35	12153.033	12153.633	12153.633	12153.833	12154.331
1	25	1	1	126	1	6	3	6	1	1	1	1	0.58881725	36	12155.646	12155.846	12155.846	12156.046	12156.435
1	25	1	1	127	1	6	3	7	6	2	8	1	0.71925832	37	12157.859	12158.459	12158.459	12158.659	12159.178
1	25	1	1	128	1	6	3	8	4	2	6	1	0.80452934	38	12160.47	12161.07	12161.07	12161.27	12161.874
1	25	1	1	129	1	6	3	9	3	2	3	1	0.6505655	39	12163.082	12163.682	12163.682	12163.882	12164.333
1	25	1	1	130	1	6	3	10	5	2	7	1	0.6618107	40	12165.696	12166.296	12166.296	12166.496	12166.958
1	25	1	1	131	1	6	3	11	4	2	6	1	1.0712168	41	12168.309	12168.909	12168.909	12169.109	12169.98
1	25	1	1	132	1	6	3	12	5	1	7	1	0.63527793	42	12170.922	12171.122	12171.122	12171.322	12171.757
1	25	1	1	133	1	6	3	13	2	2	2	1	0.80918147	43	12173.132	12173.732	12173.732	12173.932	12174.541
1	25	1	1	134	1	6	3	14	1	1	1	1	0.89402799	44	12175.745	12175.945	12175.945	12176.145	12176.839
1	25	1	1	135	1	6	3	15	2	2	2	1	0.79187699	45	12177.957	12178.557	12178.557	12178.757	12179.349
1	25	1	1	136	1	6	3	16	3	1	6	0	0.78705114	45	12180.57	12180.77	12180.77	12180.97	12181.558
1	25	1	1	137	1	6	3	17	1	2	2	0	0.84582054	45	12183.095	12183.695	12183.695	12183.895	12184.541
1	25	1	1	138	1	6	3	18	1	1	1	1	0.80312883	46	12186.009	12186.209	12186.209	12186.409	12187.012
1	25	1	1	139	1	6	3	19	5	1	8	0	0.92629452	46	12188.223	12188.423	12188.423	12188.623	12189.349
1	25	1	1	140	1	6	3	20	1	1	1	1	1.2071119	47	12190.741	12190.941	12190.941	12191.141	12192.148
1	25	1	1	141	1	6	3	21	6	2	8	1	0.98481538	48	12192.954	12193.554	12193.554	12193.754	12194.539
1	25	1	1	142	1	6	3	22	3	2	3	1	1.0162293	49	12195.566	12196.166	12196.166	12196.366	12197.182
1	25	1	1	143	1	6	3	23	3	2	3	1	0.60000007	50	12198.178	12198.778	12198.778	12198.978	12199.378
1	25	1	1	144	1	6	3	24	2	1	2	1	0.82921588	51	12200.792	12200.992	12200.992	12201.192	12201.821
1	25	1	1	145	1	6	3	25	2	2	2	1	0.67875518	52	12203.005	12203.605	12203.605	12203.805	12204.284
1	25	1	1	146	1	6	3	26	6	1	8	1	0.90800373	53	12205.619	12205.819	12205.819	12206.019	12206.727
1	25	1	1	147	1	6	3	27	4	1	6	1	0.66937136	54	12207.832	12208.032	12208.032	12208.232	12208.702
1	25	1	1	148	1	6	3	28	5	1	7	1	0.49768002	55	12210.043	12210.243	12210.243	12210.443	12210.741
1	25	1	1	149	1	6	3	29	4	1	6	1	0.76191901	56	12212.256	12212.456	12212.456	12212.656	12213.218
1	25	1	1	150	1	6	3	30	5	1	7	1	0.64702451	57	12214.47	12214.67	12214.67	12214.87	12215.317
1	25	1	1	151	1	2	3	1	1	2	5	0	0.51161501	0	12226.755	12227.355	12227.355	12227.555	12227.866
1	25	1	1	152	1	2	3	2	3	1	4	1	0.52604266	1	12229.676	12229.876	12229.876	12230.076	12230.402
1	25	1	1	153	1	2	3	3	4	2	5	1	0.4837378	2	12231.89	12232.49	12232.49	12232.69	12232.974
1	25	1	1	154	1	2	3	4	6	1	5	1	0.41916056	3	12234.505	12234.705	12234.705	12234.905	12235.124
1	25	1	1	155	1	2	3	5	3	2	4	1	0.45333409	4	12236.718	12237.318	12237.318	12237.518	12237.772
1	25	1	1	156	1	2	3	6	2	1	4	1	0.39805163	5	12239.333	12239.533	12239.533	12239.733	12239.931
1	25	1	1	157	1	2	3	7	3	2	4	1	0.42351966	6	12241.547	12242.147	12242.147	12242.347	12242.57
1	25	1	1	158	1	2	3	8	3	2	4	1	0.48473191	7	12244.159	12244.759	12244.759	12244.959	12245.244
1	25	1	1	159	1	2	3	9	1	2	4	1	0.48040474	8	12246.773	12247.373	12247.373	12247.573	12247.853
1	25	1	1	160	1	2	3	10	1	2	4	1	0.66314124	9	12249.387	12249.987	12249.987	12250.187	12250.65
1	25	1	1	161	1	2	3	11	5	2	5	1	0.46074507	10	12251.999	12252.599	12252.599	12252.799	12253.06
1	25	1	1	162	1	2	3	12	2	1	4	1	0.47188133	11	12254.611	12254.811	12254.811	12255.011	12255.283
1	25	1	1	163	1	2	3	13	5	2	5	1	0.53405466	12	12256.826	12257.426	12257.426	12257.626	12257.96
1	25	1	1	164	1	2	3	14	4	1	5	1	0.52632083	13	12259.438	12259.638	12259.638	12259.838	12260.164
1	25	1	1	165	1	2	3	15	5	2	5	1	0.45698628	14	12261.65	12262.25	12262.25	12262.45	12262.707
1	25	1	1	166	1	2	3	16	6	1	5	1	0.44673939	15	12264.263	12264.463	12264.463	12264.663	12264.909
1	25	1	1	167	1	2	3	17	6	2	5	1	0.40969095	16	12266.509	12267.109	12267.109	12267.309	12267.519
1	25	1	1	168	1	2	3	18	5	1	5	1	0.40013356	17	12269.123	12269.323	12269.323	12269.523	12269.723
1	25	1	1	169	1	2	3	19	1	1	5	0	0.42896249	17	12271.338	12271.538	12271.538	12271.738	12271.967
1	25	1	1	170	1	2	3	20	1	1	4	1	0.43458977	18	12273.864	12274.064	12274.064	12274.264	12274.499
1	25	1	1	171	1	2	3	21	4	2	5	1	0.44697268	19	12276.079	12276.679	12276.679	12276.879	12277.126
1	25	1	1	172	1	2	3	22	4	2	5	1	0.44398824	20	12278.695	12279.295	12279.295	12279.495	12279.739
1	25	1	1	173	1	2	3	23	2	2	5	0	0.35698119	20	12281.311	12281.911	12281.911	12282.111	12282.268
1	25	1	1	174	1	2	3	24	4	1	5	1	0.92082738	21	12284.237	12284.437	12284.437	12284.637	12285.358
1	25	1	1	175	1	2	3	25	2	2	4	1	0.7622234	22	12286.452	12287.052	12287.052	12287.252	12287.814
1	25	1	1	176	1	2	3	26	6	1	5	1	0.61332312	23	12289.067	12289.267	12289.267	12289.467	12289.88
1	25	1	1	177	1	2	3	27	3	1	4	1	0.43473869	24	12291.282	12291.482	12291.482	12291.682	12291.917
1	25	1	1	178	1	2	3	28	2	1	4	1	0.60243598	25	12293.537	12293.737	12293.737	12293.937	12294.339
1	25	1	1	179	1	2	3	29	5	1	5	1	0.60920904	26	12295.751	12295.951	12295.951	12296.151	12296.56
1	25	1	1	180	1	2	3	30	6	1	5	1	0.48526331	27	12297.966	12298.166	12298.166	12298.366	12298.652
1	25	1	1	181	2	6	4	1	1	2	1	1	0.93943677	28	12606.451	12607.051	12607.051	12607.251	12607.99
1	25	1	1	182	2	6	4	2	3	1	6	0	0.65681808	28	12609.067	12609.267	12609.267	12609.467	12609.924
1	25	1	1	183	2	6	4	3	4	2	6	1	0.68134135	29	12611.282	12611.882	12611.882	12612.082	12612.563
1	25	1	1	184	2	6	4	4	6	1	8	1	0.85985795	30	12613.897	12614.097	12614.097	12614.297	12614.957
1	25	1	1	185	2	6	4	5	3	2	3	1	0.86522497	31	12616.112	12616.712	12616.712	12616.912	12617.577
1	25	1	1	186	2	6	4	6	2	1	2	1	0.69283332	32	12618.727	12618.927	12618.927	12619.127	12619.62
1	25	1	1	187	2	6	4	7	3	2	3	1	0.87964314	33	12620.939	12621.539	12621.539	12621.739	12622.419
1	25	1	1	188	2	6	4	8	3	2	3	1	0.52885519	34	12623.555	12624.155	12624.155	12624.355	12624.684
1	25	1	1	189	2	6	4	9	1	2	1	1	1.2029961	35	12626.17	12626.77	12626.77	12626.97	12627.973
1	25	1	1	190	2	6	4	10	1	2	1	1	0.6900805	36	12628.785	12629.385	12629.385	12629.585	12630.075
1	25	1	1	191	2	6	4	11	5	2	7	1	0.8584393	37	12631.401	12632.001	12632.001	12632.201	12632.859
1	25	1	1	192	2	6	4	12	2	1	2	1	0.9544735	38	12634.017	12634.217	12634.217	12634.417	12635.171
1	25	1	1	193	2	6	4	13	5	2	7	1	0.68363775	39	12636.232	12636.832	12636.832	12637.032	12637.516
1	25	1	1	194	2	6	4	14	4	1	6	1	1.0540031	40	12638.847	12639.047	12639.047	12639.247	12640.101
1	25	1	1	195	2	6	4	15	5	2	7	1	0.78335783	41	12641.063	12641.663	12641.663	12641.863	12642.447
1	25	1	1	196	2	6	4	16	6	1	8	1	0.78939501	42	12643.677	12643.877	12643.877	12644.077	12644.666
1	25	1	1	197	2	6	4	17	6	2	8	1	1.5116333	43	12645.893	12646.493	12646.493	12646.693	12648.004
1	25	1	1	198	2	6	4	18	5	1	7	1	0.99117716	44	12648.509	12648.709	12648.709	12648.909	12649.7
1	25	1	1	199	2	6	4	19	1	1	1	1	1.2308305	45	12650.725	12650.925	12650.925	12651.125	12652.155
1	25	1	1	200	2	6	4	20	1	1	1	1	0.72941539	46	12652.941	12653.141	12653.141	12653.341	12653.87
1	25	1	1	201	2	6	4	21	4	2	6	1	0.96382194	47	12655.154	12655.754	12655.754	12655.954	12656.718
1	25	1	1	202	2	6	4	22	4	2	6	1	0.65789497	48	12657.771	12658.371	12658.371	12658.571	12659.029
1	25	1	1	203	2	6	4	23	2	2	2	1	0.95502302	49	12660.388	12660.988	12660.988	12661.188	12661.943
1	25	1	1	204	2	6	4	24	4	1	3	0	1.4035394	49	12663.003	12663.203	12663.203	12663.403	12664.607
1	25	1	1	205	2	6	4	25	2	2	2	1	0.77461537	50	12665.219	12665.819	12665.819	12666.019	12666.594
1	25	1	1	206	2	6	4	26	6	1	8	1	0.82565557	51	12667.835	12668.035	12668.035	12668.235	12668.861
1	25	1	1	207	2	6	4	27	3	1	3	1	0.76816785	52	12670.052	12670.252	12670.252	12670.452	12671.02
1	25	1	1	208	2	6	4	28	2	1	2	1	1.2468355	53	12672.268	12672.468	12672.468	12672.668	12673.715
1	25	1	1	209	2	6	4	29	5	1	7	1	0.82493997	54	12674.484	12674.684	12674.684	12674.884	12675.509
1	25	1	1	210	2	6	4	30	6	1	8	1	0.87158633	55	12676.701	12676.901	12676.901	12677.101	12677.772
1	25	1	1	211	2	2	4	1	3	2	4	1	0.52983843	1	12706.98	12707.58	12707.58	12707.78	12708.11
1	25	1	1	212	2	2	4	2	2	1	4	1	0.48722946	2	12709.597	12709.797	12709.797	12709.997	12710.284
1	25	1	1	213	2	2	4	3	4	2	5	1	0.52024366	3	12711.813	12712.413	12712.413	12712.613	12712.933
1	25	1	1	214	2	2	4	4	5	1	5	1	0.82819217	4	12714.429	12714.629	12714.629	12714.829	12715.457
1	25	1	1	215	2	2	4	5	1	2	4	1	0.58209682	5	12716.646	12717.246	12717.246	12717.446	12717.828
1	25	1	1	216	2	2	4	6	2	1	4	1	0.48042833	6	12719.262	12719.462	12719.462	12719.662	12719.942
1	25	1	1	217	2	2	4	7	2	2	4	1	0.50254889	7	12721.479	12722.079	12722.079	12722.279	12722.582
1	25	1	1	218	2	2	4	8	3	2	4	1	0.64517398	8	12724.097	12724.697	12724.697	12724.897	12725.342
1	25	1	1	219	2	2	4	9	5	2	5	1	0.54513457	9	12726.714	12727.314	12727.314	12727.514	12727.859
1	25	1	1	220	2	2	4	10	1	2	5	0	0.6039335	9	12729.331	12729.931	12729.931	12730.131	12730.535
1	25	1	1	221	2	2	4	11	3	2	4	1	0.50601945	10	12731.947	12732.547	12732.547	12732.747	12733.053
1	25	1	1	222	2	2	4	12	6	1	5	1	0.59692857	11	12734.564	12734.764	12734.764	12734.964	12735.361
1	25	1	1	223	2	2	4	13	2	2	4	1	0.34134451	12	12736.781	12737.381	12737.381	12737.581	12737.722
1	25	1	1	224	2	2	4	14	5	1	5	1	0.56483121	13	12739.399	12739.599	12739.599	12739.799	12740.164
1	25	1	1	225	2	2	4	15	6	2	5	1	0.69027326	14	12741.616	12742.216	12742.216	12742.416	12742.907
1	25	1	1	226	2	2	4	16	1	1	4	1	0.6172928	15	12744.233	12744.433	12744.433	12744.633	12745.051
1	25	1	1	227	2	2	4	17	4	2	5	1	0.80187073	16	12746.448	12747.048	12747.048	12747.248	12747.85
1	25	1	1	228	2	2	4	18	3	1	4	1	0.56173537	17	12749.066	12749.266	12749.266	12749.466	12749.828
1	25	1	1	229	2	2	4	19	4	1	5	1	0.73347316	18	12751.281	12751.481	12751.481	12751.681	12752.214
1	25	1	1	230	2	2	4	20	1	1	4	1	0.51806689	19	12753.494	12753.694	12753.694	12753.894	12754.212
1	25	1	1	231	2	2	4	21	2	2	4	1	0.5458995	20	12755.713	12756.313	12756.313	12756.513	12756.859
1	25	1	1	232	2	2	4	22	5	2	5	1	0.69193135	21	12758.33	12758.93	12758.93	12759.13	12759.622
1	25	1	1	233	2	2	4	23	5	2	4	0	0.38491764	21	12760.948	12761.548	12761.548	12761.748	12761.933
1	25	1	1	234	2	2	4	24	3	1	4	1	0.3915041	22	12763.563	12763.763	12763.763	12763.963	12764.154
1	25	1	1	235	2	2	4	25	4	2	5	1	0.51297641	23	12765.777	12766.377	12766.377	12766.577	12766.89
1	25	1	1	236	2	2	4	26	4	1	5	1	0.67472734	24	12768.396	12768.596	12768.596	12768.796	12769.27
1	25	1	1	237	2	2	4	27	1	1	4	1	0.49348782	25	12770.61	12770.81	12770.81	12771.01	12771.304
1	25	1	1	238	2	2	4	28	6	1	5	1	0.63868513	26	12772.829	12773.029	12773.029	12773.229	12773.667
1	25	1	1	239	2	2	4	29	6	1	5	1	0.49249769	27	12775.047	12775.247	12775.247	12775.447	12775.739
1	25	1	1	240	2	2	4	30	6	1	4	0	0.37399036	27	12777.263	12777.463	12777.463	12777.663	12777.837
1	25	1	1	241	2	6	5	1	3	2	3	1	0.7802766	28	12807.569	12808.169	12808.169	12808.369	12808.949
1	25	1	1	242	2	6	5	2	2	1	2	1	0.74596152	29	12810.187	12810.387	12810.387	12810.587	12811.133
1	25	1	1	243	2	6	5	3	4	2	6	1	0.83298587	30	12812.406	12813.006	12813.006	12813.206	12813.839
1	25	1	1	244	2	6	5	4	5	1	7	1	0.67856506	31	12815.023	12815.223	12815.223	12815.423	12815.902
1	25	1	1	245	2	6	5	5	1	2	1	1	1.1208393	32	12817.242	12817.842	12817.842	12818.042	12818.963
1	25	1	1	246	2	6	5	6	2	1	2	1	1.1050626	33	12819.857	12820.057	12820.057	12820.257	12821.162
1	25	1	1	247	2	6	5	7	2	2	2	1	0.59985395	34	12822.107	12822.707	12822.707	12822.907	12823.307
1	25	1	1	248	2	6	5	8	3	2	3	1	0.63065535	35	12824.725	12825.325	12825.325	12825.525	12825.956
1	25	1	1	249	2	6	5	9	5	2	7	1	0.66743314	36	12827.343	12827.943	12827.943	12828.143	12828.611
1	25	1	1	250	2	6	5	10	1	2	1	1	1.1044684	37	12829.962	12830.562	12830.562	12830.762	12831.667
1	25	1	1	251	2	6	5	11	3	2	3	1	0.77974885	38	12832.579	12833.179	12833.179	12833.379	12833.959
1	25	1	1	252	2	6	5	12	6	1	8	1	0.95942365	39	12835.198	12835.398	12835.398	12835.598	12836.357
1	25	1	1	253	2	6	5	13	2	2	2	1	0.90843412	40	12837.416	12838.016	12838.016	12838.216	12838.925
1	25	1	1	254	2	6	5	14	5	1	7	1	0.8193654	41	12840.033	12840.233	12840.233	12840.433	12841.052
1	25	1	1	255	2	6	5	15	6	2	8	1	1.0496609	42	12842.252	12842.852	12842.852	12843.052	12843.901
1	25	1	1	256	2	6	5	16	1	1	1	1	1.733423	43	12844.87	12845.07	12845.07	12845.271	12846.804
1	25	1	1	257	2	6	5	17	4	2	6	1	0.78337859	44	12847.09	12847.69	12847.69	12847.89	12848.473
1	25	1	1	258	2	6	5	18	3	1	2	0	1.3859083	44	12849.705	12849.905	12849.905	12850.105	12851.291
1	25	1	1	259	2	6	5	19	4	1	6	1	0.77494896	45	12851.924	12852.124	12852.124	12852.324	12852.899
1	25	1	1	260	2	6	5	20	1	1	1	1	0.89515897	46	12854.143	12854.343	12854.343	12854.543	12855.238
1	25	1	1	261	2	6	5	21	2	2	2	1	0.88040861	47	12856.363	12856.963	12856.963	12857.163	12857.843
1	25	1	1	262	2	6	5	22	5	2	7	1	0.7760757	48	12858.979	12859.579	12859.579	12859.779	12860.355
1	25	1	1	263	2	6	5	23	5	2	7	1	0.63751015	49	12861.597	12862.197	12862.197	12862.397	12862.835
1	25	1	1	264	2	6	5	24	3	1	3	1	0.72962995	50	12864.217	12864.417	12864.417	12864.617	12865.147
1	25	1	1	265	2	6	5	25	4	2	6	1	0.9446032	51	12866.437	12867.037	12867.037	12867.237	12867.982
1	25	1	1	266	2	6	5	26	4	1	6	1	0.6357617	52	12869.056	12869.256	12869.256	12869.456	12869.892
1	25	1	1	267	2	6	5	27	1	1	1	1	1.4003899	53	12871.276	12871.476	12871.476	12871.676	12872.876
1	25	1	1	268	2	6	5	28	6	1	8	1	0.81563933	54	12873.493	12873.693	12873.693	12873.893	12874.508
1	25	1	1	269	2	6	5	29	6	1	8	1	0.62113573	55	12875.712	12875.912	12875.912	12876.112	12876.533
1	25	1	1	270	2	6	5	30	6	1	8	1	0.49703167	56	12877.931	12878.131	12878.131	12878.331	12878.628
1	25	1	1	271	2	2	5	1	4	2	5	1	0.54152715	1	12908.208	12908.808	12908.808	12909.008	12909.349
1	25	1	1	272	2	2	5	2	1	1	4	1	0.53734083	2	12910.829	12911.029	12911.029	12911.229	12911.566
1	25	1	1	273	2	2	5	3	2	2	4	1	0.61326307	3	12913.048	12913.648	12913.648	12913.848	12914.261
1	25	1	1	274	2	2	5	4	5	1	5	1	0.9128174	4	12915.667	12915.867	12915.867	12916.067	12916.78
1	25	1	1	275	2	2	5	5	2	2	4	1	0.48764327	5	12917.887	12918.487	12918.487	12918.687	12918.974
1	25	1	1	276	2	2	5	6	6	1	4	0	0.5294141	5	12920.506	12920.706	12920.706	12920.906	12921.235
1	25	1	1	277	2	2	5	7	1	2	4	1	0.52543245	6	12922.725	12923.325	12923.325	12923.525	12923.851
1	25	1	1	278	2	2	5	8	6	2	5	1	0.55269081	7	12925.347	12925.947	12925.947	12926.147	12926.5
1	25	1	1	279	2	2	5	9	3	2	4	1	0.74069227	8	12927.966	12928.566	12928.566	12928.766	12929.307
1	25	1	1	280	2	2	5	10	4	2	5	1	0.64036481	9	12930.586	12931.186	12931.186	12931.386	12931.826
1	25	1	1	281	2	2	5	11	3	2	4	1	0.89129796	10	12933.225	12933.825	12933.825	12934.025	12934.717
1	25	1	1	282	2	2	5	12	4	1	5	1	0.65143844	11	12935.847	12936.047	12936.047	12936.247	12936.698
1	25	1	1	283	2	2	5	13	6	2	5	1	0.57078104	12	12938.067	12938.667	12938.667	12938.867	12939.237
1	25	1	1	284	2	2	5	14	3	1	4	1	0.88804309	13	12940.687	12940.887	12940.887	12941.087	12941.775
1	25	1	1	285	2	2	5	15	2	2	4	1	0.3952041	14	12942.905	12943.505	12943.505	12943.705	12943.9
1	25	1	1	286	2	2	5	16	6	1	5	1	0.40242556	15	12945.521	12945.721	12945.721	12945.921	12946.124
1	25	1	1	287	2	2	5	17	5	2	5	1	0.4580879	16	12947.741	12948.341	12948.341	12948.541	12948.799
1	25	1	1	288	2	2	5	18	4	1	5	1	0.46061014	17	12950.362	12950.562	12950.562	12950.762	12951.022
1	25	1	1	289	2	2	5	19	4	1	5	1	0.60496716	18	12952.582	12952.782	12952.782	12952.982	12953.387
1	25	1	1	290	2	2	5	20	5	1	5	1	0.54087875	19	12954.802	12955.002	12955.002	12955.202	12955.543
1	25	1	1	291	2	2	5	21	3	2	4	1	0.52849998	20	12957.022	12957.622	12957.622	12957.822	12958.15
1	25	1	1	292	2	2	5	22	2	2	4	1	0.57528786	21	12959.641	12960.241	12960.241	12960.441	12960.817
1	25	1	1	293	2	2	5	23	1	2	4	1	0.4080683	22	12962.262	12962.862	12962.862	12963.062	12963.27
1	25	1	1	294	2	2	5	24	6	1	5	1	0.57619179	23	12964.883	12965.083	12965.083	12965.283	12965.66
1	25	1	1	295	2	2	5	25	5	2	5	1	0.42492445	24	12967.101	12967.701	12967.701	12967.901	12968.126
1	25	1	1	296	2	2	5	26	1	1	4	1	0.49849685	25	12969.721	12969.921	12969.921	12970.121	12970.419
1	25	1	1	297	2	2	5	27	2	1	4	1	0.72523782	26	12971.944	12972.144	12972.144	12972.344	12972.869
1	25	1	1	298	2	2	5	28	5	1	5	1	0.60000683	27	12974.164	12974.364	12974.364	12974.564	12974.964
1	25	1	1	299	2	2	5	29	1	1	4	1	0.90995043	28	12976.385	12976.585	12976.585	12976.785	12977.495
1	25	1	1	300	2	2	5	30	3	1	4	1	0.45574192	29	12978.605	12978.805	12978.805	12979.005	12979.26
1	25	1	1	301	2	6	6	1	4	2	3	0	0.8730708	29	13008.907	13009.507	13009.507	13009.707	13010.38
1	25	1	1	302	2	6	6	2	1	1	1	1	1.1882245	30	13011.528	13011.728	13011.728	13011.928	13012.917
1	25	1	1	303	2	6	6	3	2	2	2	1	0.88190376	31	13013.747	13014.347	13014.347	13014.547	13015.229
1	25	1	1	304	2	6	6	4	5	1	7	1	0.74162137	32	13016.368	13016.568	13016.568	13016.768	13017.31
1	25	1	1	305	2	6	6	5	2	2	2	1	0.83178131	33	13018.589	13019.189	13019.189	13019.389	13020.021
1	25	1	1	306	2	6	6	6	6	1	8	1	0.74559561	34	13021.21	13021.41	13021.41	13021.61	13022.156
1	25	1	1	307	2	6	6	7	1	2	1	1	0.86031119	35	13023.431	13024.031	13024.031	13024.231	13024.892
1	25	1	1	308	2	6	6	8	6	2	8	1	0.79234233	36	13026.051	13026.651	13026.651	13026.851	13027.443
1	25	1	1	309	2	6	6	9	3	2	3	1	0.74043761	37	13028.672	13029.272	13029.272	13029.472	13030.013
1	25	1	1	310	2	6	6	10	4	2	6	1	0.84699053	38	13031.293	13031.893	13031.893	13032.093	13032.74
1	25	1	1	311	2	6	6	11	3	2	3	1	0.74635855	39	13033.915	13034.515	13034.515	13034.715	13035.261
1	25	1	1	312	2	6	6	12	4	1	6	1	0.83605638	40	13036.536	13036.736	13036.736	13036.936	13037.572
1	25	1	1	313	2	6	6	13	6	2	8	1	0.82704168	41	13038.76	13039.36	13039.36	13039.56	13040.187
1	25	1	1	314	2	6	6	14	3	1	3	1	0.94780068	42	13041.379	13041.579	13041.579	13041.779	13042.527
1	25	1	1	315	2	6	6	15	2	2	2	1	0.82680443	43	13043.6	13044.2	13044.2	13044.4	13045.027
1	25	1	1	316	2	6	6	16	6	1	8	1	1.1027695	44	13046.221	13046.421	13046.421	13046.621	13047.524
1	25	1	1	317	2	6	6	17	5	2	7	1	1.0637203	45	13048.443	13049.043	13049.043	13049.243	13050.106
1	25	1	1	318	2	6	6	18	4	1	3	0	0.81424457	45	13051.061	13051.261	13051.261	13051.461	13052.075
1	25	1	1	319	2	6	6	19	4	1	6	1	0.67624686	46	13053.282	13053.482	13053.482	13053.682	13054.158
1	25	1	1	320	2	6	6	20	5	1	7	1	1.1750723	47	13055.501	13055.701	13055.701	13055.901	13056.876
1	25	1	1	321	2	6	6	21	3	2	3	1	0.77714911	48	13057.722	13058.322	13058.322	13058.522	13059.099
1	25	1	1	322	2	6	6	22	2	2	2	1	0.7470631	49	13060.343	13060.943	13060.943	13061.143	13061.69
1	25	1	1	323	2	6	6	23	1	2	1	1	1.5360593	50	13062.964	13063.564	13063.564	13063.764	13065.1
1	25	1	1	324	2	6	6	24	6	1	8	1	0.73537868	51	13065.589	13065.789	13065.789	13065.989	13066.524
1	25	1	1	325	2	6	6	25	5	2	7	1	0.9407024	52	13067.81	13068.41	13068.41	13068.61	13069.351
1	25	1	1	326	2	6	6	26	1	1	1	1	1.1660846	53	13070.431	13070.631	13070.631	13070.831	13071.797
1	25	1	1	327	2	6	6	27	2	1	2	1	0.88569441	54	13072.653	13072.853	13072.853	13073.053	13073.739
1	25	1	1	328	2	6	6	28	5	1	7	1	0.96142042	55	13074.875	13075.075	13075.075	13075.275	13076.036
1	25	1	1	329	2	6	6	29	1	1	1	1	0.94217889	56	13077.096	13077.296	13077.296	13077.496	13078.238
1	25	1	1	330	2	6	6	30	3	1	3	1	1.8118395	57	13079.32	13079.52	13079.52	13079.72	13081.332
1	25	1	1	331	2	2	6	1	4	2	5	1	0.78885758	1	13109.606	13110.206	13110.206	13110.406	13110.995
1	25	1	1	332	2	2	6	2	6	1	5	1	0.49576077	2	13112.229	13112.429	13112.429	13112.629	13112.925
1	25	1	1	333	2	2	6	3	3	2	4	1	0.37922595	3	13114.448	13115.048	13115.048	13115.248	13115.428
1	25	1	1	334	2	2	6	4	4	1	5	1	0.50243073	4	13117.068	13117.268	13117.268	13117.468	13117.771
1	25	1	1	335	2	2	6	5	5	2	5	1	0.40994862	5	13119.29	13119.89	13119.89	13120.09	13120.3
1	25	1	1	336	2	2	6	6	2	1	5	0	0.40359353	5	13121.912	13122.112	13122.112	13122.312	13122.516
1	25	1	1	337	2	2	6	7	6	2	5	1	0.63247038	6	13124.135	13124.735	13124.735	13124.935	13125.367
1	25	1	1	338	2	2	6	8	2	2	4	1	0.54839926	7	13126.757	13127.357	13127.357	13127.557	13127.905
1	25	1	1	339	2	2	6	9	3	2	4	1	0.50721756	8	13129.379	13129.979	13129.979	13130.179	13130.486
1	25	1	1	340	2	2	6	10	5	2	5	1	0.5852185	9	13132.001	13132.601	13132.601	13132.801	13133.186
1	25	1	1	341	2	2	6	11	3	2	4	1	0.51788766	10	13134.62	13135.22	13135.22	13135.42	13135.738
1	25	1	1	342	2	2	6	12	3	1	5	0	0.57982242	10	13137.243	13137.443	13137.443	13137.643	13138.023
1	25	1	1	343	2	2	6	13	5	2	5	1	0.59389718	11	13139.465	13140.065	13140.065	13140.265	13140.659
1	25	1	1	344	2	2	6	14	6	1	5	1	0.43991125	12	13142.085	13142.285	13142.285	13142.485	13142.725
1	25	1	1	345	2	2	6	15	1	2	4	1	0.4564853	13	13144.308	13144.908	13144.908	13145.108	13145.365
1	25	1	1	346	2	2	6	16	6	1	5	1	0.60322604	14	13146.932	13147.132	13147.132	13147.332	13147.735
1	25	1	1	347	2	2	6	17	4	2	5	1	0.59359404	15	13149.153	13149.754	13149.754	13149.954	13150.347
1	25	1	1	348	2	2	6	18	4	1	5	1	0.41266563	16	13151.776	13151.976	13151.976	13152.176	13152.389
1	25	1	1	349	2	2	6	19	1	1	4	1	0.45362977	17	13153.999	13154.199	13154.199	13154.399	13154.652
1	25	1	1	350	2	2	6	20	2	1	4	1	0.55522793	18	13156.224	13156.424	13156.424	13156.624	13156.98
1	25	1	1	351	2	2	6	21	1	2	4	1	0.51100845	19	13158.487	13159.087	13159.087	13159.287	13159.598
1	25	1	1	352	2	2	6	22	2	2	4	1	0.50795782	20	13161.113	13161.713	13161.713	13161.913	13162.221
1	25	1	1	353	2	2	6	23	5	2	5	1	0.56534899	21	13163.735	13164.335	13164.335	13164.535	13164.901
1	25	1	1	354	2	2	6	24	3	1	4	1	0.71743375	22	13166.359	13166.559	13166.559	13166.759	13167.276
1	25	1	1	355	2	2	6	25	1	2	4	1	0.4228411	23	13168.582	13169.182	13169.182	13169.382	13169.604
1	25	1	1	356	2	2	6	26	1	1	4	1	0.46249001	24	13171.205	13171.405	13171.405	13171.605	13171.867
1	25	1	1	357	2	2	6	27	2	1	4	1	0.41099998	25	13173.432	13173.632	13173.632	13173.832	13174.043
1	25	1	1	358	2	2	6	28	6	1	5	1	0.46975088	26	13175.655	13175.855	13175.855	13176.055	13176.325
1	25	1	1	359	2	2	6	29	4	1	5	1	0.40657712	27	13177.878	13178.078	13178.078	13178.278	13178.485
1	25	1	1	360	2	2	6	30	5	1	5	1	0.4748959	28	13180.098	13180.298	13180.298	13180.498	13180.773
1	25	1	1	361	3	6	7	1	4	2	6	1	1.0538621	29	14191.241	14191.841	14191.841	14192.041	14192.895
1	25	1	1	362	3	6	7	2	6	1	8	1	0.77826423	30	14193.864	14194.064	14194.064	14194.264	14194.843
1	25	1	1	363	3	6	7	3	3	2	3	1	0.72449763	31	14196.087	14196.687	14196.687	14196.887	14197.412
1	25	1	1	364	3	6	7	4	4	1	6	1	0.77703359	32	14198.707	14198.907	14198.907	14199.107	14199.684
1	25	1	1	365	3	6	7	5	5	2	7	1	0.67540133	33	14200.928	14201.528	14201.528	14201.728	14202.204
1	25	1	1	366	3	6	7	6	2	1	2	1	0.82126087	34	14203.551	14203.751	14203.751	14203.951	14204.572
1	25	1	1	367	3	6	7	7	6	2	8	1	0.71755787	35	14205.774	14206.374	14206.374	14206.574	14207.092
1	25	1	1	368	3	6	7	8	2	2	2	1	0.68680196	36	14208.397	14208.997	14208.997	14209.197	14209.684
1	25	1	1	369	3	6	7	9	3	2	3	1	0.99869572	37	14211.021	14211.621	14211.621	14211.821	14212.619
1	25	1	1	370	3	6	7	10	5	2	7	1	0.81883979	38	14213.644	14214.244	14214.244	14214.444	14215.063
1	25	1	1	371	3	6	7	11	3	2	3	1	0.81819479	39	14216.267	14216.867	14216.867	14217.067	14217.686
1	25	1	1	372	3	6	7	12	3	1	3	1	0.71146839	40	14218.894	14219.094	14219.094	14219.294	14219.806
1	25	1	1	373	3	6	7	13	5	2	7	1	0.71274879	41	14221.115	14221.715	14221.715	14221.915	14222.428
1	25	1	1	374	3	6	7	14	6	1	8	1	0.95163903	42	14223.739	14223.939	14223.939	14224.139	14224.891
1	25	1	1	375	3	6	7	15	1	2	2	0	1.2966364	42	14225.963	14226.563	14226.563	14226.763	14227.86
1	25	1	1	376	3	6	7	16	6	1	8	1	0.93790063	43	14228.586	14228.786	14228.786	14228.986	14229.724
1	25	1	1	377	3	6	7	17	4	2	6	1	0.82342054	44	14230.811	14231.411	14231.411	14231.611	14232.234
1	25	1	1	378	3	6	7	18	4	1	6	1	0.6908009	45	14233.435	14233.635	14233.635	14233.835	14234.326
1	25	1	1	379	3	6	7	19	1	1	1	1	0.97623253	46	14235.659	14235.859	14235.859	14236.059	14236.835
1	25	1	1	380	3	6	7	20	2	1	2	1	0.93490261	47	14237.886	14238.086	14238.086	14238.286	14239.021
1	25	1	1	381	3	6	7	21	1	2	1	1	0.77635594	48	14240.11	14240.71	14240.71	14240.91	14241.486
1	25	1	1	382	3	6	7	22	2	2	2	1	1.0163363	49	14242.734	14243.334	14243.334	14243.534	14244.35
1	25	1	1	383	3	6	7	23	5	2	7	1	0.73583139	50	14245.357	14245.957	14245.957	14246.157	14246.693
1	25	1	1	384	3	6	7	24	3	1	3	1	0.79125928	51	14247.981	14248.181	14248.181	14248.381	14248.972
1	25	1	1	385	3	6	7	25	1	2	6	0	1.0559267	51	14250.205	14250.805	14250.805	14251.005	14251.861
1	25	1	1	386	3	6	7	26	1	1	1	1	0.70338493	52	14252.83	14253.03	14253.03	14253.23	14253.733
1	25	1	1	387	3	6	7	27	2	1	2	1	1.4061261	53	14255.055	14255.255	14255.255	14255.455	14256.661
1	25	1	1	388	3	6	7	28	6	1	6	0	0.87078114	53	14257.276	14257.476	14257.476	14257.676	14258.347
1	25	1	1	389	3	6	7	29	4	1	6	1	0.78483997	54	14259.5	14259.7	14259.7	14259.9	14260.485
1	25	1	1	390	3	6	7	30	5	1	7	1	1.1275959	55	14261.724	14261.924	14261.924	14262.124	14263.052
1	25	1	1	391	3	2	7	1	3	2	4	1	0.72192245	1	14292.01	14292.61	14292.61	14292.81	14293.332
1	25	1	1	392	3	2	7	2	1	1	4	1	0.448812	2	14294.636	14294.836	14294.836	14295.036	14295.284
1	25	1	1	393	3	2	7	3	6	2	5	1	0.39080861	3	14296.861	14297.461	14297.461	14297.661	14297.852
1	25	1	1	394	3	2	7	4	4	1	5	1	0.5023662	4	14299.486	14299.686	14299.686	14299.886	14300.188
1	25	1	1	395	3	2	7	5	2	2	4	1	0.48041743	5	14301.71	14302.31	14302.31	14302.51	14302.791
1	25	1	1	396	3	2	7	6	4	1	5	1	0.56418965	6	14304.334	14304.534	14304.534	14304.734	14305.099
1	25	1	1	397	3	2	7	7	2	2	4	1	0.604665	7	14306.559	14307.159	14307.159	14307.359	14307.764
1	25	1	1	398	3	2	7	8	5	2	5	1	0.50057446	8	14309.184	14309.784	14309.784	14309.984	14310.285
1	25	1	1	399	3	2	7	9	6	2	5	1	0.48998989	9	14311.809	14312.409	14312.409	14312.609	14312.899
1	25	1	1	400	3	2	7	10	2	2	4	1	0.49742393	10	14314.435	14315.035	14315.035	14315.235	14315.532
1	25	1	1	401	3	2	7	11	5	2	5	1	0.82600613	11	14317.056	14317.656	14317.656	14317.856	14318.482
1	25	1	1	402	3	2	7	12	2	1	4	1	0.55765824	12	14319.681	14319.881	14319.881	14320.081	14320.438
1	25	1	1	403	3	2	7	13	3	2	4	1	0.46471405	13	14321.906	14322.506	14322.506	14322.706	14322.971
1	25	1	1	404	3	2	7	14	4	1	5	1	0.4246417	14	14324.53	14324.73	14324.73	14324.93	14325.155
1	25	1	1	405	3	2	7	15	1	2	4	1	0.47333274	15	14326.756	14327.356	14327.356	14327.556	14327.829
1	25	1	1	406	3	2	7	16	2	1	4	1	0.48054097	16	14329.381	14329.581	14329.581	14329.781	14330.062
1	25	1	1	407	3	2	7	17	6	2	5	1	0.47793531	17	14331.606	14332.206	14332.206	14332.406	14332.684
1	25	1	1	408	3	2	7	18	1	1	4	1	0.58139127	18	14334.232	14334.432	14334.432	14334.632	14335.013
1	25	1	1	409	3	2	7	19	1	1	4	1	0.58220067	19	14336.46	14336.66	14336.66	14336.86	14337.242
1	25	1	1	410	3	2	7	20	4	1	5	1	0.58150339	20	14338.686	14338.886	14338.886	14339.086	14339.468
1	25	1	1	411	3	2	7	21	5	2	5	1	0.52521579	21	14340.911	14341.511	14341.511	14341.711	14342.036
1	25	1	1	412	3	2	7	22	5	2	5	1	0.49241887	22	14343.533	14344.133	14344.133	14344.333	14344.626
1	25	1	1	413	3	2	7	23	3	2	4	1	0.58669162	23	14346.162	14346.762	14346.762	14346.962	14347.349
1	25	1	1	414	3	2	7	24	5	1	5	1	0.84696406	24	14348.787	14348.987	14348.987	14349.187	14349.834
1	25	1	1	415	3	2	7	25	4	2	5	1	0.57688279	25	14351.013	14351.613	14351.613	14351.813	14352.19
1	25	1	1	416	3	2	7	26	6	1	5	1	0.53359266	26	14353.638	14353.838	14353.838	14354.038	14354.372
1	25	1	1	417	3	2	7	27	3	1	4	1	0.60859122	27	14355.86	14356.06	14356.06	14356.26	14356.669
1	25	1	1	418	3	2	7	28	1	1	4	1	0.46355851	28	14358.086	14358.286	14358.286	14358.486	14358.75
1	25	1	1	419	3	2	7	29	6	1	5	1	0.45072992	29	14360.312	14360.512	14360.512	14360.712	14360.963
1	25	1	1	420	3	2	7	30	3	1	5	0	0.54528819	29	14362.537	14362.737	14362.737	14362.937	14363.282
1	25	1	1	421	3	6	8	1	3	2	3	1	0.66676894	30	14392.849	14393.449	14393.449	14393.649	14394.116
1	25	1	1	422	3	6	8	2	1	1	1	1	0.70088461	31	14395.478	14395.678	14395.678	14395.878	14396.379
1	25	1	1	423	3	6	8	3	6	2	8	1	0.85372821	32	14397.703	14398.303	14398.303	14398.503	14399.156
1	25	1	1	424	3	6	8	4	4	1	6	1	0.67736934	33	14400.328	14400.528	14400.528	14400.728	14401.206
1	25	1	1	425	3	6	8	5	2	2	2	1	1.0181971	34	14402.556	14403.156	14403.156	14403.356	14404.174
1	25	1	1	426	3	6	8	6	4	1	6	1	0.85806274	35	14405.185	14405.385	14405.385	14405.585	14406.243
1	25	1	1	427	3	6	8	7	2	2	2	1	0.73805292	36	14407.408	14408.008	14408.008	14408.208	14408.747
1	25	1	1	428	3	6	8	8	5	2	7	1	0.81001188	37	14410.034	14410.634	14410.634	14410.834	14411.444
1	25	1	1	429	3	6	8	9	6	2	8	1	0.80741364	38	14412.66	14413.26	14413.26	14413.46	14414.068
1	25	1	1	430	3	6	8	10	2	2	2	1	0.74085771	39	14415.287	14415.887	14415.887	14416.087	14416.628
1	25	1	1	431	3	6	8	11	5	2	7	1	1.1777751	40	14417.914	14418.514	14418.514	14418.714	14419.691
1	25	1	1	432	3	6	8	12	2	1	2	1	0.85248231	41	14420.536	14420.736	14420.736	14420.936	14421.589
1	25	1	1	433	3	6	8	13	3	2	3	1	0.70551944	42	14422.763	14423.363	14423.363	14423.563	14424.068
1	25	1	1	434	3	6	8	14	4	1	6	1	0.78147647	43	14425.388	14425.588	14425.588	14425.788	14426.37
1	25	1	1	435	3	6	8	15	1	2	1	1	0.94376316	44	14427.615	14428.215	14428.215	14428.415	14429.158
1	25	1	1	436	3	6	8	16	2	1	2	1	0.86563064	45	14430.241	14430.441	14430.441	14430.641	14431.306
1	25	1	1	437	3	6	8	17	6	2	8	1	1.1134242	46	14432.468	14433.068	14433.068	14433.268	14434.181
1	25	1	1	438	3	6	8	18	1	1	1	1	1.0230367	47	14435.095	14435.295	14435.295	14435.495	14436.318
1	25	1	1	439	3	6	8	19	1	1	1	1	1.0670295	48	14437.328	14437.528	14437.528	14437.728	14438.595
1	25	1	1	440	3	6	8	20	4	1	6	1	0.86665998	49	14439.554	14439.754	14439.754	14439.954	14440.621
1	25	1	1	441	3	6	8	21	5	2	8	0	0.84678561	49	14441.781	14442.381	14442.381	14442.581	14443.228
1	25	1	1	442	3	6	8	22	5	2	7	1	0.75588413	50	14444.407	14445.007	14445.007	14445.207	14445.763
1	25	1	1	443	3	6	8	23	3	2	3	1	0.9776106	51	14447.034	14447.634	14447.634	14447.834	14448.611
1	25	1	1	444	3	6	8	24	5	1	7	1	1.1254123	52	14449.661	14449.861	14449.861	14450.061	14450.986
1	25	1	1	445	3	6	8	25	4	2	6	1	1.0065507	53	14451.892	14452.492	14452.492	14452.692	14453.499
1	25	1	1	446	3	6	8	26	6	1	8	1	0.77971374	54	14454.52	14454.72	14454.72	14454.92	14455.499
1	25	1	1	447	3	6	8	27	3	1	6	0	1.0801484	54	14456.746	14456.946	14456.946	14457.146	14458.027
1	25	1	1	448	3	6	8	28	1	1	1	1	0.93457644	55	14458.974	14459.174	14459.174	14459.374	14460.108
1	25	1	1	449	3	6	8	29	6	1	8	1	0.94672417	56	14461.201	14461.401	14461.401	14461.601	14462.348
1	25	1	1	450	3	6	8	30	3	1	3	1	0.70799412	57	14463.432	14463.632	14463.632	14463.832	14464.34
1	25	1	1	451	3	2	8	1	5	2	5	1	0.57434386	1	14493.719	14494.319	14494.319	14494.519	14494.893
1	25	1	1	452	3	2	8	2	2	1	4	1	0.52891265	2	14496.347	14496.547	14496.547	14496.747	14497.075
1	25	1	1	453	3	2	8	3	1	2	4	1	0.49804938	3	14498.573	14499.173	14499.173	14499.373	14499.671
1	25	1	1	454	3	2	8	4	6	1	5	1	0.70698494	4	14501.2	14501.4	14501.4	14501.6	14502.107
1	25	1	1	455	3	2	8	5	1	2	4	1	0.63240639	5	14503.428	14504.028	14504.028	14504.228	14504.66
1	25	1	1	456	3	2	8	6	3	1	4	1	0.54069514	6	14506.055	14506.255	14506.255	14506.455	14506.795
1	25	1	1	457	3	2	8	7	4	2	5	1	0.62699296	7	14508.282	14508.882	14508.882	14509.082	14509.509
1	25	1	1	458	3	2	8	8	3	2	4	1	0.57050063	8	14510.905	14511.505	14511.505	14511.705	14512.076
1	25	1	1	459	3	2	8	9	5	2	5	1	0.48092241	9	14513.53	14514.13	14514.13	14514.33	14514.611
1	25	1	1	460	3	2	8	10	3	2	4	1	0.5275863	10	14516.157	14516.757	14516.757	14516.957	14517.284
1	25	1	1	461	3	2	8	11	1	2	4	1	0.62126726	11	14518.784	14519.384	14519.384	14519.584	14520.005
1	25	1	1	462	3	2	8	12	4	1	5	1	0.68098149	12	14521.411	14521.611	14521.611	14521.811	14522.292
1	25	1	1	463	3	2	8	13	5	2	5	1	0.54206975	13	14523.639	14524.239	14524.239	14524.439	14524.781
1	25	1	1	464	3	2	8	14	5	1	5	1	0.71517156	14	14526.266	14526.466	14526.466	14526.666	14527.181
1	25	1	1	465	3	2	8	15	1	2	4	1	0.55916165	15	14528.494	14529.094	14529.094	14529.294	14529.653
1	25	1	1	466	3	2	8	16	5	1	5	1	0.55314263	16	14531.122	14531.322	14531.322	14531.522	14531.875
1	25	1	1	467	3	2	8	17	1	2	4	1	0.57650382	17	14533.349	14533.949	14533.949	14534.149	14534.525
1	25	1	1	468	3	2	8	18	3	1	4	1	0.50766169	18	14535.976	14536.176	14536.176	14536.376	14536.684
1	25	1	1	469	3	2	8	19	4	1	5	1	0.63084123	19	14538.204	14538.404	14538.404	14538.604	14539.035
1	25	1	1	470	3	2	8	20	6	1	5	1	0.55086373	20	14540.435	14540.635	14540.635	14540.835	14541.186
1	25	1	1	471	3	2	8	21	2	2	4	1	0.49419029	21	14542.664	14543.264	14543.264	14543.464	14543.758
1	25	1	1	472	3	2	8	22	3	2	4	1	0.52792297	22	14545.292	14545.892	14545.892	14546.092	14546.42
1	25	1	1	473	3	2	8	23	4	2	5	1	0.85297104	23	14547.919	14548.519	14548.519	14548.719	14549.372
1	25	1	1	474	3	2	8	24	2	1	4	1	0.55575147	24	14550.547	14550.747	14550.747	14550.947	14551.303
1	25	1	1	475	3	2	8	25	4	2	5	1	0.75282272	25	14552.773	14553.373	14553.373	14553.573	14554.125
1	25	1	1	476	3	2	8	26	2	1	4	1	0.54123857	26	14555.401	14555.601	14555.601	14555.801	14556.143
1	25	1	1	477	3	2	8	27	6	1	5	1	0.4896573	27	14557.63	14557.83	14557.83	14558.03	14558.32
1	25	1	1	478	3	2	8	28	6	1	5	1	0.54847597	28	14559.856	14560.056	14560.056	14560.256	14560.605
1	25	1	1	479	3	2	8	29	2	1	4	1	0.59989742	29	14562.084	14562.284	14562.284	14562.484	14562.884
1	25	1	1	480	3	2	8	30	6	1	5	1	0.50611639	30	14564.313	14564.513	14564.513	14564.713	14565.019
1	25	1	1	481	3	6	9	1	5	2	7	1	1.0465366	31	14594.629	14595.229	14595.229	14595.429	14596.275
1	25	1	1	482	3	6	9	2	2	1	2	1	0.86591135	32	14597.257	14597.457	14597.457	14597.657	14598.323
1	25	1	1	483	3	6	9	3	1	2	1	1	0.74225324	33	14599.485	14600.085	14600.085	14600.285	14600.828
1	25	1	1	484	3	6	9	4	6	1	8	1	0.8444436	34	14602.114	14602.314	14602.314	14602.514	14603.158
1	25	1	1	485	3	6	9	5	1	2	2	0	0.88248704	34	14604.339	14604.939	14604.939	14605.139	14605.822
1	25	1	1	486	3	6	9	6	3	1	3	1	0.79228266	35	14606.964	14607.164	14607.164	14607.364	14607.957
1	25	1	1	487	3	6	9	7	4	2	6	1	0.79433548	36	14609.192	14609.792	14609.792	14609.992	14610.587
1	25	1	1	488	3	6	9	8	3	2	3	1	0.79137606	37	14611.82	14612.42	14612.42	14612.62	14613.211
1	25	1	1	489	3	6	9	9	5	2	7	1	0.8563804	38	14614.452	14615.052	14615.052	14615.252	14615.909
1	25	1	1	490	3	6	9	10	3	2	3	1	0.97188398	39	14617.081	14617.681	14617.681	14617.881	14618.653
1	25	1	1	491	3	6	9	11	1	2	1	1	0.54535385	40	14619.71	14620.31	14620.31	14620.51	14620.855
1	25	1	1	492	3	6	9	12	4	1	6	1	0.80988676	41	14622.339	14622.539	14622.539	14622.739	14623.349
1	25	1	1	493	3	6	9	13	5	2	7	1	0.92071597	42	14624.57	14625.17	14625.17	14625.37	14626.091
1	25	1	1	494	3	6	9	14	5	1	7	1	1.0517471	43	14627.199	14627.399	14627.399	14627.599	14628.451
1	25	1	1	495	3	6	9	15	1	2	1	1	1.0980746	44	14629.428	14630.028	14630.028	14630.228	14631.126
1	25	1	1	496	3	6	9	16	5	1	7	1	0.92346653	45	14632.056	14632.256	14632.256	14632.456	14633.18
1	25	1	1	497	3	6	9	17	1	2	1	1	0.88109665	46	14634.284	14634.884	14634.884	14635.084	14635.765
1	25	1	1	498	3	6	9	18	3	1	3	1	0.73033993	47	14636.913	14637.113	14637.113	14637.313	14637.843
1	25	1	1	499	3	6	9	19	4	1	6	1	0.66214448	48	14639.141	14639.341	14639.341	14639.541	14640.003
1	25	1	1	500	3	6	9	20	6	1	8	1	0.84314394	49	14641.37	14641.57	14641.57	14641.77	14642.413
1	25	1	1	501	3	6	9	21	2	2	2	1	0.79092919	50	14643.599	14644.199	14644.199	14644.399	14644.99
1	25	1	1	502	3	6	9	22	3	2	3	1	1.2225321	51	14646.231	14646.831	14646.831	14647.031	14648.053
1	25	1	1	503	3	6	9	23	4	2	6	1	0.68201938	52	14648.86	14649.46	14649.46	14649.66	14650.142
1	25	1	1	504	3	6	9	24	2	1	2	1	1.0964871	53	14651.506	14651.706	14651.706	14651.906	14652.802
1	25	1	1	505	3	6	9	25	4	2	6	1	1.0604768	54	14653.735	14654.335	14654.335	14654.535	14655.396
1	25	1	1	506	3	6	9	26	2	1	2	1	0.93589384	55	14656.367	14656.567	14656.567	14656.767	14657.503
1	25	1	1	507	3	6	9	27	6	1	8	1	0.84783623	56	14658.596	14658.796	14658.796	14658.996	14659.643
1	25	1	1	508	3	6	9	28	6	1	8	1	0.72939445	57	14660.825	14661.025	14661.025	14661.225	14661.754
1	25	1	1	509	3	6	9	29	2	1	2	1	1.0384939	58	14663.054	14663.254	14663.254	14663.454	14664.292
1	25	1	1	510	3	6	9	30	6	1	8	1	1.041141	59	14665.283	14665.483	14665.483	14665.683	14666.524
1	25	1	1	511	3	2	9	1	5	2	5	1	0.66529499	1	14695.578	14696.178	14696.178	14696.378	14696.844
1	25	1	1	512	3	2	9	2	2	1	4	1	0.46968391	2	14698.207	14698.407	14698.408	14698.608	14698.877
1	25	1	1	513	3	2	9	3	1	2	4	1	0.49541497	3	14700.437	14701.037	14701.037	14701.237	14701.533
1	25	1	1	514	3	2	9	4	1	1	4	1	0.48086867	4	14703.066	14703.266	14703.266	14703.466	14703.747
1	25	1	1	515	3	2	9	5	3	2	4	1	0.62228519	5	14705.296	14705.896	14705.896	14706.096	14706.518
1	25	1	1	516	3	2	9	6	6	1	5	1	0.45611216	6	14707.927	14708.127	14708.127	14708.327	14708.583
1	25	1	1	517	3	2	9	7	2	2	5	0	0.55481617	6	14710.153	14710.753	14710.753	14710.953	14711.308
1	25	1	1	518	3	2	9	8	1	2	4	1	0.56343819	7	14712.784	14713.384	14713.384	14713.584	14713.947
1	25	1	1	519	3	2	9	9	6	2	5	1	0.48913709	8	14715.413	14716.013	14716.013	14716.213	14716.502
1	25	1	1	520	3	2	9	10	5	2	5	1	0.47943641	9	14718.043	14718.643	14718.643	14718.843	14719.123
1	25	1	1	521	3	2	9	11	6	2	5	1	0.46737895	10	14720.672	14721.272	14721.272	14721.472	14721.74
1	25	1	1	522	3	2	9	12	4	1	5	1	0.49022197	11	14723.299	14723.499	14723.499	14723.699	14723.989
1	25	1	1	523	3	2	9	13	4	2	5	1	0.46169025	12	14725.528	14726.128	14726.128	14726.328	14726.59
1	25	1	1	524	3	2	9	14	1	1	4	1	0.59435006	13	14728.162	14728.362	14728.362	14728.562	14728.956
1	25	1	1	525	3	2	9	15	4	2	5	1	0.64314393	14	14730.392	14730.992	14730.992	14731.192	14731.635
1	25	1	1	526	3	2	9	16	4	1	5	1	0.50227864	15	14733.022	14733.222	14733.222	14733.422	14733.724
1	25	1	1	527	3	2	9	17	5	2	5	1	0.46470778	16	14735.252	14735.852	14735.852	14736.052	14736.317
1	25	1	1	528	3	2	9	18	2	1	4	1	0.52311249	17	14737.883	14738.083	14738.083	14738.283	14738.606
1	25	1	1	529	3	2	9	19	2	1	5	0	0.41714108	17	14740.113	14740.313	14740.313	14740.513	14740.73
1	25	1	1	530	3	2	9	20	6	1	5	1	0.63934019	18	14742.343	14742.543	14742.543	14742.743	14743.182
1	25	1	1	531	3	2	9	21	3	2	4	1	0.70455076	19	14744.602	14745.202	14745.202	14745.402	14745.907
1	25	1	1	532	3	2	9	22	4	2	5	1	0.58586333	20	14747.233	14747.833	14747.833	14748.033	14748.419
1	25	1	1	533	3	2	9	23	2	2	4	1	0.81204671	21	14749.863	14750.463	14750.463	14750.663	14751.275
1	25	1	1	534	3	2	9	24	5	1	5	1	0.58159431	22	14752.494	14752.694	14752.694	14752.894	14753.275
1	25	1	1	535	3	2	9	25	6	2	5	1	0.55383072	23	14754.724	14755.324	14755.324	14755.524	14755.878
1	25	1	1	536	3	2	9	26	5	1	5	1	0.53827763	24	14757.355	14757.555	14757.555	14757.755	14758.093
1	25	1	1	537	3	2	9	27	3	1	4	1	0.57785309	25	14759.611	14759.811	14759.811	14760.011	14760.389
1	25	1	1	538	3	2	9	28	3	1	4	1	0.48280488	26	14761.842	14762.042	14762.042	14762.242	14762.525
1	25	1	1	539	3	2	9	29	1	1	4	1	0.54266508	27	14764.073	14764.273	14764.273	14764.473	14764.816
1	25	1	1	540	3	2	9	30	3	1	4	1	0.47446208	28	14766.305	14766.505	14766.505	14766.705	14766.979
1	25	1	1	541	4	6	10	1	5	2	7	1	1.342241	29	15332.615	15333.215	15333.215	15333.415	15334.557
1	25	1	1	542	4	6	10	2	2	1	2	1	0.93726059	30	15335.245	15335.445	15335.445	15335.645	15336.383
1	25	1	1	543	4	6	10	3	1	2	1	1	0.62412972	31	15337.476	15338.076	15338.076	15338.276	15338.7
1	25	1	1	544	4	6	10	4	1	1	1	1	0.60983562	32	15340.106	15340.306	15340.306	15340.506	15340.916
1	25	1	1	545	4	6	10	5	3	2	3	1	0.48764681	33	15342.339	15342.939	15342.939	15343.139	15343.426
1	25	1	1	546	4	6	10	6	6	1	8	1	0.90558135	34	15344.97	15345.17	15345.17	15345.37	15346.075
1	25	1	1	547	4	6	10	7	2	2	2	1	1.0518826	35	15347.198	15347.798	15347.798	15347.998	15348.85
1	25	1	1	548	4	6	10	8	1	2	1	1	0.80678311	36	15349.829	15350.429	15350.429	15350.629	15351.236
1	25	1	1	549	4	6	10	9	6	2	8	1	1.1770492	37	15352.46	15353.06	15353.06	15353.26	15354.237
1	25	1	1	550	4	6	10	10	5	2	7	1	0.78067643	38	15355.088	15355.688	15355.688	15355.888	15356.469
1	25	1	1	551	4	6	10	11	6	2	8	1	0.82630331	39	15357.725	15358.325	15358.325	15358.525	15359.152
1	25	1	1	552	4	6	10	12	4	1	6	1	0.68286509	40	15360.353	15360.553	15360.553	15360.753	15361.236
1	25	1	1	553	4	6	10	13	4	2	6	1	0.64322209	41	15362.585	15363.185	15363.185	15363.385	15363.828
1	25	1	1	554	4	6	10	14	1	1	1	1	1.0919825	42	15365.216	15365.416	15365.416	15365.616	15366.508
1	25	1	1	555	4	6	10	15	4	2	6	1	0.84541942	43	15367.447	15368.047	15368.047	15368.247	15368.892
1	25	1	1	556	4	6	10	16	4	1	6	1	0.78202326	44	15370.078	15370.278	15370.278	15370.478	15371.06
1	25	1	1	557	4	6	10	17	5	2	7	1	0.85766572	45	15372.309	15372.909	15372.909	15373.109	15373.767
1	25	1	1	558	4	6	10	18	2	1	2	1	1.0560837	46	15374.94	15375.14	15375.14	15375.34	15376.196
1	25	1	1	559	4	6	10	19	2	1	2	1	0.71605053	47	15377.17	15377.37	15377.37	15377.57	15378.086
1	25	1	1	560	4	6	10	20	6	1	8	1	0.80348511	48	15379.402	15379.602	15379.602	15379.802	15380.406
1	25	1	1	561	4	6	10	21	3	2	3	1	0.87908896	49	15381.636	15382.236	15382.236	15382.436	15383.115
1	25	1	1	562	4	6	10	22	4	2	6	1	0.95632908	50	15384.267	15384.867	15384.867	15385.067	15385.824
1	25	1	1	563	4	6	10	23	2	2	2	1	0.8902333	51	15386.898	15387.498	15387.498	15387.698	15388.389
1	25	1	1	564	4	6	10	24	5	1	7	1	1.131238	52	15389.527	15389.727	15389.727	15389.927	15390.858
1	25	1	1	565	4	6	10	25	6	2	8	1	0.68786019	53	15391.758	15392.358	15392.358	15392.558	15393.046
1	25	1	1	566	4	6	10	26	5	1	7	1	0.72610089	54	15394.39	15394.59	15394.59	15394.79	15395.317
1	25	1	1	567	4	6	10	27	3	1	3	1	0.74754884	55	15396.624	15396.824	15396.824	15397.024	15397.571
1	25	1	1	568	4	6	10	28	3	1	3	1	0.65290059	56	15398.855	15399.055	15399.055	15399.255	15399.708
1	25	1	1	569	4	6	10	29	1	1	1	1	1.039738	57	15401.091	15401.291	15401.291	15401.491	15402.33
1	25	1	1	570	4	6	10	30	3	1	3	1	1.1545204	58	15403.323	15403.523	15403.523	15403.723	15404.678
1	25	1	1	571	4	2	10	1	2	2	4	1	0.68429786	1	15433.615	15434.215	15434.215	15434.415	15434.899
1	25	1	1	572	4	2	10	2	2	1	4	1	0.59691085	2	15436.247	15436.447	15436.447	15436.647	15437.044
1	25	1	1	573	4	2	10	3	5	2	5	1	0.4534319	3	15438.479	15439.079	15439.079	15439.279	15439.532
1	25	1	1	574	4	2	10	4	5	1	5	1	0.49474652	4	15441.11	15441.31	15441.31	15441.51	15441.805
1	25	1	1	575	4	2	10	5	3	2	4	1	0.63080337	5	15443.342	15443.942	15443.942	15444.142	15444.573
1	25	1	1	576	4	2	10	6	4	1	5	1	0.60498891	6	15445.974	15446.174	15446.174	15446.374	15446.779
1	25	1	1	577	4	2	10	7	1	2	4	1	0.5895809	7	15448.206	15448.806	15448.806	15449.006	15449.396
1	25	1	1	578	4	2	10	8	6	2	5	1	0.51953006	8	15450.838	15451.438	15451.438	15451.638	15451.958
1	25	1	1	579	4	2	10	9	2	2	4	1	0.46458744	9	15453.476	15454.076	15454.076	15454.276	15454.54
1	25	1	1	580	4	2	10	10	3	2	4	1	0.52122537	10	15456.108	15456.708	15456.708	15456.908	15457.229
1	25	1	1	581	4	2	10	11	2	2	4	1	0.48327937	11	15458.739	15459.339	15459.339	15459.539	15459.823
1	25	1	1	582	4	2	10	12	4	1	5	1	0.55830027	12	15461.372	15461.573	15461.573	15461.773	15462.131
1	25	1	1	583	4	2	10	13	3	2	4	1	0.76722415	13	15463.605	15464.205	15464.205	15464.405	15464.972
1	25	1	1	584	4	2	10	14	3	1	4	1	0.4831966	14	15466.241	15466.441	15466.441	15466.641	15466.925
1	25	1	1	585	4	2	10	15	4	2	5	1	0.52898761	15	15468.473	15469.073	15469.073	15469.273	15469.602
1	25	1	1	586	4	2	10	16	5	1	5	1	0.61622562	16	15471.106	15471.306	15471.306	15471.506	15471.922
1	25	1	1	587	4	2	10	17	1	2	4	1	0.48229218	17	15473.336	15473.936	15473.936	15474.136	15474.419
1	25	1	1	588	4	2	10	18	2	1	4	1	0.5169566	18	15475.969	15476.169	15476.169	15476.369	15476.686
1	25	1	1	589	4	2	10	19	5	1	5	1	0.53850883	19	15478.202	15478.402	15478.402	15478.602	15478.941
1	25	1	1	590	4	2	10	20	4	1	5	1	0.64104856	20	15480.435	15480.635	15480.635	15480.835	15481.276
1	25	1	1	591	4	2	10	21	3	2	4	1	0.48331826	21	15482.667	15483.267	15483.267	15483.467	15483.751
1	25	1	1	592	4	2	10	22	6	2	4	0	0.53368949	21	15485.301	15485.901	15485.901	15486.101	15486.434
1	25	1	1	593	4	2	10	23	1	2	4	1	0.5189346	22	15487.934	15488.534	15488.534	15488.734	15489.052
1	25	1	1	594	4	2	10	24	6	1	5	1	0.44642862	23	15490.566	15490.766	15490.767	15490.967	15491.213
1	25	1	1	595	4	2	10	25	1	2	5	0	0.45205908	23	15492.8	15493.4	15493.4	15493.6	15493.852
1	25	1	1	596	4	2	10	26	4	1	5	1	0.61923785	24	15495.432	15495.632	15495.632	15495.832	15496.251
1	25	1	1	597	4	2	10	27	6	1	5	1	0.51499208	25	15497.665	15497.865	15497.865	15498.065	15498.38
1	25	1	1	598	4	2	10	28	5	1	5	1	0.48276156	26	15499.898	15500.098	15500.098	15500.298	15500.581
1	25	1	1	599	4	2	10	29	6	1	5	1	0.57835748	27	15502.131	15502.331	15502.331	15502.531	15502.909
1	25	1	1	600	4	2	10	30	1	1	4	1	0.59432903	28	15504.363	15504.563	15504.563	15504.763	15505.158
1	25	1	1	601	4	6	11	1	2	2	2	1	0.98193047	29	15534.685	15535.285	15535.285	15535.485	15536.267
1	25	1	1	602	4	6	11	2	2	1	2	1	0.7182897	30	15537.318	15537.518	15537.518	15537.718	15538.236
1	25	1	1	603	4	6	11	3	5	2	7	1	0.96025902	31	15539.55	15540.15	15540.15	15540.35	15541.111
1	25	1	1	604	4	6	11	4	5	1	7	1	0.69415615	32	15542.188	15542.388	15542.388	15542.588	15543.082
1	25	1	1	605	4	6	11	5	3	2	3	1	0.75104581	33	15544.421	15545.021	15545.021	15545.221	15545.772
1	25	1	1	606	4	6	11	6	4	1	6	1	0.84393244	34	15547.054	15547.254	15547.254	15547.454	15548.098
1	25	1	1	607	4	6	11	7	1	2	1	1	0.83819514	35	15549.284	15549.884	15549.884	15550.084	15550.722
1	25	1	1	608	4	6	11	8	6	2	8	1	0.87912294	36	15551.918	15552.518	15552.518	15552.718	15553.397
1	25	1	1	609	4	6	11	9	2	2	2	1	0.84467034	37	15554.55	15555.15	15555.15	15555.35	15555.995
1	25	1	1	610	4	6	11	10	3	2	3	1	0.74637276	38	15557.188	15557.788	15557.788	15557.988	15558.535
1	25	1	1	611	4	6	11	11	2	2	2	1	0.88085939	39	15559.822	15560.422	15560.422	15560.622	15561.303
1	25	1	1	612	4	6	11	12	4	1	6	1	1.1723593	40	15562.455	15562.655	15562.655	15562.855	15563.827
1	25	1	1	613	4	6	11	13	3	2	3	1	1.0085911	41	15564.706	15565.306	15565.306	15565.506	15566.315
1	25	1	1	614	4	6	11	14	3	1	3	1	0.87548369	42	15567.346	15567.546	15567.546	15567.746	15568.421
1	25	1	1	615	4	6	11	15	4	2	6	1	0.87042946	43	15569.58	15570.18	15570.18	15570.38	15571.051
1	25	1	1	616	4	6	11	16	5	1	2	0	1.160699	43	15572.214	15572.414	15572.414	15572.614	15573.574
1	25	1	1	617	4	6	11	17	1	2	1	1	0.8952137	44	15574.445	15575.045	15575.045	15575.245	15575.94
1	25	1	1	618	4	6	11	18	2	1	2	1	0.92305615	45	15577.079	15577.279	15577.279	15577.479	15578.203
1	25	1	1	619	4	6	11	19	5	1	7	1	1.1092676	46	15579.317	15579.517	15579.517	15579.717	15580.627
1	25	1	1	620	4	6	11	20	4	1	6	1	1.2282828	47	15581.551	15581.751	15581.751	15581.951	15582.98
1	25	1	1	621	4	6	11	21	3	2	3	1	0.93873366	48	15583.785	15584.385	15584.385	15584.585	15585.324
1	25	1	1	622	4	6	11	22	6	2	8	1	0.79328974	49	15586.418	15587.018	15587.018	15587.218	15587.811
1	25	1	1	623	4	6	11	23	1	2	1	1	1.1194186	50	15589.052	15589.652	15589.652	15589.852	15590.771
1	25	1	1	624	4	6	11	24	6	1	8	1	0.78870133	51	15591.735	15591.935	15591.935	15592.135	15592.724
1	25	1	1	625	4	6	11	25	1	2	1	1	1.0126491	52	15593.969	15594.569	15594.569	15594.769	15595.581
1	25	1	1	626	4	6	11	26	4	1	6	1	0.78041963	53	15596.6	15596.8	15596.8	15597	15597.58
1	25	1	1	627	4	6	11	27	6	1	8	1	0.73514448	54	15598.837	15599.037	15599.037	15599.237	15599.772
1	25	1	1	628	4	6	11	28	5	1	7	1	0.82429093	55	15601.068	15601.268	15601.268	15601.468	15602.092
1	25	1	1	629	4	6	11	29	6	1	8	1	0.86972127	56	15603.303	15603.503	15603.503	15603.703	15604.373
1	25	1	1	630	4	6	11	30	1	1	1	1	0.82931656	57	15605.534	15605.734	15605.734	15605.934	15606.563
1	25	1	1	631	4	2	11	1	4	2	5	1	0.5155793	1	15635.835	15636.435	15636.435	15636.635	15636.95
1	25	1	1	632	4	2	11	2	1	1	4	1	0.46235869	2	15638.469	15638.669	15638.669	15638.869	15639.132
1	25	1	1	633	4	2	11	3	6	2	4	0	0.45165374	2	15640.704	15641.304	15641.304	15641.504	15641.755
1	25	1	1	634	4	2	11	4	5	1	5	1	0.51341897	3	15643.339	15643.539	15643.539	15643.739	15644.052
1	25	1	1	635	4	2	11	5	1	2	4	1	0.43668142	4	15645.573	15646.173	15646.173	15646.373	15646.61
1	25	1	1	636	4	2	11	6	6	1	5	1	0.46400536	5	15648.204	15648.404	15648.404	15648.604	15648.868
1	25	1	1	637	4	2	11	7	3	2	4	1	0.52521252	6	15650.446	15651.046	15651.046	15651.246	15651.571
1	25	1	1	638	4	2	11	8	6	2	5	1	0.54835905	7	15653.081	15653.681	15653.681	15653.881	15654.229
1	25	1	1	639	4	2	11	9	4	2	5	1	0.64789236	8	15655.715	15656.315	15656.315	15656.515	15656.963
1	25	1	1	640	4	2	11	10	2	2	4	1	0.55270636	9	15658.347	15658.947	15658.947	15659.147	15659.5
1	25	1	1	641	4	2	11	11	5	2	4	0	0.47767398	9	15660.982	15661.582	15661.582	15661.782	15662.06
1	25	1	1	642	4	2	11	12	2	1	4	1	0.71466706	10	15663.618	15663.818	15663.818	15664.018	15664.533
1	25	1	1	643	4	2	11	13	1	2	4	1	0.54194324	11	15665.852	15666.452	15666.452	15666.652	15666.994
1	25	1	1	644	4	2	11	14	2	1	4	1	0.53588206	12	15668.483	15668.683	15668.683	15668.883	15669.219
1	25	1	1	645	4	2	11	15	6	2	5	1	0.64405985	13	15670.719	15671.319	15671.319	15671.519	15671.963
1	25	1	1	646	4	2	11	16	1	1	4	1	0.76082155	14	15673.354	15673.554	15673.554	15673.754	15674.315
1	25	1	1	647	4	2	11	17	6	2	5	1	0.59284092	15	15675.588	15676.188	15676.188	15676.388	15676.781
1	25	1	1	648	4	2	11	18	4	1	5	1	1.1332868	16	15678.224	15678.424	15678.424	15678.624	15679.557
1	25	1	1	649	4	2	11	19	3	1	4	1	0.74618786	17	15680.458	15680.658	15680.658	15680.858	15681.404
1	25	1	1	650	4	2	11	20	3	1	4	1	0.59528069	18	15682.695	15682.895	15682.895	15683.095	15683.49
1	25	1	1	651	4	2	11	21	5	2	5	1	0.6552028	19	15684.932	15685.532	15685.532	15685.732	15686.187
1	25	1	1	652	4	2	11	22	4	2	5	1	0.6095319	20	15687.571	15688.171	15688.171	15688.371	15688.78
1	25	1	1	653	4	2	11	23	2	2	4	1	0.66514219	21	15690.203	15690.803	15690.803	15691.003	15691.468
1	25	1	1	654	4	2	11	24	3	1	4	1	0.94023723	22	15692.838	15693.038	15693.038	15693.238	15693.979
1	25	1	1	655	4	2	11	25	2	2	4	1	0.65915514	23	15695.073	15695.673	15695.673	15695.873	15696.332
1	25	1	1	656	4	2	11	26	3	1	4	1	0.56880438	24	15697.708	15697.908	15697.908	15698.108	15698.477
1	25	1	1	657	4	2	11	27	5	1	5	1	0.65293551	25	15699.943	15700.143	15700.143	15700.343	15700.796
1	25	1	1	658	4	2	11	28	1	1	5	0	0.76014388	25	15702.178	15702.378	15702.378	15702.578	15703.138
1	25	1	1	659	4	2	11	29	4	1	5	1	0.64701256	26	15704.413	15704.613	15704.613	15704.813	15705.26
1	25	1	1	660	4	2	11	30	5	1	5	1	0.7790493	27	15706.648	15706.848	15706.848	15707.048	15707.627
1	25	1	1	661	4	6	12	1	4	2	6	1	0.72822893	28	15736.965	15737.565	15737.565	15737.765	15738.293
1	25	1	1	662	4	6	12	2	1	1	1	1	0.98758419	29	15739.6	15739.8	15739.8	15740	15740.787
1	25	1	1	663	4	6	12	3	6	2	8	1	0.77006708	30	15741.835	15742.435	15742.435	15742.635	15743.205
1	25	1	1	664	4	6	12	4	5	1	7	1	0.75091521	31	15744.47	15744.67	15744.67	15744.87	15745.421
1	25	1	1	665	4	6	12	5	1	2	1	1	1.0843171	32	15746.706	15747.306	15747.306	15747.506	15748.391
1	25	1	1	666	4	6	12	6	6	1	8	1	0.75346904	33	15749.345	15749.545	15749.545	15749.745	15750.299
1	25	1	1	667	4	6	12	7	3	2	3	1	0.73435003	34	15751.58	15752.18	15752.18	15752.38	15752.915
1	25	1	1	668	4	6	12	8	6	2	8	1	0.73042895	35	15754.219	15754.819	15754.819	15755.019	15755.55
1	25	1	1	669	4	6	12	9	4	2	6	1	0.73229244	36	15756.854	15757.454	15757.454	15757.654	15758.187
1	25	1	1	670	4	6	12	10	2	2	2	1	1.3631421	37	15759.49	15760.09	15760.09	15760.29	15761.453
1	25	1	1	671	4	6	12	11	5	2	7	1	1.1997711	38	15762.126	15762.726	15762.726	15762.926	15763.925
1	25	1	1	672	4	6	12	12	2	1	2	1	0.8187291	39	15764.761	15764.961	15764.961	15765.161	15765.78
1	25	1	1	673	4	6	12	13	1	2	1	1	1.4093607	40	15766.997	15767.597	15767.597	15767.797	15769.006
1	25	1	1	674	4	6	12	14	2	1	2	1	0.87022364	41	15769.632	15769.832	15769.832	15770.032	15770.703
1	25	1	1	675	4	6	12	15	6	2	8	1	0.84370816	42	15771.871	15772.471	15772.471	15772.671	15773.315
1	25	1	1	676	4	6	12	16	1	1	0	0	-15774.706	42	15774.506	15774.706	15774.706	15774.906	0
1	25	1	1	677	4	6	12	17	6	2	8	1	0.86691836	43	15776.746	15777.346	15777.346	15777.546	15778.213
1	25	1	1	678	4	6	12	18	4	1	6	1	0.93773795	44	15779.386	15779.586	15779.586	15779.786	15780.524
1	25	1	1	679	4	6	12	19	3	1	2	0	0.72507661	44	15781.623	15781.823	15781.823	15782.023	15782.548
1	25	1	1	680	4	6	12	20	3	1	3	1	0.7422351	45	15783.861	15784.061	15784.061	15784.261	15784.803
1	25	1	1	681	4	6	12	21	5	2	7	1	0.86462219	46	15786.098	15786.698	15786.698	15786.898	15787.562
1	25	1	1	682	4	6	12	22	4	2	6	1	0.87055601	47	15788.733	15789.333	15789.333	15789.533	15790.204
1	25	1	1	683	4	6	12	23	2	2	2	1	1.4247975	48	15791.37	15791.97	15791.97	15792.17	15793.394
1	25	1	1	684	4	6	12	24	3	1	3	1	0.81774029	49	15794.009	15794.209	15794.209	15794.41	15795.027
1	25	1	1	685	4	6	12	25	2	2	2	1	0.80473773	50	15796.247	15796.847	15796.847	15797.047	15797.652
1	25	1	1	686	4	6	12	26	3	1	3	1	0.72380785	51	15798.882	15799.082	15799.082	15799.282	15799.806
1	25	1	1	687	4	6	12	27	5	1	7	1	0.8872693	52	15801.119	15801.319	15801.319	15801.519	15802.206
1	25	1	1	688	4	6	12	28	1	1	1	1	1.0849062	53	15803.361	15803.561	15803.561	15803.761	15804.646
1	25	1	1	689	4	6	12	29	4	1	6	1	0.90171257	54	15805.599	15805.799	15805.799	15805.999	15806.7
1	25	1	1	690	4	6	12	30	5	1	6	0	0.85061777	54	15807.836	15808.036	15808.036	15808.236	15808.886
1	25	1	1	691	4	2	12	1	6	2	5	1	0.75827438	1	15838.135	15838.735	15838.735	15838.935	15839.493
1	25	1	1	692	4	2	12	2	5	1	4	0	0.80910218	1	15840.772	15840.972	15840.972	15841.172	15841.781
1	25	1	1	693	4	2	12	3	1	2	4	1	0.42853023	2	15843.009	15843.609	15843.609	15843.809	15844.038
1	25	1	1	694	4	2	12	4	2	1	4	1	0.51825765	3	15845.646	15845.846	15845.846	15846.046	15846.364
1	25	1	1	695	4	2	12	5	3	2	4	1	0.48296223	4	15847.883	15848.483	15848.483	15848.683	15848.966
1	25	1	1	696	4	2	12	6	3	1	4	1	0.7484955	5	15850.52	15850.72	15850.72	15850.92	15851.468
1	25	1	1	697	4	2	12	7	1	2	4	1	0.48966736	6	15852.756	15853.356	15853.356	15853.556	15853.846
1	25	1	1	698	4	2	12	8	4	2	5	1	0.51245537	7	15855.397	15855.997	15855.997	15856.197	15856.509
1	25	1	1	699	4	2	12	9	4	2	5	1	0.45041532	8	15858.034	15858.634	15858.634	15858.834	15859.084
1	25	1	1	700	4	2	12	10	4	2	4	0	0.41329997	8	15860.672	15861.272	15861.272	15861.472	15861.685
1	25	1	1	701	4	2	12	11	3	2	4	1	0.56062642	9	15863.309	15863.909	15863.909	15864.109	15864.469
1	25	1	1	702	4	2	12	12	4	1	5	1	0.61245428	10	15865.946	15866.146	15866.146	15866.346	15866.758
1	25	1	1	703	4	2	12	13	6	2	5	1	0.5556482	11	15868.184	15868.784	15868.784	15868.984	15869.34
1	25	1	1	704	4	2	12	14	5	1	5	1	0.62210284	12	15870.821	15871.021	15871.021	15871.221	15871.643
1	25	1	1	705	4	2	12	15	1	2	4	1	0.64282965	13	15873.058	15873.658	15873.658	15873.858	15874.301
1	25	1	1	706	4	2	12	16	2	1	4	1	0.49264266	14	15875.696	15875.896	15875.896	15876.096	15876.389
1	25	1	1	707	4	2	12	17	4	2	5	1	0.51561077	15	15877.931	15878.531	15878.531	15878.731	15879.047
1	25	1	1	708	4	2	12	18	5	1	5	1	0.4938765	16	15880.569	15880.769	15880.769	15880.969	15881.263
1	25	1	1	709	4	2	12	19	6	1	5	1	0.46728439	17	15882.803	15883.003	15883.003	15883.203	15883.47
1	25	1	1	710	4	2	12	20	1	1	4	1	0.61739369	18	15885.037	15885.237	15885.237	15885.437	15885.854
1	25	1	1	711	4	2	12	21	6	2	5	1	0.5309937	19	15887.275	15887.875	15887.875	15888.075	15888.406
1	25	1	1	712	4	2	12	22	5	2	5	1	0.48053127	20	15889.909	15890.509	15890.509	15890.709	15890.989
1	25	1	1	713	4	2	12	23	3	2	4	1	0.5197397	21	15892.547	15893.147	15893.147	15893.347	15893.667
1	25	1	1	714	4	2	12	24	3	1	4	1	0.55364963	22	15895.181	15895.381	15895.381	15895.581	15895.935
1	25	1	1	715	4	2	12	25	2	2	4	1	0.49134809	23	15897.419	15898.019	15898.019	15898.219	15898.51
1	25	1	1	716	4	2	12	26	6	1	5	1	0.53728217	24	15900.057	15900.257	15900.257	15900.457	15900.795
1	25	1	1	717	4	2	12	27	2	1	4	1	0.7915455	25	15902.295	15902.495	15902.495	15902.695	15903.287
1	25	1	1	718	4	2	12	28	2	1	4	1	0.56927237	26	15904.533	15904.733	15904.733	15904.933	15905.302
1	25	1	1	719	4	2	12	29	1	1	4	1	0.55043474	27	15906.773	15906.973	15906.973	15907.173	15907.523
1	25	1	1	720	4	2	12	30	5	1	5	1	0.53102733	28	15909.009	15909.209	15909.209	15909.409	15909.74
