255	65	36	119	151	220	30	48	0	0	0	0	0	0	0	0	0	0	0	0
1	42	2	2	1	1	2	1	1	3	1	1	1	0.58184516	1	5356.5944	5356.7945	5356.7947	5356.9949	5357.3766
1	42	2	2	2	1	2	1	2	6	1	8	1	0.46774816	2	5358.8116	5359.0117	5359.0118	5359.2121	5359.4796
1	42	2	2	3	1	2	1	3	2	2	1	1	0.49663942	3	5361.0231	5361.6231	5361.6231	5361.8231	5362.1197
1	42	2	2	4	1	2	1	4	5	1	8	1	0.64096504	4	5363.632	5363.832	5363.832	5364.032	5364.473
1	42	2	2	5	1	2	1	5	2	2	1	1	0.46561711	5	5365.8388	5366.4388	5366.4388	5366.6388	5366.9044
1	42	2	2	6	1	2	1	6	1	1	1	1	0.54470985	6	5368.4461	5368.6461	5368.6461	5368.8461	5369.1908
1	42	2	2	7	1	2	1	7	5	2	8	1	0.4346143	7	5370.6532	5371.2532	5371.2532	5371.4532	5371.6878
1	42	2	2	8	1	2	1	8	1	1	1	1	0.52446898	8	5373.2604	5373.4605	5373.4605	5373.6605	5373.9849
1	42	2	2	9	1	2	1	9	4	1	8	1	0.52364843	9	5375.4671	5375.6671	5375.6672	5375.8672	5376.1908
1	42	2	2	10	1	2	1	10	1	1	1	1	0.42795194	10	5377.6741	5377.8741	5377.8741	5378.0742	5378.3021
1	42	2	2	11	1	2	1	11	6	1	8	1	0.94166254	11	5379.8811	5380.0811	5380.0811	5380.2812	5381.0228
1	42	2	2	12	1	2	1	12	1	2	1	1	0.62302241	12	5382.0878	5382.6878	5382.6878	5382.8878	5383.3109
1	42	2	2	13	1	2	1	13	3	2	1	1	0.5279571	13	5384.6943	5385.2943	5385.2943	5385.4944	5385.8223
1	42	2	2	14	1	2	1	14	3	2	1	1	0.56039087	14	5387.3011	5387.9011	5387.9011	5388.1011	5388.4615
1	42	2	2	15	1	2	1	15	3	1	1	1	0.49769501	15	5389.9085	5390.1085	5390.1085	5390.3086	5390.6062
1	42	2	2	16	1	2	1	16	4	2	8	1	0.88327718	16	5392.1157	5392.7157	5392.7157	5392.9157	5393.599
1	42	2	2	17	1	2	1	17	4	2	8	1	0.52577045	17	5394.7229	5395.3229	5395.323	5395.523	5395.8488
1	42	2	2	18	1	2	1	18	5	1	8	1	0.46141287	18	5397.3304	5397.5306	5397.5306	5397.7306	5397.992
1	42	2	2	19	1	2	1	19	2	2	1	1	0.50813411	19	5399.5382	5400.1382	5400.1382	5400.3383	5400.6464
1	42	2	2	20	1	2	1	20	6	1	8	1	0.5480523	20	5402.1451	5402.3451	5402.3451	5402.5451	5402.8931
1	42	2	2	21	1	2	1	21	5	2	8	1	0.50357941	21	5404.3514	5404.9514	5404.9514	5405.1514	5405.455
1	42	2	2	22	1	2	1	22	4	1	8	1	0.62165492	22	5406.959	5407.159	5407.159	5407.3591	5407.7807
1	42	2	2	23	1	2	1	23	2	2	1	1	0.48748052	23	5409.1666	5409.7666	5409.7666	5409.9666	5410.2541
1	42	2	2	24	1	2	1	24	2	2	1	1	0.66558088	24	5411.774	5412.374	5412.374	5412.574	5413.0396
1	42	2	2	25	1	2	1	25	4	1	8	1	0.52147953	25	5414.382	5414.582	5414.582	5414.782	5415.1035
1	42	2	2	26	1	2	1	26	6	1	8	1	0.39393	26	5416.59	5416.79	5416.7901	5416.9901	5417.184
1	42	2	2	27	1	2	1	27	6	1	8	1	0.41691177	27	5418.7984	5418.9984	5418.9984	5419.1984	5419.4153
1	42	2	2	28	1	2	1	28	3	2	1	1	0.48828064	28	5421.0045	5421.6045	5421.6045	5421.8045	5422.0928
1	42	2	2	29	1	2	1	29	5	2	8	1	0.41057665	29	5423.6127	5424.2127	5424.2127	5424.4127	5424.6233
1	42	2	2	30	1	2	1	30	1	2	1	1	0.38442518	30	5426.2202	5426.8202	5426.8202	5427.0202	5427.2047
1	42	2	2	31	1	6	1	1	1	1	2	1	0.62941074	1	5454.4181	5454.6182	5454.6183	5454.8184	5455.2477
1	42	2	2	32	1	6	1	2	6	1	7	1	1.1368975	2	5456.6285	5456.8285	5456.8285	5457.0285	5457.9654
1	42	2	2	33	1	6	1	3	2	2	3	1	1.7712254	3	5458.8352	5459.4352	5459.4352	5459.6352	5461.2064
1	42	2	2	34	1	6	1	4	5	1	6	1	1.0825592	4	5461.4436	5461.6436	5461.6436	5461.8436	5462.7262
1	42	2	2	35	1	6	1	5	2	2	3	1	0.70723476	5	5463.6519	5464.2519	5464.2519	5464.452	5464.9591
1	42	2	2	36	1	6	1	6	3	1	4	1	0.46566951	6	5466.2602	5466.4602	5466.4602	5466.6602	5466.9259
1	42	2	2	37	1	6	1	7	4	2	5	1	0.83587785	7	5468.4685	5469.0685	5469.0685	5469.2685	5469.9044
1	42	2	2	38	1	6	1	8	3	1	4	1	1.1449664	8	5471.0755	5471.2755	5471.2755	5471.4755	5472.4205
1	42	2	2	39	1	6	1	9	1	1	2	1	0.7223697	9	5473.2837	5473.4837	5473.4837	5473.6837	5474.206
1	42	2	2	40	1	6	1	10	6	1	6	1	1.2763074	10	5475.4905	5475.6905	5475.6905	5475.8905	5476.9668
1	42	2	2	41	1	6	1	11	2	1	3	1	1.6601697	11	5477.6991	5477.8991	5477.8991	5478.0991	5479.5593
1	42	2	2	42	1	6	1	12	5	2	6	1	0.82120783	12	5479.9058	5480.5059	5480.5059	5480.7059	5481.3271
1	42	2	2	43	1	6	1	13	3	2	4	1	0.4454273	13	5482.5141	5483.1141	5483.1142	5483.3142	5483.5596
1	42	2	2	44	1	6	1	14	4	2	5	1	0.88085381	14	5485.1231	5485.7231	5485.7231	5485.9231	5486.604
1	42	2	2	45	1	6	1	15	4	1	5	1	0.72361579	15	5487.7314	5487.9314	5487.9314	5488.1314	5488.655
1	42	2	2	46	1	6	1	16	3	2	4	1	0.65619393	16	5489.9406	5490.5406	5490.5406	5490.7406	5491.1968
1	42	2	2	47	1	6	1	17	2	2	3	1	1.2439095	17	5492.5478	5493.1478	5493.1478	5493.3478	5494.3917
1	42	2	2	48	1	6	1	18	3	1	4	1	0.55963675	18	5495.1568	5495.3568	5495.3568	5495.5568	5495.9164
1	42	2	2	49	1	6	1	19	5	2	6	1	1.050831	19	5497.366	5497.966	5497.966	5498.1661	5499.0169
1	42	2	2	50	1	6	1	20	6	1	7	1	0.77313903	20	5499.9752	5500.1752	5500.1752	5500.3752	5500.9484
1	42	2	2	51	1	6	1	21	6	2	7	1	0.74050376	21	5502.184	5502.784	5502.784	5502.9841	5503.5246
1	42	2	2	52	1	6	1	22	5	1	6	1	0.81917187	22	5504.7927	5504.9927	5504.9927	5505.1927	5505.8118
1	42	2	2	53	1	6	1	23	5	2	6	1	0.56519191	23	5507.0016	5507.6016	5507.6016	5507.8016	5508.1668
1	42	2	2	54	1	6	1	24	2	2	3	1	1.0119298	24	5509.611	5510.211	5510.211	5510.411	5511.2229
1	42	2	2	55	1	6	1	25	1	1	2	1	0.81698035	25	5512.2206	5512.4206	5512.4206	5512.6206	5513.2376
1	42	2	2	56	1	6	1	26	4	1	5	1	1.4555605	26	5514.43	5514.6301	5514.6301	5514.8301	5516.0856
1	42	2	2	57	1	6	1	27	1	1	2	1	0.8469745	27	5516.6389	5516.8389	5516.8389	5517.0389	5517.6859
1	42	2	2	58	1	6	1	28	1	2	2	1	0.59676364	28	5518.8481	5519.4481	5519.4482	5519.6482	5520.0449
1	42	2	2	59	1	6	1	29	4	2	6	0	1.203379	28	5521.4573	5522.0573	5522.0573	5522.2573	5523.2607
1	42	2	2	60	1	6	1	30	6	2	7	1	0.84274815	29	5524.3788	5524.9788	5524.9788	5525.1788	5525.8216
1	42	2	2	61	1	2	2	1	2	1	1	1	0.53537179	1	5542.3359	5542.5359	5542.5359	5542.7359	5543.0713
1	42	2	2	62	1	2	2	2	5	1	8	1	0.49660158	2	5544.5435	5544.7435	5544.7436	5544.9436	5545.2402
1	42	2	2	63	1	2	2	3	5	2	8	1	0.5160526	3	5546.7528	5547.3528	5547.3529	5547.5529	5547.8689
1	42	2	2	64	1	2	2	4	1	1	1	1	0.4977523	4	5549.363	5549.5631	5549.5631	5549.7631	5550.0608
1	42	2	2	65	1	2	2	5	2	2	1	1	0.44239391	5	5551.5725	5552.1725	5552.1726	5552.3726	5552.615
1	42	2	2	66	1	2	2	6	4	1	8	1	0.63893335	6	5554.1832	5554.3833	5554.3833	5554.5833	5555.0222
1	42	2	2	67	1	2	2	7	1	2	1	1	0.58074632	7	5556.3938	5556.9938	5556.9938	5557.1938	5557.5745
1	42	2	2	68	1	2	2	8	2	1	1	1	0.65103727	8	5559.004	5559.204	5559.204	5559.404	5559.8551
1	42	2	2	69	1	2	2	9	5	1	8	1	0.50669298	9	5561.2142	5561.4142	5561.4142	5561.6143	5561.9209
1	42	2	2	70	1	2	2	10	1	1	1	1	0.66384588	10	5563.4239	5563.6239	5563.624	5563.824	5564.2878
1	42	2	2	71	1	2	2	11	1	1	1	1	0.55843561	11	5565.6322	5565.8322	5565.8322	5566.0322	5566.3906
1	42	2	2	72	1	2	2	12	3	2	1	1	0.91690682	12	5567.8411	5568.4411	5568.4411	5568.6411	5569.358
1	42	2	2	73	1	2	2	13	5	2	8	1	0.58731247	13	5570.4512	5571.0512	5571.0512	5571.2512	5571.6385
1	42	2	2	74	1	2	2	14	6	2	8	1	0.53853671	14	5573.0612	5573.6612	5573.6612	5573.8612	5574.1997
1	42	2	2	75	1	2	2	15	3	1	1	1	0.58210023	15	5575.671	5575.871	5575.871	5576.071	5576.4531
1	42	2	2	76	1	2	2	16	4	2	8	1	0.62767353	16	5577.8815	5578.4815	5578.4815	5578.6815	5579.1092
1	42	2	2	77	1	2	2	17	2	2	1	1	0.57675301	17	5580.4919	5581.0919	5581.0919	5581.2919	5581.6686
1	42	2	2	78	1	2	2	18	1	1	1	1	0.67738292	18	5583.1025	5583.3025	5583.3025	5583.5025	5583.9799
1	42	2	2	79	1	2	2	19	3	2	1	1	0.56567547	19	5585.3132	5585.9132	5585.9132	5586.1132	5586.4788
1	42	2	2	80	1	2	2	20	3	1	1	1	0.62728969	20	5587.9231	5588.1231	5588.1231	5588.3232	5588.7504
1	42	2	2	81	1	2	2	21	6	2	8	1	0.42488539	21	5590.1335	5590.7335	5590.7335	5590.9335	5591.1584
1	42	2	2	82	1	2	2	22	2	1	1	1	0.98948931	22	5592.743	5592.943	5592.943	5593.143	5593.9325
1	42	2	2	83	1	2	2	23	5	2	8	1	0.63722235	23	5594.9532	5595.5532	5595.5532	5595.7532	5596.1904
1	42	2	2	84	1	2	2	24	6	2	8	1	0.62808664	24	5597.5639	5598.1639	5598.1639	5598.3639	5598.792
1	42	2	2	85	1	2	2	25	3	1	1	1	0.54388461	25	5600.1744	5600.3744	5600.3744	5600.5744	5600.9182
1	42	2	2	86	1	2	2	26	6	1	8	1	0.55870867	26	5602.3846	5602.5846	5602.5846	5602.7846	5603.1433
1	42	2	2	87	1	2	2	27	4	1	8	1	0.50807585	27	5604.5956	5604.7956	5604.7956	5604.9956	5605.3037
1	42	2	2	88	1	2	2	28	4	2	8	1	0.54393697	28	5606.8065	5607.4065	5607.4066	5607.6066	5607.9505
1	42	2	2	89	1	2	2	29	4	2	8	1	0.53914227	29	5609.4173	5610.0173	5610.0173	5610.2173	5610.5564
1	42	2	2	90	1	2	2	30	6	2	8	1	0.52452553	30	5612.0282	5612.6282	5612.6282	5612.8282	5613.1527
1	42	2	2	91	1	6	2	1	4	1	5	1	0.97732536	1	5625.5987	5625.7987	5625.7987	5625.9987	5626.7761
1	42	2	2	92	1	6	2	2	3	1	4	1	0.65473437	2	5627.807	5628.007	5628.007	5628.207	5628.6618
1	42	2	2	93	1	6	2	3	1	2	2	1	0.64766747	3	5630.0159	5630.6159	5630.6159	5630.8159	5631.2635
1	42	2	2	94	1	6	2	4	3	1	4	1	0.61128464	4	5632.6255	5632.8255	5632.8255	5633.0255	5633.4367
1	42	2	2	95	1	6	2	5	2	2	3	1	0.84269474	5	5634.8366	5635.4366	5635.4366	5635.6366	5636.2793
1	42	2	2	96	1	6	2	6	3	1	4	1	1.0403877	6	5637.4482	5637.6482	5637.6482	5637.8482	5638.6886
1	42	2	2	97	1	6	2	7	4	2	5	1	0.63523667	7	5639.657	5640.257	5640.257	5640.457	5640.8922
1	42	2	2	98	1	6	2	8	4	1	5	1	0.61963876	8	5642.268	5642.468	5642.468	5642.668	5643.0877
1	42	2	2	99	1	6	2	9	4	1	5	1	0.73018482	9	5644.4787	5644.6787	5644.6787	5644.8787	5645.4089
1	42	2	2	100	1	6	2	10	6	1	7	1	1.1738322	10	5646.6895	5646.8895	5646.8895	5647.0895	5648.0634
1	42	2	2	101	1	6	2	11	5	1	6	1	0.48882211	11	5648.901	5649.101	5649.101	5649.301	5649.5898
1	42	2	2	102	1	6	2	12	2	2	3	1	0.87022546	12	5651.1129	5651.7129	5651.7129	5651.9129	5652.5831
1	42	2	2	103	1	6	2	13	1	2	2	1	0.71193922	13	5653.7245	5654.3245	5654.3245	5654.5245	5655.0364
1	42	2	2	104	1	6	2	14	6	2	7	1	0.6870339	14	5656.3362	5656.9363	5656.9363	5657.1363	5657.6233
1	42	2	2	105	1	6	2	15	5	1	6	1	0.48077717	15	5658.9477	5659.1477	5659.1477	5659.3477	5659.6285
1	42	2	2	106	1	6	2	16	5	2	6	1	0.46805966	16	5661.1604	5661.7604	5661.7604	5661.9604	5662.2285
1	42	2	2	107	1	6	2	17	6	2	7	1	0.6817241	17	5663.7723	5664.3723	5664.3723	5664.5723	5665.0541
1	42	2	2	108	1	6	2	18	5	1	6	1	0.82241946	18	5666.384	5666.584	5666.584	5666.784	5667.4064
1	42	2	2	109	1	6	2	19	1	2	2	1	0.6925302	19	5668.596	5669.196	5669.196	5669.396	5669.8885
1	42	2	2	110	1	6	2	20	2	1	3	1	0.9095223	20	5671.2079	5671.4079	5671.4079	5671.6079	5672.3174
1	42	2	2	111	1	6	2	21	3	2	4	1	0.4896886	21	5673.4197	5674.0197	5674.0197	5674.2197	5674.5094
1	42	2	2	112	1	6	2	22	6	1	7	1	0.66443888	22	5676.0291	5676.2291	5676.2291	5676.4291	5676.8936
1	42	2	2	113	1	6	2	23	1	2	2	1	0.61388257	23	5678.2402	5678.8402	5678.8402	5679.0402	5679.4541
1	42	2	2	114	1	6	2	24	2	2	3	1	1.2511706	24	5680.8497	5681.4497	5681.4497	5681.6497	5682.7009
1	42	2	2	115	1	6	2	25	6	1	7	1	1.4859766	25	5683.4622	5683.6622	5683.6622	5683.8622	5685.1481
1	42	2	2	116	1	6	2	26	3	1	4	1	0.58971331	26	5685.6742	5685.8742	5685.8742	5686.0742	5686.4639
1	42	2	2	117	1	6	2	27	2	1	3	1	0.88714414	27	5687.8863	5688.0863	5688.0863	5688.2863	5688.9735
1	42	2	2	118	1	6	2	28	4	2	5	1	0.90147302	28	5690.0988	5690.6988	5690.6988	5690.8988	5691.6003
1	42	2	2	119	1	6	2	29	5	2	6	1	0.66194924	29	5692.7104	5693.3104	5693.3104	5693.5104	5693.9724
1	42	2	2	120	1	6	2	30	1	2	2	1	0.67139239	30	5695.3209	5695.9209	5695.9209	5696.1209	5696.5923
1	42	2	2	121	1	2	3	1	2	1	8	0	0.66439025	0	5707.2046	5707.4046	5707.4046	5707.6046	5708.069
1	42	2	2	122	1	2	3	2	2	1	1	1	0.59894208	1	5709.725	5709.925	5709.925	5710.125	5710.524
1	42	2	2	123	1	2	3	3	2	2	1	1	0.53879375	2	5711.9378	5712.5378	5712.5378	5712.7378	5713.0766
1	42	2	2	124	1	2	3	4	1	1	1	1	0.54527377	3	5714.5506	5714.7506	5714.7506	5714.9506	5715.2959
1	42	2	2	125	1	2	3	5	5	2	8	1	0.48457902	4	5716.7636	5717.3636	5717.3636	5717.5636	5717.8482
1	42	2	2	126	1	2	3	6	6	1	8	1	0.43009248	5	5719.3763	5719.5763	5719.5763	5719.7763	5720.0064
1	42	2	2	127	1	2	3	7	1	2	1	1	0.73669282	6	5721.5874	5722.1874	5722.1874	5722.3874	5722.9241
1	42	2	2	128	1	2	3	8	5	1	8	1	0.57391335	7	5724.2	5724.4	5724.4	5724.6	5724.9739
1	42	2	2	129	1	2	3	9	3	1	1	1	0.60957979	8	5726.4124	5726.6124	5726.6124	5726.8124	5727.2219
1	42	2	2	130	1	2	3	10	4	1	8	1	0.49488658	9	5728.6237	5728.8237	5728.8237	5729.0237	5729.3186
1	42	2	2	131	1	2	3	11	6	1	8	1	0.49942363	10	5730.834	5731.034	5731.034	5731.234	5731.5334
1	42	2	2	132	1	2	3	12	5	2	8	1	0.5098008	11	5733.0473	5733.6473	5733.6473	5733.8473	5734.1571
1	42	2	2	133	1	2	3	13	6	2	8	1	0.52035331	12	5735.6601	5736.2601	5736.2601	5736.4601	5736.7804
1	42	2	2	134	1	2	3	14	4	2	8	1	0.53444827	13	5738.2734	5738.8734	5738.8734	5739.0734	5739.4079
1	42	2	2	135	1	2	3	15	4	1	8	1	0.59372378	14	5740.8863	5741.0863	5741.0863	5741.2863	5741.68
1	42	2	2	136	1	2	3	16	3	2	1	1	0.54558874	15	5743.0992	5743.6992	5743.6992	5743.8992	5744.2448
1	42	2	2	137	1	2	3	17	5	2	8	1	0.5416494	16	5745.7119	5746.3119	5746.3119	5746.5119	5746.8535
1	42	2	2	138	1	2	3	18	3	1	1	1	0.59069135	17	5748.3249	5748.5249	5748.5249	5748.7249	5749.1156
1	42	2	2	139	1	2	3	19	3	2	1	1	0.55697077	18	5750.5384	5751.1384	5751.1384	5751.3384	5751.6954
1	42	2	2	140	1	2	3	20	6	1	8	1	0.49457808	19	5753.1515	5753.3515	5753.3515	5753.5515	5753.8461
1	42	2	2	141	1	2	3	21	2	2	1	1	0.54741051	20	5755.3644	5755.9644	5755.9644	5756.1644	5756.5118
1	42	2	2	142	1	2	3	22	1	1	1	1	0.62258449	21	5757.976	5758.176	5758.176	5758.376	5758.7986
1	42	2	2	143	1	2	3	23	1	2	1	1	0.51323708	22	5760.1898	5760.7898	5760.7898	5760.9898	5761.3031
1	42	2	2	144	1	2	3	24	4	2	8	1	0.57699793	23	5762.8034	5763.4034	5763.4034	5763.6034	5763.9804
1	42	2	2	145	1	2	3	25	4	1	8	1	0.45422242	24	5765.4143	5765.6143	5765.6143	5765.8143	5766.0685
1	42	2	2	146	1	2	3	26	6	1	8	1	0.40392203	25	5767.6278	5767.8278	5767.8278	5768.0278	5768.2317
1	42	2	2	147	1	2	3	27	5	1	8	1	0.80509481	26	5769.8393	5770.0393	5770.0393	5770.2393	5770.8444
1	42	2	2	148	1	2	3	28	1	2	1	1	0.56923879	27	5772.0531	5772.6531	5772.6531	5772.8531	5773.2223
1	42	2	2	149	1	2	3	29	2	2	1	1	0.50226909	28	5774.6666	5775.2666	5775.2666	5775.4666	5775.7688
1	42	2	2	150	1	2	3	30	3	2	1	1	0.4933047	29	5777.2808	5777.8808	5777.8808	5778.0808	5778.3741
1	42	2	2	151	1	6	3	1	5	1	6	1	0.82165279	1	5792.352	5792.552	5792.552	5792.752	5793.3736
1	42	2	2	152	1	6	3	2	3	1	4	1	0.73010519	2	5794.566	5794.766	5794.766	5794.966	5795.4961
1	42	2	2	153	1	6	3	3	2	2	3	1	1.3556879	3	5796.7794	5797.3794	5797.3794	5797.5794	5798.7351
1	42	2	2	154	1	6	3	4	4	1	5	1	1.0337041	4	5799.3905	5799.5905	5799.5905	5799.7905	5800.6242
1	42	2	2	155	1	6	3	5	3	2	4	1	0.80251421	5	5801.6045	5802.2045	5802.2045	5802.4045	5803.007
1	42	2	2	156	1	6	3	6	6	1	7	1	0.90754868	6	5804.217	5804.417	5804.4171	5804.6171	5805.3246
1	42	2	2	157	1	6	3	7	3	2	4	1	0.61322719	7	5806.4313	5807.0313	5807.0313	5807.2313	5807.6446
1	42	2	2	158	1	6	3	8	6	1	7	1	0.6711714	8	5809.0455	5809.2456	5809.2456	5809.4456	5809.9167
1	42	2	2	159	1	6	3	9	5	1	6	1	0.63707803	9	5811.2594	5811.4594	5811.4594	5811.6594	5812.0965
1	42	2	2	160	1	6	3	10	2	1	3	1	0.90323957	10	5813.4739	5813.6739	5813.6739	5813.8739	5814.5772
1	42	2	2	161	1	6	3	11	1	1	2	1	0.74175397	11	5815.688	5815.888	5815.888	5816.088	5816.6298
1	42	2	2	162	1	6	3	12	4	2	5	1	1.4912833	12	5817.9001	5818.5001	5818.5001	5818.7001	5819.9914
1	42	2	2	163	1	6	3	13	6	2	7	1	0.84580259	13	5820.5149	5821.1149	5821.1149	5821.3149	5821.9607
1	42	2	2	164	1	6	3	14	4	2	5	1	0.70219088	14	5823.129	5823.7291	5823.7291	5823.9291	5824.4312
1	42	2	2	165	1	6	3	15	2	1	3	1	0.46404123	15	5825.7439	5825.9439	5825.9439	5826.1439	5826.4079
1	42	2	2	166	1	6	3	16	5	2	6	1	0.68207374	16	5827.9585	5828.5585	5828.5585	5828.7585	5829.2405
1	42	2	2	167	1	6	3	17	1	2	2	1	0.6346956	17	5830.5726	5831.1726	5831.1726	5831.3726	5831.8073
1	42	2	2	168	1	6	3	18	6	1	7	1	1.3737223	18	5833.1869	5833.3869	5833.3869	5833.5869	5834.7606
1	42	2	2	169	1	6	3	19	1	2	2	1	0.63644007	19	5835.4017	5836.0017	5836.0017	5836.2017	5836.6381
1	42	2	2	170	1	6	3	20	3	1	4	1	0.80485868	20	5838.0161	5838.2161	5838.2161	5838.4161	5839.0209
1	42	2	2	171	1	6	3	21	4	2	5	1	0.77419557	21	5840.2305	5840.8305	5840.8305	5841.0305	5841.6047
1	42	2	2	172	1	6	3	22	5	1	6	1	0.64925207	22	5842.8455	5843.0455	5843.0455	5843.2455	5843.6947
1	42	2	2	173	1	6	3	23	4	2	6	0	0.77675111	22	5845.0625	5845.6625	5845.6625	5845.8626	5846.4393
1	42	2	2	174	1	6	3	24	1	2	2	1	1.0886213	23	5847.9892	5848.5892	5848.5892	5848.7892	5849.6778
1	42	2	2	175	1	6	3	25	3	1	4	1	0.66094718	24	5850.6035	5850.8035	5850.8035	5851.0035	5851.4645
1	42	2	2	176	1	6	3	26	2	1	3	1	0.65212005	25	5852.8186	5853.0186	5853.0186	5853.2186	5853.6707
1	42	2	2	177	1	6	3	27	5	1	6	1	0.85972829	26	5855.0335	5855.2335	5855.2335	5855.4335	5856.0932
1	42	2	2	178	1	6	3	28	2	2	3	1	1.0275439	27	5857.2489	5857.8489	5857.8489	5858.0489	5858.8764
1	42	2	2	179	1	6	3	29	6	2	7	1	0.91864726	28	5859.8637	5860.4637	5860.4637	5860.6637	5861.3823
1	42	2	2	180	1	6	3	30	1	2	2	1	0.59779972	29	5862.479	5863.079	5863.079	5863.279	5863.6768
1	42	2	2	181	2	2	4	1	2	1	1	1	0.69686766	1	6147.7347	6147.9347	6147.9347	6148.1347	6148.6316
1	42	2	2	182	2	2	4	2	3	1	1	1	0.43196427	2	6149.9502	6150.1502	6150.1502	6150.3502	6150.5822
1	42	2	2	183	2	2	4	3	4	2	8	1	0.54715999	3	6152.1652	6152.7652	6152.7652	6152.9652	6153.3124
1	42	2	2	184	2	2	4	4	3	1	1	1	0.50274259	4	6154.7779	6154.9779	6154.9779	6155.1779	6155.4807
1	42	2	2	185	2	2	4	5	1	2	1	1	0.4918897	5	6156.9933	6157.5933	6157.5933	6157.7933	6158.0852
1	42	2	2	186	2	2	4	6	5	1	8	1	0.47627561	6	6159.6093	6159.8093	6159.8093	6160.0093	6160.2855
1	42	2	2	187	2	2	4	7	1	2	1	1	0.52031312	7	6161.8246	6162.4246	6162.4246	6162.6246	6162.9449
1	42	2	2	188	2	2	4	8	2	1	1	1	0.51781518	8	6164.4397	6164.6397	6164.6397	6164.8397	6165.1575
1	42	2	2	189	2	2	4	9	6	1	8	1	0.50298294	9	6166.6554	6166.8554	6166.8554	6167.0554	6167.3584
1	42	2	2	190	2	2	4	10	6	1	8	1	0.48209853	10	6168.8679	6169.0679	6169.0679	6169.2679	6169.55
1	42	2	2	191	2	2	4	11	3	1	1	1	0.51514092	11	6171.0838	6171.2838	6171.2838	6171.4838	6171.7989
1	42	2	2	192	2	2	4	12	2	2	1	1	0.44531158	12	6173.2964	6173.8964	6173.8964	6174.0964	6174.3418
1	42	2	2	193	2	2	4	13	6	2	8	1	0.53607121	13	6175.909	6176.509	6176.509	6176.709	6177.0451
1	42	2	2	194	2	2	4	14	4	2	8	1	0.52297164	14	6178.5249	6179.1249	6179.1249	6179.325	6179.6479
1	42	2	2	195	2	2	4	15	1	1	1	1	0.56386108	15	6181.1384	6181.3384	6181.3384	6181.5384	6181.9022
1	42	2	2	196	2	2	4	16	5	2	8	1	0.61357043	16	6183.3544	6183.9544	6183.9544	6184.1544	6184.568
1	42	2	2	197	2	2	4	17	1	2	1	1	0.51037743	17	6185.9702	6186.5702	6186.5702	6186.7702	6187.0806
1	42	2	2	198	2	2	4	18	5	1	8	1	0.60655125	18	6188.586	6188.786	6188.786	6188.986	6189.3926
1	42	2	2	199	2	2	4	19	6	2	8	1	0.61975077	19	6190.8017	6191.4017	6191.4017	6191.6017	6192.0214
1	42	2	2	200	2	2	4	20	2	1	1	1	0.95341084	20	6193.4149	6193.6149	6193.6149	6193.8149	6194.5683
1	42	2	2	201	2	2	4	21	4	2	8	1	0.66262455	21	6195.6314	6196.2314	6196.2314	6196.4314	6196.894
1	42	2	2	202	2	2	4	22	4	1	8	1	0.5445097	22	6198.2473	6198.4473	6198.4473	6198.6473	6198.9918
1	42	2	2	203	2	2	4	23	3	2	1	1	0.47918879	23	6200.4637	6201.0638	6201.0638	6201.2638	6201.5429
1	42	2	2	204	2	2	4	24	4	2	8	1	0.57342088	24	6203.0803	6203.6803	6203.6803	6203.8803	6204.2537
1	42	2	2	205	2	2	4	25	1	1	1	1	0.55699293	25	6205.6962	6205.8962	6205.8962	6206.0962	6206.4532
1	42	2	2	206	2	2	4	26	2	1	1	1	0.46235756	26	6207.9124	6208.1124	6208.1124	6208.3124	6208.5748
1	42	2	2	207	2	2	4	27	6	1	8	1	0.54287601	27	6210.1289	6210.3289	6210.3289	6210.5289	6210.8718
1	42	2	2	208	2	2	4	28	5	2	8	1	0.48480391	28	6212.3453	6212.9453	6212.9453	6213.1453	6213.4301
1	42	2	2	209	2	2	4	29	3	2	1	1	0.56445509	29	6214.9624	6215.5624	6215.5624	6215.7624	6216.1269
1	42	2	2	210	2	2	4	30	5	2	8	1	0.51497213	30	6217.5784	6218.1784	6218.1784	6218.3784	6218.6934
1	42	2	2	211	2	6	4	1	4	1	5	1	0.67845594	1	6248.2543	6248.4543	6248.4543	6248.6543	6249.1328
1	42	2	2	212	2	6	4	2	5	1	6	1	0.56852974	2	6250.4711	6250.6711	6250.6711	6250.8711	6251.2396
1	42	2	2	213	2	6	4	3	2	2	3	1	0.84129164	3	6252.6872	6253.2872	6253.2872	6253.4872	6254.1285
1	42	2	2	214	2	6	4	4	4	1	5	1	0.85499357	4	6255.3016	6255.5016	6255.5016	6255.7016	6256.3566
1	42	2	2	215	2	6	4	5	2	2	3	1	0.72999388	5	6257.5157	6258.1157	6258.1157	6258.3157	6258.8457
1	42	2	2	216	2	6	4	6	6	1	7	1	1.3679217	6	6260.1334	6260.3334	6260.3334	6260.5334	6261.7014
1	42	2	2	217	2	6	4	7	1	2	2	1	0.86498385	7	6262.3504	6262.9504	6262.9504	6263.1504	6263.8154
1	42	2	2	218	2	6	4	8	6	1	7	1	0.82026872	8	6264.9642	6265.1642	6265.1642	6265.3642	6265.9845
1	42	2	2	219	2	6	4	9	1	1	2	1	0.64233716	9	6267.1804	6267.3804	6267.3804	6267.5804	6268.0228
1	42	2	2	220	2	6	4	10	6	1	7	1	0.85127343	10	6269.3974	6269.5974	6269.5974	6269.7974	6270.4487
1	42	2	2	221	2	6	4	11	2	1	3	1	0.79366125	11	6271.6149	6271.8149	6271.8149	6272.0149	6272.6085
1	42	2	2	222	2	6	4	12	3	2	4	1	0.47761198	12	6273.8325	6274.4325	6274.4325	6274.6325	6274.9101
1	42	2	2	223	2	6	4	13	3	2	4	1	0.66926296	13	6276.4494	6277.0494	6277.0494	6277.2494	6277.7186
1	42	2	2	224	2	6	4	14	5	2	6	1	0.64165643	14	6279.0665	6279.6665	6279.6665	6279.8665	6280.3082
1	42	2	2	225	2	6	4	15	2	1	3	1	0.62542865	15	6281.684	6281.884	6281.884	6282.084	6282.5095
1	42	2	2	226	2	6	4	16	4	2	5	1	0.53770338	16	6283.9019	6284.5019	6284.5019	6284.7019	6285.0396
1	42	2	2	227	2	6	4	17	3	2	4	1	0.63274393	17	6286.5159	6287.1159	6287.1159	6287.3159	6287.7487
1	42	2	2	228	2	6	4	18	4	1	5	1	0.93088064	18	6289.1335	6289.3335	6289.3335	6289.5335	6290.2644
1	42	2	2	229	2	6	4	19	2	2	3	1	0.704252	19	6291.349	6291.949	6291.949	6292.149	6292.6532
1	42	2	2	230	2	6	4	20	5	1	6	1	1.0803495	20	6293.9669	6294.1669	6294.1669	6294.3669	6295.2473
1	42	2	2	231	2	6	4	21	6	2	7	1	0.81850955	21	6296.1816	6296.7816	6296.7816	6296.9816	6297.6001
1	42	2	2	232	2	6	4	22	1	1	2	1	0.69792358	22	6298.7962	6298.9962	6298.9962	6299.1962	6299.6941
1	42	2	2	233	2	6	4	23	5	2	6	1	0.65810535	23	6301.0139	6301.6139	6301.6139	6301.8139	6302.272
1	42	2	2	234	2	6	4	24	3	2	4	1	0.91007758	24	6303.6325	6304.2325	6304.2325	6304.4325	6305.1426
1	42	2	2	235	2	6	4	25	5	1	6	1	0.81265914	25	6306.2481	6306.4481	6306.4481	6306.6481	6307.2608
1	42	2	2	236	2	6	4	26	4	1	5	1	0.66483388	26	6308.4627	6308.6627	6308.6627	6308.8627	6309.3276
1	42	2	2	237	2	6	4	27	1	1	2	1	0.6617429	27	6310.6799	6310.8799	6310.88	6311.08	6311.5417
1	42	2	2	238	2	6	4	28	3	2	4	1	0.62110161	28	6312.8984	6313.4985	6313.4985	6313.6985	6314.1196
1	42	2	2	239	2	6	4	29	6	2	7	1	1.0272468	29	6315.5163	6316.1163	6316.1163	6316.3163	6317.1436
1	42	2	2	240	2	6	4	30	1	2	2	1	0.66004063	30	6318.1317	6318.7317	6318.7317	6318.9318	6319.3918
1	42	2	2	241	2	2	5	1	5	1	8	1	0.72665543	1	6348.8232	6349.0232	6349.0232	6349.2232	6349.7499
1	42	2	2	242	2	2	5	2	3	1	1	1	0.71912511	2	6351.041	6351.241	6351.241	6351.441	6351.9602
1	42	2	2	243	2	2	5	3	6	2	8	1	0.54061521	3	6353.2595	6353.8595	6353.8595	6354.0595	6354.4001
1	42	2	2	244	2	2	5	4	5	1	8	1	0.53002829	4	6355.8779	6356.0779	6356.0779	6356.2779	6356.6079
1	42	2	2	245	2	2	5	5	5	2	8	1	0.50290827	5	6358.0963	6358.6963	6358.6963	6358.8963	6359.1992
1	42	2	2	246	2	2	5	6	3	1	1	1	0.55471928	6	6360.7098	6360.9098	6360.9098	6361.1098	6361.4645
1	42	2	2	247	2	2	5	7	6	2	8	1	0.50154898	7	6362.9282	6363.5282	6363.5282	6363.7282	6364.0297
1	42	2	2	248	2	2	5	8	5	1	8	1	0.5578852	8	6365.5426	6365.7426	6365.7426	6365.9426	6366.3004
1	42	2	2	249	2	2	5	9	6	1	8	1	0.54309873	9	6367.7612	6367.9612	6367.9612	6368.1612	6368.5043
1	42	2	2	250	2	2	5	10	5	1	8	1	0.52363983	10	6369.9797	6370.1797	6370.1797	6370.3797	6370.7034
1	42	2	2	251	2	2	5	11	1	1	1	1	0.63817461	11	6372.1981	6372.3981	6372.3981	6372.5981	6373.0362
1	42	2	2	252	2	2	5	12	3	2	1	1	0.56563026	12	6374.4162	6375.0162	6375.0162	6375.2162	6375.5819
1	42	2	2	253	2	2	5	13	3	2	1	1	0.61076926	13	6377.0357	6377.6357	6377.6357	6377.8357	6378.2465
1	42	2	2	254	2	2	5	14	1	2	1	1	0.54296301	14	6379.655	6380.255	6380.255	6380.455	6380.7979
1	42	2	2	255	2	2	5	15	4	1	8	1	0.62967421	15	6382.2736	6382.4736	6382.4736	6382.6736	6383.1033
1	42	2	2	256	2	2	5	16	2	2	1	1	0.48871431	16	6384.4923	6385.0923	6385.0923	6385.2924	6385.5811
1	42	2	2	257	2	2	5	17	1	2	1	1	1.0781094	17	6387.1108	6387.7108	6387.7108	6387.9108	6388.789
1	42	2	2	258	2	2	5	18	4	1	8	1	0.5154506	18	6389.7293	6389.9293	6389.9293	6390.1293	6390.4447
1	42	2	2	259	2	2	5	19	2	2	1	1	0.51404877	19	6391.9477	6392.5477	6392.5477	6392.7477	6393.0618
1	42	2	2	260	2	2	5	20	6	1	8	1	0.85518045	20	6394.5653	6394.7653	6394.7653	6394.9653	6395.6205
1	42	2	2	261	2	2	5	21	2	2	1	1	0.68586585	21	6396.7838	6397.3838	6397.3838	6397.5838	6398.0697
1	42	2	2	262	2	2	5	22	3	1	1	1	0.55404734	22	6399.4023	6399.6023	6399.6023	6399.8023	6400.1564
1	42	2	2	263	2	2	5	23	4	2	8	1	0.50384127	23	6401.6215	6402.2215	6402.2215	6402.4215	6402.7254
1	42	2	2	264	2	2	5	24	6	2	8	1	0.56506742	24	6404.2403	6404.8403	6404.8403	6405.0403	6405.4054
1	42	2	2	265	2	2	5	25	2	1	1	1	0.58112165	25	6406.8559	6407.0559	6407.0559	6407.2559	6407.637
1	42	2	2	266	2	2	5	26	1	1	1	1	0.62014282	26	6409.0751	6409.2751	6409.2751	6409.4751	6409.8952
1	42	2	2	267	2	2	5	27	4	1	8	1	0.6381259	27	6411.2945	6411.4945	6411.4945	6411.6945	6412.1326
1	42	2	2	268	2	2	5	28	1	2	1	1	0.47648061	28	6413.5139	6414.1139	6414.1139	6414.3139	6414.5904
1	42	2	2	269	2	2	5	29	2	2	1	1	0.5834056	29	6416.1332	6416.7332	6416.7332	6416.9332	6417.3166
1	42	2	2	270	2	2	5	30	4	2	8	1	0.60789562	30	6418.7522	6419.3522	6419.3522	6419.5522	6419.9601
1	42	2	2	271	2	6	5	1	4	1	5	1	0.87045752	1	6449.4314	6449.6314	6449.6314	6449.8314	6450.5018
1	42	2	2	272	2	6	5	2	5	1	6	1	0.66740324	2	6451.6494	6451.8494	6451.8494	6452.0494	6452.5168
1	42	2	2	273	2	6	5	3	5	2	6	1	0.60306386	3	6453.8662	6454.4662	6454.4662	6454.6662	6455.0692
1	42	2	2	274	2	6	5	4	2	1	3	1	0.86360456	4	6456.4861	6456.6861	6456.6861	6456.8861	6457.5497
1	42	2	2	275	2	6	5	5	1	2	2	1	0.68512109	5	6458.7052	6459.3052	6459.3053	6459.5053	6459.9904
1	42	2	2	276	2	6	5	6	3	1	4	1	0.59946584	6	6461.325	6461.525	6461.525	6461.725	6462.1245
1	42	2	2	277	2	6	5	7	4	2	5	1	0.70198277	7	6463.5441	6464.1441	6464.1441	6464.3441	6464.8461
1	42	2	2	278	2	6	5	8	5	1	6	1	0.58266739	8	6466.1666	6466.3666	6466.3666	6466.5666	6466.9493
1	42	2	2	279	2	6	5	9	2	1	3	1	0.87299976	9	6468.3883	6468.5883	6468.5883	6468.7883	6469.4613
1	42	2	2	280	2	6	5	10	3	1	4	1	0.39662926	10	6470.6082	6470.8082	6470.8082	6471.0082	6471.2048
1	42	2	2	281	2	6	5	11	4	1	5	1	0.67696305	11	6472.8248	6473.0248	6473.0248	6473.2248	6473.7018
1	42	2	2	282	2	6	5	12	5	2	6	1	0.7596261	12	6475.0462	6475.6462	6475.6462	6475.8462	6476.4058
1	42	2	2	283	2	6	5	13	2	2	3	1	0.68736619	13	6477.6634	6478.2634	6478.2634	6478.4634	6478.9508
1	42	2	2	284	2	6	5	14	3	2	4	1	0.58754345	14	6480.2831	6480.8831	6480.8831	6481.0832	6481.4707
1	42	2	2	285	2	6	5	15	6	1	7	1	0.99736988	15	6482.9023	6483.1023	6483.1023	6483.3023	6484.0997
1	42	2	2	286	2	6	5	16	1	2	2	1	0.65798807	16	6485.1226	6485.7226	6485.7226	6485.9227	6486.3806
1	42	2	2	287	2	6	5	17	6	2	7	1	0.75438894	17	6487.7397	6488.3397	6488.3397	6488.5397	6489.0941
1	42	2	2	288	2	6	5	18	2	1	3	1	1.0475078	18	6490.36	6490.56	6490.56	6490.76	6491.6075
1	42	2	2	289	2	6	5	19	5	2	6	1	1.5466694	19	6492.5794	6493.1794	6493.1794	6493.3794	6494.7261
1	42	2	2	290	2	6	5	20	1	1	2	1	0.59933112	20	6495.1994	6495.3994	6495.3994	6495.5994	6495.9988
1	42	2	2	291	2	6	5	21	2	2	3	1	0.86145602	21	6497.4191	6498.0191	6498.0191	6498.2191	6498.8806
1	42	2	2	292	2	6	5	22	4	1	7	0	0.91410515	21	6500.0362	6500.2362	6500.2362	6500.4362	6501.1503
1	42	2	2	293	2	6	5	23	6	2	7	1	0.68583895	22	6502.2565	6502.8565	6502.8565	6503.0565	6503.5424
1	42	2	2	294	2	6	5	24	6	2	7	1	0.60041629	23	6504.8764	6505.4764	6505.4764	6505.6764	6506.0768
1	42	2	2	295	2	6	5	25	3	1	4	1	0.65605952	24	6507.4965	6507.6965	6507.6966	6507.8966	6508.3526
1	42	2	2	296	2	6	5	26	1	1	2	1	0.704051	25	6509.7171	6509.9171	6509.9171	6510.1171	6510.6212
1	42	2	2	297	2	6	5	27	6	1	7	1	0.83258231	26	6511.9342	6512.1342	6512.1343	6512.3343	6512.9668
1	42	2	2	298	2	6	5	28	4	2	5	1	1.3693118	27	6514.1556	6514.7556	6514.7556	6514.9556	6516.1249
1	42	2	2	299	2	6	5	29	1	2	2	1	0.65658031	28	6516.7763	6517.3763	6517.3763	6517.5763	6518.0329
1	42	2	2	300	2	6	5	30	3	2	4	1	0.55943355	29	6519.3934	6519.9934	6519.9934	6520.1934	6520.5528
1	42	2	2	301	2	2	6	1	1	1	1	1	0.5652973	1	6550.0804	6550.2804	6550.2804	6550.4805	6550.8457
1	42	2	2	302	2	2	6	2	3	1	1	1	0.64967407	2	6552.3017	6552.5017	6552.5017	6552.7017	6553.1514
1	42	2	2	303	2	2	6	3	2	2	1	1	0.52467518	3	6554.522	6555.122	6555.122	6555.322	6555.6467
1	42	2	2	304	2	2	6	4	4	1	8	1	0.48835473	4	6557.1431	6557.3431	6557.3431	6557.5431	6557.8315
1	42	2	2	305	2	2	6	5	4	2	8	1	0.55587618	5	6559.3641	6559.9641	6559.9641	6560.1641	6560.52
1	42	2	2	306	2	2	6	6	6	1	8	1	0.72445994	6	6561.9844	6562.1844	6562.1844	6562.3844	6562.9089
1	42	2	2	307	2	2	6	7	4	2	8	1	0.51564093	7	6564.2048	6564.8048	6564.8048	6565.0048	6565.3204
1	42	2	2	308	2	2	6	8	4	1	8	1	1.0782896	8	6566.8261	6567.0261	6567.0261	6567.2261	6568.1044
1	42	2	2	309	2	2	6	9	1	1	1	1	0.74523407	9	6569.0465	6569.2465	6569.2465	6569.4465	6569.9918
1	42	2	2	310	2	2	6	10	3	1	1	1	0.5557882	10	6571.2678	6571.4678	6571.4678	6571.6678	6572.0235
1	42	2	2	311	2	2	6	11	6	1	8	1	0.53417838	11	6573.4884	6573.6884	6573.6884	6573.8884	6574.2226
1	42	2	2	312	2	2	6	12	5	2	8	1	0.51581756	12	6575.7093	6576.3093	6576.3093	6576.5093	6576.8251
1	42	2	2	313	2	2	6	13	5	2	8	1	0.52689919	13	6578.3299	6578.9299	6578.9299	6579.1299	6579.4568
1	42	2	2	314	2	2	6	14	6	2	8	1	0.51257525	14	6580.9508	6581.5508	6581.5508	6581.7508	6582.0634
1	42	2	2	315	2	2	6	15	6	1	8	1	0.60060563	15	6583.5711	6583.7711	6583.7711	6583.9711	6584.3717
1	42	2	2	316	2	2	6	16	2	2	1	1	0.78018452	16	6585.7921	6586.3921	6586.3921	6586.5921	6587.1723
1	42	2	2	317	2	2	6	17	5	2	8	1	0.54340972	17	6588.4129	6589.0129	6589.0129	6589.2129	6589.5563
1	42	2	2	318	2	2	6	18	2	1	1	1	0.57951439	18	6591.0346	6591.2346	6591.2346	6591.4346	6591.8141
1	42	2	2	319	2	2	6	19	6	2	8	1	0.45550244	19	6593.2554	6593.8554	6593.8554	6594.0555	6594.3109
1	42	2	2	320	2	2	6	20	2	1	1	1	0.44218802	20	6595.875	6596.075	6596.075	6596.2751	6596.5172
1	42	2	2	321	2	2	6	21	3	2	1	1	0.70219358	21	6598.0969	6598.6969	6598.6969	6598.8969	6599.3991
1	42	2	2	322	2	2	6	22	5	1	8	1	0.54426505	22	6600.7182	6600.9183	6600.9183	6601.1183	6601.4625
1	42	2	2	323	2	2	6	23	1	2	1	1	0.56500867	23	6602.9398	6603.5398	6603.5398	6603.7398	6604.1048
1	42	2	2	324	2	2	6	24	3	2	1	1	0.58927149	24	6605.5615	6606.1616	6606.1616	6606.3616	6606.7508
1	42	2	2	325	2	2	6	25	2	1	1	1	0.51072053	25	6608.1835	6608.3835	6608.3835	6608.5835	6608.8942
1	42	2	2	326	2	2	6	26	5	1	8	1	0.52576249	26	6610.402	6610.602	6610.602	6610.802	6611.1278
1	42	2	2	327	2	2	6	27	1	1	1	1	0.5579596	27	6612.6238	6612.8238	6612.8238	6613.0238	6613.3817
1	42	2	2	328	2	2	6	28	3	2	1	1	0.52076897	28	6614.8473	6615.4473	6615.4473	6615.6473	6615.9681
1	42	2	2	329	2	2	6	29	1	2	1	1	0.49573295	29	6617.4698	6618.0698	6618.0698	6618.2698	6618.5655
1	42	2	2	330	2	2	6	30	4	2	8	1	0.40129664	30	6620.0918	6620.6919	6620.6919	6620.8919	6621.0932
1	42	2	2	331	2	6	6	1	1	1	2	1	0.56917277	1	6650.7804	6650.9804	6650.9804	6651.1804	6651.5496
1	42	2	2	332	2	6	6	2	3	1	4	1	0.59770812	2	6653.0026	6653.2027	6653.2027	6653.4027	6653.8004
1	42	2	2	333	2	6	6	3	4	2	5	1	1.470436	3	6655.2238	6655.8238	6655.8239	6656.0239	6657.2943
1	42	2	2	334	2	6	6	4	2	1	3	1	0.70978295	4	6657.8462	6658.0463	6658.0463	6658.2463	6658.756
1	42	2	2	335	2	6	6	5	6	2	7	1	0.57859385	5	6660.0686	6660.6686	6660.6686	6660.8686	6661.2472
1	42	2	2	336	2	6	6	6	3	1	4	1	0.63792503	6	6662.6903	6662.8904	6662.8904	6663.0904	6663.5283
1	42	2	2	337	2	6	6	7	1	2	2	1	0.44717243	7	6664.9113	6665.5113	6665.5113	6665.7113	6665.9584
1	42	2	2	338	2	6	6	8	6	1	7	1	1.3434903	8	6667.5339	6667.7339	6667.7339	6667.9339	6669.0774
1	42	2	2	339	2	6	6	9	5	1	6	1	0.43457962	9	6669.7558	6669.9558	6669.9558	6670.1558	6670.3904
1	42	2	2	340	2	6	6	10	5	1	6	1	0.64628621	10	6671.9781	6672.1781	6672.1781	6672.3781	6672.8244
1	42	2	2	341	2	6	6	11	3	1	4	1	0.66293344	11	6674.2004	6674.4004	6674.4004	6674.6004	6675.0633
1	42	2	2	342	2	6	6	12	5	2	6	1	1.0061683	12	6676.4222	6677.0222	6677.0222	6677.2222	6678.0284
1	42	2	2	343	2	6	6	13	6	2	7	1	0.7251069	13	6679.0412	6679.6412	6679.6413	6679.8413	6680.3664
1	42	2	2	344	2	6	6	14	4	2	5	1	0.96888568	14	6681.6631	6682.2631	6682.2631	6682.4632	6683.232
1	42	2	2	345	2	6	6	15	5	1	6	1	1.4552958	15	6684.2852	6684.4852	6684.4852	6684.6852	6685.9405
1	42	2	2	346	2	6	6	16	5	2	6	1	0.5076635	16	6686.5073	6687.1073	6687.1073	6687.3073	6687.6149
1	42	2	2	347	2	6	6	17	6	2	7	1	0.77133276	17	6689.1295	6689.7296	6689.7296	6689.9296	6690.5009
1	42	2	2	348	2	6	6	18	4	1	5	1	1.2367676	18	6691.7524	6691.9524	6691.9524	6692.1524	6693.1892
1	42	2	2	349	2	6	6	19	1	2	2	1	0.82521752	19	6693.9755	6694.5755	6694.5755	6694.7755	6695.4007
1	42	2	2	350	2	6	6	20	3	1	4	1	0.71348282	20	6696.5972	6696.7972	6696.7972	6696.9972	6697.5107
1	42	2	2	351	2	6	6	21	2	2	6	0	0.76967478	20	6698.8197	6699.4197	6699.4197	6699.6197	6700.1894
1	42	2	2	352	2	6	6	22	2	1	3	1	0.73216008	21	6701.4421	6701.6421	6701.6421	6701.8422	6702.3743
1	42	2	2	353	2	6	6	23	1	2	2	1	0.64828566	22	6703.6613	6704.2613	6704.2613	6704.4613	6704.9096
1	42	2	2	354	2	6	6	24	2	2	3	1	0.58842144	23	6706.284	6706.884	6706.884	6707.084	6707.4724
1	42	2	2	355	2	6	6	25	4	1	5	1	0.91412265	24	6708.9066	6709.1066	6709.1066	6709.3066	6710.0207
1	42	2	2	356	2	6	6	26	4	1	5	1	0.62237155	25	6711.1293	6711.3293	6711.3293	6711.5293	6711.9516
1	42	2	2	357	2	6	6	27	6	1	7	1	0.70919255	26	6713.352	6713.552	6713.552	6713.752	6714.2612
1	42	2	2	358	2	6	6	28	3	2	4	1	0.59152112	27	6715.5742	6716.1742	6716.1742	6716.3742	6716.7657
1	42	2	2	359	2	6	6	29	1	2	2	1	0.69780529	28	6718.1964	6718.7965	6718.7965	6718.9965	6719.4943
1	42	2	2	360	2	6	6	30	2	2	3	1	1.1072431	29	6720.8192	6721.4192	6721.4192	6721.6192	6722.5265
1	42	2	2	361	3	2	7	1	1	1	1	1	0.50243302	1	7630.3105	7630.5105	7630.5105	7630.7105	7631.0129
1	42	2	2	362	3	2	7	2	4	1	8	1	0.5622493	2	7632.5344	7632.7344	7632.7344	7632.9344	7633.2967
1	42	2	2	363	3	2	7	3	3	2	1	1	0.5054081	3	7634.7572	7635.3572	7635.3573	7635.5573	7635.8627
1	42	2	2	364	3	2	7	4	2	1	1	1	0.76820626	4	7637.3803	7637.5803	7637.5803	7637.7803	7638.3485
1	42	2	2	365	3	2	7	5	1	2	1	1	0.97740882	5	7639.6042	7640.2042	7640.2042	7640.4042	7641.1816
1	42	2	2	366	3	2	7	6	6	1	8	1	0.50247818	6	7642.2263	7642.4264	7642.4264	7642.6264	7642.9288
1	42	2	2	367	3	2	7	7	3	2	1	1	0.54788505	7	7644.4495	7645.0495	7645.0495	7645.2495	7645.5974
1	42	2	2	368	3	2	7	8	1	1	1	1	0.73557285	8	7647.0727	7647.2727	7647.2727	7647.4727	7648.0083
1	42	2	2	369	3	2	7	9	1	1	1	1	0.53409537	9	7649.296	7649.496	7649.4961	7649.6961	7650.0301
1	42	2	2	370	3	2	7	10	3	1	1	1	0.68619374	10	7651.5205	7651.7205	7651.7205	7651.9205	7652.4067
1	42	2	2	371	3	2	7	11	3	1	1	1	0.57661799	11	7653.7641	7653.9641	7653.9641	7654.1641	7654.5407
1	42	2	2	372	3	2	7	12	2	2	1	1	0.47442433	12	7655.9872	7656.5872	7656.5872	7656.7872	7657.0616
1	42	2	2	373	3	2	7	13	6	2	8	1	0.58849916	13	7658.6109	7659.2109	7659.2109	7659.4109	7659.7994
1	42	2	2	374	3	2	7	14	5	2	8	1	0.53872942	14	7661.2347	7661.8347	7661.8347	7662.0347	7662.3735
1	42	2	2	375	3	2	7	15	5	1	8	1	0.62702672	15	7663.8582	7664.0582	7664.0582	7664.2582	7664.6852
1	42	2	2	376	3	2	7	16	5	2	8	1	0.50251747	16	7666.0822	7666.6822	7666.6822	7666.8822	7667.1847
1	42	2	2	377	3	2	7	17	6	2	8	1	0.48589599	17	7668.7058	7669.3058	7669.3058	7669.5058	7669.7917
1	42	2	2	378	3	2	7	18	1	1	1	1	0.51062623	18	7671.3293	7671.5293	7671.5293	7671.7293	7672.0399
1	42	2	2	379	3	2	7	19	4	2	8	1	0.55528819	19	7673.5536	7674.1536	7674.1536	7674.3536	7674.7089
1	42	2	2	380	3	2	7	20	3	1	1	1	0.54119148	20	7676.1776	7676.3776	7676.3776	7676.5776	7676.9188
1	42	2	2	381	3	2	7	21	2	2	1	1	1.0355377	21	7678.4017	7679.0017	7679.0017	7679.2017	7680.0373
1	42	2	2	382	3	2	7	22	5	1	8	1	0.69966562	22	7681.0256	7681.2256	7681.2256	7681.4256	7681.9253
1	42	2	2	383	3	2	7	23	2	2	1	1	0.52492767	23	7683.2496	7683.8496	7683.8497	7684.0497	7684.3746
1	42	2	2	384	3	2	7	24	5	2	8	1	0.63709242	24	7685.8741	7686.4741	7686.4741	7686.6741	7687.1112
1	42	2	2	385	3	2	7	25	4	1	8	1	0.66810214	25	7688.498	7688.698	7688.698	7688.898	7689.3661
1	42	2	2	386	3	2	7	26	4	1	8	1	0.56274472	26	7690.7216	7690.9216	7690.9216	7691.1216	7691.4843
1	42	2	2	387	3	2	7	27	4	1	8	1	0.56366207	27	7692.9454	7693.1454	7693.1454	7693.3454	7693.709
1	42	2	2	388	3	2	7	28	6	2	8	1	0.53480863	28	7695.1693	7695.7693	7695.7693	7695.9693	7696.3041
1	42	2	2	389	3	2	7	29	6	2	8	1	0.53118453	29	7697.7942	7698.3942	7698.3942	7698.5942	7698.9254
1	42	2	2	390	3	2	7	30	2	2	1	1	0.71364292	30	7700.4191	7701.0191	7701.0191	7701.2191	7701.7328
1	42	2	2	391	3	6	7	1	2	1	3	1	0.72032683	1	7731.1012	7731.3012	7731.3012	7731.5012	7732.0215
1	42	2	2	392	3	6	7	2	6	1	7	1	0.8314534	2	7733.3261	7733.5261	7733.5261	7733.7261	7734.3576
1	42	2	2	393	3	6	7	3	6	2	7	1	0.54694625	3	7735.5499	7736.1499	7736.1499	7736.3499	7736.6968
1	42	2	2	394	3	6	7	4	6	1	7	1	0.54495374	4	7738.1746	7738.3746	7738.3746	7738.5746	7738.9196
1	42	2	2	395	3	6	7	5	1	2	2	1	0.59816508	5	7740.3993	7740.9993	7740.9993	7741.1993	7741.5974
1	42	2	2	396	3	6	7	6	4	1	5	1	1.865184	6	7743.0207	7743.2207	7743.2207	7743.4207	7745.0858
1	42	2	2	397	3	6	7	7	3	2	4	1	0.66659258	7	7745.2427	7745.8427	7745.8427	7746.0427	7746.5093
1	42	2	2	398	3	6	7	8	4	1	5	1	1.3149041	8	7747.8681	7748.0681	7748.0681	7748.2681	7749.383
1	42	2	2	399	3	6	7	9	5	1	6	1	0.74517638	9	7750.0927	7750.2927	7750.2927	7750.4927	7751.0378
1	42	2	2	400	3	6	7	10	1	1	2	1	0.66500209	10	7752.3177	7752.5177	7752.5177	7752.7177	7753.1827
1	42	2	2	401	3	6	7	11	3	1	4	1	0.61732835	11	7754.5428	7754.7428	7754.7428	7754.9428	7755.3601
1	42	2	2	402	3	6	7	12	5	2	6	1	1.2241395	12	7756.7668	7757.3668	7757.3668	7757.5668	7758.5909
1	42	2	2	403	3	6	7	13	3	2	4	1	0.62156842	13	7759.3888	7759.9888	7759.9888	7760.1888	7760.6103
1	42	2	2	404	3	6	7	14	2	2	3	1	1.6544475	14	7762.0145	7762.6145	7762.6145	7762.8145	7764.2689
1	42	2	2	405	3	6	7	15	4	1	5	1	0.86293894	15	7764.64	7764.84	7764.84	7765.04	7765.7029
1	42	2	2	406	3	6	7	16	1	2	2	1	0.59748349	16	7766.8647	7767.4647	7767.4647	7767.6647	7768.0622
1	42	2	2	407	3	6	7	17	6	2	7	1	0.6538876	17	7769.4893	7770.0893	7770.0894	7770.2894	7770.7432
1	42	2	2	408	3	6	7	18	5	1	6	1	0.72671381	18	7772.1143	7772.3143	7772.3143	7772.5143	7773.041
1	42	2	2	409	3	6	7	19	2	2	3	1	0.81062877	19	7774.3387	7774.9388	7774.9388	7775.1388	7775.7494
1	42	2	2	410	3	6	7	20	1	1	2	1	0.93051838	20	7776.9647	7777.1647	7777.1647	7777.3647	7778.0952
1	42	2	2	411	3	6	7	21	2	2	3	1	1.2894858	21	7779.19	7779.79	7779.79	7779.99	7781.0795
1	42	2	2	412	3	6	7	22	4	1	5	1	0.87155957	22	7781.8157	7782.0157	7782.0157	7782.2157	7782.8873
1	42	2	2	413	3	6	7	23	5	2	6	1	0.70916059	23	7784.0401	7784.6401	7784.6401	7784.8401	7785.3492
1	42	2	2	414	3	6	7	24	5	2	6	1	0.53969521	24	7786.6657	7787.2657	7787.2657	7787.4657	7787.8054
1	42	2	2	415	3	6	7	25	4	1	5	1	0.73821925	25	7789.2916	7789.4916	7789.4916	7789.6916	7790.2298
1	42	2	2	416	3	6	7	26	3	1	4	1	0.63519955	26	7791.5135	7791.7135	7791.7135	7791.9135	7792.3487
1	42	2	2	417	3	6	7	27	3	1	4	1	0.54276682	27	7793.7353	7793.9353	7793.9353	7794.1353	7794.478
1	42	2	2	418	3	6	7	28	1	2	2	1	0.98049558	28	7795.9605	7796.5605	7796.5605	7796.7605	7797.541
1	42	2	2	419	3	6	7	29	2	2	3	1	0.85107323	29	7798.5856	7799.1856	7799.1856	7799.3856	7800.0366
1	42	2	2	420	3	6	7	30	6	2	7	1	1.3051376	30	7801.2113	7801.8113	7801.8113	7802.0113	7803.1164
1	42	2	2	421	3	2	8	1	5	1	8	1	0.66303107	1	7831.9105	7832.1105	7832.1105	7832.3105	7832.7735
1	42	2	2	422	3	2	8	2	4	1	8	1	0.46338421	2	7834.1372	7834.3372	7834.3372	7834.5372	7834.8006
1	42	2	2	423	3	2	8	3	3	2	1	1	0.75374284	3	7836.3631	7836.9631	7836.9631	7837.1632	7837.7169
1	42	2	2	424	3	2	8	4	6	1	8	1	0.49481186	4	7838.991	7839.191	7839.191	7839.391	7839.6858
1	42	2	2	425	3	2	8	5	4	2	8	1	0.55567118	5	7841.2176	7841.8176	7841.8176	7842.0176	7842.3732
1	42	2	2	426	3	2	8	6	6	1	8	1	0.57880574	6	7843.843	7844.043	7844.043	7844.243	7844.6218
1	42	2	2	427	3	2	8	7	4	2	8	1	0.55980128	7	7846.0687	7846.6687	7846.6687	7846.8687	7847.2285
1	42	2	2	428	3	2	8	8	5	1	8	1	0.69793366	8	7848.6907	7848.8907	7848.8907	7849.0907	7849.5886
1	42	2	2	429	3	2	8	9	6	1	8	1	0.49702164	9	7850.9161	7851.1161	7851.1161	7851.3161	7851.6131
1	42	2	2	430	3	2	8	10	1	1	1	1	0.56195563	10	7853.1417	7853.3417	7853.3417	7853.5417	7853.9036
1	42	2	2	431	3	2	8	11	6	1	8	1	0.55816551	11	7855.3684	7855.5684	7855.5684	7855.7684	7856.1265
1	42	2	2	432	3	2	8	12	3	2	1	1	0.51311179	12	7857.5912	7858.1912	7858.1912	7858.3912	7858.7043
1	42	2	2	433	3	2	8	13	3	2	1	1	0.57397154	13	7860.2167	7860.8167	7860.8167	7861.0167	7861.3907
1	42	2	2	434	3	2	8	14	2	2	1	1	0.59244769	14	7862.8429	7863.4429	7863.4429	7863.6429	7864.0353
1	42	2	2	435	3	2	8	15	3	1	1	1	0.69332593	15	7865.4731	7865.6731	7865.6731	7865.8731	7866.3664
1	42	2	2	436	3	2	8	16	2	2	1	1	0.6188887	16	7867.6999	7868.2999	7868.2999	7868.4999	7868.9188
1	42	2	2	437	3	2	8	17	3	2	1	1	0.54166145	17	7870.3268	7870.9268	7870.9268	7871.1268	7871.4684
1	42	2	2	438	3	2	8	18	6	1	8	1	0.75010729	18	7872.9526	7873.1526	7873.1526	7873.3526	7873.9027
1	42	2	2	439	3	2	8	19	1	2	1	1	0.52213433	19	7875.1797	7875.7797	7875.7797	7875.9797	7876.3018
1	42	2	2	440	3	2	8	20	4	1	8	1	0.56640289	20	7877.8064	7878.0064	7878.0064	7878.2064	7878.5728
1	42	2	2	441	3	2	8	21	5	2	8	1	0.75201935	21	7880.0304	7880.6304	7880.6304	7880.8304	7881.3824
1	42	2	2	442	3	2	8	22	5	1	8	1	0.6070944	22	7882.6574	7882.8574	7882.8574	7883.0574	7883.4645
1	42	2	2	443	3	2	8	23	1	2	1	1	0.59701685	23	7884.883	7885.483	7885.483	7885.683	7886.0801
1	42	2	2	444	3	2	8	24	1	2	1	1	0.5299947	24	7887.509	7888.109	7888.109	7888.309	7888.639
1	42	2	2	445	3	2	8	25	2	1	1	1	0.47810188	25	7890.1358	7890.3358	7890.3358	7890.5358	7890.8139
1	42	2	2	446	3	2	8	26	4	1	8	1	0.61846499	26	7892.3622	7892.5622	7892.5622	7892.7623	7893.1807
1	42	2	2	447	3	2	8	27	1	1	1	1	0.57552487	27	7894.5889	7894.7889	7894.7889	7894.9889	7895.3644
1	42	2	2	448	3	2	8	28	5	2	8	1	0.50296464	28	7896.8153	7897.4153	7897.4153	7897.6153	7897.9183
1	42	2	2	449	3	2	8	29	2	2	1	1	0.4687202	29	7899.4417	7900.0417	7900.0417	7900.2417	7900.5104
1	42	2	2	450	3	2	8	30	2	2	1	1	0.65029115	30	7902.0682	7902.6682	7902.6682	7902.8682	7903.3185
1	42	2	2	451	3	6	8	1	3	1	4	1	0.83973319	1	7932.761	7932.961	7932.961	7933.161	7933.8007
1	42	2	2	452	3	6	8	2	2	1	3	1	0.9473107	2	7934.9881	7935.1881	7935.1881	7935.3881	7936.1354
1	42	2	2	453	3	6	8	3	5	2	6	1	1.025578	3	7937.215	7937.815	7937.815	7938.015	7938.8405
1	42	2	2	454	3	6	8	4	3	1	4	1	0.61442723	4	7939.8393	7940.0393	7940.0393	7940.2393	7940.6537
1	42	2	2	455	3	6	8	5	6	2	7	1	0.79364389	5	7942.0668	7942.6668	7942.6668	7942.8668	7943.4604
1	42	2	2	456	3	6	8	6	1	1	2	1	0.60982978	6	7944.6988	7944.8988	7944.8988	7945.0988	7945.5086
1	42	2	2	457	3	6	8	7	3	2	4	1	0.61003461	7	7946.9266	7947.5266	7947.5266	7947.7266	7948.1366
1	42	2	2	458	3	6	8	8	5	1	6	1	0.66714736	8	7949.5539	7949.7539	7949.7539	7949.954	7950.4211
1	42	2	2	459	3	6	8	9	2	1	3	1	0.85738393	9	7951.7804	7951.9804	7951.9804	7952.1804	7952.8378
1	42	2	2	460	3	6	8	10	2	1	3	1	0.67056828	10	7954.0085	7954.2085	7954.2085	7954.4085	7954.8791
1	42	2	2	461	3	6	8	11	1	1	2	1	0.61721016	11	7956.236	7956.436	7956.436	7956.636	7957.0532
1	42	2	2	462	3	6	8	12	5	2	6	1	0.89502798	12	7958.463	7959.063	7959.063	7959.2631	7959.9581
1	42	2	2	463	3	6	8	13	6	2	7	1	0.69406821	13	7961.0896	7961.6896	7961.6896	7961.8896	7962.3837
1	42	2	2	464	3	6	8	14	5	2	6	1	0.58515782	14	7963.7165	7964.3165	7964.3165	7964.5165	7964.9017
1	42	2	2	465	3	6	8	15	6	1	7	1	0.67158938	15	7966.3442	7966.5442	7966.5442	7966.7442	7967.2158
1	42	2	2	466	3	6	8	16	6	2	7	1	0.73084115	16	7968.5719	7969.1719	7969.1719	7969.3719	7969.9027
1	42	2	2	467	3	6	8	17	3	2	4	1	0.6314099	17	7971.1988	7971.7988	7971.7988	7971.9988	7972.4302
1	42	2	2	468	3	6	8	18	1	1	2	1	0.67059904	18	7973.8256	7974.0256	7974.0256	7974.2256	7974.6962
1	42	2	2	469	3	6	8	19	4	2	5	1	1.2318371	19	7976.0526	7976.6526	7976.6526	7976.8526	7977.8845
1	42	2	2	470	3	6	8	20	1	1	2	1	0.71586492	20	7978.6818	7978.8818	7978.8818	7979.0818	7979.5977
1	42	2	2	471	3	6	8	21	3	2	4	1	0.59279109	21	7980.9078	7981.5078	7981.5078	7981.7078	7982.1006
1	42	2	2	472	3	6	8	22	1	1	2	1	0.65436968	22	7983.5367	7983.7367	7983.7367	7983.9367	7984.391
1	42	2	2	473	3	6	8	23	2	2	3	1	1.1391313	23	7985.7614	7986.3614	7986.3614	7986.5614	7987.5005
1	42	2	2	474	3	6	8	24	4	2	5	1	0.73947248	24	7988.3891	7988.9891	7988.9891	7989.1891	7989.7286
1	42	2	2	475	3	6	8	25	6	1	7	1	1.1980935	25	7991.0159	7991.2159	7991.2159	7991.4159	7992.414
1	42	2	2	476	3	6	8	26	2	1	3	1	0.65890803	26	7993.2435	7993.4436	7993.4436	7993.6436	7994.1025
1	42	2	2	477	3	6	8	27	4	1	5	1	1.0384148	27	7995.472	7995.672	7995.672	7995.872	7996.7104
1	42	2	2	478	3	6	8	28	4	2	5	1	0.63320129	28	7997.6997	7998.2997	7998.2997	7998.4997	7998.9329
1	42	2	2	479	3	6	8	29	4	2	5	1	0.49937624	29	8000.3252	8000.9252	8000.9252	8001.1252	8001.4246
1	42	2	2	480	3	6	8	30	5	2	6	1	0.74963902	30	8002.9533	8003.5533	8003.5533	8003.7533	8004.3029
1	42	2	2	481	3	2	9	1	4	1	8	1	0.67939077	1	8033.6495	8033.8495	8033.8495	8034.0495	8034.5289
1	42	2	2	482	3	2	9	2	3	1	1	1	0.62619503	2	8035.8751	8036.0751	8036.0751	8036.2751	8036.7013
1	42	2	2	483	3	2	9	3	3	2	1	1	0.60479751	3	8038.1029	8038.7029	8038.7029	8038.9029	8039.3077
1	42	2	2	484	3	2	9	4	5	1	8	1	0.58020859	4	8040.7307	8040.9307	8040.9307	8041.1307	8041.5109
1	42	2	2	485	3	2	9	5	3	2	1	1	0.64454244	5	8042.9596	8043.5596	8043.5596	8043.7596	8044.2042
1	42	2	2	486	3	2	9	6	1	1	1	1	0.67647345	6	8045.5878	8045.7878	8045.7878	8045.9878	8046.4642
1	42	2	2	487	3	2	9	7	4	2	8	1	0.65250782	7	8047.816	8048.416	8048.416	8048.616	8049.0685
1	42	2	2	488	3	2	9	8	2	1	1	1	0.86582909	8	8050.4442	8050.6442	8050.6442	8050.8442	8051.5101
1	42	2	2	489	3	2	9	9	3	1	1	1	0.59975281	9	8052.6725	8052.8725	8052.8725	8053.0725	8053.4722
1	42	2	2	490	3	2	9	10	4	1	8	1	0.68033384	10	8054.902	8055.102	8055.1021	8055.3021	8055.7824
1	42	2	2	491	3	2	9	11	2	1	1	1	0.55441314	11	8057.1301	8057.3301	8057.3301	8057.5301	8057.8845
1	42	2	2	492	3	2	9	12	5	2	8	1	0.65778557	12	8059.3585	8059.9585	8059.9585	8060.1585	8060.6162
1	42	2	2	493	3	2	9	13	1	2	1	1	0.53431754	13	8061.9867	8062.5867	8062.5867	8062.7867	8063.121
1	42	2	2	494	3	2	9	14	6	2	8	1	0.69558514	14	8064.6144	8065.2144	8065.2144	8065.4144	8065.91
1	42	2	2	495	3	2	9	15	1	1	1	1	0.64259471	15	8067.2424	8067.4424	8067.4424	8067.6424	8068.085
1	42	2	2	496	3	2	9	16	4	2	8	1	0.71336612	16	8069.4711	8070.0711	8070.0711	8070.2712	8070.7845
1	42	2	2	497	3	2	9	17	6	2	8	1	0.67527548	17	8072.0988	8072.6988	8072.6988	8072.8988	8073.3741
1	42	2	2	498	3	2	9	18	6	1	8	1	0.68003039	18	8074.7274	8074.9275	8074.9275	8075.1275	8075.6075
1	42	2	2	499	3	2	9	19	6	2	8	1	0.60222044	19	8076.957	8077.557	8077.557	8077.757	8078.1593
1	42	2	2	500	3	2	9	20	6	1	8	1	0.61257389	20	8079.5855	8079.7855	8079.7855	8079.9856	8080.3981
1	42	2	2	501	3	2	9	21	2	2	1	1	0.63346644	21	8081.8112	8082.4112	8082.4112	8082.6112	8083.0446
1	42	2	2	502	3	2	9	22	5	1	8	1	0.59946355	22	8084.4399	8084.6399	8084.6399	8084.8399	8085.2393
1	42	2	2	503	3	2	9	23	4	2	8	1	0.85087327	23	8086.6683	8087.2683	8087.2683	8087.4683	8088.1192
1	42	2	2	504	3	2	9	24	3	2	1	1	0.59900863	24	8089.2938	8089.8938	8089.8938	8090.0938	8090.4928
1	42	2	2	505	3	2	9	25	1	1	1	1	0.58300861	25	8091.9219	8092.1219	8092.1219	8092.3219	8092.7049
1	42	2	2	506	3	2	9	26	2	1	1	1	0.66215656	26	8094.1503	8094.3503	8094.3503	8094.5503	8095.0125
1	42	2	2	507	3	2	9	27	1	1	1	1	0.49938402	27	8096.3787	8096.5787	8096.5787	8096.7787	8097.0781
1	42	2	2	508	3	2	9	28	5	2	8	1	0.56391995	28	8098.6109	8099.2109	8099.2109	8099.4109	8099.7748
1	42	2	2	509	3	2	9	29	2	2	1	1	0.71112023	29	8101.2401	8101.8401	8101.8401	8102.0401	8102.5512
1	42	2	2	510	3	2	9	30	5	2	8	1	0.53199059	30	8103.8663	8104.4664	8104.4664	8104.6664	8104.9983
1	42	2	2	511	3	6	9	1	6	1	7	1	1.7885887	1	8134.56	8134.76	8134.76	8134.96	8136.5486
1	42	2	2	512	3	6	9	2	4	1	5	1	0.92874367	2	8136.789	8136.989	8136.989	8137.189	8137.9177
1	42	2	2	513	3	6	9	3	5	2	6	1	0.88385954	3	8139.0166	8139.6166	8139.6166	8139.8166	8140.5005
1	42	2	2	514	3	6	9	4	1	1	2	1	0.59843211	4	8141.6462	8141.8462	8141.8462	8142.0462	8142.4446
1	42	2	2	515	3	6	9	5	6	2	7	1	0.90843539	5	8143.8753	8144.4753	8144.4753	8144.6753	8145.3837
1	42	2	2	516	3	6	9	6	2	1	3	1	0.8135057	6	8146.5052	8146.7052	8146.7052	8146.9052	8147.5187
1	42	2	2	517	3	6	9	7	6	2	7	1	1.0658276	7	8148.735	8149.335	8149.335	8149.535	8150.4008
1	42	2	2	518	3	6	9	8	5	1	6	1	0.90731649	8	8151.3622	8151.5622	8151.5622	8151.7622	8152.4695
1	42	2	2	519	3	6	9	9	1	1	2	1	0.66543972	9	8153.5915	8153.7915	8153.7915	8153.9915	8154.4569
1	42	2	2	520	3	6	9	10	3	1	4	1	0.6733493	10	8155.8219	8156.0219	8156.0219	8156.2219	8156.6953
1	42	2	2	521	3	6	9	11	5	1	6	1	0.65455107	11	8158.048	8158.248	8158.248	8158.448	8158.9025
1	42	2	2	522	3	6	9	12	6	2	7	1	0.68183827	12	8160.2784	8160.8784	8160.8784	8161.0784	8161.5602
1	42	2	2	523	3	6	9	13	3	2	4	1	0.88708208	13	8162.9043	8163.5043	8163.5043	8163.7044	8164.3914
1	42	2	2	524	3	6	9	14	2	2	3	1	0.52658388	14	8165.5355	8166.1355	8166.1355	8166.3355	8166.6621
1	42	2	2	525	3	6	9	15	4	1	5	1	0.93962809	15	8168.1652	8168.3652	8168.3652	8168.5652	8169.3048
1	42	2	2	526	3	6	9	16	1	2	2	1	0.72547101	16	8170.3949	8170.9949	8170.9949	8171.1949	8171.7203
1	42	2	2	527	3	6	9	17	4	2	5	1	0.90341683	17	8173.0242	8173.6242	8173.6242	8173.8242	8174.5276
1	42	2	2	528	3	6	9	18	2	1	3	1	1.5444456	18	8175.6536	8175.8536	8175.8536	8176.0536	8177.398
1	42	2	2	529	3	6	9	19	4	2	5	1	0.79754078	19	8177.8833	8178.4833	8178.4833	8178.6833	8179.2808
1	42	2	2	530	3	6	9	20	3	1	4	1	0.69428696	20	8180.5125	8180.7125	8180.7125	8180.9125	8181.4068
1	42	2	2	531	3	6	9	21	2	2	3	1	0.96959048	21	8182.743	8183.343	8183.343	8183.5431	8184.3126
1	42	2	2	532	3	6	9	22	1	1	2	1	0.69715248	22	8185.3729	8185.5729	8185.5729	8185.7729	8186.27
1	42	2	2	533	3	6	9	23	3	2	4	1	0.52176207	23	8187.6027	8188.2027	8188.2027	8188.4027	8188.7245
1	42	2	2	534	3	6	9	24	3	2	4	1	1.0005678	24	8190.2388	8190.8388	8190.8388	8191.0388	8191.8394
1	42	2	2	535	3	6	9	25	2	1	3	1	0.86481207	25	8192.8688	8193.0688	8193.0688	8193.2688	8193.9336
1	42	2	2	536	3	6	9	26	1	1	2	1	0.68055978	26	8195.1031	8195.3031	8195.3031	8195.5031	8195.9836
1	42	2	2	537	3	6	9	27	5	1	6	1	0.90640897	27	8197.33	8197.53	8197.53	8197.73	8198.4364
1	42	2	2	538	3	6	9	28	5	2	6	1	0.5574669	28	8199.5597	8200.1597	8200.1597	8200.3597	8200.7171
1	42	2	2	539	3	6	9	29	6	2	7	1	0.76028872	29	8202.1904	8202.7905	8202.7905	8202.9905	8203.5507
1	42	2	2	540	3	6	9	30	4	2	5	1	0.91395423	30	8204.821	8205.421	8205.421	8205.621	8206.3349
1	42	2	2	541	4	2	10	1	5	1	8	1	0.65606553	1	8768.6695	8768.8695	8768.8695	8769.0695	8769.5255
1	42	2	2	542	4	2	10	2	6	1	8	1	0.64383412	2	8770.9003	8771.1003	8771.1004	8771.3004	8771.7442
1	42	2	2	543	4	2	10	3	1	2	1	1	0.72603335	3	8773.128	8773.728	8773.728	8773.9281	8774.4541
1	42	2	2	544	4	2	10	4	1	1	1	1	0.55359276	4	8775.7588	8775.9588	8775.9588	8776.1588	8776.5124
1	42	2	2	545	4	2	10	5	5	2	8	1	0.43373753	5	8777.9893	8778.5893	8778.5894	8778.7894	8779.0231
1	42	2	2	546	4	2	10	6	4	1	8	1	0.61663891	6	8780.6204	8780.8204	8780.8204	8781.0204	8781.437
1	42	2	2	547	4	2	10	7	2	2	1	1	0.65438104	7	8782.8492	8783.4492	8783.4492	8783.6492	8784.1035
1	42	2	2	548	4	2	10	8	3	1	1	1	0.72404527	8	8785.4812	8785.6812	8785.6812	8785.8812	8786.4053
1	42	2	2	549	4	2	10	9	4	1	8	1	0.53104648	9	8787.7133	8787.9134	8787.9134	8788.1134	8788.4444
1	42	2	2	550	4	2	10	10	6	1	8	1	0.55719146	10	8789.9457	8790.1457	8790.1457	8790.3457	8790.7029
1	42	2	2	551	4	2	10	11	2	1	1	1	0.70798137	11	8792.1772	8792.3772	8792.3772	8792.5772	8793.0851
1	42	2	2	552	4	2	10	12	4	2	8	1	0.66974537	12	8794.409	8795.009	8795.009	8795.209	8795.6788
1	42	2	2	553	4	2	10	13	4	2	8	1	0.6902994	13	8797.0356	8797.6356	8797.6356	8797.8356	8798.3259
1	42	2	2	554	4	2	10	14	1	2	1	1	0.58770946	14	8799.666	8800.266	8800.266	8800.466	8800.8537
1	42	2	2	555	4	2	10	15	5	1	8	1	0.6620879	15	8802.2972	8802.4972	8802.4972	8802.6972	8803.1593
1	42	2	2	556	4	2	10	16	4	2	8	1	0.80002751	16	8804.5248	8805.1248	8805.1248	8805.3248	8805.9248
1	42	2	2	557	4	2	10	17	3	2	1	1	0.61933701	17	8807.1561	8807.7561	8807.7561	8807.9561	8808.3754
1	42	2	2	558	4	2	10	18	1	1	1	1	0.64014123	18	8809.7839	8809.9839	8809.9839	8810.1839	8810.6241
1	42	2	2	559	4	2	10	19	5	2	8	1	0.68006257	19	8812.0148	8812.6148	8812.6148	8812.8148	8813.2949
1	42	2	2	560	4	2	10	20	6	1	1	0	1.1198458	19	8814.6453	8814.8453	8814.8453	8815.0453	8815.9651
1	42	2	2	561	4	2	10	21	2	2	1	1	0.60196477	20	8816.8768	8817.4768	8817.4768	8817.6768	8818.0788
1	42	2	2	562	4	2	10	22	2	1	1	1	0.64869518	21	8819.5085	8819.7086	8819.7086	8819.9086	8820.3573
1	42	2	2	563	4	2	10	23	3	2	1	1	0.77852827	22	8821.739	8822.339	8822.339	8822.539	8823.1175
1	42	2	2	564	4	2	10	24	3	2	1	1	0.66113931	23	8824.3702	8824.9702	8824.9702	8825.1702	8825.6314
1	42	2	2	565	4	2	10	25	6	1	8	1	0.69473582	24	8827.001	8827.201	8827.201	8827.401	8827.8957
1	42	2	2	566	4	2	10	26	3	1	1	1	0.63372617	25	8829.2297	8829.4297	8829.4297	8829.6297	8830.0634
1	42	2	2	567	4	2	10	27	1	1	1	1	0.73297359	26	8831.4588	8831.6588	8831.6588	8831.8588	8832.3918
1	42	2	2	568	4	2	10	28	5	2	8	1	0.62990338	27	8833.6903	8834.2903	8834.2903	8834.4904	8834.9203
1	42	2	2	569	4	2	10	29	2	2	1	1	0.60436384	28	8836.322	8836.922	8836.922	8837.122	8837.5263
1	42	2	2	570	4	2	10	30	6	2	8	1	0.56475143	29	8838.9538	8839.5538	8839.5538	8839.7538	8840.1186
1	42	2	2	571	4	6	10	1	6	1	7	1	0.65250038	1	8869.6502	8869.8502	8869.8502	8870.0502	8870.5027
1	42	2	2	572	4	6	10	2	5	1	6	1	0.60542323	2	8871.8829	8872.0829	8872.0829	8872.2829	8872.6883
1	42	2	2	573	4	6	10	3	1	2	2	1	0.63638114	3	8874.1141	8874.7141	8874.7141	8874.9141	8875.3505
1	42	2	2	574	4	6	10	4	6	1	7	1	0.69305614	4	8876.7457	8876.9457	8876.9457	8877.1457	8877.6388
1	42	2	2	575	4	6	10	5	5	2	6	1	0.500989	5	8878.9771	8879.5772	8879.5772	8879.7772	8880.0781
1	42	2	2	576	4	6	10	6	1	1	2	1	0.99730941	6	8881.6151	8881.8151	8881.8151	8882.0151	8882.8124
1	42	2	2	577	4	6	10	7	4	2	5	1	0.99101744	7	8883.8474	8884.4474	8884.4474	8884.6474	8885.4384
1	42	2	2	578	4	6	10	8	3	1	4	1	0.72555013	8	8886.4793	8886.6793	8886.6793	8886.8793	8887.4048
1	42	2	2	579	4	6	10	9	1	1	2	1	0.88725907	9	8888.712	8888.912	8888.912	8889.112	8889.7993
1	42	2	2	580	4	6	10	10	4	1	5	1	0.69673143	10	8890.9426	8891.1426	8891.1426	8891.3426	8891.8393
1	42	2	2	581	4	6	10	11	2	1	3	1	0.49634582	11	8893.1743	8893.3743	8893.3743	8893.5743	8893.8706
1	42	2	2	582	4	6	10	12	4	2	5	1	0.60200516	12	8895.4068	8896.0068	8896.0068	8896.2068	8896.6088
1	42	2	2	583	4	6	10	13	2	2	3	1	0.7660668	13	8898.0397	8898.6397	8898.6397	8898.8397	8899.4057
1	42	2	2	584	4	6	10	14	6	2	7	1	0.7854283	14	8900.6714	8901.2714	8901.2714	8901.4714	8902.0568
1	42	2	2	585	4	6	10	15	6	1	7	1	0.70510592	15	8903.3031	8903.5031	8903.5031	8903.7031	8904.2082
1	42	2	2	586	4	6	10	16	1	2	2	1	0.71041847	16	8905.5361	8906.1361	8906.1361	8906.3362	8906.8466
1	42	2	2	587	4	6	10	17	6	2	7	1	0.76688842	17	8908.1666	8908.7666	8908.7666	8908.9666	8909.5335
1	42	2	2	588	4	6	10	18	2	1	3	1	0.67963221	18	8910.7968	8910.9968	8910.9968	8911.1968	8911.6765
1	42	2	2	589	4	6	10	19	4	2	5	1	0.77569264	19	8913.0303	8913.6303	8913.6303	8913.8303	8914.406
1	42	2	2	590	4	6	10	20	1	1	2	1	0.66399042	20	8915.6634	8915.8634	8915.8634	8916.0634	8916.5274
1	42	2	2	591	4	6	10	21	4	2	5	1	1.3938141	21	8917.8927	8918.4927	8918.4927	8918.6927	8919.8865
1	42	2	2	592	4	6	10	22	5	1	6	1	0.74422679	22	8920.525	8920.725	8920.725	8920.925	8921.4692
1	42	2	2	593	4	6	10	23	3	2	4	1	0.65683662	23	8922.7581	8923.3581	8923.3581	8923.5581	8924.0149
1	42	2	2	594	4	6	10	24	3	2	4	1	0.68728112	24	8925.3912	8925.9912	8925.9912	8926.1912	8926.6785
1	42	2	2	595	4	6	10	25	2	1	3	1	0.88354498	25	8928.0252	8928.2252	8928.2252	8928.4252	8929.1087
1	42	2	2	596	4	6	10	26	3	1	4	1	0.66681629	26	8930.258	8930.458	8930.458	8930.658	8931.1248
1	42	2	2	597	4	6	10	27	2	1	3	1	0.86117549	27	8932.4909	8932.6909	8932.6909	8932.8909	8933.5521
1	42	2	2	598	4	6	10	28	5	2	6	1	0.72402922	28	8934.7234	8935.3234	8935.3234	8935.5234	8936.0474
1	42	2	2	599	4	6	10	29	5	2	6	1	0.64100769	29	8937.3561	8937.9561	8937.9561	8938.1561	8938.5971
1	42	2	2	600	4	6	10	30	3	2	4	1	0.60253861	30	8939.9887	8940.5887	8940.5887	8940.7887	8941.1912
1	42	2	2	601	4	2	11	1	5	1	8	1	0.64878835	1	8970.6879	8970.8879	8970.8879	8971.0879	8971.5367
1	42	2	2	602	4	2	11	2	1	1	1	1	0.59919479	2	8972.9209	8973.1209	8973.1209	8973.3209	8973.7201
1	42	2	2	603	4	2	11	3	4	2	8	1	0.60617865	3	8975.1507	8975.7507	8975.7507	8975.9507	8976.3569
1	42	2	2	604	4	2	11	4	3	1	1	1	0.60682609	4	8977.784	8977.984	8977.984	8978.184	8978.5908
1	42	2	2	605	4	2	11	5	1	2	1	1	0.54460766	5	8980.0201	8980.6201	8980.6201	8980.8201	8981.1647
1	42	2	2	606	4	2	11	6	6	1	8	1	0.57131663	6	8982.6534	8982.8534	8982.8534	8983.0534	8983.4248
1	42	2	2	607	4	2	11	7	2	2	1	1	0.53941399	7	8984.8863	8985.4863	8985.4863	8985.6863	8986.0257
1	42	2	2	608	4	2	11	8	5	1	8	1	0.57727166	8	8987.5197	8987.7197	8987.7197	8987.9197	8988.297
1	42	2	2	609	4	2	11	9	3	1	1	1	0.58049881	9	8989.7524	8989.9525	8989.9525	8990.1525	8990.533
1	42	2	2	610	4	2	11	10	3	1	1	1	0.61891588	10	8991.9856	8992.1856	8992.1856	8992.3856	8992.8045
1	42	2	2	611	4	2	11	11	2	1	1	1	0.60377495	11	8994.2196	8994.4196	8994.4196	8994.6196	8995.0234
1	42	2	2	612	4	2	11	12	2	2	1	1	0.49125079	12	8996.4531	8997.0531	8997.0531	8997.2531	8997.5444
1	42	2	2	613	4	2	11	13	4	2	8	1	0.62378111	13	8999.0864	8999.6864	8999.6864	8999.8864	9000.3101
1	42	2	2	614	4	2	11	14	4	2	8	1	0.48162828	14	9001.7193	9002.3193	9002.3193	9002.5193	9002.8009
1	42	2	2	615	4	2	11	15	6	1	8	1	0.74557036	15	9004.3491	9004.5491	9004.5491	9004.7491	9005.2946
1	42	2	2	616	4	2	11	16	4	2	8	1	0.47758343	16	9006.5834	9007.1834	9007.1835	9007.3835	9007.661
1	42	2	2	617	4	2	11	17	1	2	1	1	0.54082177	17	9009.2174	9009.8174	9009.8174	9010.0174	9010.3582
1	42	2	2	618	4	2	11	18	4	1	8	1	0.68310631	18	9011.8508	9012.0508	9012.0508	9012.2508	9012.7339
1	42	2	2	619	4	2	11	19	2	2	1	1	0.50111604	19	9014.0834	9014.6834	9014.6834	9014.8834	9015.1845
1	42	2	2	620	4	2	11	20	5	1	8	1	0.56921998	20	9016.7177	9016.9177	9016.9177	9017.1177	9017.4869
1	42	2	2	621	4	2	11	21	6	2	8	1	0.50306117	21	9018.9506	9019.5506	9019.5506	9019.7506	9020.0537
1	42	2	2	622	4	2	11	22	5	1	8	1	0.59049097	22	9021.5846	9021.7846	9021.7846	9021.9846	9022.3751
1	42	2	2	623	4	2	11	23	3	2	1	1	0.48801257	23	9023.8152	9024.4152	9024.4152	9024.6152	9024.9032
1	42	2	2	624	4	2	11	24	2	2	1	1	0.52615653	24	9026.4495	9027.0495	9027.0495	9027.2495	9027.5756
1	42	2	2	625	4	2	11	25	1	1	1	1	0.61323586	25	9029.0835	9029.2835	9029.2835	9029.4835	9029.8967
1	42	2	2	626	4	2	11	26	6	1	8	1	0.60275347	26	9031.3174	9031.5174	9031.5174	9031.7174	9032.1202
1	42	2	2	627	4	2	11	27	5	1	8	1	0.50775813	27	9033.5485	9033.7485	9033.7485	9033.9485	9034.2562
1	42	2	2	628	4	2	11	28	3	2	1	1	0.59862552	28	9035.7824	9036.3824	9036.3824	9036.5824	9036.981
1	42	2	2	629	4	2	11	29	6	2	8	1	0.57287058	29	9038.4181	9039.0181	9039.0181	9039.2181	9039.591
1	42	2	2	630	4	2	11	30	1	2	1	1	0.51407084	30	9041.0511	9041.6511	9041.6511	9041.8511	9042.1652
1	42	2	2	631	4	6	11	1	4	1	5	1	1.1529929	1	9071.749	9071.949	9071.949	9072.149	9073.102
1	42	2	2	632	4	6	11	2	2	1	3	1	0.71323009	2	9073.9815	9074.1815	9074.1815	9074.3815	9074.8947
1	42	2	2	633	4	6	11	3	4	2	5	1	0.6629017	3	9076.2155	9076.8155	9076.8155	9077.0155	9077.4784
1	42	2	2	634	4	6	11	4	1	1	2	1	0.66000334	4	9078.8505	9079.0505	9079.0505	9079.2505	9079.7105
1	42	2	2	635	4	6	11	5	5	2	6	1	0.54965803	5	9081.081	9081.681	9081.681	9081.881	9082.2307
1	42	2	2	636	4	6	11	6	1	1	2	1	0.69329086	6	9083.7123	9083.9123	9083.9123	9084.1123	9084.6056
1	42	2	2	637	4	6	11	7	2	2	3	1	0.66673483	7	9085.9468	9086.5468	9086.5468	9086.7468	9087.2135
1	42	2	2	638	4	6	11	8	1	1	2	1	0.61195224	8	9088.5878	9088.7878	9088.7878	9088.9878	9089.3998
1	42	2	2	639	4	6	11	9	4	1	5	1	0.73572365	9	9090.8222	9091.0222	9091.0222	9091.2222	9091.7579
1	42	2	2	640	4	6	11	10	3	1	4	1	0.62305571	10	9093.0545	9093.2545	9093.2545	9093.4545	9093.8775
1	42	2	2	641	4	6	11	11	6	1	7	1	0.78204161	11	9095.289	9095.489	9095.489	9095.689	9096.271
1	42	2	2	642	4	6	11	12	2	2	3	1	0.8681281	12	9097.5234	9098.1234	9098.1234	9098.3234	9098.9916
1	42	2	2	643	4	6	11	13	2	2	3	1	0.5843823	13	9100.1587	9100.7588	9100.7588	9100.9588	9101.3431
1	42	2	2	644	4	6	11	14	4	2	5	1	0.7107686	14	9102.7925	9103.3925	9103.3925	9103.5926	9104.1033
1	42	2	2	645	4	6	11	15	5	1	6	1	0.60191948	15	9105.4283	9105.6283	9105.6283	9105.8283	9106.2302
1	42	2	2	646	4	6	11	16	1	2	2	1	0.62281147	16	9107.6634	9108.2634	9108.2634	9108.4635	9108.8862
1	42	2	2	647	4	6	11	17	5	2	6	1	0.80507563	17	9110.2986	9110.8986	9110.8986	9111.0986	9111.7037
1	42	2	2	648	4	6	11	18	6	1	7	1	0.86436176	18	9112.9327	9113.1327	9113.1327	9113.3327	9113.9971
1	42	2	2	649	4	6	11	19	2	2	3	1	0.64981743	19	9115.167	9115.767	9115.767	9115.967	9116.4169
1	42	2	2	650	4	6	11	20	6	1	7	1	1.1645123	20	9117.8021	9118.0021	9118.0021	9118.2021	9119.1666
1	42	2	2	651	4	6	11	21	3	2	3	1	1.8877834	21	9120.0374	9120.6374	9120.6374	9120.8375	9122.5252
1	42	2	2	652	4	6	11	22	3	1	4	1	0.5897311	22	9122.6735	9122.8735	9122.8735	9123.0735	9123.4632
1	42	2	2	653	4	6	11	23	1	2	2	1	0.6167588	23	9124.9089	9125.5089	9125.5089	9125.7089	9126.1257
1	42	2	2	654	4	6	11	24	3	2	4	1	0.52666825	24	9127.5441	9128.1441	9128.1441	9128.3441	9128.6708
1	42	2	2	655	4	6	11	25	6	1	7	1	0.82568185	25	9130.1797	9130.3797	9130.3797	9130.5797	9131.2054
1	42	2	2	656	4	6	11	26	4	1	5	1	0.99430145	26	9132.4214	9132.6214	9132.6214	9132.8214	9133.6157
1	42	2	2	657	4	6	11	27	3	1	4	1	0.67937661	27	9134.6571	9134.8571	9134.8571	9135.0571	9135.5365
1	42	2	2	658	4	6	11	28	5	2	6	1	0.72327892	28	9136.8916	9137.4916	9137.4916	9137.6916	9138.2148
1	42	2	2	659	4	6	11	29	5	2	6	1	0.62846785	29	9139.5315	9140.1315	9140.1315	9140.3315	9140.76
1	42	2	2	660	4	6	11	30	6	2	7	1	0.67700534	30	9142.1635	9142.7635	9142.7635	9142.9635	9143.4405
1	42	2	2	661	4	2	12	1	2	1	1	1	0.67988832	1	9172.8701	9173.0701	9173.0701	9173.2701	9173.75
1	42	2	2	662	4	2	12	2	5	1	8	1	0.60394794	2	9175.1058	9175.3058	9175.3058	9175.5058	9175.9097
1	42	2	2	663	4	2	12	3	1	2	1	1	0.53001048	3	9177.3409	9177.9409	9177.9409	9178.1409	9178.4709
1	42	2	2	664	4	2	12	4	6	1	8	1	0.50779464	4	9179.9765	9180.1765	9180.1765	9180.3765	9180.6843
1	42	2	2	665	4	2	12	5	2	2	1	1	0.55757637	5	9182.2084	9182.8084	9182.8084	9183.0084	9183.3659
1	42	2	2	666	4	2	12	6	1	1	1	1	0.67034286	6	9184.8412	9185.0412	9185.0412	9185.2412	9185.7116
1	42	2	2	667	4	2	12	7	2	2	1	1	0.56843697	7	9187.0775	9187.6775	9187.6775	9187.8775	9188.246
1	42	2	2	668	4	2	12	8	6	1	8	1	0.63473313	8	9189.7137	9189.9137	9189.9137	9190.1137	9190.5484
1	42	2	2	669	4	2	12	9	1	1	1	1	0.48271807	9	9191.9494	9192.1494	9192.1494	9192.3494	9192.6322
1	42	2	2	670	4	2	12	10	1	1	1	1	0.59561836	10	9194.1853	9194.3853	9194.3853	9194.5853	9194.9809
1	42	2	2	671	4	2	12	11	2	1	1	1	0.58778902	11	9196.4208	9196.6208	9196.6208	9196.8208	9197.2086
1	42	2	2	672	4	2	12	12	5	2	8	1	0.47623526	12	9198.6566	9199.2566	9199.2566	9199.4566	9199.7328
1	42	2	2	673	4	2	12	13	3	2	1	1	0.85621246	13	9201.2923	9201.8923	9201.8923	9202.0923	9202.7486
1	42	2	2	674	4	2	12	14	3	2	1	1	0.54775529	14	9203.9287	9204.5287	9204.5287	9204.7287	9205.0765
1	42	2	2	675	4	2	12	15	4	1	8	1	0.65319846	15	9206.5684	9206.7684	9206.7684	9206.9684	9207.4216
1	42	2	2	676	4	2	12	16	5	2	8	1	0.77829946	16	9208.8048	9209.4048	9209.4048	9209.6048	9210.1831
1	42	2	2	677	4	2	12	17	4	2	8	1	0.54743013	17	9211.4411	9212.0411	9212.0411	9212.2411	9212.5886
1	42	2	2	678	4	2	12	18	2	1	1	1	0.45760461	18	9214.0757	9214.2757	9214.2757	9214.4757	9214.7333
1	42	2	2	679	4	2	12	19	6	2	8	1	0.51080857	19	9216.3114	9216.9114	9216.9114	9217.1115	9217.4223
1	42	2	2	680	4	2	12	20	4	1	8	1	0.53077947	20	9218.9472	9219.1472	9219.1472	9219.3472	9219.678
1	42	2	2	681	4	2	12	21	4	2	8	1	0.61114901	21	9221.1811	9221.7811	9221.7811	9221.9812	9222.3923
1	42	2	2	682	4	2	12	22	5	1	8	1	0.5185233	22	9223.8182	9224.0182	9224.0182	9224.2183	9224.5368
1	42	2	2	683	4	2	12	23	4	2	8	1	0.55870189	23	9226.0562	9226.6562	9226.6562	9226.8562	9227.2149
1	42	2	2	684	4	2	12	24	3	2	1	1	0.66058422	24	9228.6921	9229.2921	9229.2921	9229.4921	9229.9527
1	42	2	2	685	4	2	12	25	1	1	1	1	0.6797941	25	9231.3279	9231.5279	9231.5279	9231.7279	9232.2077
1	42	2	2	686	4	2	12	26	6	1	8	1	0.51542856	26	9233.5637	9233.7637	9233.7637	9233.9637	9234.2791
1	42	2	2	687	4	2	12	27	6	1	8	1	0.61892914	27	9235.8048	9236.0048	9236.0048	9236.2048	9236.6237
1	42	2	2	688	4	2	12	28	3	2	1	1	0.61972687	28	9238.042	9238.642	9238.642	9238.842	9239.2617
1	42	2	2	689	4	2	12	29	5	2	8	1	0.61986894	29	9240.6817	9241.2817	9241.2817	9241.4817	9241.9016
1	42	2	2	690	4	2	12	30	3	2	1	1	0.6185305	30	9243.3223	9243.9223	9243.9223	9244.1223	9244.5409
1	42	2	2	691	4	6	12	1	1	1	2	1	0.63185595	1	9274.0203	9274.2203	9274.2203	9274.4203	9274.8522
1	42	2	2	692	4	6	12	2	6	1	7	1	0.71008573	2	9276.257	9276.457	9276.457	9276.6571	9277.1671
1	42	2	2	693	4	6	12	3	5	2	6	1	0.93102165	3	9278.4937	9279.0937	9279.0937	9279.2937	9280.0247
1	42	2	2	694	4	6	12	4	5	1	6	1	0.562013	4	9281.1309	9281.3309	9281.3309	9281.5309	9281.8929
1	42	2	2	695	4	6	12	5	3	2	4	1	0.41516737	5	9283.3682	9283.9682	9283.9682	9284.1682	9284.3834
1	42	2	2	696	4	6	12	6	4	1	5	1	0.96925224	6	9286.0051	9286.2051	9286.2051	9286.4051	9287.1744
1	42	2	2	697	4	6	12	7	4	2	5	1	0.54620942	7	9288.2418	9288.8418	9288.8418	9289.0418	9289.388
1	42	2	2	698	4	6	12	8	4	1	5	1	0.53501365	8	9290.8807	9291.0807	9291.0807	9291.2807	9291.6157
1	42	2	2	699	4	6	12	9	4	1	5	1	0.63997026	9	9293.1167	9293.3167	9293.3167	9293.5167	9293.9567
1	42	2	2	700	4	6	12	10	3	1	4	1	0.62113832	10	9295.3535	9295.5535	9295.5535	9295.7535	9296.1746
1	42	2	2	701	4	6	12	11	3	1	4	1	0.51618655	11	9297.5946	9297.7946	9297.7946	9297.9946	9298.3108
1	42	2	2	702	4	6	12	12	1	2	2	1	0.84672012	12	9299.8316	9300.4316	9300.4316	9300.6316	9301.2784
1	42	2	2	703	4	6	12	13	6	2	7	1	0.68520672	13	9302.4699	9303.0699	9303.0699	9303.2699	9303.7551
1	42	2	2	704	4	6	12	14	1	2	2	1	0.60618299	14	9305.1039	9305.7039	9305.7039	9305.9039	9306.3101
1	42	2	2	705	4	6	12	15	3	1	4	1	0.65917669	15	9307.7412	9307.9412	9307.9412	9308.1412	9308.6004
1	42	2	2	706	4	6	12	16	5	2	6	1	0.71055068	16	9309.9783	9310.5783	9310.5783	9310.7783	9311.2888
1	42	2	2	707	4	6	12	17	6	2	7	1	0.63794751	17	9312.6153	9313.2153	9313.2153	9313.4153	9313.8533
1	42	2	2	708	4	6	12	18	2	1	3	1	1.0973981	18	9315.2521	9315.4521	9315.4521	9315.6521	9316.5495
1	42	2	2	709	4	6	12	19	1	2	2	1	0.67090028	19	9317.4896	9318.0896	9318.0896	9318.2896	9318.7605
1	42	2	2	710	4	6	12	20	6	1	7	1	0.71264145	20	9320.1271	9320.3271	9320.3272	9320.5272	9321.0398
1	42	2	2	711	4	6	12	21	3	2	4	1	0.62189302	21	9322.3645	9322.9645	9322.9645	9323.1645	9323.5864
1	42	2	2	712	4	6	12	22	5	1	3	1	0.9270278	22	9325.0012	9325.2013	9325.2013	9325.4013	9326.1283
1	42	2	2	713	4	6	12	23	6	2	7	1	0.74870268	23	9327.2419	9327.8419	9327.8419	9328.0419	9328.5906
1	42	2	2	714	4	6	12	24	2	2	3	1	1.8150958	24	9329.8787	9330.4787	9330.4787	9330.6787	9332.2938
1	42	2	2	715	4	6	12	25	4	1	5	1	0.62510459	25	9332.5159	9332.716	9332.716	9332.916	9333.3411
1	42	2	2	716	4	6	12	26	5	1	6	1	0.70024217	26	9334.7539	9334.9539	9334.9539	9335.1539	9335.6541
1	42	2	2	717	4	6	12	27	2	1	3	1	0.8121088	27	9336.9955	9337.1955	9337.1955	9337.3955	9338.0076
1	42	2	2	718	4	6	12	28	2	2	3	1	0.61194388	28	9339.2341	9339.8341	9339.8341	9340.0341	9340.4461
1	42	2	2	719	4	6	12	29	1	2	2	1	0.60580562	29	9341.872	9342.472	9342.472	9342.672	9343.0778
1	42	2	2	720	4	6	12	30	2	2	3	1	0.61302187	30	9344.5132	9345.1132	9345.1132	9345.3132	9345.7262
