3	7	4	1	0	2	5	6	0	0	0	0	0	0	0	0	0	0	0	0
3	54	2	2	1	1	2	1	1	1	1	1	1	0.64424001	1	2240.2674	2240.4676	2240.4679	2240.6681	2241.1121
3	54	2	2	2	1	2	1	2	5	2	8	1	0.54045652	2	2242.4843	2243.0844	2243.0846	2243.2848	2243.625
3	54	2	2	3	1	2	1	3	4	2	8	1	0.42367033	3	2245.4494	2246.0495	2246.0495	2246.2495	2246.4731
3	54	2	2	4	1	2	1	4	2	1	1	1	0.58816088	4	2248.0556	2248.2557	2248.2557	2248.4557	2248.8438
3	54	2	2	5	1	2	1	5	2	1	1	1	0.43134478	5	2250.2632	2250.4632	2250.4632	2250.6632	2250.8945
3	54	2	2	6	1	2	1	6	4	2	8	1	0.42904814	6	2252.4707	2253.0707	2253.0707	2253.2708	2253.4998
3	54	2	2	7	1	2	1	7	4	1	8	1	0.81235408	7	2255.0773	2255.2773	2255.2773	2255.4773	2256.0896
3	54	2	2	8	1	2	1	8	4	2	8	1	0.56576113	8	2257.2828	2257.8828	2257.8828	2258.0828	2258.4486
3	54	2	2	9	1	2	1	9	6	2	8	1	0.38293897	9	2259.8884	2260.4884	2260.4884	2260.6884	2260.8714
3	54	2	2	10	1	2	1	10	6	2	8	1	0.41322665	10	2262.4942	2263.0942	2263.0942	2263.2943	2263.5074
3	54	2	2	11	1	2	1	11	3	2	1	1	0.45981219	11	2265.1004	2265.7004	2265.7004	2265.9005	2266.1602
3	54	2	2	12	1	2	1	12	5	2	8	1	0.54995513	12	2267.7057	2268.3057	2268.3057	2268.5057	2268.8557
3	54	2	2	13	1	2	1	13	6	2	8	1	0.51738807	13	2270.3115	2270.9115	2270.9115	2271.1115	2271.4288
3	54	2	2	14	1	2	1	14	6	1	8	1	0.48432475	14	2272.9171	2273.1171	2273.1171	2273.3172	2273.6015
3	54	2	2	15	1	2	1	15	4	1	8	1	0.39029908	15	2275.1227	2275.3227	2275.3227	2275.5228	2275.713
3	54	2	2	16	1	2	1	16	5	2	8	1	0.48074135	16	2277.3284	2277.9284	2277.9284	2278.1284	2278.4091
3	54	2	2	17	1	2	1	17	5	1	8	1	0.3680982	17	2279.9373	2280.1373	2280.1373	2280.3373	2280.5054
3	54	2	2	18	1	2	1	18	6	1	8	1	0.41034076	18	2282.1436	2282.3436	2282.3436	2282.5436	2282.754
3	54	2	2	19	1	2	1	19	3	1	1	1	0.4216652	19	2284.3503	2284.5503	2284.5503	2284.7504	2284.972
3	54	2	2	20	1	2	1	20	2	2	1	1	0.39527405	20	2286.5563	2287.1563	2287.1563	2287.3564	2287.5516
3	54	2	2	21	1	2	1	21	1	2	1	1	0.34614281	21	2289.162	2289.762	2289.762	2289.962	2290.1081
3	54	2	2	22	1	2	1	22	3	1	1	1	0.40039815	22	2291.768	2291.968	2291.9681	2292.1681	2292.3685
3	54	2	2	23	1	2	1	23	2	1	1	1	0.39245043	23	2293.9747	2294.1747	2294.1747	2294.3747	2294.5672
3	54	2	2	24	1	2	1	24	1	2	1	1	0.62738366	24	2296.1807	2296.7807	2296.7807	2296.9807	2297.4081
3	54	2	2	25	1	2	1	25	2	1	1	1	0.46109898	25	2298.7864	2298.9864	2298.9864	2299.1864	2299.4475
3	54	2	2	26	1	2	1	26	1	2	1	1	0.40153377	26	2300.9928	2301.5928	2301.5928	2301.7928	2301.9943
3	54	2	2	27	1	2	1	27	1	1	1	1	0.39063694	27	2303.5992	2303.7992	2303.7992	2303.9992	2304.1898
3	54	2	2	28	1	2	1	28	5	1	8	1	0.52390923	28	2305.8056	2306.0056	2306.0056	2306.2056	2306.5295
3	54	2	2	29	1	2	1	29	3	1	1	1	1.4114005	29	2308.0129	2308.2129	2308.2129	2308.4129	2309.6243
3	54	2	2	30	1	2	1	30	3	2	1	1	0.66121913	30	2310.2195	2310.8195	2310.8196	2311.0196	2311.4808
3	54	2	2	31	1	6	1	1	6	1	4	0	0.86951579	0	2382.637	2382.8371	2382.8372	2383.0374	2383.7067
3	54	2	2	32	1	6	1	2	4	2	5	1	1.117746	1	2385.1638	2385.7638	2385.7638	2385.9638	2386.8815
3	54	2	2	33	1	6	1	3	3	2	4	1	0.59253824	2	2387.7708	2388.3708	2388.3708	2388.5708	2388.9633
3	54	2	2	34	1	6	1	4	2	1	6	0	1.0401376	2	2390.3792	2390.5792	2390.5792	2390.7792	2391.6193
3	54	2	2	35	1	6	1	5	3	1	4	1	0.69074992	3	2392.8964	2393.0964	2393.0964	2393.2965	2393.7872
3	54	2	2	36	1	6	1	6	2	2	3	1	0.68291777	4	2395.103	2395.703	2395.703	2395.903	2396.3859
3	54	2	2	37	1	6	1	7	1	1	2	1	0.74568503	5	2397.7094	2397.9094	2397.9094	2398.1094	2398.6551
3	54	2	2	38	1	6	1	8	5	2	5	0	1.5902347	5	2399.9157	2400.5158	2400.5158	2400.7158	2402.106
3	54	2	2	39	1	6	1	9	4	2	7	0	1.6810973	5	2402.8287	2403.4287	2403.4287	2403.6287	2405.1098
3	54	2	2	40	1	6	1	10	5	2	3	0	0.89412438	5	2405.7453	2406.3453	2406.3453	2406.5454	2407.2395
3	54	2	2	41	1	6	1	11	6	2	7	1	1.3333251	6	2408.6625	2409.2625	2409.2625	2409.4626	2410.5958
3	54	2	2	42	1	6	1	12	6	2	7	1	0.70805583	7	2411.2693	2411.8693	2411.8693	2412.0693	2412.5774
3	54	2	2	43	1	6	1	13	1	2	2	1	0.73512789	8	2413.8765	2414.4765	2414.4765	2414.6765	2415.2116
3	54	2	2	44	1	6	1	14	6	1	7	1	0.90982924	9	2416.4839	2416.684	2416.684	2416.884	2417.5938
3	54	2	2	45	1	6	1	15	6	1	7	1	0.56895224	10	2418.6908	2418.8908	2418.8908	2419.0908	2419.4597
3	54	2	2	46	1	6	1	16	5	2	6	1	1.4378778	11	2420.8975	2421.4975	2421.4975	2421.6975	2422.9354
3	54	2	2	47	1	6	1	17	2	1	5	0	1.7390411	11	2423.5045	2423.7046	2423.7046	2423.9046	2425.4436
3	54	2	2	48	1	6	1	18	1	1	2	1	1.1206324	12	2426.0185	2426.2185	2426.2185	2426.4186	2427.3391
3	54	2	2	49	1	6	1	19	1	1	2	1	0.71315042	13	2428.2256	2428.4257	2428.4257	2428.6257	2429.1388
3	54	2	2	50	1	6	1	20	1	2	2	1	0.60883538	14	2430.4327	2431.0327	2431.0327	2431.2327	2431.6415
3	54	2	2	51	1	6	1	21	5	2	3	0	0.7831629	14	2433.0402	2433.6402	2433.6402	2433.8402	2434.4234
3	54	2	2	52	1	6	1	22	3	1	4	1	0.85771294	15	2435.961	2436.161	2436.161	2436.361	2437.0187
3	54	2	2	53	1	6	1	23	4	1	5	1	1.1566619	16	2438.2523	2438.4523	2438.4523	2438.6524	2439.609
3	54	2	2	54	1	6	1	24	3	2	4	1	0.7621203	17	2440.4638	2441.0638	2441.0639	2441.2639	2441.826
3	54	2	2	55	1	6	1	25	4	1	5	1	0.60259973	18	2443.0712	2443.2712	2443.2713	2443.4713	2443.8739
3	54	2	2	56	1	6	1	26	2	2	6	0	1.2643997	18	2445.2788	2445.8788	2445.8788	2446.0788	2447.1432
3	54	2	2	57	1	6	1	27	5	1	6	1	1.1392984	19	2448.1986	2448.3986	2448.3986	2448.5986	2449.5379
3	54	2	2	58	1	6	1	28	3	1	4	1	0.94513502	20	2450.4063	2450.6063	2450.6063	2450.8063	2451.5514
3	54	2	2	59	1	6	1	29	4	1	5	1	1.1799425	21	2452.6138	2452.8138	2452.8138	2453.0138	2453.9937
3	54	2	2	60	1	6	1	30	2	2	3	1	0.99536734	22	2454.8222	2455.4222	2455.4222	2455.6222	2456.4176
3	54	2	2	61	1	2	2	1	5	1	1	0	0.54016616	0	2468.5834	2468.7834	2468.7834	2468.9834	2469.3236
3	54	2	2	62	1	2	2	2	4	2	8	1	0.58191026	1	2471.099	2471.699	2471.6991	2471.8991	2472.2811
3	54	2	2	63	1	2	2	3	4	2	8	1	0.65360763	2	2473.707	2474.3071	2474.3071	2474.5071	2474.9607
3	54	2	2	64	1	2	2	4	3	1	1	1	0.66119081	3	2476.3151	2476.5151	2476.5151	2476.7151	2477.1763
3	54	2	2	65	1	2	2	5	5	1	8	1	0.71682646	4	2478.5234	2478.7234	2478.7234	2478.9234	2479.4402
3	54	2	2	66	1	2	2	6	4	2	8	1	0.56316398	5	2480.7318	2481.3318	2481.3319	2481.5319	2481.895
3	54	2	2	67	1	2	2	7	6	1	8	1	0.51970034	6	2483.34	2483.5401	2483.5401	2483.7401	2484.0598
3	54	2	2	68	1	2	2	8	3	2	1	1	0.66819108	7	2485.5484	2486.1484	2486.1484	2486.3484	2486.8166
3	54	2	2	69	1	2	2	9	1	2	1	1	1.0208992	8	2488.1569	2488.7569	2488.7569	2488.9569	2489.7778
3	54	2	2	70	1	2	2	10	2	2	1	1	0.57978294	9	2490.7653	2491.3653	2491.3653	2491.5653	2491.945
3	54	2	2	71	1	2	2	11	3	2	1	1	0.558103	10	2493.3732	2493.9732	2493.9732	2494.1732	2494.5313
3	54	2	2	72	1	2	2	12	6	2	8	1	0.76500891	11	2495.9819	2496.5819	2496.5819	2496.7819	2497.3469
3	54	2	2	73	1	2	2	13	1	2	1	1	0.72895149	12	2498.5905	2499.1906	2499.1906	2499.3906	2499.9196
3	54	2	2	74	1	2	2	14	6	1	8	1	0.80956176	13	2501.2	2501.4001	2501.4001	2501.6001	2502.2097
3	54	2	2	75	1	2	2	15	3	1	1	1	0.60210467	14	2503.409	2503.609	2503.609	2503.809	2504.2111
3	54	2	2	76	1	2	2	16	5	2	8	1	0.46359648	15	2505.6176	2506.2176	2506.2176	2506.4176	2506.6812
3	54	2	2	77	1	2	2	17	2	1	1	1	0.71198159	16	2508.2261	2508.4261	2508.4261	2508.6261	2509.1381
3	54	2	2	78	1	2	2	18	3	1	1	1	0.76788813	17	2510.435	2510.635	2510.635	2510.835	2511.4029
3	54	2	2	79	1	2	2	19	2	1	1	1	0.65202637	18	2512.6434	2512.8434	2512.8435	2513.0435	2513.4955
3	54	2	2	80	1	2	2	20	6	2	8	1	0.57312128	19	2514.8526	2515.4526	2515.4526	2515.6526	2516.0257
3	54	2	2	81	1	2	2	21	2	2	1	1	0.54917766	20	2517.4615	2518.0615	2518.0615	2518.2615	2518.6107
3	54	2	2	82	1	2	2	22	5	1	8	1	0.84606404	21	2520.0705	2520.2705	2520.2705	2520.4705	2521.1166
3	54	2	2	83	1	2	2	23	1	1	1	1	0.47256922	22	2522.3352	2522.5352	2522.5352	2522.7352	2523.0078
3	54	2	2	84	1	2	2	24	4	2	8	1	0.49562146	23	2524.5458	2525.1458	2525.1458	2525.3458	2525.6414
3	54	2	2	85	1	2	2	25	5	1	8	1	0.59087966	24	2527.1549	2527.3549	2527.3549	2527.5549	2527.9457
3	54	2	2	86	1	2	2	26	6	2	8	1	0.52767249	25	2529.364	2529.964	2529.964	2530.164	2530.4917
3	54	2	2	87	1	2	2	27	1	1	1	1	0.72238363	26	2531.9731	2532.1731	2532.1731	2532.3731	2532.8955
3	54	2	2	88	1	2	2	28	4	1	8	1	0.74106243	27	2534.1822	2534.3822	2534.3822	2534.5822	2535.1233
3	54	2	2	89	1	2	2	29	2	1	1	1	0.52125977	28	2536.3915	2536.5915	2536.5915	2536.7915	2537.1127
3	54	2	2	90	1	2	2	30	1	2	1	1	0.6227135	29	2538.6006	2539.2006	2539.2006	2539.4006	2539.8233
3	54	2	2	91	1	6	2	1	1	1	2	1	0.76498541	1	2559.8827	2560.0827	2560.0827	2560.2827	2560.8477
3	54	2	2	92	1	6	2	2	4	2	7	0	0.88541976	1	2562.0913	2562.6913	2562.6913	2562.8913	2563.5767
3	54	2	2	93	1	6	2	3	2	2	3	1	1.3904949	2	2565.0132	2565.6132	2565.6133	2565.8133	2567.0038
3	54	2	2	94	1	6	2	4	6	1	7	1	1.163324	3	2567.6226	2567.8227	2567.8227	2568.0227	2568.986
3	54	2	2	95	1	6	2	5	6	1	7	1	0.77550881	4	2569.8322	2570.0322	2570.0322	2570.2322	2570.8077
3	54	2	2	96	1	6	2	6	5	2	6	1	1.3483253	5	2572.0456	2572.6456	2572.6456	2572.8456	2573.994
3	54	2	2	97	1	6	2	7	3	1	4	1	1.1256557	6	2574.6579	2574.8579	2574.8579	2575.0579	2575.9836
3	54	2	2	98	1	6	2	8	4	2	5	1	1.2938183	7	2576.8669	2577.4669	2577.4669	2577.667	2578.7608
3	54	2	2	99	1	6	2	9	4	2	5	1	0.54937539	8	2579.4763	2580.0763	2580.0763	2580.2763	2580.6257
3	54	2	2	100	1	6	2	10	4	2	5	1	0.47688559	9	2582.0856	2582.6856	2582.6857	2582.8857	2583.1625
3	54	2	2	101	1	6	2	11	1	2	2	1	0.6571266	10	2584.6955	2585.2956	2585.2956	2585.4956	2585.9527
3	54	2	2	102	1	6	2	12	6	2	4	0	1.3539773	10	2587.3059	2587.906	2587.906	2588.106	2589.26
3	54	2	2	103	1	6	2	13	2	2	3	1	0.97057889	11	2590.2309	2590.831	2590.831	2591.031	2591.8016
3	54	2	2	104	1	6	2	14	3	1	4	1	0.87084568	12	2592.8406	2593.0406	2593.0406	2593.2406	2593.9114
3	54	2	2	105	1	6	2	15	3	1	4	1	0.57673756	13	2595.0498	2595.2499	2595.2499	2595.4499	2595.8266
3	54	2	2	106	1	6	2	16	5	2	6	1	1.1264929	14	2597.2594	2597.8594	2597.8594	2598.0594	2598.9859
3	54	2	2	107	1	6	2	17	1	1	2	1	0.79546784	15	2599.8688	2600.0688	2600.0688	2600.2688	2600.8642
3	54	2	2	108	1	6	2	18	6	1	7	1	1.0366204	16	2602.0792	2602.2792	2602.2792	2602.4792	2603.3158
3	54	2	2	109	1	6	2	19	5	1	3	0	1.1783484	16	2604.2895	2604.4895	2604.4895	2604.6895	2605.6678
3	54	2	2	110	1	6	2	20	1	2	2	1	0.94652863	17	2606.806	2607.406	2607.406	2607.606	2608.3525
3	54	2	2	111	1	6	2	21	6	2	7	1	1.2566669	18	2609.4352	2610.0352	2610.0352	2610.2352	2611.2919
3	54	2	2	112	1	6	2	22	3	1	4	1	0.84344363	19	2612.0452	2612.2452	2612.2452	2612.4452	2613.0887
3	54	2	2	113	1	6	2	23	5	1	6	1	1.1151444	20	2614.256	2614.456	2614.456	2614.656	2615.5712
3	54	2	2	114	1	6	2	24	2	2	3	1	0.97721699	21	2616.4662	2617.0662	2617.0662	2617.2662	2618.0434
3	54	2	2	115	1	6	2	25	4	1	7	0	1.3963262	21	2619.0764	2619.2764	2619.2764	2619.4765	2620.6728
3	54	2	2	116	1	6	2	26	5	2	6	1	0.98502347	22	2621.5983	2622.1983	2622.1983	2622.3983	2623.1833
3	54	2	2	117	1	6	2	27	2	1	3	1	0.68862158	23	2624.2078	2624.4078	2624.4078	2624.6078	2625.0965
3	54	2	2	118	1	6	2	28	3	1	4	1	1.0406013	24	2626.4183	2626.6183	2626.6183	2626.8183	2627.6589
3	54	2	2	119	1	6	2	29	1	1	2	1	0.74016397	25	2628.6283	2628.8283	2628.8283	2629.0283	2629.5684
3	54	2	2	120	1	6	2	30	2	2	6	0	1.3528377	25	2630.8381	2631.4381	2631.4381	2631.6381	2632.791
3	54	2	2	121	1	2	3	1	2	1	1	1	0.58105404	1	2645.9492	2646.1492	2646.1492	2646.3492	2646.7302
3	54	2	2	122	1	2	3	2	1	2	1	1	0.51269204	2	2648.1603	2648.7603	2648.7603	2648.9603	2649.273
3	54	2	2	123	1	2	3	3	2	2	1	1	0.57365409	3	2650.7705	2651.3705	2651.3705	2651.5706	2651.9442
3	54	2	2	124	1	2	3	4	5	1	8	1	0.58023301	4	2653.3805	2653.5805	2653.5805	2653.7805	2654.1608
3	54	2	2	125	1	2	3	5	6	1	8	1	0.47854308	5	2655.5912	2655.7912	2655.7912	2655.9912	2656.2697
3	54	2	2	126	1	2	3	6	3	2	1	1	0.46550205	6	2657.8015	2658.4015	2658.4015	2658.6015	2658.867
3	54	2	2	127	1	2	3	7	2	1	1	1	0.54741381	7	2660.4781	2660.6781	2660.6781	2660.8781	2661.2255
3	54	2	2	128	1	2	3	8	6	2	8	1	0.51199539	8	2662.6887	2663.2887	2663.2887	2663.4887	2663.8007
3	54	2	2	129	1	2	3	9	3	2	1	1	0.48620767	9	2665.2997	2665.8997	2665.8997	2666.0997	2666.3859
3	54	2	2	130	1	2	3	10	4	2	8	1	0.60914093	10	2667.91	2668.51	2668.51	2668.71	2669.1192
3	54	2	2	131	1	2	3	11	5	2	8	1	0.53801385	11	2670.5201	2671.1201	2671.1201	2671.3201	2671.6581
3	54	2	2	132	1	2	3	12	6	2	8	1	0.44518078	12	2673.1305	2673.7305	2673.7305	2673.9305	2674.1757
3	54	2	2	133	1	2	3	13	2	2	1	1	0.48652558	13	2675.7475	2676.3475	2676.3475	2676.5475	2676.834
3	54	2	2	134	1	2	3	14	2	1	1	1	0.57705012	14	2678.358	2678.558	2678.558	2678.758	2679.1351
3	54	2	2	135	1	2	3	15	4	1	8	1	0.56042868	15	2680.5686	2680.7686	2680.7686	2680.9686	2681.329
3	54	2	2	136	1	2	3	16	3	2	1	1	1.1796188	16	2682.7797	2683.3797	2683.3797	2683.5797	2684.5593
3	54	2	2	137	1	2	3	17	5	1	8	1	0.60365643	17	2685.391	2685.591	2685.591	2685.791	2686.1946
3	54	2	2	138	1	2	3	18	3	1	1	1	0.89575572	18	2687.602	2687.802	2687.802	2688.002	2688.6977
3	54	2	2	139	1	2	3	19	1	1	1	1	0.61917212	19	2689.8125	2690.0125	2690.0125	2690.2125	2690.6317
3	54	2	2	140	1	2	3	20	4	2	8	1	0.71461211	20	2692.0233	2692.6233	2692.6233	2692.8233	2693.3379
3	54	2	2	141	1	2	3	21	4	2	8	1	0.71308728	21	2694.634	2695.234	2695.234	2695.434	2695.947
3	54	2	2	142	1	2	3	22	3	1	1	1	0.74108301	22	2697.245	2697.445	2697.445	2697.645	2698.1861
3	54	2	2	143	1	2	3	23	4	1	8	1	0.92936973	23	2699.5217	2699.7217	2699.7217	2699.9217	2700.6511
3	54	2	2	144	1	2	3	24	5	2	8	1	0.55556756	24	2701.7333	2702.3333	2702.3333	2702.5333	2702.8889
3	54	2	2	145	1	2	3	25	1	1	1	1	0.60681627	25	2704.3446	2704.5446	2704.5446	2704.7446	2705.1514
3	54	2	2	146	1	2	3	26	6	2	8	1	0.71101052	26	2706.5562	2707.1562	2707.1562	2707.3562	2707.8672
3	54	2	2	147	1	2	3	27	1	1	1	1	1.0671019	27	2709.167	2709.367	2709.367	2709.5671	2710.4341
3	54	2	2	148	1	2	3	28	1	1	1	1	0.54446937	28	2711.3781	2711.5781	2711.5781	2711.7781	2712.1226
3	54	2	2	149	1	2	3	29	6	1	8	1	1.1248488	29	2713.5898	2713.7898	2713.7898	2713.9898	2714.9147
3	54	2	2	150	1	2	3	30	5	2	8	1	0.87459198	30	2715.801	2716.401	2716.401	2716.601	2717.2756
3	54	2	2	151	1	6	3	1	1	1	2	1	0.57450389	1	2735.4838	2735.6838	2735.6838	2735.8838	2736.2583
3	54	2	2	152	1	6	3	2	4	2	5	1	0.71289518	2	2737.6953	2738.2953	2738.2953	2738.4953	2739.0082
3	54	2	2	153	1	6	3	3	4	2	5	1	0.55242877	3	2740.3068	2740.9068	2740.9068	2741.1068	2741.4592
3	54	2	2	154	1	6	3	4	4	1	5	1	0.48996861	4	2742.9182	2743.1182	2743.1182	2743.3182	2743.6082
3	54	2	2	155	1	6	3	5	1	1	2	1	0.81367274	5	2745.1299	2745.3299	2745.3299	2745.5299	2746.1436
3	54	2	2	156	1	6	3	6	4	2	5	1	0.60817507	6	2747.3416	2747.9416	2747.9416	2748.1416	2748.5498
3	54	2	2	157	1	6	3	7	1	1	2	1	0.85651548	7	2749.9533	2750.1533	2750.1533	2750.3533	2751.0098
3	54	2	2	158	1	6	3	8	3	2	4	1	1.0656736	8	2752.1689	2752.7689	2752.7689	2752.9689	2753.8346
3	54	2	2	159	1	6	3	9	6	2	7	1	1.0813767	9	2754.7817	2755.3817	2755.3817	2755.5817	2756.4631
3	54	2	2	160	1	6	3	10	3	2	4	1	0.93720899	10	2757.3944	2757.9944	2757.9944	2758.1944	2758.9316
3	54	2	2	161	1	6	3	11	2	2	3	1	1.0484854	11	2760.0066	2760.6066	2760.6066	2760.8066	2761.6551
3	54	2	2	162	1	6	3	12	6	2	7	1	1.416729	12	2762.6183	2763.2183	2763.2183	2763.4183	2764.635
3	54	2	2	163	1	6	3	13	6	2	7	1	0.75564687	13	2765.2306	2765.8306	2765.8306	2766.0306	2766.5862
3	54	2	2	164	1	6	3	14	2	1	7	0	0.78326591	13	2767.8425	2768.0425	2768.0425	2768.2425	2768.8258
3	54	2	2	165	1	6	3	15	3	1	4	1	0.91146758	14	2770.3623	2770.5623	2770.5623	2770.7623	2771.4738
3	54	2	2	166	1	6	3	16	1	2	2	1	0.75582697	15	2772.5741	2773.1741	2773.1741	2773.3741	2773.9299
3	54	2	2	167	1	6	3	17	5	1	6	1	1.0209564	16	2775.1864	2775.3864	2775.3864	2775.5864	2776.4074
3	54	2	2	168	1	6	3	18	5	1	6	1	0.5943673	17	2777.399	2777.599	2777.599	2777.799	2778.1933
3	54	2	2	169	1	6	3	19	3	1	4	1	0.68360421	18	2779.6107	2779.8107	2779.8107	2780.0107	2780.4943
3	54	2	2	170	1	6	3	20	2	2	3	1	0.83190075	19	2781.823	2782.423	2782.4231	2782.6231	2783.255
3	54	2	2	171	1	6	3	21	6	2	7	1	1.0840158	20	2784.4352	2785.0352	2785.0352	2785.2352	2786.1193
3	54	2	2	172	1	6	3	22	1	1	2	1	0.80224822	21	2787.0475	2787.2475	2787.2475	2787.4475	2788.0497
3	54	2	2	173	1	6	3	23	2	1	3	1	1.3802879	22	2789.2598	2789.4598	2789.4598	2789.6598	2790.8401
3	54	2	2	174	1	6	3	24	5	2	6	1	0.70673779	23	2791.4725	2792.0725	2792.0725	2792.2725	2792.7792
3	54	2	2	175	1	6	3	25	2	1	3	1	0.74694526	24	2794.0855	2794.2855	2794.2855	2794.4855	2795.0325
3	54	2	2	176	1	6	3	26	3	2	4	1	0.83095943	25	2796.2983	2796.8983	2796.8983	2797.0983	2797.7293
3	54	2	2	177	1	6	3	27	5	1	3	0	1.290802	25	2798.9105	2799.1105	2799.1105	2799.3105	2800.4013
3	54	2	2	178	1	6	3	28	6	1	7	1	1.5636718	26	2801.4307	2801.6307	2801.6307	2801.8307	2803.1944
3	54	2	2	179	1	6	3	29	5	1	6	1	1.1496711	27	2803.6429	2803.8429	2803.8429	2804.0429	2804.9926
3	54	2	2	180	1	6	3	30	4	2	5	1	0.85053799	28	2805.8551	2806.4551	2806.4551	2806.6551	2807.3056
3	54	2	2	181	2	2	4	1	2	1	1	1	0.57785148	1	3164.4471	3164.6471	3164.6471	3164.8471	3165.225
3	54	2	2	182	2	2	4	2	5	2	8	1	0.54325278	2	3166.6599	3167.2599	3167.2599	3167.4599	3167.8031
3	54	2	2	183	2	2	4	3	3	2	1	1	0.48098545	3	3169.2727	3169.8727	3169.8727	3170.0727	3170.3537
3	54	2	2	184	2	2	4	4	3	1	1	1	0.62519443	4	3171.8859	3172.0859	3172.0859	3172.2859	3172.7111
3	54	2	2	185	2	2	4	5	5	1	8	1	0.47503653	5	3174.1253	3174.3253	3174.3253	3174.5253	3174.8003
3	54	2	2	186	2	2	4	6	4	2	8	1	0.66275336	6	3176.338	3176.938	3176.938	3177.138	3177.6007
3	54	2	2	187	2	2	4	7	3	1	1	1	0.45077928	7	3178.9508	3179.1508	3179.1508	3179.3508	3179.6016
3	54	2	2	188	2	2	4	8	6	2	8	1	0.46733813	8	3181.1642	3181.7642	3181.7642	3181.9642	3182.2315
3	54	2	2	189	2	2	4	9	2	2	1	1	0.48822772	9	3183.7778	3184.3779	3184.3779	3184.5779	3184.8661
3	54	2	2	190	2	2	4	10	4	2	8	1	0.45738539	10	3186.3912	3186.9912	3186.9912	3187.1912	3187.4486
3	54	2	2	191	2	2	4	11	2	2	1	1	0.54011359	11	3189.0071	3189.6071	3189.6071	3189.8071	3190.1472
3	54	2	2	192	2	2	4	12	6	2	8	1	0.4923767	12	3191.6219	3192.2219	3192.2219	3192.4219	3192.7143
3	54	2	2	193	2	2	4	13	1	2	1	1	0.45274027	13	3194.2354	3194.8354	3194.8354	3195.0354	3195.2881
3	54	2	2	194	2	2	4	14	5	1	8	1	0.49836471	14	3196.8481	3197.0481	3197.0481	3197.2481	3197.5465
3	54	2	2	195	2	2	4	15	6	1	8	1	1.0271964	15	3199.061	3199.2611	3199.2611	3199.4611	3200.2883
3	54	2	2	196	2	2	4	16	4	2	8	1	0.44827297	16	3201.2744	3201.8744	3201.8744	3202.0744	3202.3227
3	54	2	2	197	2	2	4	17	6	1	8	1	0.44703991	17	3203.8878	3204.0878	3204.0878	3204.2878	3204.5349
3	54	2	2	198	2	2	4	18	5	1	8	1	0.51115675	18	3206.101	3206.301	3206.3011	3206.5011	3206.8122
3	54	2	2	199	2	2	4	19	1	1	1	1	0.60017982	19	3208.3143	3208.5143	3208.5143	3208.7143	3209.1145
3	54	2	2	200	2	2	4	20	2	2	1	1	0.68203077	20	3210.5279	3211.1279	3211.1279	3211.3279	3211.8099
3	54	2	2	201	2	2	4	21	1	2	1	1	0.46794785	21	3213.1728	3213.7728	3213.7728	3213.9728	3214.2407
3	54	2	2	202	2	2	4	22	1	1	1	1	0.51705355	22	3215.7862	3215.9862	3215.9862	3216.1862	3216.5032
3	54	2	2	203	2	2	4	23	3	1	1	1	0.49467902	23	3218.0033	3218.2033	3218.2033	3218.4033	3218.6979
3	54	2	2	204	2	2	4	24	6	2	8	1	0.4815291	24	3220.2171	3220.8171	3220.8171	3221.0171	3221.2986
3	54	2	2	205	2	2	4	25	4	1	8	1	0.46239134	25	3222.8349	3223.0349	3223.035	3223.235	3223.4973
3	54	2	2	206	2	2	4	26	2	2	1	1	0.67951132	26	3225.0492	3225.6492	3225.6492	3225.8492	3226.3287
3	54	2	2	207	2	2	4	27	3	1	1	1	0.86412914	27	3227.6635	3227.8635	3227.8635	3228.0635	3228.7276
3	54	2	2	208	2	2	4	28	5	1	8	1	0.45474705	28	3229.8769	3230.0769	3230.0769	3230.2769	3230.5317
3	54	2	2	209	2	2	4	29	1	1	1	1	0.46813539	29	3232.0905	3232.2905	3232.2905	3232.4905	3232.7586
3	54	2	2	210	2	2	4	30	4	2	8	1	0.66634905	30	3234.304	3234.904	3234.904	3235.104	3235.5704
3	54	2	2	211	2	6	4	1	1	1	2	1	0.66485469	1	3264.9858	3265.1858	3265.1858	3265.3858	3265.8506
3	54	2	2	212	2	6	4	2	6	2	7	1	0.88727371	2	3267.2002	3267.8002	3267.8002	3268.0002	3268.6874
3	54	2	2	213	2	6	4	3	2	2	3	1	0.69108486	3	3269.8143	3270.4143	3270.4143	3270.6143	3271.1054
3	54	2	2	214	2	6	4	4	4	1	5	1	0.74140124	4	3272.4302	3272.6302	3272.6302	3272.8302	3273.3716
3	54	2	2	215	2	6	4	5	5	1	6	1	0.92197885	5	3274.6452	3274.8452	3274.8452	3275.0452	3275.7671
3	54	2	2	216	2	6	4	6	6	2	7	1	0.78262189	6	3276.8597	3277.4597	3277.4597	3277.6597	3278.2423
3	54	2	2	217	2	6	4	7	3	1	4	1	1.1921737	7	3279.4741	3279.6741	3279.6741	3279.8741	3280.8663
3	54	2	2	218	2	6	4	8	1	2	2	1	0.88913073	8	3281.688	3282.288	3282.288	3282.488	3283.1771
3	54	2	2	219	2	6	4	9	5	2	3	0	0.9930104	8	3284.3027	3284.9027	3284.9027	3285.1027	3285.8957
3	54	2	2	220	2	6	4	10	3	2	4	1	0.96902194	9	3286.9168	3287.5168	3287.5168	3287.7168	3288.4858
3	54	2	2	221	2	6	4	11	2	2	3	1	1.1507714	10	3289.5314	3290.1315	3290.1315	3290.3315	3291.2822
3	54	2	2	222	2	6	4	12	3	2	4	1	0.98540859	11	3292.1463	3292.7463	3292.7463	3292.9463	3293.7317
3	54	2	2	223	2	6	4	13	6	2	7	1	0.87375064	12	3294.7609	3295.3609	3295.3609	3295.5609	3296.2347
3	54	2	2	224	2	6	4	14	3	1	4	1	1.1249261	13	3297.3751	3297.5751	3297.5751	3297.7751	3298.7
3	54	2	2	225	2	6	4	15	4	1	5	1	1.2291437	14	3299.5896	3299.7896	3299.7896	3299.9896	3301.0187
3	54	2	2	226	2	6	4	16	4	2	5	1	0.62909503	15	3301.8038	3302.4038	3302.4038	3302.6039	3303.0329
3	54	2	2	227	2	6	4	17	5	1	6	1	1.7926677	16	3304.419	3304.619	3304.619	3304.819	3306.4117
3	54	2	2	228	2	6	4	18	6	1	7	1	1.4780334	17	3306.6334	3306.8334	3306.8334	3307.0334	3308.3115
3	54	2	2	229	2	6	4	19	5	1	0	0	-3309.0478	17	3308.8478	3309.0478	3309.0478	3309.2478	0
3	54	2	2	230	2	6	4	20	4	2	5	1	1.2110672	18	3311.0633	3311.6633	3311.6633	3311.8633	3312.8744
3	54	2	2	231	2	6	4	21	3	2	4	1	0.81844664	19	3313.68	3314.28	3314.28	3314.48	3315.0984
3	54	2	2	232	2	6	4	22	5	1	6	1	0.95449889	20	3316.2947	3316.4947	3316.4947	3316.6947	3317.4492
3	54	2	2	233	2	6	4	23	1	1	2	1	1.266041	21	3318.5118	3318.7118	3318.7118	3318.9118	3319.9778
3	54	2	2	234	2	6	4	24	1	2	2	1	0.69305585	22	3320.7271	3321.3271	3321.3271	3321.5271	3322.0201
3	54	2	2	235	2	6	4	25	6	1	7	1	0.85985301	23	3323.3422	3323.5422	3323.5422	3323.7422	3324.402
3	54	2	2	236	2	6	4	26	2	2	3	1	1.1391769	24	3325.5569	3326.1569	3326.1569	3326.3569	3327.296
3	54	2	2	237	2	6	4	27	4	1	5	1	0.85897742	25	3328.1749	3328.3749	3328.3749	3328.5749	3329.2339
3	54	2	2	238	2	6	4	28	2	1	3	1	0.69796872	26	3330.3904	3330.5904	3330.5904	3330.7904	3331.2884
3	54	2	2	239	2	6	4	29	2	1	3	1	0.6361282	27	3332.6061	3332.8061	3332.8061	3333.0061	3333.4422
3	54	2	2	240	2	6	4	30	1	2	2	1	1.3336248	28	3334.821	3335.421	3335.421	3335.621	3336.7546
3	54	2	2	241	2	2	5	1	4	1	8	1	1.1364565	1	3365.505	3365.705	3365.705	3365.905	3366.8415
3	54	2	2	242	2	2	5	2	1	2	1	1	0.55150994	2	3367.7206	3368.3206	3368.3206	3368.5206	3368.8721
3	54	2	2	243	2	2	5	3	2	2	1	1	0.73817939	3	3370.3361	3370.9361	3370.9361	3371.1361	3371.6743
3	54	2	2	244	2	2	5	4	6	1	8	1	0.81810668	4	3372.9517	3373.1517	3373.1517	3373.3517	3373.9698
3	54	2	2	245	2	2	5	5	1	1	1	1	0.93859955	5	3375.1676	3375.3676	3375.3676	3375.5676	3376.3062
3	54	2	2	246	2	2	5	6	1	2	1	1	0.52113611	6	3377.3835	3377.9835	3377.9835	3378.1835	3378.5046
3	54	2	2	247	2	2	5	7	4	1	8	1	0.46398481	7	3379.9995	3380.1995	3380.1995	3380.3995	3380.6635
3	54	2	2	248	2	2	5	8	2	2	1	1	0.63602358	8	3382.2151	3382.8151	3382.8151	3383.0151	3383.4511
3	54	2	2	249	2	2	5	9	3	2	1	1	0.63550637	9	3384.8306	3385.4307	3385.4307	3385.6307	3386.0662
3	54	2	2	250	2	2	5	10	1	2	1	1	0.54927233	10	3387.4465	3388.0465	3388.0465	3388.2465	3388.5958
3	54	2	2	251	2	2	5	11	5	2	8	1	0.55336216	11	3390.0645	3390.6645	3390.6645	3390.8646	3391.2179
3	54	2	2	252	2	2	5	12	5	2	8	1	0.73923988	12	3392.6806	3393.2806	3393.2806	3393.4806	3394.0198
3	54	2	2	253	2	2	5	13	4	2	8	1	0.59061861	13	3395.2971	3395.8971	3395.8971	3396.0971	3396.4877
3	54	2	2	254	2	2	5	14	2	1	1	1	1.0783492	14	3397.9131	3398.1131	3398.1131	3398.3131	3399.1914
3	54	2	2	255	2	2	5	15	5	1	8	1	0.72762893	15	3400.1289	3400.3289	3400.3289	3400.5289	3401.0565
3	54	2	2	256	2	2	5	16	5	2	8	1	1.1101043	16	3402.3801	3402.9801	3402.9801	3403.1801	3404.0902
3	54	2	2	257	2	2	5	17	5	1	8	1	0.54130494	17	3404.9959	3405.1959	3405.1959	3405.396	3405.7372
3	54	2	2	258	2	2	5	18	3	1	1	1	0.56618711	18	3407.2121	3407.4121	3407.4121	3407.6121	3407.9783
3	54	2	2	259	2	2	5	19	3	1	1	1	0.69289467	19	3409.4279	3409.6279	3409.6279	3409.8279	3410.3208
3	54	2	2	260	2	2	5	20	3	2	1	1	0.57554732	20	3411.6438	3412.2438	3412.2438	3412.4438	3412.8194
3	54	2	2	261	2	2	5	21	6	2	8	1	0.64259038	21	3414.2632	3414.8632	3414.8632	3415.0632	3415.5058
3	54	2	2	262	2	2	5	22	6	1	8	1	0.97983332	22	3416.8793	3417.0793	3417.0793	3417.2793	3418.0592
3	54	2	2	263	2	2	5	23	3	1	1	1	0.55215029	23	3419.0961	3419.2961	3419.2961	3419.4961	3419.8483
3	54	2	2	264	2	2	5	24	6	2	8	1	0.94713188	24	3421.3125	3421.9125	3421.9125	3422.1125	3422.8596
3	54	2	2	265	2	2	5	25	6	1	8	1	1.0312152	25	3423.9295	3424.1295	3424.1295	3424.3295	3425.1607
3	54	2	2	266	2	2	5	26	1	2	1	1	0.64783073	26	3426.146	3426.746	3426.746	3426.946	3427.3938
3	54	2	2	267	2	2	5	27	4	1	8	1	0.62968201	27	3428.7627	3428.9627	3428.9627	3429.1627	3429.5924
3	54	2	2	268	2	2	5	28	4	1	8	1	0.5864796	28	3430.9812	3431.1812	3431.1812	3431.3812	3431.7677
3	54	2	2	269	2	2	5	29	2	1	1	1	0.70901601	29	3433.1986	3433.3987	3433.3987	3433.5987	3434.1077
3	54	2	2	270	2	2	5	30	2	2	1	1	1.0479991	30	3435.4155	3436.0155	3436.0155	3436.2155	3437.0635
3	54	2	2	271	2	6	5	1	2	1	3	1	1.0739186	1	3466.0934	3466.2934	3466.2934	3466.4934	3467.3673
3	54	2	2	272	2	6	5	2	4	2	0	0	-3468.911	1	3468.311	3468.911	3468.911	3469.1111	0
3	54	2	2	273	2	6	5	3	6	2	7	1	0.94550574	2	3470.9279	3471.5279	3471.5279	3471.7279	3472.4734
3	54	2	2	274	2	6	5	4	2	1	3	1	1.5365158	3	3473.5453	3473.7453	3473.7453	3473.9453	3475.2818
3	54	2	2	275	2	6	5	5	3	1	4	1	1.6713377	4	3475.762	3475.962	3475.962	3476.162	3477.6333
3	54	2	2	276	2	6	5	6	5	2	6	1	0.84134429	5	3477.9792	3478.5792	3478.5793	3478.7793	3479.4207
3	54	2	2	277	2	6	5	7	4	1	5	1	1.1883445	6	3480.5958	3480.7959	3480.7959	3480.9959	3481.9842
3	54	2	2	278	2	6	5	8	1	2	2	1	0.74033807	7	3482.8125	3483.4125	3483.4125	3483.6125	3484.1528
3	54	2	2	279	2	6	5	9	4	2	6	0	0.8090669	7	3485.4299	3486.0299	3486.0299	3486.2299	3486.839
3	54	2	2	280	2	6	5	10	1	2	2	1	0.69845418	8	3488.047	3488.647	3488.647	3488.847	3489.3455
3	54	2	2	281	2	6	5	11	6	2	4	0	1.8030697	8	3490.6649	3491.2649	3491.2649	3491.465	3493.068
3	54	2	2	282	2	6	5	12	5	2	6	1	1.6557389	9	3493.2827	3493.8827	3493.8827	3494.0827	3495.5385
3	54	2	2	283	2	6	5	13	1	2	2	1	0.8351965	10	3495.9001	3496.5001	3496.5001	3496.7001	3497.3353
3	54	2	2	284	2	6	5	14	4	1	5	1	0.79603514	11	3498.5176	3498.7176	3498.7176	3498.9176	3499.5137
3	54	2	2	285	2	6	5	15	6	1	7	1	0.72248767	12	3500.7349	3500.9349	3500.9349	3501.1349	3501.6574
3	54	2	2	286	2	6	5	16	6	2	7	1	0.59664328	13	3502.9535	3503.5535	3503.5535	3503.7535	3504.1502
3	54	2	2	287	2	6	5	17	6	1	7	1	0.60032889	14	3505.5711	3505.7711	3505.7711	3505.9711	3506.3715
3	54	2	2	288	2	6	5	18	2	1	3	1	1.5238745	15	3507.7883	3507.9883	3507.9883	3508.1883	3509.5122
3	54	2	2	289	2	6	5	19	3	1	4	1	1.4873952	16	3510.0075	3510.2075	3510.2075	3510.4075	3511.6949
3	54	2	2	290	2	6	5	20	2	2	3	1	0.77069258	17	3512.2254	3512.8254	3512.8254	3513.0254	3513.5961
3	54	2	2	291	2	6	5	21	1	2	2	1	0.71220137	18	3514.8472	3515.4472	3515.4472	3515.6472	3516.1594
3	54	2	2	292	2	6	5	22	5	1	6	1	1.9214679	19	3517.4646	3517.6646	3517.6646	3517.8646	3519.5861
3	54	2	2	293	2	6	5	23	5	1	6	1	0.57731358	20	3519.682	3519.882	3519.882	3520.082	3520.4593
3	54	2	2	294	2	6	5	24	3	2	4	1	0.70914297	21	3521.8992	3522.4992	3522.4992	3522.6992	3523.2084
3	54	2	2	295	2	6	5	25	3	1	4	1	0.57227192	22	3524.5174	3524.7174	3524.7175	3524.9175	3525.2897
3	54	2	2	296	2	6	5	26	4	2	5	1	0.99606955	23	3526.7388	3527.3388	3527.3388	3527.5388	3528.3348
3	54	2	2	297	2	6	5	27	3	1	3	0	1.8335175	23	3529.357	3529.557	3529.557	3529.757	3531.3905
3	54	2	2	298	2	6	5	28	5	1	6	1	1.2563117	24	3531.575	3531.775	3531.775	3531.975	3533.0313
3	54	2	2	299	2	6	5	29	2	1	3	1	1.1255104	25	3533.7941	3533.9941	3533.9941	3534.1941	3535.1196
3	54	2	2	300	2	6	5	30	1	2	2	1	0.71490214	26	3536.0148	3536.6148	3536.6149	3536.8149	3537.3298
3	54	2	2	301	2	2	6	1	2	1	1	1	1.5216914	1	3566.7031	3566.9031	3566.9031	3567.1031	3568.4248
3	54	2	2	302	2	2	6	2	4	2	8	1	0.66725858	2	3568.9267	3569.5267	3569.5267	3569.7267	3570.1939
3	54	2	2	303	2	2	6	3	1	2	1	1	0.56207868	3	3571.5446	3572.1446	3572.1446	3572.3446	3572.7067
3	54	2	2	304	2	2	6	4	4	1	8	1	1.6396328	4	3574.163	3574.363	3574.363	3574.563	3576.0027
3	54	2	2	305	2	2	6	5	1	1	1	1	0.74611219	5	3576.3813	3576.5813	3576.5813	3576.7813	3577.3274
3	54	2	2	306	2	2	6	6	4	2	8	1	0.70523379	6	3578.5998	3579.1998	3579.1998	3579.3998	3579.905
3	54	2	2	307	2	2	6	7	2	1	1	1	0.75243665	7	3581.2179	3581.4179	3581.4179	3581.6179	3582.1704
3	54	2	2	308	2	2	6	8	6	2	8	1	0.55239112	8	3583.4389	3584.0389	3584.0389	3584.2389	3584.5913
3	54	2	2	309	2	2	6	9	2	2	1	1	0.59811787	9	3586.0576	3586.6576	3586.6576	3586.8576	3587.2558
3	54	2	2	310	2	2	6	10	6	2	8	1	0.6267999	10	3588.6766	3589.2766	3589.2766	3589.4766	3589.9034
3	54	2	2	311	2	2	6	11	3	2	1	1	0.48313714	11	3591.295	3591.895	3591.895	3592.095	3592.3781
3	54	2	2	312	2	2	6	12	4	2	8	1	0.45841962	12	3593.9135	3594.5135	3594.5135	3594.7135	3594.9719
3	54	2	2	313	2	2	6	13	1	2	1	1	0.52171474	13	3596.5343	3597.1343	3597.1343	3597.3343	3597.656
3	54	2	2	314	2	2	6	14	2	1	1	1	0.84744781	14	3599.1534	3599.3534	3599.3534	3599.5535	3600.2009
3	54	2	2	315	2	2	6	15	2	1	1	1	0.60275208	15	3601.3725	3601.5725	3601.5725	3601.7725	3602.1752
3	54	2	2	316	2	2	6	16	5	2	8	1	0.80040542	16	3603.5914	3604.1914	3604.1914	3604.3914	3604.9918
3	54	2	2	317	2	2	6	17	5	1	8	1	0.66537745	17	3606.2096	3606.4096	3606.4096	3606.6097	3607.075
3	54	2	2	318	2	2	6	18	6	1	8	1	0.55869219	18	3608.4283	3608.6283	3608.6283	3608.8283	3609.187
3	54	2	2	319	2	2	6	19	3	1	1	1	0.90817156	19	3610.6472	3610.8472	3610.8472	3611.0472	3611.7554
3	54	2	2	320	2	2	6	20	3	2	1	1	0.64528215	20	3612.8659	3613.4659	3613.4659	3613.6659	3614.1112
3	54	2	2	321	2	2	6	21	3	2	1	1	0.63138167	21	3615.4876	3616.0876	3616.0876	3616.2876	3616.719
3	54	2	2	322	2	2	6	22	3	1	1	1	0.58878208	22	3618.1074	3618.3074	3618.3074	3618.5074	3618.8962
3	54	2	2	323	2	2	6	23	6	1	8	1	0.59468405	23	3620.3266	3620.5266	3620.5266	3620.7266	3621.1213
3	54	2	2	324	2	2	6	24	4	2	8	1	0.85461103	24	3622.5457	3623.1457	3623.1457	3623.3457	3624.0003
3	54	2	2	325	2	2	6	25	1	1	1	1	0.86794943	25	3625.165	3625.365	3625.365	3625.565	3626.2329
3	54	2	2	326	2	2	6	26	1	2	1	1	0.63284643	26	3627.3841	3627.9841	3627.9841	3628.1841	3628.617
3	54	2	2	327	2	2	6	27	5	1	8	1	0.9407373	27	3630.0032	3630.2032	3630.2033	3630.4033	3631.144
3	54	2	2	328	2	2	6	28	6	1	8	1	0.88811083	28	3632.2221	3632.4221	3632.4221	3632.6221	3633.3102
3	54	2	2	329	2	2	6	29	5	1	8	1	0.58638381	29	3634.4417	3634.6417	3634.6417	3634.8417	3635.2281
3	54	2	2	330	2	2	6	30	5	2	8	1	0.64894235	30	3636.6623	3637.2623	3637.2623	3637.4623	3637.9112
3	54	2	2	331	2	6	6	1	5	1	6	1	2.0000971	1	3667.3412	3667.5412	3667.5412	3667.7412	3669.5413
3	54	2	2	332	2	6	6	2	6	2	7	1	1.7007329	2	3669.5642	3670.1642	3670.1642	3670.3642	3671.8649
3	54	2	2	333	2	6	6	3	6	2	7	1	0.89194912	3	3672.1837	3672.7837	3672.7837	3672.9837	3673.6757
3	54	2	2	334	2	6	6	4	2	1	3	1	0.72866308	4	3674.8031	3675.0031	3675.0031	3675.2031	3675.7318
3	54	2	2	335	2	6	6	5	6	1	7	1	0.71597042	5	3677.0229	3677.2229	3677.2229	3677.4229	3677.9389
3	54	2	2	336	2	6	6	6	5	2	6	1	0.68377397	6	3679.2423	3679.8423	3679.8423	3680.0423	3680.5261
3	54	2	2	337	2	6	6	7	1	1	2	1	0.82896032	7	3681.8617	3682.0617	3682.0617	3682.2617	3682.8907
3	54	2	2	338	2	6	6	8	1	2	2	1	0.49881804	8	3684.081	3684.681	3684.681	3684.881	3685.1799
3	54	2	2	339	2	6	6	9	4	2	5	1	1.5079386	9	3686.7004	3687.3004	3687.3004	3687.5004	3688.8083
3	54	2	2	340	2	6	6	10	1	2	2	1	1.3116645	10	3689.3203	3689.9203	3689.9203	3690.1204	3691.232
3	54	2	2	341	2	6	6	11	6	2	7	1	1.5488868	11	3691.9395	3692.5396	3692.5396	3692.7396	3694.0884
3	54	2	2	342	2	6	6	12	4	2	5	1	1.1155543	12	3694.56	3695.16	3695.16	3695.36	3696.2756
3	54	2	2	343	2	6	6	13	1	2	2	1	0.82246581	13	3697.1793	3697.7793	3697.7793	3697.9793	3698.6018
3	54	2	2	344	2	6	6	14	2	1	3	1	1.7768796	14	3699.7992	3699.9992	3699.9992	3700.1992	3701.7761
3	54	2	2	345	2	6	6	15	3	1	4	1	1.1656833	15	3702.0187	3702.2187	3702.2187	3702.4187	3703.3844
3	54	2	2	346	2	6	6	16	3	2	4	1	1.0417834	16	3704.2384	3704.8384	3704.8384	3705.0384	3705.8802
3	54	2	2	347	2	6	6	17	4	1	5	1	1.1040285	17	3706.8589	3707.0589	3707.0589	3707.2589	3708.1629
3	54	2	2	348	2	6	6	18	4	1	5	1	0.87044299	18	3709.0806	3709.2806	3709.2806	3709.4806	3710.151
3	54	2	2	349	2	6	6	19	1	1	2	1	0.87620011	19	3711.3006	3711.5006	3711.5006	3711.7006	3712.3768
3	54	2	2	350	2	6	6	20	5	2	6	1	1.4067436	20	3713.5206	3714.1206	3714.1206	3714.3206	3715.5273
3	54	2	2	351	2	6	6	21	5	2	6	1	0.58243201	21	3716.1408	3716.7408	3716.7408	3716.9408	3717.3232
3	54	2	2	352	2	6	6	22	3	1	4	1	0.79003311	22	3718.7626	3718.9626	3718.9626	3719.1626	3719.7526
3	54	2	2	353	2	6	6	23	3	1	4	1	0.54661008	23	3720.9827	3721.1827	3721.1827	3721.3827	3721.7294
3	54	2	2	354	2	6	6	24	5	2	6	1	0.7407945	24	3723.2029	3723.8029	3723.8029	3724.003	3724.5437
3	54	2	2	355	2	6	6	25	2	1	3	1	0.79183674	25	3725.824	3726.0241	3726.0241	3726.2241	3726.8159
3	54	2	2	356	2	6	6	26	3	2	4	1	0.70232121	26	3728.044	3728.644	3728.644	3728.844	3729.3464
3	54	2	2	357	2	6	6	27	6	1	7	1	0.93675403	27	3730.6644	3730.8644	3730.8644	3731.0644	3731.8012
3	54	2	2	358	2	6	6	28	2	1	3	1	1.4061862	28	3732.8849	3733.0849	3733.085	3733.285	3734.4911
3	54	2	2	359	2	6	6	29	2	1	3	1	0.702184	29	3735.1057	3735.3057	3735.3057	3735.5057	3736.0079
3	54	2	2	360	2	6	6	30	4	2	5	1	1.1154662	30	3737.3269	3737.9269	3737.9269	3738.1269	3739.0423
3	54	2	2	361	3	2	7	1	2	1	1	1	0.60705722	1	4702.0032	4702.2032	4702.2032	4702.4032	4702.8103
3	54	2	2	362	3	2	7	2	4	2	8	1	0.71145562	2	4704.2239	4704.8239	4704.8239	4705.0239	4705.5354
3	54	2	2	363	3	2	7	3	3	2	1	1	0.63856723	3	4706.8446	4707.4446	4707.4446	4707.6446	4708.0832
3	54	2	2	364	3	2	7	4	6	1	8	1	0.48954485	4	4709.4652	4709.6652	4709.6652	4709.8652	4710.1547
3	54	2	2	365	3	2	7	5	1	1	1	1	0.42899922	5	4711.6854	4711.8854	4711.8854	4712.0854	4712.3144
3	54	2	2	366	3	2	7	6	4	2	8	1	0.48205923	6	4714.0068	4714.6068	4714.6068	4714.8068	4715.0889
3	54	2	2	367	3	2	7	7	6	1	8	1	0.76361833	7	4716.6278	4716.8278	4716.8278	4717.0278	4717.5914
3	54	2	2	368	3	2	7	8	6	2	8	1	0.94429915	8	4718.8489	4719.4489	4719.4489	4719.6489	4720.3932
3	54	2	2	369	3	2	7	9	6	2	8	1	0.65316896	9	4721.4704	4722.0704	4722.0704	4722.2704	4722.7235
3	54	2	2	370	3	2	7	10	4	2	8	1	0.55425311	10	4724.0972	4724.6972	4724.6972	4724.8972	4725.2514
3	54	2	2	371	3	2	7	11	5	2	8	1	0.41195541	11	4726.7184	4727.3184	4727.3184	4727.5184	4727.7303
3	54	2	2	372	3	2	7	12	2	2	1	1	0.49434229	12	4729.3391	4729.9391	4729.9391	4730.1391	4730.4335
3	54	2	2	373	3	2	7	13	1	2	1	1	0.562712	13	4731.9609	4732.5609	4732.5609	4732.7609	4733.1236
3	54	2	2	374	3	2	7	14	6	1	8	1	0.70046613	14	4734.5825	4734.7825	4734.7825	4734.9825	4735.483
3	54	2	2	375	3	2	7	15	2	1	1	1	0.50399587	15	4736.8564	4737.0564	4737.0564	4737.2564	4737.5604
3	54	2	2	376	3	2	7	16	4	2	8	1	0.49370623	16	4739.0773	4739.6773	4739.6773	4739.8773	4740.171
3	54	2	2	377	3	2	7	17	1	1	1	1	0.53407882	17	4741.6984	4741.8984	4741.8984	4742.0984	4742.4325
3	54	2	2	378	3	2	7	18	3	1	1	1	0.52186927	18	4743.9205	4744.1205	4744.1205	4744.3205	4744.6424
3	54	2	2	379	3	2	7	19	5	1	8	1	0.49370359	19	4746.142	4746.342	4746.342	4746.542	4746.8357
3	54	2	2	380	3	2	7	20	5	2	8	1	0.685702	20	4748.3645	4748.9645	4748.9645	4749.1645	4749.6502
3	54	2	2	381	3	2	7	21	2	2	1	1	0.52022744	21	4750.987	4751.587	4751.587	4751.787	4752.1072
3	54	2	2	382	3	2	7	22	3	1	1	1	0.64731877	22	4753.6088	4753.8088	4753.8088	4754.0088	4754.4561
3	54	2	2	383	3	2	7	23	5	1	8	1	0.49889302	23	4755.8308	4756.0308	4756.0308	4756.2308	4756.5297
3	54	2	2	384	3	2	7	24	1	2	1	1	0.41193195	24	4758.0559	4758.6559	4758.6559	4758.8559	4759.0679
3	54	2	2	385	3	2	7	25	4	1	8	1	0.43803379	25	4760.678	4760.878	4760.878	4761.078	4761.3161
3	54	2	2	386	3	2	7	26	1	2	1	1	0.37252443	26	4762.9004	4763.5004	4763.5004	4763.7004	4763.873
3	54	2	2	387	3	2	7	27	3	1	1	1	0.72994945	27	4765.5224	4765.7224	4765.7224	4765.9224	4766.4523
3	54	2	2	388	3	2	7	28	2	1	1	1	0.47525807	28	4767.7444	4767.9444	4767.9444	4768.1444	4768.4197
3	54	2	2	389	3	2	7	29	5	1	8	1	0.52346038	29	4769.9661	4770.1661	4770.1661	4770.3661	4770.6896
3	54	2	2	390	3	2	7	30	3	2	1	1	0.54050437	30	4772.1882	4772.7882	4772.7883	4772.9883	4773.3288
3	54	2	2	391	3	6	7	1	6	1	7	1	1.8000926	1	4803.0838	4803.2838	4803.2838	4803.4838	4805.0839
3	54	2	2	392	3	6	7	2	2	2	3	1	1.1927105	2	4805.3062	4805.9062	4805.9062	4806.1063	4807.0989
3	54	2	2	393	3	6	7	3	5	2	6	1	0.94707178	3	4807.9283	4808.5283	4808.5283	4808.7283	4809.4753
3	54	2	2	394	3	6	7	4	4	1	5	1	1.24978	4	4810.5506	4810.7506	4810.7506	4810.9506	4812.0004
3	54	2	2	395	3	6	7	5	5	1	6	1	0.77490063	5	4812.7727	4812.9727	4812.9727	4813.1727	4813.7476
3	54	2	2	396	3	6	7	6	2	2	3	1	0.80559354	6	4814.998	4815.598	4815.598	4815.798	4816.4036
3	54	2	2	397	3	6	7	7	4	1	5	1	1.2346028	7	4817.6205	4817.8206	4817.8206	4818.0206	4819.0552
3	54	2	2	398	3	6	7	8	4	2	5	1	0.58843802	8	4819.8429	4820.4429	4820.4429	4820.6429	4821.0313
3	54	2	2	399	3	6	7	9	1	2	2	1	0.75282356	9	4822.465	4823.065	4823.065	4823.265	4823.8178
3	54	2	2	400	3	6	7	10	5	2	6	1	0.88128333	10	4825.087	4825.687	4825.687	4825.887	4826.5683
3	54	2	2	401	3	6	7	11	5	2	6	1	0.80073404	11	4827.713	4828.313	4828.313	4828.513	4829.1137
3	54	2	2	402	3	6	7	12	3	2	4	1	1.2803798	12	4830.3348	4830.9348	4830.9348	4831.1348	4832.2152
3	54	2	2	403	3	6	7	13	6	2	7	1	0.84569072	13	4832.9575	4833.5575	4833.5575	4833.7575	4834.4032
3	54	2	2	404	3	6	7	14	6	1	7	1	0.54221229	14	4835.5824	4835.7824	4835.7825	4835.9825	4836.3247
3	54	2	2	405	3	6	7	15	1	1	2	1	0.74464683	15	4837.8082	4838.0082	4838.0082	4838.2082	4838.7528
3	54	2	2	406	3	6	7	16	1	2	2	1	0.74070387	16	4840.0298	4840.6298	4840.6298	4840.8298	4841.3705
3	54	2	2	407	3	6	7	17	4	1	5	1	1.5332282	17	4842.652	4842.852	4842.852	4843.052	4844.3852
3	54	2	2	408	3	6	7	18	6	1	7	1	0.72988089	18	4844.961	4845.161	4845.161	4845.361	4845.8909
3	54	2	2	409	3	6	7	19	1	1	2	1	0.73601638	19	4847.184	4847.384	4847.384	4847.584	4848.1201
3	54	2	2	410	3	6	7	20	3	2	4	1	0.84581326	20	4849.4063	4850.0063	4850.0063	4850.2063	4850.8521
3	54	2	2	411	3	6	7	21	6	2	7	1	1.7163922	21	4852.0287	4852.6287	4852.6287	4852.8287	4854.3451
3	54	2	2	412	3	6	7	22	2	1	6	0	1.0519656	21	4854.6514	4854.8514	4854.8514	4855.0514	4855.9034
3	54	2	2	413	3	6	7	23	3	1	4	1	1.3927241	22	4856.9755	4857.1755	4857.1755	4857.3755	4858.5682
3	54	2	2	414	3	6	7	24	4	2	5	1	1.0247851	23	4859.1986	4859.7986	4859.7986	4859.9986	4860.8234
3	54	2	2	415	3	6	7	25	2	1	3	1	0.83790602	24	4861.8212	4862.0212	4862.0212	4862.2212	4862.8591
3	54	2	2	416	3	6	7	26	5	2	6	1	1.1249907	25	4864.0444	4864.6444	4864.6444	4864.8444	4865.7694
3	54	2	2	417	3	6	7	27	2	1	3	1	0.70430482	26	4866.6674	4866.8674	4866.8674	4867.0674	4867.5717
3	54	2	2	418	3	6	7	28	3	1	4	1	0.68402709	27	4868.9808	4869.1808	4869.1808	4869.3808	4869.8649
3	54	2	2	419	3	6	7	29	1	1	2	1	0.7684088	28	4871.2036	4871.4036	4871.4036	4871.6036	4872.172
3	54	2	2	420	3	6	7	30	3	2	4	1	0.94128116	29	4873.4267	4874.0267	4874.0267	4874.2267	4874.968
3	54	2	2	421	3	2	8	1	4	1	8	1	0.49771461	1	4904.1221	4904.3221	4904.3221	4904.5221	4904.8198
3	54	2	2	422	3	2	8	2	5	2	8	1	0.51379762	2	4906.3457	4906.9457	4906.9458	4907.1458	4907.4595
3	54	2	2	423	3	2	8	3	1	2	1	1	0.5606705	3	4908.969	4909.569	4909.569	4909.769	4910.1296
3	54	2	2	424	3	2	8	4	5	1	8	1	0.51746908	4	4911.5933	4911.7933	4911.7933	4911.9933	4912.3108
3	54	2	2	425	3	2	8	5	4	1	8	1	0.56149218	5	4913.8172	4914.0172	4914.0172	4914.2172	4914.5787
3	54	2	2	426	3	2	8	6	5	2	8	1	0.48666819	6	4916.0408	4916.6408	4916.6408	4916.8408	4917.1274
3	54	2	2	427	3	2	8	7	6	1	8	1	0.51110343	7	4918.6642	4918.8642	4918.8642	4919.0642	4919.3753
3	54	2	2	428	3	2	8	8	6	2	8	1	0.47962252	8	4920.8875	4921.4875	4921.4875	4921.6875	4921.9671
3	54	2	2	429	3	2	8	9	4	2	8	1	0.47685743	9	4923.5147	4924.1147	4924.1147	4924.3147	4924.5916
3	54	2	2	430	3	2	8	10	6	2	8	1	0.56600947	10	4926.1388	4926.7388	4926.7388	4926.9388	4927.3048
3	54	2	2	431	3	2	8	11	2	2	1	1	0.56029325	11	4928.7627	4929.3627	4929.3628	4929.5628	4929.923
3	54	2	2	432	3	2	8	12	3	2	1	1	0.65056422	12	4931.3901	4931.9901	4931.9901	4932.1901	4932.6407
3	54	2	2	433	3	2	8	13	6	2	8	1	1.8095094	13	4934.0136	4934.6136	4934.6136	4934.8136	4936.4231
3	54	2	2	434	3	2	8	14	5	1	8	1	0.6134637	14	4936.6369	4936.8369	4936.837	4937.037	4937.4504
3	54	2	2	435	3	2	8	15	3	1	1	1	0.62627928	15	4938.8611	4939.0611	4939.0611	4939.2611	4939.6873
3	54	2	2	436	3	2	8	16	3	2	1	1	0.80298663	16	4941.0844	4941.6844	4941.6844	4941.8844	4942.4874
3	54	2	2	437	3	2	8	17	1	1	1	1	0.66957949	17	4943.7086	4943.9086	4943.9086	4944.1086	4944.5782
3	54	2	2	438	3	2	8	18	1	1	1	1	0.4681945	18	4945.9326	4946.1326	4946.1326	4946.3326	4946.6008
3	54	2	2	439	3	2	8	19	3	1	1	1	0.56301733	19	4948.1568	4948.3568	4948.3568	4948.5568	4948.9198
3	54	2	2	440	3	2	8	20	5	2	8	1	0.54662031	20	4950.381	4950.981	4950.981	4951.181	4951.5276
3	54	2	2	441	3	2	8	21	4	2	8	1	0.86650267	21	4953.0536	4953.6536	4953.6536	4953.8536	4954.5201
3	54	2	2	442	3	2	8	22	2	1	1	1	0.68363507	22	4955.6775	4955.8775	4955.8775	4956.0775	4956.5612
3	54	2	2	443	3	2	8	23	2	1	1	1	0.72814787	23	4957.9049	4958.105	4958.105	4958.305	4958.8331
3	54	2	2	444	3	2	8	24	2	2	1	1	1.1447635	24	4960.1289	4960.7289	4960.7289	4960.9289	4961.8737
3	54	2	2	445	3	2	8	25	1	1	1	1	0.48287819	25	4962.7527	4962.9527	4962.9527	4963.1527	4963.4356
3	54	2	2	446	3	2	8	26	1	2	1	1	0.60400003	26	4965.0615	4965.6615	4965.6615	4965.8615	4966.2655
3	54	2	2	447	3	2	8	27	2	1	1	1	0.49368851	27	4967.6855	4967.8855	4967.8855	4968.0855	4968.3792
3	54	2	2	448	3	2	8	28	6	1	8	1	0.59633408	28	4969.9094	4970.1094	4970.1094	4970.3094	4970.7058
3	54	2	2	449	3	2	8	29	3	1	1	1	0.81792198	29	4972.1338	4972.3338	4972.3339	4972.5339	4973.1518
3	54	2	2	450	3	2	8	30	4	2	8	1	0.73700616	30	4974.3591	4974.9591	4974.9591	4975.1591	4975.6961
3	54	2	2	451	3	6	8	1	6	1	7	1	1.6108463	1	5005.142	5005.342	5005.342	5005.542	5006.9528
3	54	2	2	452	3	6	8	2	4	2	5	1	1.1796188	2	5007.3667	5007.9667	5007.9667	5008.1667	5009.1463
3	54	2	2	453	3	6	8	3	1	2	2	1	0.87252914	3	5009.9936	5010.5936	5010.5936	5010.7936	5011.4661
3	54	2	2	454	3	6	8	4	2	1	3	1	1.7821126	4	5012.6178	5012.8178	5012.8178	5013.0178	5014.5999
3	54	2	2	455	3	6	8	5	2	1	3	1	0.63865412	5	5014.8443	5015.0443	5015.0443	5015.2443	5015.683
3	54	2	2	456	3	6	8	6	6	2	7	1	1.9968696	6	5017.0685	5017.6685	5017.6685	5017.8685	5019.6654
3	54	2	2	457	3	6	8	7	5	1	6	1	0.87222109	7	5019.6956	5019.8956	5019.8956	5020.0956	5020.7679
3	54	2	2	458	3	6	8	8	3	2	4	1	1.3795134	8	5021.9205	5022.5205	5022.5205	5022.7205	5023.9
3	54	2	2	459	3	6	8	9	6	2	7	1	1.194609	9	5024.5451	5025.1451	5025.1452	5025.3452	5026.3398
3	54	2	2	460	3	6	8	10	2	2	3	1	1.3839257	10	5027.1699	5027.7699	5027.7699	5027.9699	5029.1538
3	54	2	2	461	3	6	8	11	5	2	6	1	0.86246822	11	5029.795	5030.395	5030.395	5030.595	5031.2575
3	54	2	2	462	3	6	8	12	1	2	2	1	0.77623158	12	5032.4196	5033.0196	5033.0196	5033.2196	5033.7959
3	54	2	2	463	3	6	8	13	3	2	4	1	0.96903073	13	5035.0446	5035.6446	5035.6446	5035.8446	5036.6136
3	54	2	2	464	3	6	8	14	6	1	7	1	1.5956935	14	5037.6695	5037.8695	5037.8695	5038.0695	5039.4652
3	54	2	2	465	3	6	8	15	1	1	2	1	0.78687106	15	5039.8945	5040.0945	5040.0945	5040.2945	5040.8813
3	54	2	2	466	3	6	8	16	4	2	5	1	1.1829394	16	5042.1208	5042.7208	5042.7208	5042.9208	5043.9038
3	54	2	2	467	3	6	8	17	6	1	7	1	0.75071451	17	5044.7463	5044.9463	5044.9463	5045.1463	5045.697
3	54	2	2	468	3	6	8	18	3	1	4	1	1.0416202	18	5046.9757	5047.1757	5047.1757	5047.3757	5048.2174
3	54	2	2	469	3	6	8	19	2	1	3	1	1.8821545	19	5049.2011	5049.4011	5049.4011	5049.6011	5051.2833
3	54	2	2	470	3	6	8	20	2	2	3	1	0.6030245	20	5051.4282	5052.0283	5052.0283	5052.2283	5052.6313
3	54	2	2	471	3	6	8	21	3	2	4	1	1.5416191	21	5054.0532	5054.6532	5054.6532	5054.8532	5056.1948
3	54	2	2	472	3	6	8	22	4	1	5	1	1.3171003	22	5056.6782	5056.8782	5056.8783	5057.0783	5058.1954
3	54	2	2	473	3	6	8	23	1	1	2	1	1.5871241	23	5058.9035	5059.1036	5059.1036	5059.3036	5060.6907
3	54	2	2	474	3	6	8	24	1	2	2	1	0.61116223	24	5061.1548	5061.7548	5061.7548	5061.9548	5062.3659
3	54	2	2	475	3	6	8	25	4	1	5	1	1.5150754	25	5063.7799	5063.9799	5063.9799	5064.1799	5065.4949
3	54	2	2	476	3	6	8	26	5	2	6	1	1.9998147	26	5066.0055	5066.6055	5066.6055	5066.8055	5068.6053
3	54	2	2	477	3	6	8	27	3	1	4	1	1.5521386	27	5068.6333	5068.8333	5068.8333	5069.0333	5070.3855
3	54	2	2	478	3	6	8	28	5	1	6	1	0.88311641	28	5070.8643	5071.0643	5071.0643	5071.2643	5071.9474
3	54	2	2	479	3	6	8	29	4	1	5	1	0.5665553	29	5073.1707	5073.3707	5073.3707	5073.5707	5073.9372
3	54	2	2	480	3	6	8	30	5	2	6	1	0.7933032	30	5075.4015	5076.0015	5076.0015	5076.2015	5076.7948
3	54	2	2	481	3	2	9	1	4	1	8	1	0.61477817	1	5106.0933	5106.2933	5106.2933	5106.4933	5106.9081
3	54	2	2	482	3	2	9	2	3	2	1	1	0.48033542	2	5108.3188	5108.9188	5108.9188	5109.1188	5109.3992
3	54	2	2	483	3	2	9	3	6	2	8	1	0.47961963	3	5110.9448	5111.5448	5111.5448	5111.7448	5112.0245
3	54	2	2	484	3	2	9	4	1	1	1	1	0.45559836	4	5113.5702	5113.7702	5113.7702	5113.9702	5114.2258
3	54	2	2	485	3	2	9	5	5	1	8	1	0.53962722	5	5115.7961	5115.9961	5115.9961	5116.1961	5116.5358
3	54	2	2	486	3	2	9	6	5	2	8	1	0.58863942	6	5118.0219	5118.6219	5118.6219	5118.8219	5119.2105
3	54	2	2	487	3	2	9	7	3	1	1	1	0.74000548	7	5120.6477	5120.8477	5120.8477	5121.0477	5121.5877
3	54	2	2	488	3	2	9	8	5	2	8	1	0.38427124	8	5122.8738	5123.4738	5123.4738	5123.6738	5123.8581
3	54	2	2	489	3	2	9	9	6	2	8	1	0.44010034	9	5125.4992	5126.0992	5126.0992	5126.2992	5126.5393
3	54	2	2	490	3	2	9	10	4	2	8	1	0.52340547	10	5128.1255	5128.7255	5128.7255	5128.9255	5129.2489
3	54	2	2	491	3	2	9	11	6	2	8	1	0.53189019	11	5130.7518	5131.3518	5131.3518	5131.5518	5131.8837
3	54	2	2	492	3	2	9	12	1	2	1	1	0.59763356	12	5133.3808	5133.9808	5133.9808	5134.1808	5134.5785
3	54	2	2	493	3	2	9	13	4	2	8	1	0.59182271	13	5136.0082	5136.6082	5136.6082	5136.8082	5137.2
3	54	2	2	494	3	2	9	14	1	1	1	1	0.54991644	14	5138.6343	5138.8343	5138.8343	5139.0343	5139.3842
3	54	2	2	495	3	2	9	15	3	1	1	1	0.60724824	15	5140.8602	5141.0602	5141.0602	5141.2602	5141.6675
3	54	2	2	496	3	2	9	16	2	2	1	1	0.47650266	16	5143.0872	5143.6872	5143.6872	5143.8872	5144.1637
3	54	2	2	497	3	2	9	17	5	1	8	1	0.84247805	17	5145.7133	5145.9133	5145.9133	5146.1133	5146.7558
3	54	2	2	498	3	2	9	18	4	1	8	1	0.75843564	18	5147.9398	5148.1398	5148.1398	5148.3398	5148.8982
3	54	2	2	499	3	2	9	19	4	1	8	1	0.58804987	19	5150.1666	5150.3666	5150.3666	5150.5666	5150.9546
3	54	2	2	500	3	2	9	20	2	2	1	1	0.68576646	20	5152.3933	5152.9933	5152.9933	5153.1933	5153.679
3	54	2	2	501	3	2	9	21	6	2	8	1	0.60518921	21	5155.02	5155.6201	5155.6201	5155.8201	5156.2252
3	54	2	2	502	3	2	9	22	1	1	1	1	0.84518369	22	5157.6467	5157.8468	5157.8468	5158.0468	5158.6919
3	54	2	2	503	3	2	9	23	3	1	1	1	0.91270616	23	5159.8721	5160.0721	5160.0721	5160.2721	5160.9848
3	54	2	2	504	3	2	9	24	1	2	1	1	0.42709742	24	5162.0983	5162.6983	5162.6983	5162.8983	5163.1254
3	54	2	2	505	3	2	9	25	2	1	1	1	0.49218583	25	5164.7263	5164.9263	5164.9263	5165.1263	5165.4185
3	54	2	2	506	3	2	9	26	6	2	8	1	0.56111644	26	5166.9524	5167.5525	5167.5525	5167.7525	5168.1136
3	54	2	2	507	3	2	9	27	5	1	8	1	0.74521112	27	5169.5785	5169.7785	5169.7785	5169.9785	5170.5237
3	54	2	2	508	3	2	9	28	3	1	1	1	0.69293066	28	5171.805	5172.0051	5172.0051	5172.2051	5172.698
3	54	2	2	509	3	2	9	29	2	1	1	1	0.78481346	29	5174.0325	5174.2325	5174.2325	5174.4325	5175.0173
3	54	2	2	510	3	2	9	30	2	2	1	1	0.49377226	30	5176.2593	5176.8593	5176.8593	5177.0593	5177.3531
3	54	2	2	511	3	6	9	1	2	1	3	1	0.97830858	1	5206.9521	5207.1521	5207.1521	5207.3521	5208.1304
3	54	2	2	512	3	6	9	2	3	2	4	1	0.76408912	2	5209.1797	5209.7797	5209.7797	5209.9797	5210.5438
3	54	2	2	513	3	6	9	3	5	2	6	1	1.2988946	3	5211.8043	5212.4043	5212.4043	5212.6043	5213.7032
3	54	2	2	514	3	6	9	4	4	1	5	1	0.83407807	4	5214.4312	5214.6312	5214.6312	5214.8312	5215.4653
3	54	2	2	515	3	6	9	5	6	1	7	1	0.95191691	5	5216.6585	5216.8585	5216.8585	5217.0585	5217.8104
3	54	2	2	516	3	6	9	6	4	2	5	1	0.81137678	6	5218.8857	5219.4857	5219.4857	5219.6857	5220.2971
3	54	2	2	517	3	6	9	7	6	1	7	1	1.3901433	7	5221.5127	5221.7127	5221.7127	5221.9127	5223.1028
3	54	2	2	518	3	6	9	8	5	2	6	1	1.0600286	8	5223.7434	5224.3434	5224.3434	5224.5434	5225.4035
3	54	2	2	519	3	6	9	9	1	2	2	1	0.79691383	9	5226.3718	5226.9718	5226.9718	5227.1718	5227.7687
3	54	2	2	520	3	6	9	10	2	2	3	1	1.046927	10	5228.9987	5229.5987	5229.5987	5229.7987	5230.6457
3	54	2	2	521	3	6	9	11	6	2	7	1	0.74707597	11	5231.6295	5232.2295	5232.2295	5232.4295	5232.9766
3	54	2	2	522	3	6	9	12	2	2	3	1	1.3196097	12	5234.2572	5234.8572	5234.8572	5235.0572	5236.1768
3	54	2	2	523	3	6	9	13	6	2	7	1	0.8531253	13	5236.8842	5237.4842	5237.4842	5237.6842	5238.3374
3	54	2	2	524	3	6	9	14	2	1	3	1	0.76780997	14	5239.5119	5239.7119	5239.7119	5239.9119	5240.4797
3	54	2	2	525	3	6	9	15	1	1	2	1	0.76638519	15	5241.7392	5241.9392	5241.9392	5242.1393	5242.7056
3	54	2	2	526	3	6	9	16	5	2	6	1	0.75401995	16	5243.967	5244.567	5244.567	5244.767	5245.321
3	54	2	2	527	3	6	9	17	3	1	4	1	0.97427174	17	5246.5949	5246.7949	5246.7949	5246.995	5247.7692
3	54	2	2	528	3	6	9	18	2	1	3	1	1.3052966	18	5248.822	5249.022	5249.022	5249.222	5250.3273
3	54	2	2	529	3	6	9	19	1	1	2	1	0.87064654	19	5251.0497	5251.2497	5251.2497	5251.4497	5252.1203
3	54	2	2	530	3	6	9	20	4	2	5	1	1.0483197	20	5253.3381	5253.9381	5253.9381	5254.1381	5254.9864
3	54	2	2	531	3	6	9	21	4	2	5	1	0.58045073	21	5255.9656	5256.5656	5256.5656	5256.7656	5257.146
3	54	2	2	532	3	6	9	22	4	1	5	1	0.55834284	22	5258.5938	5258.7938	5258.7938	5258.9938	5259.3522
3	54	2	2	533	3	6	9	23	3	1	4	1	1.0517245	23	5260.8215	5261.0215	5261.0215	5261.2215	5262.0732
3	54	2	2	534	3	6	9	24	3	2	4	1	0.6712439	24	5263.0503	5263.6503	5263.6503	5263.8503	5264.3215
3	54	2	2	535	3	6	9	25	1	1	2	1	1.0810376	25	5265.6783	5265.8783	5265.8783	5266.0783	5266.9593
3	54	2	2	536	3	6	9	26	5	2	6	1	0.9900076	26	5267.907	5268.507	5268.507	5268.707	5269.497
3	54	2	2	537	3	6	9	27	1	1	2	1	0.7768673	27	5270.5344	5270.7344	5270.7344	5270.9344	5271.5113
3	54	2	2	538	3	6	9	28	6	1	7	1	0.7915011	28	5272.7624	5272.9624	5272.9624	5273.1624	5273.7539
3	54	2	2	539	3	6	9	29	3	1	4	1	0.87508105	29	5274.9905	5275.1905	5275.1905	5275.3905	5276.0656
3	54	2	2	540	3	6	9	30	5	2	6	1	0.93609526	30	5277.2198	5277.8198	5277.8198	5278.0198	5278.7559
3	54	2	2	541	4	2	10	1	3	1	1	1	0.72222032	1	5838.4552	5838.6552	5838.6552	5838.8552	5839.3774
3	54	2	2	542	4	2	10	2	3	2	1	1	0.50079163	2	5840.6838	5841.2838	5841.2838	5841.4838	5841.7846
3	54	2	2	543	4	2	10	3	5	2	8	1	0.47050143	3	5843.3125	5843.9125	5843.9125	5844.1125	5844.383
3	54	2	2	544	4	2	10	4	4	1	8	1	0.55424859	4	5845.9416	5846.1416	5846.1416	5846.3416	5846.6959
3	54	2	2	545	4	2	10	5	6	1	8	1	0.44730655	5	5848.1706	5848.3706	5848.3706	5848.5706	5848.8179
3	54	2	2	546	4	2	10	6	2	2	1	1	0.29970527	6	5850.3987	5850.9987	5850.9987	5851.1987	5851.2984
3	54	2	2	547	4	2	10	7	4	1	8	1	0.67290711	7	5853.0268	5853.2268	5853.2268	5853.4268	5853.8997
3	54	2	2	548	4	2	10	8	1	2	1	1	1.2594489	8	5855.2552	5855.8552	5855.8552	5856.0552	5857.1147
3	54	2	2	549	4	2	10	9	6	2	8	1	0.49989782	9	5857.8833	5858.4833	5858.4833	5858.6833	5858.9832
3	54	2	2	550	4	2	10	10	1	2	1	1	0.75247079	10	5860.5119	5861.1119	5861.1119	5861.3119	5861.8644
3	54	2	2	551	4	2	10	11	6	2	8	1	0.3807487	11	5863.1406	5863.7406	5863.7406	5863.9406	5864.1214
3	54	2	2	552	4	2	10	12	6	2	8	1	0.52691637	12	5865.7696	5866.3696	5866.3696	5866.5696	5866.8965
3	54	2	2	553	4	2	10	13	5	2	8	1	0.49902755	13	5868.398	5868.998	5868.9981	5869.1981	5869.4971
3	54	2	2	554	4	2	10	14	1	1	1	1	0.50043349	14	5871.029	5871.229	5871.229	5871.429	5871.7295
3	54	2	2	555	4	2	10	15	2	1	1	1	0.59805299	15	5873.2583	5873.4583	5873.4583	5873.6584	5874.0564
3	54	2	2	556	4	2	10	16	5	2	8	1	0.48683008	16	5875.4977	5876.0978	5876.0978	5876.2978	5876.5846
3	54	2	2	557	4	2	10	17	4	1	8	1	0.47615563	17	5878.1268	5878.3268	5878.3268	5878.5268	5878.803
3	54	2	2	558	4	2	10	18	3	1	1	1	0.43668787	18	5880.3558	5880.5558	5880.5558	5880.7558	5880.9925
3	54	2	2	559	4	2	10	19	2	1	1	1	0.91354204	19	5882.5848	5882.7848	5882.7848	5882.9848	5883.6984
3	54	2	2	560	4	2	10	20	3	2	1	1	0.51750635	20	5884.8146	5885.4146	5885.4146	5885.6146	5885.9321
3	54	2	2	561	4	2	10	21	4	2	8	1	0.60120857	21	5887.4641	5888.0641	5888.0641	5888.2641	5888.6653
3	54	2	2	562	4	2	10	22	1	1	1	1	0.73026834	22	5890.0934	5890.2934	5890.2934	5890.4934	5891.0237
3	54	2	2	563	4	2	10	23	2	1	1	1	0.52481106	23	5892.3231	5892.5231	5892.5231	5892.7231	5893.0479
3	54	2	2	564	4	2	10	24	5	2	8	1	0.49651984	24	5894.5522	5895.1522	5895.1522	5895.3522	5895.6488
3	54	2	2	565	4	2	10	25	1	1	1	1	0.53124811	25	5897.1817	5897.3817	5897.3817	5897.5817	5897.9129
3	54	2	2	566	4	2	10	26	4	2	8	1	0.51533922	26	5899.4803	5900.0803	5900.0803	5900.2803	5900.5956
3	54	2	2	567	4	2	10	27	3	1	1	1	0.55407803	27	5902.1092	5902.3092	5902.3092	5902.5093	5902.8633
3	54	2	2	568	4	2	10	28	5	1	8	1	0.8223044	28	5904.339	5904.5391	5904.5391	5904.7391	5905.3614
3	54	2	2	569	4	2	10	29	6	1	8	1	0.60440627	29	5906.5684	5906.7684	5906.7684	5906.9684	5907.3728
3	54	2	2	570	4	2	10	30	2	2	1	1	0.53983589	30	5908.7979	5909.3979	5909.3979	5909.5979	5909.9377
3	54	2	2	571	4	6	10	1	1	1	2	1	0.69416495	1	5939.5561	5939.7561	5939.7561	5939.9561	5940.4502
3	54	2	2	572	4	6	10	2	6	2	7	1	0.86261508	2	5941.789	5942.389	5942.389	5942.589	5943.2516
3	54	2	2	573	4	6	10	3	3	2	4	1	0.74075534	3	5944.4222	5945.0222	5945.0222	5945.2223	5945.763
3	54	2	2	574	4	6	10	4	1	1	2	1	0.74845001	4	5947.0512	5947.2512	5947.2512	5947.4512	5947.9997
3	54	2	2	575	4	6	10	5	3	1	4	1	0.61611088	5	5949.2809	5949.4809	5949.4809	5949.6809	5950.097
3	54	2	2	576	4	6	10	6	6	2	7	1	0.74494439	6	5951.5101	5952.1101	5952.1101	5952.3101	5952.855
3	54	2	2	577	4	6	10	7	5	1	6	1	1.7823196	7	5954.1393	5954.3393	5954.3393	5954.5393	5956.1216
3	54	2	2	578	4	6	10	8	4	2	5	1	1.0003394	8	5956.3716	5956.9716	5956.9716	5957.1716	5957.972
3	54	2	2	579	4	6	10	9	1	2	2	1	0.91005415	9	5959.0018	5959.6018	5959.6018	5959.8018	5960.5119
3	54	2	2	580	4	6	10	10	2	2	3	1	0.98393021	10	5961.6315	5962.2315	5962.2315	5962.4315	5963.2154
3	54	2	2	581	4	6	10	11	6	2	7	1	0.93273885	11	5964.2612	5964.8612	5964.8612	5965.0612	5965.7939
3	54	2	2	582	4	6	10	12	3	2	4	1	0.93044226	12	5966.8912	5967.4912	5967.4912	5967.6912	5968.4216
3	54	2	2	583	4	6	10	13	3	2	4	1	0.6585886	13	5969.5207	5970.1207	5970.1207	5970.3207	5970.7793
3	54	2	2	584	4	6	10	14	5	1	6	1	1.5877244	14	5972.1502	5972.3502	5972.3502	5972.5502	5973.9379
3	54	2	2	585	4	6	10	15	4	1	5	1	0.94945563	15	5974.381	5974.581	5974.581	5974.781	5975.5304
3	54	2	2	586	4	6	10	16	4	2	5	1	0.49851787	16	5976.6164	5977.2164	5977.2164	5977.4164	5977.7149
3	54	2	2	587	4	6	10	17	2	1	3	1	1.4274652	17	5979.2466	5979.4466	5979.4466	5979.6466	5980.874
3	54	2	2	588	4	6	10	18	5	1	6	1	0.58179103	18	5981.477	5981.677	5981.677	5981.877	5982.2588
3	54	2	2	589	4	6	10	19	6	1	7	1	0.82430196	19	5983.7065	5983.9065	5983.9065	5984.1065	5984.7308
3	54	2	2	590	4	6	10	20	5	2	6	1	1.1510999	20	5985.94	5986.54	5986.5401	5986.7401	5987.6912
3	54	2	2	591	4	6	10	21	2	2	3	1	1.1670901	21	5988.5708	5989.1708	5989.1708	5989.3708	5990.3379
3	54	2	2	592	4	6	10	22	2	1	3	1	0.64860668	22	5991.2014	5991.4014	5991.4014	5991.6014	5992.05
3	54	2	2	593	4	6	10	23	1	1	2	1	0.9655888	23	5993.4334	5993.6334	5993.6334	5993.8334	5994.5989
3	54	2	2	594	4	6	10	24	3	2	4	1	1.0655276	24	5995.6654	5996.2655	5996.2655	5996.4655	5997.331
3	54	2	2	595	4	6	10	25	4	1	5	1	1.9764035	25	5998.2958	5998.4958	5998.4958	5998.6958	6000.4722
3	54	2	2	596	4	6	10	26	2	2	6	0	1.2449555	25	6000.5262	6001.1262	6001.1262	6001.3262	6002.3712
3	54	2	2	597	4	6	10	27	1	1	4	0	1.997393	25	6003.1561	6003.3561	6003.3561	6003.5561	6005.3535
3	54	2	2	598	4	6	10	28	4	1	5	1	1.3101707	26	6005.3876	6005.5876	6005.5876	6005.7876	6006.8978
3	54	2	2	599	4	6	10	29	5	1	6	1	0.98154838	27	6007.6179	6007.8179	6007.8179	6008.0179	6008.7995
3	54	2	2	600	4	6	10	30	6	2	7	1	0.83331389	28	6009.8485	6010.4486	6010.4486	6010.6486	6011.2819
3	54	2	2	601	4	2	11	1	3	1	1	1	0.83839976	1	6040.547	6040.747	6040.747	6040.947	6041.5854
3	54	2	2	602	4	2	11	2	5	2	8	1	0.5580289	2	6042.7816	6043.3816	6043.3816	6043.5816	6043.9396
3	54	2	2	603	4	2	11	3	4	2	8	1	0.59613133	3	6045.4122	6046.0122	6046.0122	6046.2123	6046.6084
3	54	2	2	604	4	2	11	4	1	1	1	1	0.52697631	4	6048.0425	6048.2425	6048.2425	6048.4425	6048.7695
3	54	2	2	605	4	2	11	5	2	1	1	1	0.48133621	5	6050.2738	6050.4738	6050.4738	6050.6738	6050.9551
3	54	2	2	606	4	2	11	6	1	2	1	1	0.48916199	6	6052.5061	6053.1061	6053.1061	6053.3061	6053.5953
3	54	2	2	607	4	2	11	7	3	1	1	1	0.47882878	7	6055.1377	6055.3377	6055.3377	6055.5377	6055.8165
3	54	2	2	608	4	2	11	8	6	2	8	1	0.43393349	8	6057.3693	6057.9693	6057.9693	6058.1693	6058.4032
3	54	2	2	609	4	2	11	9	2	2	1	1	0.47473733	9	6060.001	6060.601	6060.601	6060.801	6061.0757
3	54	2	2	610	4	2	11	10	4	2	8	1	0.42710986	10	6062.6316	6063.2316	6063.2316	6063.4316	6063.6588
3	54	2	2	611	4	2	11	11	5	2	8	1	0.48139596	11	6065.2637	6065.8637	6065.8637	6066.0637	6066.3451
3	54	2	2	612	4	2	11	12	1	2	1	1	0.38495824	12	6067.8948	6068.4948	6068.4948	6068.6948	6068.8798
3	54	2	2	613	4	2	11	13	6	2	8	1	0.3790115	13	6070.5277	6071.1277	6071.1277	6071.3277	6071.5067
3	54	2	2	614	4	2	11	14	5	1	8	1	0.62668296	14	6073.1576	6073.3576	6073.3576	6073.5576	6073.9843
3	54	2	2	615	4	2	11	15	2	1	1	1	0.87374782	15	6075.3912	6075.5912	6075.5912	6075.7912	6076.4649
3	54	2	2	616	4	2	11	16	1	2	1	1	0.56868506	16	6077.6226	6078.2226	6078.2226	6078.4226	6078.7913
3	54	2	2	617	4	2	11	17	4	1	8	1	0.5177734	17	6080.2536	6080.4536	6080.4536	6080.6536	6080.9714
3	54	2	2	618	4	2	11	18	2	1	1	1	0.41427953	18	6082.485	6082.685	6082.685	6082.8851	6083.0993
3	54	2	2	619	4	2	11	19	3	1	1	1	0.62509826	19	6084.7158	6084.9158	6084.9158	6085.1158	6085.5409
3	54	2	2	620	4	2	11	20	4	2	8	1	0.53580129	20	6086.9475	6087.5475	6087.5475	6087.7475	6088.0833
3	54	2	2	621	4	2	11	21	5	2	8	1	0.69765855	21	6089.5784	6090.1784	6090.1784	6090.3784	6090.876
3	54	2	2	622	4	2	11	22	2	1	1	1	0.54935901	22	6092.2109	6092.4109	6092.4109	6092.6109	6092.9603
3	54	2	2	623	4	2	11	23	6	1	8	1	0.6516353	23	6095.3749	6095.5749	6095.5749	6095.7749	6096.2265
3	54	2	2	624	4	2	11	24	1	2	1	1	0.66689162	24	6097.6768	6098.2768	6098.2768	6098.4768	6098.9437
3	54	2	2	625	4	2	11	25	5	1	8	1	0.48158449	25	6100.5221	6100.7221	6100.7221	6100.9221	6101.2037
3	54	2	2	626	4	2	11	26	3	2	1	1	1.071315	26	6102.7538	6103.3538	6103.3538	6103.5538	6104.4251
3	54	2	2	627	4	2	11	27	6	1	8	1	0.53540289	27	6105.3854	6105.5854	6105.5854	6105.7854	6106.1208
3	54	2	2	628	4	2	11	28	4	1	8	1	0.5736184	28	6107.6207	6107.8207	6107.8207	6108.0208	6108.3944
3	54	2	2	629	4	2	11	29	3	1	1	1	0.45915622	29	6109.8523	6110.0523	6110.0523	6110.2523	6110.5115
3	54	2	2	630	4	2	11	30	6	2	8	1	0.56595614	30	6112.0846	6112.6846	6112.6846	6112.8846	6113.2505
3	54	2	2	631	4	6	11	1	5	1	6	1	1.2634018	1	6142.7786	6142.9786	6142.9786	6143.1786	6144.242
3	54	2	2	632	4	6	11	2	2	2	3	1	0.84539942	2	6145.0103	6145.6103	6145.6104	6145.8104	6146.4558
3	54	2	2	633	4	6	11	3	5	2	6	1	0.63139854	3	6147.6439	6148.2439	6148.2439	6148.4439	6148.8753
3	54	2	2	634	4	6	11	4	6	1	7	1	0.65223514	4	6150.2763	6150.4763	6150.4763	6150.6763	6151.1285
3	54	2	2	635	4	6	11	5	3	1	4	1	0.7916316	5	6152.5127	6152.7127	6152.7127	6152.9127	6153.5044
3	54	2	2	636	4	6	11	6	4	2	5	1	0.73412352	6	6154.7449	6155.3449	6155.3449	6155.5449	6156.079
3	54	2	2	637	4	6	11	7	4	1	5	1	0.48749471	7	6157.3839	6157.584	6157.584	6157.784	6158.0715
3	54	2	2	638	4	6	11	8	3	2	4	1	0.71181344	8	6159.6178	6160.2178	6160.2178	6160.4178	6160.9296
3	54	2	2	639	4	6	11	9	3	2	4	1	0.59870771	9	6162.25	6162.85	6162.85	6163.05	6163.4487
3	54	2	2	640	4	6	11	10	5	2	6	1	0.97093345	10	6164.886	6165.4861	6165.4861	6165.6861	6166.457
3	54	2	2	641	4	6	11	11	2	2	3	1	0.55783579	11	6167.5178	6168.1178	6168.1178	6168.3178	6168.6756
3	54	2	2	642	4	6	11	12	6	2	7	1	0.83805398	12	6170.1499	6170.7499	6170.7499	6170.9499	6171.5879
3	54	2	2	643	4	6	11	13	3	2	4	1	1.0037523	13	6172.7824	6173.3824	6173.3824	6173.5824	6174.3862
3	54	2	2	644	4	6	11	14	1	1	2	1	1.036403	14	6175.4153	6175.6153	6175.6153	6175.8153	6176.6517
3	54	2	2	645	4	6	11	15	1	1	2	1	0.60249498	15	6177.6473	6177.8473	6177.8473	6178.0473	6178.4498
3	54	2	2	646	4	6	11	16	1	2	2	1	0.59608327	16	6179.8797	6180.4797	6180.4797	6180.6797	6181.0758
3	54	2	2	647	4	6	11	17	1	1	2	1	0.49039108	17	6182.5125	6182.7125	6182.7125	6182.9125	6183.2029
3	54	2	2	648	4	6	11	18	1	1	2	1	0.52762931	18	6184.7634	6184.9634	6184.9634	6185.1634	6185.491
3	54	2	2	649	4	6	11	19	3	1	4	1	0.81315961	19	6186.9963	6187.1963	6187.1963	6187.3963	6188.0095
3	54	2	2	650	4	6	11	20	5	2	6	1	0.81294475	20	6189.2289	6189.8289	6189.8289	6190.0289	6190.6418
3	54	2	2	651	4	6	11	21	6	2	7	1	0.722356	21	6191.8654	6192.4654	6192.4654	6192.6654	6193.1878
3	54	2	2	652	4	6	11	22	4	1	5	1	0.93216426	22	6194.5019	6194.7019	6194.7019	6194.9019	6195.6341
3	54	2	2	653	4	6	11	23	5	1	6	1	0.90776819	23	6196.7742	6196.9742	6196.9742	6197.1742	6197.882
3	54	2	2	654	4	6	11	24	4	2	5	1	1.339713	24	6199.0073	6199.6073	6199.6073	6199.8073	6200.947
3	54	2	2	655	4	6	11	25	6	1	7	1	1.2854535	25	6201.6444	6201.8445	6201.8445	6202.0445	6203.1299
3	54	2	2	656	4	6	11	26	6	2	7	1	0.6412841	26	6203.8812	6204.4812	6204.4812	6204.6812	6205.1225
3	54	2	2	657	4	6	11	27	4	1	5	1	0.8020309	27	6206.5138	6206.7138	6206.7138	6206.9138	6207.5158
3	54	2	2	658	4	6	11	28	2	1	3	1	1.0899903	28	6208.79	6208.99	6208.99	6209.19	6210.08
3	54	2	2	659	4	6	11	29	2	1	3	1	0.57662349	29	6211.0237	6211.2237	6211.2237	6211.4237	6211.8004
3	54	2	2	660	4	6	11	30	2	2	3	1	0.51819298	30	6213.2568	6213.8568	6213.8568	6214.0568	6214.375
3	54	2	2	661	4	2	12	1	4	1	8	1	0.74512616	1	6243.9683	6244.1683	6244.1683	6244.3683	6244.9134
3	54	2	2	662	4	2	12	2	5	2	8	1	0.4952377	2	6246.2015	6246.8015	6246.8015	6247.0015	6247.2967
3	54	2	2	663	4	2	12	3	6	2	8	1	0.54134685	3	6248.8347	6249.4347	6249.4347	6249.6347	6249.976
3	54	2	2	664	4	2	12	4	6	1	8	1	0.46022341	4	6251.4682	6251.6682	6251.6682	6251.8682	6252.1284
3	54	2	2	665	4	2	12	5	3	1	1	1	0.54789096	5	6253.7021	6253.9021	6253.9021	6254.1021	6254.45
3	54	2	2	666	4	2	12	6	4	2	8	1	0.52872001	6	6255.9351	6256.5351	6256.5352	6256.7352	6257.0639
3	54	2	2	667	4	2	12	7	1	1	1	1	1.2328896	7	6258.5686	6258.7687	6258.7687	6258.9687	6260.0016
3	54	2	2	668	4	2	12	8	5	2	8	1	0.50925115	8	6260.8022	6261.4022	6261.4022	6261.6022	6261.9114
3	54	2	2	669	4	2	12	9	1	2	1	1	0.53234228	9	6263.4357	6264.0357	6264.0357	6264.2357	6264.568
3	54	2	2	670	4	2	12	10	4	2	8	1	0.50963368	10	6266.07	6266.67	6266.67	6266.87	6267.1796
3	54	2	2	671	4	2	12	11	6	2	8	1	0.61639369	11	6268.7038	6269.3038	6269.3038	6269.5038	6269.9202
3	54	2	2	672	4	2	12	12	1	2	1	1	0.75343243	12	6271.3374	6271.9374	6271.9374	6272.1374	6272.6908
3	54	2	2	673	4	2	12	13	5	2	8	1	0.59040837	13	6273.9722	6274.5722	6274.5722	6274.7722	6275.1626
3	54	2	2	674	4	2	12	14	6	1	8	1	0.56275768	14	6276.606	6276.806	6276.806	6277.006	6277.3688
3	54	2	2	675	4	2	12	15	5	1	8	1	0.56013176	15	6278.8393	6279.0393	6279.0393	6279.2393	6279.5994
3	54	2	2	676	4	2	12	16	4	2	8	1	0.58073928	16	6281.0761	6281.6761	6281.6761	6281.8761	6282.2568
3	54	2	2	677	4	2	12	17	3	1	1	1	0.59656808	17	6283.7101	6283.9101	6283.9101	6284.1101	6284.5067
3	54	2	2	678	4	2	12	18	1	1	1	1	0.59373159	18	6285.9438	6286.1438	6286.1438	6286.3439	6286.7376
3	54	2	2	679	4	2	12	19	3	1	1	1	0.47766961	19	6288.1778	6288.3778	6288.3778	6288.5778	6288.8554
3	54	2	2	680	4	2	12	20	2	2	1	1	0.49122629	20	6290.4131	6291.0131	6291.0131	6291.2131	6291.5043
3	54	2	2	681	4	2	12	21	6	2	8	1	0.60891044	21	6293.0489	6293.6489	6293.6489	6293.8489	6294.2578
3	54	2	2	682	4	2	12	22	4	1	8	1	0.63351517	22	6295.684	6295.884	6295.884	6296.084	6296.5175
3	54	2	2	683	4	2	12	23	3	1	1	1	0.89810061	23	6297.9178	6298.1178	6298.1178	6298.3178	6299.0159
3	54	2	2	684	4	2	12	24	3	2	1	1	0.57786239	24	6300.1525	6300.7525	6300.7525	6300.9525	6301.3303
3	54	2	2	685	4	2	12	25	2	1	1	1	0.63300404	25	6302.7867	6302.9867	6302.9867	6303.1867	6303.6197
3	54	2	2	686	4	2	12	26	2	2	1	1	0.67632106	26	6305.0217	6305.6217	6305.6217	6305.8217	6306.298
3	54	2	2	687	4	2	12	27	2	1	1	1	0.53583733	27	6307.6556	6307.8556	6307.8556	6308.0556	6308.3915
3	54	2	2	688	4	2	12	28	2	1	1	1	0.52740767	28	6309.8898	6310.0898	6310.0898	6310.2898	6310.6172
3	54	2	2	689	4	2	12	29	5	1	8	1	0.51822224	29	6312.1239	6312.324	6312.324	6312.524	6312.8422
3	54	2	2	690	4	2	12	30	1	2	1	1	0.39651642	30	6314.3577	6314.9577	6314.9577	6315.1577	6315.3543
3	54	2	2	691	4	6	12	1	4	1	5	1	0.87163795	1	6345.0587	6345.2587	6345.2587	6345.4587	6346.1303
3	54	2	2	692	4	6	12	2	5	2	6	1	0.82576166	2	6347.2934	6347.8934	6347.8934	6348.0934	6348.7192
3	54	2	2	693	4	6	12	3	1	2	2	1	0.76763326	3	6349.9429	6350.5429	6350.5429	6350.7429	6351.3106
3	54	2	2	694	4	6	12	4	6	1	7	1	0.84840022	4	6352.5773	6352.7773	6352.7773	6352.9773	6353.6257
3	54	2	2	695	4	6	12	5	3	1	4	1	0.67271552	5	6354.8165	6355.0165	6355.0165	6355.2165	6355.6892
3	54	2	2	696	4	6	12	6	3	2	4	1	0.6859959	6	6357.0521	6357.6521	6357.6521	6357.8521	6358.3381
3	54	2	2	697	4	6	12	7	4	1	5	1	0.86622843	7	6359.6876	6359.8876	6359.8876	6360.0876	6360.7538
3	54	2	2	698	4	6	12	8	3	2	4	1	0.99009826	8	6361.9564	6362.5564	6362.5564	6362.7564	6363.5465
3	54	2	2	699	4	6	12	9	5	2	6	1	1.0580028	9	6364.592	6365.192	6365.192	6365.392	6366.25
3	54	2	2	700	4	6	12	10	6	2	7	1	1.0163368	10	6367.2268	6367.8268	6367.8268	6368.0269	6368.8432
3	54	2	2	701	4	6	12	11	4	2	5	1	1.5726409	11	6369.8614	6370.4614	6370.4614	6370.6614	6372.0341
3	54	2	2	702	4	6	12	12	6	2	7	1	0.70441098	12	6372.4966	6373.0966	6373.0966	6373.2966	6373.801
3	54	2	2	703	4	6	12	13	6	2	7	1	0.74246861	13	6375.1314	6375.7314	6375.7314	6375.9314	6376.4738
3	54	2	2	704	4	6	12	14	5	1	6	1	1.0589417	14	6377.7661	6377.9661	6377.9661	6378.1661	6379.025
3	54	2	2	705	4	6	12	15	4	1	5	1	1.7863566	15	6380.0015	6380.2015	6380.2015	6380.4015	6381.9878
3	54	2	2	706	4	6	12	16	2	2	3	1	0.76996103	16	6382.2369	6382.8369	6382.8369	6383.0369	6383.6069
3	54	2	2	707	4	6	12	17	5	1	6	1	0.76759541	17	6384.872	6385.072	6385.072	6385.2721	6385.8396
3	54	2	2	708	4	6	12	18	6	1	7	1	0.85161104	18	6387.1081	6387.3081	6387.3081	6387.5081	6388.1597
3	54	2	2	709	4	6	12	19	1	1	2	1	0.80892296	19	6389.3469	6389.5469	6389.5469	6389.7469	6390.3558
3	54	2	2	710	4	6	12	20	2	2	6	0	0.93499787	19	6391.5882	6392.1882	6392.1882	6392.3883	6393.1232
3	54	2	2	711	4	6	12	21	3	2	4	1	0.97124565	20	6394.2242	6394.8242	6394.8242	6395.0243	6395.7955
3	54	2	2	712	4	6	12	22	1	1	2	1	1.0316213	21	6396.8597	6397.0597	6397.0597	6397.2597	6398.0913
3	54	2	2	713	4	6	12	23	2	1	3	1	0.76413077	22	6399.0958	6399.2958	6399.2958	6399.4958	6400.0599
3	54	2	2	714	4	6	12	24	1	2	2	1	0.74027883	23	6401.3318	6401.9318	6401.9318	6402.1319	6402.6721
3	54	2	2	715	4	6	12	25	5	1	6	1	0.75078632	24	6404.0009	6404.2009	6404.2009	6404.4009	6404.9517
3	54	2	2	716	4	6	12	26	2	2	3	1	0.94941015	25	6406.236	6406.836	6406.836	6407.036	6407.7854
3	54	2	2	717	4	6	12	27	4	1	5	1	1.0599137	26	6408.8716	6409.0717	6409.0717	6409.2717	6410.1316
3	54	2	2	718	4	6	12	28	1	1	2	1	1.1260669	27	6411.1067	6411.3068	6411.3068	6411.5068	6412.4328
3	54	2	2	719	4	6	12	29	2	1	3	1	1.3727852	28	6413.3424	6413.5424	6413.5424	6413.7424	6414.9152
3	54	2	2	720	4	6	12	30	3	2	4	1	0.81034622	29	6415.5786	6416.1786	6416.1786	6416.3786	6416.9889
